-0.403546
0.082064
-0.314920
0.882443
-0.181188
0.952269
-0.434675
-0.333903
0.248817
0.973754
-0.555834
0.619312
0.045808
-0.761711
0.034944
0.017304
-0.342814
0.137547
0.359600
-0.188330
-0.593066
0.394086
-0.023225
-0.499313
0.519883
0.555589
-0.520493
-0.368145
0.323099
0.720206
0.259377
0.389752
0.432295
0.968749
0.555834
0.602893
0.703055
-0.040315
0.899411
-0.418683
-0.814631
-0.266823
0.061312
0.818598
0.356731
0.005097
-0.571398
-0.234291
0.037385
0.432173
0.676199
-0.867733
0.613758
0.304910
0.812311
-0.755119
-0.013215
-0.610279
-0.378094
0.652516
0.485824
-0.084628
0.981506
-0.897885
-0.288858
0.941832
0.972106
0.685842
-0.567736
-0.570299
0.886898
0.592822
-0.352519
0.573840
-0.756096
-0.681387
0.772210
-0.171178
-0.216285
-0.326029
0.140172
0.179907
-0.733451
0.233924
0.426252
-0.956359
-0.599292
0.740837
0.218116
-0.787713
0.817560
-0.878536
0.416791
0.643422
-0.644215
0.864620
0.755791
0.557848
-0.996643
-0.619312
-0.598560
-0.734367
0.741935
-0.696585
-0.496261
0.352519
0.485702
0.823603
-0.738578
0.330119
0.837275
-0.602222
0.122410
0.959777
0.855708
-0.847224
-0.683645
0.791681
-0.184118
0.012970
-0.125706
0.293619
-0.504318
0.314249
0.913144
0.984558
0.336772
-0.312296
0.990844
0.061983
-0.960265
0.825007
-0.790216
-0.960265
0.194189
-0.812006
0.512803
-0.913694
0.527390
-0.354106
0.511765
0.093905
-0.308206
-0.948668
-0.344523
-0.335551
-0.237281
0.938292
0.054720
-0.422407
-0.451399
0.381512
0.905454
-0.023347
0.583728
-0.556017
-0.289529
0.956603
0.404218
0.864864
-0.998474
0.030976
0.415387
0.461715
-0.516282
0.075106
-0.110263
0.883847
0.442366
0.058321
0.605396
0.976012
-0.005402
0.095248
-0.821284
-0.892026
0.621265
0.398236
0.283853
0.549425
-0.549669
-0.848811
-0.779290
-0.349101
-0.324564
0.258034
0.235817
-0.394391
0.121677
-0.111179
-0.979064
-0.857295
0.980163
-0.957457
0.296609
-0.947752
0.761467
-0.422102
-0.514939
-0.015473
-0.717154
-0.174657
0.537523
-0.987060
-0.968566
-0.700491
-0.207984
-0.976257
-0.286111
-0.736564
-0.978454
-0.442915
0.640980
0.992737
0.747490
-0.547777
0.401654
0.405805
0.879818
-0.156529
-0.839717
-0.256813
-0.987487
0.163488
0.356609
-0.592639
0.512986
-0.239113
0.967528
0.903928
-0.578600
0.572802
0.240150
0.344951
0.500107
-0.120640
-0.886654
-0.388836
-0.281961
-0.692251
-0.065279
0.749016
-0.901303
-0.446272
-0.996338
-0.760491
0.840144
0.941588
0.136753
-0.855525
0.791864
-0.837092
-0.113804
-0.971007
-0.614246
0.728324
-0.132969
0.510849
0.443587
-0.028230
-0.429731
-0.551561
-0.055574
-0.457259
-0.218909
-0.699759
-0.962889
-0.872188
0.174963
0.095065
0.383282
-0.984069
0.884457
0.964904
-0.456160
-0.968322
-0.528001
0.398907
0.136876
0.767632
-0.064669
-0.560045
0.873165
0.722770
-0.680044
-0.077975
-0.583361
0.391705
0.812311
0.607715
0.517502
0.667898
-0.859798
-0.802057
0.434492
-0.739067
-0.722709
0.367168
-0.223609
0.276833
0.915098
0.850520
0.086764
0.760674
0.675344
-0.719108
0.805170
-0.076266
-0.658803
-0.727714
-0.101596
0.627308
0.949278
-0.457564
-0.324992
-0.907163
-0.805719
0.327616
0.252358
0.677114
-0.006928
0.515488
-0.114170
-0.513169
0.737785
0.571764
0.429121
-0.587573
0.514267
-0.946409
0.726066
-0.975341
0.837336
-0.726920
-0.973144
-0.411054
0.060701
-0.363445
0.802728
0.652272
0.300516
-0.843013
0.974242
0.624989
-0.048128
-0.644093
0.049837
0.301187
-0.330180
-0.136387
-0.500229
-0.917051
-0.827937
0.603931
-0.789789
0.552171
0.543748
0.361126
-0.007599
0.878048
-0.834040
-0.048006
0.234779
0.794977
0.676321
-0.799799
-0.683950
-0.053377
0.181188
0.211402
-0.425886
0.734306
-0.271950
-0.004791
-0.183752
-0.425153
0.661794
-0.262001
-0.948363
-0.745170
0.135899
-0.696097
-0.956542
-0.754021
0.832698
-0.217750
-0.152806
-0.315348
0.889340
0.216468
-0.456893
-0.569262
0.625416
-0.759697
0.269021
-0.722953
0.661550
-0.770074
-0.894223
0.946898
-0.231788
-0.716666
-0.370586
-0.297830
0.626576
-0.829524
-0.846492
-0.337138
0.526170
0.066622
0.577258
-0.950926
0.494247
-0.365581
0.822932
-0.352397
-0.640614
0.877987
0.285806
-0.947142
0.699576
0.175329
0.740410
0.897702
-0.135105
0.586169
-0.703482
-0.337931
-0.904843
-0.439436
-0.655568
-0.197668
-0.148412
0.511887
0.651845
0.288430
0.374554
0.654042
0.152379
-0.543504
0.866695
0.132237
-0.941282
0.233680
0.301859
0.148961
0.184240
-0.898679
0.720817
0.855831
-0.329386
0.021760
0.740654
0.644032
0.923826
-0.539781
0.791742
-0.183081
-0.291177
-0.805780
0.432722
-0.159276
0.825922
0.647633
0.750847
0.059420
0.564074
0.161718
-0.597156
-0.224769
-0.655995
-0.966430
0.419721
0.122288
0.530931
-0.896786
0.842463
0.723441
0.834040
0.305338
-0.683157
-0.211219
0.410871
0.859004
0.855159
0.225501
-0.045930
-0.754387
-0.716666
0.426984
0.691519
-0.586962
-0.284463
-0.863094
0.377056
0.973693
-0.789789
-0.479537
-0.813349
-0.874630
0.652638
-0.031037
0.812433
0.647633
0.153478
0.830378
-0.042512
-0.594897
0.081393
-0.807672
0.933775
0.886349
0.393109
-0.378704
0.182897
-0.950865
0.187658
0.511032
-0.858028
0.736320
-0.516648
-0.070711
-0.651845
-0.782220
0.194739
-0.348979
-0.580676
-0.516037
-0.902524
0.482467
-0.350993
0.329936
0.862117
-0.380840
-0.075900
-0.579150
-0.036348
-0.546861
-0.557787
-0.648854
0.514023
0.951109
-0.616932
-0.909177
0.047395
-0.062960
-0.573901
-0.384381
0.060945
-0.006806
0.801141
-0.294290
-0.746025
0.329936
0.272317
-0.994629
0.511521
-0.355571
-0.947020
0.847163
-0.589831
0.942259
-0.528916
-0.584948
0.119175
-0.105930
-0.242347
-0.283364
-0.920042
-0.607959
-0.308939
0.511521
0.795892
0.788751
0.612964
0.268654
-0.140172
0.992553
0.513291
0.464095
-0.283242
-0.585864
-0.405072
-0.996765
0.103244
-0.924619
-0.835749
0.174230
-0.150243
-0.217017
0.452193
-0.420392
-0.095920
-0.059053
0.943236
-0.485580
-0.569384
0.401715
0.060030
0.316507
0.693960
0.299661
0.791192
-0.202551
-0.338420
-0.955382
0.888607
-0.938047
0.843318
0.748833
0.440657
0.431379
-0.878414
0.397565
-0.365398
0.445235
0.413190
-0.637867
0.627918
-0.195227
-0.694876
-0.236549
0.661122
-0.922300
-0.828913
-0.661855
0.951964
-0.642140
0.159337
-0.648549
0.989807
-0.886898
-0.118137
-0.437300
0.515427
-0.721183
0.302042
0.292032
-0.815973
-0.558580
-0.074496
0.782037
0.154515
-0.973632
0.669668
0.630238
-0.096591
-0.482589
0.573168
-0.619984
-0.738578
-0.239662
-0.677664
-0.042451
0.019868
-0.332926
-0.834529
0.314859
-0.997620
0.505783
-0.592639
-0.848750
-0.819391
0.595874
-0.716361
-0.779839
-0.423566
0.806757
0.051363
-0.049409
-0.475997
0.353496
0.893002
-0.271096
-0.574938
-0.292825
0.227088
-0.847224
0.928831
-0.238990
0.827387
-0.784356
0.531602
-0.037080
0.263527
0.326640
-0.313578
0.472640
0.200049
-0.511399
-0.480209
-0.576769
-0.488571
-0.147008
-0.238990
0.219764
-0.760918
-0.004120
-0.907834
-0.906674
0.425092
-0.671743
0.697623
-0.106723
-0.082369
0.964049
0.507004
0.971435
0.401654
-0.906674
0.989807
0.426679
0.037202
-0.748650
-0.264016
-0.571093
-0.702994
-0.298135
0.695608
0.618702
-0.954527
0.741874
0.786798
-0.042268
0.537767
0.066439
0.753655
-0.980651
0.035737
-0.981750
-0.538316
0.201514
0.783441
0.118137
0.934324
-0.957640
-0.721549
-0.283792
0.248695
-0.200354
-0.521592
-0.655751
0.267129
0.192969
0.115207
0.660512
-0.875912
0.550584
-0.846919
0.683645
-0.227271
-0.390057
-0.167516
-0.815729
0.471541
-0.491745
-0.263405
-0.241005
0.825068
0.622425
-0.430342
0.931883
0.515915
-0.883053
0.922544
-0.273232
0.092563
0.785699
0.341899
-0.661122
-0.562304
-0.110508
0.102878
-0.502487
-0.040681
-0.943175
0.815607
-0.638478
0.476547
-0.314066
0.795709
0.029878
-0.306314
-0.232398
0.877377
0.645985
0.425336
0.959777
-0.777459
-0.447554
-0.022370
-0.686697
-0.530198
0.828913
-0.420026
-0.443770
0.916196
0.541124
0.295145
0.050508
-0.927610
-0.090487
0.744743
-0.228675
0.272561
0.100436
-0.084262
0.588488
0.399945
0.714103
-0.471114
0.201575
0.226661
0.619922
-0.040010
-0.726127
0.570605
0.003143
-0.252907
0.254677
-0.431867
0.123875
0.187597
0.326823
-0.321329
0.378094
0.076388
0.641896
0.617847
0.152989
0.418867
0.924497
-0.632923
-0.686697
0.792535
0.262673
0.538377
-0.269448
-0.474532
0.104709
-0.002106
-0.958007
-0.031953
0.122227
-0.409284
-0.384808
0.042940
-0.107517
-0.574023
-0.618397
0.085482
-0.551622
0.004059
0.070284
0.827937
-0.126804
-0.164159
-0.922239
-0.527085
-0.979125
-0.282815
-0.216834
-0.126988
-0.285195
0.223975
0.135594
0.950438
-0.469283
-0.301981
0.324625
-0.524888
-0.494430
0.480270
-0.602710
0.426984
-0.575365
-0.030427
0.266945
0.870663
0.154393
-0.916196
-0.048982
-0.600818
0.573656
0.908444
0.441694
0.257485
0.227882
0.575854
0.286294
-0.055208
-0.724906
-0.511643
-0.141881
0.994690
-0.851253
0.474166
-0.739921
-0.183935
0.532090
-0.176244
0.280862
0.866573
-0.644581
-0.010468
-0.302225
-0.549120
-0.256386
-0.231300
-0.356059
-0.096042
0.951170
-0.940855
-0.778497
0.882321
0.674001
-0.374310
0.494125
-0.828181
0.901364
-0.342875
-0.478256
0.109653
0.612354
0.594226
0.029389
-0.716910
-0.481552
0.052889
-0.281472
0.635731
-0.793756
0.455123
-0.045076
-0.053926
-0.930906
-0.364910
0.537278
0.701224
-0.615406
0.447188
0.054415
-0.725883
0.207678
0.521043
0.628895
0.266579
0.750237
0.492172
-0.229347
-0.416608
-0.569933
-0.464705
-0.296060
0.490280
0.384991
-0.098483
-0.825007
-0.032319
0.425153
-0.825922
-0.580065
-0.034028
0.728385
-0.835627
0.085360
0.481124
0.095248
0.820490
-0.524766
-0.522935
0.159886
-0.238441
-0.526780
-0.150731
0.197363
-0.577258
0.746513
-0.440352
0.433576
-0.774285
-0.586108
-0.208411
-0.584155
-0.913938
-0.423505
-0.752739
0.682302
0.931028
0.823542
0.863765
-0.403912
0.123997
-0.597400
-0.428327
-0.786431
0.208533
0.857356
0.000153
0.941038
-0.840693
0.043123
0.361614
-0.557787
0.811396
0.743461
0.841853
-0.877865
0.415204
-0.972777
-0.694876
0.767510
-0.099338
-0.842036
0.929258
0.638417
0.069124
-0.107273
-0.243812
0.695914
0.185705
0.306375
0.934507
-0.545946
-0.250038
-0.141087
0.403974
-0.961547
-0.397259
-0.136937
-0.170324
0.384991
-0.732658
-0.129368
-0.241737
-0.472213
0.274209
0.473922
0.669607
0.879086
0.471969
-0.840205
0.429853
0.826167
0.060457
-0.212195
-0.584826
-0.289712
-0.820124
0.669790
0.831782
-0.034639
-0.202918
-0.638234
0.009919
0.463973
-0.269509
-0.784722
0.458052
0.368084
-0.084994
0.603626
0.367962
-0.297769
-0.876705
0.111667
-0.257118
-0.884884
0.405805
-0.996277
-0.612354
-0.975890
0.748772
0.949705
-0.734916
0.956359
-0.959655
0.261330
0.904782
-0.484970
0.430097
-0.454268
0.769829
-0.667470
0.852168
0.057649
-0.322123
-0.881039
-0.800104
0.066195
-0.950499
-0.977172
0.451277
0.760918
0.651296
0.742790
-0.612171
-0.761528
-0.864315
-0.124973
0.936827
-0.199561
-0.250038
-0.117893
-0.162572
0.120762
-0.520554
-0.695608
-0.351848
-0.024140
0.897519
0.698416
-0.333964
0.940306
-0.859676
-0.713797
-0.168126
0.500534
0.937254
0.437727
-0.192846
0.853084
-0.433943
-0.497604
0.348125
-0.141331
-0.130589
-0.376995
0.153294
-0.722404
-0.211707
-0.593554
0.417402
-0.361370
-0.148045
0.236366
0.624134
-0.370891
-0.062227
0.515366
0.645375
0.616077
0.335429
-0.664296
-0.962645
-0.657582
-0.164953
-0.796197
0.370769
0.727165
-0.242225
-0.994079
0.869259
0.320170
-0.984497
0.556139
-0.223060
-0.367656
-0.457625
0.666250
0.053865
0.979614
-0.643666
-0.934141
0.009308
-0.387188
0.710868
0.649220
0.482833
-0.202002
-0.780267
-0.042756
-0.694998
-0.102512
-0.030854
0.901852
-0.954527
0.300211
-0.737724
-0.402692
-0.522752
0.624012
-0.481185
0.532090
-0.973022
0.543565
-0.705130
-0.475387
-0.615406
0.324992
0.668813
-0.390057
0.966552
0.456221
-0.249062
0.486801
0.715079
-0.876095
0.081576
-0.086825
0.192114
0.301309
0.494003
0.847346
-0.493637
0.031098
-0.069552
0.849422
-0.294595
-0.181127
-0.629749
-0.859920
0.956053
0.280190
0.439802
-0.071749
-0.237709
-0.258156
-0.528245
-0.746941
0.184668
-0.679373
-0.330973
0.053072
-0.309732
-0.424116
0.658925
0.535203
0.577990
0.010895
0.126743
-0.115879
0.625050
-0.922605
0.861812
-0.268166
0.550707
-0.404767
0.538133
0.672781
0.651906
0.486801
0.307779
-0.712699
0.934141
-0.955077
-0.378765
-0.675344
0.082614
0.011689
0.747734
0.721732
-0.789178
0.492721
-0.891903
-0.546007
0.513230
0.835566
0.492538
0.592029
0.405927
0.462569
0.856075
-0.480026
0.645985
-0.166662
-0.727042
-0.419172
-0.357158
0.645802
-0.339213
0.013520
-0.766045
-0.414411
-0.173254
-0.510483
-0.015839
-0.314310
0.009919
-0.922300
0.646962
-0.601367
0.466536
-0.235328
-0.891964
0.685110
0.016449
-0.978454
0.948180
0.958800
-0.220496
-0.608448
-0.850093
0.883053
0.454451
0.328776
-0.410993
-0.396832
-0.162511
0.869198
-0.685659
0.588183
-0.049348
-0.265664
-0.998108
0.907651
0.802240
-0.603442
0.769158
-0.263649
0.985229
0.237098
-0.440291
0.680960
-0.038423
-0.766655
0.380840
0.575854
-0.468978
-0.156407
0.352336
0.533616
0.013215
0.053743
-0.541063
0.864376
-0.440229
0.150670
-0.005829
0.215430
-0.700064
0.831599
0.687429
-0.032868
-0.346294
-0.559069
0.857173
0.499496
0.727653
0.087252
-0.633961
-0.791437
0.289651
-0.355022
-0.634510
0.343364
-0.428388
0.739677
0.284219
0.503525
-0.887875
0.405744
-0.257851
-0.263588
-0.610645
-0.668020
0.631520
-0.448775
-0.913938
-0.642079
-0.261513
0.268105
-0.096286
0.930601
0.226783
0.544786
-0.950011
0.511887
-0.239662
-0.238319
0.273354
0.421247
0.249184
0.015168
-0.246498
0.892209
0.415021
0.856014
0.415876
0.940367
0.615894
0.520066
-0.618641
0.935850
-0.238624
-0.717399
-0.411969
-0.235145
-0.780755
-0.412763
-0.503159
0.951476
-0.913633
0.110752
0.377606
-0.439863
0.683157
-0.055940
0.649770
0.233619
-0.596057
-0.030366
-0.118137
-0.830622
-0.541673
-0.841853
0.993835
0.747917
0.335063
0.904477
0.269204
-0.780023
-0.625050
-0.472518
0.278542
-0.789117
-0.039033
-0.322489
0.807428
-0.126133
-0.915036
0.385113
0.358562
-0.355754
0.910886
0.577685
0.296487
0.829157
-0.169347
-0.270791
-0.491562
-0.579882
0.707633
-0.632069
-0.522507
0.099155
0.446944
-0.179052
0.262246
-0.975951
0.527757
0.308756
0.021699
0.540819
0.048616
-0.875118
-0.259621
0.588672
0.323283
-0.156896
0.924558
-0.625599
0.688284
-0.020539
0.517258
0.222755
-0.121982
0.852046
0.471236
-0.319864
0.360881
0.170019
-0.752556
0.558153
0.824641
0.527451
-0.183813
0.206885
-0.785943
0.896603
-0.036531
0.213477
0.021332
-0.906003
-0.564684
0.113804
-0.333903
-0.554369
0.383648
0.739433
0.390301
-0.579028
-0.059175
-0.360820
-0.017853
0.796197
-0.214209
0.934019
0.823847
0.551439
-0.352031
0.399701
-0.764885
-0.883908
-0.494675
-0.394024
0.220679
0.665029
-0.227760
0.850154
-0.224158
0.107517
-0.939329
0.087924
0.314127
0.226112
0.915464
-0.444746
0.547777
-0.568163
-0.572008
-0.700858
0.821345
0.748100
0.108554
0.791253
0.661184
0.009430
0.489669
0.191809
0.839778
0.573473
0.340068
0.323588
-0.593738
0.488144
0.107456
0.230506
0.096652
-0.135838
0.277993
0.946593
0.168004
-0.809687
0.749748
0.628956
0.647877
0.486373
0.884091
0.007721
-0.645863
-0.252052
-0.972228
0.918027
-0.293985
-0.488388
0.955321
0.637074
0.412763
-0.785577
0.391705
0.587573
0.316385
-0.693777
-0.481246
0.497909
0.536058
0.716178
0.511277
0.797357
0.019623
-0.059114
-0.913450
-0.078158
-0.077059
-0.206885
0.886349
-0.335124
-0.045442
-0.492538
0.779412
-0.085177
0.622120
0.933531
-0.882260
0.626087
-0.063875
-0.843928
-0.937193
-0.334147
-0.266396
0.342143
-0.220862
-0.771355
0.742119
0.055330
0.938536
0.057466
0.984008
-0.308695
0.117832
-0.587695
-0.264626
0.187597
-0.537339
-0.024934
0.026337
0.725883
-0.800836
0.030183
