0.264931
0.091525
0.580859
-0.053804
0.539293
-0.355083
-0.784600
-0.673208
-0.300455
0.145299
0.591174
0.350993
0.449019
-0.928587
-0.827998
0.046541
0.669057
0.638661
-0.722404
-0.948729
-0.117954
0.155370
-0.452742
-0.601306
-0.863521
0.054292
-0.901059
0.439192
-0.778863
0.572741
0.985290
-0.754204
-0.680898
-0.421552
0.812799
0.105380
0.240394
0.002106
0.073946
-0.321329
-0.959349
-0.085849
0.617786
0.492538
0.864620
-0.877438
0.752251
-0.138340
0.025666
-0.224281
0.114597
0.617603
-0.481368
-0.746941
0.754143
0.305094
-0.126988
-0.591174
-0.068880
-0.203345
-0.895199
-0.884701
0.744316
0.634327
-0.697256
0.194861
-0.512436
-0.081027
0.235694
-0.496445
0.264199
-0.658315
0.348552
-0.430464
-0.639454
0.742607
0.184484
-0.931028
-0.711600
-0.829585
0.958190
-0.879269
0.321696
-0.676016
-0.296121
0.251015
0.829829
-0.512558
0.266579
-0.912473
0.020661
0.851497
0.521287
0.674306
0.839534
-0.595325
-0.489303
0.701895
0.758538
-0.737968
0.404401
0.843074
0.730033
0.425214
0.411969
-0.922361
0.389447
0.733024
0.501083
-0.882260
0.022492
-0.375591
-0.174841
-0.062166
0.492660
0.751579
0.746513
0.932493
0.924131
-0.752617
0.732719
-0.549181
0.112339
-0.097934
0.712821
-0.033662
0.086032
0.448469
0.292581
0.256874
-0.648610
-0.591784
0.714286
0.440962
0.480331
-0.637989
-0.526780
0.562792
0.976440
0.821772
-0.963622
0.202490
0.747063
0.169958
0.338176
0.637196
-0.694632
0.373455
0.115146
0.443403
-0.716117
0.793268
0.045686
-0.037812
-0.069308
0.804926
0.485885
0.890011
-0.600818
0.092380
0.488266
-0.724418
0.484542
0.803522
-0.291055
-0.088900
0.383831
-0.570238
-0.256569
0.593677
-0.461653
-0.916684
0.311869
0.775018
-0.356304
-0.289224
0.500168
-0.198157
0.856563
0.604724
-0.880367
0.177770
0.876034
0.173498
0.487472
-0.605518
0.431806
0.917417
-0.395856
0.031892
-0.928892
0.446577
0.028169
0.827509
0.159581
-0.290933
-0.948241
0.590442
0.778497
-0.005402
-0.513169
0.633473
-0.901914
0.424421
0.750603
0.770684
0.037996
-0.345378
-0.459273
-0.455428
0.952513
0.486923
0.141453
-0.713553
-0.884823
0.724723
0.068758
-0.869015
0.982788
0.632374
-0.504563
0.636525
0.539537
-0.681936
-0.049532
-0.507981
-0.848750
-0.110813
-0.751396
-0.897946
0.911863
0.065889
0.463729
-0.281961
-0.610401
0.529588
-0.744133
-0.144810
-0.415143
-0.236000
-0.253212
0.320841
-0.765191
0.889889
-0.797174
-0.490280
-0.606128
-0.848994
0.935850
0.170751
0.972533
-0.572924
0.195044
0.350383
0.773614
0.890988
-0.879757
-0.944761
-0.201331
-0.239357
-0.724418
-0.263222
-0.178503
0.936949
-0.987548
-0.232521
-0.641957
-0.960814
-0.207862
-0.212622
0.815302
-0.412824
0.393475
-0.056001
0.745293
-0.275185
-0.871517
-0.788568
-0.915464
0.304178
-0.332438
-0.198889
-0.950377
0.845759
0.154027
-0.324076
0.024812
0.631153
-0.895932
-0.066683
0.407270
0.066988
-0.741813
-0.769524
-0.334452
0.482467
0.038911
0.407514
0.208594
0.617481
0.468978
0.964904
0.473556
-0.111606
-0.688772
-0.299356
-0.176794
-0.555528
-0.956542
-0.024262
0.042390
-0.713187
0.846309
0.185888
-0.342448
-0.884030
-0.922300
-0.997742
0.100314
0.129002
-0.640126
0.613086
0.246071
0.473189
-0.436628
0.250404
0.966552
0.035066
-0.869503
-0.643117
-0.200049
-0.515915
0.504990
-0.594958
-0.924070
-0.077853
-0.041047
-0.657033
0.639454
-0.514023
-0.700919
0.525559
-0.342265
-0.270241
-0.587634
0.057161
0.005524
0.596362
0.720511
0.276223
0.741874
-0.401898
-0.886166
-0.693045
-0.094821
0.422224
-0.113071
0.453963
-0.878048
0.700552
-0.841365
-0.407270
-0.294473
-0.164769
-0.239418
0.216895
0.278848
0.134251
0.392193
-0.727103
0.227454
0.795038
-0.551317
0.685537
-0.360332
0.580004
0.669179
0.118625
-0.294839
-0.930723
0.710379
-0.429670
0.889523
-0.435591
-0.506882
0.794671
0.375530
-0.080477
-0.892514
-0.492050
-0.333720
0.111484
-0.778069
0.308512
0.345622
0.813288
0.055757
0.359844
0.835261
-0.175512
0.723197
0.007294
0.288797
-0.189917
0.637562
-0.694510
0.461531
-0.736686
-0.924741
-0.323222
-0.215552
-0.565722
-0.047761
-0.313761
-0.658986
0.908017
0.172765
0.039521
-0.723624
-0.550157
-0.478927
-0.155736
0.824274
0.086520
-0.451460
0.611621
0.285623
-0.919065
-0.040986
-0.834956
-0.830744
0.777703
0.707572
-0.933103
-0.732841
-0.017853
0.048921
0.346904
-0.751518
-0.264870
-0.533311
-0.727958
-0.283425
0.655873
0.734428
0.601367
0.946348
0.918210
-0.174474
0.610340
0.026276
0.544603
-0.981384
0.540880
-0.862667
-0.327250
-0.753838
0.072909
0.519578
0.582751
0.397320
-0.150487
0.969787
-0.327982
0.573412
0.561144
-0.711295
0.562609
-0.576769
0.658620
0.878048
-0.072604
0.860714
0.410321
-0.211707
0.884640
-0.914670
-0.394757
0.358440
-0.788812
-0.001679
-0.597339
0.273232
-0.844478
0.623707
0.395489
-0.249489
-0.806635
0.565233
-0.165502
-0.947447
-0.409345
0.892880
-0.112705
-0.032441
-0.520432
-0.071444
0.151830
0.623035
-0.868160
0.110935
-0.328898
-0.498825
0.883786
0.959777
-0.842036
0.193396
-0.668630
0.012238
0.956481
-0.966735
0.978698
0.220008
-0.143834
-0.182409
0.009491
0.238868
-0.780145
-0.734367
0.294717
-0.529038
0.595630
0.602893
0.946532
0.157994
0.251381
-0.020905
0.281961
-0.990844
-0.143468
0.114841
0.226600
-0.377056
-0.596179
-0.317545
0.260842
0.971679
-0.098605
0.980529
-0.977599
-0.447371
-0.554552
0.480697
0.126682
0.346538
-0.184973
0.399335
0.957274
0.836238
-0.178503
0.052644
-0.584643
-0.304910
-0.032868
-0.721732
0.926511
-0.553697
-0.061007
0.311502
0.538560
0.725578
0.522507
-0.528733
0.234596
0.754021
-0.669790
-0.934568
-0.255593
0.943358
0.234657
-0.916562
-0.049165
0.406110
0.835200
-0.555712
0.854732
0.582934
-0.915647
0.877194
0.877010
-0.863094
-0.360698
-0.576464
0.675649
0.146580
0.371868
0.872616
-0.930235
0.918821
0.300516
0.868099
0.559496
-0.214881
-0.601489
-0.421979
-0.367656
-0.919980
-0.357219
0.682669
-0.342326
-0.030732
0.196509
0.494675
-0.065035
-0.903439
-0.725822
-0.579394
-0.771783
0.652333
0.327921
0.416730
-0.093905
-0.803766
0.300150
0.260048
0.647511
-0.265786
-0.046419
-0.310709
0.984863
-0.618763
0.667165
0.602893
0.254738
0.131382
0.185522
-0.126194
-0.182531
-0.466659
-0.185095
-0.960570
-0.329936
-0.120823
-0.090548
-0.527573
-0.493637
0.577563
-0.762078
-0.762932
-0.698904
0.955199
-0.225379
0.395428
-0.988403
0.753044
-0.891537
-0.100620
0.641285
0.322367
0.880978
0.276894
0.867061
0.750847
-0.182653
-0.428755
-0.605945
-0.738578
0.637684
-0.989990
0.568590
0.788446
0.503891
-0.125340
0.448775
0.041536
-0.720573
0.527818
0.454512
-0.176244
0.455184
-0.329752
-0.185339
0.388592
-0.813471
0.600391
-0.672170
-0.690298
-0.388897
0.246803
-0.444868
-0.891232
0.916379
-0.304056
-0.633595
-0.308023
-0.340617
-0.535020
-0.206336
0.332682
-0.840083
0.270058
-0.549974
0.374920
0.446699
-0.445173
0.325541
0.618030
0.356975
0.629322
-0.603198
0.814875
-0.918882
0.574450
-0.972228
0.880490
-0.806146
0.291299
0.583728
-0.293191
0.638844
0.904904
0.936216
0.530503
-0.613269
-0.850154
-0.775933
-0.349834
0.889035
0.815607
-0.407392
0.214881
-0.585009
-0.969115
0.812860
0.222449
-0.250343
0.450362
0.055513
-0.967162
-0.784234
-0.950621
-0.603381
-0.806574
0.884701
0.165014
-0.242225
-0.001984
0.437910
0.449995
-0.359539
0.438765
0.866634
0.261452
-0.322611
0.130406
-0.787774
-0.575854
-0.282083
-0.344096
-0.499435
0.344462
0.539171
-0.916746
0.291971
-0.108737
-0.271340
0.532212
-0.892392
-0.902219
0.647267
-0.010590
-0.249123
-0.473678
-0.503098
0.477157
0.937193
-0.632130
0.664480
-0.502487
0.681997
-0.597461
-0.999573
0.998413
0.386578
0.756157
0.055330
-0.702322
-0.917600
-0.480331
-0.603687
0.730399
-0.364177
-0.392804
0.446516
0.086154
-0.410810
0.283486
-0.707266
-0.808954
-0.242775
-0.490646
0.434065
-0.654286
-0.671255
-0.842830
0.948302
-0.187414
0.283731
0.736991
-0.211219
-0.468917
0.899899
0.784478
0.018159
-0.299783
0.324992
-0.570116
-0.895322
0.371197
0.474960
-0.904538
0.977172
0.735099
0.072054
0.888913
-0.106784
-0.103488
0.069735
-0.608325
0.119114
-0.361858
-0.893185
0.704276
0.410810
0.790155
-0.791375
-0.185888
0.666982
0.414838
0.797052
0.688772
-0.091281
0.087374
-0.008881
-0.429731
-0.844417
0.623341
-0.277749
-0.362712
0.859859
0.091098
-0.369121
0.045198
-0.053438
0.239784
0.323222
-0.505783
0.508103
0.982360
0.229957
0.042329
-0.331889
-0.667348
-0.703177
0.935057
-0.490341
-0.939512
0.550829
0.155248
0.198523
-0.508469
-0.856441
-0.293619
0.755547
0.122288
0.951231
0.392926
0.649281
-0.713981
-0.167150
-0.488876
0.356243
-0.295694
0.131138
0.872188
-0.199438
0.198096
0.841914
0.227760
0.018891
-0.016694
0.950255
0.043916
-0.639882
-0.838069
0.889706
0.152440
0.300333
0.079012
-0.756401
-0.997620
-0.764214
0.058199
0.846492
0.158788
0.538926
-0.842280
0.369182
-0.463240
0.014374
0.906552
-0.761040
0.500961
0.612171
-0.407147
0.124973
0.701773
0.751091
0.028047
0.088900
-0.887570
-0.656911
-0.847041
-0.916929
-0.653554
-0.154088
-0.517197
-0.490707
-0.909360
-0.790033
0.334574
-0.729118
-0.643971
0.633534
0.001801
0.126255
0.584704
-0.699393
-0.156529
-0.508835
0.581225
-0.871944
0.787164
0.607044
-0.399030
0.532823
-0.360332
-0.416303
0.313028
0.093234
-0.105747
0.748772
-0.468429
-0.064302
0.144688
-0.831050
-0.761528
-0.266396
-0.165929
-0.979675
0.742973
-0.996094
0.287210
0.680654
-0.682180
-0.140294
0.239296
0.150853
0.844356
0.412580
0.055696
-0.465316
0.087008
-0.125950
0.421369
-0.428388
0.610462
0.488571
-0.900815
0.789056
-0.285257
-0.072420
0.979858
-0.319498
-0.491012
-0.798273
-0.941771
-0.451765
-0.945982
-0.924741
-0.353191
0.863704
-0.315592
-0.933470
0.001129
-0.436384
0.751946
0.325480
-0.707327
0.307596
0.629810
0.882015
-0.702872
-0.189917
0.776238
0.653737
0.282449
-0.359050
0.348613
0.585131
0.126865
-0.979675
-0.883297
0.827631
-0.196997
-0.316568
-0.893674
-0.130345
-0.812860
0.158238
0.755913
-0.035188
-0.390423
0.137242
0.517869
0.898373
-0.336528
0.202734
-0.796747
-0.636647
0.631825
0.998718
0.069552
-0.797357
-0.645314
-0.915220
0.028962
0.167333
-0.025300
-0.066439
0.323588
-0.074923
0.096408
0.350871
0.874569
0.747734
-0.093173
-0.760125
-0.881893
0.946287
-0.230445
-0.674856
-0.782159
0.641469
0.341166
-0.867000
0.970275
-0.001007
0.318522
-0.364910
-0.677419
0.102023
-0.802973
-0.441694
-0.606006
0.506333
-0.866756
-0.772759
-0.016083
0.576464
0.441145
-0.549852
-0.732963
0.365520
0.244911
0.678335
0.883053
0.507797
-0.614978
-0.357952
0.460372
0.013581
-0.055757
0.529466
-0.561022
0.014557
-0.471541
-0.459212
-0.808466
-0.770074
-0.744926
0.365520
0.892819
0.062593
0.281167
-0.665029
-0.444075
-0.144078
0.979553
0.713797
-0.119663
-0.012665
-0.025361
-0.475692
0.618641
0.314005
0.499008
0.895688
-0.084078
0.002167
0.513962
0.267800
0.327616
-0.091464
0.943358
-0.875423
0.290872
0.109470
-0.441023
-0.823847
0.115024
-0.894406
0.332377
-0.374371
-0.812128
-0.849239
0.361370
-0.227821
0.290872
-0.715323
0.225745
0.154210
0.651051
0.607837
0.895871
-0.514389
-0.527940
0.957274
-0.824396
-0.446394
-0.917356
-0.550951
0.702994
-0.884396
0.089267
0.209082
0.765191
0.464705
0.708609
0.733024
-0.916440
-0.323344
-0.183325
-0.779656
0.119846
-0.501450
-0.784722
-0.633839
-0.208106
0.453230
0.787652
0.716056
0.435224
0.076632
0.786065
-0.588977
-0.422040
0.644642
0.565477
0.200354
-0.515366
-0.577380
-0.140660
0.799738
-0.043672
-0.750542
0.514389
-0.877377
-0.941160
-0.330302
-0.678274
0.416059
-0.320231
0.595508
-0.346171
-0.629322
-0.613330
-0.670217
-0.904355
0.964782
0.044832
0.875423
-0.281961
0.610584
0.600757
0.357646
-0.584033
-0.582568
0.127232
0.888424
-0.979675
0.828059
-0.839595
-0.897458
0.511521
0.398602
0.734367
0.452315
0.554003
0.515061
0.463790
0.788202
-0.739006
-0.354167
0.382672
-0.400067
0.156529
-0.215857
0.054659
-0.919675
-0.813288
0.349101
0.199622
0.459517
0.400189
0.389019
0.087252
0.269082
-0.558031
0.147069
0.861690
-0.868587
0.522446
-0.698111
0.288308
-0.125523
-0.157628
0.602954
-0.795831
0.787347
-0.377606
-0.247597
-0.254189
-0.505234
0.447493
-0.716971
-0.450911
0.015290
-0.158483
-0.182897
-0.949156
0.569933
-0.691885
-0.376751
0.377300
0.742912
0.414411
-0.196081
-0.635792
-0.166173
0.889157
0.053682
0.444502
0.675466
0.994140
-0.215003
-0.300577
-0.660756
0.235145
-0.588672
0.745781
-0.189734
0.510361
0.006134
0.832942
-0.977294
0.532212
0.111301
0.437788
-0.283242
0.091220
-0.233497
0.142552
-0.888791
-0.826533
-0.977233
0.950072
0.169713
-0.819941
0.421552
-0.253761
-0.580554
0.966918
-0.938963
-0.521165
-0.547227
0.833857
0.766900
-0.882443
0.256691
0.434980
-0.143956
-0.173559
-0.402326
0.285989
0.533677
-0.250893
-0.941893
0.679739
-0.746818
-0.143284
0.443953
-0.199561
0.890927
0.191748
-0.692495
-0.541307
-0.564928
-0.446333
-0.304422
0.880306
-0.182592
0.524888
0.064302
-0.520371
0.711539
0.115452
-0.577319
0.983886
-0.967406
0.184912
0.044221
-0.994018
-0.645741
-0.720267
-0.433882
0.747490
0.402326
-0.157994
0.729484
-0.226905
-0.266213
-0.717887
-0.382122
0.126316
-0.433454
-0.582934
0.238319
0.865169
-0.621143
-0.670827
0.659047
0.024934
0.761162
0.488754
0.476485
0.625843
0.794000
-0.451277
-0.410871
-0.194006
-0.114658
-0.825190
-0.087985
0.224219
0.690237
0.928587
0.574816
-0.315897
0.918882
0.277078
-0.393902
0.431806
0.552293
0.376263
-0.868954
-0.997925
-0.130284
-0.846614
-0.575243
-0.748039
-0.186010
0.114597
0.254738
-0.842830
-0.229896
0.591723
0.460128
0.722159
0.210242
0.544115
0.104465
-0.330424
0.590991
-0.612659
0.093966
-0.228309
-0.170812
0.316446
0.600330
-0.561144
-0.076937
-0.970336
0.739189
0.308145
-0.103610
0.354656
0.981933
-0.205969
-0.770135
-0.482345
0.382916
0.843196
0.818415
0.839900
-0.428816
-0.684439
0.704093
-0.539476
0.610889
-0.365337
0.635304
0.930662
-0.955321
0.030915
0.678091
-0.677847
0.615528
-0.304666
0.982360
-0.559435
0.365093
0.326823
-0.990173
-0.240211
0.582018
-0.733695
0.634205
0.270913
0.032746
-0.103366
-0.185217
0.973754
-0.024628
-0.108982
-0.828608
-0.429792
0.298013
-0.932554
0.216224
0.787347
-0.073702
0.380535
0.352275
-0.333537
-0.891842
-0.791314
-0.190039
-0.226417
0.589587
-0.328776
0.161412
0.017670
0.774529
0.775811
0.683096
0.228126
0.057161
-0.825678
0.454512
0.544115
-0.022492
-0.558763
0.527024
0.857540
-0.581896
0.815912
0.723319
-0.572802
0.468978
-0.210425
-0.543626
0.621265
0.791742
0.163060
0.556810
-0.393597
-0.862850
-0.669546
-0.745109
-0.221900
0.815851
-0.724479
0.486007
-0.508774
0.239296
-0.657826
0.274697
0.366802
0.295999
-0.384686
-0.140904
-0.151036
-0.017426
0.595569
-0.762505
-0.743889
0.872311
0.220496
-0.026826
0.216590
0.802301
0.980834
0.003998
-0.535936
-0.680471
-0.492233
-0.987243
-0.312235
0.246010
-0.874935
0.981323
0.568896
0.133763
-0.647206
0.844905
0.272866
0.610096
0.565966
-0.665639
0.964476
-0.877377
0.779473
0.253151
-0.717093
-0.292825
0.436750
-0.438093
-0.860286
-0.594592
-0.591357
-0.966674
-0.338176
-0.435530
-0.067721
0.789300
-0.317606
0.045625
0.063997
0.594714
-0.814020
-0.634571
0.773675
-0.727592
0.491562
-0.911496
-0.462081
-0.091342
0.114231
-0.623585
-0.887631
0.208960
-0.993164
0.913266
-0.763359
-0.470870
0.275613
-0.711539
0.221534
-0.823298
0.530137
0.990722
0.510117
0.694266
-0.719108
0.784356
-0.439253
0.355449
0.565416
0.177160
-0.372112
0.007782
0.389691
-0.653859
0.100131
-0.076632
0.556383
0.902585
-0.933103
-0.674184
-0.266579
0.111118
-0.739738
-0.460067
0.607410
-0.646474
0.581286
-0.070406
-0.979736
0.883541
0.029878
-0.408002
-0.865413
-0.962279
0.767693
0.402326
-0.637623
0.078280
-0.073946
-0.170385
0.652333
0.919675
-0.148839
-0.310831
-0.495285
0.062044
0.655995
0.999817
0.434492
0.530320
0.745293
0.452742
-0.042268
-0.475814
0.371746
0.808649
0.500168
-0.863887
0.218482
0.905087
0.747429
-0.802667
0.861751
-0.027558
-0.673452
-0.816340
0.403302
0.855281
0.487899
-0.587756
-0.221412
0.185827
0.890255
0.237159
0.582324
0.281961
0.422651
-0.747917
-0.191259
0.537889
0.703055
-0.704215
0.275735
-0.470687
0.687368
0.658437
-0.693472
0.268654
0.393292
-0.549120
0.482040
0.271706
0.383404
0.791009
0.737968
-0.512803
0.505173
-0.859737
-0.413129
0.782037
-0.196387
0.520615
-0.542711
-0.566942
-0.513840
-0.238929
-0.431867
0.107395
0.375469
0.607593
-0.418195
0.880673
0.968566
-0.470870
0.336589
-0.544176
0.095676
0.200537
-0.381390
-0.834773
0.129002
-0.897458
0.206458
-0.563036
0.766289
-0.332621
0.564379
0.570116
-0.487716
0.859737
0.964049
0.619556
0.965148
0.757256
-0.083468
-0.057039
0.348308
0.770257
0.926023
-0.022187
-0.428510
0.223304
0.484176
-0.874325
-0.419050
0.062166
-0.314798
-0.799554
0.663625
0.492233
-0.287942
0.253883
-0.913511
0.959105
0.022370
0.488144
0.464705
-0.120701
-0.731681
-0.771477
-0.142796
0.326823
0.173009
-0.093112
-0.402142
0.256508
-0.068758
-0.860897
-0.624561
-0.199499
-0.388531
0.981384
0.250832
0.173742
-0.691580
0.010590
0.890439
0.922422
0.099338
0.006623
0.458846
0.840327
0.464400
0.259194
-0.730033
0.455855
0.785333
0.548875
-0.760002
-0.890316
-0.526597
-0.134861
-0.686270
0.672414
-0.969420
-0.674062
-0.148473
-0.066439
0.821955
0.151524
-0.669607
-0.348125
-0.620655
-0.890805
-0.387799
-0.357036
0.696768
0.650197
-0.108615
0.688162
0.848994
-0.658010
-0.823237
0.717338
-0.309305
-0.411481
-0.153478
-0.301126
0.817438
0.787225
-0.190893
0.984619
-0.314554
-0.274819
-0.377483
-0.701224
-0.410810
0.621998
0.858760
-0.533067
0.492904
0.324808
-0.416181
0.769890
0.077486
0.177404
0.606067
0.100864
-0.228126
-0.351115
-0.439253
-0.499130
0.608264
-0.207373
0.351176
-0.572008
0.041292
0.263222
0.070406
-0.037568
-0.705618
-0.594165
0.764214
0.262612
-0.979858
0.367290
0.046663
0.590320
-0.390912
0.160314
0.218421
0.985046
0.479659
-0.479659
-0.615345
-0.272744
-0.409223
0.615162
-0.499374
-0.483566
-0.981262
-0.889523
-0.484603
0.804743
0.239479
0.802484
0.528855
-0.908872
-0.873714
0.807550
-0.988891
0.784600
0.636586
-0.111667
0.866146
-0.231849
-0.563768
0.558214
-0.388226
-0.430952
-0.052339
-0.980102
-0.591601
0.578784
-0.688589
0.487106
0.165685
-0.846797
0.894833
-0.677664
0.527818
-0.336344
-0.382427
0.817621
-0.547655
0.047151
-0.124424
0.013886
0.137364
-0.324381
-0.877804
0.212622
-0.171361
-0.252174
-0.099399
0.675710
-0.858699
-0.341227
-0.152562
0.793390
0.154393
0.253456
0.344401
0.000641
-0.722648
0.614734
0.702078
-0.657216
0.009125
-0.894955
0.103183
-0.676077
0.266579
0.913999
0.877194
-0.084567
-0.698294
0.661122
-0.012665
-0.825861
-0.754265
0.013031
0.265053
-0.854732
0.310099
0.273049
-0.503342
0.972411
0.294351
0.506760
-0.001251
0.505417
-0.998901
-0.661794
0.792230
-0.539415
0.266579
-0.399396
-0.431928
-0.604480
-0.936399
-0.268044
0.418256
0.539109
0.970275
0.042451
-0.047151
-0.974670
0.792779
0.926328
-0.111850
0.033906
0.045686
-0.030244
0.082308
-0.220130
0.365398
-0.806391
-0.563952
-0.764092
0.774529
-0.846004
-0.816523
0.690298
0.432478
0.322123
0.934935
-0.664602
-0.314249
-0.040864
-0.701041
0.414777
-0.121494
-0.639027
0.192724
0.991455
-0.479659
-0.180700
0.534349
0.457625
-0.369610
-0.769829
0.778558
-0.436995
-0.244484
-0.149022
0.603687
-0.810785
-0.576159
0.011139
0.172399
-0.609851
0.539537
-0.999878
0.919309
-0.045991
-0.231178
-0.175268
0.275491
0.046602
0.038484
-0.356059
0.288736
-0.558824
0.128941
0.020112
0.005524
0.051363
0.910031
-0.283609
0.069796
0.865169
-0.648305
0.503586
0.282815
-0.931394
-0.714225
0.365703
-0.592334
0.859493
-0.034883
0.613147
-0.651051
0.320963
-0.807855
0.699087
-0.594897
-0.959227
-0.301737
-0.760613
-0.481613
0.867489
0.864498
0.746818
0.458541
-0.081210
0.267495
0.460128
0.452986
-0.606738
-0.647267
-0.812189
-0.572741
0.296731
-0.376263
-0.726554
0.537034
0.037690
0.711783
-0.970214
-0.854244
0.149571
0.698477
0.371685
0.910337
0.609180
0.781671
0.342753
-0.771905
0.967772
0.386761
-0.853694
-0.371502
0.834956
-0.650319
-0.891903
0.411725
0.202429
-0.487045
0.743156
0.241981
0.410932
0.892331
0.352886
-0.209021
-0.769951
-0.683157
0.338420
0.080660
-0.595996
0.426313
0.543199
-0.999145
0.837031
0.737785
0.518479
-0.325236
0.928953
-0.328837
0.665578
-0.469588
-0.866634
0.535386
-0.596789
-0.119480
0.376873
0.748405
0.329203
0.193701
-0.884213
-0.014801
-0.945799
0.542528
-0.892697
-0.023774
0.460982
-0.199194
-0.935545
-0.902158
0.250710
0.897275
0.527940
-0.351970
0.373272
0.675405
0.717948
-0.000946
0.024506
0.733329
-0.260598
0.771722
0.300821
-0.522568
-0.294473
-0.320231
-0.639210
-0.971557
-0.269997
0.057161
-0.640675
-0.352580
0.601794
-0.894955
0.811457
-0.410627
-0.049593
-0.333293
-0.450179
0.103732
-0.391461
0.431684
-0.200903
-0.680898
-0.489975
-0.609424
-0.604175
0.343791
0.023347
0.785150
0.126560
0.110569
-0.230079
0.985046
-0.661428
-0.603320
0.719047
0.500656
-0.956236
0.392804
-0.246742
0.896664
-0.752800
-0.275246
0.145299
-0.723502
0.617847
-0.263833
-0.602161
-0.987609
0.004852
-0.708548
0.416608
-0.860042
-0.233009
0.233924
0.807184
-0.078829
0.555040
0.138462
-0.590869
-0.712455
0.294839
-0.093417
0.193152
0.345317
-0.784845
-0.502121
0.483932
-0.986633
-0.437727
-0.571703
0.388226
0.066134
-0.783624
-0.282327
-0.135594
0.758782
0.946226
0.809320
0.675649
0.813105
-0.324625
-0.676565
0.576464
0.982360
-0.781854
0.236061
-0.705435
0.346477
-0.589404
-0.531419
0.978271
-0.754204
0.993042
-0.271828
-0.122532
-0.909482
-0.193518
0.455489
0.806391
0.113804
0.823908
-0.550707
-0.225074
-0.537156
0.705802
0.731742
-0.652821
-0.276833
-0.448164
-0.389142
-0.803522
0.060945
-0.035310
-0.521897
0.484420
0.110202
-0.485580
0.071444
-0.816034
-0.326945
-0.877010
0.239601
0.482345
-0.324259
0.291055
0.069674
-0.050203
0.353008
-0.215186
-0.953978
0.452071
0.098910
0.797723
0.385907
0.869991
-0.482406
-0.660390
0.467818
-0.731376
-0.580065
0.753533
-0.616688
-0.318583
0.633168
0.952452
0.100192
0.508469
0.142308
-0.063448
0.562243
-0.331645
0.019318
0.168920
-0.192358
0.524705
0.168249
-0.838557
0.441511
-0.022370
-0.961730
-0.418195
-0.161657
-0.201025
0.655385
0.833064
0.509568
-0.459517
-0.158177
0.136021
-0.705496
-0.433699
0.314676
0.478744
-0.935545
-0.242836
-0.577929
-0.785821
-0.828852
-0.371319
0.881527
-0.349162
0.161840
0.553087
0.457320
-0.819880
-0.857356
-0.621876
0.057283
0.896481
-0.000885
0.721671
-0.385540
-0.681936
-0.444990
-0.776360
0.856075
-0.877987
0.517258
0.589831
0.925230
0.722159
-0.905576
-0.546495
-0.544786
-0.569811
-0.555284
-0.303751
0.031465
-0.659658
0.873226
-0.721976
0.734489
0.806879
-0.991089
0.439863
-0.529527
-0.792779
-0.363384
-0.426069
0.029633
-0.629200
0.636464
-0.623829
0.462935
0.264687
0.770684
0.676382
0.356670
0.606189
0.107456
-0.357707
0.956236
0.077914
-0.722709
0.611866
-0.160619
-0.485275
-0.457869
-0.189001
-0.669424
0.098483
-0.516343
0.704093
-0.788568
0.378887
0.812738
-0.696097
0.019623
0.059420
0.437544
-0.121067
0.342204
0.143590
0.803522
0.517380
-0.221046
0.246986
-0.644948
0.961486
0.413495
-0.193091
0.188147
0.354656
-0.554491
0.514573
-0.892514
0.580004
0.633351
0.234107
0.440901
0.295877
0.637745
0.023652
0.001679
0.253212
-0.391705
0.338115
-0.263222
-0.571581
-0.009430
-0.725639
-0.555834
0.480697
-0.117832
-0.263527
0.985473
0.499741
0.706473
0.803278
0.853938
-0.431318
0.963927
0.570055
-0.891964
-0.282632
-0.360515
-0.684256
-0.869503
-0.357158
-0.368267
0.050508
0.909055
-0.648549
-0.572069
0.269997
0.795282
0.733940
0.351115
0.286538
-0.695486
0.131809
0.852596
0.590075
0.167882
-0.191321
-0.575793
0.771477
0.029084
-0.133580
-0.740959
0.534959
0.641896
-0.847102
0.313028
-0.785821
0.632130
-0.369488
0.093600
0.185461
0.891964
0.447615
-0.828974
-0.097751
0.716178
0.366314
-0.335856
-0.645985
-0.259987
-0.513169
0.499802
-0.374248
-0.274026
0.990051
0.718619
0.181066
-0.961852
-0.545213
0.594470
0.207068
-0.172704
0.830683
0.636830
-0.585742
0.683096
-0.720878
0.263344
-0.224036
-0.342509
-0.813654
-0.469588
-0.043489
0.426618
0.159459
0.565844
0.185095
-0.244850
-0.465072
0.091037
0.930540
0.799921
-0.569506
0.977233
-0.008454
0.382366
-0.352336
-0.186560
-0.776238
-0.181127
0.867183
0.098605
-0.864315
0.788018
-0.084445
-0.706290
0.663747
-0.273965
-0.971740
0.701041
0.567553
0.612415
-0.027802
0.695364
0.876827
0.567614
0.046602
0.641896
-0.637318
-0.202063
-0.090854
-0.186804
-0.376019
0.583544
0.073397
0.036531
-0.433454
-0.771233
-0.142796
0.218055
0.533616
0.855220
0.455123
-0.569445
0.421308
-0.533921
-0.572741
0.105869
-0.770867
-0.395001
-0.243690
-0.418134
0.554369
0.846187
-0.586535
0.931944
-0.773431
0.569079
0.916684
-0.768914
0.305765
0.325724
-0.456771
0.592761
-0.429853
-0.554247
0.351726
-0.811884
0.807062
0.646901
-0.673086
0.993042
-0.772454
0.010895
-0.371746
-0.810541
-0.258889
-0.771538
-0.317789
0.118809
0.467818
0.911313
-0.388653
0.782159
0.895016
-0.072665
-0.343425
-0.718986
-0.839167
0.157201
0.235084
0.897763
0.148534
-0.077120
-0.525071
0.911313
-0.474654
-0.677114
0.202246
-0.160802
-0.020844
-0.840449
0.774346
-0.054842
0.704276
-0.767144
-0.822260
-0.870052
0.650441
0.917295
-0.371136
-0.368694
-0.504501
0.447798
0.933226
-0.986328
0.508530
-0.243812
-0.338115
0.824702
0.764214
-0.450179
-0.937193
-0.031648
-0.065279
0.499924
-0.300882
0.441389
-0.707999
0.312296
-0.691885
0.916440
0.693167
0.828364
0.041658
-0.035615
-0.929624
0.763237
0.821345
-0.357952
0.524888
-0.089450
-0.588244
-0.827631
0.512253
0.382977
-0.160192
-0.016572
0.673208
-0.308206
-0.377850
0.984252
-0.849239
0.113804
-0.445601
-0.647023
-0.293191
0.229102
-0.643544
0.528428
-0.657399
0.831904
-0.180212
-0.063448
0.444502
-0.564074
-0.475570
-0.878292
0.140294
0.153783
-0.832942
0.299051
-0.996948
0.720389
-0.029084
0.878292
-0.340739
-0.487838
-0.579760
0.874264
0.441877
-0.791986
0.264504
-0.761345
0.068392
-0.495468
-0.965270
-0.164037
-0.819758
0.922422
0.979186
-0.059664
0.175939
0.583300
0.843135
0.394879
-0.585986
-0.358623
0.880490
0.140660
-0.683096
-0.495224
-0.981628
-0.175512
-0.028901
-0.876888
-0.665944
-0.652211
-0.926511
0.774590
0.351238
0.637684
0.284219
-0.466964
0.591784
0.439497
-0.470626
0.922727
0.484603
-0.822443
-0.947386
0.788018
0.412702
-0.499313
-0.104404
0.641408
-0.901730
-0.753044
0.124424
0.125828
0.816767
0.631031
-0.137303
0.165685
0.763665
0.698782
-0.346110
-0.847407
-0.894711
-0.887936
-0.965148
-0.203833
0.116489
0.896725
0.035859
-0.158849
-0.531114
-0.239357
-0.753105
-0.929685
-0.072909
0.636097
0.806940
0.314615
0.003082
0.570177
-0.170812
-0.315714
0.798944
0.503342
0.770379
0.400555
0.796442
-0.924558
0.141758
0.739677
-0.582507
-0.330241
-0.438765
0.350871
-0.973449
0.418134
-0.859859
-0.176061
-0.326151
-0.459395
0.257424
-0.748894
0.783441
0.265725
-0.265847
-0.063265
0.501267
-0.184606
0.280251
-0.762993
-0.559313
-0.966124
-0.190344
-0.114353
0.485275
-0.208716
0.387249
-0.462203
0.020478
0.964537
0.023347
0.604541
0.446333
-0.005158
-0.948363
-0.680715
0.466903
0.448653
0.843623
-0.102939
-0.436323
0.726310
0.536607
-0.661061
-0.352641
0.515549
0.860103
0.526719
0.402020
0.200415
-0.636280
-0.676443
-0.408673
-0.727775
0.782037
-0.314066
0.350688
-0.345256
-0.685965
0.673269
0.629322
-0.540269
-0.194617
-0.372295
-0.965209
-0.272927
-0.135533
-0.491562
0.804254
0.431196
0.598560
0.372784
0.385662
-0.706717
-0.148106
-0.668996
0.627857
0.466292
-0.166845
0.514939
0.575915
-0.675283
0.101962
-0.815607
0.141148
-0.104587
0.983215
0.085177
-0.328898
-0.685049
0.493515
0.748405
0.967284
-0.673391
0.195898
0.602588
-0.239601
-0.105319
0.729789
0.888180
0.562548
0.427290
-0.507981
0.898434
-0.463240
0.325419
0.835505
0.122410
-0.945677
-0.385784
-0.913572
-0.314676
0.982299
0.280862
0.022858
0.758232
0.171728
0.674306
-0.791803
0.188086
0.627674
0.942869
-0.912595
0.583911
-0.010102
0.741264
-0.934080
-0.100803
0.761895
-0.194555
-0.360271
0.618702
0.004547
-0.112217
0.359783
0.437056
0.444929
0.671255
-0.292154
0.400861
0.213050
-0.583422
-0.576769
0.080477
0.496261
-0.244911
-0.286966
-0.219459
0.666372
-0.425214
0.072970
-0.881954
-0.995666
-0.469466
0.889523
-0.875729
0.076266
0.007294
0.624317
-0.331278
0.006745
0.191137
0.998047
-0.753105
0.001740
0.764641
-0.532029
0.788446
0.292337
-0.849788
0.984191
0.285318
0.262673
0.838191
0.984619
-0.460860
-0.905637
0.782769
0.195349
-0.533250
-0.352824
0.048433
0.061983
-0.451033
0.235084
0.867855
-0.172582
-0.205603
0.634083
-0.101962
-0.245949
-0.256020
-0.104648
-0.960021
-0.661916
0.045320
0.112583
-0.706412
0.558763
0.111667
-0.479659
-0.058626
0.299234
-0.134373
0.701712
0.153966
-0.956297
0.509812
-0.062654
-0.541917
-0.925596
0.637745
0.306070
-0.068148
0.200964
0.086703
-0.617237
0.655934
-0.185217
-0.391400
0.719047
-0.783990
-0.478866
-0.230934
-0.052095
0.569689
-0.538804
-0.555040
0.939695
-0.443525
-0.644276
0.713187
0.229347
0.919065
0.243629
0.724906
0.539476
0.914731
0.163732
0.058504
0.496506
-0.828425
0.321329
-0.056734
0.722526
0.463485
0.047578
-0.098849
-0.161657
-0.464766
0.429365
-0.727531
-0.469588
-0.447493
-0.741142
-0.594104
0.377606
0.710501
0.751274
0.623096
-0.687246
0.457869
-0.233863
0.449812
0.078341
0.619312
0.103183
-0.325297
-0.652150
-0.810785
-0.693655
-0.643788
-0.712821
-0.084384
-0.315714
-0.442305
-0.831965
0.886959
0.216590
-0.004975
-0.900143
-0.175878
0.320597
0.652821
-0.529160
0.301370
0.880001
-0.863643
0.109165
-0.862423
-0.596606
-0.158300
0.441145
0.557848
0.841609
-0.427595
0.121860
-0.059542
0.074496
0.538194
-0.504318
-0.582385
-0.284585
-0.551439
-0.694266
-0.070772
0.675100
-0.876888
-0.772271
0.650563
0.447066
0.378216
-0.229286
-0.494858
0.478622
0.743950
-0.845210
-0.694205
-0.053987
0.003632
-0.197790
-0.571215
-0.577685
-0.007965
-0.644093
-0.935240
-0.832698
0.588305
0.393292
0.199805
0.077425
0.516770
0.147008
0.698416
-0.961241
0.475448
-0.746757
-0.064425
-0.878414
0.764580
-0.007782
0.681265
0.537034
0.572802
-0.822077
0.218299
0.398663
0.790826
-0.871822
-0.319742
0.171789
-0.832636
-0.607837
0.871029
0.924192
-0.829035
-0.729118
-0.898679
-0.629322
-0.010773
0.997436
-0.734184
0.468612
-0.736991
0.109043
-0.683645
0.444868
0.051363
-0.763054
0.354289
0.007843
-0.919614
-0.012421
0.824519
-0.943846
0.728874
0.257363
0.004120
0.310282
-0.692740
-0.497665
-0.089084
0.085665
-0.968993
0.279824
0.421979
0.471969
-0.140233
0.419599
0.312601
-0.254494
-0.798395
-0.639760
0.869381
0.207495
0.272744
-0.470199
0.496139
-0.811701
-0.660512
-0.317606
0.760613
-0.839900
-0.732658
-0.597339
0.317850
0.951964
0.592090
-0.831294
-0.583666
-0.057161
-0.896908
-0.640614
0.461592
0.913511
-0.820307
0.096957
0.532029
-0.345012
-0.680410
0.963622
0.580065
-0.512864
0.537339
0.452132
-0.528794
0.278848
-0.297647
-0.682608
-0.001556
0.620594
0.984924
0.929502
0.196570
0.568896
0.835383
0.425398
-0.729789
0.951537
-0.904477
-0.241798
-0.353191
-0.221656
0.842769
-0.313150
0.223365
-0.977905
0.050691
0.755486
0.225257
-0.421674
-0.270669
-0.254189
-0.656911
0.384503
0.953734
-0.168126
-0.845759
-0.526780
-0.363811
-0.807184
0.387921
-0.971679
-0.217322
0.140843
