-0.528855
-0.291116
-0.242103
0.902402
-0.688040
0.217322
-0.757134
0.530137
0.497971
-0.898862
0.092196
0.429975
0.197058
0.163366
0.411969
-0.697623
-0.342814
-0.542955
-0.525864
-0.410199
-0.274697
-0.335429
0.270180
-0.499313
-0.326884
0.555589
-0.507797
-0.290506
0.055086
0.099338
0.330546
-0.514328
0.639210
-0.884335
-0.599658
0.430891
0.751762
-0.884091
0.561083
-0.393658
-0.823786
-0.709586
0.602222
0.610828
-0.449690
0.043489
-0.774773
-0.288736
-0.151830
0.318461
-0.066805
0.145054
0.241188
0.304910
0.200720
-0.034333
-0.136570
0.574145
0.632313
0.179357
0.735588
-0.593738
0.981506
-0.803766
0.811640
0.279275
-0.176611
0.853877
-0.687124
-0.912961
0.791070
-0.225684
0.616749
-0.957945
-0.258278
0.744194
0.140538
-0.598743
-0.167211
-0.656728
0.119602
0.378338
0.297708
0.233924
0.426252
0.460250
0.216651
-0.801386
0.127293
0.760552
-0.971801
-0.243568
0.630177
0.674306
0.049409
0.635731
-0.372234
0.314859
-0.702933
-0.363933
0.415937
-0.000092
0.671682
-0.530442
-0.603381
-0.053621
-0.051790
-0.784783
-0.259194
0.330119
-0.329020
-0.602222
0.049287
-0.222938
0.744194
-0.895199
0.339518
-0.324625
0.295938
0.012970
-0.844600
-0.036836
0.269143
0.314249
-0.261757
-0.741935
0.313944
0.342814
0.990844
0.061983
-0.241493
-0.482772
-0.516099
0.657338
0.165746
0.099277
-0.637684
0.227454
0.112094
-0.344707
-0.226051
0.756462
0.612964
-0.406049
-0.033174
-0.329325
-0.515122
-0.435957
-0.679678
-0.719901
0.964599
0.411481
0.237159
0.904172
0.503159
-0.772881
-0.980468
0.704093
0.680960
0.041475
-0.626942
-0.752678
-0.373577
-0.023225
-0.211341
0.069430
-0.110263
0.340800
0.043550
0.952452
-0.572069
-0.309793
0.451582
0.502121
-0.028535
-0.068209
-0.177587
-0.025849
-0.599475
0.961486
-0.822443
-0.748100
-0.239845
0.830866
-0.218299
0.548936
-0.278054
0.271767
-0.743706
0.997559
0.562731
-0.420759
-0.564867
0.499557
-0.769341
-0.448592
0.761467
-0.404950
0.549974
-0.130772
-0.505356
-0.504624
0.645192
-0.005707
-0.693899
0.402387
-0.924497
-0.596912
-0.493759
-0.881161
0.943419
0.834223
0.975463
-0.333232
0.283364
-0.547777
0.230323
0.255654
-0.204749
0.243080
0.427107
-0.938292
0.020295
0.036348
0.315165
-0.249062
0.965148
-0.239113
-0.358074
0.024201
0.610828
-0.667837
0.258950
0.344951
0.500107
0.313700
0.761284
0.376202
-0.971984
0.826289
0.800836
0.030732
0.064486
0.721366
-0.850703
0.395123
-0.619495
-0.411786
0.136753
-0.202612
-0.959777
0.491012
-0.361370
0.467513
-0.195044
-0.477035
0.503647
-0.991943
0.937803
-0.090182
0.404401
0.789605
-0.478988
0.310587
-0.675527
-0.655751
-0.413434
0.810663
-0.718009
0.852657
0.522141
-0.984069
0.412519
-0.266518
-0.694815
0.738578
0.233375
0.398907
-0.299112
-0.077486
-0.181433
0.339824
0.837519
0.242958
0.085116
-0.926939
-0.041841
-0.823664
0.840144
-0.523789
-0.484115
-0.808100
-0.859798
0.557726
-0.272073
-0.298379
0.765740
-0.835932
-0.657582
-0.713919
0.915098
-0.324503
-0.882076
0.293191
0.303201
0.634754
0.074679
0.940123
0.746879
0.469344
-0.944334
-0.117893
-0.086703
-0.652821
0.174230
0.564501
-0.805719
0.094211
0.468856
-0.479171
0.525925
-0.635365
0.005646
0.814203
-0.690786
0.649770
-0.933470
0.268227
-0.775628
-0.934751
0.799005
0.067843
0.017365
-0.565050
-0.973144
-0.108432
0.848567
0.348430
0.750603
0.444990
-0.964293
0.732597
0.540452
0.835994
0.081149
0.795831
-0.528062
0.097079
0.863155
-0.400861
-0.169408
0.495651
-0.240516
-0.244362
0.121677
-0.099338
0.208838
0.555345
-0.814203
-0.596362
0.536424
-0.652394
0.052767
-0.310831
0.219031
-0.464034
0.233497
-0.053377
-0.955382
0.961425
0.145848
-0.141820
-0.271950
0.257118
0.533006
0.023896
0.850337
-0.257179
-0.280496
0.857906
0.402326
-0.581164
0.427046
0.518845
-0.479965
0.630299
-0.778802
0.351360
-0.876461
0.671133
-0.585742
-0.569262
-0.450606
-0.066622
0.318216
0.142796
0.462874
0.252480
-0.428755
-0.463912
0.384014
-0.113681
0.589648
-0.608020
0.374981
-0.185461
-0.839961
-0.337138
0.526170
-0.513291
-0.224891
0.016388
0.931333
-0.145543
0.533494
0.481368
-0.903684
0.749565
-0.792596
-0.118137
0.263588
0.175329
-0.947508
-0.090915
-0.128147
0.549486
0.893674
-0.503464
0.352214
0.594409
0.956786
0.133763
-0.558763
-0.845943
0.785882
0.111728
-0.690542
-0.935484
0.152379
-0.320597
0.665822
0.384869
-0.275185
-0.750969
0.182714
0.036836
-0.724174
0.976684
0.357952
-0.147984
0.489608
-0.967223
0.740654
-0.266274
-0.073946
-0.539781
0.563219
-0.429121
-0.291177
0.269997
-0.036714
0.448714
-0.740165
-0.733634
0.853267
-0.608936
0.564074
-0.616749
-0.591784
-0.433027
-0.195471
0.528428
-0.255959
-0.511887
0.033296
-0.701285
-0.883786
0.102023
-0.743522
0.305338
-0.683157
0.346355
0.334025
-0.330607
0.855159
-0.313211
-0.045930
-0.822260
0.510422
0.437056
0.069735
-0.929624
0.767327
0.026276
0.609485
-0.942320
0.130161
-0.379559
-0.865841
-0.937376
-0.120518
-0.671926
0.135838
0.693533
0.538987
-0.049226
0.641713
0.218970
-0.339030
-0.972167
0.813410
-0.545030
0.870052
-0.378704
0.182897
0.824091
0.294778
-0.249489
0.276528
-0.510971
-0.332438
0.180639
-0.400739
0.289163
0.194739
-0.348979
-0.511155
-0.848201
0.679006
0.482467
-0.199255
0.686575
-0.112705
0.730155
0.298990
0.631703
-0.036348
-0.596850
0.869869
-0.513596
0.762261
-0.614795
-0.616932
0.728507
0.764153
0.981750
-0.847530
-0.718680
0.060945
-0.858638
-0.332133
-0.256630
0.015656
0.658559
-0.913083
-0.136814
-0.728080
0.031526
0.676992
0.092990
-0.589831
0.916684
-0.528916
0.499802
-0.613330
0.016388
0.895138
0.676321
-0.030427
0.939451
-0.405316
-0.786798
-0.846614
0.393231
0.043855
-0.078951
0.066378
0.992553
-0.408918
0.464095
0.758293
-0.229347
-0.657033
0.903806
0.103244
-0.935911
0.497971
0.400006
-0.484664
-0.265786
0.128819
0.200110
-0.837031
0.413434
-0.420209
-0.485580
-0.569384
0.716971
-0.955687
0.143223
-0.996643
0.318522
-0.821284
-0.202551
-0.999817
-0.668752
-0.992798
0.885311
-0.407270
0.466720
0.602771
0.034944
0.116550
-0.854610
0.907163
-0.516831
-0.022004
-0.820185
-0.400372
0.447798
-0.694876
0.172826
-0.145482
0.491256
-0.828913
-0.036042
-0.446028
0.098483
0.324076
-0.941832
-0.244972
0.257790
-0.118137
0.058321
-0.532273
0.033052
-0.431928
0.646352
0.861385
-0.714408
-0.074496
0.586352
-0.214209
-0.633351
0.821528
0.923582
-0.244667
0.003571
-0.235389
-0.637440
-0.738578
0.034883
0.296548
-0.042451
0.037080
-0.184668
0.578600
0.790948
0.693350
-0.556139
-0.141636
-0.611194
-0.819391
-0.396283
0.538682
0.806024
-0.560961
-0.016449
0.911191
-0.070223
-0.475997
-0.778375
0.893002
-0.271096
-0.282815
0.838984
-0.116855
0.033906
0.928831
-0.612049
0.483993
0.422040
0.494064
0.925047
0.863399
0.326640
-0.017670
0.472640
-0.473189
-0.168737
-0.920957
-0.039949
-0.488571
0.774834
-0.451094
0.509201
-0.815668
0.391583
0.348430
-0.283364
-0.855159
0.869686
-0.007721
0.332072
-0.871151
0.211158
-0.519150
-0.178137
0.881283
-0.076022
0.986450
-0.225929
-0.717399
-0.154942
-0.419172
0.723258
-0.117161
-0.262123
0.336772
0.789911
0.289956
0.741874
-0.248085
-0.736320
0.237098
-0.901120
0.753655
0.802362
-0.049287
-0.603137
0.161901
0.935240
0.783441
-0.137913
-0.246254
-0.026765
0.666250
0.658498
0.813227
-0.132847
0.565661
-0.640980
0.310282
-0.197363
0.299173
0.341533
-0.157750
-0.790216
0.046175
0.685781
-0.004669
-0.087497
0.018097
-0.404645
0.741935
0.617664
-0.007721
-0.316446
-0.053560
0.981567
0.332743
0.967833
-0.417463
-0.591235
0.208594
0.476852
-0.124302
0.785699
-0.156285
-0.063204
0.524766
-0.446883
-0.689261
-0.152013
0.157933
0.683828
0.506516
0.948057
0.906491
0.239540
-0.517136
0.606555
0.523972
-0.232398
0.514206
-0.968627
0.317423
-0.202979
0.708853
0.960875
0.862117
0.199499
0.603565
0.279641
-0.656117
0.171606
-0.273476
-0.296487
-0.081027
-0.284402
-0.084628
-0.090487
-0.898434
-0.002411
-0.999451
-0.195349
0.468490
0.156957
0.961730
-0.589099
-0.472396
0.201575
-0.322916
-0.872677
0.169347
-0.954161
0.496811
-0.208899
0.808588
0.289590
-0.197790
-0.687307
0.899106
-0.981079
0.900754
-0.059359
0.997070
0.641896
0.141881
0.507126
0.324137
0.376263
0.920896
0.245582
0.135533
0.778191
-0.049959
-0.928343
0.314371
-0.227882
0.936766
0.973632
-0.585620
-0.239540
-0.469527
0.881527
0.438581
-0.681326
-0.164403
-0.618397
-0.963134
0.948241
-0.733207
-0.499924
-0.281777
-0.341777
-0.641957
-0.287515
-0.678152
-0.692251
-0.178991
0.718863
0.595935
-0.640797
0.294351
0.135594
0.950438
0.686758
-0.950438
0.587024
0.225196
-0.494430
0.571276
0.862667
0.211890
0.160924
-0.030427
-0.343242
-0.636341
-0.651051
-0.867550
-0.582629
0.359905
-0.219459
0.908444
-0.379620
-0.338786
0.611744
0.625782
0.221412
0.678457
-0.984375
-0.193457
0.267861
0.994690
-0.153966
0.389325
-0.788018
-0.793573
0.626820
-0.775689
0.373333
0.916623
-0.644581
-0.574450
-0.644093
0.220130
0.279275
0.598987
0.819575
-0.096042
0.661916
0.244545
-0.778497
0.935362
0.387310
-0.123020
-0.938292
-0.210547
0.052339
0.172033
-0.950499
-0.869137
-0.766167
-0.252785
0.170507
0.775506
0.885311
0.052889
0.664418
-0.897031
-0.793756
0.455123
0.160985
-0.194311
0.082614
-0.168798
-0.391034
0.696585
-0.660634
-0.760491
-0.687307
0.661733
0.483566
-0.206702
0.772454
-0.042329
-0.284951
0.190588
-0.229347
0.858821
-0.041108
0.427656
-0.593677
-0.485336
0.426191
0.637806
-0.484603
0.926939
0.146397
-0.825922
-0.883908
-0.779901
0.728385
-0.238746
-0.378582
-0.317057
0.095248
0.028962
0.465621
-0.932615
0.016877
0.447737
-0.526780
0.134068
-0.354350
0.431745
-0.063814
-0.787652
-0.426374
0.530686
0.760002
-0.942442
0.124058
-0.038606
0.079623
0.138707
0.513535
0.460067
-0.108066
0.037690
0.082858
-0.653493
-0.209876
-0.801874
-0.673818
-0.990417
0.857356
-0.980346
-0.529160
0.706839
-0.923154
-0.646290
0.877316
-0.193152
-0.744072
0.979614
-0.514206
0.998840
-0.435896
-0.624439
0.559801
-0.766228
-0.771599
-0.013092
-0.098788
0.069124
0.590136
0.060274
-0.866268
-0.375774
0.586291
0.506943
0.287271
-0.642994
-0.463546
0.993591
0.202857
0.346843
-0.163793
-0.170324
0.229591
-0.770013
0.082369
0.562731
0.341044
0.957335
0.177892
0.416303
-0.310953
0.471969
-0.452254
-0.679800
0.036836
-0.420454
0.414106
0.811701
-0.510727
0.878597
-0.830561
-0.232704
-0.034639
0.891110
0.467940
-0.549791
0.993103
-0.209937
-0.115757
-0.301004
0.649709
0.472091
0.603626
0.344584
0.772942
-0.876705
-0.046419
0.622669
0.591601
0.572680
-0.858211
0.470504
0.936460
-0.287271
0.935118
0.142064
-0.443220
-0.959655
0.187719
0.536790
-0.817133
-0.441816
0.577258
0.769829
0.215552
-0.678640
-0.872860
-0.136448
-0.997192
0.959410
0.856746
0.429365
0.860408
-0.395856
0.125217
0.372723
-0.066988
0.249916
0.752129
-0.930357
-0.540941
-0.269570
0.551988
0.926389
-0.067904
-0.619556
0.120762
0.426618
-0.735771
-0.946226
0.540147
0.597949
-0.788202
0.201270
-0.887692
-0.107700
0.014069
0.492965
0.329386
0.900266
0.319193
0.723502
0.812555
-0.293435
0.047639
-0.297525
-0.141331
-0.600024
-0.376995
-0.839167
0.817377
-0.211707
-0.733940
-0.555284
0.712455
0.463790
-0.151891
-0.295450
0.868343
-0.062227
-0.979125
0.451338
0.796381
-0.875179
-0.702078
-0.007416
0.900082
-0.036592
-0.951659
0.758782
-0.269204
-0.617420
-0.839106
-0.923582
0.384808
0.092502
0.796503
-0.463363
0.212439
0.994507
-0.250954
-0.840388
0.539232
0.931272
-0.171850
0.318461
0.057405
0.583361
-0.098910
0.834346
0.706046
-0.780084
-0.042756
0.054537
0.827326
0.971313
-0.427290
0.147923
0.268288
-0.675100
0.388226
0.925596
-0.291543
0.576464
-0.884335
0.327494
0.155614
0.045991
-0.475387
-0.615406
0.505783
0.481246
0.890988
-0.150914
-0.433760
-0.989013
0.291665
0.378277
-0.039583
-0.694021
-0.086825
-0.411176
0.408185
-0.999878
-0.450362
-0.605457
0.652638
-0.777886
0.735160
0.621693
-0.181127
-0.337687
-0.097201
-0.637501
0.672292
0.439802
-0.742973
-0.901852
-0.602527
0.026399
-0.746941
-0.847468
-0.679373
-0.342326
0.053072
-0.384503
0.088717
-0.745293
-0.418195
0.639332
-0.580493
0.397748
-0.268044
-0.248207
0.942930
-0.891110
-0.768365
0.550707
0.356792
0.538133
0.882504
0.072237
0.356670
-0.850215
0.682546
-0.565538
-0.156652
-0.589831
-0.551866
0.497971
0.698111
0.747734
0.143651
-0.190344
0.346538
0.604419
-0.178381
0.372723
0.922544
0.492538
0.421613
0.847224
0.462569
0.920347
-0.887875
0.527390
-0.399518
0.631031
0.729789
0.739616
0.773064
0.760186
-0.003876
-0.733695
-0.614795
0.350139
0.503830
0.423139
0.880490
0.187841
-0.681997
-0.066439
-0.306314
-0.152318
0.470931
-0.787896
-0.915647
0.161657
-0.978454
-0.798578
0.506943
0.791131
0.008942
-0.092929
-0.172460
0.990051
0.816889
-0.194128
-0.376141
0.096530
0.777886
0.314066
0.586169
-0.203711
-0.359355
-0.583361
-0.637196
-0.140904
0.030549
-0.010529
-0.272378
0.684744
-0.869015
-0.440291
0.426069
0.438154
0.027619
-0.928831
-0.791131
0.471664
0.367840
-0.989441
-0.681448
0.712821
0.775628
-0.541063
0.864376
-0.541185
-0.077975
-0.222755
0.167272
0.201331
0.831599
0.819575
-0.886410
0.768548
0.430708
0.857173
0.862239
-0.769280
-0.492904
0.365215
0.709220
0.572985
-0.861751
-0.634510
0.632496
-0.027741
-0.199866
0.487533
0.572192
-0.153661
-0.033540
-0.452803
0.418195
0.980895
0.765374
0.983642
0.567248
-0.056795
-0.650807
-0.440535
0.068636
0.916501
0.930601
0.907346
0.661428
0.040071
0.499863
0.008271
0.080416
0.503098
0.374981
0.952940
-0.345988
0.083651
0.649953
-0.937010
-0.948912
-0.856319
0.211524
-0.295328
0.520066
-0.766289
0.735038
0.625843
-0.755730
-0.317118
0.612171
0.831721
0.661916
0.939512
0.716361
-0.466353
-0.663564
-0.574328
-0.678335
0.683157
-0.413434
0.356426
-0.502731
-0.787042
0.319620
-0.748955
0.239662
-0.929563
-0.841853
0.998901
-0.227271
0.215064
-0.373882
0.098605
0.386212
0.607288
-0.472518
-0.817133
-0.806940
0.125401
0.368877
0.286233
-0.493088
0.012909
0.385113
0.043062
0.200537
0.910886
0.529710
0.721427
0.832453
-0.169347
-0.383892
0.323588
-0.106967
0.265175
-0.395734
-0.511338
-0.071627
-0.556688
-0.343425
-0.610645
-0.684805
0.473800
-0.965453
0.442549
-0.239967
-0.218909
-0.758782
-0.989624
0.863094
-0.512070
-0.606189
0.912229
-0.856746
0.325480
0.602527
-0.973876
0.681814
0.392010
-0.388531
0.471236
-0.319864
-0.812433
-0.908506
-0.470443
-0.452437
-0.586230
0.353313
-0.940550
-0.231788
-0.074007
0.170141
0.062654
0.685415
-0.843684
-0.906003
-0.516648
0.255898
0.913083
-0.731193
-0.612781
0.006806
-0.948119
-0.258644
-0.348857
-0.630360
-0.840571
0.057039
-0.428816
-0.176794
0.572436
-0.748772
-0.352031
-0.954649
-0.764885
0.530381
-0.417341
-0.908750
-0.960997
-0.362346
0.873470
0.843806
0.451582
-0.095065
0.227271
-0.044221
-0.115146
-0.927671
-0.504929
0.106967
-0.459761
0.842524
0.635426
0.645497
-0.040254
0.351238
-0.536119
0.777886
-0.522568
0.940611
0.762932
0.582385
-0.006806
-0.171422
0.655141
0.323588
0.525193
0.903439
0.541734
0.230506
-0.212500
-0.809015
0.266945
0.177160
-0.027070
-0.265603
0.267617
0.170507
-0.127171
-0.682546
0.219031
-0.783624
0.266945
0.763421
-0.503037
-0.855220
0.684317
-0.731864
-0.664907
0.894406
0.910886
-0.722404
0.102329
-0.067965
0.504624
-0.881222
-0.946104
-0.580676
0.734916
-0.006867
0.567248
-0.822748
-0.232093
-0.677664
-0.776727
0.659902
0.694388
0.446150
-0.164464
-0.612720
-0.697928
0.681387
0.875790
0.015595
0.805963
0.477218
-0.898190
0.710013
0.645924
-0.581103
-0.765007
-0.058321
0.128636
0.538377
0.714652
0.912229
0.167211
0.188818
-0.113620
-0.714286
0.518784
-0.170080
0.857173
-0.786187
0.174169
-0.411176
-0.609729
0.621509
-0.774346
0.725883
-0.118198
0.030183
