-0.528855
-0.291116
-0.242103
0.902402
-0.688040
0.217322
-0.757134
0.636280
0.497971
-0.898862
0.092196
-0.437727
0.197058
0.162389
0.411969
-0.626942
-0.342814
-0.542955
-0.525864
0.467330
-0.274697
-0.335429
0.270180
-0.499313
-0.326884
0.555589
-0.507797
0.702506
0.055086
0.099338
0.330546
-0.514328
0.639210
-0.884335
-0.599658
0.430891
0.751762
-0.884091
0.561083
-0.418683
-0.823786
-0.880917
-0.818049
0.610828
-0.449690
0.043489
-0.634877
-0.288736
-0.151830
0.318461
0.032136
0.145054
0.241188
0.304910
0.200720
-0.034333
-0.136570
0.574145
0.632313
0.179357
0.735588
-0.593738
0.981506
-0.942015
0.811640
0.279275
-0.176611
0.853877
-0.687124
-0.515183
0.791070
-0.225684
-0.546373
-0.957945
0.412946
0.744194
0.140538
-0.598743
-0.167211
-0.585376
0.119602
-0.950621
0.297708
0.233924
0.813654
0.460250
-0.498459
-0.801386
0.127293
0.760552
-0.386639
-0.243568
0.630177
0.674306
0.813593
0.635731
-0.372234
0.314859
-0.627674
-0.363933
0.415937
-0.000092
0.671682
-0.530442
-0.603381
-0.053621
0.077731
-0.784783
-0.259194
0.330119
-0.329020
-0.602222
0.049287
-0.437727
0.744194
-0.895199
0.957579
-0.324625
0.295938
0.012970
-0.844600
-0.036836
-0.902402
0.314249
0.116672
-0.741935
0.313944
0.342814
0.990844
0.061983
-0.241493
-0.482772
-0.173925
0.657338
0.165746
0.099277
-0.637684
0.227454
0.112094
-0.344707
0.356853
0.756462
0.612964
0.067660
-0.033174
-0.640736
-0.515122
-0.435957
-0.679678
-0.719901
0.964599
0.411481
0.237159
0.904172
0.503159
-0.772881
-0.304178
0.704093
0.680960
0.041475
-0.626942
-0.752678
-0.373577
-0.023225
-0.292764
0.069430
-0.110263
0.340800
0.043550
-0.721366
-0.572069
-0.309793
0.451582
0.502121
0.567370
-0.068209
-0.177587
0.478927
0.269326
0.961486
-0.822443
-0.778497
-0.239845
0.830866
-0.218299
0.548936
-0.278054
-0.370830
-0.743706
0.997559
0.562731
-0.420759
-0.564867
0.499557
-0.769341
-0.448592
0.761467
0.068758
0.549974
-0.130772
-0.505356
-0.504624
0.645192
-0.005707
0.291604
0.402387
0.016144
-0.596912
-0.493759
-0.881161
0.943419
0.834223
0.975463
-0.333232
0.283364
-0.547777
0.230323
0.255654
-0.204749
0.243080
0.427107
-0.938292
0.020295
0.036348
0.315165
-0.249062
0.965148
-0.239113
-0.358074
0.024201
0.610828
-0.542344
0.179235
-0.410932
0.500107
0.969909
0.655446
0.376202
0.391400
0.826289
0.474471
0.030732
0.064486
0.721366
-0.850703
0.395123
-0.619495
-0.411786
0.136753
-0.202612
-0.959777
0.491012
-0.361370
0.467513
-0.195044
-0.477035
-0.132969
-0.991943
0.937803
-0.090182
0.404401
0.789605
-0.478988
0.310587
-0.675527
0.251015
-0.413434
0.810663
0.802362
0.852657
0.139317
-0.984069
0.412519
-0.266518
-0.709952
0.738578
0.233375
0.398907
-0.122044
-0.077486
-0.050081
-0.286050
0.837519
0.242958
0.085116
-0.926939
-0.041841
-0.452925
0.921201
0.384625
-0.484115
-0.829890
-0.859798
0.557726
-0.170812
-0.805658
0.765740
-0.095431
-0.657582
-0.713919
0.915098
-0.324503
-0.882076
0.293191
0.303201
0.634754
0.074679
0.940123
0.746879
0.469344
-0.944334
-0.117893
-0.101413
-0.945433
0.174230
0.564501
-0.805719
0.094211
0.468856
-0.479171
0.525925
-0.635365
0.005646
0.814203
-0.690786
0.649770
-0.933470
0.268227
-0.570971
-0.242103
0.799005
0.067843
-0.525498
-0.565050
0.992126
-0.108432
0.848567
0.348430
0.750603
0.444990
-0.964293
-0.675649
0.540452
0.835994
0.081149
0.795831
-0.528062
0.097079
0.863155
-0.400861
-0.169408
0.495651
-0.240516
-0.244362
0.121677
-0.099338
0.208838
0.555345
-0.814203
-0.212012
0.536424
-0.652394
0.052767
0.021638
0.219031
-0.464034
0.241554
-0.053377
-0.955382
0.211402
0.145848
-0.141820
-0.271950
-0.413068
-0.599475
0.023896
0.850337
-0.257179
-0.280496
-0.502060
0.402326
-0.581164
0.427046
0.518845
-0.479965
0.630299
-0.778802
0.351360
-0.876461
0.671133
-0.585742
-0.569262
-0.450606
-0.066622
0.318216
0.142796
0.462874
0.454695
-0.428755
-0.463912
0.384014
-0.113681
0.589648
-0.608020
0.374981
-0.185461
-0.839961
-0.337138
0.526170
-0.513291
-0.224891
0.016388
0.931333
-0.145543
0.533494
0.481368
-0.903684
0.305704
-0.792596
-0.118137
0.263588
0.175329
-0.947508
-0.090915
-0.128147
0.549486
0.893674
-0.503464
0.352214
0.594409
-0.963378
-0.943480
-0.558763
-0.845943
0.785882
0.111728
-0.690542
-0.935484
0.152379
-0.523179
0.665822
0.384869
-0.275185
-0.750969
0.453597
0.036836
-0.724174
0.976684
0.357952
-0.147984
0.489608
0.349101
0.740654
-0.266274
-0.073946
-0.416730
0.563219
-0.429121
-0.291177
0.269997
-0.036714
0.448714
-0.212683
-0.733634
0.059908
-0.608936
0.564074
-0.616749
-0.597156
-0.972045
-0.195471
0.528428
-0.255959
-0.973266
0.033296
-0.701285
-0.883786
0.286355
-0.743522
0.305338
-0.683157
0.346355
0.334025
-0.330607
-0.669362
-0.313211
-0.045930
-0.822260
0.510422
0.637501
-0.690481
-0.929624
0.767327
0.026276
0.609485
-0.942320
0.130161
-0.379559
-0.865841
-0.937376
-0.835994
-0.671926
0.135838
0.693533
0.538987
-0.049226
0.641713
0.218970
-0.339030
-0.972167
0.813410
-0.545030
0.870052
-0.378704
0.182897
0.824091
0.648854
-0.249489
0.276528
-0.510971
-0.332438
0.180639
-0.400739
0.289163
0.194739
-0.348979
-0.511155
-0.848201
0.679006
0.482467
-0.199255
-0.506027
-0.112705
0.730155
0.298990
0.631703
-0.036348
-0.596850
0.869869
-0.513596
0.762261
-0.614795
-0.616932
0.728507
0.764153
-0.031831
-0.847530
-0.718680
0.060945
-0.858638
-0.332133
-0.256630
0.668447
0.658559
-0.913083
-0.136814
-0.728080
0.031526
0.693716
0.092990
-0.589831
0.916684
-0.528916
0.499802
-0.613330
0.016388
0.895138
0.676321
0.277932
0.939451
-0.405316
-0.554186
-0.415998
0.393231
0.043855
-0.078951
0.783807
-0.632496
-0.408918
0.464095
0.758293
-0.229347
-0.657033
0.903806
0.103244
-0.935911
0.497971
0.400006
-0.109104
-0.265786
0.128819
0.200110
-0.837031
0.413434
-0.420209
-0.485580
-0.584704
0.716971
-0.955687
0.143223
-0.996643
0.318522
-0.821284
-0.202551
-0.999817
-0.668752
-0.992798
0.885311
-0.407270
0.466720
0.602771
0.146641
-0.878414
-0.854610
0.907163
-0.516831
-0.055086
-0.820185
-0.400372
0.447798
-0.694876
0.172826
-0.145482
0.491256
-0.828913
-0.036042
-0.446028
0.098483
0.324076
-0.941832
-0.244972
-0.643727
-0.118137
0.058321
-0.821284
0.033052
-0.431928
0.646352
0.861385
-0.714408
-0.074496
-0.763359
0.380840
-0.633351
0.821528
0.691153
-0.244667
0.003571
-0.235389
-0.637440
-0.738578
0.034883
0.542833
-0.042451
0.037080
-0.184668
0.578600
0.790948
0.693350
-0.556139
0.674612
-0.018403
-0.819391
-0.396283
0.538682
0.413373
-0.560961
-0.016449
0.911191
-0.070223
-0.475997
-0.778375
0.893002
-0.852290
-0.282815
0.838984
-0.116855
0.033906
0.928831
-0.612049
0.483993
0.422040
0.494064
0.552721
-0.804132
0.326640
-0.017670
0.472640
-0.473189
-0.168737
-0.920957
-0.039949
-0.488571
0.774834
0.628956
-0.350993
-0.815668
0.391583
0.348430
-0.283364
-0.855159
0.869686
-0.007721
0.332072
-0.871151
-0.088107
-0.372723
-0.178137
0.945799
-0.076022
0.986450
-0.225929
-0.717399
-0.154942
-0.419172
0.723258
0.536241
-0.262123
0.336772
0.812189
-0.957091
0.741874
-0.248085
0.348369
0.237098
-0.795587
0.927305
0.802362
-0.049287
-0.603137
0.161901
0.935240
0.783441
-0.137913
-0.246254
-0.026765
0.666250
0.658498
0.750237
-0.132847
0.565661
-0.640980
0.310282
-0.197363
0.299173
0.341533
-0.157750
-0.790216
0.046175
0.685781
0.703543
-0.087497
0.018097
-0.404645
0.741935
0.617664
-0.896054
-0.897885
-0.053560
0.981567
0.332743
0.967833
0.713309
-0.052034
0.566027
0.476852
-0.124302
0.785699
-0.406232
-0.063204
0.524766
-0.446883
-0.689261
-0.152013
0.157933
0.189856
0.506516
0.948057
0.906491
0.938414
-0.517136
0.606555
0.523972
-0.232398
0.514206
-0.605945
0.317423
-0.202979
0.708853
0.960875
0.862117
0.199499
0.603565
0.279641
-0.656117
0.171606
-0.273476
-0.296487
-0.081027
-0.284402
-0.084628
0.047700
0.577441
-0.228675
-0.999451
-0.195349
0.468490
0.156957
0.961730
-0.051363
-0.472396
0.201575
0.660146
-0.872677
0.169347
-0.954161
0.496811
-0.208899
-0.791437
0.289590
-0.197790
-0.687307
0.899106
-0.930479
-0.835994
0.160192
0.997070
0.391034
0.141881
0.507126
0.107761
-0.229591
0.920896
0.406476
-0.601123
0.778191
0.031343
-0.261330
0.314371
0.093539
0.561388
-0.754570
0.720878
-0.069063
-0.031709
-0.654164
0.719413
0.701285
-0.164403
-0.618397
0.702139
-0.164098
-0.733207
-0.499924
0.953490
0.539048
-0.422712
-0.287515
-0.678152
-0.064913
-0.282815
0.718863
0.595935
-0.116916
-0.843257
0.135594
0.950438
0.537889
0.254067
-0.915769
0.225196
-0.494430
0.082919
0.862667
0.211890
-0.560289
-0.030427
-0.343242
-0.636341
0.220496
-0.875179
-0.582629
-0.011200
-0.858333
0.908444
-0.237648
-0.338786
0.096225
0.625782
0.286294
-0.667837
-0.984375
-0.511643
-0.735771
0.994690
-0.447188
0.389325
-0.788018
-0.806391
-0.908078
-0.325297
0.402020
0.916623
-0.644581
-0.177099
-0.403485
0.220130
0.658864
-0.951170
0.420820
-0.096042
0.661916
-0.124546
0.196081
0.339030
-0.420576
-0.123020
-0.938292
-0.210547
0.515854
0.172033
-0.950499
-0.933531
0.987671
-0.252785
0.170507
0.775506
-0.074313
0.052889
-0.547838
0.010590
-0.793756
0.455123
0.160985
-0.396039
0.082614
-0.896054
-0.391034
0.696585
0.371807
0.159642
-0.295083
-0.662282
0.164586
0.216590
0.772454
-0.042329
-0.426374
-0.533738
-0.229347
-0.880978
0.240028
0.427656
-0.593677
-0.200659
-0.227027
0.568590
-0.130711
0.640309
0.315043
-0.910398
0.005280
0.624073
0.728385
0.034639
-0.819941
0.693045
0.095248
0.254799
0.465621
-0.932615
0.041047
0.447737
-0.526780
0.134068
0.700858
-0.650624
-0.063814
-0.787652
-0.055574
0.530686
0.832331
-0.942442
-0.584155
-0.038606
-0.255593
0.772088
-0.018403
0.460067
-0.108066
0.037690
0.103671
0.123997
-0.080905
-0.801874
-0.673818
-0.990417
0.857356
-0.980346
-0.155919
0.494980
-0.408368
-0.646290
0.877316
-0.193152
-0.703482
0.282144
-0.514206
0.998840
-0.435896
0.106906
0.052339
-0.766228
-0.521714
-0.013092
-0.916440
0.069124
0.590136
0.060274
0.113498
0.566210
0.676016
0.506943
0.287271
0.473617
0.751762
-0.500656
-0.778253
0.346843
0.388592
-0.214576
-0.722526
-0.770013
0.082369
0.562731
0.551805
-0.668447
-0.983642
0.416303
-0.310953
0.471969
-0.452254
-0.679800
0.036836
-0.420454
-0.040376
0.290506
-0.510727
-0.824458
-0.830561
0.605457
-0.034639
-0.042329
0.467940
-0.875790
0.993103
-0.897214
0.946837
-0.301004
0.233924
0.009003
0.603626
0.510361
-0.381024
-0.876705
0.716666
0.622669
0.411054
0.572680
-0.858211
0.470504
0.936460
-0.287271
0.935118
-0.885006
-0.744926
-0.959655
0.187719
-0.834773
0.381756
0.509568
-0.861995
0.110813
0.215552
-0.581591
0.546434
-0.805536
-0.677664
0.959410
0.506516
0.429365
0.860408
0.925474
0.125217
0.372723
-0.834834
0.249916
0.752129
0.382305
-0.540941
0.835322
-0.689383
0.926389
0.700369
-0.960692
0.544176
0.426618
-0.090121
0.155431
-0.815363
0.597949
-0.098849
0.201270
0.598132
-0.107700
0.964415
0.492965
0.500534
0.856746
0.319193
0.442427
0.812555
0.847835
0.047639
0.446028
-0.141331
-0.600024
-0.376995
-0.203345
-0.323954
-0.211707
-0.684378
-0.827143
0.712455
0.463790
-0.151891
-0.295450
-0.109775
0.122959
-0.180273
0.713065
0.796381
0.086459
-0.664296
0.010468
0.839961
-0.036592
-0.951659
0.758782
0.972411
-0.857723
-0.839106
-0.923582
0.384808
0.092502
0.796503
0.706412
0.058260
0.994507
-0.250954
-0.840388
0.518113
0.931272
0.397809
-0.227454
0.547166
0.583361
0.685354
0.834346
0.706046
-0.780084
-0.042756
-0.473617
-0.922178
0.262368
-0.427290
0.223792
-0.049837
-0.737602
-0.665212
-0.890927
0.531480
0.865719
-0.884335
0.893185
0.998413
-0.956786
-0.760796
-0.615406
-0.010834
-0.832453
-0.692312
-0.669362
0.493576
-0.989013
-0.054537
0.378277
-0.039583
-0.694021
-0.086825
-0.411176
0.255043
-0.761406
-0.450362
-0.284829
0.031098
-0.777886
0.851314
-0.144566
-0.181127
-0.629749
-0.097201
-0.637501
0.672292
0.439802
0.797418
-0.237709
-0.602527
0.026399
-0.484970
-0.847468
-0.679373
-0.342326
0.053072
-0.431806
-0.794427
0.745659
-0.418195
0.639332
-0.580493
0.599719
-0.863765
-0.582385
0.942930
-0.891110
-0.768365
0.550707
0.356792
0.538133
0.882504
-0.597278
0.356670
-0.376080
0.682546
-0.635609
-0.955077
-0.589831
-0.675344
0.497971
0.219764
0.747734
-0.630909
0.992248
0.346538
0.294229
-0.178381
0.372723
-0.437483
-0.996887
-0.724784
0.847224
0.462569
0.920347
-0.253212
-0.615040
-0.399518
0.631031
-0.830500
0.739616
0.773064
0.760186
-0.622303
-0.733695
-0.614795
0.350139
0.503830
0.423139
0.880490
0.187841
-0.681997
-0.066439
-0.306314
-0.152318
0.350383
0.099704
-0.915647
0.879696
-0.978454
-0.798578
0.506943
0.791131
0.008942
-0.092929
-0.172460
0.315714
0.816889
-0.194128
-0.376141
0.096530
0.777886
0.314066
0.586169
-0.203711
-0.359355
-0.583361
-0.637196
-0.140904
0.030549
-0.010529
-0.272378
0.684744
-0.869015
-0.440291
0.426069
0.438154
-0.408185
-0.928831
-0.791131
0.471664
0.367840
-0.989441
-0.681448
0.712821
0.775628
-0.541063
0.864376
-0.541185
-0.077975
-0.222755
0.167272
0.956664
0.831599
0.819575
0.408063
0.768548
0.430708
0.857173
0.862239
-0.769280
-0.492904
0.365215
0.709220
0.172948
-0.861751
-0.634510
0.632496
-0.027741
-0.199866
0.621693
0.572192
-0.153661
-0.033540
-0.452803
-0.944823
0.338542
-0.828181
0.983642
0.567248
-0.056795
-0.650807
-0.270913
-0.578906
0.916501
0.930601
0.907346
0.661428
0.040071
0.499863
0.008271
-0.223975
0.060579
0.374981
0.952940
-0.345988
0.083651
0.649953
0.099948
-0.948912
-0.856319
0.211524
-0.295328
0.520066
-0.766289
0.735038
0.625843
-0.755730
-0.010102
0.612171
0.831721
0.661916
0.939512
0.716361
-0.466353
-0.663564
-0.574328
-0.678335
-0.226478
0.079257
0.356426
0.101169
-0.787042
0.319620
-0.748955
0.239662
-0.929563
-0.841853
0.998901
-0.227271
0.215064
-0.373882
0.098605
0.386212
0.607288
-0.472518
-0.271096
-0.806940
0.125401
0.368877
0.286233
-0.493088
0.012909
0.385113
0.815790
0.093600
0.910886
0.529710
0.721427
-0.783074
-0.169347
-0.383892
0.323588
-0.106967
0.395734
-0.395734
-0.064669
-0.071627
-0.556688
-0.343425
-0.808222
0.481674
0.473800
-0.965453
-0.706534
-0.239967
-0.707327
-0.758782
-0.989624
0.863094
-0.512070
-0.606189
0.912229
-0.290689
0.325480
0.602527
-0.873043
0.258644
0.392010
-0.099643
0.471236
-0.319864
-0.812433
-0.908506
-0.470443
0.846919
-0.586230
0.353313
-0.940550
-0.231788
-0.074007
0.170141
0.062654
0.685415
-0.843684
-0.906003
-0.516648
0.255898
0.913083
-0.731193
-0.612781
0.006806
-0.948119
-0.667226
-0.348857
-0.630360
-0.840571
-0.462264
-0.428816
-0.176794
0.572436
-0.748772
-0.352031
-0.332926
-0.764885
0.530381
-0.417341
-0.908750
-0.960997
-0.362346
0.873470
0.843806
0.451582
-0.095065
0.227271
-0.044221
-0.115146
-0.927671
-0.504929
0.106967
-0.459761
0.842524
0.635426
0.532395
-0.040254
0.351238
-0.536119
0.763787
-0.522568
0.940611
0.762932
0.582385
-0.006806
0.203345
0.655141
-0.855831
0.739311
0.903439
0.541734
0.230506
-0.212500
-0.809015
0.266945
0.177160
-0.027070
-0.265603
0.267617
0.170507
0.787286
-0.682546
0.219031
-0.783624
0.266945
0.763421
-0.503037
0.051790
0.684317
-0.731864
-0.664907
0.894406
-0.474288
-0.722404
0.102329
0.875729
0.504624
0.637013
-0.946104
-0.580676
0.734916
-0.006867
0.567248
-0.822748
-0.232093
-0.677664
-0.776727
0.154759
0.694388
0.446150
-0.164464
-0.612720
-0.697928
0.681387
0.875790
-0.419904
0.805963
0.477218
-0.243202
0.710013
0.645924
-0.581103
-0.765007
-0.058321
0.128636
0.538377
0.714652
0.912229
0.167211
0.055330
-0.113620
-0.714286
0.518784
-0.170080
0.403851
-0.222449
0.174169
-0.411176
-0.609729
0.621509
-0.774346
0.725883
-0.118198
0.662770
