-0.403546
-0.217322
0.067171
0.974670
-0.157872
0.952269
-0.858455
0.241005
0.215003
0.563158
-0.954772
-0.066988
0.045808
-0.761711
0.034944
-0.435591
0.463179
0.036714
-0.040132
-0.188330
-0.593066
0.394086
-0.023225
-0.499313
-0.514878
0.555589
-0.987671
0.165624
0.323099
-0.020112
0.925169
0.389752
0.726005
-0.199377
-0.922727
0.192053
0.291910
-0.040315
0.899411
-0.422529
-0.716178
-0.557421
-0.806146
0.760857
-0.750847
-0.258644
-0.571398
0.120945
0.037385
0.432173
-0.066805
-0.867733
0.613758
0.304910
0.812311
0.135411
-0.343730
-0.292215
-0.378094
0.652516
0.485824
0.810236
0.981506
-0.897885
-0.829585
-0.896908
0.972106
-0.519639
-0.567736
0.100864
-0.011872
-0.169042
-0.352519
0.573840
-0.756096
0.794977
0.772210
-0.171178
0.782952
-0.945189
0.140172
0.966185
0.944761
0.233924
0.426252
-0.956359
0.906674
0.740837
0.218116
-0.787713
0.742241
0.287088
-0.877682
-0.131138
-0.271828
0.864620
0.146519
-0.591113
0.338481
-0.619312
0.810785
-0.734367
0.411481
-0.696585
-0.023896
0.215369
0.729484
-0.448469
-0.408124
0.330119
0.837275
-0.369915
0.122410
0.962706
0.168126
-0.205786
-0.683645
0.791681
-0.184118
0.012970
0.655507
-0.872005
-0.439436
0.314249
0.203345
-0.796442
0.746330
-0.312296
0.990844
0.965453
0.850398
0.825007
0.029267
-0.960265
0.194189
0.788141
0.217200
-0.913694
0.527390
-0.254006
0.432478
0.692801
-0.308206
-0.948668
0.283792
-0.335551
-0.446272
0.938292
0.001984
-0.422407
-0.339335
-0.080721
-0.939146
-0.302408
0.583728
-0.556017
-0.289529
-0.614673
0.809015
0.864864
0.774346
-0.823786
0.733451
-0.617420
0.216163
0.956420
-0.110263
0.883847
0.442366
-0.224219
0.492294
-0.827815
0.251198
0.809992
-0.821284
-0.892026
0.621265
0.369793
0.283853
0.549425
-0.409528
-0.848811
-0.204566
-0.349101
-0.324564
-0.782098
0.473556
0.916318
0.121677
-0.826106
0.584948
-0.857295
0.835444
-0.957457
0.907773
0.781549
0.761467
-0.806391
-0.885983
-0.015473
-0.697012
0.857967
0.537523
-0.987060
0.955809
-0.700491
0.784173
0.960875
-0.286111
0.931028
-0.978454
0.952391
0.975463
0.992737
0.747490
-0.547777
0.431806
0.405805
-0.139744
-0.805353
-0.839717
-0.256813
-0.684439
0.583544
-0.079684
-0.240822
0.080844
-0.239113
-0.881222
0.068514
-0.578600
-0.541673
0.179235
0.344951
0.748222
-0.120640
-0.442732
0.854305
-0.281961
-0.692251
-0.065279
0.749016
-0.901303
-0.369060
-0.996338
0.346660
0.840144
0.941588
0.136753
0.509323
-0.370647
-0.854732
-0.931700
0.087069
-0.614246
0.728324
-0.132969
-0.047395
-0.533433
-0.090182
-0.293069
0.647633
-0.020600
-0.457259
-0.218909
-0.699759
0.316874
0.607105
0.774834
0.454817
-0.102878
0.161596
0.259560
0.964904
-0.308390
-0.968322
-0.599719
0.398907
-0.299112
0.767632
0.603320
0.339824
0.065523
-0.330485
0.485824
-0.702322
-0.896115
-0.586779
-0.643239
0.607715
-0.343974
0.667898
-0.972472
-0.802057
-0.856624
-0.777459
-0.720389
-0.301675
-0.178137
-0.511765
0.915098
0.850520
0.086764
0.277261
-0.235817
-0.719108
0.808588
0.940123
-0.842402
0.469344
-0.101596
0.627308
-0.337870
-0.457564
-0.056124
-0.907163
-0.805719
0.327616
0.191931
-0.944212
0.041597
-0.359355
0.514634
-0.513169
0.737785
0.571764
0.429121
0.401593
0.541124
-0.946409
0.779046
-0.975341
0.837336
-0.726920
-0.973144
-0.854976
0.060701
-0.924802
0.064974
-0.151952
-0.964293
-0.843013
-0.539415
0.103427
-0.828730
-0.216529
0.332011
0.911130
-0.330180
-0.733390
-0.243263
-0.917051
-0.240516
-0.244362
-0.789789
-0.123692
0.543748
0.555345
-0.711478
0.691153
0.156896
0.970336
0.234779
0.794977
-0.323588
-0.990295
0.015046
-0.053377
0.181188
0.211402
-0.911069
0.734306
-0.271950
0.698294
-0.634327
-0.837580
-0.241676
-0.262001
-0.948363
-0.745170
0.135899
-0.696097
-0.956542
-0.319437
-0.546800
0.228675
0.269875
-0.718375
0.958678
0.550279
0.515305
-0.887997
0.383343
-0.681936
0.305216
-0.722953
0.661550
0.454695
0.763848
-0.463912
0.942259
0.469893
-0.370586
-0.608020
0.626576
-0.647328
-0.846492
-0.765679
0.526170
0.066622
0.577258
0.384625
0.226844
0.936033
0.822932
-0.352397
-0.903684
0.877987
0.285806
0.770562
0.699576
0.175329
0.740410
0.897702
-0.135105
-0.018708
-0.597949
-0.686026
0.416791
-0.700613
0.360393
-0.419965
-0.448531
-0.192969
0.049043
-0.914670
0.374554
-0.955382
0.152379
-0.543504
0.866695
0.765130
-0.941282
-0.584582
0.301859
0.148961
-0.331339
-0.382855
-0.750603
0.855831
0.403180
-0.442915
0.369976
0.262246
0.923826
0.877804
0.791742
-0.183081
-0.291177
-0.919248
-0.694998
-0.159276
-0.941710
-0.924131
0.750847
0.059420
0.564074
-0.816889
-0.597156
-0.021210
-0.366008
-0.562670
0.666372
0.607898
0.588549
-0.896786
0.842463
0.550096
-0.743522
0.305338
0.303873
-0.211219
0.959777
0.859004
0.855159
-0.564318
0.411664
-0.822260
0.331889
-0.526841
-0.187292
-0.668203
0.186438
-0.540757
0.377056
0.158361
-0.789789
-0.479537
-0.813349
-0.874630
-0.262307
-0.671926
0.812433
0.643605
-0.247536
0.830378
0.061373
0.218970
0.661367
0.275185
0.340129
0.886349
0.393109
-0.933714
-0.893307
-0.950865
0.808893
0.892453
-0.689261
-0.051424
0.440779
-0.070711
-0.651845
-0.464583
-0.056063
-0.348979
-0.580676
0.727653
-0.604846
0.335490
-0.350993
0.329936
0.862117
0.025239
0.228614
0.589526
-0.036348
-0.546861
-0.557787
-0.648854
0.085665
-0.595935
-0.567980
0.133885
-0.432478
-0.062960
0.483322
-0.384381
0.060945
0.382672
0.801141
-0.809809
-0.746025
0.329936
-0.929563
0.469649
-0.634877
-0.355571
-0.873959
0.572619
-0.589831
0.942259
-0.528916
-0.584948
0.684439
-0.105930
0.438398
-0.773247
-0.920042
-0.777947
-0.398907
0.511521
-0.545824
-0.676016
0.764580
0.268654
0.996338
0.992553
0.513291
0.464095
-0.596973
-0.585864
0.045564
-0.996765
0.842097
-0.717582
-0.376812
-0.580187
-0.600146
0.155675
0.098910
-0.425214
-0.095920
-0.650136
0.943236
-0.932676
-0.569384
0.401715
0.466659
0.779778
-0.452193
0.299661
0.051119
-0.202551
-0.189795
-0.940123
-0.905087
-0.938047
0.375896
0.748833
0.440657
-0.266762
-0.878414
-0.854610
0.443587
0.181127
0.840876
0.588122
0.627918
-0.195227
-0.603809
-0.236549
0.661122
-0.932493
-0.828913
0.516465
-0.427473
-0.469893
0.159337
-0.376446
0.989807
-0.073702
-0.118137
-0.437300
0.515427
-0.627003
-0.431928
-0.262856
-0.449507
-0.558580
-0.074496
0.782037
0.713431
0.594958
0.669668
-0.231605
-0.051973
-0.482589
0.156407
-0.252846
-0.738578
0.834468
-0.677664
-0.042451
0.698111
0.458663
-0.834529
-0.686209
-0.997620
0.505783
-0.750786
-0.848750
-0.819391
-0.880551
-0.716361
-0.779839
0.873531
0.902402
-0.875790
-0.858516
-0.475997
0.806818
0.299905
-0.271096
-0.574938
-0.292825
0.227088
0.215674
0.928831
-0.846431
0.827387
-0.784356
0.531602
-0.037080
-0.291238
0.511643
-0.313578
0.472640
0.226600
0.242897
-0.610889
0.790155
-0.540391
-0.147008
-0.589648
0.633106
-0.050508
0.315958
0.692312
-0.906674
0.047639
0.320414
-0.273110
-0.884213
-0.997925
-0.002838
0.507004
0.971435
0.401654
-0.906674
0.986450
0.538682
-0.414045
0.107395
-0.264016
0.756218
-0.702994
0.978881
-0.772271
0.935728
-0.275369
0.741874
0.786798
-0.042268
0.502731
-0.599170
0.753655
-0.776605
0.509873
0.668081
-0.747368
-0.952025
0.783441
0.118137
-0.520249
0.911008
-0.721549
-0.220313
0.248695
-0.640431
0.020844
-0.522385
0.310282
-0.749931
0.115207
0.253395
-0.206214
0.766411
0.576830
0.683645
-0.227271
-0.689810
-0.189856
-0.815729
0.133702
-0.491745
-0.600452
-0.241005
0.825068
-0.556871
-0.430342
0.931883
0.275307
-0.883053
-0.735221
0.389996
-0.745537
0.162206
0.341899
-0.661122
-0.562304
0.332133
0.102878
0.060823
-0.545579
0.377667
0.815607
-0.673208
0.162938
0.138340
-0.517136
0.085543
-0.306314
-0.232398
0.257912
0.645985
0.060030
-0.290078
-0.777459
-0.447554
0.273965
-0.328471
-0.530198
0.279641
0.464644
-0.443770
0.916196
0.491501
0.330424
-0.973388
-0.886715
-0.766594
0.744743
-0.228675
0.272561
0.100436
0.184301
0.156957
-0.913083
0.714103
-0.471114
0.201575
-0.393048
0.619922
-0.040010
-0.880795
0.570605
0.003143
-0.252907
-0.211646
-0.197790
0.123875
0.899106
-0.162206
-0.991577
-0.903195
0.997070
0.641896
-0.618763
0.076327
-0.945982
0.924497
0.749748
-0.295816
0.568102
0.330424
-0.010773
0.757744
-0.599475
0.104709
-0.002106
-0.958007
-0.031953
-0.385968
-0.559435
-0.972777
-0.224708
-0.107517
-0.574023
-0.618397
-0.426496
-0.308329
-0.105808
-0.499924
0.871395
0.126255
-0.164159
-0.922239
-0.369549
-0.628101
-0.282815
-0.938231
-0.059114
0.208655
0.527818
0.135594
0.950438
-0.469283
-0.736564
0.324625
0.887020
-0.463790
0.760063
-0.316080
0.794183
0.206580
-0.030427
0.262734
-0.089328
-0.651051
-0.916196
0.807550
-0.481552
0.594897
-0.480331
-0.971923
-0.139561
-0.892270
0.842036
0.208350
-0.055208
0.031526
-0.511643
-0.141881
0.709098
0.574877
0.317118
-0.739921
-0.722465
-0.757073
-0.536851
-0.872311
0.866573
-0.747795
-0.010468
-0.593310
-0.549120
-0.256386
-0.231300
-0.356059
-0.217994
-0.918027
-0.940855
-0.482040
0.882321
0.674001
0.695730
0.494125
-0.210547
0.901364
0.424421
-0.478256
0.109653
-0.521287
0.594226
0.029389
0.077486
-0.481552
0.052889
-0.703787
-0.067660
-0.793756
0.455123
0.861873
-0.053926
-0.138768
-0.364910
0.856258
-0.279641
-0.710685
0.447188
0.054415
-0.725883
0.084384
0.521043
0.628895
0.266579
-0.690970
0.492172
-0.950865
-0.416608
0.247108
0.020112
-0.593677
0.490280
-0.556322
-0.098483
-0.696219
0.033540
0.146397
-0.825922
-0.580065
-0.143101
0.728385
-0.835627
0.085360
0.481124
-0.069674
0.991577
0.810541
0.496506
0.492843
-0.238441
-0.526780
-0.150731
-0.672048
0.723136
-0.579760
-0.440352
0.433576
-0.220435
0.888913
-0.208411
-0.739921
-0.125217
-0.449019
-0.159032
0.535386
0.460067
-0.523362
0.292154
-0.357097
-0.361919
-0.597400
-0.428327
0.332072
0.208533
0.857356
0.445662
0.941038
-0.671682
0.706534
-0.177221
-0.773309
-0.771355
-0.752434
0.747429
-0.877865
-0.849239
-0.996277
-0.624439
0.767510
-0.518113
-0.771599
-0.956359
-0.426923
0.069124
-0.107273
-0.243812
-0.572069
-0.366619
0.306375
0.934507
0.477218
-0.812616
-0.141087
0.610218
0.202857
0.019990
-0.136937
-0.218665
0.384991
-0.732658
0.759880
0.562731
-0.772210
0.274209
0.473922
0.736381
0.879086
0.471969
-0.840205
-0.391400
0.826167
-0.977050
0.248756
-0.584826
-0.370708
0.033845
0.669790
-0.164281
-0.034639
0.690725
-0.638234
0.009919
-0.432295
0.833064
-0.784722
0.458052
0.978088
0.105564
0.603626
-0.183569
-0.297769
-0.876705
-0.623341
0.748283
-0.636280
0.405805
-0.996277
0.908811
-0.975890
0.507797
-0.844172
-0.734916
0.956359
-0.959655
0.261330
0.106662
-0.817133
0.430097
-0.454268
0.986389
-0.667470
0.336955
0.057649
0.749504
-0.881039
-0.800104
0.901425
-0.950499
0.573351
-0.280801
0.125217
-0.090365
0.742790
-0.612171
-0.967772
0.488021
-0.248085
0.935240
0.551988
0.881161
0.082247
0.971862
0.914426
0.865413
-0.695608
-0.390179
0.315958
-0.062777
0.698416
-0.333964
0.600574
0.400128
0.239479
-0.168126
0.500534
0.937254
0.437727
-0.957457
-0.603381
0.938475
0.475692
0.894162
-0.141331
0.783563
-0.428816
0.153294
0.846248
-0.211707
-0.206153
0.409833
-0.703482
-0.148045
0.236366
-0.295450
0.453719
-0.062227
-0.898862
0.645375
0.495407
0.335429
-0.664296
0.010468
-0.657582
-0.973144
-0.796197
0.370769
0.856624
-0.242225
0.591784
0.869259
0.320170
-0.984497
0.796503
-0.223060
-0.367656
0.316568
0.666250
-0.495773
0.979614
-0.643666
-0.934141
0.009308
-0.574938
0.710868
-0.696402
0.164037
-0.202002
0.509201
-0.042756
0.417035
0.982299
-0.030854
-0.427290
-0.954527
0.300211
-0.737724
-0.132054
0.801813
0.624012
0.124302
-0.477706
-0.973022
0.543565
0.045991
-0.475387
-0.615406
-0.499985
0.744560
-0.106235
-0.804804
0.456221
-0.249062
0.486801
0.378277
0.271584
0.081576
-0.086825
0.814814
0.301309
0.494003
-0.450362
-0.493637
0.031098
-0.069552
0.634266
-0.294595
-0.181127
-0.629749
-0.859920
0.147008
0.158971
-0.119846
-0.071749
0.210364
0.799554
-0.465560
-0.746941
0.184668
-0.679373
-0.330973
0.053072
-0.431806
-0.424116
-0.110630
-0.207373
0.430708
-0.612659
-0.621754
0.079806
0.625050
0.533738
0.861812
0.574694
0.492477
-0.762444
0.538133
-0.823115
-0.373089
0.486801
0.092624
-0.594531
0.934141
-0.955077
0.986206
-0.675344
0.082614
-0.430952
0.747734
-0.641896
-0.789178
0.492721
0.686087
0.571947
0.925596
0.835566
0.492538
0.063509
-0.098117
0.462569
0.856075
-0.480026
-0.193701
-0.399518
0.631031
-0.387432
0.411786
-0.250526
-0.106235
0.139378
-0.844600
-0.414411
-0.173254
0.050569
-0.015839
0.755669
0.009919
0.170995
0.513291
0.255104
0.466536
0.746574
-0.156590
-0.728690
0.806879
-0.978454
-0.007294
0.506943
0.154942
-0.608448
-0.092929
0.627369
-0.166356
0.332621
-0.410993
-0.396832
-0.162511
-0.496933
0.314066
-0.956847
-0.049348
0.126621
-0.998108
0.907651
0.802240
0.661245
-0.997742
-0.263649
-0.531358
0.237098
-0.440291
0.680960
0.124363
-0.766655
0.783929
0.575854
-0.073885
0.800104
0.894772
0.869015
-0.318827
-0.888363
-0.541063
0.531358
-0.440229
0.150670
0.208960
0.215430
-0.700064
0.831599
-0.569994
-0.886410
0.122166
0.069185
0.857173
0.499496
0.802606
0.087252
-0.633961
-0.791437
0.572985
-0.861751
-0.634510
0.153233
0.220435
0.844478
0.284219
0.438704
0.245460
0.229102
-0.257851
0.543443
-0.236610
-0.362957
-0.205542
0.710746
-0.964537
-0.642079
0.885434
0.022492
0.744560
0.930601
0.995178
-0.065767
-0.922544
0.511887
-0.239662
-0.238319
0.424482
0.421247
0.952940
-0.415265
0.566698
0.252235
-0.130650
0.961852
0.415876
-0.030671
-0.893735
0.520066
0.989257
0.465743
-0.238624
0.098727
-0.721488
-0.150548
-0.780755
-0.412763
0.434187
-0.586230
0.333598
-0.824885
-0.653615
-0.286172
0.683157
0.069308
0.649770
0.131443
-0.596057
-0.030366
-0.846736
-0.830622
0.431074
-0.012360
-0.360820
0.747917
0.335063
0.879330
0.269204
-0.780023
-0.625050
-0.472518
0.071017
-0.806940
-0.039033
0.368877
-0.491562
-0.126133
0.012909
0.691336
-0.949583
0.200537
0.801691
0.777093
-0.622791
0.832453
-0.169347
-0.395978
-0.491562
-0.229041
-0.593799
0.084201
0.436750
0.670339
0.446944
-0.640309
0.262246
-0.975951
-0.354778
0.308756
-0.660390
0.540819
0.048616
-0.538926
-0.259621
0.004852
0.520920
-0.606189
0.924558
-0.625599
0.489181
-0.020539
-0.973876
-0.315165
0.105686
0.627064
0.471236
-0.381390
0.360881
-0.804743
0.255470
0.558153
0.175390
-0.361126
-0.940550
-0.147801
-0.133763
-0.973449
-0.036531
0.213477
0.003265
-0.906003
-0.564684
0.255898
-0.282937
-0.731193
-0.401227
0.006806
-0.756829
0.006317
0.722404
-0.674734
-0.017853
0.531297
-0.019684
-0.622852
0.823847
0.203223
0.376263
0.399701
0.360271
-0.712760
-0.029206
-0.484542
0.863704
0.039705
0.642384
0.843806
-0.224158
0.619617
-0.106967
0.087924
0.693594
0.226112
-0.658498
-0.899777
0.058443
-0.946593
0.644826
-0.700858
0.821345
0.748100
-0.579333
0.791253
-0.003876
0.009430
-0.377056
0.191809
0.051668
0.305826
-0.393841
0.323588
0.468429
-0.498825
-0.026582
0.230506
-0.212500
0.136998
-0.336833
-0.407392
0.168004
-0.685110
0.519333
0.628956
-0.669301
0.486373
-0.906003
0.007721
-0.484664
0.282388
-0.972228
0.835078
-0.293985
-0.166967
0.955321
0.108860
0.412763
-0.785577
0.102329
0.587573
0.316385
-0.693777
-0.688772
0.676443
-0.232826
0.957091
0.567248
0.797357
0.019623
-0.059114
-0.013215
-0.732292
0.558885
0.283303
0.632191
-0.874752
-0.589343
0.137364
0.799005
-0.295022
0.622120
-0.299600
-0.296670
-0.031098
-0.063875
-0.587512
0.463301
0.513901
-0.372845
-0.195959
0.369488
0.697012
-0.247658
0.055330
0.938536
0.057466
-0.489792
-0.119541
0.117832
0.710623
-0.264626
-0.942076
0.899472
-0.141697
0.203833
0.725883
-0.203345
-0.524583
