0.374798
0.091525
-0.067354
0.385907
-0.755608
-0.073031
-0.784600
0.218421
0.381512
-0.463301
0.104099
-0.191687
0.449019
-0.559191
-0.438032
0.657582
0.669057
0.638661
-0.095309
0.849483
-0.106662
0.155370
0.992553
-0.601306
-0.863521
0.442732
0.696646
0.164953
0.934080
0.990234
0.221229
-0.791559
0.343669
-0.362957
-0.749077
-0.078585
0.158483
0.926206
0.073946
-0.983520
-0.985900
-0.085849
0.617786
0.153111
0.864620
-0.877438
0.406659
-0.138340
0.151585
-0.828120
0.843928
0.486007
0.763543
-0.437117
-0.454085
0.456709
-0.126988
-0.591174
0.257302
0.073946
-0.045625
-0.884701
-0.459639
0.763298
-0.717948
0.194861
0.512131
-0.944456
0.235694
-0.496445
-0.907956
-0.658315
0.348552
-0.430464
-0.639454
0.078219
0.515244
-0.931028
-0.711600
0.993408
0.384869
0.728690
0.582812
-0.676016
-0.296121
-0.090060
0.829829
0.770440
-0.065157
0.327677
0.020661
-0.749138
-0.404950
0.919797
-0.501999
0.549913
-0.690847
-0.768426
0.758538
0.140477
-0.311441
0.843074
0.631581
-0.691275
0.842402
-0.625538
-0.744621
0.280557
0.501083
0.964660
0.688528
-0.799799
0.123814
-0.062166
0.492660
-0.397504
0.746513
-0.797418
-0.212867
0.283059
0.732719
0.992187
0.112339
-0.097934
0.712821
0.780938
-0.279336
0.183386
-0.814203
0.639760
-0.648610
0.587451
-0.924680
0.440962
0.805841
-0.350261
0.680532
0.948607
-0.356609
0.821772
-0.963622
-0.313211
-0.154393
0.670644
0.338176
0.347026
0.648854
0.373455
0.115146
0.443403
0.737358
0.012787
0.024812
0.894284
0.298318
0.286721
0.485885
0.052400
-0.600818
0.756279
0.488266
-0.193457
-0.580554
0.401288
0.054903
0.387860
-0.568102
-0.570238
-0.402142
0.239051
-0.461653
-0.854549
0.041047
-0.891293
0.446089
-0.111240
0.500168
-0.198157
0.856563
0.604724
0.690115
0.177770
0.876034
0.124363
0.487472
0.248451
0.431806
0.917417
-0.395856
0.031892
-0.928892
-0.800836
0.130222
0.827509
0.159581
-0.290933
0.334635
0.590442
0.778497
-0.176000
-0.513169
0.240211
-0.901914
0.698294
-0.665761
0.770684
-0.928343
-0.345378
-0.459273
-0.455428
0.817255
0.486923
0.352641
0.404950
-0.884823
0.922727
0.068758
-0.869015
-0.823237
0.173742
-0.431257
-0.324137
0.239906
-0.681936
-0.049532
-0.507981
-0.791925
-0.110813
-0.713065
-0.551866
-0.237403
0.065889
0.098056
-0.281961
-0.610401
-0.680471
-0.744133
0.429853
0.921079
0.688284
0.755364
0.997986
-0.765191
-0.977844
-0.797174
-0.901608
-0.606128
-0.848994
0.935850
0.170751
0.972533
0.037202
0.195044
0.318339
0.773614
0.890988
0.660146
-0.944761
0.096896
-0.239357
0.566759
-0.263222
-0.178503
0.936949
-0.761406
-0.232521
-0.641957
-0.681509
-0.207862
-0.212622
0.815302
-0.508225
0.430830
-0.056001
0.745293
-0.275185
-0.871517
-0.788568
0.919065
0.304178
-0.332438
-0.198889
-0.950377
-0.366985
0.803827
-0.324076
0.024812
-0.568468
-0.895932
-0.066683
0.407270
-0.618824
-0.110813
-0.769524
0.336711
0.482467
-0.887692
0.407514
-0.005158
-0.021821
0.851802
0.964904
0.658132
0.861080
0.378338
0.458602
0.932798
0.614795
-0.956542
-0.264687
0.042390
-0.713187
0.197241
0.185888
-0.340373
0.738945
-0.922300
-0.304117
-0.786920
-0.507736
0.618030
-0.814325
0.848689
0.896970
-0.244789
-0.417646
0.966552
0.035066
-0.405927
-0.643117
-0.772820
0.236793
0.504990
-0.594958
-0.924070
-0.810114
0.140110
0.919187
0.639454
-0.840144
-0.700919
0.525559
-0.928587
0.960326
-0.587634
0.057161
0.005524
0.596362
0.720511
0.972777
0.973693
-0.257790
-0.886166
-0.693045
0.353679
-0.136876
0.807855
-0.421430
0.790216
0.700552
-0.887814
-0.898312
0.720084
-0.979614
0.581957
-0.694327
0.278848
0.370342
-0.605823
-0.727103
0.175146
0.149266
-0.551317
0.685537
-0.288675
0.580004
0.669179
0.118625
-0.783868
0.543931
0.292825
0.704398
-0.457991
0.513657
-0.229347
0.794671
-0.983642
-0.899228
0.878842
-0.126499
-0.333720
-0.561022
0.358257
0.730094
0.345622
0.913327
-0.363140
-0.855831
-0.585864
-0.729850
0.422163
-0.324076
0.813776
0.331156
-0.314676
-0.694510
-0.958068
0.333048
0.207984
-0.468123
-0.153356
-0.565722
-0.047761
-0.313761
-0.658986
0.908017
-0.376324
0.039521
-0.370220
-0.550157
-0.478927
0.344035
0.476852
0.086520
-0.967589
0.611621
0.824580
0.098178
-0.547777
0.779168
-0.830744
0.777703
0.707572
-0.933103
-0.732841
0.279092
-0.966308
-0.313944
-0.751518
0.690847
-0.533311
-0.727958
-0.409772
0.948546
0.734428
-0.258644
0.987487
0.844783
-0.174474
0.610340
0.177770
-0.265053
-0.981384
0.540880
0.678701
-0.327250
-0.753838
-0.487167
0.279763
-0.109714
0.397320
0.864132
0.969787
-0.897092
0.573412
0.561144
-0.711295
0.562609
0.030915
0.658620
0.631703
0.138585
-0.460067
0.229286
-0.211707
0.884640
-0.914670
-0.394757
-0.622181
-0.788812
0.661611
-0.597339
0.261635
0.843684
0.898068
0.254067
-0.249489
-0.806635
0.066622
-0.654958
0.020783
-0.409345
0.724845
-0.112705
-0.032441
-0.520432
-0.071444
-0.790948
-0.203650
0.731803
0.110935
-0.328898
-0.904965
0.103305
0.959777
-0.842036
-0.552599
-0.668630
-0.610706
0.956481
0.953063
-0.983581
0.220008
0.077425
-0.240211
0.009491
-0.812189
-0.780145
0.396710
0.294717
-0.529038
-0.770196
-0.866878
-0.822138
0.157994
0.251381
-0.020905
0.276467
-0.810846
-0.143468
0.114841
0.393475
0.370342
-0.958312
-0.317545
0.507126
0.971679
0.998230
-0.001190
-0.977599
-0.447371
-0.045747
0.480697
-0.893857
-0.839534
-0.184973
0.399335
0.957274
0.637928
-0.178503
0.906247
-0.584643
-0.304910
-0.390545
-0.895016
0.926511
0.157628
0.249733
-0.504685
0.538560
0.725578
0.522507
-0.528733
0.234596
-0.019318
-0.669790
0.325053
0.064974
-0.568651
0.234657
-0.916562
0.309366
0.406110
0.835200
-0.555712
0.854732
0.582934
-0.592578
0.877194
-0.474715
-0.863094
-0.243507
-0.576464
-0.720756
-0.468673
-0.490036
0.842219
-0.930235
-0.667104
-0.202368
0.868099
0.559496
0.686270
-0.765801
-0.421979
-0.707816
0.710623
-0.505112
0.682669
-0.031892
-0.030732
0.196509
0.494675
-0.065035
0.084384
-0.725822
0.925779
0.111850
0.652333
0.327921
0.416730
0.000641
-0.803766
-0.839534
0.780572
0.647511
-0.265786
-0.046419
-0.129063
0.691885
-0.618763
0.667165
0.602893
0.254738
0.131382
0.185522
-0.126194
-0.182531
-0.090060
0.265114
0.193945
-0.736869
0.378460
-0.090548
-0.527573
-0.493637
-0.705130
-0.762078
-0.790521
-0.749992
-0.504013
-0.152074
-0.414472
-0.988403
0.455367
-0.891537
-0.100620
0.641285
-0.736930
0.880978
0.545396
-0.174230
-0.478072
0.673879
-0.428755
-0.005463
-0.738578
0.637684
-0.989990
0.568590
0.788446
0.503891
-0.125340
-0.749077
0.041536
-0.720573
0.974914
0.209510
-0.176244
-0.961974
-0.323649
-0.185339
-0.983520
-0.813471
0.600391
-0.672170
-0.690298
-0.388897
0.246803
-0.444868
-0.891232
0.916379
-0.005951
-0.633595
-0.308023
0.884396
-0.934507
-0.531785
0.332682
-0.840083
0.295999
-0.549974
0.374920
0.446699
0.676199
0.325541
0.618030
0.356975
-0.317423
-0.603198
-0.284219
-0.918882
0.752678
-0.972228
0.151769
-0.806146
0.291299
0.974425
0.666250
0.195532
0.904904
0.936216
0.530503
-0.613269
-0.850154
-0.775933
0.662709
0.312357
-0.514817
-0.407392
0.214881
-0.201636
-0.296487
-0.119785
0.379559
-0.853694
0.450362
0.055513
-0.257363
-0.702139
-0.950621
-0.603381
-0.806574
0.884701
-0.168615
-0.242225
-0.001984
0.437910
0.449995
-0.359539
0.438765
0.866634
0.261452
-0.322611
0.130406
-0.787774
-0.638844
-0.008881
-0.803400
-0.499435
0.344462
0.539171
-0.885922
0.291971
-0.108737
-0.271340
-0.438826
-0.892392
-0.902219
0.593371
-0.010590
-0.249123
-0.473678
-0.009796
-0.982421
0.937193
0.966796
0.217444
-0.103610
0.681997
0.421430
0.287271
0.712027
0.386578
0.315226
0.598560
-0.702322
-0.917600
0.745781
-0.603687
-0.624744
0.900204
-0.392804
0.485702
0.086154
-0.410810
-0.393780
-0.737663
0.353435
0.409284
-0.490646
0.434065
0.057772
-0.127415
-0.842830
-0.769097
-0.187414
0.283731
0.736991
-0.211219
-0.955931
0.899899
0.253945
-0.962035
-0.636341
0.324992
-0.579089
-0.895322
0.371197
0.131626
0.959716
0.977172
-0.811884
-0.394574
-0.870357
-0.106784
-0.103488
0.413251
-0.970336
0.119114
-0.516831
0.395062
-0.381573
-0.744377
-0.484298
-0.791375
-0.566576
0.666982
0.414838
0.982299
0.688772
-0.091281
0.772393
-0.008881
-0.429731
-0.844417
-0.349101
-0.277749
-0.362712
0.284646
0.091098
-0.369121
-0.719291
-0.053438
-0.091281
0.914609
-0.076693
-0.280129
-0.322672
0.615955
-0.128758
0.291910
0.066439
-0.703177
0.665029
-0.490341
-0.939512
0.550829
0.155248
0.198523
-0.850154
-0.856441
-0.293619
0.755547
0.122288
0.951231
0.392926
0.649281
0.489364
-0.167150
0.422895
0.770013
-0.295694
-0.525193
0.872188
-0.199438
0.198096
0.886044
-0.866146
0.600330
0.365337
-0.328166
0.043916
0.210913
-0.838069
0.882138
0.152440
0.300333
-0.964721
0.019318
-0.386883
-0.628712
0.638844
0.846492
0.158788
0.538926
-0.842280
-0.701468
-0.463240
-0.658803
-0.617603
-0.761040
0.500961
-0.406171
-0.407147
0.401959
-0.046541
-0.120396
0.028047
0.350261
-0.887570
0.526597
0.213294
-0.916929
0.786065
0.366619
-0.517197
0.360576
0.224342
-0.790033
0.334574
-0.613514
-0.643971
0.591723
-0.739128
0.126255
-0.128452
-0.699393
-0.156529
-0.508835
0.581225
0.534227
0.787164
0.607044
-0.502609
-0.511155
-0.360332
0.622120
0.313028
-0.456526
0.203894
0.748772
0.364299
0.048006
0.275857
-0.831050
-0.761528
-0.266396
-0.165929
-0.061739
0.975097
-0.071810
0.317545
-0.594592
-0.189673
0.038179
0.239296
0.150853
0.844356
-0.387127
0.055696
-0.465316
0.502670
0.414899
0.421369
-0.428388
-0.089389
0.488571
0.547288
0.112583
0.805231
-0.072420
0.979858
-0.319498
0.989868
-0.798273
-0.941771
-0.451765
0.237770
-0.924741
-0.205603
0.863704
-0.315592
-0.258461
0.001129
-0.436384
0.469466
0.325480
-0.707327
0.307596
0.629810
0.882015
-0.702872
-0.189917
0.636769
0.932188
0.282449
-0.359050
0.348613
0.139378
0.126865
-0.979675
-0.883297
0.827631
-0.215735
-0.542467
-0.893674
-0.130345
-0.519639
0.158238
0.755913
-0.582080
-0.390423
0.137242
0.195898
0.898373
-0.336528
0.202734
-0.796747
-0.636647
0.349162
0.909238
0.608997
0.937071
-0.645314
-0.915220
0.028962
0.380352
-0.025300
-0.608142
0.323588
-0.074923
0.881100
0.350871
0.874569
0.139622
-0.093173
-0.760125
0.009125
-0.135716
-0.230445
-0.849178
-0.782159
0.641469
0.836177
-0.217811
0.970275
0.654347
-0.934019
-0.503220
0.960509
-0.522385
-0.802973
0.095981
-0.606006
0.836238
-0.243385
-0.772759
-0.016083
0.576464
0.441145
-0.549852
-0.732963
0.690847
-0.606983
0.706961
0.883053
0.507797
0.320048
-0.357952
-0.769890
0.013581
-0.055757
-0.141453
-0.622791
0.014557
-0.471541
0.202795
-0.358623
0.021027
0.036470
0.365520
0.214515
0.062593
-0.388165
-0.665029
-0.218970
0.228126
0.979553
0.713797
-0.119663
-0.012665
-0.151769
-0.475692
0.994934
0.314005
0.729789
0.895688
-0.084078
0.002167
-0.880367
0.444136
0.327616
-0.091464
0.736808
-0.875423
-0.859859
-0.851070
-0.441023
0.500656
-0.500229
0.371197
0.332377
-0.374371
-0.812128
-0.849239
-0.005768
-0.227821
-0.429670
-0.619678
0.105991
0.154210
-0.283792
-0.414533
0.173864
-0.514389
0.183935
-0.603381
-0.965331
-0.446394
-0.917356
-0.115818
0.460738
-0.884396
0.089267
0.099521
0.765191
0.464705
-0.000153
0.733024
0.287637
-0.323344
-0.183325
-0.779656
0.834468
0.932066
-0.784722
-0.633839
0.688040
0.253029
-0.483993
0.716056
0.435224
-0.047273
0.267067
-0.807123
-0.422040
0.644642
-0.919126
0.200354
0.414594
-0.935179
-0.140660
0.243629
0.232643
0.895016
0.336406
-0.877377
0.858211
0.104099
-0.678274
-0.548448
0.334758
0.595508
-0.346171
-0.208716
0.464461
-0.670217
-0.904355
-0.043306
0.163182
0.863948
-0.281961
0.610584
0.600757
0.357646
-0.584033
-0.582568
0.127232
0.888424
0.846858
0.828059
-0.839595
-0.593127
0.511521
0.398602
0.734367
0.452315
0.554003
-0.149388
0.463790
-0.702567
-0.739006
-0.310648
0.382672
-0.400067
0.156529
-0.215857
-0.308878
0.832881
-0.813288
0.716422
0.199622
-0.759880
0.400189
0.389019
0.921567
0.129856
-0.189184
0.147069
-0.391217
-0.868587
0.522446
-0.698111
0.288308
-0.302896
-0.157628
0.602954
-0.418622
0.787347
-0.377606
-0.247597
-0.254189
-0.505234
0.191626
-0.245155
-0.450911
0.015290
-0.158483
0.646107
-0.949156
0.569933
-0.083895
-0.376751
0.884030
-0.917905
0.414411
-0.196081
-0.399274
0.722404
0.969054
0.053682
-0.408979
0.675466
0.994140
-0.215003
-0.300577
-0.660756
0.235145
-0.588672
0.745781
-0.015534
0.697012
0.747490
0.832942
-0.977294
0.532212
-0.744621
0.437788
-0.283242
0.091220
0.502731
0.400555
0.565538
-0.802728
-0.977233
0.950072
0.208899
0.225135
0.421552
0.927061
-0.642262
0.693777
-0.938963
0.905576
-0.374187
0.764885
0.089755
-0.882443
-0.186438
0.434980
0.567003
-0.173559
0.045991
0.285989
0.533677
-0.250893
-0.941893
-0.093234
-0.746818
-0.143284
0.443953
0.500473
0.890927
-0.274331
-0.692495
0.303446
-0.564928
0.450789
-0.180334
0.880306
-0.505966
-0.277505
0.064302
-0.520371
-0.843501
0.115452
0.122715
0.434492
-0.823237
0.184912
0.044221
-0.994018
-0.645741
-0.720267
-0.433882
0.747490
-0.587939
-0.157994
0.166356
-0.226905
0.177709
-0.717887
-0.382122
-0.340068
0.816950
-0.582934
0.306925
-0.617603
-0.621143
0.864193
0.175756
0.024934
-0.138829
-0.139805
0.476485
0.625843
0.360881
0.002106
-0.410871
0.219886
-0.401898
-0.825190
-0.087985
-0.378033
0.957518
0.928587
0.590930
-0.261269
0.918882
0.474837
-0.393902
0.431806
0.552293
0.768426
-0.868954
0.432295
-0.257302
-0.132237
-0.575243
-0.748039
-0.186010
-0.736747
0.254738
-0.998169
-0.365093
0.824580
0.460128
0.044649
0.616688
0.544115
-0.244850
-0.117100
0.169408
0.181860
-0.186071
-0.264199
0.584216
0.316446
0.600330
-0.656911
-0.076937
-0.290445
0.739189
0.308145
-0.103610
0.107883
-0.539659
0.399945
-0.770135
-0.866634
0.382916
0.843196
0.818415
-0.232826
-0.428816
-0.684439
0.417219
0.363872
-0.496567
0.965087
0.635304
0.930662
0.865902
0.030915
0.501755
-0.926817
0.615528
-0.304666
0.982360
-0.559435
-0.494064
-0.169225
-0.990173
-0.240211
0.915647
-0.733695
0.634205
0.270913
0.032746
-0.103366
-0.185217
-0.826533
-0.161168
0.296304
0.410627
-0.429792
0.298013
0.363018
0.216224
0.787347
-0.073702
0.111118
0.352275
-0.333537
-0.891842
-0.791314
0.918332
-0.802362
-0.806146
0.677541
0.911008
0.017670
-0.656423
0.775811
0.683096
-0.071932
-0.094150
-0.825678
0.454512
0.638478
-0.022492
-0.558763
0.527024
0.857540
0.712210
0.815912
0.723319
-0.187231
-0.687979
-0.210425
-0.077670
-0.846919
-0.213965
-0.693350
0.556810
-0.393597
0.030793
-0.669546
-0.745109
0.239235
0.815851
0.621143
-0.680105
0.069002
0.900510
-0.095798
0.274697
0.366802
-0.091586
-0.384686
-0.140904
-0.151036
-0.017426
0.595569
-0.762505
-0.653249
0.872311
-0.628224
-0.026826
0.216590
0.390973
0.618824
-0.361370
-0.535936
0.314066
-0.492233
-0.987243
0.623890
0.246010
-0.874935
0.981323
0.568896
0.133763
0.947447
-0.178381
0.918577
0.064669
-0.810785
-0.665639
-0.191809
0.794916
0.779473
0.253151
-0.125340
0.500656
-0.719474
-0.438093
-0.860286
-0.594592
-0.416059
-0.966674
0.202185
-0.435530
0.486740
0.789300
-0.317606
-0.652699
-0.353923
0.594714
-0.814020
0.815912
-0.348125
0.370098
0.491562
-0.911496
-0.882504
-0.091342
0.114231
-0.797479
-0.647755
0.208960
0.718070
0.913266
-0.964904
-0.470870
0.275613
-0.370952
0.221534
-0.823298
0.530137
0.682119
0.510117
0.245705
0.904355
0.784356
0.609912
-0.780328
0.896420
0.177160
-0.768792
-0.660634
-0.872677
-0.653859
0.342204
-0.076632
0.556383
-0.376446
-0.933103
-0.674184
-0.266579
0.111118
-0.739738
-0.460067
0.607410
-0.646474
0.193945
-0.070406
0.019745
-0.027741
0.029878
-0.408002
-0.865413
0.982238
-0.530686
0.150731
-0.637623
0.365825
-0.073946
-0.170385
0.652333
0.919675
0.900876
0.075228
-0.495285
0.647206
0.655995
0.999817
0.434492
0.530320
0.745293
0.130528
-0.292520
0.442366
0.371746
0.808649
0.201697
-0.863887
0.218482
0.529099
0.992187
-0.290994
0.721427
-0.440840
0.723441
-0.816340
0.403302
0.855281
-0.401227
-0.587756
-0.221412
0.185827
-0.666799
0.896420
0.582324
0.281961
0.422651
-0.478011
-0.191259
-0.618274
0.917844
-0.704215
-0.110324
-0.470687
0.687368
0.514389
-0.693472
-0.018586
-0.758538
-0.771477
-0.735649
0.271706
-0.635853
0.791009
0.737968
0.241493
0.505173
0.197302
0.749565
0.923460
0.832698
0.241066
-0.542711
-0.566942
0.155431
-0.238929
-0.431867
0.107395
0.375469
0.607593
-0.022248
0.880673
-0.372051
-0.365459
0.336589
-0.544176
0.095676
0.200537
-0.109836
-0.053682
0.129002
-0.897458
0.206458
-0.563036
0.766289
-0.332621
0.960875
-0.933164
-0.487716
0.859737
0.964049
-0.746513
-0.715384
0.757256
-0.083468
-0.057039
-0.633900
0.367779
-0.591357
0.335856
0.304117
-0.979614
0.484176
-0.874325
-0.291543
0.062166
-0.314798
0.129124
0.663625
0.492233
-0.580798
0.253883
0.204505
0.959105
0.022370
-0.996033
0.464705
-0.857906
-0.414960
0.690664
-0.241310
0.326823
-0.272317
-0.478927
-0.402142
0.256508
0.543382
-0.699454
-0.624561
-0.199499
-0.388531
-0.842463
-0.573840
0.173742
-0.691580
-0.112461
0.890439
0.922422
-0.028962
0.006623
0.458846
0.438398
0.464400
-0.770074
0.624866
0.455855
-0.313456
-0.398358
0.265114
-0.890316
-0.526597
-0.151097
0.459944
0.704398
-0.872005
-0.674062
0.970519
-0.026276
-0.694632
0.151524
-0.818354
-0.341350
-0.620655
-0.890805
-0.387799
0.442610
0.696768
0.650197
0.233314
0.688162
0.848994
-0.658010
0.116062
-0.594531
-0.309305
-0.754753
-0.080416
-0.301126
-0.064364
-0.472213
0.433515
0.098300
-0.314554
-0.274819
0.122715
-0.719413
0.672842
0.621998
0.013642
-0.216956
0.492904
0.324808
-0.416181
-0.129185
0.292581
0.177404
0.606067
0.100864
-0.228126
-0.351115
-0.439253
-0.499130
0.578539
-0.207373
0.829585
-0.075167
0.951109
-0.324625
0.590258
-0.437605
-0.705618
-0.982665
-0.169408
-0.399213
0.838618
0.667104
0.367656
0.368755
-0.326151
-0.252113
0.218421
0.985046
-0.900388
-0.479659
-0.615345
0.155126
-0.416425
0.615162
-0.631397
-0.924863
-0.445967
-0.889523
-0.484603
-0.907163
0.616321
0.626942
-0.572436
-0.908872
-0.990417
0.807550
0.731559
0.784600
-0.871700
-0.659352
-0.532640
-0.342998
-0.563768
0.174169
0.727592
0.641835
-0.335551
-0.000275
-0.209998
-0.054659
0.855647
-0.507065
0.630604
-0.732475
0.894833
-0.677664
0.709281
0.962767
0.570116
-0.579394
-0.547655
0.685476
-0.984802
0.013886
-0.327494
-0.997253
-0.877804
-0.037202
0.527573
0.423933
0.286050
0.675710
-0.858699
-0.778497
-0.152562
0.793390
0.154393
0.253456
-0.218848
0.000641
-0.260414
0.105747
-0.174230
-0.017548
0.909482
-0.854244
0.103183
-0.834773
0.025483
-0.746696
0.877194
-0.820673
-0.698294
-0.093478
-0.012665
-0.162938
-0.754265
0.390851
0.265053
-0.033479
-0.202063
-0.760918
-0.028596
0.972411
0.294351
-0.287454
-0.001251
0.505417
0.579821
-0.307535
0.792230
-0.539415
-0.863826
-0.375042
-0.431928
0.234413
-0.936399
0.249245
-0.037690
0.539109
0.569140
0.042451
0.449873
-0.326029
0.792779
0.880856
-0.111850
0.898679
0.045686
0.628346
0.082308
-0.914853
-0.094211
0.889828
0.434736
-0.595386
-0.708304
-0.354289
0.351970
0.690298
-0.970153
-0.051546
0.507553
0.231300
-0.640370
-0.384014
-0.791375
0.414777
-0.229713
-0.639027
-0.522202
0.991455
0.234230
-0.180700
0.534349
0.903867
-0.369610
0.112461
0.778558
-0.436995
0.310282
-0.115513
0.603687
-0.001068
0.324870
0.011139
0.125706
-0.751274
0.450117
-0.999878
0.919309
-0.790155
-0.231178
0.555589
0.275491
0.046602
0.465133
0.144566
-0.501999
-0.496872
-0.073763
-0.333659
-0.082675
-0.064791
0.611438
-0.283609
-0.097995
-0.971374
-0.383282
0.503586
0.282815
-0.931394
0.384564
0.202429
-0.592334
-0.382672
0.438520
0.613147
0.827570
0.194800
0.674368
0.482406
0.680654
0.018708
-0.301737
-0.760613
-0.608509
0.750786
0.864498
-0.466781
0.458541
0.804987
-0.201025
0.460128
-0.677847
0.797174
-0.645863
-0.812189
-0.572741
-0.507859
-0.376263
0.306436
0.537034
0.520249
-0.729484
0.393902
0.398602
-0.642933
0.739555
0.371685
0.910337
-0.230995
-0.665639
0.342753
-0.771905
0.967772
-0.030854
-0.393536
-0.257179
0.834956
-0.146641
0.870724
-0.673818
0.202429
-0.874813
0.289651
0.836970
0.747917
0.892331
0.352886
-0.320475
-0.257363
-0.459639
0.008881
-0.292520
-0.595996
0.426313
0.526109
0.003021
0.766717
-0.963561
-0.111606
-0.325236
-0.063326
-0.328837
0.133274
-0.469588
-0.866634
-0.372173
0.382794
0.229041
0.376873
-0.168798
-0.277505
0.517258
-0.627308
-0.076510
-0.945799
-0.313944
0.478805
-0.116489
-0.962706
-0.299356
0.230750
0.015595
-0.308206
0.897275
0.527940
0.655263
0.373272
0.219581
-0.632313
-0.000946
0.024506
0.949095
-0.438765
0.255226
-0.962523
-0.593188
-0.294473
-0.320231
-0.581408
-0.266030
-0.269997
0.540147
-0.751396
-0.660512
0.600146
0.511093
0.722770
-0.387310
0.089450
-0.333293
-0.542589
-0.963988
-0.507126
0.431684
-0.200903
-0.680898
-0.984313
-0.641041
-0.604175
-0.141331
0.023347
0.009857
0.126560
0.110569
-0.230079
0.768120
-0.661428
-0.147252
0.719047
-0.829402
-0.847102
0.613453
-0.246742
-0.467025
-0.752800
-0.275246
0.145299
-0.253151
0.617847
-0.089206
0.125095
-0.380657
-0.022126
0.065889
0.416608
-0.150365
0.702567
0.233924
-0.343974
-0.078829
0.555040
0.873592
-0.199194
-0.712455
0.294839
-0.093417
0.193152
0.345317
-0.784845
-0.502121
0.483932
-0.265236
-0.004547
-0.571703
-0.564257
0.066134
-0.783624
0.369488
-0.627613
-0.196936
0.946226
0.104831
0.675649
0.185095
-0.174596
0.984985
0.966796
0.888058
-0.781854
0.236061
0.753166
0.346477
-0.589404
-0.142369
0.978271
-0.106174
0.505905
-0.271828
0.336833
-0.628773
0.754631
0.455489
-0.582690
-0.486740
0.823908
-0.032380
-0.090426
0.017182
0.705802
0.731742
-0.652821
0.571947
-0.448164
-0.456221
-0.554613
0.215613
-0.035310
-0.521897
0.812067
0.110202
-0.471053
0.656728
-0.561327
-0.326945
0.849055
0.124729
0.363384
-0.180883
-0.632740
0.069674
-0.596484
0.353008
-0.215186
-0.953978
0.781610
-0.125034
0.797723
0.942991
0.869991
-0.846858
-0.660390
0.334696
0.293252
-0.580065
0.489486
0.422956
-0.318583
-0.289956
0.675039
0.100192
0.508469
-0.528367
-0.823298
0.562243
0.835566
0.019318
0.891598
-0.149327
0.524705
0.168249
-0.691580
-0.140782
-0.022370
-0.961730
-0.418195
-0.800226
-0.201025
0.904782
0.859798
0.509568
-0.459517
-0.322428
0.136021
-0.705496
-0.240272
0.314676
0.017426
-0.935545
-0.300577
0.361187
-0.785821
0.653859
-0.391949
0.881527
0.550340
0.811823
-0.220740
0.933592
-0.949278
0.715995
-0.044954
-0.493332
0.485336
-0.000885
0.721671
-0.835994
-0.681936
0.341350
-0.776360
-0.277078
-0.877987
0.517258
0.589831
-0.472091
0.722159
-0.905576
-0.375958
-0.544786
-0.569811
-0.555284
-0.647023
0.170568
-0.659658
-0.787347
0.493637
-0.625660
0.806879
-0.941282
-0.273965
-0.529527
0.935240
-0.363384
-0.621021
0.959532
0.308939
-0.095187
0.361187
-0.930601
0.837275
-0.286721
0.676382
0.437422
-0.355510
0.270302
0.630360
0.956236
0.077914
-0.889401
0.715018
0.362285
-0.485275
-0.457869
-0.189001
0.237342
0.116794
-0.073031
-0.451155
-0.532029
0.033052
-0.896054
0.301553
0.019623
0.294412
0.758415
-0.966308
0.342204
0.143590
0.418683
-0.073092
0.622303
0.031892
0.745231
-0.163488
0.413495
-0.193091
-0.042573
0.029756
-0.554491
0.514573
-0.892514
0.878109
0.119419
0.192785
-0.974303
0.146397
-0.822138
0.023652
0.149510
0.420515
-0.391705
-0.840144
-0.027009
0.785028
-0.408368
0.890805
-0.555834
-0.996887
-0.117832
-0.263527
-0.647267
0.499741
-0.304178
-0.033662
0.853938
-0.431318
-0.233985
0.570055
0.094821
0.757378
0.608448
-0.684256
0.564867
0.153844
-0.368267
-0.528123
-0.216407
0.544542
0.775323
0.269997
-0.652760
0.733940
0.909665
0.286538
-0.695486
0.131809
0.036409
0.590075
0.167882
-0.191321
-0.355998
0.010468
-0.768914
-0.385846
-0.740959
0.534959
0.295145
0.115940
0.313028
0.536180
0.632130
0.653005
0.538621
0.194800
-0.541429
0.447615
-0.828974
-0.703848
0.716178
0.366314
-0.335856
-0.539476
0.468184
-0.513169
-0.864620
-0.374248
0.179785
0.890072
0.718619
-0.945799
0.102817
0.517075
-0.251442
0.858882
-0.172704
0.816462
0.636830
-0.585742
0.196265
-0.720878
0.537828
-0.800104
-0.342509
0.106662
-0.469588
0.155919
0.426618
0.629017
0.645619
0.185095
-0.244850
-0.005585
0.183081
0.930540
0.799921
0.415632
-0.671743
0.911435
-0.463301
-0.539781
0.906064
-0.776238
-0.181127
0.505600
-0.676443
-0.050020
0.546129
-0.084445
-0.408307
0.663747
-0.775750
-0.580676
0.342021
0.567553
-0.399396
-0.074862
-0.273110
-0.662038
0.578112
0.046602
0.641896
-0.450545
-0.243202
-0.352397
-0.186804
-0.376019
0.289224
0.073397
0.036531
0.231788
-0.771233
-0.142796
-0.132420
0.237831
-0.142735
0.455123
-0.569445
0.248268
-0.768365
0.199988
0.389935
-0.770867
-0.395001
-0.243690
-0.418134
0.554369
0.846187
0.488266
0.931944
-0.658925
0.441084
-0.166723
0.296060
-0.620411
0.325724
-0.456771
-0.190954
-0.429853
-0.554247
0.351726
-0.811884
-0.461287
0.000519
-0.673086
0.498093
-0.772454
0.010895
-0.371746
0.701895
-0.600452
-0.771538
0.620045
0.118809
0.467818
-0.639943
-0.460372
-0.036164
-0.014679
-0.072665
0.334819
-0.718986
-0.839167
-0.981017
-0.443770
0.206580
-0.184484
-0.077120
-0.525071
-0.373272
-0.474654
0.549242
0.743828
0.112217
0.892026
-0.752251
0.025727
0.321390
-0.445723
0.637745
-0.822260
0.198828
0.650441
0.456648
-0.434797
-0.368694
-0.504501
-0.386517
0.933226
-0.986328
0.189306
-0.827265
0.981506
0.824702
0.764214
-0.450179
-0.937193
-0.031648
-0.065279
0.980773
-0.300882
-0.923643
-0.357952
0.312296
-0.973693
0.122105
-0.113315
0.825983
0.041658
-0.035615
-0.140965
0.331523
0.821345
-0.357952
0.524888
-0.059053
-0.933531
-0.827631
0.512253
0.574084
-0.160192
-0.195776
0.810724
-0.546861
-0.377850
0.984252
0.789605
-0.986511
-0.445601
-0.647023
-0.293191
-0.490646
-0.643544
-0.087374
-0.657399
0.831904
0.912900
0.699149
0.444502
0.052522
0.886105
0.207617
0.140294
0.153783
-0.949522
0.299051
-0.996948
-0.325480
0.628101
-0.560167
-0.340739
-0.430952
-0.579760
-0.618824
-0.816950
0.512375
0.264504
-0.586962
0.084811
-0.213172
-0.858211
-0.164037
-0.296304
0.922422
0.637745
0.123264
0.175939
-0.382488
-0.558641
-0.307840
0.305277
-0.483810
-0.077303
0.140660
0.145421
0.827204
-0.981628
-0.483077
-0.028901
0.032929
0.761223
0.870357
-0.926511
0.774590
0.892819
0.637684
0.284219
-0.466964
-0.125828
0.019196
-0.597095
0.922727
-0.314920
-0.822443
0.536058
-0.292337
0.570238
-0.499313
-0.236854
0.232521
-0.901730
-0.753044
-0.303385
0.715812
0.816767
0.631031
0.463485
0.339274
-0.671682
-0.061251
-0.346110
-0.847407
-0.894711
0.296304
-0.965148
-0.203833
0.116489
0.896725
0.807550
-0.158849
-0.531114
0.979064
-0.878964
-0.362590
-0.072909
0.636097
-0.754875
0.314615
-0.548387
0.570177
-0.908200
0.564989
0.798944
0.503342
-0.208228
0.200354
0.796442
-0.598193
0.141758
0.739677
0.461043
-0.234291
-0.438765
-0.261147
-0.733268
0.035188
-0.767266
-0.580065
-0.326151
-0.459395
0.257424
-0.748894
-0.245949
-0.901975
0.429060
0.546678
-0.570666
-0.184606
0.280251
-0.269814
-0.887814
-0.537217
0.625172
-0.114353
0.485275
-0.715629
0.387249
0.791314
0.382916
-0.610584
0.023347
0.690970
0.446333
-0.005158
-0.948363
-0.072420
-0.402326
0.448653
0.984802
0.340068
-0.646046
-0.880367
0.536607
-0.582751
-0.352641
0.903989
-0.319010
-0.172155
0.595325
0.884335
-0.131016
-0.455245
-0.408673
-0.727775
-0.690603
0.952269
0.350688
-0.589587
0.188513
-0.792840
-0.634144
0.359722
0.218177
-0.572314
-0.856685
0.721854
0.178198
-0.780755
0.804254
0.344951
0.598560
0.372784
0.236549
-0.706717
-0.288797
-0.329630
0.135289
0.466292
-0.044527
0.514939
0.575915
0.787469
0.013276
-0.402020
0.141148
-0.104587
0.983215
-0.228004
-0.328898
-0.536058
-0.302774
0.328898
-0.676443
0.593066
0.195898
0.066073
-0.239601
-0.831111
-0.072054
0.888180
0.562548
0.427290
-0.648854
0.054598
-0.463240
-0.789850
0.835505
0.122410
0.939024
-0.385784
0.085788
0.269143
0.741569
-0.954955
0.022858
0.471358
-0.290262
0.674306
0.967162
0.188086
0.675771
0.942869
0.817804
-0.904660
-0.961119
0.332011
-0.934080
-0.100803
0.205481
-0.194555
-0.774285
-0.138524
0.019135
-0.479720
0.359783
-0.389264
-0.330851
0.428877
-0.292154
0.400861
0.824335
-0.583422
-0.576769
0.080477
-0.837947
-0.244911
0.057405
-0.219459
0.465316
-0.087130
0.072970
-0.881954
-0.995666
-0.469466
0.723502
-0.875729
0.522263
-0.784967
0.201819
-0.001679
-0.015046
0.413312
-0.339946
-0.345622
0.001740
0.864681
-0.532029
-0.467513
-0.784112
-0.849788
0.596301
-0.783807
0.262673
-0.912046
0.910947
0.672048
0.966918
0.782769
0.195349
-0.533250
-0.565844
-0.384381
0.061983
-0.451033
0.235084
-0.747734
-0.227821
-0.205603
0.323771
-0.101962
-0.245949
-0.172155
-0.104648
0.447981
-0.661916
0.045320
-0.971923
-0.538438
0.007233
-0.870907
0.190832
-0.386151
-0.546068
-0.134373
-0.973266
0.153966
-0.956297
0.509812
-0.282632
-0.541917
-0.073092
0.637745
0.306070
0.320475
0.687796
0.658681
0.806757
-0.449873
-0.185217
0.813532
0.767571
-0.783990
0.643422
-0.230934
-0.052095
0.644276
-0.131687
-0.555040
0.480148
-0.443525
-0.211829
0.713187
0.229347
0.919065
0.243629
-0.084750
-0.004364
0.914731
-0.403912
0.677297
-0.430219
0.623890
0.321329
-0.656545
-0.867428
0.463485
0.054170
-0.324015
-0.161657
-0.464766
0.781121
0.402631
-0.469588
-0.301187
-0.741142
-0.594104
0.373577
0.542100
-0.821833
-0.342631
-0.931700
0.457869
-0.015778
0.449812
0.416425
-0.331767
-0.585498
0.000702
0.365642
-0.810785
0.444868
0.251930
-0.478866
0.083163
-0.959532
-0.819452
-0.727103
-0.706290
-0.058565
-0.004975
-0.900143
-0.175878
0.320597
-0.594043
0.881466
-0.452620
-0.852718
-0.863643
-0.848323
-0.862423
-0.596606
0.402081
-0.830561
0.995849
-0.012238
-0.918638
0.121860
-0.059542
0.074496
-0.821406
-0.504318
-0.582385
0.949278
-0.474837
-0.694266
0.493942
0.675100
-0.876888
0.636586
0.650563
0.447066
0.378216
-0.229286
-0.494858
-0.531602
0.743950
-0.926756
-0.694205
-0.563402
0.083102
0.487716
-0.707755
-0.726066
-0.007965
-0.644093
0.880306
-0.450117
0.550523
-0.738701
0.062532
-0.012116
-0.080294
0.252297
0.698416
0.917051
0.475448
-0.776116
-0.061739
-0.649525
0.764580
0.460005
-0.602039
0.537034
-0.550035
0.161473
0.218299
-0.655263
0.790826
0.469344
-0.319742
0.936277
0.609119
0.053255
0.871029
0.437605
-0.829035
-0.073580
-0.898679
0.391522
-0.010773
0.997436
-0.893185
0.598132
-0.014618
-0.679067
-0.683645
0.348186
0.924863
0.924619
0.354289
-0.842341
-0.495346
-0.012421
0.008393
0.513474
0.910642
0.909848
0.004120
0.310282
-0.865352
-0.497665
0.792108
0.085665
-0.010102
-0.964354
-0.777703
0.471969
-0.955687
0.419599
0.312601
0.615589
-0.417341
0.462752
-0.902951
0.207495
0.679678
-0.470199
0.958861
-0.474227
0.390728
0.495346
0.364177
-0.153172
-0.155614
-0.597339
0.317850
0.951964
0.592090
-0.831294
-0.114536
-0.057161
-0.340251
-0.640614
-0.495285
-0.283670
-0.185766
0.220069
0.532029
-0.345012
-0.680410
0.963622
0.425642
-0.512864
0.364849
0.452132
-0.528794
-0.350505
-0.429975
0.202307
-0.001556
0.620594
0.984924
0.411359
0.196570
0.222083
0.835383
-0.374248
-0.419294
-0.501389
0.984863
-0.241798
-0.353191
-0.221656
0.842769
-0.544786
0.223365
-0.977905
0.578722
0.755486
0.225257
-0.421674
-0.270669
0.507370
0.526902
0.384503
0.953734
-0.649342
-0.845759
-0.685354
-0.363811
-0.807184
0.873226
-0.263710
-0.904416
0.140843
