-0.080905
-0.172094
0.580859
-0.145116
0.592517
0.995361
0.479843
-0.607044
0.878658
-0.584216
-0.834895
-0.285501
-0.623951
0.184301
-0.358440
0.620045
0.740837
-0.166295
0.431013
0.094211
-0.666066
0.707450
-0.204993
0.200354
0.175268
-0.126377
0.464583
0.576098
0.582812
-0.065523
-0.219886
0.237587
0.754387
0.786431
-0.694693
-0.867733
0.705863
0.677602
-0.096164
-0.854671
-0.186926
-0.194311
-0.505417
-0.530259
0.657643
0.360271
0.997559
-0.138340
-0.932920
-0.150243
-0.262062
0.743095
0.048250
-0.180944
-0.157384
-0.829829
0.048860
-0.591174
0.790887
-0.203345
0.087802
-0.565111
0.281655
-0.636158
0.916990
0.242531
-0.847285
-0.775262
-0.840022
-0.496445
0.264199
0.052095
-0.087191
-0.053804
-0.557787
0.078219
0.643849
-0.931028
-0.522080
-0.295145
0.659841
0.733695
0.070711
0.750359
-0.266091
0.933348
0.829829
0.622608
0.851070
0.750908
0.355876
-0.713736
0.143712
-0.786431
-0.303629
0.330180
0.360149
0.385113
0.603748
-0.832636
0.662587
-0.593432
-0.857662
0.073458
-0.730705
-0.609424
0.309671
0.012177
0.501083
0.963256
-0.385113
-0.375591
-0.932676
-0.068636
-0.617298
0.751579
-0.261635
0.047090
-0.711722
0.989624
0.097812
0.168004
0.736137
-0.997009
-0.849971
-0.033662
-0.764946
-0.289041
0.264931
-0.127598
-0.075289
-0.947508
0.002411
0.588672
0.072726
-0.593738
0.773431
0.867916
0.257118
0.821772
0.756157
-0.698233
-0.290750
-0.994018
-0.589038
0.341899
0.726798
0.667714
-0.183508
0.443403
0.488266
0.156713
-0.656789
-0.869198
-0.608509
-0.403851
0.638234
0.151036
0.174169
-0.888668
0.356731
0.556261
-0.502976
-0.591235
-0.291055
0.046968
0.805719
-0.466659
-0.256569
-0.607105
-0.994201
-0.311380
0.887082
-0.226966
-0.121067
0.771294
0.500168
-0.198157
0.198584
0.604724
-0.736137
-0.970336
-0.326334
0.315836
-0.120701
-0.152196
0.466475
0.092318
0.813532
0.968810
-0.882260
-0.228797
-0.937010
0.978942
0.159581
0.922422
-0.818171
-0.376507
-0.101535
0.271828
-0.557543
-0.826655
0.281961
-0.792962
-0.735954
-0.047029
-0.928343
-0.339335
0.644398
0.987304
0.096957
-0.729606
0.030183
-0.696707
0.973388
0.116184
-0.913755
0.040315
-0.513779
-0.930906
0.734550
0.411847
-0.302652
0.475387
0.778436
0.191931
0.915281
0.152745
-0.811884
-0.654775
0.180883
0.188208
0.150365
-0.598926
-0.728019
0.335856
0.636830
-0.430219
0.755974
-0.183813
0.755364
0.432783
-0.743156
0.234596
0.361126
-0.926084
-0.488449
-0.403546
0.935850
-0.552477
0.806269
-0.758538
0.225867
-0.656240
0.199072
0.747612
-0.148717
-0.004913
0.204932
0.956969
-0.029206
-0.209449
0.932310
0.141270
0.111179
-0.806330
-0.097140
-0.324015
0.143773
-0.796075
0.474105
0.924558
0.906369
-0.706473
0.892331
-0.275185
0.858638
0.056001
-0.828669
0.718436
-0.356914
0.396161
-0.456709
0.497299
0.335551
0.789178
0.134312
-0.890255
-0.536119
-0.223487
0.599902
0.264138
-0.542039
-0.216163
0.336711
0.737663
-0.482406
-0.283120
0.487777
0.617481
-0.204627
0.964904
-0.278176
-0.111606
-0.696219
-0.299356
0.271279
-0.095676
0.041536
0.622547
0.558397
-0.335795
-0.427900
0.162389
-0.256447
0.019013
-0.438581
0.314432
-0.159276
0.145848
0.062166
-0.324503
-0.603687
0.052583
0.788263
0.016694
0.665090
-0.440535
-0.066195
0.621815
0.336833
-0.532579
0.298135
0.619678
0.348430
-0.681692
-0.797723
0.501999
-0.910886
-0.840144
-0.786431
-0.987976
-0.057711
0.793756
0.444258
0.426313
0.072054
-0.612720
-0.592761
0.045564
-0.175268
0.202429
0.662038
-0.445845
0.769280
-0.589587
-0.477645
0.502060
-0.776421
-0.164220
0.317789
-0.395062
0.751152
-0.765252
0.567431
-0.306742
0.278848
-0.117344
-0.195898
-0.403058
-0.009125
0.903928
-0.444319
-0.732231
0.661733
0.187963
0.793085
0.987426
0.391461
0.104404
0.710379
-0.063082
-0.352153
0.422040
-0.512436
0.245216
-0.856624
0.853389
-0.456404
0.987182
0.178442
-0.098972
0.159825
-0.216773
-0.166173
-0.217200
0.811335
-0.947630
-0.720145
0.530381
-0.430158
0.007294
-0.539903
0.766350
0.156957
-0.699515
-0.564074
-0.301553
0.426130
-0.323222
0.416547
0.507431
0.788202
0.419599
-0.603015
-0.682241
-0.373089
0.832575
-0.184423
0.989807
-0.051241
-0.155736
0.829157
-0.123936
0.062166
-0.464522
-0.734184
-0.009552
0.222571
-0.876949
-0.190527
0.456160
0.505539
0.089999
0.901303
0.279092
-0.555528
0.028047
-0.950438
0.391095
-0.359539
-0.268105
0.664480
-0.646046
0.376629
0.296487
0.563646
0.530992
0.268288
0.407331
-0.190222
0.546983
-0.066439
-0.576464
0.213050
-0.327250
0.493454
-0.593066
0.318766
0.591723
-0.192541
-0.320963
-0.622974
-0.549425
0.995300
0.720389
-0.034883
-0.638478
-0.738823
-0.975768
0.223060
0.700125
0.860714
0.996643
0.145787
0.160436
-0.302225
-0.754814
-0.892819
-0.788812
0.821284
-0.778069
0.737724
-0.844478
0.623707
0.348796
0.933164
-0.976073
-0.928831
-0.993835
-0.391339
0.954588
-0.592883
0.329630
-0.570421
0.505478
-0.250649
-0.262123
0.098178
0.895383
-0.836726
0.984924
0.042940
-0.446516
0.319010
-0.112766
0.214515
-0.368938
-0.481429
-0.250526
0.564135
-0.125156
-0.052889
0.884640
0.076144
-0.965026
-0.075289
-0.521653
0.714164
0.025239
-0.619251
0.845637
-0.262062
0.477950
0.771722
0.251381
0.648793
0.756951
0.689322
-0.143468
0.559557
0.402387
-0.431806
0.844295
0.840815
-0.350566
0.767571
-0.631642
0.980529
-0.503891
-0.447371
-0.450545
0.480697
0.363018
-0.295816
-0.935240
0.200598
-0.948607
0.161534
0.970824
0.020356
0.678152
0.298135
-0.271340
-0.677480
0.062227
-0.509323
-0.443281
0.944456
-0.079196
0.559435
-0.639576
-0.473739
-0.271950
-0.019318
-0.036103
0.961791
0.460250
-0.568651
-0.202429
0.763237
0.368328
-0.171484
0.671499
-0.800043
0.081576
-0.171361
-0.287027
-0.874264
0.751213
0.755058
0.241371
-0.822504
-0.720756
-0.542711
-0.430525
0.233070
0.426801
0.918821
-0.879635
0.868099
0.544237
0.871761
0.005036
0.839534
0.997864
0.710623
-0.945677
-0.722953
-0.342326
0.982177
0.196509
-0.428083
-0.658376
0.953246
-0.895077
0.925779
-0.355022
0.652333
0.476730
-0.171911
-0.204688
-0.912839
0.657094
0.545946
-0.779351
-0.457930
-0.046419
-0.363140
0.691885
-0.132420
-0.465194
0.194433
-0.915036
-0.075961
-0.290750
0.613758
-0.427107
0.447005
-0.729362
-0.201636
-0.292398
-0.771661
-0.800043
0.813349
-0.296304
-0.128025
0.621815
0.480209
0.033357
0.955199
-0.469527
-0.067721
0.940184
0.519578
0.199499
0.994385
0.275002
-0.956542
0.377300
0.439009
0.658315
0.276101
0.968749
0.056612
-0.563036
0.434553
0.540513
0.039521
-0.734367
-0.245094
0.832636
-0.999878
-0.030061
0.288247
-0.305094
0.584887
0.919004
-0.774651
0.288858
-0.323649
-0.567309
0.744377
0.754326
0.924802
0.816706
-0.690298
-0.208289
-0.792474
0.759392
0.936094
-0.883175
-0.052156
0.724052
0.179174
-0.720817
0.634144
-0.531785
-0.362468
0.012848
0.295999
-0.804193
-0.554003
-0.270608
-0.404157
0.169897
0.554735
0.491501
0.865658
0.754875
-0.424055
-0.951903
-0.563402
0.007721
-0.108310
0.915525
0.427656
0.512803
-0.324137
0.096835
0.769402
0.878536
0.608386
-0.230323
0.031037
-0.323099
0.272561
0.312357
-0.798883
-0.138951
0.164220
0.226844
0.303751
-0.230689
0.882260
-0.637196
-0.110202
0.360271
-0.967162
-0.784234
-0.579150
-0.357280
-0.806574
0.529588
0.311014
0.116977
0.040681
0.528245
-0.373699
-0.359539
0.438765
0.748955
0.045137
-0.753655
-0.375347
-0.787774
0.913205
0.640553
0.026154
-0.561022
-0.977538
-0.681570
-0.885922
-0.795404
-0.056185
0.459151
0.593616
0.348735
-0.902219
0.756279
-0.800226
-0.402203
0.249550
0.413923
-0.610462
0.476730
0.861751
0.333598
0.761895
-0.954894
0.503647
0.571154
-0.063814
-0.063448
-0.124546
-0.329630
-0.435713
-0.917600
0.008454
-0.539171
0.292032
0.735466
0.355998
-0.085482
0.006745
0.957945
0.797052
0.786554
-0.966613
-0.842463
0.741264
-0.630787
-0.900571
0.809259
-0.976562
-0.141087
-0.414594
-0.188635
-0.661489
-0.509018
0.711905
-0.281045
0.721671
0.465560
0.864315
0.554674
-0.664724
-0.020112
0.126560
-0.468917
-0.959716
0.458907
0.021088
0.747185
0.106235
0.316324
0.074252
-0.417707
-0.383038
0.796808
0.528367
-0.088534
0.392804
0.350993
0.506211
-0.778069
-0.564562
-0.937925
-0.488998
-0.580248
0.494064
-0.880734
-0.569506
-0.762566
-0.617481
0.146153
0.245766
-0.089877
-0.267861
0.644276
0.075838
0.777520
-0.195166
-0.234230
0.172826
-0.479965
0.663381
0.752251
0.077670
0.490829
-0.384503
-0.003449
0.971068
-0.703177
0.886898
-0.893857
-0.172521
-0.322672
0.552965
-0.227088
-0.467025
0.438154
0.354472
-0.144627
-0.213660
-0.757622
0.615955
0.702383
0.084689
-0.649525
-0.340129
-0.054720
0.437239
0.859004
0.314432
0.491562
0.198096
-0.732109
-0.294229
-0.147801
0.183020
-0.972411
0.043916
-0.125950
-0.664418
0.471603
0.925779
-0.622791
-0.420698
-0.530076
-0.854671
0.909970
0.638844
-0.396283
-0.817133
-0.888119
0.012360
0.832759
-0.463240
-0.237159
0.938047
-0.761040
-0.174596
0.865841
0.333659
0.189489
-0.601856
0.820307
0.791620
0.145543
0.865535
0.526597
0.135289
-0.714652
0.784051
-0.227821
-0.358257
0.036897
0.823786
-0.790033
0.334574
0.680532
0.905393
0.199438
0.213233
0.497543
0.856624
0.212806
-0.068758
-0.671499
-0.219459
-0.585681
-0.706046
0.603259
0.945189
0.485885
0.579516
-0.251869
0.803217
0.726737
0.100009
-0.246498
0.577685
-0.064302
0.970092
0.806085
0.160680
0.068819
0.628040
-0.505783
0.154210
-0.071810
-0.670522
-0.234535
-0.888485
0.181555
0.654653
-0.856624
0.919370
0.398419
0.055696
-0.099643
0.642933
-0.125950
0.533860
0.444258
0.775079
0.111789
-0.631947
0.789056
-0.863521
0.093661
-0.077120
-0.336467
0.875851
0.710685
0.598254
0.772515
0.237770
-0.924741
-0.205603
0.193335
-0.199316
-0.483200
0.555712
0.805536
0.957152
-0.569750
-0.707327
0.660451
-0.553758
-0.378094
0.422590
0.359722
-0.842280
-0.908200
-0.287576
-0.799799
0.766411
-0.480453
0.521409
-0.979675
0.689932
-0.476913
-0.011322
-0.821284
-0.893674
-0.378826
0.279458
-0.206946
-0.971618
0.964232
-0.386151
0.022980
-0.060823
-0.073946
0.616077
-0.731376
-0.604785
-0.863704
0.219703
0.648427
-0.215979
0.338420
-0.645314
-0.221534
0.522385
-0.861934
0.684378
-0.608142
-0.770074
0.531907
-0.711844
-0.240394
0.870418
-0.268899
-0.491867
0.431684
0.930723
0.504563
-0.221046
-0.619068
-0.970458
-0.416791
0.750725
0.540208
0.643300
-0.246559
0.891842
0.514084
0.284890
0.928709
0.850764
-0.266274
-0.193152
0.836238
-0.185644
-0.433882
-0.579394
-0.668325
0.813288
-0.732414
-0.265786
0.418256
-0.670522
-0.352824
-0.151280
0.544359
0.126072
0.767388
0.474044
0.013581
0.212500
0.846614
-0.622791
0.838374
-0.616565
0.261818
0.627796
0.549181
0.356792
-0.467513
-0.474715
0.146764
0.281167
0.814142
-0.670644
0.901364
0.804498
0.735588
-0.222999
0.886288
-0.778802
-0.880612
-0.301126
0.143956
0.022004
-0.229652
0.240211
-0.230445
-0.151158
-0.780450
0.327616
0.405072
-0.228431
-0.854183
0.487533
-0.476730
-0.192724
-0.165563
0.668813
-0.264382
0.004181
-0.834956
-0.725028
0.739250
0.135411
-0.176000
-0.961974
-0.304117
0.079684
0.433454
0.462020
0.582202
-0.818415
0.586230
-0.846614
-0.803522
0.567370
-0.424421
-0.917356
-0.837519
0.679983
-0.764641
0.089267
-0.313028
0.222571
-0.229408
0.211341
-0.596850
0.251564
0.795038
0.660024
-0.134800
0.535264
-0.401898
-0.038789
-0.022187
0.055635
0.214454
0.445357
-0.143468
-0.896908
-0.018097
-0.890439
-0.474349
-0.076266
0.408856
-0.364666
0.539842
-0.515366
-0.774651
-0.016694
0.641408
0.371563
0.105319
0.990539
-0.301859
0.917112
0.077975
0.510666
0.983520
-0.685904
-0.872250
-0.436934
-0.537584
0.464461
0.156713
-0.904355
-0.707266
-0.702689
-0.770440
0.149876
-0.637562
-0.891415
0.168249
-0.150121
0.227088
0.948363
0.888424
0.727348
-0.829768
0.920530
-0.058626
0.295206
0.383953
0.586230
0.305033
0.622791
-0.516709
0.754570
0.872555
0.285257
-0.159581
-0.870785
-0.080233
-0.710501
0.873531
0.457259
-0.953673
0.436506
-0.517747
0.146397
-0.699637
-0.565844
-0.200964
-0.182714
-0.865841
0.497421
-0.298441
-0.140721
0.155858
0.741997
-0.338420
0.088595
0.076083
-0.579638
-0.131626
0.117771
0.787347
0.941099
0.948607
-0.433088
-0.505234
0.002777
0.066866
-0.993286
-0.067965
-0.662648
0.033906
-0.770928
-0.274270
0.691824
0.822138
-0.445845
-0.574328
0.414411
0.589282
-0.770684
-0.962096
0.969054
-0.080782
0.692557
-0.635975
0.994140
-0.574023
-0.628895
-0.120273
-0.821467
-0.127903
0.434614
0.834162
-0.108371
0.324259
0.904172
-0.977294
0.755974
-0.639027
-0.313395
-0.690603
-0.343791
0.108554
0.528306
0.051119
-0.892026
-0.461531
0.197546
-0.234352
-0.950377
-0.045991
-0.163610
-0.237098
0.888241
0.871639
0.837214
-0.101779
0.515732
-0.669668
0.784906
-0.044527
-0.851924
-0.973632
-0.173559
0.774102
-0.626270
-0.950682
-0.317789
-0.669301
0.453230
0.569079
0.144261
-0.297830
0.860408
0.928343
-0.217933
-0.508103
-0.675588
-0.670583
-0.446333
0.154942
-0.529832
-0.870113
-0.393414
-0.399030
-0.579089
-0.101413
0.548875
0.858638
-0.793329
0.146886
0.185339
-0.125156
-0.762261
0.977783
-0.063082
-0.794916
-0.911069
-0.378399
-0.094516
0.729484
0.634388
0.443098
0.454634
0.788202
-0.733757
-0.842219
0.622608
-0.311441
0.700980
-0.960204
0.263344
0.574999
0.024934
0.777520
0.909482
0.802789
0.217200
0.713065
0.080599
0.524888
-0.502182
-0.777520
-0.961852
-0.836177
-0.208899
-0.664968
0.928587
-0.837153
0.287637
-0.852351
0.757805
0.767510
-0.255898
-0.092196
0.079806
-0.847224
0.432295
0.915525
-0.132237
-0.009796
-0.440474
0.529160
0.099216
0.254738
0.507920
0.262368
-0.829157
0.995178
0.337687
-0.794061
-0.618641
0.363994
0.791803
-0.955016
-0.616871
0.592395
-0.732414
-0.170812
-0.583422
0.136631
0.248207
0.075106
-0.057100
-0.564867
0.942625
0.679922
-0.327677
0.227577
0.343486
0.244484
0.029023
-0.617481
-0.798456
0.788018
0.951659
0.587634
0.978881
-0.312052
0.137852
-0.670156
-0.311930
-0.168676
-0.025483
0.624561
0.650136
0.404645
0.799371
-0.719779
-0.304666
-0.312662
-0.559435
0.788507
-0.846431
0.885556
-0.240211
0.654530
-0.817438
-0.917539
-0.144505
0.967650
0.311808
0.329081
0.372051
-0.161168
0.630970
-0.267983
0.626942
-0.747368
-0.410199
0.357952
0.597156
0.444258
0.185644
-0.713126
-0.776299
0.353374
0.813349
-0.578173
-0.295633
-0.550035
0.499985
-0.738701
-0.234230
0.126072
-0.378887
-0.297037
0.938292
-0.815973
0.404645
0.978454
0.537889
0.774957
-0.108860
-0.369243
-0.306681
0.644948
-0.814753
0.164525
-0.334086
-0.874264
-0.817743
-0.544053
0.174291
0.424543
0.197729
-0.958007
0.178869
0.196875
-0.880673
0.124302
-0.221900
-0.909909
0.652577
-0.420087
0.430280
0.721427
0.731986
-0.985046
0.720511
-0.166356
0.672597
-0.152501
0.009674
-0.576708
0.386883
0.937864
0.974609
0.123630
-0.344279
0.620899
0.616993
0.720450
0.665029
0.003998
-0.653188
-1.000000
-0.895993
-0.265419
0.241005
0.246010
0.182653
-0.053804
-0.830561
0.990112
0.901669
0.404584
-0.200354
-0.223487
-0.120273
-0.665639
-0.471175
-0.209449
0.779473
0.266091
-0.506088
0.364910
-0.719474
0.796808
-0.529038
0.181921
0.695120
-0.257973
0.980346
0.256142
0.997925
-0.634266
0.100436
0.931639
-0.706534
-0.874508
0.917905
-0.479293
0.561388
-0.768487
0.521653
-0.926328
-0.859066
-0.776055
0.451277
0.793573
0.976318
0.804010
-0.828120
-0.156468
0.267312
-0.884640
0.693228
-0.337687
0.462020
0.272866
0.231239
0.091647
0.510117
0.097995
-0.921384
0.279153
0.497848
-0.350078
0.431257
0.600146
-0.372112
-0.760430
0.331767
0.001190
0.959044
-0.110141
0.197180
-0.650563
0.426435
-0.674184
-0.217139
0.943663
0.123936
0.872921
0.492538
-0.646474
-0.219764
-0.270363
-0.523301
-0.956114
0.029878
0.910825
0.657155
-0.000092
0.088229
-0.291055
-0.933409
-0.281045
0.752068
-0.702383
-0.252968
0.143223
-0.881161
0.271889
-0.351054
0.411603
0.655995
-0.889645
-0.037935
-0.065950
-0.067782
0.943052
0.444441
-0.035371
-0.243568
-0.961058
0.330363
0.167577
0.472579
-0.956053
0.153356
-0.360210
-0.856807
0.911557
0.412458
0.377667
0.838191
-0.531358
0.779290
-0.997070
-0.902951
-0.120823
-0.819391
-0.308390
-0.849849
0.785089
-0.964782
-0.239784
-0.130589
-0.814631
0.466231
-0.704215
0.637440
0.806757
0.209143
0.089755
-0.432173
0.268654
-0.101413
0.679495
-0.677908
-0.658681
-0.583422
-0.843440
0.737968
-0.100436
0.357097
-0.859737
-0.360881
-0.099582
-0.472152
-0.418439
0.052461
0.395062
-0.513840
-0.431196
0.996216
-0.766472
0.850581
-0.364116
-0.459212
-0.329875
-0.985961
-0.084628
0.759697
-0.128513
0.777703
0.230140
-0.451338
-0.073763
0.442610
0.193823
-0.510544
0.768853
0.878292
-0.909482
-0.016816
-0.836482
0.871517
0.859737
-0.406964
0.048189
0.668020
-0.088961
-0.412641
-0.057039
0.722221
-0.409833
-0.909604
0.518479
0.304117
0.546068
0.060701
0.701956
-0.074801
-0.269387
-0.731254
0.707694
-0.052217
-0.025056
0.177587
0.230873
0.852901
0.977172
-0.154698
0.647816
0.075900
-0.757500
-0.898068
-0.653554
0.800592
-0.316202
0.173009
-0.018464
-0.359905
0.624317
-0.004913
0.455306
0.653859
-0.365337
-0.969481
0.583789
0.864132
-0.559008
-0.019196
-0.615711
0.706900
0.250710
-0.450179
0.704764
-0.591479
0.839961
0.464400
0.828608
0.059542
-0.385296
0.617237
-0.178991
0.403729
-0.602466
-0.876583
-0.566820
0.251625
0.672414
-0.523850
-0.374310
-0.412702
-0.404157
-0.468551
0.877804
0.801263
0.759697
0.396954
-0.909787
-0.752922
-0.785455
0.273659
0.650197
0.492782
-0.304483
0.848994
-0.239784
0.407575
-0.000702
-0.141820
0.716239
-0.607898
0.166173
0.146947
0.787225
0.904599
0.098239
-0.948851
-0.966491
0.135777
-0.071993
-0.269448
-0.410993
0.760247
-0.712638
0.492904
-0.109836
-0.939268
0.871212
-0.921690
0.177404
0.401349
0.100864
-0.557482
0.946226
0.393597
-0.963683
-0.973266
-0.367962
0.827265
-0.231239
-0.814753
0.263222
0.959288
-0.233436
0.161596
-0.021638
0.118381
-0.579028
-0.243263
0.291971
0.648671
-0.426984
-0.603626
0.045198
-0.369671
0.210608
0.479659
0.579150
0.730766
0.829646
0.407941
-0.591540
0.697317
0.592822
-0.228736
0.991028
-0.493027
0.251381
-0.133091
-0.367534
0.527024
-0.908872
-0.735160
-0.230323
-0.284829
0.784600
-0.207007
0.329875
0.255959
-0.766289
0.592029
0.011383
-0.385540
0.219581
-0.920896
-0.625111
0.516953
0.171606
-0.579821
0.172643
0.673574
0.256142
-0.622669
0.555467
-0.881222
-0.017853
0.338054
0.817621
-0.839473
-0.617359
-0.697317
-0.895322
0.163366
-0.649464
-0.829707
-0.224769
0.538682
0.482040
0.927732
-0.466414
-0.007965
0.258889
0.162694
0.752434
-0.241127
0.449446
0.001801
0.619373
0.927793
0.476424
0.207190
0.622913
-0.572008
-0.796869
-0.282693
0.433760
-0.547838
-0.387921
0.928220
0.755608
-0.698294
0.414899
0.830256
-0.862545
-0.017182
0.090609
0.265053
0.338054
0.310099
-0.730888
-0.687735
-0.572680
0.294351
-0.214087
-0.577258
0.505417
0.596240
0.857784
0.699087
-0.621632
-0.942686
0.029572
0.328104
0.119663
0.418806
0.867794
0.418256
0.810358
0.550401
-0.659474
0.212989
-0.027497
0.267373
0.132603
-0.190405
0.243080
-0.845576
-0.820124
-0.303568
-0.900571
0.414594
-0.835810
0.094882
0.597827
-0.705557
0.551073
0.602771
-0.084506
0.391644
0.921812
0.934935
0.521287
0.483200
-0.364299
-0.701041
-0.663015
0.745476
0.023347
0.778436
0.380596
0.855953
0.797845
-0.277444
0.710379
-0.369610
0.089328
-0.717704
0.375652
-0.604480
-0.149022
0.603687
-0.776421
-0.999817
0.950255
-0.659902
-0.462996
0.794244
0.769158
0.210364
0.411908
0.018097
0.586657
-0.683828
0.610828
-0.618213
0.462691
-0.798639
0.272256
0.128941
0.764702
-0.979369
-0.797052
0.051851
-0.157628
0.356670
0.092807
-0.486496
-0.445357
-0.179601
-0.700674
0.430403
0.348369
0.687429
0.335795
-0.034883
-0.182348
0.771661
-0.013092
-0.946654
0.415265
0.069857
-0.440779
-0.844295
-0.760613
0.948241
0.867489
0.469222
0.828669
0.179968
-0.405255
0.062593
-0.902036
0.750786
-0.023896
-0.941893
-0.195715
-0.215857
0.415021
-0.931700
0.122471
0.407392
-0.617847
-0.319559
-0.008698
-0.805536
0.923704
0.815302
-0.809320
0.077792
-0.037202
0.386883
0.895627
0.027924
0.967772
-0.716239
0.103549
0.799371
-0.065584
-0.983764
-0.705985
0.024751
-0.802301
-0.172460
-0.153661
0.501694
-0.822443
-0.217200
-0.327250
-0.691397
-0.244911
-0.459517
0.338420
0.612842
0.108921
-0.992737
0.190710
-0.400128
0.188208
0.081881
-0.753716
0.131504
0.092441
-0.055513
-0.023408
0.121616
-0.360637
-0.020295
-0.657094
0.281899
-0.817988
0.464217
-0.130467
0.193701
-0.394574
-0.014801
-0.777825
0.758232
0.272011
-0.674001
-0.840693
-0.643483
0.288614
-0.973388
0.220923
0.733390
-0.000092
0.188574
-0.941343
0.675405
0.717948
-0.992248
-0.286172
-0.058809
-0.545518
-0.343364
0.426130
-0.878658
-0.414838
-0.595264
0.777703
-0.971557
-0.962462
0.738273
-0.598437
-0.781915
-0.501328
0.245643
0.824885
0.713919
-0.680898
-0.333293
-0.542589
-0.213904
0.690481
-0.163915
-0.200903
-0.311075
0.756218
-0.747551
-0.604175
0.779595
-0.032685
-0.635548
-0.240211
-0.560656
-0.420331
0.188147
-0.865780
-0.435835
0.026399
0.033052
-0.262062
-0.036348
0.722221
0.987732
-0.044832
0.780816
0.145299
0.960448
0.519578
0.952330
0.320231
0.986206
0.755608
0.440046
-0.876583
-0.277627
-0.147313
0.119053
0.807184
-0.884396
-0.392499
0.967650
-0.249245
-0.620777
-0.583850
0.011750
0.264138
-0.975890
0.926695
0.256508
0.168310
0.104831
-0.614978
0.922849
0.953917
-0.549547
-0.804743
-0.282327
0.501755
-0.825556
-0.483749
0.374676
0.465743
-0.403974
0.074068
0.656117
-0.251198
0.888058
0.276101
0.236061
-0.328104
-0.228919
0.254494
-0.075533
-0.602954
-0.140782
0.328898
0.756523
0.268532
0.502853
-0.786737
-0.209387
0.208716
-0.999268
-0.954222
0.929075
0.745903
-0.723991
-0.254738
-0.172216
-0.120579
-0.648122
-0.861629
-0.736015
-0.345683
-0.928770
-0.416120
-0.721244
-0.410199
-0.324564
0.405927
0.554735
-0.755486
-0.733512
0.654714
-0.821589
0.528672
-0.618152
0.256447
-0.272744
-0.804010
-0.773064
-0.224647
-0.398114
0.943175
0.782891
-0.860591
0.887265
-0.916074
-0.482406
0.940489
0.462264
-0.418622
0.059420
-0.251198
0.019623
-0.432539
0.287454
0.350200
0.530992
0.183630
-0.565233
-0.456893
-0.449812
-0.781243
-0.504990
0.895199
-0.827082
0.326762
-0.526414
-0.441694
-0.641896
0.379131
0.457564
-0.538194
0.992370
0.687063
0.389691
0.801508
0.612476
-0.459517
0.534959
0.817499
-0.119480
-0.818537
0.936155
0.478744
0.020844
-0.805170
0.037996
-0.785821
0.934019
-0.096103
-0.779656
0.859798
0.561449
0.416242
-0.581347
0.294473
-0.857356
-0.572985
-0.397565
0.558031
-0.867122
0.721671
-0.613575
-0.424543
-0.842341
0.791986
-0.431806
-0.457137
0.517258
0.528123
0.468490
-0.142491
-0.905576
-0.837947
-0.544786
-0.569811
-0.065828
-0.647023
-0.585620
0.096103
0.298990
-0.942564
0.702567
-0.246071
0.452315
-0.438643
0.009186
-0.992187
-0.924131
0.872677
0.519517
-0.171545
0.024018
-0.497055
0.903562
-0.103793
-0.432783
-0.572558
-0.484298
-0.955138
0.634205
-0.425092
0.335795
0.077914
0.946837
-0.681509
0.640126
-0.950926
0.824152
-0.734306
0.154881
0.256508
-0.144749
0.812922
-0.788568
-0.571093
-0.035005
0.547594
-0.395795
-0.664357
-0.222083
-0.830439
-0.886837
0.305521
-0.632740
-0.543199
-0.417890
-0.952879
0.553087
-0.591418
-0.422895
0.586779
-0.390851
0.567248
-0.554491
-0.943419
-0.655934
0.580004
-0.496017
-0.296609
-0.522935
-0.612842
0.026093
0.217811
-0.408612
0.420515
-0.331217
0.063631
-0.339274
0.564867
-0.668386
0.210181
-0.226112
0.509751
-0.162328
0.847957
-0.369549
-0.664968
0.071749
0.283303
0.858333
-0.431318
-0.123630
0.899533
-0.891964
0.510666
-0.940611
-0.695425
-0.626820
0.153844
-0.465987
-0.229469
-0.717887
-0.737297
-0.968139
0.313089
0.959227
0.656667
-0.723502
0.286538
-0.176611
0.131809
-0.106906
-0.178808
-0.292337
-0.216285
-0.575793
0.023530
0.428083
0.935484
-0.213172
0.534959
0.023469
0.368145
0.497848
0.699942
0.471603
-0.630055
0.777642
0.658132
-0.039277
-0.103488
-0.828974
-0.371685
0.716178
0.638173
0.985290
-0.161718
-0.653249
-0.496811
-0.458235
-0.374248
-0.042879
-0.150548
0.718619
0.704215
-0.961852
0.657765
-0.374981
-0.812006
0.212867
0.263710
-0.958861
0.213660
-0.653005
-0.859798
0.324198
0.748772
0.133274
0.967711
-0.889401
-0.336161
-0.527451
0.022919
-0.801202
0.771844
-0.432905
-0.573534
-0.553148
-0.739494
0.463057
0.447859
-0.064058
-0.879818
0.191259
-0.332072
0.224952
0.623218
-0.277139
0.600818
0.687551
0.126438
0.788018
-0.294229
-0.960875
-0.737419
-0.519822
-0.121311
-0.828486
0.569567
-0.141697
0.196081
-0.543504
-0.364177
-0.106540
0.866390
-0.707144
-0.204627
0.151524
-0.143651
-0.186804
0.749931
0.924986
-0.362529
-0.467513
-0.433454
-0.922239
-0.769341
0.218055
-0.026276
-0.745170
-0.124912
-0.509629
0.884396
0.686514
0.973205
0.694571
-0.850398
0.607288
0.440291
-0.123020
-0.425031
0.304666
-0.219275
-0.118015
-0.686697
-0.667348
0.177526
0.669973
-0.585192
-0.659780
0.975890
0.015900
-0.592517
-0.890683
-0.222205
-0.268593
0.357219
0.233070
-0.211341
0.911740
-0.772454
0.396466
0.217933
0.312845
0.155370
0.599658
-0.984802
0.192358
0.044221
-0.054231
0.594836
-0.256325
-0.536607
-0.161412
0.069369
0.121128
-0.839167
-0.075961
0.038606
0.772637
-0.527696
-0.077120
0.011505
-0.417463
-0.487960
0.061190
0.102329
0.538194
-0.654530
-0.275063
0.619984
-0.075716
-0.533006
-0.958861
0.389386
-0.870052
-0.563768
0.456648
-0.371136
-0.639760
0.160497
0.212867
0.028047
0.392010
0.508530
-0.316080
-0.240944
-0.413495
0.110996
-0.173376
0.567248
0.652028
0.992981
-0.636158
0.100803
0.065523
-0.707999
0.844234
0.868526
0.227760
0.693167
-0.295022
0.611072
-0.470565
-0.929624
-0.967650
-0.295328
-0.293252
-0.899838
-0.059053
0.412397
-0.599475
-0.069002
-0.561754
0.734672
0.658620
0.713736
-0.466353
-0.489486
-0.064486
-0.849239
-0.986511
-0.863887
-0.869442
0.998047
-0.801080
-0.328227
0.528428
-0.322489
0.982482
0.328654
0.699149
-0.960692
0.126194
-0.553331
-0.077731
-0.532945
0.871456
-0.949522
0.051973
-0.996948
-0.250221
-0.029084
0.131748
0.184423
-0.223853
-0.702322
-0.425581
0.441877
0.210913
-0.414350
-0.474044
0.084811
-0.438765
0.462264
0.558641
0.605090
0.084689
-0.870907
0.632923
0.981567
-0.396588
0.843135
-0.307840
0.807733
0.945494
0.460677
0.030915
-0.683096
0.202551
-0.590197
0.284219
-0.028901
-0.832209
0.232887
-0.026460
0.401593
-0.661061
-0.262246
0.628651
0.284219
0.682180
-0.125828
-0.378765
-0.970824
-0.796381
0.888607
0.038179
0.798578
0.025178
0.319559
-0.152318
0.669790
-0.169164
0.238807
-0.753044
-0.163610
-0.762139
0.367107
0.631031
0.831599
0.384930
0.072115
0.046724
-0.859859
-0.847407
-0.251259
0.240211
-0.264809
-0.951415
-0.446699
-0.784112
0.473128
0.631825
-0.553270
-0.804682
-0.086947
-0.149083
-0.072909
0.965453
-0.955565
0.834468
-0.862728
-0.686026
0.650868
-0.783135
-0.153722
0.858211
-0.961669
-0.531236
0.796442
0.009980
0.436079
0.739677
0.055330
-0.137608
0.299844
-0.256386
-0.884762
0.168432
0.173193
-0.176061
0.741935
-0.459395
-0.588672
-0.614368
0.762017
-0.088961
0.344768
-0.755364
-0.201880
-0.605274
0.996399
0.593005
0.614246
-0.041414
-0.671316
0.253151
0.872921
-0.715629
-0.136265
0.249916
0.137242
0.576525
0.914121
0.276833
0.446333
0.703909
-0.018403
-0.203467
0.501205
-0.705008
-0.819269
0.596240
-0.737663
-0.400555
-0.470687
-0.999145
0.957457
0.529527
-0.752007
0.314432
-0.287149
0.228980
-0.013764
-0.174902
-0.985229
0.306925
-0.748650
0.885739
0.350688
-0.148167
-0.356487
-0.996094
-0.553331
-0.121799
-0.886654
-0.930967
-0.987854
-0.625660
0.381634
-0.856929
0.494064
0.160192
-0.767571
0.762627
-0.868404
0.605823
-0.987121
0.817682
0.217627
-0.339213
0.074313
-0.517258
0.575915
0.174169
-0.253578
-0.847224
-0.337626
-0.890744
-0.657338
0.514695
0.249611
0.199011
-0.083712
-0.729118
0.143284
0.090915
-0.943846
-0.045137
-0.635426
0.179968
-0.570177
-0.348796
0.797967
-0.717154
0.378094
-0.811090
-0.349528
-0.103488
-0.061617
0.222633
-0.020783
0.762810
0.471664
-0.445906
-0.607288
0.377056
0.022858
-0.933836
0.074923
-0.808588
-0.170202
0.950377
-0.861812
-0.476180
-0.966308
-0.711539
0.548509
-0.281961
0.068575
0.423078
0.093905
0.166173
-0.966674
-0.091769
0.500839
-0.590991
-0.156590
0.794122
-0.280923
0.969543
0.414533
0.718436
-0.558031
0.379559
-0.534654
0.418439
-0.093417
0.868954
0.219947
0.631581
0.018464
-0.087130
-0.061251
-0.734611
0.759758
0.815119
-0.084872
0.670644
0.526414
-0.166540
0.624317
-0.714408
0.272134
-0.284341
0.998047
0.500107
0.610767
-0.301614
-0.324625
0.788446
-0.128758
-0.496078
0.422040
-0.813410
-0.914243
0.977783
-0.073824
-0.656484
0.732841
-0.167882
0.934751
0.177404
0.368206
0.519517
-0.738945
0.322672
-0.579394
-0.244240
-0.362346
0.906674
-0.043306
0.624256
-0.245949
-0.206030
-0.607837
-0.158483
-0.321696
0.245705
-0.573473
0.936155
0.639637
0.111667
0.658742
-0.058626
0.528489
-0.580248
0.646290
-0.815485
0.774224
0.342814
-0.893918
0.852901
-0.925596
0.255959
0.791009
-0.370342
0.124668
-0.162816
0.283303
-0.908017
-0.298990
0.423383
0.715384
-0.349406
-0.307474
-0.202795
-0.619434
-0.503708
-0.716727
0.128269
0.956297
-0.375225
0.125462
0.739738
0.997375
-0.091281
-0.406720
-0.880673
0.773736
-0.473678
-0.193823
0.248939
-0.414777
0.728568
0.226539
-0.530442
-0.216590
0.463485
0.921812
0.952147
0.901120
-0.755547
0.663259
0.963195
-0.469588
0.901669
-0.503037
-0.594104
0.304361
0.467635
0.250343
-0.228248
0.163976
-0.291849
0.483444
0.335734
0.414472
-0.561693
0.751335
-0.774346
0.150243
-0.089450
-0.410077
-0.750786
0.905026
-0.487838
0.833125
0.189856
0.044954
0.545091
0.634083
0.267617
-0.035859
0.441694
-0.077425
0.498642
-0.291604
-0.577746
-0.360820
0.501328
-0.968200
-0.279275
-0.379925
-0.881283
0.441145
-0.475082
0.118320
0.314249
-0.944395
-0.571764
-0.981689
0.319620
-0.658071
0.577441
-0.949950
0.770196
-0.348857
0.769768
-0.561571
-0.637196
0.868404
0.650563
-0.411664
-0.403851
-0.763787
-0.847224
-0.531602
0.936460
0.440901
0.208716
0.685171
-0.342143
0.644642
0.848140
-0.577685
-0.092441
0.518296
-0.935240
0.993835
-0.337199
-0.405499
0.820978
0.594348
-0.487411
-0.164892
0.546251
-0.961241
0.572863
-0.980834
-0.897336
-0.696402
-0.312662
0.252602
0.715201
-0.644948
0.733207
-0.221290
0.706290
0.759941
0.770806
-0.524155
0.411664
-0.143773
-0.317972
0.907041
0.871029
0.942381
-0.529344
0.878536
-0.898679
-0.446028
0.997314
0.395978
-0.197974
-0.605335
-0.781732
-0.772332
-0.302347
0.549547
0.051363
-0.004059
-0.672231
-0.969848
-0.388165
-0.012421
-0.861263
-0.172338
-0.660512
-0.896603
-0.779656
-0.714652
-0.554613
0.944639
0.766655
-0.326090
-0.991577
-0.307901
-0.399030
-0.647450
0.325541
0.320353
-0.970336
-0.156407
-0.892026
-0.133518
-0.685598
0.000641
-0.752007
0.354411
0.389447
-0.215186
0.766228
-0.443648
0.485580
0.993347
-0.435835
0.718925
0.317850
-0.088107
0.707999
-0.641713
-0.361919
-0.707633
-0.127964
0.789117
0.008026
0.143406
-0.102206
0.188574
0.489792
0.229469
-0.374615
0.477096
-0.863643
-0.512864
0.740410
-0.448653
-0.982177
-0.883419
0.604236
0.867489
-0.001556
-0.684500
0.965880
-0.108371
-0.951415
0.517624
0.338908
-0.422895
0.210242
0.502853
0.810663
0.833369
0.395184
0.269936
0.842769
-0.313150
0.300333
-0.977905
0.105686
-0.433088
0.386029
0.486068
-0.052156
0.576769
-0.134129
-0.185827
-0.520981
0.599902
0.090487
-0.182104
-0.233802
-0.792291
-0.805353
-0.971679
-0.463240
0.019257
