-0.047945
-0.030000
0.873714
0.527573
0.510666
-0.791559
0.118992
-0.410382
-0.877865
-0.437971
-0.716300
-0.318827
-0.961425
-0.971618
-0.702017
0.282632
-0.708731
-0.577624
-0.491379
-0.173254
0.724784
-0.972839
-0.600024
0.911557
-0.224952
0.971007
0.465682
-0.902951
0.744865
-0.487838
0.335307
-0.835994
0.798334
0.326640
-0.058138
-0.663686
-0.002777
0.650929
-0.544176
0.322916
0.466231
0.767815
0.106784
-0.554430
0.209143
0.841243
-0.477706
-0.613941
0.026215
0.182043
0.287454
0.275185
-0.583422
0.777093
0.889706
-0.809748
-0.494003
0.494797
0.486557
0.923460
-0.443587
-0.868892
-0.100620
-0.432173
0.893368
0.153966
0.063082
0.570849
0.117344
-0.916562
-0.335978
-0.101657
-0.157628
0.245399
0.183447
0.013276
-0.048555
-0.568957
-0.125156
-0.700735
-0.921812
-0.500168
0.992370
0.735527
0.376568
0.878719
-0.604297
0.093661
0.319010
-0.147740
0.273232
0.495590
0.450545
0.805292
-0.961425
-0.069552
0.551073
0.874264
0.525864
-0.770745
0.899838
-0.372356
0.065645
-0.059969
-0.991699
0.445906
-0.104953
-0.162816
-0.052217
0.500412
0.198035
0.299112
-0.842647
-0.820856
0.411786
0.800714
0.333293
-0.715201
-0.246986
0.239357
-0.083590
0.962889
0.953001
0.188574
0.577868
-0.057711
0.344157
0.860775
-0.673086
-0.365337
0.974303
0.452864
0.518479
-0.357341
0.052950
-0.741325
0.938841
0.857051
0.923276
-0.266518
-0.639637
0.660573
0.464400
-0.955077
0.117588
0.147069
0.086337
0.304788
0.928343
0.070162
-0.905026
-0.573778
-0.373760
0.912961
0.511338
0.408246
-0.412702
-0.223060
0.310770
-0.802606
0.809687
-0.353862
0.096896
0.801202
0.620472
0.620716
-0.146031
-0.343852
-0.879940
-0.543504
0.849422
-0.706107
0.614917
0.143895
-0.238685
0.533982
-0.238746
0.948729
-0.930845
0.621632
0.117649
0.099338
0.212622
0.102695
-0.108066
0.395978
0.748344
0.719840
-0.397443
0.987487
-0.180212
-0.109836
0.468795
0.718009
-0.791009
0.295206
0.608875
0.076388
-0.999573
0.839839
-0.846065
0.038362
-0.142735
-0.789178
-0.842708
0.908078
-0.562670
0.864376
-0.145482
0.018281
-0.395550
-0.898740
-0.536058
-0.579028
0.889767
0.402326
0.088778
-0.397931
0.058321
0.045198
0.910398
0.631825
0.106784
-0.676382
0.232154
0.525620
0.300150
-0.801874
-0.407025
0.592822
-0.231056
-0.185583
0.301859
-0.041658
-0.881893
-0.120762
0.260720
-0.908872
0.804437
0.961913
0.381817
-0.768914
-0.413923
0.169897
0.693350
-0.672170
0.491928
0.633595
0.190893
0.786248
-0.223670
0.895566
0.393170
-0.599780
0.167638
0.172643
-0.886166
0.967223
-0.023774
-0.596850
-0.881222
0.621021
0.968444
0.817621
0.284585
-0.099277
0.377728
0.375164
0.981201
0.462874
-0.486801
0.006867
-0.129734
-0.007294
0.773736
-0.783868
-0.131138
0.228736
-0.828242
0.091220
-0.953185
0.482467
0.135960
0.522019
-0.023041
-0.190100
0.042024
0.297342
-0.865108
-0.950194
-0.457503
-0.853999
-0.722159
-0.387921
-0.235084
0.313028
-0.272683
0.406537
-0.084078
0.984375
-0.210852
-0.131016
0.338847
-0.570055
0.636708
-0.608936
0.731010
0.033052
-0.226783
-0.531724
0.113926
0.144627
0.720695
-0.387738
-0.891476
0.080355
-0.533921
-0.444136
-0.959044
-0.270363
0.418806
0.137547
-0.498947
0.122715
0.656545
-0.822260
-0.290017
0.783746
0.208594
0.651967
-0.998047
0.849910
-0.823786
-0.820124
-0.375408
-0.220130
-0.968627
0.170202
-0.522996
0.110019
-0.238258
-0.992370
0.645253
0.712516
0.869259
-0.730461
-0.750725
0.601306
-0.996277
-0.364299
0.456526
0.935484
-0.660451
0.444319
0.334819
-0.077425
0.549608
-0.995666
-0.725517
0.312540
0.282876
0.821894
-0.475753
0.310648
-0.481918
-0.716605
0.239418
-0.809626
0.818964
0.717215
-0.721305
0.784417
-0.386029
0.296060
0.003510
-0.153539
0.421430
0.308939
-0.559618
0.610828
0.954588
-0.609302
0.801630
-0.221961
-0.326395
0.178991
0.845943
-0.954344
-0.478683
0.928220
-0.073641
-0.860591
0.146764
0.285684
0.411542
-0.856075
-0.906186
0.803583
0.181005
-0.708731
0.762993
0.654408
0.886593
-0.735832
-0.141514
0.783685
0.057222
0.248451
0.529893
-0.149998
0.078097
0.089633
0.469222
0.125217
-0.354106
-0.474105
0.635792
-0.009674
0.108005
-0.117527
-0.475448
-0.482467
0.782037
0.368206
-0.931700
0.183996
0.634144
0.899350
0.033906
0.531907
-0.805536
0.925291
-0.136326
0.240699
0.556444
0.980468
0.981079
0.515183
0.027924
0.069369
-0.204871
0.735282
-0.551988
0.001617
-0.554796
-0.705985
0.035310
0.969787
0.292764
0.925840
0.916379
-0.961303
-0.502609
-0.285195
-0.498398
-0.264443
-0.287820
-0.052095
-0.292520
0.784051
0.165990
-0.323893
0.458541
-0.141514
-0.790338
-0.155126
0.346782
-0.970153
-0.703055
-0.023408
0.023957
0.298990
-0.041841
0.782586
0.717032
-0.545763
-0.343608
0.134068
0.829157
-0.932066
-0.479720
-0.322855
0.148228
0.168432
0.722098
-0.292520
0.446333
0.823420
-0.579821
0.703299
-0.790704
0.741935
0.754326
-0.489731
0.041719
-0.294656
0.049776
0.044588
-0.058809
0.738823
0.834407
0.773736
0.964721
0.696829
0.933958
-0.379559
0.213843
0.223304
-0.003449
-0.486251
0.438093
-0.802118
0.642201
0.824885
-0.503769
-0.143895
0.806940
-0.542589
0.721732
-0.183752
-0.941832
-0.636464
-0.196875
0.550645
-0.930174
0.678274
0.530076
-0.302347
0.661306
0.354045
0.698599
0.334880
-0.814508
-0.886349
-0.132115
0.005951
-0.581347
0.013337
-0.073702
0.472518
0.062227
0.591662
0.077181
-0.019562
-0.157811
0.665151
-0.447676
-0.476119
-0.648732
-0.464522
-0.451033
0.761467
0.546312
0.543870
-0.382000
-0.858943
-0.078829
-0.683828
-0.191198
-0.442793
-0.585192
-0.583850
-0.781121
0.264138
0.013703
0.208106
-0.665944
0.168310
-0.588610
0.018769
-0.358257
-0.769524
0.177587
-0.284951
-0.282327
-0.082797
-0.028535
-0.720145
0.651051
0.205054
0.667837
0.030305
0.079501
0.102512
-0.099155
0.980468
-0.577624
-0.168249
0.034028
0.049409
-0.075533
-0.921384
-0.140782
-0.282144
0.631214
0.321146
-0.292703
-0.046480
-0.979125
0.790582
-0.006134
0.241432
0.123203
0.393780
0.325602
-0.700613
-0.851680
0.275979
0.612842
-0.411054
-0.078768
-0.981567
0.629749
-0.911618
-0.868526
-0.143162
0.115329
-0.256081
-0.867428
-0.274270
-0.796869
0.321818
-0.060762
0.528672
0.377789
-0.291055
-0.083468
-0.804010
0.828547
-0.196265
0.565783
0.190832
0.371380
0.960143
-0.359600
-0.890805
-0.482406
-0.660878
0.609241
0.263833
0.528550
-0.820368
-0.182043
-0.419477
-0.958678
0.455611
0.052644
-0.875973
0.510056
0.968566
-0.643666
0.352824
0.696524
-0.435591
-0.344829
-0.006317
-0.516099
-0.441694
0.882565
-0.530503
-0.766778
0.367229
0.992370
-0.982421
-0.349528
0.535142
-0.003265
-0.331645
-0.418744
0.466353
0.889157
0.042695
-0.258827
0.478744
-0.131626
0.213050
-0.242225
0.243263
0.293130
-0.081576
0.840327
0.486984
-0.723930
-0.097385
0.598926
0.762505
-0.784417
-0.071749
-0.415021
0.155492
0.203467
0.005341
-0.707999
0.821894
-0.529160
-0.003693
0.060518
-0.116062
-0.356243
0.589831
0.562792
0.663686
0.697623
0.660329
0.080294
0.485641
0.513718
-0.586901
0.262062
-0.512741
0.809259
-0.649953
0.423688
0.806879
-0.198706
-0.911435
-0.252541
0.298441
-0.275674
0.265358
0.519517
-0.120212
0.905637
-0.916318
0.876339
0.348491
-0.432783
0.522202
0.063021
0.466720
-0.351665
-0.662465
0.230262
-0.048799
-0.748955
-0.892392
-0.623218
-0.011017
0.350017
-0.324503
0.154881
0.536668
0.573290
-0.489059
0.888730
-0.871212
0.816828
0.318705
-0.393353
0.729911
0.367290
-0.074190
-0.626576
-0.103610
-0.925291
-0.543199
-0.805231
0.299844
-0.225990
-0.452925
0.900510
0.979064
0.688894
0.698904
0.971618
-0.943419
-0.415387
-0.562731
0.370037
-0.486435
-0.577319
-0.765007
0.394147
0.314432
-0.774468
0.098727
0.802484
-0.687857
0.107456
0.336161
-0.793573
-0.202002
-0.226112
-0.428266
0.657155
0.067049
-0.807855
-0.166723
-0.010773
0.118748
-0.731559
-0.557970
0.423750
0.799493
0.874264
0.915464
0.639698
0.075716
0.029633
-0.051057
0.379437
-0.764946
-0.585986
0.314676
0.652516
-0.166478
0.951476
0.103427
-0.108127
-0.281777
-0.176611
0.522446
-0.934568
0.815851
-0.845454
0.617542
-0.482650
-0.934751
0.514451
0.935484
0.840754
0.485397
0.395856
0.271523
-0.420087
-0.924741
-0.760979
-0.381024
0.920713
-0.194372
-0.401654
-0.781182
0.296854
0.973449
0.716178
0.980895
0.762139
-0.161718
-0.902585
-0.236976
-0.025605
-0.371746
-0.042879
-0.389142
-0.431990
-0.793634
-0.627979
-0.366008
0.190710
-0.291665
-0.538316
0.263710
0.134556
-0.024201
-0.653005
-0.991516
0.180456
0.257607
-0.592639
-0.715384
0.813593
-0.601978
0.118809
-0.720023
-0.868221
0.191748
-0.036470
-0.488449
0.822138
-0.819636
0.395917
0.552293
0.172277
-0.010529
-0.499191
0.841914
-0.338237
-0.603442
0.690847
-0.390790
-0.667592
-0.535875
-0.407270
0.622242
-0.358013
0.016205
0.687979
-0.121311
-0.935667
-0.690237
-0.153478
0.584887
-0.225684
-0.044649
0.973266
-0.765679
-0.830195
-0.204627
0.828425
-0.929258
-0.908444
0.412702
0.723258
-0.561327
-0.424116
0.436445
-0.017304
0.683279
-0.639332
0.923948
-0.140965
0.893368
-0.465621
0.928037
0.750603
0.745659
-0.778924
0.733940
-0.677358
0.440291
-0.392193
0.641957
-0.891903
0.703787
-0.998657
-0.393048
-0.697195
0.177526
0.500534
-0.508042
-0.297586
0.148961
0.204627
-0.709891
0.454634
0.635121
-0.396466
-0.211158
0.331095
0.500717
-0.815546
0.822443
0.782403
0.328043
-0.023164
0.980407
0.531053
0.397626
-0.633229
0.044221
0.755974
-0.970336
-0.047456
-0.072115
-0.243263
0.596484
-0.482772
-0.448225
0.838130
0.474654
-0.531053
-0.405560
-0.840876
0.011505
-0.615040
0.512741
0.409406
-0.052461
-0.541978
0.489059
-0.187292
0.678701
0.743095
0.035676
-0.454512
0.323222
-0.198035
-0.189489
-0.470992
0.102329
-0.003876
-0.235511
-0.978698
0.345134
0.417768
-0.500046
0.886410
-0.511155
-0.947508
-0.919370
-0.184301
-0.369488
0.317118
0.046297
0.181494
0.961913
0.698538
0.759697
0.191748
-0.136631
-0.007721
0.436811
0.941465
-0.083895
-0.653066
0.286660
0.864437
0.676870
0.486740
-0.899838
-0.288491
0.646290
0.444624
0.321085
-0.125645
0.561083
0.888058
-0.297769
0.053865
-0.568102
-0.463668
-0.122227
-0.029206
0.869808
0.319010
0.212928
0.900876
-0.495407
0.211097
0.570666
-0.678701
-0.383709
-0.535875
0.202124
0.774651
-0.894955
-0.323344
-0.959838
-0.931639
0.768365
0.554979
-0.996948
0.487960
-0.898373
0.639088
-0.923399
0.070467
-0.104221
-0.893368
-0.279031
-0.666311
-0.430280
0.752556
0.058992
-0.438765
-0.356548
-0.854183
0.298013
0.791742
-0.803949
-0.920225
0.655812
-0.850093
-0.448347
-0.566515
-0.621509
-0.136021
-0.497238
0.137608
-0.683096
0.749077
0.840571
0.207556
0.209510
-0.351115
-0.746757
0.884823
0.241432
-0.661061
-0.678701
-0.458602
0.830866
0.682180
0.802973
0.314676
-0.178381
-0.125278
-0.556078
0.038179
-0.866451
0.514389
0.572497
-0.080966
-0.361797
0.232521
-0.371136
-0.753044
-0.553636
-0.672048
0.810907
-0.546678
0.129856
0.384930
-0.445845
-0.840632
-0.859859
0.896420
0.379742
0.302225
0.279458
0.830012
-0.612232
-0.250954
0.085360
-0.890683
0.958434
0.797479
-0.588549
0.533738
-0.709830
-0.333476
-0.612171
0.139378
0.369854
0.342814
-0.711844
-0.431013
0.293069
-0.874142
0.282327
-0.829829
-0.403180
-0.924558
0.336467
0.641591
0.261879
-0.385113
-0.081210
0.247902
0.449995
-0.522568
-0.573229
-0.946715
0.741935
-0.414777
-0.922056
0.389019
0.762017
0.752007
-0.136204
0.390301
-0.402142
-0.048311
-0.623768
-0.611255
-0.192602
0.942137
0.623096
-0.702628
0.265297
-0.715629
-0.078463
0.779595
-0.925962
0.576525
-0.087130
-0.599658
0.911924
-0.323893
0.252052
-0.885861
0.270119
0.138768
0.845515
-0.861629
-0.056124
-0.209754
0.898801
0.422468
0.204688
-0.293863
0.611560
-0.447798
-0.531785
-0.846858
0.503891
-0.036409
0.904294
-0.751335
0.664663
-0.749077
-0.300455
-0.208960
-0.955138
0.561083
0.187170
0.088595
0.632130
0.960936
-0.987854
-0.813410
0.457381
0.925413
-0.419782
0.943236
0.309732
-0.181372
0.593188
0.605823
-0.618397
-0.630360
-0.714408
0.921751
0.900571
-0.110508
-0.447432
-0.374920
0.356853
-0.367595
0.256874
-0.803522
0.352397
0.514695
0.184484
0.765740
-0.840815
-0.740471
0.851863
0.496872
0.066683
0.888852
-0.635426
0.881527
-0.249489
0.857540
-0.488998
-0.460982
-0.890378
0.119358
-0.424421
0.773858
0.835505
0.989746
0.360271
0.946471
-0.213660
-0.906980
0.102329
0.782281
-0.156713
-0.915647
0.925474
0.154881
-0.605945
-0.011689
0.012970
-0.476180
0.289468
-0.152135
-0.752678
-0.808405
0.143590
-0.119175
0.117466
-0.178014
-0.721915
0.288980
0.852779
0.795709
0.506760
-0.067598
-0.429426
0.961364
-0.228065
-0.556505
-0.268899
0.895688
-0.247414
0.386212
0.911985
-0.345561
0.219947
-0.073885
-0.457747
0.195959
0.597766
-0.251747
0.449324
-0.277688
0.571703
0.768548
0.076266
0.494552
0.438093
0.079745
0.791070
0.024262
0.872005
0.828364
0.945982
0.183874
0.050874
0.209815
-0.438826
-0.699026
-0.677908
-0.813410
-0.346721
0.977783
-0.962157
-0.767449
0.161473
0.872127
-0.068697
0.961669
0.168004
-0.806452
0.531053
0.409772
-0.579394
-0.454146
-0.362346
0.906674
-0.297647
-0.985107
0.228309
-0.480697
-0.751701
0.004730
0.817682
0.845210
-0.080905
-0.662526
0.966735
0.570849
0.063387
0.403790
-0.338908
0.300638
0.589465
-0.619495
-0.103000
0.123386
-0.347148
-0.646657
-0.925596
-0.612659
-0.998230
-0.370952
-0.794916
-0.012970
0.614978
-0.010956
0.648061
0.342021
-0.924375
0.577807
0.789422
-0.393292
-0.666250
0.699149
0.023347
0.610096
0.549425
-0.033174
-0.778314
-0.776910
0.415387
0.707572
-0.874081
-0.419721
0.439802
-0.505905
-0.546068
-0.752251
-0.288553
0.201636
0.572192
-0.355937
0.697073
-0.988342
0.022248
0.097629
0.711295
-0.275979
0.554430
-0.569201
0.393231
-0.726188
-0.088595
-0.870174
0.052950
-0.427656
0.196020
0.633473
0.451827
0.284463
0.478561
0.427412
-0.855525
0.909238
0.820673
-0.039155
0.041780
-0.678457
-0.291421
-0.422407
0.905026
0.109531
-0.624989
-0.808100
0.044954
0.890316
-0.133030
0.267617
0.771050
0.786615
0.271096
-0.628162
-0.011628
-0.631642
-0.154942
0.142186
0.643422
-0.977233
-0.121250
0.366741
-0.702689
-0.909970
-0.936522
0.314249
0.271706
-0.739982
-0.604602
-0.269082
-0.261879
0.668447
-0.467269
0.133946
-0.348857
0.831538
0.011139
0.287698
-0.827998
-0.877499
-0.334880
-0.403851
-0.571825
-0.615101
-0.514267
-0.053560
0.710135
0.174841
-0.167150
-0.766533
0.565050
0.341594
0.701956
0.216346
0.532640
-0.790704
0.784722
-0.377300
-0.787469
-0.348674
-0.091891
0.809565
-0.644826
0.546251
-0.021455
0.913450
-0.496139
-0.912656
0.219886
-0.684805
0.576464
0.715201
-0.495102
-0.270363
-0.221290
-0.294656
0.219642
0.710135
0.042207
0.486068
-0.010834
0.375713
-0.351299
-0.792352
-0.766900
-0.136265
-0.729118
-0.277261
0.443648
0.997314
0.314310
-0.197974
0.400128
0.242470
0.108554
-0.232521
0.873470
0.051363
-0.131748
0.771966
0.393841
-0.388165
-0.914731
-0.073885
0.960631
0.117527
-0.684011
-0.590320
0.876217
-0.493881
0.734977
0.655019
0.251686
0.955992
-0.816462
-0.405011
-0.872372
0.257363
0.046602
0.329325
0.720267
-0.405011
-0.835505
-0.646901
0.000641
0.540269
-0.892575
-0.867977
-0.189795
-0.336650
0.187475
-0.903317
-0.441816
-0.260659
0.718925
0.317850
-0.213050
0.918394
0.267006
0.968444
0.821345
-0.456221
-0.131748
-0.931883
0.363018
0.554064
0.914609
0.310160
0.621937
0.900815
-0.785699
0.648061
-0.230262
-0.604297
-0.195227
-0.982177
0.164525
-0.997803
0.082247
-0.268410
-0.684500
-0.348918
0.154393
-0.614063
-0.901181
-0.372662
-0.625904
0.600269
-0.247841
0.863582
0.759392
0.395184
-0.230567
-0.672353
0.159642
0.110385
-0.977905
0.668874
-0.636525
0.448286
0.380657
-0.597522
0.576769
0.111728
0.666677
0.518357
-0.643788
-0.595508
-0.442671
0.856441
-0.859371
0.923215
0.013215
0.969237
0.352886
