0.895322
0.082064
0.067171
0.974670
-0.157872
-0.898862
0.903317
-0.888180
0.845943
-0.393658
0.875668
-0.066988
0.045808
0.956297
0.034944
0.179724
-0.342814
-0.438398
0.585131
-0.188330
-0.593066
0.394086
-0.023225
-0.499313
0.519883
0.555589
0.577685
0.165624
0.161412
-0.674245
-0.495651
-0.856563
0.904416
0.165868
-0.922727
-0.415326
0.015839
-0.040315
0.899411
-0.418683
-0.716178
-0.266823
-0.806146
0.818598
0.356731
0.005097
-0.571398
0.141148
0.037385
0.432173
-0.066805
-0.867733
0.613758
0.304910
0.812311
-0.034150
0.035676
0.764031
-0.378094
0.652516
0.205725
0.810236
0.981506
-0.897885
-0.288858
0.941832
0.972106
0.685842
-0.534898
-0.912961
-0.858760
-0.169042
-0.352519
0.573840
-0.756096
-0.681387
0.772210
-0.171178
0.782952
-0.411359
0.140172
0.973998
0.433088
0.233924
0.426252
0.460250
-0.709647
-0.678640
0.218116
-0.787713
0.817560
-0.156835
-0.877682
-0.131138
-0.644215
-0.818476
0.146519
0.557848
-0.324870
-0.619312
0.810785
-0.734367
0.741935
-0.696585
-0.023896
-0.053621
0.729484
0.823603
-0.224525
0.330119
-0.737602
-0.602222
0.122410
0.959777
-0.211219
-0.847224
-0.683645
0.791681
-0.184118
0.012970
0.655507
-0.872005
-0.439436
0.314249
0.203345
-0.796442
0.746330
-0.312296
0.990844
0.061983
0.850398
0.646718
-0.087863
-0.960265
0.194189
0.998108
-0.637684
-0.913694
0.021210
-0.254006
0.432478
0.692801
-0.308206
-0.948668
0.283792
-0.335551
-0.380047
0.938292
-0.679678
-0.422407
-0.339335
-0.811701
-0.939146
-0.023347
0.583728
-0.556017
-0.289529
0.435835
0.809015
0.864864
-0.998474
-0.823786
0.415387
0.461715
-0.516282
0.956420
-0.110263
0.883847
0.442366
0.178381
0.492294
-0.517502
-0.005402
-0.617237
-0.821284
-0.154210
0.081942
0.478927
0.283853
0.549425
-0.409528
-0.848811
-0.742180
0.992004
-0.324564
-0.782098
0.235817
0.175146
0.613514
-0.826106
-0.129307
-0.565233
0.835444
-0.957457
-0.769341
-0.947752
0.761467
0.362651
-0.514939
-0.015473
-0.505356
-0.711356
-0.297708
-0.987060
0.377239
-0.700491
-0.207984
0.960875
-0.493759
-0.208106
-0.978454
-0.039644
0.975463
0.992737
0.502792
-0.547777
0.401654
0.405805
-0.139744
-0.805353
-0.839717
-0.256813
0.483932
0.163488
-0.102756
-0.592639
0.080844
-0.239113
0.034822
0.903928
-0.578600
-0.051729
0.179235
0.344951
0.500107
-0.120640
-0.886654
0.854305
-0.281961
-0.692251
-0.065279
0.944029
-0.901303
-0.369060
-0.369976
-0.760491
0.840144
0.941588
0.136753
-0.855525
-0.370647
0.491012
-0.113804
-0.971007
-0.614246
0.728324
-0.132969
0.120823
0.901791
-0.090182
0.851680
-0.283181
0.725028
-0.457259
-0.218909
-0.699759
0.173009
0.607105
0.542100
0.415693
-0.102878
-0.984069
-0.698843
0.964904
-0.308390
-0.968322
-0.599719
0.398907
-0.299112
0.767632
-0.050081
0.339824
0.065523
0.722770
0.485824
-0.710929
0.520188
-0.823664
0.812311
0.780877
-0.343974
0.667898
-0.859798
-0.802057
0.434492
-0.777459
-0.960204
-0.458296
0.876217
0.558580
0.915098
0.850520
0.086764
0.760674
-0.235817
-0.719108
0.074679
0.940123
-0.842402
0.469344
-0.101596
0.245582
-0.714835
-0.457564
0.942564
-0.907163
-0.805719
0.327616
0.863399
-0.625721
0.117588
-0.215857
0.514634
-0.513169
0.737785
0.571764
0.429121
-0.558275
0.514267
-0.474166
-0.831172
-0.975341
-0.299417
-0.681753
-0.973144
0.360210
0.060701
0.915830
0.802728
-0.151952
-0.964293
-0.843013
0.640980
0.835994
-0.828730
-0.368084
0.332011
0.875790
-0.330180
-0.136387
-0.671926
-0.917051
-0.240516
-0.244362
-0.789789
0.552171
0.543748
0.908628
-0.711478
0.691153
0.156896
0.970336
0.234779
0.794977
-0.323588
-0.269143
-0.683950
-0.053377
0.181188
0.211402
-0.911069
-0.807245
-0.271950
-0.326395
0.660146
-0.837580
0.661794
-0.262001
-0.948363
-0.745170
0.135899
0.572069
-0.956542
-0.319437
0.832698
0.228675
0.004303
0.499619
-0.584033
0.494491
-0.456893
-0.569262
-0.450606
-0.066622
-0.577807
-0.453291
0.661550
0.454695
-0.894223
-0.463912
0.942259
0.469893
-0.370586
-0.608020
0.626576
-0.829524
-0.846492
-0.987243
0.526170
0.066622
0.204321
0.384625
0.226844
0.587817
0.822932
-0.352397
-0.903684
0.877987
0.285806
0.600208
0.699576
0.175329
-0.202368
0.897702
-0.135105
-0.018708
-0.703482
0.736564
-0.904843
0.946654
0.140965
-0.419965
-0.231544
0.511887
0.958129
0.288430
0.374554
0.654042
0.152379
-0.543504
0.866695
0.765130
-0.941282
-0.584582
0.301859
0.148961
0.250343
0.653615
-0.311136
0.855831
0.076510
-0.480880
0.740654
0.644032
0.923826
-0.539781
0.791742
0.269143
-0.291177
-0.805780
0.873836
-0.159276
0.825922
-0.924131
0.750847
0.059420
0.564074
0.161718
-0.597156
0.536424
-0.655995
0.528428
0.666372
0.122288
0.588549
-0.896786
0.842463
-0.144810
-0.743522
-0.860897
-0.683157
-0.211219
0.959777
0.859004
0.855159
0.522202
-0.303507
-0.822260
0.331889
0.031281
-0.256325
-0.586962
-0.821711
-0.540757
-0.657033
0.158361
-0.789789
-0.479537
-0.813349
-0.874630
-0.262307
-0.671926
0.812433
-0.345622
0.153478
0.830378
-0.019745
0.218970
0.661367
-0.807672
0.813410
0.886349
0.393109
-0.378704
0.182897
-0.389508
-0.405316
0.892453
-0.858028
-0.051424
-0.516648
-0.070711
-0.651845
-0.464583
0.194739
-0.348979
-0.580676
-0.516037
-0.604846
0.482467
-0.350993
-0.963622
0.862117
-0.239906
0.721671
0.129734
-0.036348
-0.546861
-0.557787
-0.648854
-0.225135
-0.700430
-0.616932
0.133885
-0.962218
-0.062960
0.483322
0.441084
0.060945
-0.006806
-0.439375
-0.809809
0.831050
0.329936
0.472884
0.469649
-0.634877
-0.355571
-0.873959
0.217627
-0.589831
0.942259
-0.528916
-0.584948
0.119175
-0.105930
0.265297
0.434675
-0.920042
-0.607959
-0.398907
0.511521
-0.545824
-0.676016
0.764580
0.268654
0.996338
0.115818
0.513291
-0.074190
-0.283242
-0.585864
0.665578
-0.739921
0.925596
-0.717582
-0.835749
-0.580187
-0.600146
0.155675
0.149449
-0.763665
-0.095920
-0.059053
0.943236
-0.485580
-0.569384
0.401715
0.889218
0.143223
0.588610
0.299661
0.791192
-0.202551
-0.189795
-0.955382
-0.992798
-0.938047
0.871639
0.215430
0.440657
-0.266762
-0.878414
-0.854610
-0.120212
0.799127
0.413190
0.432112
0.627918
-0.195227
-0.694876
-0.236549
-0.357097
-0.922300
-0.828913
-0.897519
-0.247841
-0.469893
0.159337
-0.376446
0.989807
-0.073702
-0.118137
-0.437300
0.515427
-0.627003
-0.431928
-0.915525
-0.815973
0.561205
-0.074496
0.782037
0.154515
-0.771599
0.669668
-0.231605
-0.051973
-0.482589
-0.174108
0.951109
-0.738578
-0.239662
-0.677664
-0.042451
0.019868
0.562792
-0.834529
0.346294
-0.997620
-0.420087
-0.592639
-0.848750
-0.819391
-0.504929
-0.651479
-0.687246
-0.952879
0.806757
0.051363
-0.858516
-0.475997
0.353496
0.893002
-0.271096
-0.574938
-0.292825
0.227088
-0.217505
0.461287
-0.846431
0.827387
-0.402631
0.531602
-0.896847
0.286050
0.901730
-0.313578
-0.499557
0.200049
-0.511399
-0.610889
0.790155
-0.488571
-0.147008
-0.589648
-0.111362
-0.304727
-0.712943
-0.907834
-0.906674
0.047639
0.291238
-0.648793
-0.382550
0.660939
-0.507431
0.507004
0.971435
0.401654
-0.906674
0.986450
-0.420881
0.037202
0.458785
-0.264016
-0.571093
-0.702994
-0.298135
0.695608
0.153661
-0.214698
0.741874
0.786798
-0.042268
0.537767
0.066439
0.753655
-0.429243
0.035737
-0.146397
-0.747368
0.201514
0.735099
0.118137
0.580187
-0.957640
0.163976
-0.283792
0.248695
-0.007660
0.277749
-0.655751
0.310282
0.776727
0.115207
0.660512
-0.875912
0.766411
-0.846919
0.584704
0.625904
-0.473312
-0.167516
-0.815729
0.471541
-0.491745
-0.600452
-0.622242
-0.131748
0.467757
0.823725
0.931883
0.515915
0.283120
-0.011261
0.406232
-0.020600
0.420698
0.341899
0.216834
-0.562304
-0.211585
0.102878
0.060823
-0.040681
0.377667
0.815607
0.092441
0.162938
-0.314066
-0.517136
-0.325297
0.192053
-0.232398
0.292764
0.635731
0.425336
0.959777
-0.777459
-0.447554
0.764702
-0.686697
-0.530198
-0.760979
-0.420026
-0.443770
-0.111301
0.541124
0.295145
-0.973388
-0.150975
-0.090487
-0.113376
-0.228675
0.272561
-0.763237
-0.744621
0.156957
0.399945
0.557482
-0.471114
0.201575
0.394513
-0.744316
-0.447798
-0.726127
0.570605
0.003143
-0.252907
0.254677
-0.080599
0.123875
0.187597
0.326823
-0.321329
-0.352580
-0.103732
0.641896
0.617847
0.152989
-0.033845
0.924497
0.749748
0.494186
0.792535
0.262673
-0.017426
-0.964904
-0.599475
0.104709
-0.002106
-0.958007
-0.031953
0.152135
0.266518
-0.384808
0.042940
-0.107517
-0.574023
-0.866024
-0.379315
0.255409
0.471847
-0.615040
-0.551012
0.126255
-0.164159
-0.935545
-0.527085
-0.805536
0.564440
-0.489731
-0.401532
0.507431
0.527818
0.135594
0.958434
-0.469283
-0.525010
0.666433
0.322672
0.334269
0.480270
-0.602710
0.794183
-0.575365
-0.030427
0.266945
0.870663
-0.651051
-0.916196
-0.048982
-0.600818
0.573656
0.914853
0.441694
0.211219
0.227882
0.575854
0.767998
-0.055208
-0.244301
0.001190
0.983154
0.994690
-0.851253
0.474166
-0.739921
-0.722465
-0.168126
-0.536851
0.280862
0.866573
-0.644581
0.896664
0.804254
-0.549120
-0.256386
0.975219
0.679373
-0.794183
0.731437
-0.940855
-0.778497
-0.556139
-0.341960
-0.771966
0.494125
-0.210547
0.901364
0.424421
-0.478256
0.109653
-0.521287
0.559740
0.029389
-0.716910
0.526170
0.052889
-0.411603
-0.067660
-0.793756
0.455123
-0.568896
-0.053926
-0.004303
-0.691885
0.221046
0.701224
-0.119175
0.447188
0.054415
-0.725883
-0.902768
0.829829
0.628895
-0.553148
0.565355
0.247597
0.517991
-0.605213
-0.569933
-0.464705
-0.451155
0.490280
-0.940611
-0.098483
-0.791192
-0.458296
0.425153
-0.825922
-0.580065
0.589648
0.728385
0.765862
0.085360
0.481124
0.070101
0.820490
-0.524766
-0.379864
-0.766106
-0.334941
-0.526780
-0.150731
0.197363
-0.577258
-0.477035
-0.950194
0.433576
-0.774285
0.888913
-0.208411
-0.584155
0.234779
-0.144200
-0.752739
0.535386
0.460067
-0.523362
0.292154
-0.444075
-0.843074
-0.597400
-0.428327
-0.909238
0.208533
-0.617725
-0.469588
-0.464705
-0.840693
0.526048
-0.108371
0.557360
0.902036
0.743461
-0.609363
-0.877865
-0.937437
0.255348
0.947630
0.767510
-0.592761
-0.842036
0.929258
-0.426923
0.069124
-0.107273
-0.243812
-0.619861
0.185705
0.306375
0.934507
-0.545946
-0.157079
-0.141087
-0.758843
0.202857
0.748283
-0.136937
0.818049
0.733818
-0.732658
-0.422895
-0.241737
-0.711051
0.274209
0.473922
0.669607
0.879086
0.471969
-0.103427
-0.391400
0.826167
0.060457
-0.044038
-0.584826
0.632801
0.704031
0.669790
0.430280
-0.034639
-0.202918
-0.638234
0.009919
-0.833552
0.833064
-0.257057
0.458052
0.978088
-0.594104
0.603626
0.676077
-0.297769
-0.281411
-0.000763
-0.542283
0.613208
-0.757317
-0.996277
0.908811
-0.975890
0.507797
0.949705
-0.734916
0.956359
-0.959655
0.261330
-0.301675
-0.861629
0.430097
-0.562487
-0.046175
-0.667470
0.063814
0.057649
-0.322123
-0.630665
-0.800104
0.066195
-0.950499
-0.322001
-0.280801
0.784295
-0.617664
0.742790
-0.006989
-0.712760
0.488021
0.864620
-0.069613
-0.199561
0.926389
-0.117893
-0.667714
0.120762
-0.417524
-0.695608
-0.351848
0.532640
0.475997
0.885617
-0.333964
0.600574
-0.859676
-0.206091
-0.168126
0.500534
0.937254
-0.817560
-0.192846
0.039705
-0.433943
-0.497604
0.348125
-0.141331
-0.130589
-0.376995
0.153294
0.692557
-0.211707
-0.684378
0.417402
0.593677
-0.079745
-0.106540
0.624134
-0.370891
-0.062227
-0.898862
0.645375
0.509201
0.335429
-0.664296
0.488144
-0.657582
-0.164953
-0.318888
0.370769
-0.917966
-0.242225
-0.994079
0.869259
0.386395
-0.665944
0.796503
-0.223060
-0.367656
0.462813
0.666250
0.053865
0.979614
-0.643666
-0.934141
0.009308
0.338481
0.710868
0.649220
-0.047945
-0.202002
0.223487
-0.042756
0.868343
0.628407
0.137730
0.901852
-0.954527
0.300211
-0.737724
-0.132054
-0.522752
0.624012
0.156529
0.532090
-0.973022
0.543565
0.240516
-0.940916
-0.615406
0.324992
0.557299
0.254616
-0.309732
0.456221
-0.373760
0.486801
0.507431
0.271584
0.081576
-0.077731
0.192114
0.232826
0.494003
-0.521409
-0.493637
-0.691336
-0.069552
0.330546
-0.294595
0.469832
-0.629749
-0.859920
0.956053
0.332804
0.439802
0.263649
-0.237709
-0.258156
-0.465560
-0.926389
0.184668
-0.831477
0.272622
-0.632069
-0.309732
0.554430
-0.110630
0.395978
-0.099033
0.010895
0.126743
0.366131
0.625050
0.882870
-0.605945
-0.992370
0.550707
-0.762444
0.538133
0.672781
-0.249489
-0.321818
0.307779
-0.712699
0.934141
-0.955077
-0.594714
-0.675344
0.082614
0.011689
0.747734
-0.864010
-0.870235
0.492721
-0.120457
-0.546007
0.513230
-0.406232
0.492538
0.063509
0.973449
0.462569
0.856075
0.088107
-0.193701
-0.853084
-0.727042
-0.830500
-0.357158
-0.355144
0.150609
0.462813
-0.766045
0.162389
-0.173254
-0.510483
-0.015839
-0.314310
0.009919
0.485092
0.513291
0.255104
0.466536
-0.337016
-0.156590
0.101474
0.016449
-0.978454
-0.007294
0.687124
-0.220496
0.356426
0.075655
0.883053
0.187353
0.328776
-0.410993
-0.396832
-0.162511
-0.496933
0.314066
-0.773492
0.309793
-0.379498
0.602527
0.907651
0.802240
-0.887997
0.769158
-0.263649
-0.531358
0.237098
-0.440291
0.680960
-0.038423
-0.766655
0.783929
0.575854
-0.073885
-0.156407
0.352336
0.533616
0.140233
-0.888363
-0.541063
0.864376
-0.440229
-0.040071
-0.222755
0.215430
-0.700064
0.831599
-0.672842
-0.835200
-0.346294
0.365459
0.857173
0.499496
0.727653
0.725883
-0.829096
-0.834162
0.572985
-0.355022
-0.634510
0.153233
-0.749870
0.038850
0.284219
0.503525
-0.153661
0.421003
-0.820978
0.923399
-0.610645
-0.077303
-0.292764
-0.127476
-0.913938
-0.642079
-0.882260
-0.872616
0.558397
0.930601
-0.443709
-0.273232
-0.950011
-0.739921
0.280251
0.450301
0.273354
-0.609302
0.249184
0.015168
-0.246498
0.149205
0.415021
0.856014
0.415876
-0.030671
-0.893735
0.520066
0.639088
0.066683
-0.238624
-0.717399
-0.411969
-0.150548
-0.780755
-0.412763
-0.503159
0.951476
0.333598
0.110752
0.377606
-0.439863
0.683157
-0.055940
0.649770
-0.157445
-0.596057
-0.432966
-0.809931
-0.552660
-0.541673
-0.841853
-0.089022
0.889584
0.335063
0.599231
0.269204
-0.968749
-0.625050
-0.472518
-0.490341
0.932737
-0.039033
-0.322489
-0.491562
-0.126133
-0.915036
-0.443770
-0.949583
0.200537
-0.723869
0.346782
-0.622791
0.103732
-0.169347
0.922483
0.756218
-0.229041
-0.518723
0.084201
-0.116306
0.670339
-0.019440
-0.179052
0.262246
-0.953124
-0.354778
0.308756
0.021699
0.960875
0.048616
-0.898373
-0.259621
0.588672
-0.510117
0.123020
0.924558
-0.625599
0.489181
-0.020539
0.517258
0.658742
0.684133
0.140172
0.471236
-0.319864
0.360881
0.170019
-0.752556
0.558153
-0.127537
0.112583
-0.183813
-0.147801
-0.785943
0.534349
0.724601
-0.405011
0.003265
-0.906003
-0.564684
0.255898
-0.333903
-0.557726
-0.020722
-0.008881
0.390301
0.008454
0.722404
-0.938902
-0.017853
-0.760613
0.390851
0.934019
0.823847
-0.974548
-0.352031
0.399701
0.641713
-0.883908
-0.029206
-0.484542
0.220679
0.039705
-0.227760
0.183752
-0.224158
-0.919675
-0.939329
0.087924
-0.931822
0.237098
-0.671133
-0.867611
-0.880428
-0.568163
-0.572008
-0.700858
-0.798273
0.748100
0.108554
-0.867244
0.859554
0.009430
0.489669
-0.314798
0.839778
-0.186743
0.655141
0.323588
-0.593738
0.412091
0.018403
0.230506
0.096652
0.136998
0.567003
0.946593
0.721488
-0.521165
-0.588977
0.241371
0.647877
0.486373
-0.906003
0.007721
-0.484664
-0.028718
0.432722
0.314798
-0.293985
-0.810541
0.955321
0.108860
0.412763
-0.785577
0.912107
-0.781793
-0.307230
-0.693777
0.449080
-0.577929
0.536058
-0.221778
0.567248
-0.957518
0.019623
-0.436689
-0.867611
0.301798
-0.784478
0.313211
0.886349
-0.335124
-0.045442
-0.492538
0.591418
-0.085177
0.622120
0.933531
-0.882260
0.263405
0.509873
0.446150
-0.434248
0.000397
-0.372845
0.342143
0.625782
0.697012
0.742119
0.842036
-0.814081
0.057466
-0.489792
0.258705
0.117832
0.862911
-0.264626
0.187597
-0.609729
-0.843562
0.203833
0.755547
-0.754509
0.030183
