-0.669057
0.091525
0.580859
0.566271
0.819208
-0.051546
-0.784600
0.440413
0.315348
-0.643849
0.591174
0.471725
-0.041963
0.184301
-0.827998
0.046541
0.669057
0.638661
0.431013
-0.948729
-0.117954
-0.504563
-0.452742
-0.645192
-0.863521
-0.063204
0.862850
0.404401
-0.460982
0.990234
0.684744
0.179235
0.343669
-0.421552
0.812799
-0.906980
0.705863
0.002106
-0.291787
0.384136
-0.936277
0.135899
0.617786
0.492538
0.864620
-0.745170
0.752251
-0.138340
0.025666
0.704276
-0.658193
0.617603
-0.349895
-0.746941
0.346538
0.305094
0.206580
-0.591174
0.520188
-0.203345
0.087802
-0.884701
0.542772
0.916440
-0.294046
0.582446
0.512131
-0.775262
0.235694
-0.496445
0.264199
0.489303
0.412702
0.194067
-0.631520
0.078219
0.893979
-0.931028
0.460738
-0.796564
-0.498093
0.436811
0.321696
0.750359
-0.605335
0.251015
0.829829
0.762017
0.921079
-0.912473
0.849727
-0.213233
0.335429
-0.962157
0.503098
-0.955443
0.166112
0.701895
-0.495590
0.444563
0.036531
-0.069124
0.730033
0.195044
0.411969
0.915342
0.389447
0.733024
0.501083
0.964660
-0.760430
-0.375591
-0.174841
-0.062166
0.492660
0.751579
0.746513
0.245094
0.081881
-0.752617
-0.733940
0.587939
0.112339
0.889096
0.712821
0.253395
-0.149693
-0.289041
-0.814203
0.256874
-0.049959
0.740165
-0.859798
0.440962
-0.348613
0.499008
0.785699
-0.532701
0.797235
0.821772
0.129856
0.202490
0.747063
0.549547
-0.555223
-0.968444
0.726798
-0.281350
0.115146
0.443403
0.339152
0.793268
0.610950
-0.533616
0.150426
0.804926
0.485885
-0.361370
-0.600818
-0.277932
-0.799982
-0.268288
0.231483
0.543138
-0.291055
-0.088900
0.877926
-0.570238
-0.256569
-0.611560
0.917112
-0.074007
0.887082
0.775018
0.094882
-0.289224
0.500168
-0.979736
0.916868
0.604724
-0.880367
-0.233314
-0.247353
-0.759453
-0.218177
-0.892941
0.466475
0.603687
-0.348491
-0.075777
0.457930
0.446577
0.192541
0.240272
0.621265
-0.929441
0.161473
0.590442
0.778497
-0.953612
-0.513169
-0.470504
-0.429487
0.763665
0.695975
0.770684
-0.983337
0.390118
-0.459273
0.999451
0.952513
0.496017
0.141453
0.404950
0.041536
0.395428
0.068758
-0.869015
-0.329142
0.173742
0.645070
0.222449
0.239906
-0.533372
-0.049532
-0.507981
-0.848750
-0.726249
-0.800531
0.872188
0.180883
0.065889
0.264870
-0.963683
-0.066622
0.048555
0.679617
-0.098910
-0.451888
-0.910276
0.755364
-0.630421
-0.765191
0.234596
-0.797174
-0.901608
0.513108
-0.592273
0.935850
0.170751
0.806269
0.642567
-0.198096
-0.042024
0.773614
0.086276
0.497421
-0.558885
-0.845515
0.379803
-0.073946
0.917356
0.015351
0.463790
-0.987548
-0.186132
-0.446883
-0.823237
-0.609119
-0.161718
-0.957213
0.700980
0.101901
0.369793
-0.191504
-0.079196
-0.713919
0.430891
-0.512986
-0.324259
-0.356914
0.040742
-0.587817
0.845759
0.335551
-0.324076
0.134312
-0.756767
0.027192
-0.066683
0.407270
0.700552
0.391827
-0.035615
0.336711
0.482467
-0.482406
0.263833
-0.005158
0.617481
0.468978
0.964904
0.101779
0.163305
-0.262734
-0.299356
-0.437483
-0.555528
-0.240028
0.163976
0.042390
-0.713187
0.067660
0.297037
-0.690176
-0.100620
-0.922300
-0.560472
0.956175
0.794427
-0.640126
0.762871
0.317606
0.052583
-0.436628
-0.982421
-0.336650
0.146458
-0.213355
-0.643117
0.959349
-0.424909
0.450911
-0.777337
-0.970153
0.392132
-0.041047
-0.657033
-0.673635
-0.840144
-0.700919
0.525559
-0.441206
-0.270241
-0.587634
0.274087
0.185278
0.419904
-0.317972
0.972777
0.741874
0.570544
-0.886166
-0.693045
-0.136814
-0.078890
0.349101
0.502060
0.790216
0.700552
0.317789
0.971313
0.720084
-0.239784
0.567431
0.735649
0.278848
-0.540880
-0.231849
-0.532029
-0.613636
0.821223
0.819697
0.685537
0.140477
-0.642079
0.066622
0.118625
-0.294839
0.104404
0.028535
-0.292337
0.889523
-0.193701
0.328043
0.211768
0.436018
0.853389
0.444441
0.744804
-0.335978
0.111484
0.159825
0.308512
-0.486373
0.742119
0.811335
0.359844
-0.695608
0.607715
0.455916
0.007294
0.162572
0.412214
-0.582446
-0.694510
-0.958068
-0.878903
-0.924741
-0.979247
0.279458
-0.914365
-0.047761
0.533128
-0.296609
0.085238
-0.373089
0.704154
-0.732719
0.735405
0.147252
-0.155736
0.824274
-0.134129
-0.967589
-0.127049
0.285623
-0.169530
-0.547777
0.261940
0.082919
0.194617
-0.497299
-0.169836
-0.732841
0.279092
-0.681448
-0.313944
-0.016511
-0.264870
-0.533311
-0.727958
0.664480
0.655873
0.734428
0.454085
-0.667959
0.918210
-0.174474
-0.542650
-0.066439
0.544603
-0.981384
0.540880
0.982665
-0.360637
-0.995972
-0.712638
0.633351
0.582751
0.020783
0.703970
0.969787
-0.226295
0.726310
0.312113
-0.711295
0.434858
-0.806330
-0.510483
0.801996
0.673208
0.860714
0.410321
-0.211707
0.928526
0.729484
-0.394757
0.540513
-0.788812
-0.329447
0.340190
0.273232
-0.844478
-0.575793
0.395489
-0.708914
-0.820063
0.284158
-0.993835
0.020783
-0.437971
-0.315653
-0.112705
-0.512497
0.059908
-0.071444
0.151830
0.093905
0.731803
-0.836726
-0.328898
-0.964904
0.883786
0.251686
-0.842036
-0.552599
0.529527
0.012238
-0.609729
0.953063
0.236671
0.220008
-0.324503
0.129124
-0.965026
-0.148228
-0.932432
0.038911
0.294717
0.011750
-0.686087
-0.866878
0.907224
0.157994
-0.231239
0.463179
-0.943236
0.859249
-0.143468
-0.098849
0.124058
-0.158544
-0.596179
-0.317545
0.397382
0.655629
0.495529
0.980529
-0.977599
0.311136
0.086276
0.480697
-0.283059
0.346538
0.710868
-0.033845
0.153600
-0.556383
-0.178503
0.052644
-0.584643
0.747307
-0.496200
-0.895016
0.559496
0.387982
-0.610889
-0.239235
-0.206153
-0.631275
-0.135289
0.877010
-0.646657
-0.019318
-0.655873
0.285623
0.373882
-0.568651
0.646779
0.250954
0.309366
0.406110
0.671499
0.427229
0.854732
0.582934
-0.592578
0.022248
-0.474715
-0.863094
-0.120701
0.017792
-0.720756
-0.468673
0.176550
0.433393
-0.531358
0.165929
0.782830
-0.192846
0.035981
-0.214881
0.705069
-0.421979
-0.707816
0.710623
-0.357219
-0.001984
-0.342326
-0.053621
0.196509
0.494675
-0.658376
-0.692434
-0.872860
-0.997620
-0.913755
0.652333
0.327921
-0.824885
-0.727531
-0.803766
0.657094
0.606067
0.869991
0.493210
-0.046419
-0.623890
0.691885
-0.132420
0.667165
0.602893
0.254738
0.131382
0.185522
-0.126194
-0.384808
-0.917600
0.265114
-0.294473
-0.292398
0.175329
0.890683
-0.527573
-0.296304
-0.705130
-0.762078
-0.996216
-0.698904
0.955199
-0.650807
0.537645
-0.195349
0.066622
0.199499
0.994385
0.676077
0.525315
-0.766228
0.545396
0.836299
0.276101
0.411115
-0.531358
-0.563036
0.424360
-0.255226
-0.989990
-0.936583
-0.220374
-0.281777
0.922056
-0.030061
0.041536
-0.720573
0.584887
0.454512
-0.786004
-0.961974
-0.323649
-0.567309
-0.851802
-0.099643
0.600391
-0.954955
-0.690298
0.868404
-0.701895
-0.189917
-0.526414
0.916379
0.753594
-0.633595
-0.308023
-0.655080
-0.535020
-0.531785
-0.905515
0.035188
0.295999
-0.549974
0.374920
-0.270608
0.676199
-0.044527
0.618030
0.356975
0.988342
-0.603198
0.865413
-0.918882
0.192785
-0.972228
0.151769
0.915525
0.770806
0.747856
-0.016266
0.079989
0.904904
0.852412
0.574938
-0.230323
0.810846
-0.775933
-0.349834
0.312357
0.140477
0.426008
0.214881
0.226844
0.015473
-0.764702
0.473922
0.509812
-0.075655
0.360271
-0.967162
-0.784234
0.590381
0.472457
-0.806574
-0.488937
-0.801630
0.369488
0.210364
0.484909
-0.373699
0.598743
-0.585070
0.275369
-0.073336
-0.649037
0.130406
-0.787774
-0.283303
0.640553
0.026154
-0.499435
-0.338847
-0.681570
-0.885922
0.550829
-0.108737
-0.660878
-0.765069
-0.892392
-0.902219
0.928709
0.673879
-0.555284
-0.955565
0.944884
-0.610462
-0.144200
0.966796
0.800226
-0.803827
0.681997
-0.179662
0.287271
0.712027
-0.399701
-0.478195
0.765679
-0.887143
-0.917600
-0.770013
-0.603687
0.101474
0.000946
-0.392804
-0.246437
0.806391
-0.883297
0.660390
0.786554
-0.572069
0.409284
-0.832575
-0.090732
-0.900571
-0.671255
0.425153
0.948302
-0.187414
0.283731
-0.054537
-0.509018
0.847407
-0.846248
0.024934
-0.874874
0.648549
0.589343
-0.664724
-0.895322
0.126560
-0.332255
0.959716
-0.943052
-0.563646
-0.735527
0.996826
0.123875
-0.103488
0.413251
-0.671316
0.119114
0.972777
0.348064
-0.381573
-0.890561
-0.484298
-0.121311
-0.887204
-0.581408
0.204016
0.594592
-0.722953
-0.091281
-0.555712
-0.008881
-0.270486
-0.844417
0.642811
0.450911
0.319620
0.284646
-0.393170
0.022065
-0.195166
-0.747734
0.239784
-0.351909
-0.914487
-0.280129
-0.711112
0.150670
0.250160
0.291910
0.562304
0.721061
0.935057
0.539659
0.717032
-0.734001
0.155248
0.198523
-0.508469
-0.856441
-0.681387
0.594226
0.809626
0.090182
0.392926
-0.269265
-0.713981
-0.167150
0.982360
0.770013
0.804254
-0.525193
-0.126133
-0.038362
0.198096
-0.505051
0.700552
-0.499496
-0.756523
-0.555589
0.043916
0.371197
0.392193
0.936277
0.446821
0.705496
0.079012
-0.799677
-0.386883
0.909970
0.638844
0.846492
0.877438
0.538926
-0.842280
0.716666
0.543443
-0.582507
-0.655690
-0.761040
-0.096530
-0.040254
-0.407147
-0.121677
0.525376
-0.677847
0.028047
0.088900
0.863582
0.152867
0.213294
-0.557543
-0.653554
-0.424604
-0.377911
-0.129185
-0.386578
-0.790033
0.334574
-0.343059
-0.606006
0.485092
-0.504624
0.126255
-0.477645
-0.699393
0.450545
0.531114
0.581225
0.251198
0.778191
0.958739
0.945189
-0.876095
-0.206030
-0.525620
0.313028
-0.935606
-0.515610
0.748772
-0.468429
-0.064302
0.144688
0.806085
0.160680
-0.266396
-0.165929
-0.979675
-0.542161
-0.071810
-0.126682
0.284890
-0.682180
-0.024323
-0.699149
0.853816
0.657704
0.412580
0.055696
-0.625782
-0.045808
-0.125950
0.435469
-0.428388
-0.089389
0.488571
-0.042390
0.789056
-0.285257
0.470016
-0.287454
-0.319498
0.875851
-0.798273
0.050325
0.772515
0.237770
0.106052
-0.205603
0.863704
-0.315592
-0.483200
0.646046
0.330058
0.957152
0.325480
-0.707327
0.307596
0.362163
0.882015
-0.702872
-0.574938
-0.620777
0.653737
-0.212073
-0.871334
-0.279458
0.572375
0.281045
-0.979675
-0.883297
0.683035
0.381756
-0.316568
0.407819
-0.556200
-0.519639
0.421735
0.755913
-0.582080
-0.390423
0.351299
0.195898
0.898373
0.085604
0.202734
-0.604785
-0.973266
-0.815607
0.648427
0.608997
0.460555
-0.645314
0.255226
0.028962
0.167333
0.612842
-0.608142
0.768914
-0.074923
-0.711844
0.326518
-0.348552
0.139622
-0.480148
-0.760125
-0.141881
-0.397015
-0.221046
0.143773
0.295877
0.033601
0.750725
-0.381451
-0.269509
-0.082186
0.318522
0.225318
0.284890
0.102023
-0.802973
0.979919
0.049287
0.836238
-0.243385
0.037629
-0.350871
0.576464
0.441145
-0.549852
-0.732963
0.223853
0.654897
0.706961
-0.910337
0.507797
-0.614978
-0.357952
0.460372
0.899655
-0.055757
-0.511521
-0.686697
0.565233
-0.616565
0.744255
-0.808466
0.195288
-0.771111
0.625477
0.472701
0.062593
0.281167
-0.665029
0.090976
0.901364
-0.754448
-0.407758
-0.119663
-0.012665
-0.615528
-0.475692
-0.301126
-0.469222
-0.667165
0.696219
-0.668386
0.128086
-0.692862
-0.363262
0.327616
0.318522
0.540880
-0.875423
-0.859859
-0.476730
-0.441023
-0.871273
0.233924
0.568590
0.707633
0.971007
-0.812128
-0.681631
0.361370
-0.227821
0.997497
-0.304117
0.105991
0.154210
-0.152684
-0.414533
0.173864
0.372539
-0.527940
-0.032624
0.023957
-0.333048
-0.917356
-0.243568
0.368328
-0.884396
0.089267
0.362224
-0.392865
0.464705
0.977966
0.733024
-0.656362
0.040559
0.484970
-0.620228
0.126926
0.377544
-0.784722
-0.402203
0.688040
0.453230
-0.483993
0.716056
0.815790
-0.047273
0.903745
0.020966
-0.386212
-0.083773
-0.490890
0.184912
-0.515366
-0.648427
-0.593493
-0.586901
0.128758
0.895016
0.990539
-0.877377
0.917112
-0.330302
0.510666
0.418195
-0.357341
0.197241
-0.346171
-0.537584
0.464461
0.156713
0.917783
0.964782
0.044832
0.875423
-0.281961
0.899838
0.600757
0.357646
-0.150121
-0.374981
0.948363
0.888424
0.727348
-0.829768
0.590747
0.395001
0.511521
0.398602
-0.458846
-0.440901
0.191626
-0.149388
0.464827
-0.009491
0.285257
-0.200720
0.774163
-0.400067
0.298624
-0.850520
-0.661000
0.724113
0.542589
-0.193152
0.085421
0.459517
-0.309061
0.942991
0.174841
-0.281594
-0.189184
-0.298441
-0.759148
-0.947874
-0.251015
-0.761956
0.160924
-0.125523
-0.157628
0.269143
-0.795831
0.787347
-0.377606
0.806452
-0.433088
-0.505234
0.447493
0.988647
-0.247230
0.374493
-0.498581
0.411969
-0.949156
0.569933
0.691824
0.270852
0.884030
-0.917905
0.414411
0.104892
0.166723
-0.962096
0.969054
-0.080782
-0.228126
-0.836970
0.994140
0.259316
0.392132
0.870235
-0.682669
-0.001251
0.434614
-0.982360
-0.696402
0.747490
-0.648732
-0.977294
0.104465
0.350932
0.437788
0.774285
0.091220
0.716483
0.142552
0.744743
-0.892026
-0.977233
-0.255165
-0.234352
0.063936
0.728874
-0.253761
0.214454
-0.548143
-0.938963
-0.521165
-0.582263
0.833857
0.766900
-0.882443
-0.539781
-0.854122
-0.097262
-0.173559
-0.605029
0.285989
0.263405
0.500351
-0.934629
0.532212
0.647572
-0.014252
0.443953
0.034211
0.088107
-0.274331
0.050630
-0.675588
-0.564928
-0.446333
-0.035249
0.880306
0.777215
-0.393414
-0.045320
0.278848
-0.721183
0.158055
0.056307
0.672292
0.467696
0.184912
-0.792413
-0.994018
-0.645741
0.722953
-0.433882
0.733573
0.454207
-0.094516
0.729484
-0.226905
0.644581
-0.717887
0.569628
0.126316
-0.812616
-0.343547
-0.794977
-0.617603
0.661122
-0.670827
0.432234
-0.867794
0.306742
-0.683401
0.476485
0.587878
0.360881
0.977660
-0.010895
-0.952757
-0.316996
-0.944517
-0.654958
0.964904
-0.240333
0.928587
0.574816
-0.464522
0.431257
-0.271828
-0.948851
0.092318
0.883236
0.376263
-0.868954
-0.827876
-0.257302
-0.132237
0.610218
0.962767
0.636464
-0.736747
0.254738
-0.294717
-0.877743
-0.089694
0.460128
0.339457
0.446272
-0.640370
0.363994
-0.177038
-0.955016
-0.320597
0.322794
-0.228309
-0.170812
0.316446
-0.678335
-0.656911
-0.076937
-0.057100
-0.028657
0.942625
-0.265786
0.081820
-0.659291
0.399945
0.699454
0.340373
0.382916
0.843196
0.788018
-0.689566
-0.928037
-0.497482
0.704093
0.363872
-0.742180
-0.311930
0.635304
0.368389
0.091342
0.077120
0.678091
-0.926817
0.952269
-0.304666
0.059481
-0.559435
0.113804
0.326823
0.885556
0.391583
0.582018
-0.817438
-0.630238
-0.864071
0.032746
-0.103366
-0.185217
0.372051
-0.161168
0.684683
0.246864
0.499130
0.950804
0.363018
0.216224
0.597156
0.394574
0.476608
0.352275
-0.109714
-0.623585
-0.751152
0.418195
-0.226417
-0.550035
0.205481
-0.738701
0.060579
-0.575304
0.684439
0.859920
0.414045
-0.094150
-0.825678
0.454512
0.887326
-0.022492
-0.558763
0.323038
-0.864803
0.059664
0.815912
0.164525
-0.334086
0.713309
-0.210425
-0.544053
0.621265
-0.973693
-0.693350
-0.486129
-0.393597
0.030793
-0.669546
-0.745109
-0.221900
0.815851
0.414838
-0.680105
0.069002
0.157201
0.731986
0.274697
0.190649
-0.091586
0.837092
-0.152501
0.441939
-0.576708
0.119663
-0.461592
0.974609
-0.101108
-0.628224
-0.278726
0.170690
0.802301
-0.479537
0.003998
-0.653188
-1.000000
-0.492233
-0.987243
0.551256
0.246010
-0.874935
0.699393
-0.830561
0.990112
-0.647206
-0.178381
-0.487777
-0.223487
-0.107456
-0.665639
-0.652638
-0.077425
0.779473
-0.481613
0.687857
-0.215979
-0.719474
0.488632
-0.896237
-0.221656
0.047517
-0.966674
0.450728
-0.718131
0.997925
0.789300
-0.867672
0.309549
-0.174902
0.594714
0.293863
0.209326
-0.665456
0.370098
-0.266762
-0.017548
-0.535875
-0.153844
0.451277
-0.797479
-0.887631
0.208960
-0.828120
0.913266
-0.135166
-0.470870
0.786737
-0.137913
0.431501
0.181310
0.530137
0.091647
0.510117
0.245705
0.141575
0.279153
-0.744133
-0.350078
0.565416
-0.938475
-0.372112
-0.546800
0.389691
0.239051
-0.252785
-0.110141
0.556383
-0.014924
-0.933103
-0.674184
0.718009
0.879452
-0.213050
0.653188
0.607410
-0.646474
0.215735
-0.596057
0.765069
-0.450179
-0.606372
-0.408002
0.671804
-0.219031
0.258583
0.150731
-0.637623
-0.156102
-0.073946
-0.104831
0.044160
-0.994018
-0.740715
0.075228
-0.495285
0.647206
0.655995
0.999817
0.434492
0.897336
0.109714
-0.891842
0.644215
0.972106
0.045381
0.808649
0.579638
-0.863887
0.576830
0.529099
0.370342
-0.290994
0.017975
0.079989
-0.809198
-0.816340
-0.938719
0.855281
0.779290
-0.313272
0.754692
0.118931
-0.819391
-0.718741
-0.896054
-0.680349
-0.536668
-0.478011
-0.191259
-0.814631
0.466231
-0.704215
-0.691092
-0.470687
-0.429060
0.157323
-0.693472
0.268654
-0.101413
-0.420759
-0.814692
0.271706
-0.014496
0.985839
0.500534
-0.761467
-0.110813
-0.859737
0.749565
0.923460
0.832698
-0.231239
0.250587
0.395062
0.627857
-0.238929
0.996216
0.107395
0.375469
0.746941
-0.455061
0.880673
0.968566
0.397870
-0.707816
-0.736503
-0.228309
-0.072726
0.302957
-0.834773
0.505051
-0.897458
-0.510544
-0.563036
0.766289
-0.390667
0.308145
0.854060
-0.487716
0.859737
0.964049
0.794488
0.824824
0.757256
-0.083468
-0.555589
0.348308
0.129978
0.896481
0.335856
0.304117
0.546068
0.484176
0.067537
-0.035249
0.062166
-0.660146
-0.231849
0.008576
0.794061
-0.512375
0.253883
-0.993103
0.959105
0.397626
-0.171300
-0.918088
-0.120701
-0.731681
0.911557
-0.142796
0.326823
0.173009
-0.093112
-0.402142
0.083773
0.789789
0.414411
-0.624561
-0.199499
0.513718
0.981384
0.574633
0.446883
-0.691580
-0.865474
0.890439
0.922422
0.453780
0.006623
0.458846
0.245705
0.464400
0.828608
0.018403
-0.201270
-0.313456
0.657704
0.485519
-0.364360
0.510544
-0.134861
-0.686270
0.672414
0.268410
-0.674062
0.970519
-0.404157
0.322611
-0.091769
-0.818354
0.091403
-0.620655
0.315043
0.924009
0.170263
0.843928
0.650197
-0.491317
0.093783
0.787774
0.947874
0.116062
0.717338
-0.186193
0.008393
-0.153478
-0.549608
-0.568346
0.787225
0.433515
-0.080721
-0.314554
0.435102
-0.754021
-0.701224
0.611316
0.621998
-0.484725
-0.913755
0.492904
-0.754448
-0.416181
0.084445
-0.712210
0.177404
0.606067
0.100864
0.164769
-0.351115
0.481368
-0.499130
0.608264
0.704764
0.829585
-0.775384
-0.680837
-0.679495
0.070406
-0.037568
0.192236
-0.594165
0.118381
-0.987548
0.838618
-0.306803
0.046663
-0.426984
0.438215
0.160314
-0.369671
0.985046
-0.325297
-0.479659
-0.627308
0.155126
-0.409223
0.615162
0.803522
0.937681
-0.981262
0.463057
0.148839
-0.988464
0.239479
0.802484
0.528855
-0.908872
0.223487
0.807550
-0.988891
0.784600
0.636586
-0.111667
-0.962645
-0.231849
-0.979980
0.558214
-0.388226
-0.430952
0.770867
-0.207984
-0.209998
0.532945
0.967406
0.355083
0.165685
-0.452986
-0.341411
-0.677664
-0.275124
-0.292764
0.649831
0.817621
-0.228248
-0.617359
-0.124424
0.013886
0.137364
-0.649464
-0.877804
-0.839290
0.192969
0.423933
0.398968
-0.466414
-0.858699
-0.416913
-0.152562
0.769829
0.355266
0.253456
0.048616
-0.212683
0.927793
-0.596973
-0.289712
0.171300
-0.190649
0.839290
0.974120
0.065828
0.492111
0.913999
0.877194
-0.876461
-0.604968
0.132603
-0.864925
0.166173
-0.852596
0.601672
0.265053
-0.033479
0.310099
0.273049
-0.542772
-0.033357
0.294351
-0.863704
0.507553
0.505417
0.384503
0.857784
0.699087
0.567736
-0.694388
0.441694
-0.431928
-0.068880
-0.166540
-0.268044
0.418256
0.539109
0.550401
0.042451
-0.047151
0.594897
-0.761406
-0.600940
0.657155
0.762993
0.045686
-0.820124
0.082308
0.180456
0.231666
-0.835810
-0.163915
-0.764092
0.562853
-0.143956
-0.816523
0.690298
0.432478
0.957457
0.934935
-0.358135
0.252419
-0.040864
-0.701041
0.722953
-0.798578
-0.639027
-0.589404
0.991455
-0.479659
0.777459
0.909604
-0.561388
-0.369610
-0.207495
0.465072
-0.516587
-0.244484
-0.096225
0.603687
-0.673147
-0.309244
0.431196
0.125706
-0.751274
0.475021
-0.999878
-0.817988
0.661367
-0.231178
0.555589
0.622913
0.046602
-0.618213
-0.356059
0.288736
0.504990
0.128941
-0.626820
0.005524
0.441389
0.327006
0.863460
0.343669
0.865169
-0.648305
-0.518906
-0.731437
-0.931394
-0.714225
0.715934
0.415143
0.128819
-0.297281
0.514512
0.827570
0.884457
0.864315
-0.901547
0.656667
-0.959227
-0.301737
-0.760613
-0.008454
0.867489
0.328288
0.746818
0.458541
-0.676626
-0.775750
0.236366
0.452986
0.797174
0.598193
-0.692495
-0.572741
-0.471541
0.674490
0.292154
0.407392
0.037690
0.711783
0.329508
-0.308084
0.149571
0.609973
-0.982360
-0.236305
0.609180
0.386883
0.342753
0.121555
-0.176611
0.386761
-0.393536
-0.920347
0.301553
-0.983764
-0.891903
0.181616
0.682058
0.309915
0.743156
0.501694
0.410932
0.892331
0.352886
-0.480941
-0.519578
-0.459639
0.338420
-0.292520
-0.595996
0.334819
0.706107
-0.999145
0.837031
-0.963561
0.518479
-0.325236
0.928953
0.128269
-0.758354
-0.469588
0.500473
0.535386
-0.333354
-0.119480
0.376873
0.210547
0.989257
-0.323344
-0.180212
-0.014801
0.974120
0.542528
-0.919492
-0.116489
0.460982
-0.199194
0.774895
-0.057039
-0.277627
0.897275
-0.766778
0.968749
0.373272
0.675405
0.717948
0.418378
0.995544
0.140904
0.166906
0.176244
-0.252907
-0.569201
0.885250
-0.320231
0.289041
-0.971557
-0.700797
-0.961913
-0.113437
-0.352580
-0.237220
-0.894955
-0.411847
-0.460067
-0.049593
-0.333293
-0.542589
0.103732
-0.046968
0.431684
-0.200903
0.198218
0.022187
-0.641041
-0.604175
0.343791
-0.032685
0.785150
-0.240211
0.110569
0.094455
0.388287
0.246132
-0.603320
0.345927
0.320597
0.812555
-0.034455
-0.246742
0.896664
0.026643
0.287820
0.145299
-0.723502
-0.191687
-0.634327
-0.758904
-0.878353
-0.058931
-0.554125
-0.308695
-0.277627
-0.057222
0.233924
0.807184
-0.078829
0.037507
0.138462
-0.249245
-0.712455
-0.656362
0.696768
0.835627
0.345317
-0.784845
0.603626
0.483932
-0.986633
0.073580
0.376995
0.388226
0.066134
-0.284951
-0.282327
0.207373
0.809076
0.240516
0.260964
0.351787
-0.363628
-0.359905
0.656117
0.576464
0.888058
0.070589
0.236061
-0.357280
-0.951292
-0.589404
-0.075533
0.978271
0.516648
0.756951
0.211585
-0.971313
-0.909482
-0.377789
0.455489
0.806391
-0.652882
0.403546
0.064791
-0.567797
-0.537156
0.102878
-0.207129
-0.191076
-0.276833
-0.448164
0.554064
0.130284
0.060945
-0.081576
0.722037
0.539354
0.509568
0.934507
0.200415
0.688589
0.096713
0.654714
0.326273
0.482345
-0.324259
-0.237953
0.599414
-0.050203
-0.617847
0.165014
0.114353
-0.072298
0.782891
0.797723
0.887265
0.869991
-0.482406
0.049654
0.457198
-0.731376
0.059420
0.675832
-0.148961
0.199683
0.937986
0.350200
-0.639210
0.744865
0.626087
-0.063448
0.458724
0.422529
0.019318
0.168920
0.958922
0.699087
-0.526414
-0.691580
-0.137242
-0.268288
0.347880
-0.368511
0.570849
0.649037
-0.114658
0.833064
0.509568
-0.459517
-0.852229
0.136021
-0.705496
0.456832
0.314676
0.866024
-0.935545
0.890011
-0.638844
-0.785821
-0.819514
-0.371319
0.875057
0.582629
0.397565
-0.818293
0.457320
-0.700003
-0.857356
0.549974
0.057283
-0.425398
-0.717154
0.721671
-0.385540
0.992187
0.242042
-0.776360
-0.827265
-0.286843
0.517258
0.589831
0.142003
0.399091
-0.905576
-0.546495
-0.544786
-0.569811
-0.065828
-0.107273
-0.736808
-0.659658
0.873226
0.780572
-0.592517
0.806879
-0.991089
-0.834712
-0.529527
-0.587756
-0.363384
0.960936
0.029633
-0.024689
0.993225
-0.319315
-0.260048
-0.103793
0.202429
0.676382
-0.372967
0.011689
-0.086642
0.630360
0.956236
0.077914
-0.783441
-0.681509
-0.160619
0.789483
-0.457869
-0.189001
-0.037263
0.098483
-0.497848
-0.224036
-0.788568
-0.579394
-0.234718
-0.887326
0.899594
-0.664357
0.437544
-0.121067
0.127476
0.321940
0.195776
0.517380
0.061129
0.937681
-0.866878
-0.592944
-0.651601
-0.778497
0.752495
-0.450056
-0.554491
-0.071322
0.662832
0.580004
-0.228736
0.790094
0.440901
0.874203
0.637745
-0.450301
0.149510
0.420515
-0.391705
-0.868221
-0.263222
-0.019684
-0.009430
-0.394513
0.864803
-0.805902
-0.117832
-0.457198
-0.369549
-0.664968
0.706473
0.046419
-0.457503
-0.431318
0.565538
0.375896
-0.891964
-0.315043
0.639698
-0.684256
-0.869503
0.612842
-0.355144
-0.499069
-0.816706
-0.648549
-0.968139
0.142064
-0.244667
-0.431990
0.862850
0.286538
-0.780206
-0.106479
0.508347
0.590075
0.167882
0.823054
-0.575793
0.771477
0.029084
0.818232
-0.348125
0.534959
-0.643422
-0.847102
0.313028
-0.785821
0.632130
0.433454
-0.242225
0.831721
0.891964
0.447615
-0.828974
0.843440
0.716178
0.366314
0.870174
-0.896115
-0.857173
-0.458785
-0.192236
-0.374248
-0.114719
0.583300
0.842036
0.561632
-0.961852
-0.869198
0.172887
-0.529283
0.145604
0.263710
-0.643300
-0.217689
-0.067415
0.976562
0.263344
0.132298
0.133274
-0.813654
0.387432
-0.336161
0.960021
-0.452071
-0.214209
0.185095
0.271462
0.856563
0.834468
-0.611621
0.589953
0.049471
0.693350
0.333048
0.382366
0.414411
0.224952
-0.591052
0.260292
0.505600
0.098605
0.173254
0.788018
-0.084445
0.801569
0.663747
-0.519822
-0.715262
0.295022
0.058199
0.195044
-0.027802
-0.273110
-0.961730
0.567614
0.046602
0.773553
0.265419
-0.005463
-0.762383
-0.186804
0.536729
0.578478
-0.200659
0.878658
-0.433454
0.971374
-0.155126
0.218055
0.533616
-0.940367
0.250526
-0.772027
0.421308
-0.533921
0.713736
0.105869
-0.674795
0.631336
-0.869991
-0.198889
-0.425031
0.846187
-0.174108
0.931944
-0.773431
-0.667348
0.916684
-0.584704
0.305765
-0.604907
0.144993
-0.933226
-0.149388
-0.300760
-0.442671
-0.811884
0.031281
0.493515
0.868648
-0.352886
-0.772454
0.010895
-0.371746
0.569567
0.155370
-0.771538
-0.402020
0.670278
0.467818
-0.873592
-0.512558
0.782159
-0.014679
-0.072665
-0.058748
-0.718986
-0.839167
-0.847163
0.235084
0.897763
-0.885922
-0.611011
-0.525071
0.911313
0.466597
-0.836970
0.202246
-0.622852
0.892026
-0.724418
0.774346
-0.364238
-0.232643
-0.767144
0.678396
-0.870052
-0.658498
0.456648
-0.371136
-0.368694
-0.504501
0.545274
0.933226
-0.986328
0.508530
-0.316080
-0.691580
0.869808
-0.648732
0.772271
0.567248
-0.968993
0.733573
0.499924
-0.529527
0.994995
-0.707999
0.312296
0.473617
0.916440
0.693167
-0.295022
0.041658
0.551988
-0.275735
-0.087313
-0.005951
-0.293252
-0.427229
-0.059053
0.958983
-0.827631
0.512253
0.553880
-0.160192
-0.016572
0.673208
-0.308206
-0.957701
0.984252
-0.849239
-0.986511
-0.096286
-0.586901
-0.323527
-0.328654
-0.643544
0.528428
-0.544725
0.192053
0.328654
0.699149
0.444502
-0.564074
-0.475570
0.114902
0.275246
0.153783
-0.949522
-0.145421
-0.674551
-0.799921
-0.029084
0.878292
0.475021
0.896420
-0.307657
0.062593
0.441877
0.467452
0.264504
-0.761345
0.084811
-0.495468
-0.965270
-0.546129
0.692557
0.922422
0.828730
0.632923
-0.720084
-0.396588
0.843135
-0.307840
-0.585986
0.239051
-0.681692
0.195776
-0.683096
-0.397870
-0.109348
0.284219
-0.028901
-0.623402
-0.665944
-0.652211
-0.147008
-0.155492
0.892819
-0.980041
0.284219
0.376080
-0.501022
-0.321818
-0.686575
0.922727
0.484603
0.665761
-0.947386
-0.566332
0.412702
-0.758171
-0.104404
0.232521
-0.901730
-0.150365
-0.553636
0.125828
0.867794
-0.108371
0.414899
-0.615528
0.763665
0.698782
-0.930357
-0.847407
-0.894711
0.610279
-0.221961
0.820673
0.010895
0.263405
0.807550
0.555406
-0.531114
0.654286
-0.882809
-0.770745
-0.072909
0.636097
-0.404706
0.314615
0.003082
-0.160314
0.650868
0.775750
-0.972777
0.503342
-0.875118
0.400555
0.796442
-0.924558
0.436079
0.739677
0.461043
-0.330241
-0.883053
-0.112156
-0.296487
-0.227393
-0.859859
-0.176061
-0.912412
-0.459395
-0.588672
-0.614368
0.820490
-0.842341
0.037812
-0.810236
0.285989
0.506516
-0.043367
-0.824702
-0.474776
0.269509
-0.190344
0.253151
0.485275
-0.715629
0.387249
0.249916
0.020478
-0.610584
0.914121
0.604541
0.446333
-0.005158
-0.948363
-0.680715
0.296609
0.448653
0.843623
-0.479354
-0.436323
-0.277688
0.536607
0.378765
-0.352641
-0.552355
0.860103
0.314432
0.252480
-0.558947
-0.885983
-0.200049
-0.408673
0.594409
0.516953
-0.898618
0.350688
-0.589587
-0.416486
-0.792840
0.977477
-0.945128
-0.194617
-0.454573
-0.533860
-0.198889
0.597156
-0.336344
0.863582
-0.953612
0.598560
0.762627
0.236549
-0.706717
-0.148106
0.894955
0.627857
0.466292
-0.166845
0.514939
0.575915
0.448653
-0.226417
-0.622730
-0.613758
-0.890744
-0.483383
0.085177
-0.328898
-0.685049
0.493515
0.748405
0.967284
-0.673391
0.901791
-0.782037
-0.239601
0.179968
0.522935
0.888180
-0.013153
0.427290
-0.507981
-0.091403
0.858638
0.050325
0.835505
0.629017
-0.945677
-0.385784
-0.409040
-0.794916
0.982299
0.005402
0.022858
0.566271
0.074923
0.674306
-0.632435
0.498703
0.675771
0.129856
-0.923765
-0.323893
-0.983276
-0.732963
-0.265175
-0.100803
-0.384564
-0.194555
0.779656
-0.085726
-0.755791
-0.590991
-0.156590
-0.389264
0.577990
0.899777
-0.292154
0.400861
-0.078524
-0.737236
-0.576769
0.080477
-0.093417
-0.244911
-0.286966
0.631581
0.666372
-0.087130
-0.660634
0.635365
0.814570
-0.469466
-0.084872
-0.875729
0.076266
0.494552
0.624317
-0.331278
-0.911557
0.980224
0.998047
-0.753105
0.001740
-0.357097
-0.532029
0.788446
0.292337
-0.057039
0.984191
-0.813410
0.755913
-0.881283
-0.512070
-0.457259
-0.905637
0.944823
0.195349
-0.533250
-0.352824
0.048433
-0.770196
0.838740
0.691824
-0.244240
-0.763848
0.949461
0.634083
-0.101962
-0.245949
-0.256020
-0.104648
-0.232582
-0.661916
0.045320
-0.864925
0.524155
-0.264931
-0.706290
-0.809565
0.743461
0.299234
-0.189795
-0.675100
-0.815485
-0.956297
0.775750
-0.282632
0.566637
-0.925596
0.637745
0.791009
-0.457259
-0.387127
-0.243385
0.283303
0.655934
-0.370159
-0.391400
0.719047
-0.783990
0.638295
-0.230934
0.282144
-0.253700
-0.716727
-0.555040
0.939695
-0.439314
-0.644276
0.713187
-0.633717
-0.014252
0.243629
-0.880673
0.750969
0.058809
0.181005
0.058504
0.496506
0.105625
-0.211646
-0.742668
0.825312
0.463485
0.059420
0.659841
-0.677786
-0.464766
-0.329325
0.008332
-0.469588
-0.751396
-0.503037
-0.789850
0.304361
-0.278237
-0.821833
-0.228248
-0.211524
0.457869
0.478561
0.449812
0.416425
0.619312
0.285195
0.468551
-0.337077
-0.810785
-0.693655
0.963378
-0.233619
-0.394269
-0.532823
0.993469
0.700735
0.886959
-0.984497
-0.004975
-0.931089
-0.175878
-0.370403
0.401166
0.474654
-0.130955
0.880001
-0.984802
0.109165
-0.878536
0.430769
-0.158300
0.441145
0.452254
0.841609
-0.918638
-0.831538
-0.059542
0.037446
0.005829
-0.154271
0.678091
-0.949950
0.770196
-0.351543
-0.439253
0.675100
-0.637196
0.002594
0.650563
0.153539
-0.334025
-0.229286
-0.448408
-0.531602
-0.339702
-0.615467
-0.869198
-0.681997
0.821345
0.644642
-0.558885
0.957518
-0.563097
0.593188
-0.935240
-0.832698
-0.936827
0.037507
-0.067110
-0.517930
0.516770
0.147008
0.698416
-0.675771
0.475448
-0.082614
-0.897336
0.072604
-0.365947
-0.092502
0.040681
-0.077120
0.572802
0.708792
-0.902707
-0.655263
0.790826
-0.221839
0.518906
-0.964415
0.051607
0.229041
0.871029
-0.202918
-0.569201
-0.729118
-0.898679
0.172765
-0.307047
0.997436
-0.865963
0.598132
-0.736991
-0.698477
-0.224219
-0.867122
0.051363
-0.763054
-0.672231
0.007843
-0.388165
-0.176183
0.431745
0.415021
0.728874
0.257363
0.004120
-0.695120
-0.695181
-0.561632
0.422163
0.085665
-0.968993
0.279824
-0.085116
-0.108066
0.282388
0.938292
-0.526109
-0.102145
0.856563
-0.792962
0.775018
-0.354289
0.272744
-0.470199
-0.236122
-0.474227
-0.952879
-0.317606
0.605090
0.914365
0.371197
-0.658376
0.317850
0.011200
-0.009857
0.561144
-0.361919
-0.057161
-0.896908
-0.047639
-0.489914
-0.933592
-0.666616
0.796564
0.695425
0.529710
-0.374615
0.963622
-0.060945
-0.512864
0.672353
0.452132
0.528245
-0.350505
-0.297647
0.318583
-0.001556
0.620594
0.984924
0.997131
-0.526902
0.056368
-0.871944
-0.422895
0.013703
0.951537
0.793634
0.405988
-0.200720
-0.221656
0.842769
-0.313150
0.291971
-0.977905
0.345805
0.612171
0.144322
-0.687857
-0.372417
0.935484
-0.656911
-0.609668
0.953734
-0.168126
0.272683
-0.182104
-0.363811
-0.765130
0.387921
-0.971679
0.044893
-0.592090
