0.584338
-0.403790
0.524583
0.715690
-0.237526
0.081149
0.680837
0.328166
0.190283
0.328593
0.261452
-0.205359
-0.169530
-0.876400
-0.691092
-0.098910
0.097201
0.404035
-0.289407
0.549425
-0.615223
0.075045
-0.803949
-0.929624
-0.224952
0.364299
0.670400
-0.128880
0.022858
-0.487838
-0.966491
-0.031770
0.750969
-0.286721
0.483077
0.061739
0.635487
-0.919126
-0.796381
0.234962
0.585803
-0.061678
-0.932432
-0.301126
-0.142979
0.332194
0.501205
0.255715
0.511521
0.182043
0.227577
-0.403241
-0.224036
0.151769
0.205542
0.359172
0.873287
0.500290
-0.451033
-0.795587
0.755547
0.662465
-0.664418
0.305216
0.903806
0.980590
0.331950
-0.175573
-0.238258
0.897885
0.397748
0.158971
0.734306
0.690603
0.281899
0.314615
-0.593127
-0.402326
-0.597888
0.343791
-0.715201
-0.912107
-0.733451
0.366680
0.581225
0.543199
-0.413190
-0.495346
0.408124
-0.005219
-0.885067
-0.586535
0.730583
-0.781976
0.372967
0.520066
0.927549
0.464278
0.522202
-0.619312
0.127537
0.618152
-0.366802
0.228675
0.308206
0.573534
-0.157567
-0.055818
-0.173681
-0.732597
-0.048982
-0.659780
-0.292154
0.103183
-0.819575
-0.769646
-0.405744
0.310831
0.413617
-0.184362
0.235939
0.006500
0.687307
0.841426
0.599353
0.930113
-0.148228
-0.009674
-0.605884
0.165319
-0.830683
-0.439375
0.928892
0.114231
0.560839
-0.977721
0.424482
-0.957579
-0.132420
-0.045503
0.653249
0.973632
-0.743278
-0.613025
-0.549608
-0.635487
0.288003
0.292398
0.171728
-0.283242
-0.331278
0.449812
0.905454
0.939451
-0.202124
0.773675
0.245399
0.007538
0.121677
0.791253
0.755058
-0.938108
-0.830195
-0.380047
0.371258
0.406232
0.139378
-0.814203
-0.879940
0.675893
0.628834
-0.250343
0.504746
-0.149083
0.391461
-0.387555
-0.661428
-0.632435
-0.967956
-0.073580
-0.817011
0.988952
-0.650990
0.415693
-0.962035
-0.976989
-0.419172
0.418683
-0.236854
-0.838435
-0.796503
0.112827
-0.334635
-0.331462
0.077425
-0.677541
0.129734
0.129368
0.820246
0.909665
0.296121
0.475021
-0.775323
-0.632008
0.842830
-0.483505
0.438032
0.991272
-0.137181
-0.198950
-0.696463
-0.416181
0.827021
0.778680
-0.562426
-0.248695
-0.353984
-0.882931
0.399030
-0.281838
-0.330241
-0.078097
0.278237
0.666555
-0.474227
0.525620
0.889340
0.610950
0.032991
0.116245
-0.942015
0.451582
-0.008881
-0.290689
0.927610
0.551439
0.642079
0.793634
0.969665
0.481491
-0.083468
0.708243
0.981994
0.387371
-0.480087
-0.672170
-0.549730
-0.827448
-0.667470
0.504990
-0.223670
0.154027
0.393170
0.424360
-0.401288
0.728324
-0.883847
-0.571947
-0.927610
-0.532456
0.020234
0.976012
-0.812189
0.753349
0.102756
0.862789
-0.362896
-0.673818
-0.027497
0.670827
-0.486801
0.731376
0.296365
0.399701
-0.337382
0.950194
0.212317
-0.147313
0.244789
-0.958312
-0.656301
-0.784967
-0.899167
0.522019
0.220252
0.627979
-0.887387
0.910215
-0.460250
0.423200
0.856197
0.933409
0.789544
-0.522935
-0.438581
-0.581225
-0.228309
-0.604907
0.808527
-0.011689
-0.783319
0.950499
0.658010
-0.616321
0.215369
0.571947
-0.465438
0.346416
0.243690
0.098239
-0.054415
-0.041963
0.816950
0.609241
-0.377178
0.967162
-0.454512
-0.514512
-0.410504
0.189062
-0.373760
-0.229896
-0.712271
-0.581286
0.733573
0.213965
0.042451
-0.818232
0.775567
-0.074923
-0.418134
0.027497
-0.161657
-0.139866
-0.951842
-0.220130
-0.272011
-0.529588
0.802728
-0.854976
-0.798761
-0.068331
-0.341594
-0.595874
-0.597949
-0.667348
-0.545274
0.301187
-0.937254
-0.686209
0.365032
-0.673940
-0.551622
0.051546
0.063509
-0.427961
-0.325175
-0.119419
0.941771
-0.929319
-0.567125
-0.837764
0.285684
-0.180883
0.790948
-0.152318
0.695181
0.028291
-0.992553
0.375469
-0.142369
0.056185
-0.449507
-0.874996
-0.530808
0.946593
-0.537217
0.529893
-0.367229
0.405316
0.366008
0.925108
-0.845332
0.705435
0.056429
0.874142
-0.054292
0.223853
-0.876644
0.188330
0.887936
0.912168
-0.822199
-0.759697
0.411542
-0.572558
-0.744011
0.810480
0.069552
-0.546251
-0.534043
0.931333
0.136814
0.329814
0.499863
0.754692
-0.727409
0.167211
-0.762078
0.979492
0.577258
0.598865
-0.632374
0.294046
0.258950
0.486740
0.661611
-0.348491
-0.153905
0.813166
-0.088168
0.227577
0.726066
-0.393231
0.633900
-0.167089
0.837825
-0.299539
0.824763
-0.950316
0.770562
-0.392132
0.370159
0.468062
0.556444
-0.896176
0.033784
0.726005
-0.650319
0.069369
0.469893
-0.322489
-0.124058
0.469527
0.896970
0.341655
0.251320
0.969787
0.292764
0.622547
-0.242347
0.555406
0.737114
-0.983032
-0.988220
-0.539781
-0.968688
0.072298
-0.357707
-0.805780
-0.884396
-0.526597
-0.296793
-0.832453
-0.688589
0.074984
0.334330
-0.970153
0.259316
0.596912
-0.106662
0.910947
0.176000
0.782586
0.974548
-0.580004
0.842463
-0.113315
-0.139256
-0.156957
0.208594
-0.085116
0.011261
0.087130
0.551256
-0.264016
0.900388
-0.587024
-0.792474
-0.177404
-0.790704
-0.945677
0.109348
-0.565172
-0.357830
-0.806269
-0.704703
-0.128574
-0.943541
0.012543
0.792962
-0.057772
-0.715262
0.458357
0.341594
0.108737
0.447127
-0.252052
0.811518
0.157689
0.123630
0.206580
0.128574
-0.095614
-0.742912
0.243629
-0.042268
-0.808832
-0.652882
0.694143
-0.815851
-0.632191
0.187292
-0.537461
-0.389691
0.736625
0.167760
-0.177831
0.104465
0.209632
0.180517
-0.020539
-0.903928
-0.693594
-0.818842
0.589526
-0.857356
-0.397992
-0.053133
-0.298318
-0.382122
-0.637013
0.942808
-0.734184
0.443525
0.217750
-0.434065
-0.032136
0.655690
-0.850459
-0.479293
-0.398236
0.564806
0.731071
-0.154271
0.240944
0.105564
-0.616932
-0.504440
0.584948
0.257973
0.108310
-0.334758
0.264138
0.917783
0.210425
0.735466
-0.101169
0.148167
-0.051607
-0.164708
-0.000763
0.575793
0.928037
0.632740
-0.636769
-0.906552
0.137242
0.206824
0.205054
-0.895993
-0.355327
-0.089694
-0.904782
0.870296
-0.259255
0.348552
-0.692068
-0.102695
0.191748
-0.079134
-0.420392
0.120518
-0.731132
-0.772881
0.902402
0.260231
-0.046480
-0.492172
-0.007660
0.454878
-0.482467
-0.685354
0.360027
-0.753594
-0.958190
-0.081271
0.917173
0.558031
-0.041780
-0.548509
0.414777
-0.849666
0.898740
-0.931700
-0.447798
0.167455
-0.256081
-0.430403
-0.041231
0.600757
0.778619
-0.060762
-0.032807
0.780633
-0.438093
-0.085116
-0.895016
0.487472
-0.048250
0.571276
0.927793
0.288797
-0.011994
-0.478317
-0.371380
0.941465
-0.804743
-0.080660
-0.885189
0.624195
-0.534410
-0.937925
-0.655202
0.076815
-0.907224
0.201270
-0.477889
-0.032014
-0.380291
-0.842158
-0.544176
-0.599902
0.854854
-0.344829
-0.152623
-0.172216
0.255287
0.882565
-0.056185
0.473922
-0.347453
0.971801
-0.969115
-0.123325
-0.357646
-0.423566
0.127232
-0.803095
-0.817377
0.361309
0.516770
0.628224
-0.293619
-0.124668
-0.147984
-0.916440
-0.049593
0.847041
-0.138157
-0.878658
-0.304056
0.673452
0.256203
-0.106845
0.284097
0.427473
0.536302
0.378948
-0.265908
0.241615
0.648366
0.025605
0.694571
-0.650746
-0.251320
0.189184
-0.463240
-0.398602
0.763848
0.047639
-0.225074
-0.133457
0.495895
-0.430525
-0.659230
0.906247
-0.841487
-0.915525
0.462874
0.809259
0.715140
-0.389813
0.838069
-0.288553
0.774407
0.730033
-0.940611
0.827570
0.079684
-0.074862
0.354961
0.175573
0.340617
-0.503098
0.003937
-0.082553
0.765252
-0.006745
0.693411
-0.457564
0.664296
0.783441
-0.048799
0.933287
-0.639088
-0.065340
-0.021943
-0.765923
-0.987609
0.810541
-0.558153
0.583483
-0.763970
-0.611560
-0.796625
0.240150
0.687246
-0.393353
0.729911
-0.473373
0.359416
-0.188757
-0.909970
-0.926817
-0.054781
-0.417890
-0.349528
0.394696
0.260353
0.429914
0.106174
0.722953
0.977111
0.425459
-0.273232
0.500778
0.809320
0.728507
0.765557
-0.772454
-0.339396
0.461043
-0.710990
0.550645
-0.903378
0.719718
-0.586108
-0.524949
-0.059786
-0.284463
0.651845
0.325236
-0.960570
-0.389569
-0.811945
0.776666
-0.668630
0.271157
-0.812067
0.956542
-0.028962
0.599475
0.666494
0.719901
-0.516953
-0.134678
-0.952818
0.501755
-0.640919
-0.524644
0.539109
0.132237
0.411725
-0.362468
-0.023103
-0.148900
-0.708426
-0.190283
0.167760
-0.053072
-0.423994
0.296976
-0.504868
-0.748589
-0.102451
0.570605
-0.818598
0.420270
0.161351
0.511032
-0.848567
0.773797
-0.677175
0.827143
0.342753
-0.092990
0.551866
0.920713
0.546556
0.201697
0.943968
0.792596
0.708182
0.920774
-0.885128
0.366924
-0.263649
0.026093
-0.370220
-0.002106
0.899533
0.929624
0.072726
0.555956
-0.398236
-0.453413
-0.413495
-0.707938
-0.618397
0.472823
-0.686758
0.983398
-0.819575
-0.653005
0.920225
0.297098
-0.104770
0.261696
0.632923
0.315592
-0.618519
-0.166784
-0.720023
0.497665
-0.878231
-0.389386
0.402814
0.184545
-0.084262
0.203406
-0.273904
-0.484420
0.030610
-0.254555
-0.544786
-0.683401
0.622364
0.160741
0.874264
0.095920
-0.766533
-0.143162
-0.003937
-0.311563
0.718131
-0.326456
-0.107089
-0.935667
-0.690237
0.900693
0.526292
0.973571
-0.933348
0.397992
0.532395
0.286416
0.087069
-0.497482
0.833003
-0.443831
0.810114
-0.251259
0.555528
0.536241
0.436445
-0.061617
0.257912
-0.167150
-0.934507
-0.075900
0.222449
-0.400250
-0.374310
0.878414
0.539842
0.013215
-0.265542
0.239479
0.642628
0.123936
-0.773064
0.510361
-0.014435
0.085665
-0.072970
-0.378643
-0.647206
0.944884
0.377606
0.184912
0.079440
0.775140
0.902036
0.860714
0.955870
-0.404096
0.116916
0.909421
-0.331523
0.317301
0.317545
-0.284158
0.144566
0.900571
0.662160
-0.387555
0.422712
0.455061
0.418561
0.831538
-0.443281
-0.598621
0.261879
-0.243263
-0.489975
0.843867
-0.178137
-0.468429
-0.034516
0.332438
0.464888
-0.003571
-0.541673
0.561693
-0.052095
0.135289
0.624073
-0.871395
-0.389264
-0.419294
-0.591479
-0.916623
-0.943785
0.327982
0.993591
-0.570482
-0.248146
-0.036409
-0.269875
-0.300455
0.841914
-0.198035
0.855342
-0.913938
0.014008
-0.100070
-0.482101
0.800287
-0.932920
0.617176
0.163610
-0.170507
-0.472091
0.632862
0.842647
-0.709342
0.834834
0.191748
0.319926
-0.610096
0.333842
-0.502548
-0.050447
0.741874
-0.970458
0.989380
0.655568
-0.073214
0.956359
-0.288491
0.790033
-0.310404
-0.559862
-0.023408
0.256752
-0.898679
0.274941
0.888607
0.940428
0.511887
-0.189489
-0.192602
0.286416
-0.299112
0.490463
0.312906
-0.495407
0.421125
0.660451
-0.678701
0.234657
-0.974609
0.202124
0.488144
0.655629
0.188818
0.241432
0.203284
-0.162755
0.687918
0.456526
-0.042695
-0.967711
-0.328349
-0.163366
-0.498337
-0.416181
0.725333
-0.460921
0.083895
-0.603076
-0.129856
-0.278603
-0.809381
-0.212012
-0.616382
-0.723746
0.193457
0.213172
-0.976073
0.603626
0.861995
-0.254555
0.598498
-0.156529
0.531175
0.054781
-0.467818
0.964599
0.097079
-0.553514
0.491440
0.380352
0.083346
-0.046419
-0.156041
0.587939
0.224830
-0.558214
0.909116
-0.694876
0.471603
0.186132
0.757500
0.312235
0.575610
-0.226112
-0.713492
-0.368694
-0.731376
-0.030427
0.165685
0.657460
-0.374187
-0.837214
0.393170
0.263894
0.455367
0.992676
-0.694571
0.366680
0.968200
0.572497
-0.168432
-0.494552
0.414472
0.048433
0.635609
0.696402
0.079562
-0.289163
0.937803
0.819514
0.089084
-0.031037
-0.379376
-0.363262
0.276406
0.976318
0.978454
-0.337260
0.862911
-0.371990
-0.197913
-0.299295
-0.655934
0.317484
-0.045320
0.630360
-0.994079
-0.535325
-0.924558
0.913083
-0.213294
0.643422
-0.778558
-0.285623
0.215796
0.391644
-0.963256
0.225990
-0.255104
0.541368
0.636097
0.347697
-0.118259
-0.834468
-0.336161
-0.095614
-0.450789
0.094760
-0.512436
-0.770745
-0.623646
-0.799127
0.477889
0.566515
-0.898984
0.265297
-0.566820
-0.061556
0.300882
-0.925962
-0.556871
-0.565661
-0.124729
0.631336
0.000397
-0.386151
0.051912
0.258339
0.034761
0.214942
-0.850459
-0.460067
0.772759
0.017731
-0.683279
-0.333110
0.174963
0.353923
0.823542
0.479476
0.713981
0.253639
-0.185522
-0.933409
-0.408063
-0.646718
0.741997
-0.582385
0.585498
0.046175
0.031526
0.184057
0.462569
-0.881344
-0.487350
-0.807001
0.140294
-0.123142
-0.679495
0.929136
0.377056
-0.568041
-0.495285
0.789117
0.612476
-0.063204
0.874569
0.351421
0.662343
-0.490036
0.077914
-0.367229
0.174169
-0.573473
-0.528245
0.577990
-0.127049
-0.873714
0.340373
0.786187
0.626637
-0.400311
-0.879391
-0.232215
0.566088
0.677969
0.804254
0.962584
-0.916929
0.450423
0.554003
-0.200781
0.550707
0.681692
-0.147435
-0.086520
-0.976745
-0.700064
-0.076205
0.522568
0.495651
0.682119
0.438765
-0.993103
-0.437849
0.804010
0.464217
0.464400
0.054720
0.633961
0.133091
-0.600574
-0.990234
0.118137
-0.934751
0.855464
-0.972716
-0.416425
0.667165
-0.414472
-0.573962
0.702994
-0.116611
-0.320658
0.666372
-0.398968
-0.121006
0.244118
-0.959838
0.677725
-0.005585
-0.510483
-0.000336
0.205786
-0.847957
0.240638
0.818598
0.189550
0.107517
-0.881283
0.270241
-0.156224
-0.679922
0.186193
-0.011322
-0.248390
-0.796564
0.234046
0.143223
-0.380230
-0.743034
0.922239
0.538560
0.091586
-0.131687
-0.691885
0.508408
0.880734
0.496506
-0.522935
0.830927
0.479110
0.110630
-0.768365
-0.159825
-0.118931
-0.158238
0.173132
-0.061495
-0.120518
0.158300
-0.021271
0.608386
0.785272
-0.383465
0.392804
-0.193579
0.795587
-0.694327
0.686758
-0.543138
0.105564
-0.740410
-0.138524
-0.236305
-0.332377
-0.131382
-0.725150
0.744682
-0.225135
0.349040
-0.025727
-0.958556
-0.026399
-0.984069
-0.252663
0.275491
-0.862850
0.123386
-0.119968
-0.825617
0.856746
-0.651357
0.231178
-0.435896
-0.181066
-0.375713
-0.156407
0.590136
0.648061
-0.078097
-0.362041
-0.943602
0.725333
-0.766778
-0.675344
0.423750
-0.422346
-0.883908
-0.298196
-0.802911
-0.455000
-0.294595
-0.625721
-0.950743
-0.986572
-0.213294
-0.567431
-0.025605
0.932737
-0.799493
-0.436689
0.473739
-0.996399
0.394452
-0.130528
0.936460
0.559801
0.064730
0.935850
-0.152257
0.027070
0.743767
-0.071566
-0.752007
0.792291
-0.123997
0.606067
0.176672
0.772759
-0.164953
0.983215
-0.780572
0.896970
-0.261330
0.468978
-0.897458
0.055513
-0.291177
0.585253
0.144383
0.623280
-0.583239
0.667531
-0.234962
-0.749016
0.871395
-0.273476
0.957091
-0.831294
0.567675
-0.291177
-0.747795
-0.752373
-0.404828
-0.341533
-0.755119
-0.154942
0.856746
-0.365215
-0.977233
-0.842463
0.422956
0.387371
0.630543
0.235084
0.314249
0.140843
-0.147923
-0.604602
-0.062105
-0.010529
0.574572
-0.100497
-0.899411
-0.458357
0.646718
0.804926
0.525132
-0.847224
-0.455550
0.461104
-0.844600
0.768975
-0.615101
0.541368
0.825739
0.989563
0.800104
0.296915
-0.078280
-0.210059
-0.361614
0.422468
0.712760
-0.113010
0.213660
0.921690
-0.079257
-0.561876
-0.289285
0.859004
0.626453
0.676199
-0.048189
-0.554125
0.285134
-0.545335
0.332743
0.250710
0.367901
-0.059542
0.903073
0.013092
0.398907
0.358989
-0.501816
0.682302
-0.387310
0.347942
-0.893368
0.891537
-0.945921
-0.410138
-0.120823
-0.126072
-0.672292
-0.729118
-0.490768
0.329752
-0.374981
-0.737724
0.538743
-0.645192
-0.029206
-0.713797
-0.834712
-0.427107
0.682119
0.905210
0.719840
-0.608692
0.649648
0.450301
-0.361675
-0.934019
-0.870113
-0.430464
0.821345
0.441877
0.564806
-0.413862
0.706351
0.103366
0.974548
-0.424909
-0.405011
-0.721366
-0.208533
-0.860042
-0.166051
0.233314
-0.835810
0.722037
0.715262
-0.771905
-0.394513
-0.549120
0.217627
0.383587
-0.336650
0.452376
0.057283
0.835994
-0.602161
-0.188086
-0.345805
-0.028840
0.600696
-0.385540
-0.665639
0.067415
-0.456221
-0.450423
-0.717215
0.278481
-0.978515
-0.845149
-0.347392
-0.415937
0.900815
-0.136814
-0.064852
0.879879
0.211768
-0.599475
-0.166540
-0.926756
-0.997803
0.914731
-0.971618
-0.076876
0.714103
0.750359
-0.541429
-0.113071
0.643788
-0.524644
-0.766167
0.663076
-0.882260
-0.921140
-0.293313
-0.922422
0.631031
0.184851
-0.113559
0.610401
-0.290689
-0.038362
-0.332560
-0.564440
0.668630
0.758599
-0.781671
-0.618152
0.568041
0.867122
0.643666
-0.859737
-0.013764
-0.058443
0.053072
-0.788629
-0.044038
0.888058
