-0.698904
-0.700491
0.774773
0.393170
-0.403668
0.470443
-0.736625
-0.794366
0.138401
-0.190710
0.309793
0.154637
0.671010
0.085116
0.502365
-0.798883
-0.398419
-0.815912
-0.847896
0.103000
0.837519
-0.865291
0.529588
0.978271
0.601428
-0.346904
0.334819
0.173681
-0.307230
0.971313
0.781610
0.833552
0.121433
-0.792901
0.456526
0.571093
-0.634327
0.921751
0.969420
-0.314798
0.808527
-0.142491
0.425092
-0.545274
-0.469955
-0.110691
0.820673
-0.745048
0.056368
-0.303751
0.844234
0.048860
0.153172
0.326456
0.199622
-0.526536
-0.720389
-0.215491
0.960570
0.653188
0.375652
0.477096
0.536241
-0.375164
0.934812
0.069369
-0.871029
0.611316
-0.136082
-0.561876
-0.879757
0.606311
0.898923
-0.279153
-0.768914
-0.417585
0.287332
0.659474
-0.499191
-0.961241
0.302164
0.542039
0.214454
-0.508591
0.775872
-0.225684
-0.365947
-0.972594
0.313334
-0.861446
0.413190
-0.201025
0.808283
0.489242
-0.703665
0.408002
-0.717338
-0.754570
-0.820856
-0.256569
0.111606
-0.167943
0.374371
0.859249
-0.144566
0.694937
0.635975
-0.694388
-0.250282
-0.847163
0.043306
-0.253700
-0.203406
-0.684866
-0.728141
-0.363079
-0.993347
0.571215
-0.024812
0.253456
-0.262123
-0.362163
0.244057
0.369243
-0.653920
-0.723197
-0.624866
-0.298257
0.501511
0.260231
-0.805719
-0.605762
0.124851
0.839656
-0.181677
-0.589892
0.468917
-0.058138
0.520127
-0.754021
0.342387
0.623218
-0.720450
-0.402448
0.043001
-0.643849
-0.124912
0.387799
-0.787225
-0.806207
0.167272
0.732475
0.140721
-0.005585
-0.309610
-0.653859
-0.063387
-0.001373
0.944700
-0.367290
-0.419233
-0.780938
-0.020112
0.293313
0.929746
-0.861751
0.571581
-0.149876
-0.640187
0.015412
-0.923093
-0.890683
-0.857051
-0.024384
-0.184057
-0.320536
0.362285
0.566332
-0.480514
0.164892
-0.567186
-0.763237
-0.952452
-0.548936
-0.951415
0.271767
-0.271462
0.203833
-0.578722
-0.510544
0.496078
0.285989
0.278481
-0.023286
0.275857
0.181188
-0.240028
0.103549
0.516831
-0.191992
-0.505356
-0.038179
0.995605
-0.312784
0.034089
-0.214698
0.204016
0.333293
-0.438215
0.239479
0.789056
0.822504
-0.121738
-0.310953
0.381512
-0.745476
-0.334758
0.254311
-0.613880
-0.488754
-0.145665
-0.362224
-0.906735
-0.268288
-0.557299
-0.171361
0.743400
-0.238258
-0.358074
0.174291
-0.327372
0.256386
-0.536668
-0.880306
-0.242103
0.602527
-0.751335
-0.040193
-0.971984
0.658132
-0.713309
-0.293008
-0.617481
0.786065
-0.495407
0.194250
0.442671
-0.544420
-0.868892
-0.982788
0.294900
-0.263161
-0.770867
-0.972533
0.794610
0.220374
-0.438826
0.553331
-0.346721
-0.435652
0.971435
-0.849361
0.952757
0.174841
-0.288858
-0.102573
-0.431684
-0.340251
0.554918
0.955260
-0.684072
-0.548143
-0.105808
0.821406
0.588916
0.749504
-0.111301
0.684378
-0.207312
0.542955
-0.439253
0.462996
-0.383953
-0.054659
-0.407270
0.142674
-0.556322
0.214087
-0.765252
-0.714530
-0.906003
-0.435835
-0.859798
-0.597339
-0.724235
0.316141
-0.028291
-0.997803
-0.664968
0.174047
-0.946593
0.705435
-0.180395
0.293191
0.777825
0.555712
0.404096
0.050691
-0.767083
0.775323
-0.991272
-0.049837
-0.870846
-0.069185
-0.176366
-0.476669
-0.782708
0.280618
0.141087
-0.073031
0.847407
0.517075
0.767693
-0.473128
-0.578112
0.360820
-0.825312
-0.518418
-0.247597
0.454146
-0.605457
-0.187963
-0.130711
0.015595
0.510544
0.506211
0.288064
-0.319315
0.349834
-0.086642
-0.293619
-0.199683
0.388348
-0.561876
0.140294
0.965819
0.494858
0.227577
-0.814386
-0.581957
0.035676
-0.844111
0.147740
0.678945
-0.860408
-0.553087
0.166723
-0.233070
-0.129002
-0.166906
-0.192724
0.587939
-0.585009
-0.072054
0.183203
0.916440
0.934263
0.372600
-0.406476
-0.539476
-0.653737
0.824946
0.344646
-0.497177
-0.562548
0.276528
0.670034
0.907468
0.414228
0.052339
-0.368755
0.247475
-0.534898
-0.003693
0.692434
0.963378
0.407575
0.341105
-0.400372
-0.175146
0.184362
0.029023
-0.450606
0.207862
-0.123936
-0.187780
-0.244911
-0.375774
-0.016694
0.043489
0.412946
0.651479
-0.424787
-0.545213
-0.095859
0.606983
0.048799
-0.726676
0.746879
-0.264992
0.843623
0.937681
-0.385723
0.150426
-0.213416
-0.810724
0.293252
-0.087985
-0.778558
0.207434
0.700613
0.123081
-0.003632
-0.800714
-0.246742
-0.918271
-0.154576
0.281350
-0.515061
-0.280618
0.373760
-0.892819
-0.558763
0.984069
0.235023
-0.519028
0.761589
0.618580
0.260659
0.318583
0.303323
0.384869
-0.052156
-0.680166
0.882138
-0.850642
-0.023408
-0.369915
-0.325297
-0.297647
-0.186438
0.862239
-0.401898
-0.704276
-0.482101
-0.173376
-0.984863
0.891720
-0.458724
0.702567
0.814203
-0.881527
0.422834
-0.471236
0.636341
-0.524155
0.461959
0.758110
-0.967284
0.571947
0.807184
-0.843989
0.895322
0.122288
-0.978637
-0.352397
0.738945
-0.937620
0.332987
-0.262246
0.539903
0.928526
0.958495
-0.089450
0.069857
0.109897
-0.346355
0.931700
-0.011139
-0.070772
0.174108
-0.604053
-0.320231
0.807733
-0.240089
0.697867
0.191015
-0.480331
-0.336650
-0.293069
-0.228980
0.912534
-0.464217
-0.122044
0.835200
-0.080905
-0.416791
-0.072054
0.862362
0.064791
-0.330851
-0.216895
-0.456771
0.763543
-0.643483
-0.905148
-0.648854
0.693838
-0.061373
-0.995239
-0.404035
-0.561510
-0.408551
-0.563646
-0.064608
0.054720
0.096591
0.741203
-0.076754
0.829829
0.892026
0.472213
-0.533616
-0.608142
0.833613
-0.231056
-0.595935
-0.501389
0.807611
0.026765
-0.677541
-0.001923
-0.449873
-0.206091
-0.860042
-0.995911
0.300577
0.785150
0.597400
-0.979675
-0.494064
-0.919370
-0.498337
0.201270
0.434065
-0.884457
-0.963256
0.832942
0.303812
0.903256
0.314737
0.220374
-0.000580
-0.232398
-0.865658
-0.392010
-0.888241
0.427351
0.635670
-0.065096
-0.330302
0.361919
0.787042
-0.736137
-0.038057
0.029756
-0.251137
0.828791
0.231727
0.157018
-0.943541
0.766717
0.007721
-0.452437
-0.506394
0.369366
-0.700430
-0.260842
0.673513
0.153356
-0.593921
0.964171
-0.755547
-0.240394
-0.754448
0.422040
0.752312
-0.768914
0.053926
-0.914304
0.627125
-0.421003
-0.994385
0.980834
0.174535
-0.249550
0.193823
0.123325
0.510727
0.068331
-0.572985
0.653615
0.030427
0.184057
0.409833
0.657155
0.817743
-0.738945
-0.350200
-0.332865
-0.734489
-0.057833
-0.145482
0.361431
0.669301
-0.476547
0.841304
-0.405011
0.584033
-0.134678
-0.950194
-0.225257
-0.628285
-0.027009
-0.858211
-0.749565
0.208228
0.076144
0.771905
0.660085
0.039216
0.164403
0.949339
0.046175
-0.069857
-0.440718
0.583728
0.297342
0.784783
0.877804
-0.938353
0.693838
0.388104
-0.607715
-0.235267
0.444990
0.804498
0.743400
0.223670
0.636647
-0.670766
0.421247
0.115635
-0.442122
0.867489
-0.001251
-0.078219
0.332255
0.283853
-0.473067
-0.598071
-0.214393
-0.464400
-0.645619
0.210547
0.127781
0.993469
0.562792
-0.863826
-0.911130
-0.804559
-0.609790
0.863826
-0.487716
-0.032136
0.515488
0.505539
0.414106
0.012848
0.071566
0.966552
-0.538255
0.936277
-0.095737
-0.206641
0.133335
-0.981445
-0.880978
-0.474471
0.901303
-0.950255
0.326212
0.495773
-0.545274
0.168737
-0.548814
-0.719840
-0.570788
0.221046
0.732109
-0.932676
-0.014985
0.307230
0.941038
0.388470
-0.679312
-0.750114
0.664663
-0.760491
0.499191
-0.208777
-0.217689
0.289468
-0.064730
-0.738517
0.814447
0.214454
-0.771294
0.633473
0.358989
0.337260
-0.263955
-0.533860
0.349345
-0.060091
-0.110752
0.666250
-0.729484
-0.374371
0.603320
-0.762139
-0.176244
-0.987609
-0.556810
0.397565
0.293924
-0.337138
0.160741
-0.504440
0.709281
-0.214148
0.553148
-0.774041
0.249794
0.911618
-0.271828
0.877255
0.851680
0.425886
0.196265
-0.815729
-0.289529
-0.807978
0.958922
-0.157994
0.047578
-0.677847
0.651601
0.565661
0.456282
-0.619129
0.307047
0.265969
0.103610
0.859981
0.064547
0.471725
-0.000824
0.175573
0.577441
-0.367718
-0.901791
-0.698172
0.761834
-0.625477
-0.613453
-0.295755
-0.267312
0.680654
-0.952330
0.041536
-0.046541
0.639393
0.281411
-0.223365
-0.577074
-0.273476
0.380169
0.744743
0.975219
-0.722648
-0.869930
-0.229713
0.504868
-0.222022
0.551134
-0.742912
-0.986084
-0.092929
0.822077
0.129978
0.761223
-0.641469
0.625050
-0.600024
0.930540
0.071566
-0.483139
0.854060
-0.218970
0.645619
-0.555284
0.775567
0.561754
-0.764336
-0.557726
0.999145
-0.591540
0.898129
0.973693
0.084323
-0.776543
-0.942381
-0.715690
-0.067843
0.745415
-0.358684
0.765740
0.131199
-0.780450
0.192236
-0.469222
0.559801
0.651540
0.262856
-0.829646
0.582446
0.531053
0.924009
-0.765618
-0.905087
0.214881
-0.822748
-0.924070
0.619068
0.404035
0.760063
0.574023
-0.864925
0.211768
0.846797
0.039766
-0.046052
0.105136
-0.645070
-0.287210
0.205054
-0.455794
0.106479
-0.767327
-0.465682
-0.408002
-0.802057
-0.680593
0.415510
-0.233558
-0.361736
0.345683
0.906980
0.292947
-0.576647
0.418683
-0.639943
0.099155
0.609668
0.378826
-0.836604
-0.753655
0.558763
-0.609607
-0.150365
-0.595019
-0.812616
-0.262551
0.343181
-0.564501
0.114597
-0.390606
-0.925962
0.204627
-0.807428
0.599963
0.098910
-0.461104
0.970946
0.957091
-0.517014
-0.243629
0.570299
-0.711661
-0.664846
0.626209
0.236915
-0.664418
-0.452132
0.314920
-0.665090
0.447249
0.265114
-0.331889
-0.797418
-0.144627
0.296670
-0.691275
-0.953307
0.035615
-0.753716
0.204749
0.037812
-0.208472
0.838252
-0.044893
-0.477279
-0.125462
0.412152
0.249367
0.954344
0.376202
-0.328898
0.658559
0.439314
-0.728813
-0.316813
-0.135105
0.951903
-0.323832
-0.000763
0.843013
0.835078
0.759392
-0.772393
-0.485885
0.655080
-0.461104
0.702261
0.184851
-0.192114
0.126560
0.610706
0.401166
-0.885311
-0.609241
0.415571
0.315714
-0.620411
-0.986084
0.586718
-0.241737
-0.601672
0.973266
-0.446028
-0.330607
0.938902
0.635975
0.641285
-0.118442
-0.681570
-0.322977
-0.738029
0.326090
0.486862
0.668691
0.217322
0.403058
-0.499313
0.857112
-0.144139
0.743034
-0.616443
-0.562426
-0.576891
0.076022
-0.107395
-0.439192
-0.509140
-0.342509
0.495956
0.634754
-0.017975
0.968566
0.969237
0.302774
0.170019
0.316813
-0.592883
0.598682
0.945616
0.017914
0.358135
-0.665944
-0.265542
-0.621876
0.330973
0.008576
-0.013092
0.413739
-0.687918
-0.582873
-0.232582
0.331462
-0.711722
-0.858882
-0.322428
-0.976196
0.206214
0.996277
0.840144
0.282815
-0.428877
0.830195
-0.248085
-0.324808
-0.652821
0.290628
0.490707
0.551805
-0.795343
0.158116
0.320048
0.372967
-0.041353
-0.492965
0.856502
0.667653
-0.748650
-0.964110
0.096408
-0.559374
-0.718619
-0.949705
-0.686087
0.251503
-0.213050
-0.910520
-0.630543
-0.551134
0.361858
-0.425703
-0.944029
0.058321
-0.102634
-0.934385
-0.711966
-0.680044
0.895993
0.214087
0.622669
0.153111
-0.362590
-0.649159
0.852168
-0.033784
-0.745720
0.509445
0.023164
0.188879
-0.109348
0.440779
0.304910
0.841365
-0.373333
0.522263
-0.557848
-0.876400
0.379803
0.089267
0.450362
-0.297159
-0.127171
0.856746
0.396466
-0.902158
0.772881
-0.388226
0.886166
-0.841487
-0.191321
-0.763421
-0.795770
0.915708
-0.118686
0.032197
-0.864925
-0.948607
0.407453
-0.262856
0.987304
-0.735771
-0.000702
-0.420637
-0.422346
-0.252541
-0.574816
0.976806
-0.412641
0.328410
-0.618213
-0.727165
0.610828
0.961791
-0.282327
0.812555
-0.721244
0.205908
0.919553
0.212317
0.290262
0.733024
-0.027009
0.540941
-0.543199
0.711112
0.151585
-0.495407
-0.444929
-0.665883
0.806146
0.079928
-0.928526
0.724418
-0.618946
-0.248085
0.471541
0.655873
0.719535
-0.209449
0.855586
-0.029023
0.772576
-0.403729
-0.895260
0.759331
0.369366
-0.781671
-0.944456
-0.897519
-0.343974
0.058260
0.879696
-0.717643
-0.697562
0.529283
-0.642384
-0.522813
0.130100
-0.648671
0.976073
-0.823115
0.744987
-0.070284
0.020966
0.600391
-0.478256
0.839534
0.873531
-0.700980
0.749504
0.913999
-0.815363
-0.738945
-0.762017
-0.389874
0.097446
-0.884335
0.789605
0.388897
0.672720
-0.601611
-0.969115
-0.787835
0.763115
0.600085
-0.923276
0.957579
0.149144
0.120029
0.583666
0.586962
-0.520127
-0.928404
-0.972900
0.553148
-0.694327
-0.050386
-0.324503
0.033418
0.252541
0.568407
0.092685
-0.868770
-0.182958
0.614978
-0.868465
0.623157
-0.027741
-0.926267
0.613575
0.225379
0.653737
-0.894223
-0.864864
-0.249062
-0.148167
-0.224647
0.283486
0.401349
0.786248
0.616565
-0.492660
0.843501
0.313761
-0.162999
0.923215
-0.570666
0.581652
-0.347087
0.659780
-0.020173
0.487655
-0.952635
-0.621326
0.001007
0.587390
-0.300333
-0.050569
0.556078
0.241127
0.662404
0.623035
-0.240394
0.389935
0.046785
0.341594
0.212195
0.877071
-0.160558
-0.081271
0.976135
-0.949095
0.676870
-0.834590
0.506760
-0.208899
-0.454939
-0.360576
-0.068026
0.761650
-0.627613
-0.690664
0.214637
-0.369793
-0.170568
-0.932554
0.771233
0.162755
0.451460
-0.323038
0.623157
0.187841
0.004059
0.391644
0.879940
-0.234169
0.350383
-0.124973
0.721610
-0.758782
-0.963317
-0.114475
0.499924
0.659658
0.997986
-0.537950
-0.449507
-0.008209
-0.536119
0.029878
0.578906
-0.697989
-0.650502
0.674123
-0.772698
-0.203711
-0.306497
0.800714
0.450056
-0.581286
0.285379
0.616260
-0.657582
0.416303
0.820307
0.023896
-0.223060
-0.346660
0.712882
0.832392
0.112339
0.488327
0.560167
-0.030000
0.537156
0.701590
0.729728
0.019257
0.446944
-0.531785
-0.776116
0.317484
-0.252419
0.772698
-0.896725
-0.573473
-0.108127
-0.915952
-0.496933
-0.007843
0.875179
-0.167943
0.278542
0.358989
0.005585
-0.544725
-0.396039
0.194372
0.043794
0.041353
0.764397
0.797235
-0.302713
-0.766350
0.671194
0.085482
0.169164
-0.094211
-0.220801
-0.173193
0.000946
-0.447432
0.636341
-0.652699
-0.478378
-0.521226
0.609790
0.907346
-0.710379
-0.704764
-0.850642
0.160924
-0.048250
0.193884
0.710318
0.648854
-0.817255
0.233924
-0.168920
0.062716
0.896603
-0.547227
0.882870
0.787835
0.927976
-0.504746
-0.347575
-0.504013
0.689627
0.954283
0.058809
-0.355022
-0.294412
-0.896420
-0.516770
0.781121
0.652699
0.803766
-0.267800
-0.223792
0.901852
-0.826411
0.970092
0.961669
-0.190954
-0.813898
0.821528
-0.719596
0.674978
0.073214
0.344096
-0.683218
-0.173986
0.332499
-0.844111
0.806146
-0.339030
-0.793451
-0.318155
-0.144871
0.477889
-0.124180
0.846553
-0.026276
-0.469405
0.801874
-0.798578
0.781304
0.529710
-0.920957
-0.634938
0.742241
-0.199316
0.020966
0.377056
-0.335490
-0.647877
-0.808954
0.752007
0.332499
0.201697
-0.105197
0.262062
0.943175
0.976562
0.399823
-0.194067
-0.281594
0.863338
0.156102
0.888302
0.009308
0.331523
-0.816034
0.919980
0.401288
0.594226
-0.752617
-0.849727
-0.828730
0.224830
-0.283547
0.429426
-0.802606
-0.163244
-0.439985
-0.674490
-0.235389
0.127720
0.463729
0.729484
0.574633
0.170141
0.892331
0.469832
0.228187
0.878964
0.199255
0.165685
-0.053865
-0.719108
-0.697867
-0.871029
0.191015
0.648549
-0.627003
0.860408
0.427046
-0.635975
-0.120090
0.063936
-0.752617
-0.308817
0.027375
0.053438
-0.764885
0.817866
0.773553
-0.201636
0.162999
0.270608
-0.755852
0.345012
-0.235755
-0.013886
-0.647877
0.359539
-0.924986
0.218543
-0.273904
0.178320
-0.080294
0.147374
-0.992737
0.053011
0.462264
-0.658010
0.311625
-0.263588
-0.084933
0.668691
-0.409650
0.837336
-0.050325
0.207556
-0.757988
-0.955321
-0.916807
0.718863
0.796014
-0.718680
-0.091525
-0.767876
0.922849
-0.666372
-0.003265
0.124485
-0.212745
-0.045076
-0.761528
0.082369
-0.304422
-0.553758
-0.122044
-0.730583
-0.880856
0.833491
-0.212745
-0.300089
-0.791498
-0.643361
0.115390
-0.415265
0.195898
-0.052461
-0.145909
0.788995
0.812677
-0.502426
-0.150731
0.915708
0.024628
-0.643300
0.906919
-0.206519
0.247475
-0.862850
-0.505722
-0.871151
-0.526719
-0.774041
0.742302
0.009186
-0.595019
-0.128513
-0.938597
0.079684
-0.200293
0.193945
0.856807
-0.126377
0.848079
0.774102
0.428571
-0.239051
0.906858
-0.334330
-0.685049
0.132054
-0.262917
0.797479
0.417463
0.144810
-0.636525
0.792230
0.773064
-0.764153
-0.655507
-0.789178
-0.464949
0.906796
-0.943419
-0.860530
