-0.823725
-0.885311
-0.138340
-0.070162
0.575121
-0.484115
0.265603
-0.780206
0.515305
-0.838313
-0.787042
-0.793695
0.230201
-0.093966
0.331889
0.175878
0.669057
-0.309854
-0.788629
0.132786
-0.131016
0.753716
-0.581652
-0.601306
0.989807
0.699698
0.389996
-0.002716
0.061129
-0.827021
0.815607
-0.791559
-0.646168
0.234718
-0.749077
-0.404828
0.122776
0.138035
0.073946
0.168920
0.649525
-0.648305
0.775811
-0.050142
-0.645741
-0.684133
-0.827754
0.202429
-0.298868
-0.011383
-0.181494
-0.936705
0.301614
-0.796014
-0.021332
-0.716727
0.551073
0.826106
-0.963134
0.073946
0.915525
-0.019135
-0.178014
0.673452
0.442915
-0.834346
0.452620
-0.311014
0.657826
0.892880
0.308634
-0.739921
-0.378521
-0.849116
-0.756706
-0.351604
0.231788
-0.248024
0.943113
-0.569018
0.538255
0.738090
-0.334452
0.159398
-0.075838
-0.386944
-0.409101
0.780816
-0.756157
-0.458968
-0.656789
0.647816
0.015107
0.895260
0.322672
0.355266
0.208472
0.366619
-0.076937
0.710746
-0.411908
0.726127
0.973754
-0.966674
-0.327616
-0.922361
-0.095248
-0.678091
-0.404035
-0.840022
-0.408734
-0.747612
0.542344
-0.062166
-0.705191
-0.925962
-0.251015
0.325480
0.825190
-0.281838
-0.602832
-0.900815
0.384198
0.391400
-0.819269
-0.055147
0.953063
-0.893674
-0.647206
0.790643
0.347148
-0.109592
0.951476
-0.255104
-0.691031
0.752861
-0.068880
0.020295
0.149632
-0.195715
-0.963622
-0.656606
0.475631
0.356731
-0.561205
-0.090793
-0.796808
0.373455
-0.573656
0.090182
-0.959410
-0.535386
0.045686
-0.744194
-0.368633
0.061739
0.949095
0.736320
-0.557237
0.009857
0.713004
-0.156407
-0.987793
-0.188879
-0.440779
-0.428510
0.278420
-0.127598
0.922300
-0.391156
0.076510
0.837825
0.795099
0.775018
-0.356304
0.479293
-0.363750
0.408490
-0.729972
-0.960814
-0.948302
-0.707389
-0.070650
0.420148
-0.951231
-0.295022
0.431806
-0.484848
0.524033
0.460616
0.169591
-0.085055
-0.555406
0.174474
0.159581
0.854976
0.490585
0.162450
0.778497
0.020966
-0.423017
-0.694632
0.300699
-0.364666
0.666860
0.278115
0.845393
0.356487
-0.465987
-0.695975
-0.225990
0.830012
0.648915
0.685781
-0.287454
0.922727
0.068758
-0.048128
-0.520920
-0.183447
0.349406
-0.267678
-0.824030
-0.681936
-0.064974
0.968871
0.510605
-0.357158
-0.240883
-0.126621
-0.183752
0.195593
0.836421
-0.841609
-0.687429
0.496445
0.119480
0.985046
-0.415143
0.569811
-0.642506
0.595264
-0.765191
-0.645863
-0.192236
-0.242836
-0.380352
0.021638
0.606067
-0.999207
0.972533
0.740043
0.989380
-0.818598
-0.236488
-0.160558
-0.879757
-0.228736
-0.665822
0.345256
0.566759
0.946165
-0.257546
-0.515122
-0.567858
0.885739
0.871517
-0.425764
-0.943297
-0.000153
-0.003632
-0.316996
0.423994
0.087497
0.543260
0.430586
-0.065035
-0.883541
0.884335
0.497482
-0.298990
-0.198889
0.211646
-0.678152
0.840999
0.294839
0.024812
0.631153
-0.919919
0.132969
-0.728385
0.227393
0.464461
-0.251137
-0.780267
-0.070833
0.038911
-0.813349
0.193945
-0.734428
-0.506394
0.964904
-0.593249
0.413862
-0.926328
0.480941
-0.613147
0.381756
-0.850948
-0.067049
0.824335
-0.594714
0.744865
-0.461653
-0.756340
0.611194
0.755669
-0.601978
-0.597888
0.606494
0.416181
-0.658376
0.044221
0.699454
-0.358989
0.591418
-0.961547
-0.473983
0.862117
0.077975
-0.915342
0.748405
-0.325968
-0.449080
-0.956542
-0.810114
0.621204
0.700430
-0.667226
-0.973632
-0.109836
0.166784
-0.593860
-0.451827
-0.961791
0.391339
0.139866
0.575793
0.885372
-0.951598
0.130039
0.803217
-0.849361
-0.849116
0.638295
-0.871456
0.129917
0.171056
0.703726
-0.058321
-0.989135
0.459456
-0.224769
0.076632
-0.587329
0.449751
-0.932127
0.134251
0.130711
-0.727103
-0.852229
-0.706534
-0.023896
-0.573473
-0.766289
0.534410
-0.319010
0.310587
-0.425825
0.635853
-0.019379
-0.292337
0.153356
0.968078
0.219398
0.723258
-0.035188
0.970885
-0.923826
-0.368145
-0.846553
-0.252358
-0.091342
-0.001312
-0.580920
-0.847468
-0.028291
-0.753899
-0.024384
-0.609119
0.422163
-0.180944
0.682730
-0.658559
0.162511
-0.960875
0.614795
-0.796747
0.052767
0.702017
-0.404462
-0.151891
-0.333232
0.434553
-0.430219
0.301920
-0.715995
-0.425703
-0.602100
0.061617
0.658010
-0.261147
0.841426
-0.101291
0.404340
-0.861812
-0.805902
-0.900327
0.914609
-0.205176
0.480941
0.568896
0.102084
0.998962
-0.142186
-0.790094
0.212256
-0.964843
0.762139
-0.323588
0.211646
-0.727958
-0.647572
-0.142491
-0.083956
-0.707572
-0.782952
-0.026826
0.069063
0.610340
0.620716
0.460005
-0.479843
0.415937
0.173925
-0.841548
-0.953001
0.855098
-0.809626
0.487045
-0.026521
0.777154
0.304971
0.645192
0.438948
0.561144
-0.719840
-0.696341
-0.269448
-0.891720
0.928831
0.063692
-0.876644
0.605274
0.724357
-0.644154
0.865902
-0.847652
-0.997253
-0.319437
-0.020173
-0.622547
-0.692373
-0.563463
-0.592212
0.250282
-0.553758
0.816828
0.589770
-0.714713
-0.753716
-0.845454
-0.437178
0.257179
-0.823359
0.373394
-0.257851
0.920896
-0.049837
0.923093
-0.788629
-0.032075
-0.080416
-0.877865
0.361064
0.115146
-0.352031
0.823298
-0.623829
-0.348857
-0.531724
-0.375103
0.737785
-0.950499
0.138218
-0.072481
-0.463973
0.608753
-0.132786
0.516343
-0.988342
0.098239
-0.866878
-0.102878
0.943297
-0.460189
-0.083407
0.281289
-0.784173
0.832148
0.800226
0.176855
0.408551
0.682485
0.731498
0.970641
-0.541063
-0.288675
-0.928709
0.045808
0.648610
0.051973
0.042329
0.700735
-0.665151
0.274880
0.370586
-0.564684
-0.785760
-0.944395
0.906247
0.368999
-0.898556
-0.902097
0.835994
0.385784
0.456465
-0.672231
0.927549
-0.633656
-0.713553
0.993408
-0.113865
-0.348430
0.971923
-0.186926
-0.776849
0.127110
0.289468
-0.001495
0.256752
0.233131
-0.516831
0.553087
0.192358
0.767937
0.675649
0.962584
-0.511155
0.911435
0.574389
0.187475
-0.946043
0.267067
-0.096042
-0.561144
-0.325968
0.857356
0.473067
0.624500
0.531114
0.976440
0.239540
0.803949
0.436750
-0.387249
0.616443
0.757317
-0.210303
-0.263405
0.092380
0.941465
0.798944
0.703116
-0.831355
-0.028474
-0.008026
0.018342
0.838435
0.327921
-0.270852
0.411176
-0.868709
-0.586413
-0.657033
0.269265
0.547288
-0.272256
0.528123
0.364971
0.081210
0.619861
0.631275
-0.347819
0.635426
0.167516
-0.587207
-0.309000
-0.117527
0.869137
-0.861446
-0.292398
0.378460
0.549608
0.639821
0.233863
0.722709
-0.644093
0.261086
-0.841487
-0.504013
-0.116367
-0.463607
-0.317057
0.540452
0.333964
0.881710
-0.005341
0.027009
0.308084
-0.176855
-0.149632
0.564562
0.447615
0.309427
0.840754
-0.590014
-0.410138
0.896908
-0.284158
-0.004791
0.290139
0.289834
-0.268288
-0.974425
0.577746
-0.752739
0.740776
0.430708
0.416303
0.717277
-0.185339
0.014252
-0.406659
0.893918
-0.945372
-0.039460
-0.098972
0.004303
0.659658
0.842158
0.558763
0.893185
-0.059175
-0.162389
-0.344218
0.725517
-0.551317
-0.335124
0.415143
-0.931455
-0.099277
-0.863338
0.653005
0.701895
0.325541
0.220557
0.880490
-0.811579
-0.672231
0.751335
-0.900876
-0.446760
-0.603565
0.151769
0.427595
-0.026887
-0.931700
-0.814875
-0.614368
-0.867672
0.034761
0.530503
-0.613269
0.598865
-0.294778
0.916807
-0.423078
0.539476
-0.411725
0.045991
-0.925962
-0.402570
0.826594
-0.303629
-0.509140
0.321512
0.039094
-0.645802
0.008087
0.969481
0.407880
-0.806574
-0.873836
0.716666
0.808588
-0.039460
-0.062105
-0.443525
0.332804
0.438765
-0.401349
-0.349284
-0.531297
-0.472945
-0.121128
0.828486
-0.039399
-0.511521
0.303934
-0.195654
-0.633106
-0.232215
-0.622059
-0.108737
-0.376263
-0.438826
-0.735282
-0.554674
-0.266823
-0.670156
0.339152
-0.258583
-0.009796
0.232337
0.246803
-0.128880
0.433882
0.257485
-0.974242
-0.815485
-0.673757
-0.277261
0.070162
-0.406659
0.598560
-0.727165
0.819880
0.426069
0.546434
-0.603870
0.231910
-0.156407
0.286477
-0.520981
-0.923521
0.358745
0.358928
-0.457869
0.409284
-0.103793
-0.119846
-0.866756
-0.238014
-0.246681
-0.137852
0.174291
0.018586
0.303934
0.484176
-0.237281
0.453475
0.253945
-0.330546
0.114536
0.780267
-0.816889
0.494797
0.521653
0.092685
-0.183630
-0.875790
0.815180
0.789300
-0.642140
-0.826167
0.168310
-0.818903
0.088046
-0.331767
0.500961
-0.846553
0.656606
-0.823969
0.975219
0.858272
0.121311
0.044404
0.324992
-0.631520
-0.593799
-0.401227
0.273782
-0.336222
0.130650
0.494552
-0.987487
0.567675
0.810297
0.929930
-0.322611
-0.880795
-0.951353
-0.430525
0.226905
0.904111
-0.777581
0.330790
0.443709
0.292581
-0.656850
0.388836
-0.686514
0.694998
0.213843
0.990478
-0.939512
-0.060579
-0.887570
-0.939634
0.486984
-0.008393
-0.191504
0.892392
-0.939695
0.198645
-0.264138
-0.293924
-0.360210
0.996094
-0.176428
0.922788
0.458052
0.046419
0.746391
0.047334
-0.758843
-0.824458
0.248756
0.504074
-0.381329
0.482223
0.141942
0.371197
0.473251
0.853694
-0.072420
-0.831477
-0.493210
-0.999634
0.078158
-0.553697
0.153539
0.846492
0.218299
-0.570788
0.961913
0.111728
-0.613819
0.454085
0.776727
0.993408
0.500961
0.384381
-0.870907
0.173193
0.409955
-0.898984
-0.768365
0.135716
0.269021
0.526597
-0.139866
0.156529
-0.188269
-0.145421
-0.614429
0.679189
0.095492
0.917112
0.761223
-0.629688
0.936522
-0.662465
0.407392
-0.488083
-0.846492
-0.561083
-0.907651
-0.741508
-0.524888
0.534227
0.353313
0.135289
0.155065
-0.285684
-0.226966
0.611194
-0.175817
-0.297159
0.767571
0.079928
0.003571
-0.608509
-0.348857
-0.456709
-0.675832
-0.602771
-0.978210
-0.556444
-0.342326
-0.204810
0.938108
-0.732536
-0.516831
0.647328
0.764397
-0.132847
0.844356
0.023591
0.055696
0.657949
-0.499863
-0.701163
-0.181188
-0.239906
0.684256
0.757439
-0.890439
0.459151
0.157994
-0.081881
0.814203
-0.044282
0.998901
-0.561937
0.296548
0.078768
0.196326
0.982788
-0.390973
0.617481
-0.766655
-0.933470
-0.663930
0.960143
-0.719901
0.799982
0.232154
-0.692740
0.221656
0.691702
0.981750
0.309977
0.142125
-0.490036
0.077670
-0.359050
0.195471
-0.985656
-0.121372
0.822504
-0.907834
0.217383
0.594165
-0.070894
-0.579394
0.755058
-0.279214
-0.693289
0.755913
-0.961974
0.904904
0.582873
0.163244
0.905026
0.246742
0.217017
-0.443648
0.968505
-0.027802
0.801447
0.608997
0.794183
-0.645314
-0.920530
0.266518
0.177709
0.752739
-0.736259
0.037751
-0.389813
-0.772515
0.448164
0.488266
-0.709830
-0.669790
0.043245
0.837275
-0.599963
-0.228980
-0.535569
-0.932554
0.538255
0.021210
-0.217811
-0.233924
-0.204138
0.985290
-0.728202
-0.514634
-0.471419
-0.171178
0.095981
-0.817927
0.088717
-0.243385
0.526109
-0.016083
-0.630299
0.867672
-0.152684
-0.919248
0.209510
0.775384
-0.894528
-0.968200
0.858699
-0.614978
0.174291
-0.269997
-0.388165
0.171728
-0.764824
0.546678
-0.194922
-0.471541
-0.437605
0.597034
0.985839
-0.731864
0.186316
0.294534
0.147435
0.535813
0.507981
-0.724235
0.478927
0.611927
0.247658
-0.845576
-0.305887
-0.387066
-0.475692
-0.261513
0.142857
-0.116672
-0.319010
-0.064364
-0.919309
0.145726
0.877316
-0.673757
-0.821955
0.292825
-0.491440
0.727775
0.984802
-0.724418
-0.251137
-0.914060
0.508164
0.695425
-0.708975
0.004608
0.957945
0.361370
-0.227821
-0.851131
-0.480941
-0.390179
-0.192175
-0.402570
0.438826
-0.897580
-0.458541
0.154942
-0.549547
-0.758477
-0.005524
-0.625050
-0.362651
0.382977
-0.628895
0.995361
0.696890
0.829218
0.490036
-0.468551
-0.582568
-0.805536
0.490829
-0.392865
0.938292
0.834468
0.361919
-0.726737
0.102634
0.688040
-0.841792
0.436689
-0.305460
0.958129
-0.085360
-0.154576
0.271584
-0.802667
0.323527
-0.530259
0.200354
-0.515366
-0.894955
-0.201453
-0.446272
0.982849
0.895016
0.738151
0.907651
-0.175573
0.301431
-0.366314
-0.893063
-0.657949
-0.342265
-0.346171
-0.466659
0.407514
0.492782
0.077609
0.066622
-0.355754
0.666982
0.549120
-0.106113
0.681326
0.969420
0.238624
0.460555
-0.869869
-0.567064
-0.977477
0.371136
0.982788
-0.578356
0.711966
-0.117405
-0.839228
0.627125
-0.234657
0.480453
0.260414
0.222633
0.200720
-0.402875
-0.967345
-0.696341
-0.441633
-0.511948
0.370281
-0.513413
-0.381085
-0.964660
0.466292
0.089450
0.108127
-0.639332
-0.058565
-0.482589
-0.055574
-0.689566
-0.219703
-0.139744
0.791864
0.763787
-0.450117
0.693350
0.829951
-0.945677
0.194800
0.513352
0.039277
-0.906125
-0.156285
0.305338
-0.249184
0.304361
-0.456587
0.959838
0.605579
-0.865780
0.345744
0.533738
-0.017304
0.444746
-0.267434
0.095431
-0.384198
-0.209876
-0.399274
0.039033
0.311441
-0.573168
0.415326
-0.298929
0.757439
0.865596
-0.351238
-0.547105
0.235145
-0.068453
0.058931
-0.550279
0.039460
0.483810
-0.818476
-0.847652
0.532212
-0.421674
0.714957
-0.368267
0.550279
0.444929
0.655507
0.770013
-0.802728
-0.091586
-0.750786
-0.141575
-0.179357
-0.927427
-0.768792
0.314066
-0.077181
-0.808527
-0.883297
-0.893857
0.935545
-0.345988
0.206336
-0.532579
0.906186
0.429487
0.196387
-0.105991
-0.902707
0.126072
0.428999
0.219642
-0.248024
-0.746818
-0.959532
-0.055696
0.811945
0.142613
-0.168859
0.937376
-0.575426
0.970458
-0.735038
-0.760613
0.897824
-0.825190
0.161840
0.245888
0.618885
-0.843501
0.115452
-0.737053
0.775872
0.097140
-0.232643
-0.647023
-0.020600
0.557482
-0.459822
0.115085
0.314188
-0.587939
-0.997742
0.996216
-0.186499
0.793634
-0.028108
0.663198
-0.875057
-0.433454
-0.643483
-0.955443
0.330119
-0.314615
0.689016
0.418317
0.509812
0.439436
-0.073824
0.127781
0.179785
0.360881
-0.504318
0.870479
-0.137303
0.115757
0.629994
-0.043184
0.196142
0.061739
-0.339763
0.293802
0.242470
0.918882
0.940428
-0.080660
0.784051
0.682180
-0.335307
0.774529
0.928098
0.212500
0.236366
-0.312662
-0.293558
0.365825
-0.561876
-0.442610
0.189795
0.428449
0.703604
-0.352641
-0.696463
-0.733818
0.506088
-0.394696
-0.488144
0.359111
0.181860
-0.718986
-0.626392
0.609546
0.101474
0.394269
0.163854
0.436384
-0.290445
0.903378
-0.380108
-0.956725
0.807672
0.543443
0.616749
-0.742302
-0.407208
0.400311
-0.600269
-0.365459
-0.131077
0.574206
0.264931
0.972045
-0.684439
0.425520
-0.668691
0.724357
-0.046907
-0.473556
0.944334
0.996277
0.902707
0.207862
-0.715323
-0.567980
0.197119
-0.314432
-0.012787
-0.421674
-0.799554
-0.334147
0.892819
0.308573
0.918394
0.032746
0.163121
-0.810236
0.700186
0.639576
-0.756157
-0.828608
0.837764
0.279641
0.659291
-0.784295
-0.745659
0.138585
0.986694
0.584277
0.664113
0.854427
0.740226
-0.153417
-0.003265
-0.918210
0.340373
0.779839
-0.870846
-0.722037
0.064852
0.753166
-0.205969
0.791253
0.350810
0.693594
0.638478
-0.190100
-0.293008
0.760857
0.593799
0.865230
0.421613
-0.848262
0.804010
0.745842
-0.553331
0.788385
-0.846919
-0.213965
-0.890255
-0.091952
-0.559374
0.030793
0.798761
-0.831477
-0.129551
-0.605396
-0.724479
0.543626
-0.870296
0.085116
0.325236
0.342265
0.672292
0.221473
-0.349651
-0.140904
-0.199744
-0.271096
-0.858150
0.403668
0.515427
0.223060
-0.973327
0.646168
-0.416669
-0.203345
-0.875973
-0.075167
0.883724
0.497848
0.865474
-0.711539
-0.031526
0.406842
0.111850
-0.144444
0.013825
0.214148
0.414899
-0.649342
-0.328532
0.552416
-0.556932
-0.381146
-0.480758
0.012482
-0.528184
-0.927976
0.704642
-0.439009
0.598804
-0.586657
-0.193335
0.710318
-0.506699
-0.565722
-0.860836
-0.227332
-0.216407
0.447371
0.376690
0.848140
0.552477
0.524583
-0.587024
-0.215552
0.989074
0.748650
-0.366619
0.616688
0.434065
-0.051851
0.247108
0.297464
0.170263
-0.424421
0.675222
-0.988159
-0.761101
0.499435
0.239113
0.716666
-0.761101
-0.817560
0.226417
0.759392
-0.032807
0.543077
-0.186377
0.412336
0.203284
0.214637
0.833613
0.010346
0.103183
0.308573
0.680471
-0.364055
0.520676
-0.700247
-0.564806
-0.999695
0.141270
-0.259072
0.945860
-0.801996
-0.981567
0.946104
0.327860
-0.291787
0.900632
0.507370
-0.324442
-0.121921
-0.632191
0.020112
0.591845
-0.021577
0.829585
-0.776666
0.486862
0.773675
0.737663
-0.671987
0.715079
-0.746574
0.423383
0.539415
0.902585
0.233863
0.091403
-0.474044
0.237159
0.007660
0.020112
0.379009
0.879086
-0.956053
-0.684072
-0.112339
0.600635
-0.162206
-0.837031
0.788324
-0.190405
-0.781549
0.850764
0.620716
0.964904
0.449446
0.804376
-0.904172
0.434797
0.754143
-0.997620
-0.756096
0.851924
0.822260
-0.746696
-0.539476
0.111301
0.327799
-0.191259
-0.276284
0.676565
-0.688772
-0.793695
-0.142003
0.900754
0.683340
-0.977599
0.580859
0.176122
-0.274514
-0.623585
-0.979675
-0.186621
-0.553148
0.661916
0.964171
0.600513
-0.232887
-0.913877
-0.463240
0.722587
0.494980
0.338908
-0.192785
0.330058
0.386944
-0.378033
0.309671
-0.360942
0.073519
0.373455
0.834101
-0.344462
-0.468856
0.712333
-0.268410
-0.150609
-0.291787
0.363018
-0.643178
-0.696219
-0.030854
-0.753533
0.342875
0.209510
0.868160
0.841792
-0.012848
0.382122
-0.633778
0.270669
0.528977
-0.371136
-0.367351
0.595630
0.266335
0.015900
0.164342
0.815424
0.880123
0.973449
0.969115
-0.109653
-0.512070
0.570605
-0.456465
-0.885556
0.956236
-0.441511
-0.258705
0.634571
0.015961
0.601062
0.707450
-0.760979
-0.280923
0.125584
0.871212
-0.148350
-0.505295
-0.740898
0.905759
0.720634
-0.489914
0.256142
0.870785
-0.834895
-0.540086
0.054720
-0.609241
-0.829890
0.589831
-0.940367
-0.022187
-0.729118
0.705252
-0.258705
0.365093
0.711722
0.584521
-0.071688
-0.006378
-0.855708
0.731864
0.681936
0.079379
0.695181
-0.704520
-0.770623
-0.544359
0.786309
0.008393
-0.725761
0.816950
-0.797235
-0.982604
-0.444990
-0.434553
-0.954955
-0.657460
0.571032
-0.353252
-0.353435
-0.029328
0.104160
-0.499619
0.960265
0.637318
0.829157
0.726554
-0.680044
-0.091464
0.081881
0.534104
-0.288003
0.512131
0.169591
-0.797967
0.751030
-0.784478
0.187963
0.276894
-0.859066
0.319987
-0.367718
0.582018
0.234718
-0.111911
0.118503
-0.530076
-0.379925
-0.912168
-0.082492
-0.493393
-0.259682
0.574633
0.964782
0.717704
-0.849300
0.258095
0.568224
0.173009
0.946959
-0.082614
-0.816889
0.612293
-0.516526
0.452132
-0.318888
0.515976
0.226722
-0.346660
0.765740
0.674001
0.064364
-0.643361
-0.386212
0.288980
0.073519
-0.587817
-0.679373
-0.557176
-0.973937
-0.851924
-0.588305
0.744804
-0.814814
-0.738456
0.753410
-0.917722
0.895016
-0.272683
-0.484603
0.652760
0.279397
-0.256630
0.092013
-0.846248
-0.207617
-0.162633
0.927000
0.645009
0.082919
-0.203833
0.241615
-0.342998
-0.852351
0.043306
-0.101596
-0.458907
-0.017609
0.083834
-0.115329
0.661428
0.119907
-0.027009
0.624256
0.699576
0.762200
-0.270730
0.561022
-0.182592
-0.123325
-0.895138
0.515427
-0.887692
-0.607898
-0.471053
0.601978
0.486373
-0.332316
0.571093
0.754509
0.589892
0.650258
0.034761
0.732963
0.924436
-0.899106
0.136326
-0.049715
-0.483261
0.200781
-0.165441
0.028047
0.600391
-0.038301
-0.338786
0.487167
0.396588
-0.695669
0.667470
-0.504135
0.264504
-0.759453
0.666311
0.933714
-0.642811
-0.065767
0.898190
0.982421
-0.596912
0.088900
0.210364
0.817560
0.961425
-0.322855
0.905393
-0.640553
0.093234
-0.747002
-0.397687
0.119175
-0.650807
0.003204
0.891598
-0.229163
0.430464
0.149815
-0.296060
-0.156102
0.287088
0.104831
0.199927
-0.935789
-0.862423
0.700369
-0.713675
0.553880
-0.648122
0.230018
0.970946
0.675649
-0.760430
0.339946
0.620838
-0.994934
0.975707
-0.885006
-0.642323
-0.434004
-0.474715
0.684194
0.868648
-0.382061
-0.670705
0.993164
0.769158
0.290262
-0.040864
-0.150243
0.740471
-0.065706
0.275674
-0.945616
0.180273
-0.830195
-0.923093
0.185583
-0.005829
0.820307
-0.835505
-0.611866
0.944945
0.394757
-0.115513
0.603687
0.017060
0.324870
0.989319
-0.376751
-0.101108
0.132847
0.697867
0.709952
-0.772759
-0.685171
0.540696
0.557176
-0.943052
0.803278
0.325419
-0.615284
0.154881
0.119907
0.962401
0.485092
-0.901242
-0.083529
-0.248573
0.340129
0.384747
0.904111
-0.747551
0.141209
-0.906796
0.554552
0.530442
0.643300
-0.470199
-0.195593
0.559191
-0.320597
-0.229835
-0.807855
0.699087
0.403241
-0.860714
-0.620655
0.817194
-0.902707
0.077975
0.777581
-0.983581
-0.894894
0.090854
-0.205542
-0.780755
0.890500
0.080844
-0.643422
0.157018
0.381634
-0.214331
-0.376263
-0.029084
-0.077059
0.283914
0.352947
0.770196
0.695730
0.148839
0.990112
-0.974303
0.013703
-0.714957
0.671682
-0.827998
0.045442
0.437788
-0.235267
-0.544481
0.732841
-0.974059
-0.728202
-0.178014
0.630970
0.202429
-0.666616
0.231910
0.054048
-0.742363
0.681265
-0.113498
0.879269
0.352031
0.348552
-0.692312
0.926389
-0.488327
-0.614185
0.285440
-0.504685
0.596973
-0.963561
0.198218
-0.764641
-0.496384
0.905271
0.019257
-0.469588
-0.866634
0.443037
0.833186
-0.106662
0.356792
-0.513535
-0.496994
-0.026826
-0.809381
0.499252
0.353313
-0.143895
0.336833
0.066561
-0.633595
0.786493
0.010407
-0.660756
0.567064
-0.761834
0.527940
-0.896603
-0.024689
-0.722098
-0.607532
0.391278
0.923643
-0.891781
-0.526170
-0.959899
-0.482711
0.479659
-0.402936
-0.842280
0.266701
-0.548875
-0.269997
0.549974
-0.597400
0.135472
-0.281716
0.028779
-0.768181
-0.081149
0.662770
0.305521
0.644154
-0.831111
0.419965
0.084628
-0.390484
0.657460
-0.889340
0.103488
-0.694143
-0.639393
-0.588427
-0.387860
0.590442
0.264626
-0.230079
0.564745
0.606494
-0.225440
-0.328227
0.357646
-0.278237
-0.435347
-0.272805
-0.110996
0.612659
0.552538
0.363872
0.075716
-0.286843
0.126865
0.140721
-0.047456
0.130894
0.611682
-0.784967
-0.564440
0.651296
0.986084
-0.740410
0.709403
0.335063
-0.044832
0.669973
0.120151
0.118198
0.288675
0.688711
0.348003
-0.669607
0.031953
0.037263
-0.172216
-0.174047
0.691702
0.925535
0.309000
-0.462630
0.139317
-0.272317
-0.762017
-0.886959
0.905454
0.495773
-0.273904
0.793085
0.347087
0.440352
0.806269
-0.986206
0.700858
0.972289
-0.840144
0.483932
-0.063631
-0.889523
-0.784783
-0.978454
0.226722
-0.004913
-0.084201
-0.099277
0.975219
-0.909055
-0.032197
-0.945982
0.346782
0.573168
0.249855
0.977905
0.731742
-0.382977
-0.205542
0.657216
-0.456221
0.528123
0.908383
0.492172
-0.550035
-0.030061
0.092929
0.345256
0.707694
-0.772576
0.623707
0.790094
0.018036
-0.309122
-0.273721
0.511704
-0.269021
-0.596484
0.353008
0.646901
-0.762566
-0.441633
-0.604846
0.856075
0.887265
0.154332
-0.406232
0.842830
0.092563
0.927000
-0.475875
0.625477
-0.099521
0.075594
-0.507309
-0.739006
-0.941954
-0.086093
0.061373
0.505844
0.788934
-0.821589
0.643117
0.076083
0.579882
-0.132420
0.168249
-0.386700
-0.613330
-0.889706
-0.945799
0.573107
-0.683035
0.740654
0.049715
-0.470077
0.847591
-0.472335
-0.248878
0.686941
0.051729
0.604236
-0.359539
-0.491928
-0.948851
-0.242836
0.361187
0.127293
-0.311869
-0.035981
0.569750
0.403729
-0.162023
-0.378277
0.694998
0.564745
-0.846919
-0.796197
-0.121494
0.909238
-0.572985
0.450056
0.766900
-0.681936
-0.653676
-0.809626
0.056246
0.663198
0.719474
-0.896908
0.993835
0.531114
0.589892
-0.373943
-0.775323
-0.569811
-0.885372
0.326395
-0.846126
-0.979492
-0.279946
0.650624
0.329203
0.946348
-0.945006
0.445845
-0.163915
0.563829
0.987732
-0.270119
0.714286
0.512497
0.057405
-0.019990
0.870968
-0.756951
0.497665
0.267739
0.231727
-0.355510
0.498398
0.630360
0.803217
-0.205664
-0.871578
-0.106967
-0.301370
-0.537217
0.356792
-0.189001
0.879940
-0.800836
-0.179785
0.903012
0.009430
-0.634571
0.162267
0.340800
0.758232
0.452010
-0.456709
0.194800
-0.113742
0.872494
0.427961
-0.557726
-0.517685
0.930601
0.649709
0.299661
0.800958
-0.043855
-0.122349
0.585681
-0.554491
-0.769280
-0.473128
-0.252663
0.639821
0.672964
0.384198
-0.239051
0.514817
-0.910825
0.697867
-0.397137
0.293069
0.801874
0.283425
-0.447066
-0.440229
0.358806
0.761345
0.462691
0.634816
-0.455061
0.777947
0.745598
0.886532
-0.650502
-0.262612
0.730644
-0.066744
0.708365
-0.205359
-0.561876
0.844478
0.847835
-0.687124
-0.183081
0.746330
-0.399457
-0.027009
0.937925
0.368633
0.436201
-0.751274
0.820307
0.841731
-0.132542
0.386151
-0.687735
0.766472
-0.030915
0.062349
0.186560
-0.777154
0.263649
0.640126
-0.210974
0.550218
0.352702
-0.689688
0.321390
0.007111
-0.078524
0.870724
0.250282
-0.071810
-0.581469
-0.544481
0.051119
0.161229
-0.088595
0.031648
-0.219825
0.285623
-0.539476
-0.173864
0.192541
0.286111
0.369427
0.438276
-0.276406
0.498520
0.510971
-0.265175
0.758415
0.477035
-0.003754
-0.370342
0.249672
-0.257424
-0.297342
0.029267
-0.510788
-0.385479
0.317728
0.607410
-0.833247
-0.856868
0.136631
-0.005646
0.068819
-0.499863
-0.268349
0.270608
-0.142430
-0.099826
-0.743339
-0.075350
0.613575
-0.675771
0.866329
-0.884396
-0.983520
-0.516892
-0.207434
0.362407
0.620045
0.377422
-0.497177
-0.244606
0.640431
-0.086032
0.503037
-0.361614
-0.087741
-0.335551
-0.221778
0.436262
-0.846248
-0.991638
0.591845
0.673818
-0.513535
0.532884
0.479293
-0.245460
-0.430036
0.943724
0.336222
-0.225135
0.073397
0.047884
0.561022
-0.856990
-0.060335
-0.465804
-0.304849
0.950621
0.755486
-0.569445
-0.062777
0.359783
-0.436262
0.577013
0.107639
0.360576
0.567614
0.055757
-0.989563
0.846187
-0.631825
0.379376
0.055879
-0.566637
0.774163
-0.534532
-0.931394
0.593860
0.162023
0.011505
-0.945799
-0.228919
-0.988159
0.642323
-0.877865
-0.752434
-0.735221
0.450850
-0.526109
0.010895
-0.370647
-0.549120
0.489303
0.097079
0.423750
0.118809
0.261391
-0.678518
-0.502853
0.718314
-0.867977
0.105014
0.730338
0.449263
-0.396588
-0.269387
-0.827326
-0.635487
0.055940
0.927732
-0.481429
0.126804
-0.474654
-0.048006
0.350627
0.537828
-0.902951
-0.500656
-0.194617
-0.982116
-0.445723
0.396405
-0.874752
-0.879879
0.650441
-0.454390
0.465560
0.826899
0.220069
0.663869
-0.957274
-0.997864
0.701712
0.199622
-0.819330
0.318033
-0.990112
0.863826
-0.413251
-0.031648
0.334941
0.477828
0.378826
-0.060335
0.681814
0.138096
-0.654653
0.708914
0.500595
0.951659
-0.650746
-0.628895
-0.113315
0.153050
0.187475
-0.594043
-0.392621
-0.726737
-0.785699
-0.374248
-0.287027
-0.246681
-0.197851
-0.469100
-0.479171
-0.018647
0.061251
0.509629
0.716422
-0.579943
0.365398
0.882382
-0.067782
0.882015
0.239906
0.310770
-0.911496
0.308573
0.120029
0.095309
-0.175878
-0.591784
-0.923582
-0.626392
-0.142613
0.598132
-0.781121
0.551500
-0.151524
-0.910825
-0.967040
-0.186071
-0.359844
0.771172
0.817743
0.245338
-0.854244
-0.716544
0.740410
-0.719718
0.051363
0.799493
-0.709403
-0.456648
0.861568
-0.606433
-0.958068
0.156285
-0.736686
-0.795160
0.464278
0.490890
0.304910
-0.936460
-0.359478
-0.392987
0.231483
0.433088
0.645314
-0.285379
-0.312479
-0.922605
0.838496
-0.685537
-0.994812
0.713675
0.145482
0.389325
0.745903
-0.617176
0.956908
-0.623768
-0.973449
0.069308
-0.295572
-0.794305
-0.273965
-0.376141
0.074740
0.197302
0.258766
-0.419111
0.450056
-0.971679
-0.442427
-0.413862
-0.804254
0.904782
-0.051180
0.808527
0.500168
0.742058
0.955260
-0.200171
-0.336772
0.828974
-0.227821
-0.709464
-0.297952
-0.722037
-0.850581
0.074129
-0.531114
0.158544
0.450423
-0.918699
0.141636
0.256691
-0.987304
0.855159
0.298074
-0.400983
-0.023530
0.156163
0.764763
0.016144
0.640187
0.814447
-0.645985
0.822748
0.141758
-0.911802
-0.113559
-0.849727
0.059359
-0.872738
0.479843
0.870174
0.505600
-0.697562
-0.274697
0.098788
-0.914792
0.667531
0.713065
-0.149815
0.912290
0.221412
0.501267
0.648915
-0.781854
0.473983
-0.569506
-0.198462
0.172399
-0.038423
-0.965758
-0.380902
0.243324
0.791314
0.540819
-0.428449
-0.180151
0.747917
0.829890
-0.516099
-0.535081
0.283914
0.406476
-0.172155
-0.982543
0.136082
0.387616
0.015290
0.705741
-0.212195
-0.352641
-0.018281
-0.767144
-0.001679
-0.146336
0.967833
-0.350383
0.129856
-0.072115
0.190466
0.629139
-0.018830
0.721915
-0.349956
0.188513
0.567186
0.460616
-0.341044
-0.016327
0.397748
0.554491
0.107517
0.491134
0.379681
0.242958
0.770379
0.551683
-0.076510
-0.119419
0.468612
-0.344584
0.983947
0.963378
0.466292
0.339763
-0.400372
0.680532
0.787469
-0.148839
0.104709
0.444624
0.257241
-0.480087
-0.685110
-0.236000
0.702994
0.493515
-0.632984
-0.922788
-0.967711
-0.230995
0.853633
0.578967
-0.968627
-0.159154
-0.951720
-0.631031
-0.351604
0.108921
-0.266091
-0.331706
-0.804132
-0.674734
0.714103
0.423383
-0.385784
0.692557
0.823298
-0.189367
0.893368
0.929991
-0.240394
-0.643300
-0.474471
0.112888
-0.211890
0.617298
-0.244057
-0.170873
0.464705
-0.675466
0.402326
0.576586
0.889340
0.922910
-0.748466
-0.119785
0.975768
-0.809259
0.986755
0.148228
0.945860
0.444929
-0.087924
-0.329875
0.692068
0.511093
-0.542528
-0.576769
-0.168615
0.444624
0.442000
0.849727
-0.323405
0.863338
-0.149571
-0.929075
0.888180
0.416425
-0.939756
-0.544542
0.906186
0.361736
0.196387
-0.267129
-0.799982
-0.293313
0.428999
-0.619861
0.116855
-0.993713
-0.360210
-0.762871
0.967895
0.358257
0.427778
-0.102634
-0.548631
0.215552
-0.250710
0.582324
-0.349834
0.137181
-0.959227
-0.896298
-0.692923
-0.701346
-0.184118
0.879269
-0.315104
-0.555040
0.016877
0.570727
0.499374
-0.219092
-0.905942
0.273354
0.485641
0.313150
-0.039766
0.996216
0.596850
0.867244
0.697317
0.568041
0.118870
0.042024
-0.054964
-0.145238
0.712394
-0.946776
-0.706412
-0.599109
0.509812
0.629017
-0.073824
-0.558275
-0.251503
0.432173
0.033357
0.463912
0.399701
0.906491
0.821345
-0.284219
-0.830683
-0.501877
0.474715
0.459883
-0.038606
0.357646
-0.665212
0.917600
-0.611438
0.682180
-0.983154
0.774529
-0.506882
-0.468429
-0.707266
0.867122
-0.293558
0.994568
-0.309854
-0.966918
0.791009
0.324381
-0.179540
0.819697
-0.355327
0.174780
-0.912412
0.543382
0.588061
-0.722404
0.453047
0.810785
0.143773
-0.337687
-0.806207
0.111728
0.135533
0.120518
0.990112
-0.682730
-0.829585
-0.819086
0.807672
-0.147740
-0.387188
-0.084689
0.029878
-0.585498
0.479720
-0.953856
0.309061
-0.611744
0.991699
-0.712821
-0.084384
0.008698
-0.026582
-0.006439
0.203711
-0.157201
-0.673696
-0.097385
0.417280
-0.324564
0.911557
0.931883
0.959227
0.783441
-0.065706
-0.277200
0.248085
-0.934263
0.040925
0.913633
0.372723
-0.004120
0.366680
0.692434
0.937742
-0.563280
0.681570
-0.504318
-0.213355
0.606800
-0.152989
-0.115329
0.838801
0.952025
0.342814
0.284646
-0.662709
0.796564
-0.593310
-0.416669
-0.542405
-0.065584
-0.955443
-0.618580
0.517930
0.244667
-0.183203
-0.197790
-0.189062
0.702994
0.510056
-0.413190
-0.796625
0.046236
-0.943785
0.345256
0.593799
-0.388775
0.031831
0.901486
-0.943113
0.022248
-0.837764
-0.279519
0.353496
-0.078280
-0.097690
-0.908383
0.323405
-0.550401
-0.240150
-0.970641
-0.073336
-0.399457
-0.258156
0.015351
0.822565
0.269631
0.869747
0.329264
-0.008515
0.221473
-0.006684
0.420820
-0.378704
-0.986084
-0.685598
0.282144
0.879452
-0.228004
0.787774
0.364849
-0.825617
0.955138
0.764153
-0.994079
0.578234
-0.386456
0.099582
0.991699
0.106418
0.243080
-0.778191
-0.608570
-0.239113
-0.563219
0.081393
-0.615162
0.920896
-0.553087
-0.476241
0.739494
-0.160070
-0.737602
-0.149876
-0.877987
-0.185400
0.764092
0.452986
0.882076
0.671010
0.317301
0.965697
-0.628407
-0.860836
-0.372051
0.314798
-0.079501
-0.276894
-0.772881
0.772210
0.647328
-0.773675
0.218360
-0.556627
-0.801691
-0.366619
0.435224
0.741813
0.203406
0.539781
-0.360088
-0.979858
-0.617420
-0.637623
-0.916623
-0.047090
-0.418195
-0.149632
-0.229408
-0.727653
0.652699
0.302042
-0.398358
-0.697989
-0.433271
0.646229
-0.736747
-0.726920
0.562487
0.727042
0.110263
0.759209
-0.247780
0.552599
-0.248390
-0.718314
-0.890744
0.379192
0.322184
0.964049
0.368816
-0.540391
0.395611
-0.252480
0.755486
-0.564989
-0.931028
-0.503769
0.507370
-0.443342
-0.265603
0.230323
-0.095126
-0.382672
0.215247
0.737114
0.078585
-0.042573
0.910581
-0.757500
0.959838
