-0.823725
-0.885311
-0.138340
-0.070162
0.575121
-0.484115
0.265603
-0.780206
0.515305
-0.838313
-0.787042
-0.835932
-0.559862
-0.559191
0.331889
0.175878
0.669057
-0.309854
-0.788629
0.132786
-0.131016
0.753716
-0.581652
-0.601306
0.989807
0.699698
0.389996
-0.002716
0.061129
-0.827021
-0.470321
-0.791559
-0.646168
0.234718
-0.749077
-0.404828
0.122776
-0.756157
0.073946
-0.298624
0.649525
-0.648305
0.775811
-0.246498
-0.645741
-0.684133
-0.686514
0.776238
0.388409
-0.011383
-0.181494
-0.936705
0.301614
-0.796014
-0.021332
0.744377
-0.929014
0.826106
-0.963134
0.073946
0.915525
-0.019135
-0.178014
0.673452
0.442915
-0.834346
0.452620
-0.311014
0.657826
-0.032014
0.308634
-0.739921
-0.378521
-0.849116
-0.756706
-0.351604
0.231788
-0.248024
0.943113
-0.569018
0.681936
0.738090
-0.334452
0.159398
-0.075838
-0.386944
-0.409101
0.780816
-0.756157
-0.458968
-0.656789
0.647816
0.015107
0.895260
0.564074
0.355266
0.208472
-0.569567
-0.076937
-0.894162
-0.411908
-0.817133
0.973754
-0.966674
-0.327616
-0.922361
-0.095248
-0.678091
-0.404035
-0.840022
-0.408734
-0.747612
0.542344
-0.062166
-0.705191
0.989380
-0.251015
0.598071
0.825190
-0.038423
-0.602832
-0.145970
0.384198
0.391400
-0.819269
-0.055147
0.953063
-0.419721
-0.034516
0.790643
0.347148
-0.109592
0.200598
-0.255104
-0.691031
0.752861
-0.087619
0.020295
0.149632
-0.195715
-0.963622
-0.134007
0.475631
0.356731
-0.561205
-0.552171
-0.796808
0.373455
-0.573656
0.090182
0.758843
-0.535386
0.045686
-0.744194
-0.368633
0.061739
0.949095
0.736320
-0.557237
0.009857
0.713004
-0.297647
0.875607
-0.188879
-0.440779
-0.428510
0.278420
-0.127598
0.922300
-0.391156
0.076510
0.837825
0.795099
0.775018
-0.356304
0.479293
-0.225806
0.408490
-0.729972
-0.960814
-0.665334
-0.707389
-0.070650
0.420148
-0.951231
-0.807489
0.431806
-0.484848
-0.356182
0.460616
-0.842586
-0.085055
-0.555406
0.442183
0.159581
0.854976
0.049593
0.162450
0.778497
0.020966
-0.423017
-0.694632
0.300699
0.633900
0.666860
0.278115
0.845393
0.332499
0.740471
-0.695975
-0.225990
0.830012
-0.457015
0.685781
-0.287454
0.922727
0.068758
-0.048128
-0.520920
-0.183447
0.195532
-0.267678
-0.824030
-0.681936
-0.064974
0.968871
0.510605
-0.357158
-0.240883
-0.126621
0.357097
0.195593
0.204077
-0.820795
-0.687429
0.496445
0.119480
0.985046
-0.415143
0.569811
-0.642506
0.595264
-0.765191
-0.645863
-0.192236
-0.242836
-0.380352
0.021638
0.417402
-0.999207
0.972533
0.740043
0.989380
-0.818598
-0.236488
-0.160558
-0.879757
0.234107
-0.665822
0.345256
0.566759
-0.820185
0.758538
-0.515122
-0.567858
0.885739
0.871517
-0.635731
-0.943297
-0.000153
0.279763
-0.316996
0.423994
0.087497
0.543260
0.430586
-0.065035
-0.883541
0.884335
-0.041292
-0.298990
-0.198889
0.818171
-0.678152
0.840999
0.294839
0.024812
0.631153
-0.919919
0.132969
-0.728385
0.227393
0.464461
-0.251137
-0.780267
-0.662526
0.038911
-0.813349
0.193945
-0.734428
0.918088
0.964904
0.473556
0.308206
-0.271462
0.480941
-0.613147
0.381756
-0.850948
-0.067049
-0.116062
-0.594714
0.744865
-0.461653
-0.756340
0.611194
0.755669
-0.601978
-0.597888
0.606494
0.416181
-0.658376
0.044221
0.699454
-0.358989
0.591418
-0.961547
-0.473983
0.862117
-0.941527
-0.915342
0.748405
-0.325968
-0.449080
-0.956542
-0.810114
0.621204
0.687368
-0.667226
-0.973632
-0.109836
0.166784
-0.593860
-0.451827
-0.961791
0.391339
0.139866
0.575793
0.382183
-0.951598
0.130039
0.803217
-0.849361
-0.849116
0.638295
-0.871456
0.129917
0.171056
-0.655141
-0.058321
-0.989135
0.598376
-0.224769
0.076632
-0.587329
0.449751
-0.932127
0.134251
0.130711
-0.727103
-0.852229
-0.706534
-0.023896
-0.573473
-0.766289
0.534410
-0.319010
0.310587
-0.425825
0.635853
-0.019379
-0.292337
0.153356
0.968078
0.219398
0.723258
-0.035188
0.970885
-0.923826
-0.368145
-0.846553
-0.252358
-0.091342
-0.001312
0.644276
-0.847468
-0.028291
-0.753899
-0.024384
-0.609119
0.422163
-0.180944
0.682730
-0.658559
0.162511
-0.960875
0.614795
-0.796747
0.052767
0.702017
-0.404462
0.899045
0.680471
0.434553
0.461837
0.301920
-0.715995
-0.254189
-0.602100
0.061617
0.658010
-0.261147
0.841426
-0.101291
0.404340
-0.861812
-0.805902
-0.900327
0.914609
0.261940
0.480941
-0.447005
0.102084
0.998962
0.499008
-0.790094
0.610218
-0.964843
0.050386
-0.323588
0.211646
-0.727958
-0.961486
-0.142491
-0.083956
-0.707572
-0.851009
-0.026826
0.069063
0.610340
0.620716
0.460005
-0.479843
0.540880
-0.149998
-0.841548
-0.043428
0.855098
-0.809626
0.487045
-0.026521
0.948424
0.304971
0.645192
0.438948
0.561144
-0.262062
-0.696341
0.742363
-0.904965
0.928831
0.063692
-0.876644
0.605274
0.724357
0.239174
0.865902
-0.847652
-0.997253
-0.319437
-0.020173
-0.622547
-0.692373
-0.563463
-0.592212
0.250282
-0.553758
0.816828
0.589770
-0.714713
-0.753716
-0.845454
-0.437178
-0.075472
-0.823359
0.373394
-0.257851
0.920896
-0.049837
0.923093
-0.788629
-0.032075
-0.080416
0.997681
0.361064
0.115146
-0.352031
0.823298
-0.623829
-0.348857
-0.926023
-0.375103
0.737785
-0.950499
0.138218
-0.072481
-0.404279
0.588061
-0.132786
0.516343
-0.931944
0.098239
-0.866878
-0.371807
0.943297
-0.974609
-0.006134
0.741691
-0.784173
0.832148
0.800226
0.176855
0.408551
-0.406171
0.731498
0.970641
-0.541063
0.369304
-0.928709
0.045808
0.648610
-0.727653
0.215308
-0.249550
-0.665151
0.274880
0.370586
-0.564684
-0.785760
-0.944395
0.055513
0.368999
-0.898556
-0.902097
-0.492355
0.385784
0.456465
-0.479720
0.927549
-0.200415
0.725578
0.993408
0.466414
0.626637
0.971923
-0.186926
-0.776849
0.127110
0.289468
-0.001495
0.963256
0.233131
-0.516831
0.794916
0.192358
0.640675
-0.080172
-0.480331
-0.511155
0.911435
0.574389
0.187475
-0.946043
-0.729972
-0.096042
-0.561144
-0.325968
0.857356
0.473067
0.624500
0.686575
0.976440
0.239540
0.803949
-0.360393
-0.387249
0.616443
0.707327
-0.210303
0.180334
0.092380
0.941465
-0.093783
0.703116
-0.831355
-0.028474
0.279763
0.018342
0.838435
0.626820
-0.270852
0.411176
-0.868709
-0.586413
-0.657033
0.269265
0.547288
0.539293
-0.887448
0.364971
0.369976
0.619861
0.631275
-0.347819
0.635426
0.167516
0.438520
-0.309000
-0.117527
0.265114
-0.861446
-0.292398
0.378460
0.549608
0.639821
0.233863
0.722709
-0.644093
0.261086
-0.841487
-0.504013
-0.116367
-0.463607
-0.317057
0.540452
0.333964
0.881710
-0.005341
0.027009
0.308084
-0.176855
-0.007416
0.564562
0.688711
0.309427
0.840754
-0.590014
-0.006561
0.896908
-0.284158
-0.004791
0.290139
-0.953124
-0.268288
-0.974425
0.577746
-0.752739
0.740776
0.430708
0.416303
0.717277
-0.253517
0.014252
-0.370830
0.893918
-0.945372
-0.039460
0.809442
0.004303
0.659658
0.842158
0.558763
0.893185
-0.059175
-0.147618
-0.344218
0.725517
-0.551317
-0.335124
0.995056
-0.931883
-0.099277
-0.863338
0.438581
0.701895
0.654225
0.220557
0.880490
-0.811579
-0.672231
0.751335
0.432173
0.639882
-0.603565
0.151769
0.427595
-0.026887
-0.931700
-0.814875
-0.614368
-0.867672
0.034761
0.530503
-0.613269
0.598865
-0.294778
0.916807
-0.423078
0.539476
-0.411725
0.045991
-0.925962
-0.402570
0.649709
-0.303629
-0.509140
0.321512
0.039094
-0.645802
0.008087
-0.493759
0.407880
-0.806574
-0.873836
0.716666
0.808588
-0.039460
-0.062105
-0.443525
0.332804
0.438765
-0.401349
-0.349284
-0.531297
-0.472945
-0.121128
0.828486
-0.039399
-0.511521
0.303934
-0.195654
-0.633106
-0.232215
-0.622059
-0.108737
0.620899
-0.438826
-0.735282
-0.554674
-0.266823
-0.670156
0.339152
-0.473678
-0.009796
0.232337
0.246803
-0.128880
0.433882
0.735954
-0.974242
-0.815485
-0.673757
-0.277261
0.070162
0.211463
0.598560
-0.727165
-0.055757
0.426069
0.546434
0.978881
-0.338176
-0.156407
-0.669607
-0.520981
-0.923521
0.358745
0.526292
-0.457869
0.409284
-0.103793
-0.119846
-0.866756
-0.238014
-0.246681
-0.137852
0.174291
0.018586
0.260292
0.484176
-0.237281
0.853145
0.253945
-0.330546
0.875362
0.829463
0.692862
0.494797
0.521653
0.092685
-0.183630
-0.875790
0.815180
0.762688
-0.642140
-0.826167
0.168310
-0.818903
-0.970336
-0.575243
0.500961
-0.846553
0.656606
-0.823969
0.975219
0.858272
0.121311
0.044404
0.324992
-0.631520
-0.593799
-0.401227
0.273782
-0.336222
0.130650
0.494552
-0.987487
0.567675
0.810297
0.775079
-0.322611
-0.880795
-0.951353
-0.430525
0.226905
0.904111
-0.777581
0.330790
0.946471
0.292581
0.189428
-0.912473
-0.686514
-0.776482
0.213843
0.990478
-0.939512
-0.357707
-0.887570
-0.939634
0.486984
0.402081
-0.842830
0.892392
0.245949
0.198645
-0.264138
-0.293924
-0.360210
0.996094
-0.176428
-0.513901
0.458052
-0.932127
0.746391
0.047334
-0.758843
-0.824458
0.248756
0.618397
-0.381329
0.482223
-0.182531
0.371197
-0.832148
0.853694
-0.072420
0.616810
-0.220191
-0.999634
0.078158
-0.553697
0.153539
0.846492
0.218299
-0.570788
0.961913
0.111728
-0.613819
0.454085
0.776727
0.993408
0.500961
0.384381
-0.870907
0.173193
0.409955
0.600635
-0.768365
0.980468
0.269021
0.526597
-0.336955
0.156529
-0.976928
-0.145421
0.461653
0.679189
0.095492
0.917112
0.761223
-0.629688
0.936522
-0.662465
0.407392
-0.488083
-0.846492
-0.561083
-0.907651
-0.741508
0.313089
0.534227
0.353313
0.135289
0.155065
-0.285684
-0.226966
0.360149
-0.175817
0.477218
0.767571
0.079928
0.003571
-0.608509
0.132603
-0.456709
-0.675832
-0.602771
-0.978210
-0.556444
-0.968383
0.541124
0.938108
0.049226
-0.316202
0.647328
0.764397
-0.132847
0.844356
0.023591
0.055696
0.657949
0.373211
-0.701163
-0.181188
-0.239906
0.684256
-0.938719
-0.890439
0.459151
0.157994
-0.081881
0.814203
-0.044282
0.998901
-0.732292
0.296548
-0.902951
0.373577
0.982788
-0.390973
0.617481
0.450362
-0.933470
-0.663930
0.900998
-0.719901
0.799982
0.232154
-0.692740
0.221656
0.988769
0.981750
0.309977
0.142125
-0.490036
0.077670
-0.359050
0.671926
0.206336
-0.121372
0.822504
-0.907834
0.217383
0.594165
-0.070894
-0.655446
0.755058
-0.279214
-0.693289
0.755913
-0.961974
0.904904
0.582873
-0.736808
0.905026
0.246742
0.217017
-0.443648
0.968505
-0.027802
0.909238
0.608997
0.794183
-0.645314
-0.920530
0.266518
0.177709
0.752739
-0.736259
0.582812
0.576891
-0.772515
0.448164
0.488266
-0.709830
-0.669790
0.043245
0.837275
0.602710
-0.228980
-0.535569
-0.932554
0.538255
-0.152684
-0.217811
-0.233924
0.026399
0.985290
-0.728202
-0.514634
-0.471419
-0.171178
0.095981
-0.817927
0.088717
-0.243385
0.526109
-0.016083
-0.630299
0.867672
-0.152684
0.680898
0.209510
0.775384
-0.894528
0.771966
0.858699
-0.614978
0.174291
0.294290
-0.388165
0.156407
-0.764824
0.546678
-0.194922
-0.471541
-0.437605
0.597034
0.195288
-0.731864
0.186316
0.294534
0.147435
0.535813
0.507981
-0.724235
0.478927
0.611927
0.247658
-0.845576
0.841792
-0.409040
-0.475692
-0.681448
0.142857
-0.116672
-0.319010
-0.064364
-0.919309
0.145726
0.877316
0.170507
-0.821955
0.292825
-0.491440
0.727775
0.984802
-0.902463
-0.251137
-0.746696
-0.130406
0.695425
-0.396222
0.004608
0.957945
0.361370
-0.716117
-0.851131
-0.480941
-0.390179
-0.192175
-0.402570
0.438826
-0.897580
-0.458541
0.154942
-0.549547
0.868160
-0.005524
-0.917356
-0.362651
0.382977
-0.628895
0.658254
0.696890
0.829218
0.490036
-0.468551
-0.731193
-0.805536
0.844050
-0.392865
0.938292
0.834468
0.361919
-0.726737
0.102634
0.688040
-0.841792
0.436689
-0.305460
0.958129
-0.631581
0.774651
0.271584
-0.802667
0.323527
-0.530259
0.200354
-0.515366
-0.894955
-0.201453
-0.446272
0.982849
0.895016
0.738151
0.907651
0.488754
0.301431
-0.366314
-0.893063
-0.657949
-0.342265
0.705985
-0.790460
0.407514
-0.277322
-0.327799
0.066622
-0.032441
0.666982
0.549120
-0.106113
0.681326
0.969420
0.238624
0.460555
-0.869869
-0.567064
-0.977477
-0.273293
0.982788
-0.578356
0.711966
0.106357
-0.839228
0.627125
-0.234657
0.480453
0.260414
0.961119
0.200720
-0.402875
-0.967345
-0.696341
-0.441633
-0.511948
0.370281
-0.110446
-0.381085
-0.964660
0.466292
0.251747
0.108127
0.588244
-0.641469
-0.482589
0.069918
-0.689566
-0.219703
-0.139744
0.791864
0.763787
-0.450117
0.693350
0.829951
-0.945677
0.194800
0.298563
-0.172277
-0.906125
-0.156285
0.305338
-0.249184
0.304361
-0.456587
0.959838
0.605579
-0.865780
-0.949156
0.533738
-0.017304
0.444746
-0.267434
0.095431
-0.384198
-0.209876
-0.399274
0.039033
0.311441
-0.573168
0.415326
-0.298929
0.757439
0.865596
-0.351238
-0.660756
0.235145
-0.068453
0.058931
-0.519761
0.039460
0.483810
-0.818476
-0.608509
0.532212
-0.030549
0.714957
-0.368267
0.550279
0.444929
0.655507
0.770013
-0.802728
-0.091586
-0.750786
-0.141575
-0.179357
0.658010
-0.768792
0.314066
-0.077181
0.045320
-0.883297
-0.893857
0.888180
-0.205481
0.206336
-0.633778
0.906186
0.429487
0.196387
-0.105991
-0.902707
0.126072
0.428999
0.355876
-0.248024
-0.746818
-0.695486
-0.055696
0.811945
0.142613
-0.168859
0.937376
-0.575426
-0.541551
-0.735038
-0.760613
0.897824
-0.204260
0.161840
0.797296
0.119724
-0.843501
0.115452
-0.737053
0.775872
0.097140
-0.232643
-0.647023
-0.020600
0.557482
-0.341716
0.115085
0.314188
-0.587939
0.722098
0.996216
-0.186499
0.793634
-0.028108
0.663198
-0.875057
-0.433454
-0.643483
-0.955443
-0.608875
-0.314615
-0.717521
0.418317
0.509812
0.439436
0.828303
0.127781
-0.929563
0.339213
0.154210
0.870479
-0.137303
0.115757
0.629994
-0.050752
0.196142
0.061739
-0.339763
0.293802
0.242470
0.918882
0.940428
-0.080660
0.784051
0.682180
-0.335307
0.774529
0.928098
0.212500
0.236366
-0.312662
-0.293558
0.365825
0.737846
-0.442610
-0.496689
0.428449
0.703604
-0.352641
-0.696463
0.635060
0.506088
-0.394696
-0.106052
0.169408
0.181860
-0.718986
-0.626392
0.609546
0.369976
0.394269
0.766900
0.436384
-0.290445
0.903378
-0.380108
0.873836
0.807672
0.543443
0.616749
-0.742302
-0.407208
0.400311
-0.600269
-0.365459
-0.131077
0.574206
0.264931
-0.094394
-0.684439
-0.342387
0.111240
0.724357
0.304544
-0.473556
0.944334
0.996277
0.902707
0.750786
-0.715323
-0.567980
0.197119
-0.314432
-0.012787
-0.421674
-0.799554
-0.334147
0.461409
0.308573
0.918394
0.032746
0.163121
-0.342448
-0.397137
0.243995
-0.756157
-0.756157
0.465804
0.279641
0.659291
0.333110
-0.745659
0.138585
0.085726
0.584277
0.664113
0.854427
0.911313
-0.153417
-0.003265
-0.918210
0.340373
0.493149
-0.870846
-0.722037
0.064852
0.753166
-0.205969
0.791253
0.350810
0.693594
0.638478
-0.190100
-0.760796
0.760857
0.593799
0.865230
0.421613
-0.848262
0.804010
0.745842
-0.553331
-0.736564
-0.846919
-0.213965
-0.890255
-0.091952
-0.842158
0.030793
0.259621
-0.831477
-0.129551
-0.605396
-0.724479
0.543626
-0.870296
0.085116
0.325236
0.342265
0.672292
-0.484481
-0.349651
-0.140904
-0.199744
-0.271096
-0.858150
0.403668
0.515427
0.223060
-0.973327
0.646168
-0.416669
-0.203345
-0.875973
-0.075167
0.209632
0.497848
0.865474
-0.711539
0.998108
0.787347
0.111850
-0.144444
0.013825
0.214148
0.414899
0.240944
-0.328532
0.552416
-0.556932
-0.381146
-0.480758
0.012482
-0.528184
-0.927976
0.704642
-0.439009
0.598804
-0.586657
-0.193335
0.710318
0.650929
-0.565722
-0.860836
-0.227332
-0.216407
0.447371
0.376690
0.848140
0.552477
0.524583
-0.587024
0.484970
-0.369366
0.748650
-0.366619
0.616688
0.434065
-0.051851
0.247108
0.297464
0.170263
0.265847
0.675222
-0.988159
0.151524
0.499435
0.239113
0.716666
-0.550157
-0.817560
0.226417
0.759392
-0.032807
0.543077
-0.186377
0.412336
0.203284
0.214637
0.833613
-0.444075
0.103183
0.308573
0.680471
-0.025056
-0.924802
-0.700247
-0.564806
-0.999695
0.141270
-0.833918
0.945860
-0.801996
-0.981567
0.368877
0.327860
-0.291787
0.900632
0.507370
-0.757744
-0.121921
0.404523
0.020112
0.591845
-0.021577
0.829585
-0.776666
0.486862
0.773675
0.737663
-0.671987
0.715079
-0.460738
0.911069
0.890194
-0.996399
-0.721305
0.469222
-0.269936
-0.340129
0.599414
0.718497
0.379009
0.879086
-0.956053
0.397320
-0.112339
0.600635
-0.162206
-0.450850
-0.721610
0.814570
-0.781549
0.850764
0.620716
0.964904
0.562426
0.804376
-0.971984
0.289834
-0.667287
-0.997620
-0.756096
0.851924
0.152989
-0.746696
-0.280862
0.111301
0.327799
-0.191259
0.961608
0.726005
-0.688772
-0.793695
-0.895260
0.756890
0.683340
-0.977599
-0.426984
0.176122
-0.274514
-0.623585
-0.979675
-0.999634
-0.553148
-0.077120
0.964171
0.600513
-0.262795
-0.913877
-0.271035
0.580432
0.494980
-0.542711
0.125706
0.550951
0.386944
-0.378033
0.309671
0.977905
0.073519
0.373455
0.834101
-0.344462
-0.468856
-0.830988
-0.268410
-0.249794
-0.344035
-0.069002
0.152745
-0.696219
-0.030854
0.312601
0.342875
0.155919
0.868160
0.841792
-0.569506
0.429731
-0.633778
-0.902707
0.528977
-0.371136
-0.367351
0.595630
0.266335
0.015900
0.164342
0.195654
-0.205420
0.973449
0.969115
-0.109653
-0.512070
0.570605
-0.989807
-0.885556
-0.574999
-0.441511
0.300333
0.634571
0.015961
0.601062
0.707450
-0.110263
-0.280923
0.125584
0.095370
-0.813288
-0.528184
0.309977
-0.551134
-0.254677
-0.489914
0.256142
0.870785
0.363689
-0.540086
0.054720
-0.209632
-0.064669
0.589831
-0.853328
-0.612903
-0.540452
0.705252
-0.799432
-0.498093
0.431379
0.584521
0.986755
-0.006378
-0.855708
-0.334574
0.681936
-0.668203
-0.978942
-0.704520
-0.770623
-0.988037
0.897580
-0.203345
-0.725761
0.816950
-0.797235
0.643666
0.840388
0.152379
-0.954955
-0.657460
0.166723
0.444136
0.365825
-0.646535
-0.387799
-0.499619
0.960265
-0.104709
0.829157
0.726554
0.589404
-0.091464
0.081881
-0.404828
-0.288003
-0.754753
0.169591
-0.797967
0.210608
-0.457930
0.187963
0.137486
-0.444685
0.934019
-0.448042
0.582018
0.234718
-0.111911
0.094211
-0.530076
-0.811518
-0.912168
-0.056490
-0.493393
-0.259682
0.574633
0.964782
-0.590686
-0.849300
0.116550
0.568224
-0.499130
0.946959
0.674368
-0.247353
0.612293
-0.373943
0.452132
0.145482
0.405438
0.226722
-0.346660
0.506882
-0.424665
0.064364
-0.643361
0.466414
0.288980
0.073519
-0.587817
-0.679373
0.621570
0.848506
-0.284951
-0.588305
0.744804
0.134007
-0.653432
0.753410
-0.917722
-0.445967
-0.272683
-0.484603
0.652760
0.279397
-0.256630
0.092013
0.834773
0.581103
-0.162633
0.927000
0.558214
0.741691
-0.203833
0.147862
-0.342998
-0.852351
0.043306
-0.413800
-0.458907
0.787408
0.083834
0.129551
-0.283853
-0.111362
0.106784
-0.986633
0.699576
0.237037
-0.721244
0.561022
0.633778
-0.123325
-0.147923
0.515427
-0.528855
-0.607898
0.772088
0.197913
-0.242103
-0.438765
0.212622
0.514573
0.945921
-0.023225
-0.271706
0.732963
-0.706656
-0.627552
0.586779
0.396283
-0.483261
0.200781
-0.165441
-0.722648
0.600391
-0.038301
0.363689
-0.698477
-0.629872
0.261452
0.667470
-0.671255
0.264504
-0.759453
0.996948
0.933714
-0.642811
-0.065767
0.898190
0.982421
0.349345
0.088900
0.210364
-0.194739
0.961425
0.613269
0.905393
0.023286
0.093234
-0.197913
-0.397687
0.119175
-0.650807
0.792230
0.891598
-0.269082
0.430464
0.149815
-0.296060
0.660939
0.287088
-0.545518
-0.993713
0.628651
-0.862423
-0.691275
0.690542
0.553880
0.966063
0.851314
-0.207251
-0.203162
-0.693533
0.339946
0.620838
-0.994934
-0.956420
-0.209449
-0.642323
-0.434004
-0.261330
0.859493
0.868648
-0.382061
-0.160375
0.993164
0.769158
0.290262
-0.040864
-0.150243
-0.385052
0.645497
0.275674
-0.945616
0.180273
0.838923
-0.923093
0.185583
0.584826
0.820307
-0.835505
-0.611866
-0.896908
0.394757
-0.115513
0.603687
-0.069002
0.324870
0.614673
-0.376751
0.489608
0.132847
-0.589404
0.709952
0.624256
-0.685171
0.119053
0.557176
-0.943052
0.803278
0.325419
-0.615284
0.742729
-0.073763
0.962401
0.111362
0.829463
-0.401898
0.638783
0.340129
0.686148
0.904111
-0.347453
0.141209
-0.906796
0.554552
-0.937010
0.643300
-0.904294
-0.658864
0.487472
-0.320597
-0.229835
-0.807855
0.033296
0.403241
-0.860714
-0.841243
-0.760613
0.588916
-0.858089
0.396466
0.144139
-0.894894
0.578600
-0.003937
-0.780755
-0.615711
0.118442
-0.643422
-0.296793
0.381634
-0.214331
-0.376263
-0.029084
-0.077059
-0.969237
-0.691641
0.770196
0.957213
0.148839
0.990112
-0.974303
0.874508
0.006439
-0.335246
-0.426008
0.045442
-0.147252
-0.235267
0.388897
-0.925779
-0.974059
0.077242
-0.136143
0.630970
0.202429
-0.018159
0.231910
-0.695059
-0.992248
0.681265
-0.113498
-0.636708
0.352031
-0.659841
-0.692312
-0.192236
-0.488327
-0.810053
0.285440
-0.504685
0.987060
-0.963561
-0.213721
-0.764641
-0.496384
0.449812
0.441267
-0.469588
-0.866634
0.443037
-0.945189
-0.106662
0.356792
-0.513535
-0.496994
-0.026826
-0.809381
0.499252
0.353313
-0.143895
0.336833
-0.986877
0.378338
-0.942930
0.010407
-0.660756
0.567064
-0.761834
0.527940
-0.896603
-0.024689
-0.722098
-0.607532
0.100131
-0.831660
-0.216834
0.085482
-0.959899
0.631153
0.632984
-0.402936
-0.260781
-0.982727
-0.548875
-0.269997
0.549974
-0.597400
0.135472
-0.423872
0.028779
-0.768181
-0.081149
0.735649
0.305521
0.644154
0.329875
0.419965
0.084628
-0.992309
0.015656
-0.889340
0.103488
0.517197
-0.639393
-0.588427
-0.387860
0.590442
0.264626
-0.230079
0.800592
0.099643
-0.359661
-0.328227
0.357646
0.074923
0.419599
-0.272805
-0.110996
0.899899
-0.275246
0.363872
0.075716
-0.286843
0.126865
-0.383343
-0.047456
-0.115635
0.611682
-0.784967
-0.564440
0.438459
0.233924
-0.271035
-0.158238
0.335063
-0.044832
0.750053
0.120151
-0.501450
0.516831
0.688711
0.345317
0.052461
-0.413190
0.483932
0.208228
-0.174047
0.976501
0.307352
-0.222694
-0.462630
0.085299
-0.272317
-0.762017
-0.514756
0.663869
0.495773
-0.183325
0.793085
0.984985
0.440352
-0.641591
0.043489
0.795404
0.972289
0.658071
-0.741630
-0.947386
-0.889523
-0.440229
-0.978454
-0.735343
-0.556078
-0.084201
-0.099277
0.455489
-0.909055
0.901730
0.823908
0.967528
0.573168
0.249855
0.977905
0.731742
-0.761162
-0.205542
0.657216
-0.456221
-0.553819
0.710135
0.492172
0.255226
0.812067
0.671133
0.345256
-0.882565
-0.772576
0.810907
0.790094
0.018036
-0.309122
-0.273721
0.318339
0.069674
-0.596484
0.353008
0.646901
0.386517
-0.441633
-0.604846
0.856075
0.887265
-0.330119
-0.406232
0.063082
0.092563
0.927000
-0.475875
0.625477
0.174413
0.075594
-0.507309
-0.562731
-0.571764
-0.086093
-0.125401
0.877438
0.448958
-0.821589
0.643117
-0.209143
0.579882
-0.970275
0.168249
-0.386700
-0.114597
-0.889706
-0.670827
0.463118
-0.683035
0.740654
0.049715
-0.470077
0.847591
-0.472335
-0.248878
0.653432
0.051729
0.604236
-0.359539
-0.491928
-0.677175
-0.242836
0.361187
0.091342
-0.311869
-0.035981
0.291787
0.403729
-0.162023
-0.250404
-0.230811
0.187353
-0.846919
0.909299
0.809320
0.224830
-0.730522
0.766839
-0.189795
-0.681936
-0.653676
-0.314798
-0.307352
0.357158
0.517258
-0.896908
0.993835
0.531114
0.589892
0.300455
-0.775323
-0.569811
-0.885372
0.326395
-0.846126
0.045015
-0.279946
0.650624
-0.258583
0.946348
-0.199194
0.445845
-0.163915
0.563829
0.987732
-0.270119
0.714286
0.421674
-0.589709
-0.019990
0.842097
-0.756951
0.497665
-0.794061
0.356670
-0.355510
-0.598987
0.630360
0.803217
-0.205664
-0.871578
-0.106967
0.408673
-0.537217
-0.420576
-0.189001
0.879940
0.770867
-0.179785
0.422773
-0.234718
-0.634571
-0.625599
0.340800
-0.959593
0.452010
-0.456709
-0.547716
0.278115
0.041475
0.427961
0.528977
0.704642
0.930601
0.649709
-0.825556
0.800958
0.663625
-0.122349
-0.250465
-0.554491
0.514573
-0.473128
-0.252663
0.639821
0.527451
0.965941
-0.239051
0.812983
0.828364
0.149510
-0.397137
0.226844
0.801874
0.283425
0.419111
-0.440229
0.358806
-0.385907
0.472945
-0.534227
0.462508
0.777947
0.745598
0.886532
-0.650502
-0.262612
0.177465
-0.066744
0.708365
-0.205359
-0.561876
-0.131138
0.847835
-0.381085
0.011567
0.746330
-0.894894
-0.027009
0.297647
0.368633
0.436201
0.201880
0.272134
0.841731
-0.132542
0.092074
0.345195
0.766472
-0.475265
0.062349
-0.218848
-0.777154
0.263649
0.640126
0.638600
0.550218
0.228553
-0.689688
-0.402875
-0.702689
-0.078524
0.870724
0.250282
-0.071810
-0.581469
0.442366
0.051119
0.161229
-0.088595
0.997314
-0.219825
0.929136
-0.525437
0.608936
0.192541
-0.984191
0.369427
0.438276
-0.276406
0.498520
0.510971
-0.046907
-0.657094
0.477035
-0.003754
-0.370342
-0.466781
0.776482
-0.297342
0.846736
-0.510788
-0.942869
0.132298
0.574938
0.583300
-0.856868
0.155919
-0.684500
0.068819
0.553209
-0.268349
0.679495
-0.142430
-0.099826
-0.743339
-0.075350
0.613575
-0.675771
-0.028779
0.938597
-0.983520
-0.516892
-0.207434
0.362407
0.700186
0.377422
-0.497177
-0.244606
0.640431
-0.086032
-0.926634
0.987243
-0.580676
0.512192
-0.606433
0.767937
-0.846248
-0.502487
0.591845
0.235572
-0.513535
0.532884
-0.005951
-0.488205
-0.430036
0.334147
0.336222
-0.225135
0.073397
-0.731315
0.561022
0.472274
0.899533
-0.465804
0.169164
0.950621
0.755486
-0.569445
-0.062777
-0.991699
-0.436262
0.577013
0.107639
0.360576
0.567614
0.059969
-0.989563
0.179540
-0.449324
0.026521
0.055879
-0.566637
0.391278
-0.534532
-0.931394
0.593860
-0.301492
0.011505
-0.536607
-0.228919
-0.988159
0.642323
0.941710
-0.945921
-0.735221
-0.148961
0.248573
0.010895
-0.370647
0.078280
0.489303
0.294107
-0.312052
0.028718
-0.527390
0.127659
-0.502853
0.211097
-0.867977
-0.828486
0.263710
-0.857479
-0.396588
-0.269387
-0.827326
-0.635487
-0.184484
0.927732
-0.481429
-0.603442
-0.474654
-0.048006
0.350627
0.678152
-0.987060
-0.694021
-0.226600
-0.982116
-0.445723
0.396405
0.720450
0.198828
0.650441
-0.929502
-0.434797
0.283120
0.220069
0.633229
-0.957274
-0.997864
0.701712
0.199622
0.981506
-0.779839
-0.990112
0.863826
-0.592517
-0.730461
-0.836421
0.595141
0.378826
-0.060335
0.681814
0.568957
-0.654653
0.708914
-0.666189
0.951659
-0.650746
-0.174902
-0.296854
0.153050
-0.119663
0.082492
0.365581
0.768731
-0.785699
-0.374248
-0.287027
0.914914
-0.160192
-0.469100
-0.479171
-0.018647
-0.607715
0.238990
0.216346
-0.532701
-0.918516
0.632923
-0.067782
0.666066
-0.684133
0.310770
-0.911496
0.308573
-0.951720
0.095309
-0.175878
0.762383
-0.527573
-0.626392
0.171972
-0.921384
-0.781121
0.551500
-0.847591
-0.910825
-0.967040
-0.186071
-0.359844
0.771172
0.817743
-0.046541
0.012238
-0.716544
0.932615
-0.719718
0.051363
0.184301
-0.376995
-0.456648
0.861568
0.024201
-0.958068
0.156285
-0.736686
-0.795160
0.869625
0.490890
-0.193884
0.850337
-0.359478
-0.392987
-0.068392
-0.268838
0.645314
-0.285379
-0.729362
-0.747124
0.838496
-0.418378
-0.940916
0.713675
0.145482
0.389325
0.402387
-0.617176
-0.890622
-0.623768
0.286660
0.069308
-0.295572
-0.794305
0.518113
-0.376141
0.074740
0.197302
-0.631092
0.131382
-0.874752
-0.245766
-0.121921
-0.413862
-0.838252
0.904782
0.913694
0.808527
0.500168
0.667470
0.494430
-0.958922
-0.336772
0.828974
-0.227821
-0.683218
-0.297952
-0.722037
-0.885800
0.074129
-0.531114
0.158544
0.450423
-0.918699
0.141636
0.773309
-0.987304
0.855159
0.298074
0.570177
-0.023530
0.493332
-0.824946
-0.038118
0.640187
-0.686148
-0.645985
0.822748
0.141758
-0.775872
-0.209693
-0.849727
0.059359
-0.531724
0.479843
0.762017
-0.215064
0.266335
-0.782342
0.098788
0.167272
0.667531
0.713065
0.116184
0.192724
0.221412
0.501267
0.648915
-0.896725
0.473983
-0.907407
-0.198462
-0.111911
-0.038423
-0.965758
-0.380902
0.243324
0.791314
0.001617
0.049715
-0.180151
0.080966
0.829890
0.590930
-0.535081
0.111118
0.213660
-0.859676
-0.982543
0.123386
-0.502670
-0.467513
0.705741
0.807489
-0.675588
-0.810175
-0.599780
-0.001679
-0.205969
0.967833
0.721610
0.129856
-0.072115
0.190466
-0.056734
-0.698050
-0.273293
-0.349956
0.188513
-0.079440
0.460616
-0.341044
-0.016327
0.193823
-0.987609
-0.406476
-0.616749
0.379681
0.242958
0.770379
0.551683
-0.076510
0.017426
0.468612
-0.344584
-0.594714
-0.113987
0.466292
0.339763
-0.400372
-0.426435
0.787469
0.840876
-0.854183
0.623646
0.257241
0.999390
0.185644
-0.236000
0.341716
0.004364
0.906308
-0.922788
0.284158
-0.230995
0.853633
-0.990356
0.755669
-0.159154
-0.951720
-0.631031
-0.351604
0.274026
-0.266091
-0.554186
-0.759697
-0.674734
-0.724052
0.423383
-0.385784
-0.117405
0.823298
0.319254
0.893368
0.929991
-0.565477
-0.643300
-0.474471
0.112888
0.864986
0.617298
-0.244057
0.500412
-0.745354
-0.280496
-0.558458
-0.934080
0.889340
0.922910
0.759819
-0.119785
0.690542
-0.809259
0.986755
0.148228
-0.822077
0.444929
-0.087924
-0.644032
0.692068
-0.251808
-0.542528
-0.576769
-0.168615
0.444624
-0.621021
0.849727
-0.667959
0.863338
-0.149571
-0.929075
0.888180
-0.995666
0.831965
-0.995605
0.906186
0.361736
0.196387
-0.844783
-0.815424
-0.293313
-0.227454
-0.384075
0.116855
0.869442
0.385052
-0.762871
-0.617176
0.513779
0.084933
-0.102634
-0.118686
0.262673
-0.250710
0.582324
0.946043
0.137181
-0.959227
-0.896298
-0.476730
-0.001801
-0.184118
0.285989
-0.315104
-0.555040
0.437117
0.570727
0.130100
-0.219092
-0.905942
0.273354
0.485641
0.055696
0.447981
0.996216
0.596850
-0.232521
0.717399
-0.224281
-0.006012
0.042024
0.178930
-0.145238
0.712394
-0.946776
-0.421735
-0.599109
0.509812
-0.569079
0.221107
-0.558275
-0.251503
0.432173
0.128147
0.453352
0.399701
-0.044221
-0.207923
-0.284219
-0.830683
-0.396283
0.728813
0.459883
-0.038606
-0.052095
-0.665212
0.917600
-0.530808
0.682180
0.564135
0.774529
-0.506882
-0.006989
-0.707266
0.171484
-0.293558
0.994568
-0.309854
-0.966918
0.181249
0.324381
-0.179540
0.014435
-0.355327
0.956053
-0.912412
0.543382
0.588061
-0.937254
0.453047
0.810785
0.143773
0.759209
-0.301187
0.111728
0.135533
0.098300
0.741081
-0.682730
-0.218360
-0.819086
-0.304056
-0.017975
-0.387188
-0.084689
0.029878
-0.585498
0.479720
-0.953856
0.309061
-0.513535
-0.422834
-0.712821
-0.084384
-0.453963
0.610889
-0.506088
0.203711
0.716483
-0.192602
0.363323
-0.635487
-0.324564
-0.855647
0.931883
0.906674
0.783441
0.749199
-0.072542
0.248085
-0.934263
-0.875057
0.913633
-0.513291
-0.918882
0.366680
0.355754
-0.823420
-0.563280
0.681570
0.283914
-0.213355
0.033479
-0.152989
-0.115329
0.838801
0.576830
0.342814
-0.165258
-0.662709
-0.991699
-0.541978
-0.416669
-0.542405
0.486007
-0.545091
-0.315043
0.517930
0.244667
-0.183203
-0.197790
-0.189062
0.702994
0.510056
-0.644093
-0.796625
0.046236
-0.943785
-0.689383
0.593799
-0.388775
-0.804682
-0.848262
-0.943113
0.022248
-0.837764
-0.137608
0.353496
-0.078280
-0.097690
0.307779
-0.890378
-0.550401
-0.240150
0.108737
0.812311
-0.399457
-0.828425
0.543626
0.246132
0.269631
0.869747
0.329264
0.871029
0.221473
-0.006684
0.866817
0.985656
0.162877
0.286905
0.282144
0.826960
-0.228004
0.044465
0.364849
-0.825617
-0.640431
0.764153
-0.994079
0.642933
-0.386456
-0.661733
0.938231
0.106418
0.706534
-0.708975
-0.947752
0.595080
0.310282
0.860652
-0.615162
-0.170507
0.034883
0.084994
0.739494
0.018708
-0.058077
-0.149876
-0.877987
-0.462691
0.738456
0.598804
0.882076
-0.498093
0.317301
0.965697
-0.628407
-0.860836
-0.372051
0.926695
-0.125462
0.641163
-0.772881
0.772210
-0.661794
-0.459517
0.218360
-0.144383
-0.660024
-0.366619
0.435224
-0.377422
0.203406
0.539781
-0.360088
-0.979858
-0.790277
-0.637623
-0.916623
-0.188086
-0.418195
-0.149632
-0.229408
0.095920
0.198462
0.211158
-0.145787
0.783258
-0.105136
-0.187048
0.620594
0.984924
0.562487
0.296609
0.110263
0.718925
-0.247780
0.552599
-0.061190
-0.924131
-0.890744
-0.353191
0.398114
0.945250
0.368816
0.223365
0.395611
0.175512
0.755486
-0.161290
-0.131809
-0.503769
0.507370
0.189062
0.741813
0.601550
0.937498
-0.382672
0.215247
0.737114
0.078585
0.482589
0.910581
0.617908
0.553331
