-0.403546
0.082064
-0.314920
0.882443
-0.157872
0.952269
-0.075411
-0.888180
0.845943
0.973754
-0.143773
0.619312
0.045808
-0.761711
-0.373150
0.017304
-0.342814
-0.479904
0.359600
-0.188330
-0.593066
0.394086
-0.023225
-0.499313
0.519883
0.555589
0.577685
0.165624
0.323099
-0.083102
0.259377
-0.768059
0.432295
-0.199377
0.820124
0.602893
0.703055
-0.040315
0.899411
-0.418683
-0.814631
-0.266823
0.616749
-0.541063
0.356731
0.423750
-0.571398
-0.377483
0.037385
0.848506
0.676199
-0.867733
0.613758
0.304910
0.981079
-0.034150
-0.013215
0.227638
-0.378094
0.652516
0.317728
0.810236
0.981506
-0.897885
-0.288858
0.941832
0.972106
0.685842
-0.567736
-0.570299
0.886898
-0.169042
-0.352519
0.573840
-0.756096
-0.681387
0.772210
0.738762
0.782952
-0.326029
0.140172
0.973998
0.433088
-0.494247
0.426252
-0.956359
0.752678
0.740837
0.218116
-0.787713
0.817560
0.287088
-0.490829
0.244240
-0.644215
0.864620
0.146519
0.557848
-0.996643
-0.619312
-0.598560
-0.471419
0.073580
-0.696585
-0.496261
-0.053621
0.924009
0.823603
-0.224525
0.330119
0.837275
-0.602222
-0.985900
-0.956908
0.855708
-0.847224
-0.683645
0.791681
-0.184118
0.012970
0.655507
-0.872005
-0.439436
0.314249
-0.801019
-0.796442
0.336772
-0.312296
0.990844
0.061983
-0.244606
0.825007
-0.087863
-0.960265
0.194189
-0.210181
0.512803
-0.913694
-0.756035
-0.254006
0.600330
0.093905
-0.308206
-0.948668
0.925718
-0.335551
-0.380047
0.938292
0.054720
0.614124
-0.451399
-0.811701
0.741813
-0.023347
0.583728
-0.556017
-0.289529
-0.170080
0.404218
0.864864
-0.998474
0.465804
0.415387
0.461715
-0.516282
0.956420
-0.110263
0.883847
0.442366
0.058321
0.492294
0.072359
-0.217200
0.095248
-0.821284
-0.892026
0.838984
0.478927
0.283853
-0.944639
-0.621143
-0.306131
-0.779290
-0.921628
-0.324564
-0.782098
0.235817
0.175146
-0.450545
-0.111179
-0.129307
-0.857295
0.980163
-0.957457
-0.043733
0.846858
0.761467
0.362651
-0.514939
-0.015473
-0.505356
0.857967
0.537523
0.249977
-0.968566
-0.700491
-0.207984
0.252113
-0.286111
-0.208106
-0.978454
-0.645436
0.648427
0.992737
0.442915
-0.547777
0.401654
0.405805
0.879818
-0.805353
-0.839717
-0.256813
0.483932
0.163488
0.356609
-0.592639
0.493637
-0.239113
0.034822
0.903928
-0.578600
0.572802
0.179235
0.344951
0.500107
-0.120640
-0.886654
0.854305
-0.281961
-0.692251
-0.065279
0.749016
-0.901303
-0.369060
-0.996338
-0.760491
0.840144
0.941588
0.136753
-0.855525
0.217505
-0.837092
-0.113804
0.903745
0.323649
0.728324
-0.132969
0.120823
0.443587
-0.028230
-0.429731
0.647633
-0.055574
-0.457259
-0.218909
-0.699759
-0.962889
0.607105
-0.221778
0.415693
-0.640675
-0.984069
0.884457
0.964904
-0.308390
-0.968322
-0.528001
0.398907
0.254616
0.767632
0.689261
-0.133457
0.873165
0.722770
-0.680044
-0.702322
-0.583361
-0.823664
0.812311
0.607715
-0.343974
0.667898
-0.859798
-0.096408
0.434492
0.403912
-0.722709
-0.458296
-0.223609
0.276833
0.915098
0.850520
0.086764
0.760674
-0.832209
-0.719108
0.074679
0.940123
-0.313395
0.642689
-0.101596
0.627308
0.949278
-0.457564
-0.324992
-0.907163
-0.750481
0.327616
0.191931
-0.625721
0.041597
0.515488
0.436872
-0.513169
-0.642689
0.571764
-0.683035
-0.384442
0.076815
-0.946409
0.409345
-0.975341
0.837336
-0.726920
-0.973144
-0.323954
0.060701
0.628651
0.802728
0.624073
-0.168554
-0.843013
0.939879
0.624989
-0.048128
-0.644093
0.049837
0.875790
-0.330180
-0.136387
-0.243263
-0.917051
-0.272134
0.603931
-0.789789
0.552171
0.543748
0.555345
-0.007599
0.691153
-0.834040
0.970336
0.234779
0.794977
-0.323588
-0.799799
-0.683950
-0.053377
0.181188
0.226661
-0.425886
0.734306
-0.271950
0.698294
-0.183752
0.655080
0.661794
-0.262001
-0.948363
-0.745170
0.135899
-0.696097
-0.956542
-0.319437
0.832698
0.228675
0.095676
-0.442427
0.889340
0.494491
-0.456893
-0.569262
-0.450606
-0.759697
0.269021
-0.722953
0.621632
0.454695
-0.894223
0.946898
0.942259
0.496872
-0.370586
-0.608020
-0.387616
-0.829524
-0.852474
-0.337138
0.526170
0.066622
0.577258
0.384625
0.494247
-0.558275
0.822932
-0.352397
-0.640614
0.877987
0.285806
0.600208
0.699576
0.175329
0.740410
0.897702
-0.135105
-0.018708
-0.703482
-0.337931
-0.904843
0.422651
-0.655568
-0.419965
-0.231544
0.511887
-0.077120
0.808588
0.374554
-0.839961
0.152379
-0.543504
0.866695
0.765130
0.058260
0.617359
0.301859
-0.891293
0.250343
-0.898679
0.366741
0.855831
0.403180
0.925657
0.740654
0.807855
0.923826
-0.539781
0.791742
-0.183081
-0.291177
-0.805780
-0.866634
-0.159276
0.825922
0.707144
0.750847
0.059420
0.564074
-0.473800
-0.597156
-0.224769
-0.655995
0.026276
0.666372
0.122288
0.530931
-0.896786
0.842463
0.723441
0.380840
0.305338
-0.683157
0.229347
0.410871
0.391461
0.855159
0.225501
-0.403546
-0.822260
-0.716666
0.426984
-0.256325
-0.586962
-0.284463
-0.032014
0.377056
0.158361
-0.789789
-0.479537
-0.813349
-0.874630
-0.291604
-0.671926
0.812433
0.647633
0.153478
0.240944
0.061373
0.218970
-0.872005
0.051546
0.813410
0.886349
0.393109
-0.378704
0.181555
-0.950865
-0.185949
-0.171422
-0.459273
-0.051424
-0.516648
-0.414655
-0.651845
-0.464583
0.194739
-0.348979
-0.580676
-0.516037
-0.714042
0.482467
-0.350993
0.329936
0.862117
-0.380840
-0.075900
0.589526
0.367779
0.763909
-0.557787
-0.648854
0.919980
-0.371197
-0.616932
-0.909177
0.927549
-0.062960
-0.573901
-0.384381
0.060945
-0.006806
0.801141
-0.294290
-0.746025
0.329936
0.454817
-0.994629
-0.634877
-0.355571
-0.873959
0.572619
-0.589831
0.942259
-0.528916
-0.584948
0.119175
-0.105930
-0.242347
0.434675
-0.920042
-0.607959
-0.398907
0.596118
0.520798
-0.676016
0.612964
0.268654
0.996338
0.992553
0.513291
0.464095
-0.283242
-0.585864
-0.405072
-0.996765
-0.211707
-0.924619
-0.835749
-0.580187
-0.600146
0.155675
0.149449
-0.032258
-0.095920
-0.079257
0.943236
0.461226
-0.569384
0.401715
0.060030
0.316507
0.588610
0.299661
0.791192
-0.202551
0.984069
-0.955382
-0.992798
-0.938047
-0.170873
0.638539
0.440657
-0.266762
-0.878414
0.397565
-0.163732
0.445235
0.413190
0.588122
0.627918
-0.195227
-0.545091
-0.236549
0.661122
-0.922300
-0.828913
0.193274
0.727348
-0.469893
0.159337
-0.376446
0.989807
-0.073702
-0.118137
-0.437300
0.515427
-0.627003
-0.333048
-0.262856
-0.815973
-0.558580
-0.074496
0.782037
0.154515
-0.771599
0.669668
-0.231605
-0.051973
0.209876
-0.174108
-0.252846
-0.738578
-0.239662
-0.677664
-0.042451
0.019868
0.458663
-0.834529
0.346294
-0.997620
0.505783
-0.592639
-0.848750
-0.819391
-0.504929
-0.247841
-0.687246
-0.423566
0.806757
0.051363
-0.858516
-0.475997
0.353496
0.893002
-0.271096
-0.574938
-0.458724
0.227088
0.215674
0.928831
-0.846431
0.813349
-0.784356
0.531602
0.070956
-0.434004
0.326640
-0.313578
-0.189611
0.200049
-0.511399
-0.610889
-0.199133
-0.488571
-0.147008
-0.589648
-0.111362
-0.304727
-0.004120
-0.907834
-0.906674
0.047639
0.291238
-0.648793
-0.429304
-0.082369
-0.002838
0.507004
0.971435
-0.538621
-0.906674
0.986450
-0.860347
0.037202
-0.748650
-0.264016
-0.571093
-0.702994
-0.298135
0.695608
0.690725
0.725150
0.741874
0.786798
-0.042268
0.537767
0.066439
0.753655
-0.279824
0.035737
-0.146397
-0.747368
0.201514
0.735099
0.118137
0.580187
-0.957640
-0.721549
0.071139
0.248695
-0.007660
0.272378
-0.655751
0.310282
0.776727
0.115207
0.660512
-0.875912
0.766411
-0.846919
-0.663930
-0.227271
-0.954466
-0.167516
-0.815729
-0.063509
-0.491745
-0.600452
-0.241005
0.825068
0.467757
0.823725
0.931883
0.515915
-0.883053
-0.735221
0.078097
-0.020600
-0.024323
0.341899
-0.661122
-0.562304
-0.110508
0.102878
0.060823
-0.040681
0.377667
0.815607
-0.673208
0.162938
-0.314066
-0.517136
-0.325297
-0.306314
-0.232398
0.292764
0.645985
0.996582
0.959777
-0.777459
-0.447554
-0.022370
-0.686697
-0.530198
-0.760979
-0.038362
-0.443770
0.916196
0.541124
0.295145
-0.973388
-0.150975
-0.090487
0.744743
-0.228675
0.272561
-0.763237
-0.744621
0.156957
0.399945
0.714103
0.144871
0.201575
0.226661
0.619922
-0.040010
-0.726127
0.570605
0.003143
-0.252907
0.254677
-0.197790
-0.701468
0.187597
0.326823
0.163732
0.378094
0.997070
0.641896
0.617847
0.152989
0.418867
0.924497
0.749748
0.494186
0.792535
0.262673
0.314737
-0.261330
-0.599475
0.104709
-0.002106
-0.958007
-0.031953
0.152135
-0.409284
-0.384808
0.042940
-0.107517
-0.574023
-0.618397
0.085482
-0.509568
0.471847
0.070284
-0.551012
0.126255
-0.164159
-0.922239
-0.474227
-0.805536
0.465194
-0.216834
-0.401532
0.507431
0.527818
0.135594
0.950438
-0.469283
0.808710
0.666433
0.322672
-0.494430
0.480270
-0.602710
-0.421125
-0.575365
-0.030427
0.266945
0.809992
-0.651051
-0.916196
-0.048982
-0.600818
0.573656
0.908444
0.441694
0.211219
0.227882
0.575854
0.286294
-0.055208
0.776727
-0.511643
-0.141881
0.994690
-0.851253
0.474166
-0.739921
-0.722465
-0.757073
-0.536851
0.280862
0.866573
-0.644581
0.227393
0.804254
-0.549120
-0.256386
-0.231300
-0.356059
-0.096042
-0.285257
-0.940855
-0.778497
0.882321
0.001617
-0.771966
0.494125
-0.210547
0.901364
0.424421
-0.478256
0.109653
-0.521287
0.559740
0.029389
-0.282876
0.526170
0.052889
-0.703787
-0.067660
-0.793756
0.455123
0.478195
-0.053926
-0.138768
-0.364910
0.537278
0.701224
-0.119175
0.447188
0.054415
-0.725883
0.084384
0.829829
0.628895
-0.553148
0.565355
0.492172
-0.229347
-0.416608
-0.569933
-0.464705
-0.296060
0.490280
-0.984436
-0.098483
-0.320597
-0.458296
0.425153
-0.825922
-0.580065
0.589648
0.728385
-0.835627
0.085360
0.481124
0.095248
0.820490
-0.524766
-0.817743
-0.766106
-0.334941
-0.958617
-0.150731
0.197363
-0.577258
-0.477035
-0.440352
0.433576
-0.774285
0.888913
-0.208411
-0.584155
-0.913938
-0.356304
0.588122
0.535386
0.460067
-0.523362
0.292154
0.101474
0.123997
-0.597400
-0.428327
-0.786431
0.208533
0.857356
-0.303140
-0.621143
0.204993
0.043123
-0.108371
-0.557787
0.902036
0.743461
-0.717215
-0.877865
-0.229347
-0.996277
-0.694876
0.767510
-0.099338
-0.842036
0.929258
-0.426923
0.069124
-0.107273
-0.243812
-0.619861
0.185705
0.306375
0.934507
-0.545946
-0.157079
-0.141087
-0.758843
0.202857
0.019990
-0.136937
-0.170324
-0.385601
-0.732658
-0.198584
-0.241737
0.189184
0.274209
0.473922
0.669607
0.879086
0.471969
-0.840205
-0.391400
0.826167
0.060457
0.682608
-0.584826
-0.289712
-0.820124
-0.626148
0.430280
-0.034639
-0.202918
-0.638234
0.009919
-0.432295
0.833064
-0.784722
0.458052
0.978088
0.410749
0.603626
0.676077
-0.297769
-0.876705
-0.000763
0.369732
-0.636280
-0.705679
-0.996277
0.908811
-0.975890
0.507797
0.949705
-0.734916
0.956359
-0.959655
0.261330
-0.301675
-0.902402
0.430097
-0.562487
0.769829
-0.667470
0.852168
0.057649
-0.322123
-0.630665
-0.800104
0.066195
-0.950499
-0.322001
-0.280801
0.125217
0.651296
0.742790
-0.612171
-0.967772
0.488021
-0.124973
-0.069613
-0.199561
0.926389
-0.117893
-0.619556
0.120762
-0.520676
-0.695608
-0.351848
0.532640
-0.472579
0.698416
-0.333964
0.600574
-0.859676
-0.376568
-0.168126
0.500534
0.808283
0.437727
-0.192846
0.853084
-0.433943
-0.497604
0.348125
-0.141331
-0.130589
-0.376995
0.898251
-0.722404
-0.211707
-0.684378
0.417402
0.593677
-0.079745
0.236366
0.624134
-0.370891
-0.062227
-0.898862
0.645375
0.509201
0.583300
-0.664296
-0.055696
-0.657582
-0.164953
-0.796197
0.370769
0.822199
-0.242225
0.159825
0.869259
0.320170
-0.984497
0.796503
-0.223060
-0.367656
0.316568
0.666250
0.053865
0.979614
-0.643666
-0.934141
0.009308
0.338481
0.710868
0.649220
0.482833
0.970458
0.223487
-0.042756
-0.887570
-0.424360
0.424238
0.901852
-0.954527
0.300211
-0.737724
-0.132054
-0.953368
0.624012
0.156529
0.532090
-0.973022
0.543565
0.240516
-0.475387
-0.615406
0.324992
0.668813
-0.390057
-0.804804
0.456221
-0.249062
0.486801
0.715079
0.271584
0.081576
-0.086825
0.192114
0.232826
0.494003
-0.521409
-0.494186
0.031098
-0.069552
0.330546
-0.294595
-0.181127
-0.629749
-0.859920
0.956053
0.280190
0.439802
-0.071749
-0.237709
-0.258156
-0.465560
-0.733329
0.184668
-0.679373
-0.330973
0.053072
-0.309732
-0.087802
-0.110630
-0.207373
-0.099033
0.010895
0.126743
0.079806
0.625050
-0.764641
0.819575
-0.992370
0.550707
-0.762444
0.538133
0.672781
0.651906
0.486801
-0.689871
-0.712699
0.934141
-0.955077
-0.378765
-0.675344
0.082614
0.011689
0.747734
0.721732
-0.870235
0.492721
-0.120457
-0.546007
0.513230
-0.406232
0.492538
0.063509
-0.098117
0.462569
0.667898
-0.480026
-0.193701
-0.244728
-0.727042
-0.735160
-0.357158
0.773064
-0.339213
0.462813
-0.766045
-0.414411
-0.173254
-0.510483
-0.015839
-0.314310
0.009919
-0.922300
0.513291
0.255104
0.466536
-0.235328
-0.156590
0.101474
0.016449
-0.978454
-0.856319
0.687124
-0.220496
-0.608448
-0.092929
0.883053
0.718558
0.328776
-0.410993
-0.396832
-0.162511
-0.496933
0.314066
0.588183
-0.049348
-0.265664
-0.998108
0.907651
0.802240
-0.887997
0.769158
-0.263649
-0.531358
0.237098
-0.440291
0.680960
-0.038423
-0.766655
0.783929
0.575854
-0.073885
-0.156407
0.352336
0.533616
0.013215
-0.888363
-0.541063
0.864376
-0.440229
0.150670
-0.222755
0.162450
-0.700064
-0.248634
-0.569994
-0.032868
-0.346294
-0.559069
0.857173
0.499496
0.727653
0.087252
-0.633961
-0.123081
0.572985
-0.355022
-0.634510
0.153233
-0.749870
0.844478
-0.830500
0.503525
-0.153661
0.421003
-0.257851
-0.263588
0.961669
0.534043
-0.292764
-0.448775
-0.913938
-0.642079
-0.261513
0.268105
-0.573168
0.930601
-0.443709
0.544786
-0.950011
-0.739921
-0.239662
-0.238319
0.812555
0.421247
0.249184
0.015168
-0.246498
0.149205
0.415021
0.856014
0.415876
-0.030671
-0.893735
0.520066
0.639088
0.935850
-0.238624
-0.717399
-0.411969
-0.150548
0.684561
-0.412763
-0.503159
0.951476
0.333598
0.110752
0.377606
-0.439863
0.683157
-0.055940
0.649770
-0.993896
-0.596057
-0.030366
-0.118137
0.831721
-0.541673
-0.841853
0.993835
0.891720
0.335063
0.879330
0.269204
0.587146
-0.625050
-0.472518
-0.490341
-0.789117
-0.039033
-0.322489
-0.491562
-0.126133
-0.915036
-0.443770
-0.949583
0.200537
-0.723869
0.346782
-0.622791
0.807489
-0.169347
0.922483
-0.491562
-0.229041
-0.518723
0.084201
0.021455
0.670339
0.446944
-0.179052
0.262246
-0.975951
-0.354778
0.308756
0.021699
0.540819
0.048616
-0.898373
-0.259621
0.588672
-0.510117
-0.606189
0.924558
-0.625599
0.489181
-0.020539
0.517258
0.222755
-0.121982
0.627064
0.471236
-0.319864
0.360881
0.170019
-0.752556
0.558153
0.864559
0.112583
-0.183813
-0.147801
-0.785943
0.534349
-0.158788
0.213477
0.003265
-0.906003
-0.564684
0.255898
-0.333903
-0.731193
-0.020722
-0.008881
0.390301
0.008454
0.722404
-0.938902
-0.017853
0.796197
-0.748772
0.934019
0.823847
-0.722831
-0.352031
0.399701
0.641713
-0.883908
-0.029206
0.579821
0.220679
0.039705
-0.227760
0.183752
-0.224158
-0.487777
-0.939329
0.087924
-0.931822
-0.723624
-0.541551
-0.444746
-0.880428
-0.568163
-0.572008
-0.700858
-0.134983
0.748100
0.108554
0.466842
0.661184
0.009430
0.489669
0.191809
0.839778
-0.014313
0.655141
0.323588
-0.593738
0.412091
0.051729
0.230506
0.096652
0.136998
-0.336833
0.946593
0.168004
-0.809687
0.659780
0.628956
0.811945
0.486373
-0.906003
0.007721
-0.484664
-0.028718
-0.972228
-0.013886
-0.293985
-0.810541
0.955321
0.108860
0.412763
-0.678213
-0.948119
0.587573
0.316385
-0.693777
-0.968505
-0.577929
0.536058
-0.011994
0.567248
0.797357
0.019623
-0.059114
-0.867611
-0.078158
-0.077059
0.313211
0.886349
-0.335124
-0.045442
-0.492538
0.575915
-0.085177
0.622120
-0.096530
-0.882260
0.263405
0.509873
0.446150
-0.434248
-0.615528
-0.372845
0.342143
0.625782
0.697012
0.742119
0.055330
0.938536
0.057466
-0.489792
-0.308695
0.117832
0.862911
-0.264626
0.187597
-0.609729
-0.843562
0.203833
0.725883
-0.800836
0.346049
