0.555895
-0.188452
-0.074435
0.349956
0.549974
-0.786798
-0.614490
-0.474288
0.703116
0.669179
0.400616
0.945250
-0.789422
0.367962
-0.918455
-0.754387
0.251808
0.499191
-0.322611
0.228187
-0.220557
0.135228
-0.821345
-0.703238
-0.546495
-0.320048
-0.777581
-0.005158
0.282022
0.196203
-0.640309
0.451094
0.531663
-0.075838
0.749382
0.549486
-0.530259
-0.695364
0.339885
-0.367046
-0.498215
0.817743
0.601978
-0.444014
0.265053
0.950987
0.874752
0.896176
-0.757866
0.608875
-0.612964
-0.860652
0.456832
-0.723930
0.017914
0.649831
-0.186193
-0.752739
0.857112
-0.762627
0.645924
-0.764336
0.629078
-0.864315
0.030915
-0.326884
0.043184
-0.797784
-0.559984
-0.985900
0.131443
0.154210
0.281228
-0.643849
0.637745
-0.348247
-0.100620
0.688772
0.519883
-0.958800
0.596240
0.084628
-0.372539
0.571459
-0.768120
-0.856380
-0.381573
0.894589
-0.028535
0.004486
-0.824030
-0.334452
-0.261635
-0.766106
-0.411420
-0.949461
0.937132
-0.091525
-0.243324
0.959166
-0.991821
-0.800409
0.686575
-0.189367
-0.622181
-0.224891
0.535752
-0.350871
-0.635853
0.329936
0.271462
-0.582141
-0.396527
-0.442305
-0.995361
-0.793573
0.558153
0.877132
-0.937132
-0.716483
0.669240
0.223548
-0.136814
0.726981
-0.283792
0.220679
0.648976
-0.536241
-0.054048
-0.957213
-0.847835
0.533494
0.534104
-0.718619
0.243995
0.385907
-0.059481
-0.872127
-0.363689
0.027131
-0.277688
-0.814631
0.696402
0.825312
0.366008
-0.777947
-0.562914
-0.210913
0.701773
0.178014
-0.253822
0.131687
-0.537828
-0.261086
-0.084689
-0.068087
0.548631
0.788263
0.533311
0.705863
0.565844
-0.948790
0.804315
0.701224
0.190039
-0.757500
-0.645009
0.726249
-0.069308
0.030122
0.592334
-0.672781
-0.150670
-0.871273
0.674001
-0.874691
-0.201636
0.833979
0.155675
-0.873592
-0.258705
-0.689383
-0.624134
0.816401
0.718131
-0.052400
-0.358562
0.853145
0.017304
0.091464
0.277200
0.169897
-0.882626
-0.528672
0.600269
0.300638
-0.039033
-0.371746
0.883419
0.740287
0.122349
0.660146
-0.630970
0.153417
0.433271
0.596057
-0.603748
-0.757744
-0.372417
-0.287698
-0.296060
0.088229
-0.432112
-0.898495
-0.028047
-0.222449
-0.382916
-0.190954
0.663198
-0.874203
-0.283486
-0.152501
-0.771111
0.311502
0.734123
-0.596728
-0.260231
0.232704
-0.355815
-0.453352
0.005402
-0.600757
0.101840
0.758599
-0.755730
-0.827876
-0.025483
0.585864
0.367534
-0.837031
0.393231
0.738456
-0.062227
-0.393597
-0.114841
0.940001
-0.132969
0.517808
0.151830
-0.154698
-0.085421
0.447920
-0.946959
0.336283
-0.951048
0.648671
-0.638295
-0.490463
0.735099
-0.539293
0.849605
0.668081
0.209754
0.736930
0.268105
-0.371380
0.808466
-0.887509
0.786187
0.659108
-0.595325
-0.063265
-0.552721
0.356120
0.025666
0.675771
0.209265
0.777581
-0.293985
-0.398175
-0.872555
0.140721
-0.357768
0.579455
-0.753899
0.399945
-0.289407
-0.238075
-0.241493
0.015290
-0.589221
-0.989380
0.999573
-0.774651
-0.702261
-0.150670
-0.167455
0.136143
-0.035676
0.766045
0.993591
0.939451
0.637196
-0.324625
0.954466
0.571825
0.448592
0.353374
-0.131199
-0.871578
0.446516
0.657338
0.161779
0.342326
-0.594836
-0.656667
-0.672597
-0.556627
-0.500595
-0.705557
-0.504746
0.708182
0.904233
-0.029145
-0.671194
0.013947
-0.616810
0.895260
0.819208
0.709281
-0.072726
0.986633
0.534837
0.112766
0.506882
-0.446821
-0.108310
0.954344
1.000000
-0.241188
0.004791
-0.930723
-0.641530
0.374004
-0.315165
-0.340373
0.075045
0.624805
0.141270
-0.566210
-0.986511
-0.048189
0.955321
0.938169
-0.334941
-0.507859
0.885006
0.391827
0.892392
-0.904172
0.064364
-0.661306
-0.774957
0.690847
-0.839656
-0.572253
-0.231910
-0.192969
0.048494
0.634999
0.785760
0.074313
-0.429060
0.239235
0.024506
0.504501
0.939390
0.864559
-0.164098
0.371502
0.344340
0.901120
-0.836360
-0.498032
-0.665578
-0.382061
-0.544542
0.787957
0.527696
0.279336
0.564013
0.734916
-0.782952
-0.422285
-0.301859
0.857662
0.433271
0.695425
-0.512192
-0.263771
0.027009
0.307657
0.224464
0.544481
-0.666677
0.840022
0.339518
-0.136387
-0.019440
0.291604
0.184362
0.593799
0.405866
0.937498
-0.827143
0.775628
0.640980
-0.777459
-0.649892
-0.865841
0.929441
0.159398
-0.550707
-0.841548
0.738701
0.542039
0.499252
0.528611
-0.271096
0.289224
-0.954588
-0.297464
-0.758293
0.228675
-0.953063
0.476363
-0.129368
-0.364238
0.511093
0.328837
-0.323954
-0.162328
-0.070528
-0.635609
0.607593
-0.802301
0.576891
-0.334269
-0.304361
-0.210303
-0.263649
-0.130894
0.574999
-0.922605
0.912168
0.775384
-0.096896
0.909848
0.093722
0.807672
0.235328
-0.854854
0.132847
-0.869686
-0.080294
0.216956
0.296793
-0.760430
-0.426191
-0.046907
-0.940733
0.840144
-0.293985
0.962401
-0.807245
0.818598
-0.956236
-0.100925
-0.776238
-0.872127
0.131870
0.919431
0.313761
0.393780
-0.238197
0.641346
0.628773
-0.943358
0.796808
0.921934
0.259438
0.861385
0.953063
0.761956
0.754448
0.506394
-0.899472
-0.346294
0.329875
0.266396
0.646718
-0.318827
0.816523
-0.600085
0.563219
0.687613
-0.591601
-0.845943
-0.378826
-0.178564
-0.725822
-0.819880
0.395306
-0.225806
0.094577
0.171422
0.599658
-0.978454
0.587939
0.536180
0.318705
0.381390
0.086642
-0.081271
0.694937
-0.799554
-0.772942
-0.619984
0.636280
-0.517136
0.814631
-0.948668
-0.894833
-0.728324
0.927915
-0.926878
-0.447371
-0.402203
-0.677053
0.631153
0.059053
0.307047
-0.798639
0.903134
-0.255593
-0.920713
-0.596484
0.727958
-0.989074
0.950987
-0.909116
0.810053
0.180212
0.654042
-0.021699
-0.728813
0.086642
-0.915708
0.180151
0.363079
-0.808588
0.210791
0.732109
-0.848445
0.778069
-0.261208
0.850948
-0.012726
0.792230
-0.160009
0.995544
-0.427473
-0.110935
-0.739372
-0.209143
0.439863
0.249855
-0.877743
-0.122166
-0.348247
0.730644
-0.275063
0.751457
0.536912
0.905271
0.668142
-0.350383
0.272866
-0.434004
-0.400433
0.555589
-0.870174
0.243019
-0.093661
0.375652
0.186743
-0.693716
0.659230
0.355571
-0.667837
-0.788141
-0.876461
-0.202368
0.363567
0.455489
-0.850398
0.140843
0.995911
0.795038
-0.246803
0.467208
0.593799
-0.694143
-0.798517
0.495895
-0.562059
-0.169713
0.914304
0.128513
0.340129
-0.616382
0.494675
-0.392254
0.417158
0.080660
0.200781
-0.648732
-0.161046
0.143590
0.171972
-0.475631
-0.639637
0.554491
0.720634
0.413373
-0.548143
0.915036
-0.996399
-0.338054
0.839351
-0.924375
0.384686
-0.566271
-0.732719
0.096774
-0.199072
-0.437117
0.296976
-0.895810
-0.554186
-0.244728
0.952086
-0.397565
0.080660
0.903623
0.024323
-0.193579
0.288064
0.577502
-0.147191
0.556078
0.978881
0.752434
-0.613208
-0.624928
-0.534410
0.839412
-0.652272
0.236976
0.415021
0.077364
-0.699332
-0.399884
-0.008209
0.352336
-0.551744
0.275491
0.506272
-0.496200
0.960143
-0.311563
-0.121616
0.182775
-0.349895
0.097934
-0.768914
0.322489
0.813227
-0.665273
0.924497
0.285195
0.035432
-0.377728
0.343913
0.747185
-0.211158
-0.958556
-0.244606
0.384686
0.624073
-0.796991
-0.461470
-0.577380
0.773125
-0.310892
-0.887875
0.110019
0.975036
0.826960
0.862789
0.182348
0.336100
-0.643056
-0.609729
0.376263
0.038362
0.558153
-0.617908
0.056246
0.708060
-0.607227
0.428816
0.017792
0.256508
0.233375
0.093905
0.528672
0.006439
-0.266335
-0.450484
-0.329142
-0.084140
0.407453
-0.908444
0.046052
0.712149
-0.523911
-0.154149
0.906613
-0.251564
0.548570
0.978515
-0.225135
0.395978
0.696158
0.722221
0.613697
-0.216773
0.483505
0.532090
0.609363
0.695730
-0.479965
0.682546
0.631336
0.448164
-0.907041
0.617969
-0.570666
0.542100
0.444502
0.369976
0.632008
-0.078951
0.256996
0.353801
0.608142
-0.364238
-0.093295
-0.144444
0.254189
-0.268105
0.050203
-0.476241
0.770074
0.173620
-0.895138
0.177282
0.485275
0.613819
-0.813044
-0.757927
0.798700
0.825495
0.068636
-0.870602
0.294229
0.604968
0.717215
0.867672
-0.905637
0.960753
0.979125
-0.698843
0.514756
-0.600146
0.970885
-0.832453
0.082064
-0.875423
0.739372
0.366253
0.977660
0.951353
-0.245888
-0.268532
-0.030793
-0.234901
0.794733
-0.378643
0.893918
0.321574
-0.205847
0.635792
-0.246376
0.209204
0.203040
0.775872
0.487472
0.784112
-0.565416
0.357280
-0.518845
-0.110263
-0.044893
0.990234
-0.121921
-0.824946
0.580798
-0.062410
-0.246498
-0.178259
0.544786
0.165563
-0.786004
-0.504929
-0.104709
-0.602893
0.486129
0.329142
0.789483
0.482650
0.054903
0.760491
-0.757073
0.399091
0.916135
-0.978820
-0.099704
0.190649
0.004486
-0.894894
-0.613697
-0.836604
0.859798
-0.980895
0.802728
-0.353618
0.593738
0.131870
0.931089
-0.368755
-0.779473
-0.567248
0.706290
-0.396344
0.413129
-0.486007
0.521043
0.878597
-0.252968
0.086947
0.925596
-0.248207
-0.503952
-0.152928
0.283853
0.780511
0.040498
0.498276
-0.049959
-0.494858
0.951292
-0.249733
0.526048
-0.074740
-0.187353
-0.898740
-0.235450
-0.958190
-0.154393
-0.782037
-0.321635
-0.221717
0.393963
0.725700
-0.580309
0.593066
-0.662893
-0.778558
-0.508774
-0.903806
-0.509262
0.322245
-0.148045
-0.017914
0.057833
-0.439680
-0.520127
0.591174
-0.806391
0.939695
-0.045808
0.413251
0.746208
0.964110
0.619800
-0.155553
-0.765069
-0.048799
-0.104099
0.510910
0.130345
-0.556261
0.291971
0.470931
-0.503281
-0.468917
-0.306681
0.608936
0.060762
0.893490
0.478256
-0.467025
-0.231544
-0.618885
-0.969909
-0.710807
-0.107089
-0.058199
-0.793512
-0.795465
0.754997
-0.292703
0.327494
0.171239
0.120273
-0.946287
-0.753777
0.685171
0.334086
0.446333
-0.935667
0.950682
-0.742912
-0.118076
0.053621
0.364055
-0.935423
0.742119
-0.652089
0.688833
-0.028779
0.868221
0.966918
0.234291
0.944029
0.672414
0.733940
-0.648610
0.466720
-0.904538
-0.348308
0.556749
-0.583605
-0.774529
0.296793
-0.402020
-0.883053
0.388897
-0.203528
0.774041
0.630116
0.526536
-0.049898
0.820551
0.347392
-0.332316
0.057527
0.674917
-0.054292
0.314188
-0.983154
-0.567248
-0.231849
-0.453291
0.254555
-0.191992
-0.306314
0.667165
0.049837
-0.590564
0.557054
-0.812189
0.816034
-0.853816
0.182348
0.981017
-0.098239
-0.925169
-0.907773
-0.598437
-0.525925
-0.999817
-0.044465
-0.805719
0.045808
0.142430
-0.164647
-0.001129
-0.789605
-0.816767
-0.699393
-0.734611
0.145909
-0.996521
-0.536180
-0.607715
-0.548875
-0.575365
-0.993896
0.899167
0.876705
0.266457
0.254189
0.447859
0.512314
0.034028
0.369610
-0.476852
-0.005585
0.545701
0.714591
0.586535
-0.704825
0.815424
0.455428
0.514573
-0.343303
0.500961
-0.532517
0.135655
0.231544
0.231422
0.602649
-0.323588
0.993347
-0.873959
0.382977
0.930845
-0.521043
0.817011
0.182775
-0.035432
-0.074007
0.288186
0.961119
-0.832942
0.366253
0.843745
-0.392315
0.463790
0.239296
-0.483139
-0.035188
0.500778
0.088473
0.233802
0.587268
-0.385235
-0.099582
-0.957030
0.302957
-0.599170
-0.347331
0.724174
-0.362774
0.690298
0.629933
-0.911985
-0.837275
0.750725
-0.927122
0.280496
0.837336
-0.477950
0.721732
-0.597095
-0.607044
-0.300455
-0.184362
-0.238685
-0.161596
0.477218
-0.886532
-0.942869
0.136509
-0.236000
0.494980
-0.168065
-0.879025
0.684866
0.707205
0.478072
0.713248
-0.820307
-0.181982
0.128758
0.502670
0.512497
0.939085
-0.260475
-0.247108
-0.497177
0.780389
0.673147
0.895993
0.292886
-0.399884
-0.898740
-0.422285
0.461715
0.111118
-0.464644
-0.683828
-0.699759
-0.093478
-0.202002
-0.164403
-0.941710
0.968322
0.749138
-0.860775
0.977294
0.819636
-0.921934
0.382550
0.919980
0.884396
0.475021
-0.390484
0.411176
0.616504
-0.506882
-0.584460
-0.099460
0.961180
-0.584826
0.597583
0.060640
-0.289712
0.436628
0.855708
-0.067415
0.315592
-0.523118
0.607959
-0.267800
0.720450
-0.066866
0.980590
-0.871639
-0.225379
0.686880
0.037019
0.806940
-0.207129
0.677602
0.307352
0.131809
0.820856
0.355266
-0.319010
0.716849
-0.829463
0.323954
0.725517
0.719779
-0.212317
0.489731
0.493393
-0.328471
-0.986389
0.024506
-0.120334
0.653676
-0.695486
-0.540574
0.593005
-0.365093
0.469832
-0.780999
0.802362
0.781365
0.992553
-0.090548
-0.478195
-0.448714
-0.005341
0.673513
0.796808
0.388104
-0.590686
0.924192
-0.247353
0.822626
0.922056
-0.230445
-0.430097
0.798822
-0.755303
0.442000
-0.552843
-0.965636
0.283975
0.043306
0.614978
-0.771050
-0.233985
-0.080905
0.463363
-0.067354
0.881710
0.974425
-0.155675
0.886776
0.513108
-0.756584
-0.386334
-0.349651
0.605213
0.025300
-0.527573
-0.675954
0.243934
-0.100925
-0.827265
-0.815973
-0.995849
0.930113
-0.851497
-0.961425
-0.870296
0.380047
0.635182
-0.879757
-0.892209
0.233680
0.339518
0.325053
0.200476
-0.145726
-0.276711
0.612293
0.495590
0.080721
-0.037446
0.376751
0.040010
0.078097
0.645070
0.606494
-0.382916
-0.744987
-0.731620
0.637440
0.731498
-0.440168
-0.398175
-0.680837
-0.637196
0.468184
-0.026460
0.402509
-0.947508
-0.025788
-0.453780
-0.037141
-0.115940
-0.101230
-0.356487
0.670827
0.920896
0.826167
0.189795
0.723075
0.663625
0.981811
0.325541
0.246071
-0.910703
0.365032
-0.739006
0.984680
-0.164403
0.447066
0.431196
0.088473
0.091159
0.748650
-0.986938
-0.191443
0.756340
0.608814
-0.130406
-0.083590
0.435530
-0.542650
-0.018464
0.658437
-0.175817
-0.095553
0.429914
-0.942259
0.052767
0.958129
-0.007782
0.376873
-0.449812
-0.316080
-0.585986
-0.448347
0.989685
0.618397
0.419111
0.412275
0.878292
-0.751640
0.520005
-0.500046
-0.645314
0.870357
-0.307840
0.295328
0.755425
-0.860408
-0.025971
0.668752
0.513535
-0.374981
0.054903
-0.634388
0.952086
0.678884
-0.086032
0.340068
-0.465926
0.936338
-0.427534
0.747978
0.132603
-0.243995
-0.978332
-0.586657
0.882199
-0.085238
-0.610706
-0.420698
-0.824641
0.868587
0.406293
0.757134
-0.633656
-0.107822
0.237159
-0.515000
-0.256630
-0.589221
0.736442
-0.189734
0.333903
-0.164953
0.192541
-0.694388
0.104099
0.212745
0.623524
-0.566027
-0.884701
0.009186
-0.315104
0.073214
0.200171
0.329386
0.254433
-0.986877
-0.279641
-0.106540
-0.245827
0.238197
-0.030366
0.079440
0.274209
-0.192358
0.782952
0.343913
-0.441206
-0.854366
0.916135
0.334819
-0.080966
0.554491
0.756584
0.007843
-0.866695
0.762139
0.929319
0.059297
0.398968
-0.681265
0.359539
-0.012116
-0.603565
-0.348064
0.355083
0.097873
-0.469405
-0.404340
0.270547
0.756096
-0.591296
-0.796136
-0.683950
-0.784417
-0.379681
0.661916
0.073641
-0.682119
0.880184
0.107883
0.281838
0.386883
0.596606
0.177160
0.453780
0.626331
-0.071505
-0.918638
-0.111057
-0.665761
0.393048
-0.964293
0.642140
-0.754143
0.086520
-0.154088
0.011811
-0.682180
0.581286
0.468123
-0.888913
-0.733268
0.560411
0.353862
0.082492
0.173925
-0.746330
-0.607410
-0.479904
0.468917
-0.263100
0.264748
0.661367
-0.395550
-0.843806
0.016755
-0.089450
0.735893
-0.058260
0.671987
0.257118
0.715873
-0.928892
-0.311075
-0.848933
0.719230
-0.553026
0.079501
-0.602527
-0.191870
0.449873
-0.999939
0.633351
0.752190
-0.270730
0.627979
-0.050935
0.413984
-0.704031
0.134983
-0.783319
0.014191
-0.022797
0.571764
-0.311991
-0.412214
-0.702261
-0.525925
-0.575915
-0.055574
0.849422
-0.994812
0.120212
0.444868
0.211097
0.444929
0.887020
-0.093600
-0.517747
0.839473
-0.448469
0.950133
-0.507675
0.623707
-0.959288
-0.898495
-0.252113
0.028657
-0.591662
0.957701
-0.818842
-0.913205
-0.929930
0.733573
-0.238380
-0.953063
-0.192419
-0.500595
0.033296
0.012604
-0.895627
0.422468
0.640248
0.614734
0.377117
0.324381
0.903195
0.532640
0.662709
0.868526
0.509262
-0.324870
0.326151
-0.312357
-0.622852
0.833552
0.349467
0.766411
-0.238746
-0.379009
-0.234352
0.389508
-0.344096
0.508347
0.799615
-0.030732
-0.436567
0.771050
0.278359
0.064425
-0.312418
-0.841914
0.873775
0.902768
-0.384564
-0.903378
0.739250
-0.279824
-0.449690
-0.756340
-0.896176
0.229041
-0.842769
-0.801691
0.385846
0.527024
-0.914792
-0.813166
0.388165
0.760979
-0.773186
-0.467757
-0.861446
0.856441
0.779290
0.722343
-0.063143
-0.373882
0.168188
-0.113010
-0.118748
0.859371
0.210303
-0.288919
0.320414
0.532884
0.191809
0.548753
-0.191565
-0.669851
0.986450
-0.018769
0.222205
-0.525864
-0.160375
-0.758477
-0.045991
0.822687
0.916440
0.382855
0.200720
-0.893857
0.404584
-0.782708
-0.602405
-0.769097
0.919797
0.352641
-0.640492
-0.988891
-0.727348
0.138462
0.465194
0.283120
0.663320
-0.538133
0.028108
0.380047
0.221290
-0.698416
0.677297
0.080844
0.943968
0.635975
-0.792901
0.078219
0.406232
-0.293497
-0.436689
-0.112033
-0.678396
0.519700
-0.736381
0.512375
-0.161168
-0.902341
-0.761834
-0.830195
-0.998108
-0.434980
-0.123508
-0.596301
-0.954772
-0.594714
-0.155797
0.882260
0.969115
-0.735282
-0.768426
0.202368
-0.622242
0.482040
-0.402875
-0.989563
-0.631336
0.877377
0.467330
0.751152
-0.465682
0.892758
0.856685
0.358440
0.140477
-0.117161
-0.630482
0.199866
0.542222
0.346477
-0.553514
0.587756
0.901242
0.596362
-0.682546
-0.954772
0.265847
-0.929930
-0.775201
0.506821
0.077486
0.149571
-0.521714
0.164769
-0.835322
0.755730
0.836543
0.609668
-0.711539
0.121860
0.253212
-0.758538
-0.699149
-0.462996
0.123508
-0.134739
0.978942
-0.907285
-0.027985
-0.082797
-0.999084
-0.784051
-0.234840
0.756584
-0.698355
-0.201209
0.839045
0.337138
0.345073
0.739189
-0.471603
0.569445
0.250649
0.703482
0.128025
0.687551
0.828852
0.647023
-0.251747
0.931761
-0.956359
-0.151463
0.627796
-0.139805
0.998596
-0.561388
0.465926
-0.397565
0.755425
0.955748
0.337077
0.366192
0.261269
-0.978881
-0.256996
0.510788
0.199805
-0.221778
-0.589526
-0.500046
-0.993957
-0.036225
-0.736747
0.045198
-0.936827
0.702322
0.353191
0.753716
-0.679922
-0.164525
-0.336161
-0.407697
0.287088
-0.401166
-0.849178
-0.519150
0.506821
-0.540574
-0.201514
0.326212
-0.299112
0.925047
-0.456587
0.810846
0.655019
0.139500
-0.233253
0.247414
0.904782
-0.924558
0.703238
-0.187536
0.284524
-0.863155
-0.249733
-0.528306
-0.597583
-0.015595
-0.861507
-0.091464
-0.896359
-0.603565
0.703177
-0.230262
-0.015961
0.976867
0.457503
-0.460433
0.017426
-0.476302
0.848262
0.355510
-0.641224
-0.040254
0.482223
-0.922117
0.385235
0.010956
0.997620
-0.074190
0.038118
0.325846
0.642506
-0.008026
0.528489
-0.285989
-0.877377
0.949095
-0.531968
0.450728
-0.718497
0.260109
-0.511399
0.578967
0.174657
0.204688
0.412336
-0.350993
-0.558519
0.034761
0.233009
0.618274
-0.845332
-0.428388
-0.828120
0.928526
-0.143101
-0.141575
-0.474044
-0.862117
-0.565538
-0.932005
-0.466048
0.227027
0.304056
-0.681875
0.398663
0.051973
0.326273
0.139927
0.772210
0.064608
-0.608020
0.478744
0.963805
0.416608
-0.096774
-0.799738
-0.837703
-0.655690
0.710379
-0.472518
-0.623890
0.792535
-0.930052
-0.581591
-0.451643
0.407819
0.183752
-0.801691
-0.089084
-0.914731
0.882687
0.078036
0.638844
-0.460677
-0.982604
-0.366619
0.868221
0.215430
-0.880734
0.269265
0.139683
0.851924
-0.107639
-0.202734
0.330485
-0.994385
0.100314
0.622425
-0.863155
0.506333
0.410810
-0.858638
-0.829585
-0.841853
-0.241432
-0.426313
-0.270608
0.195105
-0.208716
-0.482467
-0.627735
-0.052278
-0.040315
-0.355693
-0.088107
-0.914548
0.814386
-0.657643
-0.777276
0.363262
0.072665
0.124729
-0.292398
0.900998
-0.982604
0.011261
0.702383
-0.930174
-0.210120
-0.100803
0.551317
0.688406
-0.859676
0.562426
0.859737
-0.110446
-0.802484
0.591906
-0.078341
-0.009735
0.820734
0.590808
-0.613758
-0.986206
0.095859
-0.065218
-0.775384
-0.249245
-0.460860
-0.587512
-0.939634
0.362468
0.569689
0.056490
0.925779
0.362774
0.814570
-0.521470
-0.494308
0.135166
0.808344
0.021393
0.933409
0.796808
-0.350505
0.039033
0.850887
0.223548
0.176428
0.618824
0.231239
0.047029
-0.774468
-0.942808
0.725394
-0.562670
-0.466170
-0.598010
-0.238807
-0.009491
0.848506
-0.626514
0.291910
-0.632130
0.806024
-0.022980
0.556322
-0.549364
-0.856380
-0.880490
0.479415
0.180517
-0.195410
-0.457808
-0.876461
-0.875179
0.501328
0.382427
-0.746574
0.459456
0.297342
0.676870
0.076449
0.610034
0.771966
0.118503
0.221412
-0.433943
-0.671316
-0.619678
0.018159
0.292215
0.211585
0.651112
-0.859737
0.049654
-0.209937
-0.638478
0.674001
0.440474
0.586413
0.417158
-0.325419
-0.013031
0.521653
0.577380
-0.725455
0.058565
0.071200
0.111789
0.404157
-0.040986
-0.025239
0.022248
-0.514634
-0.013703
-0.961486
-0.596789
0.631153
0.277444
0.020539
0.766900
-0.195471
0.251320
0.910215
-0.100314
0.141270
0.461287
-0.657338
-0.752434
0.666005
0.173742
-0.100497
-0.583239
-0.544847
0.963317
0.388714
0.374004
0.851802
-0.298074
0.547166
-0.403363
0.342448
-0.853450
0.435835
-0.526109
0.610340
0.545518
-0.583666
-0.355266
0.826533
-0.488571
0.272561
0.021027
0.881100
-0.504379
0.038606
-0.861202
0.142979
0.171545
0.097018
0.235206
-0.768059
-0.458052
-0.891415
0.009857
0.497299
0.723746
-0.663137
-0.309854
0.633045
0.221534
-0.070345
-0.839412
0.072726
-0.490951
-0.280068
-0.586840
0.698416
0.719901
-0.890927
-0.674490
-0.711844
0.270547
0.184606
-0.835322
-0.235389
-0.777276
0.503586
0.409345
0.306070
0.198523
-0.236427
0.758843
0.384198
0.517930
0.414106
-0.483688
-0.210242
-0.806207
-0.330119
-0.636341
0.708670
-0.153661
0.031770
0.331095
0.911863
-0.404340
0.679373
-0.216102
-0.879025
0.223609
-0.867122
0.032807
0.611805
0.619617
-0.381146
-0.217505
0.118931
0.693106
-0.975829
0.458968
0.103610
0.622730
0.143590
-0.271706
-0.552660
-0.875668
0.738334
-0.480514
0.633839
0.935606
0.040254
0.863460
0.481429
0.867855
0.478927
0.861080
0.489303
-0.981811
-0.422346
0.092502
-0.140965
0.175695
0.316324
-0.219214
-0.745170
-0.313883
-0.536363
-0.978698
0.364055
-0.770745
0.132359
-0.609363
-0.911435
0.587207
0.091464
-0.753594
-0.941343
-0.050386
0.816156
-0.968688
0.643361
-0.071871
0.030732
-0.106296
0.666738
-0.360027
0.709159
0.936399
0.746879
0.451094
0.157689
-0.592334
0.206030
0.192114
-0.699576
-0.853999
-0.012665
-0.340007
-0.670278
-0.409345
0.871517
-0.734855
0.172216
0.671743
0.057344
0.297647
0.236061
-0.108432
-0.832148
-0.355449
0.941771
0.669973
-0.255531
-0.928526
0.483749
-0.054903
-0.707633
0.579455
-0.027131
-0.694388
-0.061007
-0.368999
0.316568
0.360942
0.767937
0.398114
0.538926
-0.732231
-0.108188
-0.206275
-0.852535
-0.237526
0.116855
-0.897214
-0.699515
0.331950
0.722343
-0.978088
0.936460
0.076327
0.045381
0.922666
0.234657
0.575243
0.176061
0.149327
0.971557
0.070956
-0.301248
0.165014
-0.666921
-0.720145
0.632618
-0.642628
0.747185
-0.854060
-0.536851
-0.682730
0.297891
-0.152379
0.363323
0.402264
-0.715690
-0.628773
0.722465
-0.601794
-0.513474
0.963683
0.039399
-0.909177
-0.299112
-0.224219
-0.758965
0.559740
0.107517
0.010590
0.489364
0.007843
-0.967895
0.886898
0.538682
0.978942
-0.225806
0.732658
-0.293008
-0.507981
-0.699271
-0.480758
-0.477279
-0.243202
0.655934
-0.850215
-0.890683
0.862972
-0.162816
-0.186071
-0.628468
0.675527
0.512009
-0.278481
-0.955809
-0.102695
0.850337
-0.814814
-0.332926
-0.605884
0.798517
-0.238807
-0.451888
0.555712
0.247353
-0.750420
-0.222633
-0.496567
-0.342448
0.100009
0.354228
0.959227
0.972961
0.799554
-0.509995
0.586352
-0.495895
0.000885
0.149937
-0.384259
-0.013703
0.050020
0.894406
0.569994
-0.028840
0.322916
-0.915159
-0.103122
-0.482101
-0.568285
-0.485336
0.326823
0.104892
0.935118
0.528611
0.764153
0.203528
0.864620
0.692862
0.526719
0.725455
0.380413
0.078524
-0.254250
0.497421
-0.131748
-0.778924
0.738029
0.546190
-0.209876
-0.182470
0.163182
0.443220
0.605762
0.225013
0.779351
0.005585
-0.952391
-0.177953
0.607715
-0.350444
-0.849116
-0.703787
0.321146
-0.363445
-0.797418
-0.418500
0.666799
-0.700430
-0.929807
-0.124729
0.737236
0.436445
-0.865047
0.696890
-0.745781
-0.967956
-0.830805
-0.115696
-0.793634
-0.701956
0.469161
0.757317
-0.929868
-0.143712
-0.447188
-0.389996
-0.936155
-0.370159
0.737907
-0.771111
0.610340
0.003449
0.192297
0.836421
0.402936
0.815973
0.263100
0.522446
-0.640126
0.631947
0.053926
-0.772454
0.926511
0.237831
0.487167
0.338664
0.536729
-0.527085
-0.098361
-0.438398
-0.951353
-0.911435
0.552049
-0.073397
-0.035920
0.000092
0.550951
0.608448
-0.753716
0.080477
0.798578
-0.408918
0.549791
0.150487
0.589282
-0.727714
-0.339457
0.877865
0.512619
-0.549242
-0.997864
0.569750
0.243873
-0.034944
-0.051546
-0.576342
-0.876949
-0.554247
-0.172704
0.796991
0.055757
-0.756462
-0.615589
-0.941343
-0.884457
0.595569
0.207801
0.585803
0.805414
0.091891
-0.788079
-0.533372
-0.803156
-0.493332
0.125645
0.473983
-0.999145
-0.946287
-0.755058
0.869625
-0.291543
0.032258
0.814753
-0.395917
-0.369243
0.615528
0.719718
-0.526841
0.291177
0.772576
-0.990539
0.793817
0.660634
0.839106
-0.604175
0.162084
-0.135960
-0.638844
-0.464827
0.856075
-0.911985
0.244484
0.908506
0.445235
0.462569
0.435041
0.111972
0.169591
-0.902097
-0.057100
0.369549
-0.348918
0.304605
-0.698355
-0.918699
-0.500961
-0.232154
-0.980651
0.219153
-0.626881
-0.197424
-0.614002
-0.617420
0.065401
0.259926
0.657643
0.327494
-0.835200
0.803583
-0.925169
0.779717
0.866146
-0.266518
0.562792
0.346294
0.721915
-0.311991
-0.046602
0.337382
-0.754265
0.537950
-0.985534
0.126377
-0.105258
0.783929
0.014313
-0.851924
0.716117
-0.229163
0.329386
-0.511643
0.403546
0.030793
-0.495773
-0.691519
0.026337
0.067293
-0.045991
-0.513474
0.645619
0.893857
0.987793
0.262062
-0.516404
0.638600
-0.144139
-0.402081
0.868954
0.528001
-0.756767
0.694876
0.523301
0.561693
0.655690
0.405072
0.085360
0.191809
-0.367473
-0.576220
0.529099
0.317972
-0.989135
0.627613
0.038728
-0.088168
0.302774
0.211524
0.908689
-0.417524
0.247902
0.242653
0.995483
-0.603687
0.605396
-0.426191
0.388714
-0.737114
0.245277
0.798822
0.215308
-0.800287
-0.395856
0.140049
-0.364666
-0.211341
0.566271
0.055269
0.520371
0.136204
-0.167333
-0.620472
-0.975524
-0.350017
0.841792
-0.245338
0.992859
0.944273
0.302347
0.578417
-0.263039
0.186865
0.403180
0.027863
0.418012
0.200293
0.760247
0.065889
0.074129
0.628407
-0.834895
0.146641
0.855464
0.483077
-0.803278
0.691031
-0.077670
-0.618580
-0.241676
0.724174
-0.690542
0.787530
0.603504
0.516770
-0.898862
-0.429975
0.912290
-0.732963
0.174352
-0.810968
0.981201
-0.875607
0.378277
0.824335
0.088290
0.336894
0.929380
-0.242775
0.597339
-0.313028
-0.155004
-0.680532
-0.637989
-0.098300
-0.915647
-0.279763
0.494125
-0.571764
-0.040925
0.065096
0.229225
-0.062410
0.375225
-0.144505
-0.350932
-0.964354
0.470626
-0.013703
-0.374676
-0.719718
0.208716
0.201880
0.968566
0.963683
-0.507920
0.903195
0.284158
0.726798
-0.690298
-0.918638
-0.425825
0.564623
-0.181005
-0.516831
0.895077
0.336344
0.908689
0.816095
0.281961
0.551134
0.499863
0.127232
0.598498
-0.716117
-0.547594
-0.294961
-0.625355
-0.023164
-0.343242
0.199805
0.696219
-0.791681
-0.466048
0.372539
-0.793634
-0.731864
0.555589
-0.213965
-0.715751
0.817255
0.345561
0.850642
-0.539232
-0.111362
0.926389
0.828913
-0.864254
0.429670
-0.327555
0.574389
0.200781
-0.903562
-0.466597
-0.582080
0.833430
0.413984
0.709830
-0.875484
0.915098
0.391339
-0.004059
-0.020478
-0.847285
-0.569689
0.400494
0.245766
0.949156
-0.391156
0.220679
-0.189367
-0.637440
0.290323
0.345073
-0.199194
0.339702
-0.088412
0.909665
0.628712
0.768242
-0.850032
0.532579
-0.984741
0.034150
-0.499008
0.755608
-0.650197
-0.476241
-0.958739
-0.356975
-0.442366
0.106235
0.226417
-0.362835
-0.116977
-0.664724
0.537217
0.871456
-0.799493
-0.236366
-0.215003
0.501999
-0.731437
-0.566393
0.890744
-0.377117
0.236305
0.605945
-0.051668
0.324137
-0.282937
-0.210913
0.386334
0.458174
0.740776
-0.867733
-0.960814
0.126011
0.898007
0.244179
0.941588
-0.711356
-0.012848
0.499435
0.657765
-0.458113
0.479293
0.896725
0.958556
0.822138
0.110385
-0.470687
0.658498
-0.408612
0.916379
-0.267739
0.425581
-0.742424
0.020966
0.967040
0.376385
0.537523
0.490890
-0.492660
0.268715
0.230995
-0.430952
0.988525
-0.907773
0.611499
0.600024
-0.118137
-0.046663
0.010224
-0.041414
-0.041597
0.817499
-0.516099
-0.704520
0.802240
-0.821589
-0.059359
0.411420
0.438032
0.681753
-0.062044
-0.927305
-0.866085
0.764458
0.140294
-0.918882
0.442976
0.635670
-0.270119
0.593860
-0.321574
-0.567797
0.445296
0.217383
-0.049165
0.151036
0.699332
0.556017
0.636586
-0.022675
0.604968
-0.420209
0.659474
0.676870
0.049776
-0.927671
-0.670217
-0.664907
-0.272561
0.102023
0.994263
-0.743034
-0.311319
-0.381024
0.494736
-0.160558
0.974670
-0.194067
0.366253
-0.771477
0.893979
0.495346
0.835017
0.770684
-0.492172
-0.034455
0.680044
-0.301675
-0.116001
0.428571
-0.370220
0.977111
0.443525
-0.478866
-0.908750
-0.243568
0.638356
0.113010
0.161290
0.685842
-0.504501
-0.256630
0.014740
0.018281
0.967895
-0.000885
-0.017060
-0.354656
0.276711
-0.852901
0.381939
-0.279946
-0.165136
0.332438
-0.374920
0.456526
-0.362163
0.655934
0.149205
0.326518
-0.076205
0.035371
0.858272
0.978393
-0.333781
-0.086825
0.055208
0.691763
-0.459639
0.283303
0.650929
-0.820734
0.370403
0.458907
0.629017
0.313456
-0.714042
0.297525
-0.920408
0.239113
0.375103
0.618824
0.447554
0.737602
-0.829646
-0.932066
-0.526109
-0.099704
0.867061
0.693228
-0.355998
0.678579
-0.610523
0.386334
-0.712821
0.069552
0.789972
-0.141331
0.665029
0.102084
-0.458113
-0.988647
-0.889767
0.669607
-0.710013
-0.065279
0.278848
0.023774
0.620106
-0.151341
0.578234
-0.259499
-0.589099
0.297647
-0.601123
-0.028901
0.330607
0.911313
0.253151
-0.208716
-0.960326
-0.955382
0.762566
0.460067
-0.335612
0.749443
0.756951
0.401593
-0.898679
0.408124
0.346965
-0.278176
0.717215
-0.712027
-0.845943
-0.926817
-0.995178
0.590808
0.718802
0.679189
-0.240272
0.018281
0.584643
0.331584
-0.662160
-0.472701
0.121128
0.173009
-0.103732
-0.365520
-0.853267
-0.922788
-0.187475
-0.759880
-0.584460
0.439192
0.944395
-0.976012
0.029695
0.187841
0.460372
-0.415632
0.839839
0.834712
-0.364055
-0.333659
0.896664
0.369121
0.077975
0.723746
0.015595
-0.185400
0.307047
-0.994934
0.517380
0.256935
-0.078036
-0.604114
0.472945
-0.841731
0.508042
0.571947
0.651357
0.768487
0.654775
-0.628101
-0.173925
0.446394
0.237648
0.105930
-0.819880
-0.295877
0.539293
0.870418
0.194800
-0.213233
-0.240516
-0.308817
0.490646
0.598865
0.884762
0.206336
0.548753
0.791864
0.676504
-0.683584
-0.892575
-0.176244
0.741935
-0.218848
-0.702933
-0.195593
-0.751152
0.620716
0.576098
-0.062288
0.848140
0.094699
0.529832
-0.625294
-0.634999
-0.107578
-0.404401
-0.711112
0.822993
0.311563
0.775750
-0.013153
-0.638173
0.753716
-0.598560
-0.133580
-0.386700
0.848750
-0.989929
0.643544
0.095187
0.520188
0.398236
0.600269
-0.811274
0.305216
-0.087436
0.051241
0.259743
0.240211
0.042451
-0.279824
-0.513108
0.625904
0.374920
-0.820185
0.959838
0.983764
-0.024323
-0.657033
0.608814
0.515793
-0.741142
-0.093966
-0.470565
0.381695
0.406964
0.338298
0.264016
-0.896176
0.404096
-0.968444
0.602649
-0.585314
-0.254372
-0.577197
0.466109
-0.142796
0.885617
0.901303
0.433760
-0.547655
-0.515366
-0.686331
-0.522202
0.745231
0.522019
0.879818
-0.316141
-0.457625
0.332682
0.329814
-0.993347
0.368511
0.633045
-0.921934
0.161168
-0.050752
-0.402631
0.243446
-0.779107
0.047945
0.047517
0.330180
-0.949156
-0.056246
-0.191687
0.381756
-0.409955
-0.111179
-0.240211
0.419416
-0.162145
-0.158238
0.649159
-0.021577
-0.459883
0.794977
0.444197
0.555101
0.147496
-0.706595
-0.008820
-0.820551
0.938963
0.457625
0.199438
0.768120
-0.031587
-0.177831
0.375713
-0.126560
0.396527
-0.695486
-0.430097
-0.457076
-0.895566
-0.386273
0.596973
0.835749
-0.610706
0.414289
0.796808
-0.266945
0.304239
0.555345
0.595080
-0.962828
-0.847835
-0.320109
-0.072848
-0.651234
