-0.553453
-0.892392
0.570055
-0.494797
-0.244850
-0.228248
0.624622
0.751701
-0.867244
0.244789
-0.482894
0.752861
0.253822
0.027619
-0.828425
-0.543992
-0.883175
0.602588
-0.291238
-0.202918
0.021027
0.752678
0.737236
0.076266
-0.312479
0.447981
0.945433
-0.567797
0.088107
0.610462
0.057100
0.226112
0.542772
-0.930113
0.212256
0.148045
0.649831
0.024689
0.836665
-0.140721
0.610279
-0.682119
0.062044
0.981445
0.509445
0.843196
0.759331
0.246193
-0.882199
0.391461
0.248024
0.617908
-0.225684
0.251808
-0.256203
-0.799432
-0.086337
0.878842
0.606738
0.743400
-0.198950
0.938658
-0.547472
0.555773
-0.963500
0.046419
-0.809381
-0.354534
0.390790
-0.492050
0.049043
-0.108432
-0.463729
-0.622425
-0.348735
0.065157
0.234596
-0.855464
0.205847
0.510544
-0.456038
0.361797
-0.128269
-0.701590
0.608692
0.527451
0.362346
-0.335124
-0.407575
0.533738
-0.150304
-0.452376
0.319803
0.994140
-0.767449
-0.967345
-0.813837
-0.237770
0.830012
0.523362
-0.099399
-0.045442
-0.436934
-0.555284
0.622242
0.789483
-0.312235
0.295633
-0.945250
0.555345
-0.859310
-0.139134
0.059908
0.019929
0.561022
0.395795
-0.647450
-0.406293
-0.949705
0.596667
-0.158483
0.559679
-0.266518
-0.832209
0.176000
-0.318339
-0.817316
0.799982
0.062593
-0.495041
-0.232521
-0.629933
-0.086032
-0.340251
0.992492
0.177526
-0.608020
-0.518235
0.886776
0.026826
0.408002
-0.738517
-0.494308
0.971496
-0.857479
0.434797
-0.390851
0.529649
0.647267
0.027375
0.577746
0.185766
0.591113
-0.333903
0.629627
0.989196
-0.286111
0.468612
-0.598865
0.063082
-0.451033
0.124668
-0.047151
0.836604
0.978393
-0.518479
0.263588
0.811151
0.182104
0.945372
-0.723930
-0.324808
-0.455245
0.011689
-0.444746
-0.420881
0.081576
0.237587
-0.377789
0.382061
0.946348
0.967467
0.027131
-0.315287
0.583911
0.125034
0.222266
0.459395
-0.909787
-0.615345
0.298563
0.090182
0.341166
0.034028
0.648244
-0.363872
-0.546434
0.840388
-0.384930
-0.870846
0.141392
0.233253
0.196142
-0.280190
-0.471969
0.116794
-0.143712
0.483261
0.979064
-0.377728
0.518662
0.697745
0.515793
0.115696
0.793573
-0.591601
-0.624989
-0.229102
-0.492111
-0.911313
0.274331
-0.977844
0.598071
-0.788263
-0.052583
-0.791864
0.428388
0.544725
-0.488021
-0.280984
-0.401715
-0.022065
-0.768731
-0.038667
0.299722
0.702200
-0.766655
-0.549608
-0.711905
-0.454390
0.749382
0.345195
-0.470626
0.283792
-0.565661
-0.263833
0.584521
0.734367
-0.667776
0.000702
0.795709
0.450056
-0.952208
0.535997
-0.664785
0.820978
0.688650
-0.815485
-0.819514
0.400616
-0.861507
0.663076
-0.923032
-0.734001
0.225806
0.307779
-0.447920
-0.773858
-0.651418
0.448592
-0.957274
-0.309488
-0.880306
-0.274941
-0.802179
0.009796
-0.406842
0.655690
-0.580004
0.102451
-0.364360
-0.226112
-0.292825
0.178442
-0.995056
-0.356792
-0.141636
-0.626698
-0.301981
-0.936705
0.104343
0.104770
0.130467
0.780328
-0.772637
-0.035310
0.711295
-0.986816
-0.768792
-0.041536
0.374371
0.109897
0.624500
0.904843
0.629627
0.643422
-0.619984
0.807978
0.695730
0.263283
-0.367473
-0.984924
0.277932
-0.387555
-0.823542
-0.028169
-0.447432
0.623829
-0.172033
0.386883
0.921445
-0.492904
-0.287942
0.620533
0.097690
-0.258889
-0.461715
0.107578
-0.913388
-0.619007
-0.072665
-0.372051
0.623646
-0.004730
-0.149754
0.237770
0.631153
-0.456038
-0.755547
-0.327189
0.258217
0.510605
-0.132847
0.037324
0.064241
-0.399091
-0.549913
-0.409711
-0.090182
0.319926
-0.782769
0.442183
-0.882870
0.741081
-0.171667
0.973815
0.462569
-0.221473
-0.188940
0.790948
0.563341
0.276833
-0.456709
-0.973815
0.221778
0.228370
0.849483
-0.198767
-0.711234
0.433149
-0.728080
-0.338420
-0.390790
-0.088107
-0.918638
0.796503
0.612354
-0.613880
0.087252
0.856807
-0.891598
0.136448
0.311869
-0.817621
-0.144017
0.552660
-0.409528
0.252968
0.460005
-0.312113
0.159337
0.173437
-0.834712
0.128880
-0.705618
-0.992859
-0.893124
-0.504929
0.063936
0.769524
-0.420392
0.879757
-0.743950
-0.106174
-0.110080
-0.456221
0.545274
-0.017426
0.352336
0.177648
-0.040620
-0.343608
-0.007294
0.040559
-0.290139
-0.687063
-0.478744
0.292032
-0.551927
-0.391156
-0.862728
0.827143
-0.990661
-0.523789
-0.271035
0.927915
-0.291421
0.487411
-0.970519
-0.955931
0.248207
-0.620594
-0.706778
0.015046
0.302774
-0.448286
0.053865
-0.954588
-0.158727
-0.652028
0.526902
0.747490
-0.749382
-0.063082
-0.780694
0.562181
0.322062
0.602100
-0.691336
0.871883
-0.836604
0.254921
-0.645619
-0.883419
-0.899960
0.983093
-0.096713
0.227088
0.626087
0.445845
-0.447554
0.686392
0.469039
0.930357
-0.968444
0.533128
0.830439
-0.120151
0.867183
0.618519
0.864498
-0.292276
-0.808771
-0.569994
-0.542405
-0.291360
-0.742485
0.793512
-0.628590
-0.119846
-0.773370
0.767144
-0.188818
-0.533067
-0.216407
-0.960753
-0.517441
0.040071
0.149632
-0.857845
-0.800226
-0.075961
0.051363
0.795465
0.105869
-0.216041
0.209387
0.690115
0.570055
0.185400
0.908444
-0.972900
-0.177709
0.939268
-0.786981
0.122227
-0.610706
-0.955687
0.389142
0.389325
0.393719
-0.959593
0.095981
0.015534
-0.221473
0.583422
0.909787
-0.359478
-0.479232
-0.944029
-0.258095
0.351421
-0.105014
0.025971
-0.285867
0.307352
0.850642
-0.635304
-0.946532
0.304910
0.565111
-0.162023
0.568834
-0.402020
-0.765191
-0.017609
0.272439
0.283670
-0.832575
0.079196
0.708304
-0.433149
-0.762993
-0.961669
-0.450179
0.217139
0.765252
-0.994934
-0.969787
0.528306
0.890866
-0.498032
0.766594
0.095492
0.489547
-0.081820
-0.458663
0.720573
0.707694
0.159337
0.603626
0.758904
-0.828486
0.269692
0.051912
0.220252
-0.065401
0.839717
0.862178
0.936277
0.225990
-0.989013
0.121738
-0.893979
0.061983
-0.108005
0.034150
0.534532
-0.216468
0.195471
0.254982
-0.127049
-0.418439
-0.088229
0.122593
0.177709
0.073702
0.829707
0.345927
0.096225
-0.006073
-0.282815
0.711722
0.995911
0.057833
0.975219
-0.626148
-0.654408
-0.933409
0.576037
0.287332
0.664418
-0.688467
0.100009
0.348735
0.349101
-0.658193
0.681997
0.807184
-0.307291
-0.841975
-0.319681
0.506272
0.407453
-0.105808
-0.118503
-0.478683
-0.036348
-0.949583
0.051912
0.753349
-0.942198
-0.661306
0.650075
0.042329
-0.477706
0.204871
-0.488449
0.363262
-0.011872
0.088351
-0.681143
0.665639
-0.384808
0.483261
-0.331034
0.921079
-0.799249
-0.137913
-0.448653
-0.060274
-0.020539
0.525987
-0.951842
-0.481002
-0.572802
0.442610
0.069918
-0.513291
0.381634
-0.865047
0.938902
-0.798456
0.791498
-0.316019
0.632313
0.072604
0.406903
-0.093844
-0.501511
0.661184
-0.275491
0.769951
0.258156
0.927244
-0.501938
-0.887387
0.103183
-0.817133
0.128452
0.721000
-0.294351
0.315104
-0.755242
0.837153
-0.050264
0.840510
0.790094
0.152928
0.198218
-0.644765
-0.077609
-0.644826
0.907224
-0.058809
-0.954466
0.284158
0.400739
-0.908017
-0.718925
0.767693
0.618091
-0.278787
0.694021
-0.806269
-0.353679
0.814875
-0.415021
-0.116245
-0.149693
0.291055
0.161779
-0.670888
-0.587024
-0.370952
0.901303
0.353679
0.098483
-0.169347
0.916562
0.264016
-0.950011
-0.724235
0.639088
0.051424
-0.564257
-0.964904
0.131199
0.706107
-0.245399
0.202612
-0.661367
-0.292154
0.614978
0.809626
-0.401898
-0.245094
0.798334
0.883663
0.710440
0.793268
-0.579394
-0.785394
0.893124
-0.590320
0.003876
0.389935
-0.075961
0.650258
-0.729728
-0.338115
0.789422
0.327128
0.471603
0.209754
0.147496
0.876522
0.066073
0.358928
0.921934
0.829218
-0.444258
-0.681021
-0.663991
0.957701
-0.703787
-0.995178
-0.298868
-0.839106
0.091586
0.501328
-0.728690
-0.849788
-0.613086
0.735527
0.477218
0.998291
-0.128574
-0.081454
0.850764
0.614124
-0.696524
-0.681082
-0.045808
0.206030
-0.628468
-0.068880
-0.374187
0.795709
0.402203
-0.399579
0.853816
0.845332
-0.271462
-0.831843
-0.408063
0.060518
0.531663
-0.801935
0.829646
0.431745
0.966124
-0.152074
-0.772759
-0.423872
0.384503
-0.552110
-0.368572
0.443098
0.471236
0.348186
-0.218665
0.444990
0.099033
-0.400739
0.518723
0.076937
-0.278848
-0.973754
-0.185278
0.086886
0.110569
0.260292
-0.074740
-0.741142
-0.740226
-0.710318
-0.012116
-0.127537
0.253151
0.092929
-0.627186
0.900021
-0.075777
-0.083651
0.100070
0.005219
-0.889035
-0.241554
-0.364544
0.404706
0.321268
0.624683
0.378521
-0.345012
-0.379742
-0.887265
-0.846553
0.428755
0.554064
0.894162
-0.982482
0.340495
0.920286
-0.348552
0.697439
0.886837
0.198828
0.035676
-0.032380
0.561876
0.455489
0.205542
0.282388
0.210608
0.530992
0.511582
0.974303
-0.316019
0.326762
-0.113498
0.331706
-0.143712
-0.997925
0.506211
-0.132664
-0.931028
-0.106967
0.281655
-0.908689
0.062593
-0.033540
-0.253822
-0.900082
0.459212
0.622791
0.899350
0.293863
0.858516
-0.342692
0.570544
0.537523
-0.390301
-0.804254
-0.135472
-0.927610
0.321146
-0.586291
0.251381
0.496933
-0.828547
0.854549
-0.136204
0.124790
0.083529
-0.843074
0.563707
-0.964537
0.824091
-0.994324
-0.659108
0.127720
0.092318
-0.882931
0.606311
-0.509873
0.658376
-0.927976
0.942015
0.400555
0.615833
-0.190222
0.871517
0.266396
-0.190588
0.593616
-0.789117
-0.180456
-0.498398
0.262490
0.565905
0.877377
0.339335
-0.420515
-0.465560
-0.017853
0.684500
0.491195
0.180456
0.232948
0.369976
-0.890805
0.337870
0.620533
-0.055818
0.227088
-0.689138
-0.821162
0.465926
0.184668
0.529954
-0.734062
-0.086886
-0.107089
-0.272073
-0.714408
-0.732963
0.831172
0.198401
-0.836970
0.334574
-0.170385
-0.302225
-0.112339
0.371624
-0.550584
0.555345
-0.566515
-0.430097
-0.226966
-0.447859
-0.627613
0.468917
0.416974
-0.867611
-0.509873
-0.643117
0.580187
0.508896
0.719352
0.722098
-0.060457
0.226051
-0.298746
0.817438
0.206030
0.742058
-0.710990
-0.599048
0.153050
0.593066
0.304544
-0.285073
-0.069857
0.702322
0.862239
-0.235084
-0.525376
0.395672
0.571093
0.962889
0.832942
-0.312784
-0.071139
-0.804437
-0.795282
-0.603137
0.219520
0.381878
0.522507
-0.338237
0.227271
-0.420209
0.378277
0.405927
-0.920103
-0.292032
0.110996
0.328288
-0.467025
0.942198
0.866390
-0.026460
-0.991882
0.850398
-0.558519
-0.552965
0.698111
0.328349
0.727897
0.337077
0.049776
-0.601001
0.564074
0.406476
0.940062
-0.062777
-0.189001
0.616138
0.854060
-0.617298
-0.537217
-0.956603
-0.619129
0.504318
-0.395245
-0.742546
-0.662038
-0.723258
0.032136
-0.286233
0.836360
-0.065889
-0.659291
-0.269143
-0.399396
-0.739250
0.303568
0.612232
-0.145360
-0.816645
0.344340
-0.526109
-0.913205
-0.273476
0.921934
0.343059
-0.994079
-0.606555
0.636586
0.087497
0.001617
-0.964232
-0.127781
-0.259682
-0.579089
0.273415
-0.214393
0.781304
0.973998
0.528184
-0.543809
0.937986
-0.419599
-0.267251
0.008332
-0.931211
0.971007
0.778741
-0.481246
-0.309549
0.353984
0.764214
-0.478195
0.712882
-0.538011
-0.894040
0.924558
0.942930
0.289163
-0.423444
0.144871
0.920957
0.832698
0.329875
-0.715506
-0.348735
-0.849361
0.977599
-0.850215
0.790277
-0.951109
0.779046
0.932615
0.853023
-0.290872
-0.993469
-0.636219
-0.996704
0.570971
-0.450850
-0.847896
0.987060
-0.219520
0.817377
-0.479476
0.773247
-0.482406
-0.989380
0.652577
0.464278
0.514878
-0.188757
0.861812
0.038728
-0.919919
0.566210
0.295877
-0.512192
0.935728
0.019562
-0.011200
0.909909
-0.813654
-0.341166
0.073092
-0.876583
0.728751
-0.263588
-0.035798
0.363140
0.414716
0.029756
0.331095
-0.380413
-0.718863
0.401959
-0.336711
0.186621
0.158422
-0.773980
-0.750969
-0.022004
0.970641
0.734733
-0.624378
0.175756
-0.960631
-0.641530
0.564928
0.773919
0.704337
0.114658
0.656667
0.578173
-0.427656
-0.890622
-0.448042
0.226234
-0.291910
-0.784173
0.429243
-0.210730
-0.921079
0.990417
-0.754448
-0.481796
-0.434553
-0.110446
-0.664724
-0.702567
0.851741
-0.149632
0.919553
-0.632679
0.506516
0.296670
0.337321
-0.120579
-0.431684
0.633106
0.812860
-0.154210
-0.052705
-0.709281
-0.430219
-0.954405
0.955443
-0.614856
-0.893979
-0.548997
-0.721366
0.050813
-0.559008
-0.264626
-0.297281
-0.486312
-0.852107
-0.574328
0.905393
0.964232
-0.015595
0.262307
-0.372723
-0.705741
0.932127
-0.671926
-0.464888
-0.240761
0.460250
-0.490463
0.087436
0.628773
0.823420
-0.147435
-0.282266
0.888180
-0.792718
-0.624805
0.646596
-0.947020
-0.465316
0.899899
-0.365886
0.159764
-0.255898
0.467635
-0.012177
0.994629
0.353252
0.897153
-0.864681
0.622608
-0.879330
-0.949522
-0.922544
0.280923
-0.382733
-0.631458
0.031587
-0.302774
0.520310
-0.761528
0.579516
-0.103244
-0.557237
0.755669
0.631520
-0.440352
0.110630
0.442488
0.519395
0.992309
0.699759
-0.512803
0.530992
0.773675
0.145665
0.064547
0.198279
-0.859432
0.238868
0.300272
-0.347636
-0.826350
0.317057
-0.556261
0.356975
-0.154149
0.368206
-0.190405
-0.466536
-0.002106
-0.644215
-0.948851
-0.409955
-0.699149
0.579638
-0.671194
0.866756
-0.729301
0.883847
0.935301
-0.990112
0.395001
-0.474593
0.940245
-0.712027
0.435896
-0.484664
0.417280
-0.839167
-0.028169
-0.755303
0.815180
-0.584094
0.239113
-0.791314
-0.963744
-0.816950
-0.662648
-0.359600
-0.215552
-0.859127
-0.139256
-0.132298
0.744926
0.226905
0.017365
-0.794855
-0.841365
0.164098
-0.700980
0.193396
-0.645802
-0.883419
0.765435
-0.001373
-0.201575
0.786493
-0.997497
0.785333
-0.770562
0.264626
-0.179235
0.873409
0.434614
0.947996
0.752983
-0.506638
-0.765130
-0.164342
0.415998
0.951964
-0.761040
-0.483505
-0.201819
-0.980651
-0.070467
0.160558
-0.465072
-0.646901
0.644093
-0.173070
0.235023
0.768303
0.012299
0.400616
-0.079501
-0.831416
-0.586230
-0.529649
-0.358074
0.950133
0.017182
-0.538682
-0.667653
-0.310404
-0.036225
0.333048
0.961791
0.931394
-0.741264
-0.843135
-0.945128
0.883358
0.931394
0.885311
-0.365154
-0.163366
0.027497
-0.376141
-0.345073
0.119602
0.996399
0.720939
-0.018525
-0.600024
-0.965148
0.985351
-0.010346
-0.852779
-0.049043
-0.654042
0.835139
-0.933103
0.109043
-0.734916
-0.535813
-0.679006
-0.979797
-0.782037
0.424665
-0.654653
0.139622
0.551683
-0.460250
-0.922239
0.432539
-0.965148
0.507920
-0.592151
0.273598
-0.587756
0.491134
-0.336711
0.239601
-0.725761
-0.246254
0.942625
0.360088
-0.443098
-0.585314
-0.891232
0.386944
-0.017853
0.375469
0.255348
0.646168
0.752617
-0.513718
0.457381
0.034272
0.812433
0.013276
0.620716
0.721793
-0.012787
0.468673
0.240699
0.125767
-0.684561
0.867122
0.884030
-0.284829
0.883663
0.469771
-0.794549
-0.789911
-0.522324
0.079684
0.312601
-0.261635
-0.636219
0.950194
-0.709891
0.511338
0.510239
-0.630970
-0.302469
0.582202
-0.437056
0.981201
0.851314
0.248573
-0.111850
-0.088412
0.705130
-0.338115
-0.006745
0.752373
0.140294
-0.793268
0.639515
0.474654
-0.521592
-0.787896
-0.041597
0.329630
-0.970214
-0.443098
0.884457
0.799554
0.488998
0.732658
0.217139
-0.337199
0.990600
0.926145
-0.375958
0.234230
0.638112
0.683218
-0.102145
-0.156224
-0.682424
-0.281838
0.779839
-0.383831
-0.391217
-0.570788
-0.337809
-0.386151
-0.393048
-0.316080
-0.517808
0.405255
0.466964
-0.563158
-0.880551
-0.878109
0.482467
-0.258705
0.610218
-0.933836
0.513169
0.718497
0.490402
0.932127
0.571886
-0.954161
-0.420026
0.702017
0.384198
-0.472152
0.521470
0.281716
-0.266274
-0.689138
-0.615772
-0.063753
-0.595447
0.305582
0.648793
0.588916
0.533982
0.378094
-0.118870
-0.953978
-0.812006
0.874203
-0.587756
0.210486
-0.027863
-0.962645
-0.666799
-0.655019
-0.510727
0.883847
-0.880428
0.449934
-0.541612
-0.902402
0.196875
-0.184179
0.305460
-0.492782
0.760430
0.814997
-0.960326
0.706900
-0.838984
0.993347
0.227638
0.385052
-0.829768
-0.474410
-0.123264
0.922422
-0.563707
0.096896
-0.957579
-0.178503
0.444685
-0.728446
0.970031
-0.468612
-0.705802
-0.586230
0.583789
0.229225
-0.396710
0.220679
0.136937
0.121006
0.856136
-0.068331
-0.166051
0.824946
0.503891
0.276101
-0.762078
0.398724
-0.867916
0.221412
0.275796
-0.425459
0.006439
0.584582
-0.346660
0.300089
0.939024
-0.974181
0.913327
-0.670644
-0.721305
0.539964
0.322367
0.596240
0.953185
-0.779229
0.780633
0.879086
-0.348857
0.928587
0.927488
0.600635
0.082064
0.602832
-0.257912
0.429792
0.420148
0.178747
-0.955199
-0.972411
-0.099094
0.804376
-0.904172
-0.498825
0.784417
-0.579455
-0.746330
-0.874020
-0.710074
0.767632
-0.539476
-0.098666
0.327799
0.879147
-0.498459
0.499374
0.827570
-0.872555
-0.372967
-0.828181
0.683340
0.882199
-0.426984
0.176122
0.227454
-0.155858
-0.340251
0.610401
-0.553148
0.118137
0.823847
0.930357
-0.205298
-0.913877
0.248451
0.580432
0.341838
-0.856136
0.403790
0.851619
0.149266
-0.636830
0.309671
0.977905
-0.367351
-0.857540
-0.859554
0.165441
0.745170
0.650380
0.298685
0.404889
0.789178
-0.069002
-0.016266
-0.696219
0.169469
0.312601
-0.990661
0.500961
-0.599475
-0.781732
-0.703726
0.225135
-0.320414
0.404828
0.528977
-0.438887
0.339457
-0.886959
0.266335
0.751885
-0.507981
-0.612781
0.236549
0.731376
0.312174
-0.341350
-0.834101
-0.444136
-0.678457
-0.783074
0.956236
-0.546373
-0.112339
0.868160
-0.694510
0.898129
-0.829585
-0.760979
0.598071
0.161473
0.004975
-0.813288
-0.160253
-0.720267
0.367168
-0.930723
-0.489914
0.225013
-0.067904
0.363689
0.085238
-0.152989
0.855892
0.727042
0.254067
-0.853328
-0.496323
-0.040620
0.405988
0.455733
0.735160
0.017975
0.584521
-0.993835
0.278665
-0.855708
-0.874081
0.686209
0.047212
-0.832942
-0.865535
0.155919
-0.292398
0.043489
0.894162
-0.725761
0.816950
0.701285
0.827143
0.166356
0.836970
0.243995
0.316019
0.571032
-0.659169
0.582263
0.739494
0.021210
-0.276772
0.328898
-0.474715
-0.581896
0.726554
0.589404
0.389752
-0.437056
-0.903073
0.005097
-0.262490
-0.792474
-0.318949
-0.047456
0.033845
0.187963
0.276894
0.121006
-0.038179
0.201514
-0.449263
0.345256
0.030305
0.791803
-0.666128
0.414533
0.476852
-0.897275
-0.390362
-0.534959
-0.820185
0.964782
-0.494919
-0.849300
0.557604
-0.433149
0.598987
-0.478439
-0.899045
-0.563097
-0.141942
-0.646352
0.452132
-0.185705
0.515976
0.763970
-0.192358
-0.226356
0.204627
0.258644
-0.392193
0.866512
0.653188
-0.083651
-0.677480
-0.679373
0.265114
0.848506
-0.851924
0.200598
-0.112766
-0.799738
0.426435
-0.600269
-0.917722
-0.445967
0.599109
0.027558
-0.781915
0.416059
-0.490280
0.753655
0.685659
-0.680593
0.865963
0.670949
0.558214
0.082247
-0.325907
0.241615
0.005097
0.831111
-0.540513
0.887020
-0.228858
-0.694876
0.083834
0.784722
-0.371685
-0.937132
-0.027009
-0.564745
-0.038728
0.925047
-0.432417
0.561022
-0.749809
-0.123325
-0.191565
-0.101169
-0.987732
-0.412336
0.469955
-0.548997
0.265603
0.344279
0.153294
0.754509
-0.623402
-0.299112
0.752800
0.732963
0.754936
-0.308817
0.206885
0.693167
0.114231
-0.727287
0.347087
0.028047
-0.387799
-0.038301
-0.342936
-0.809931
-0.818110
-0.911008
-0.245705
-0.504135
-0.633290
0.544908
-0.593066
0.325541
-0.027802
0.073641
0.898190
-0.720450
-0.153417
-0.817499
0.551073
-0.145482
0.102573
-0.389752
0.225867
0.201331
0.093234
0.227210
-0.397687
-0.472396
0.454268
0.003204
0.059969
-0.292459
0.525193
0.149815
-0.031648
0.660939
0.461653
-0.545518
0.199927
-0.935789
-0.647755
-0.556017
-0.321879
0.956664
-0.348979
0.602222
-0.226661
-0.197668
-0.760430
0.901181
-0.641469
0.573168
-0.570116
-0.424482
-0.662099
-0.587207
0.221717
-0.976806
0.460860
-0.554369
-0.874203
0.993164
-0.767144
0.292398
0.866634
-0.381146
-0.262551
-0.144017
0.275674
-0.903867
0.180273
-0.061495
-0.310282
0.185583
-0.031709
0.253517
-0.835505
0.130711
0.137059
0.394757
0.818171
0.879574
0.937559
0.324870
0.057527
-0.019074
-0.603870
0.946104
-0.095492
0.219459
0.659902
-0.685171
0.025849
-0.948424
-0.061617
0.064364
0.404096
-0.095431
0.857479
-0.403912
0.661550
0.401227
-0.966247
0.603504
-0.575488
-0.426923
0.686148
-0.509934
-0.809076
-0.875546
-0.906796
0.244789
-0.481796
0.809626
0.712333
-0.663259
0.476608
0.985534
-0.229835
-0.807855
0.468307
0.403241
-0.860714
0.815424
0.613758
0.300150
0.311869
-0.882382
-0.983581
0.855098
0.283792
-0.485397
-0.780755
-0.930723
0.161290
-0.643422
0.164586
0.136265
-0.697195
0.752800
-0.029084
-0.638661
-0.738395
0.352947
0.838496
0.212561
-0.830195
0.648366
-0.883663
0.945250
-0.107944
0.354717
-0.197790
-0.282022
-0.098422
0.439985
-0.088412
0.172948
0.094150
-0.641041
-0.178014
0.630970
0.034700
0.057283
0.127781
0.112705
-0.973815
0.307657
0.080294
-0.136143
0.352031
0.940611
-0.692312
-0.068331
-0.488327
-0.467757
0.839900
0.854793
-0.140782
0.111667
0.322550
-0.471541
-0.743522
0.449812
0.358013
-0.887692
0.011689
-0.506211
0.503830
0.274636
0.916257
0.507675
0.050142
-0.294534
-0.809381
0.482406
-0.936460
0.723014
-0.845576
-0.621021
-0.095431
-0.188452
-0.570116
-0.235145
0.567064
-0.761834
-0.505600
0.408185
0.145970
-0.083895
-0.607532
0.391278
0.747002
-0.283670
-0.579455
-0.693899
-0.850337
-0.958495
-0.402936
0.094577
-0.144871
0.764763
-0.269997
0.095309
-0.394330
0.864193
-0.105258
0.860836
-0.637257
-0.063265
0.134312
0.305521
0.932920
0.329875
-0.804804
-0.250465
-0.916135
0.996338
-0.889340
-0.581286
-0.057161
0.821711
-0.556200
0.964293
-0.246559
-0.197851
0.003937
0.564745
-0.246010
-0.539232
-0.152318
-0.827692
-0.278237
-0.435347
-0.934385
-0.533738
0.955992
-0.794794
-0.647511
0.075716
-0.140721
-0.695730
-0.383343
0.634632
-0.976989
0.608325
-0.630848
0.231117
0.128819
0.233924
-0.223060
0.814386
0.286599
0.825922
0.750053
-0.168615
-0.014069
-0.608081
0.688711
-0.320780
0.310160
-0.125401
-0.984191
0.469893
-0.671072
0.525071
0.307352
-0.222694
-0.869381
0.139317
-0.167943
-0.176916
-0.034272
0.220923
-0.684988
-0.273904
0.595569
-0.868770
0.735405
-0.641591
0.975219
-0.708853
0.972289
0.658071
0.565294
-0.504379
-0.889523
0.960997
0.585131
-0.250343
0.589892
-0.084201
-0.480331
0.269509
0.416669
0.542344
0.193396
0.967528
-0.971252
-0.002411
-0.277932
-0.610462
0.663930
0.611072
0.657216
0.261391
-0.994934
0.752373
0.633229
-0.550035
-0.859920
0.092929
0.831965
-0.178930
0.238075
0.825312
0.575488
0.710318
-0.612964
-0.598682
0.360515
0.069674
-0.596484
0.353008
0.646901
-0.647023
0.427473
0.757439
0.712088
0.201147
0.115024
0.908872
0.885067
0.991577
0.241188
-0.239479
0.471297
0.312967
0.525437
0.698294
0.681570
-0.571764
-0.508042
0.208594
0.877438
0.788934
-0.821589
-0.995911
-0.554430
0.661733
-0.496078
0.168249
-0.513657
0.932127
-0.889706
-0.118076
-0.481735
0.145054
0.488205
-0.704825
0.844478
0.847591
0.201147
-0.894711
-0.663137
-0.706473
-0.256081
-0.595264
-0.491928
0.575182
-0.223304
0.361187
0.848384
0.323099
-0.237770
0.291787
-0.147740
0.472457
-0.540147
0.694998
-0.825983
-0.145665
0.448042
0.801263
0.224830
0.847285
0.272011
-0.170263
-0.572619
-0.021699
-0.898618
-0.851558
0.112522
0.840876
-0.014924
0.993835
0.357280
0.956114
-0.607654
0.489547
-0.569811
0.560411
-0.679983
0.350932
-0.195837
-0.619068
-0.244911
-0.258583
0.059725
0.462081
0.811335
-0.789178
0.321940
-0.894955
0.268593
-0.347636
-0.027070
-0.016327
0.883358
0.842097
0.613147
0.497665
-0.168126
0.122410
-0.399213
-0.572497
0.226905
0.820673
-0.211402
-0.265664
-0.686514
0.773247
-0.537217
-0.906735
-0.611438
-0.910154
0.781854
0.645436
-0.744926
0.769036
-0.634571
-0.339396
-0.975768
-0.322733
0.012848
-0.456709
0.077486
-0.113742
0.861812
-0.177709
-0.998779
-0.882076
-0.697684
-0.212867
-0.692801
0.834590
-0.450606
-0.833247
-0.250465
0.101718
0.784600
0.568041
-0.947020
0.773858
0.393353
0.311014
-0.136692
0.812983
-0.423261
0.149510
-0.267373
0.398358
-0.802240
0.283425
0.760369
-0.967833
-0.067232
0.610950
0.049043
-0.520066
0.462508
-0.843440
0.745598
0.175024
0.667409
-0.262612
-0.782830
-0.778314
-0.611927
-0.195654
-0.561876
0.065950
0.065523
-0.598865
-0.559252
0.032868
0.572069
-0.336711
0.297647
-0.432478
0.546861
-0.680532
0.638295
-0.983154
0.547411
-0.141697
-0.486618
0.026093
0.330180
0.062349
-0.580004
-0.777154
0.572314
0.092441
0.298318
-0.033052
-0.494430
-0.689688
0.910092
0.007111
0.230262
0.901608
0.506943
-0.960326
-0.591784
0.281228
-0.755242
0.588000
-0.088595
-0.087619
0.904965
-0.786676
0.612537
-0.105930
-0.744316
-0.379192
-0.032502
-0.774468
-0.314982
-0.778008
0.016205
-0.035615
0.489731
0.717215
0.885067
0.048433
-0.095920
0.259865
0.544481
-0.725578
0.413739
-0.234779
0.547777
0.577868
-0.833247
0.926634
0.744560
0.675161
0.295694
-0.499863
0.187536
-0.867061
-0.038972
-0.577136
-0.743339
-0.075350
-0.068758
-0.675771
-0.426191
0.538072
0.509262
0.995422
0.364360
0.696524
0.620045
0.377422
0.657094
-0.244606
-0.889584
0.632252
0.022248
0.722953
0.392560
-0.142613
-0.324137
0.767937
0.010407
-0.991638
0.963500
-0.125278
-0.813593
0.590197
-0.464827
0.712210
-0.195654
-0.319071
0.524766
-0.225135
0.073397
-0.149815
-0.955382
-0.738884
0.090060
-0.465804
-0.689383
-0.435224
0.235267
-0.569445
0.707327
-0.743156
0.565966
0.475326
0.107639
-0.481002
0.190893
0.963805
0.759026
0.593493
-0.255043
0.379376
-0.951903
-0.190588
0.772820
0.491440
-0.399518
-0.650136
0.835749
-0.715140
-0.975402
0.121067
0.153539
0.285073
-0.379437
0.172643
0.593921
0.838984
-0.646413
-0.268960
0.822199
0.015839
-0.583056
-0.091220
0.423750
0.992676
-0.310343
-0.848079
0.811213
0.576952
-0.596423
0.488510
-0.270180
-0.053743
-0.215003
-0.360210
-0.827326
0.649648
-0.184484
-0.941893
-0.481429
-0.655385
-0.342753
-0.048006
-0.865047
0.527879
0.104892
-0.637135
0.249794
0.722709
-0.445723
0.500839
0.930174
0.686575
0.729972
-0.978942
-0.061922
-0.799677
0.220069
0.262978
0.318339
-0.997864
-0.805963
0.199622
0.504685
0.428205
0.730399
0.839167
0.766717
-0.676931
0.334941
-0.838313
0.378826
0.782525
0.889584
0.568957
-0.743645
-0.710074
0.863338
0.234657
-0.650746
0.810846
-0.193274
0.451094
0.170934
-0.594043
0.152623
0.650258
-0.333781
-0.072909
0.684317
0.164220
-0.160192
-0.642933
0.132176
0.785943
-0.607715
0.357036
-0.424970
-0.583850
0.697928
-0.417341
0.303140
0.297830
0.004730
0.333415
0.431806
-0.414411
0.670644
0.095309
-0.175878
-0.496689
0.246376
0.541429
-0.514573
-0.038057
-0.781121
0.754631
0.753899
0.014191
-0.828303
-0.186071
0.745170
0.771172
-0.434492
-0.428083
0.176000
0.619007
-0.222022
0.149693
0.190954
0.799493
-0.828181
0.116245
0.570238
0.173803
-0.952818
0.544603
-0.812006
0.928343
0.464278
-0.698172
0.477950
-0.803278
-0.642506
-0.835200
0.150487
-0.858272
-0.189123
-0.587268
-0.835078
0.434736
0.304605
-0.685537
0.455611
0.784417
0.747978
0.389325
0.723502
-0.617176
-0.890622
-0.255348
0.607898
0.069308
-0.543382
-0.794305
-0.451216
0.778924
0.219764
-0.223975
0.653188
0.835932
0.295206
0.214393
-0.121921
0.655263
-0.838252
-0.255776
0.842402
0.557421
0.746147
0.091830
-0.420209
-0.241615
0.641652
-0.822810
0.546129
-0.400983
-0.297952
-0.635609
0.192480
0.074129
0.896847
-0.670522
-0.581835
-0.274392
-0.117222
0.773309
-0.786065
-0.039216
0.676687
0.200110
0.810053
0.820185
-0.408246
0.197424
0.640187
0.531663
0.200598
-0.845088
-0.565355
-0.911802
-0.113559
-0.496872
-0.245277
-0.712027
0.045869
0.033784
-0.719291
0.922605
-0.194800
0.864925
0.167272
-0.998108
0.892697
0.613147
-0.223487
0.804010
-0.156590
0.335185
-0.329814
-0.150975
0.120701
-0.198462
-0.216956
0.862972
-0.319498
0.664907
0.942564
0.791314
-0.921995
0.085055
0.363445
-0.073763
0.156285
-0.626148
-0.991516
0.209815
-0.613025
-0.777825
0.896115
0.775018
-0.502670
0.071017
-0.943968
-0.212195
0.193335
-0.810175
-0.599780
0.652699
-0.205969
-0.975402
0.316935
-0.356670
0.588366
0.377850
-0.056734
-0.977477
-0.273293
-0.946471
0.525864
0.711966
0.460616
-0.965026
0.627125
0.575732
-0.457747
0.243507
0.222633
0.379681
-0.402875
-0.036164
0.551683
-0.511093
0.053621
0.975402
-0.965331
-0.634144
-0.964660
0.466292
0.569201
0.932249
-0.747246
0.787469
-0.482589
-0.144078
0.664602
-0.461165
-0.302042
-0.173009
-0.236000
-0.450117
0.693350
0.884030
-0.922788
0.317789
-0.213172
-0.225440
-0.906125
-0.535875
-0.159154
0.966124
-0.329142
-0.225257
0.428816
-0.290750
0.721061
0.383221
0.533738
-0.017304
0.999512
-0.338237
0.125523
-0.384198
0.800226
0.382000
0.929991
0.311441
-0.624866
0.706839
-0.298929
-0.922422
0.888668
-0.422224
0.310709
-0.789727
-0.280496
0.058931
-0.033967
0.267495
0.922910
-0.799738
-0.130467
0.450056
0.665395
-0.016449
-0.368267
0.393597
0.444929
-0.087924
-0.248512
-0.802728
-0.091586
-0.191931
-0.525864
0.989135
0.079318
-0.621021
0.342021
0.147191
-0.191565
-0.883297
0.748039
0.704947
-0.740715
-0.909726
-0.193884
0.714164
-0.758660
0.196387
-0.936827
-0.875301
0.521897
0.428999
-0.122471
0.624989
-0.299783
-0.268593
-0.762871
0.811945
0.142613
-0.007721
-0.102634
-0.118686
-0.352641
-0.250710
0.582324
-0.352214
0.832209
0.161840
-0.896298
-0.187231
-0.884640
-0.184118
0.196692
-0.315104
-0.057772
0.923887
-0.829585
0.499374
0.559313
0.480636
0.689749
0.314188
-0.827326
0.939879
0.996216
0.596850
-0.042390
0.472579
0.884213
-0.943480
-0.433454
-0.133518
-0.619007
-0.531114
0.164098
0.142308
-0.020295
0.509812
-0.282510
-0.073824
0.127781
-0.929563
0.509384
-0.335795
-0.032502
0.206641
-0.314127
0.727409
-0.043184
-0.894894
0.652455
0.474715
0.293802
-0.475387
-0.870296
-0.665212
-0.080660
0.784051
0.682180
-0.528916
0.774529
-0.506882
-0.468429
-0.410260
-0.375958
-0.293558
-0.531114
-0.543748
0.758782
0.791009
0.675222
0.403180
-0.110813
0.994934
-0.733818
-0.666005
0.903500
-0.495468
-0.628346
0.962401
0.616138
0.051851
0.562181
-0.446028
-0.963500
0.135533
0.436384
-0.971435
0.903378
0.917600
-0.819086
0.807672
-0.327738
-0.141453
-0.084689
0.029878
-0.563707
-0.846797
-0.365459
-0.470870
0.574206
0.029450
0.561876
-0.754631
0.425520
-0.026582
0.724357
-0.689871
0.969726
0.942503
-0.436750
0.902707
-0.178808
-0.370769
-0.607532
0.906674
-0.146031
-0.161412
0.516953
0.248085
-0.232948
0.040925
0.823603
0.372723
0.904172
0.163121
-0.342448
0.867061
0.639576
0.680715
0.796258
-0.213355
-0.985900
0.073336
0.333110
-0.745659
-0.663076
-0.294412
0.284646
-0.110019
0.854427
0.196692
-0.268227
0.634816
-0.181921
0.340373
-0.821772
-0.467025
0.244667
0.638417
-0.141636
0.032929
-0.108188
0.510056
-0.957762
0.369854
0.359294
-0.760796
0.760857
0.593799
0.255898
-0.277017
-0.848262
0.804010
0.745842
-0.916746
0.006989
-0.846919
-0.818842
-0.796258
-0.589648
0.942137
0.367901
-0.744072
0.410993
-0.942442
-0.925108
-0.724479
0.543626
-0.927244
0.269631
0.851802
0.009796
0.235145
0.221473
-0.006684
-0.668386
0.815241
0.489364
0.231910
0.290017
0.515427
-0.760308
-0.973327
0.961364
0.744255
-0.775933
-0.467635
-0.765252
0.199927
0.497848
0.792535
-0.372417
-0.887204
0.243080
0.421552
-0.803034
-0.117527
0.957518
0.837580
-0.615162
-0.328532
0.552416
-0.891964
-0.416791
-0.480758
-0.737602
-0.528184
-0.751274
-0.462691
0.308573
0.598804
0.372600
0.749565
0.628040
0.650929
0.547777
-0.860836
0.982910
0.206336
0.447371
0.465682
-0.239967
0.109043
0.668630
-0.587024
-0.224586
-0.839045
0.748650
-0.366619
-0.285257
0.741813
0.187719
0.247108
0.791070
0.349223
0.252846
-0.637623
-0.916623
-0.761101
0.413312
0.177404
-0.606555
0.109775
0.198462
0.226417
0.409467
-0.032807
0.296304
-0.666982
0.901364
0.203284
0.562487
0.833613
-0.577319
0.103183
-0.247780
-0.368633
0.822748
-0.160802
0.786920
-0.353191
-0.125095
-0.463301
0.368816
0.223365
-0.801996
-0.170385
0.755486
0.054048
-0.684133
0.900632
0.507370
0.189062
0.984191
0.847468
0.020112
0.688650
-0.021577
-0.340434
0.654653
0.482589
0.773675
0.933897
-0.722526
