-0.528855
0.410443
-0.570849
0.171972
0.944273
0.217322
-0.829829
0.386700
-0.807733
0.958800
0.092196
0.722831
-0.096469
0.085116
0.129551
-0.839473
-0.342814
-0.156774
0.441267
0.438398
-0.490280
0.806207
0.168493
-0.499313
-0.461653
0.555589
0.908261
0.711722
0.568896
0.195166
0.766839
-0.719962
0.427290
-0.700919
0.600024
-0.569933
0.275796
0.431379
-0.542222
-0.288614
0.627308
0.753594
0.425947
0.557421
0.356731
-0.123142
-0.634877
-0.328227
-0.244606
0.844111
0.261391
-0.825861
-0.805597
-0.116123
-0.694327
-0.386334
0.475936
-0.215491
-0.378094
0.820734
-0.243324
0.996277
0.790826
-0.945006
-0.213233
0.715873
-0.234596
0.853877
-0.836848
-0.912961
0.517258
-0.021393
0.078036
0.573840
0.287210
0.691824
-0.739067
0.263466
0.826350
-0.160070
0.229774
0.115757
-0.128880
-0.686636
-0.710379
-0.225684
-0.867977
-0.972594
0.839167
0.107395
0.173376
0.745598
0.898679
0.416547
0.813593
0.977294
-0.984802
-0.391461
-0.627674
-0.689383
0.111606
-0.167943
0.374371
0.457686
-0.369549
0.255959
0.635975
0.074557
-0.147252
-0.613575
-0.329020
-0.513047
0.049287
0.959777
-0.371685
0.398785
-0.683645
-0.032258
0.391034
-0.103610
0.202429
0.920591
-0.371136
0.314249
0.963439
0.314127
-0.881222
-0.867794
0.402570
-0.649342
0.459761
-0.605762
-0.649464
0.570910
-0.454329
0.099277
-0.637684
0.688406
-0.774834
-0.531663
0.366375
0.646840
-0.308206
0.623280
-0.698233
-0.451338
-0.515122
-0.511704
-0.787225
0.290628
0.964599
0.411481
-0.939146
0.020234
0.820124
0.854793
-0.518906
0.792535
-0.131809
-0.898556
-0.626942
-0.752678
0.460372
-0.023225
0.054598
-0.275430
0.571581
-0.149876
-0.990417
-0.892453
-0.336955
0.739067
-0.569933
-0.024384
-0.143101
0.896420
0.508286
0.614734
-0.809870
-0.880367
0.863277
0.917356
-0.462752
-0.557176
-0.438093
0.548936
-0.740654
0.621265
0.780328
0.026093
-0.129307
-0.832636
-0.638600
0.580615
0.683218
-0.775933
0.533982
-0.404950
0.516831
-0.618641
-0.505356
-0.038179
0.818476
0.344462
-0.693899
0.402387
0.710562
-0.621815
-0.643849
-0.208106
-0.817194
0.834223
-0.997742
-0.333232
0.283364
0.814203
-0.309793
-0.518601
-0.682302
0.857173
0.427107
0.643178
-0.293741
-0.879147
-0.739494
-0.510239
0.058260
0.193213
-0.358074
0.995056
0.710501
-0.051729
0.179235
0.344951
-0.556444
0.949767
-0.751335
0.252663
-0.971984
-0.430891
-0.426923
-0.368511
0.202246
0.607105
-0.850703
-0.100192
0.890316
-0.411786
0.753105
-0.086703
0.065828
0.006073
-0.405988
-0.972533
-0.358684
0.124119
-0.132969
0.103549
0.937803
0.110019
-0.294412
-0.375042
-0.478988
0.174841
-0.248756
0.499557
-0.937986
-0.662587
-0.269204
0.852657
-0.162328
0.278726
0.438948
0.821406
0.316080
0.770928
0.237892
-0.583666
-0.383038
-0.213538
0.042268
-0.614124
0.837519
0.960143
0.625050
-0.975707
-0.617969
0.910031
0.470382
0.261940
-0.940977
0.439375
-0.859798
-0.290262
0.818293
-0.955260
0.019257
0.615467
-0.515549
0.598560
0.915098
-0.628834
0.893124
0.293191
0.680349
0.392010
-0.671072
0.344462
-0.015534
0.469344
-0.370281
0.320536
0.976196
0.635853
0.984313
-0.905332
-0.300760
0.433760
-0.179479
-0.716910
-0.592639
-0.635365
-0.918271
0.322123
-0.184301
0.079257
-0.933470
0.551439
-0.708609
-0.342082
0.799005
-0.823298
0.708487
0.481307
-0.332072
0.875179
0.959288
-0.412824
-0.046113
0.763054
-0.964293
0.337748
-0.609302
0.684256
0.081149
0.795831
-0.430525
0.669729
0.580737
0.887020
0.932310
-0.844111
0.291787
0.609912
-0.315897
0.406598
0.543748
-0.118503
0.910337
0.960997
0.536424
-0.994751
0.629994
0.558885
0.699881
0.335917
0.934263
-0.053377
-0.655507
-0.779901
-0.385052
-0.141820
-0.441877
-0.634205
-0.562548
0.994446
0.305338
-0.692434
-0.280496
-0.601794
0.402326
-0.581164
0.427046
0.518845
0.692434
0.572619
-0.778802
0.633900
0.748772
-0.710074
-0.691946
-0.569262
-0.450606
0.208777
0.614490
0.142796
-0.244911
0.640797
0.682241
-0.098666
0.384014
-0.465133
-0.857662
-0.608020
-0.843440
0.670705
0.547960
-0.333659
0.562243
0.066622
0.070772
0.904294
-0.997497
-0.145543
0.533494
-0.726981
-0.903684
-0.530198
-0.792596
-0.118137
0.125889
0.434614
-0.854854
0.050325
-0.710807
-0.970031
-0.250771
-0.536424
0.221839
0.594409
-0.963378
0.029145
-0.558763
-0.845943
-0.489364
-0.783685
-0.299539
-0.395734
0.523850
-0.852535
-0.265542
0.384869
-0.275185
0.961303
0.427107
-0.294717
0.250343
0.976684
-0.325297
-0.145665
-0.957396
0.349101
-0.831843
0.348064
0.572619
0.368267
0.892087
0.615101
0.284341
-0.525132
0.318400
0.509445
0.736076
0.164281
0.853267
0.059236
0.053377
0.743339
0.512009
0.348186
0.296304
0.255531
-0.909360
0.122288
-0.009491
-0.701285
-0.883786
-0.128941
-0.743522
-0.757866
0.888913
0.847407
0.332438
-0.498337
0.969665
-0.751885
-0.346355
-0.705374
-0.419416
0.145787
-0.690481
-0.929624
0.711234
0.955809
0.609485
0.158361
-0.937376
-0.379559
-0.902951
-0.145054
-0.120518
-0.671926
-0.022736
0.287149
0.538987
-0.098727
-0.243324
-0.734672
0.876156
-0.807672
0.568773
-0.026215
0.696463
-0.811945
0.182897
0.621509
0.773064
-0.249489
0.778558
0.982788
-0.628346
0.687796
0.686575
-0.457930
0.194739
-0.997986
-0.511155
-0.848201
0.629444
0.482467
-0.092380
0.503098
0.894589
0.730155
0.298990
0.631703
-0.595935
0.650563
0.965514
-0.302835
-0.677541
-0.091891
-0.542222
-0.493088
-0.786798
-0.467086
0.645802
0.640980
0.594287
0.002289
-0.434065
0.722343
-0.509751
0.658559
-0.913083
0.525437
0.167394
0.031526
-0.176672
-0.783502
-0.210852
0.916684
0.900327
0.499802
-0.613330
0.626331
-0.873531
-0.740226
-0.011322
-0.523240
0.658559
0.748527
0.245399
-0.463790
0.408124
-0.438704
0.996338
-0.723197
-0.408918
0.029633
-0.876400
0.766717
-0.657033
0.841426
0.103244
-0.935911
-0.835749
0.832331
-0.112522
0.411664
-0.889279
0.199988
-0.837031
0.998657
0.207007
0.946959
-0.195715
0.716971
0.936644
-0.195410
-0.996643
0.684988
-0.821284
-0.548204
0.784906
-0.955382
0.938536
0.213782
-0.143529
-0.674856
0.414289
-0.858333
-0.199438
-0.854610
0.907163
0.073519
-0.618213
-0.820185
-0.400372
0.144017
-0.694876
-0.108921
-0.145482
0.999634
-0.828913
-0.504074
0.275369
0.295206
-0.480270
-0.941832
0.290933
-0.677297
0.454512
0.650746
0.371990
-0.544786
0.593921
0.646352
0.771905
-0.172155
-0.074496
0.535691
-0.395672
-0.609973
0.821528
-0.947264
-0.723075
0.762078
-0.452803
0.316019
-0.234230
0.802728
0.181677
-0.394940
-0.294839
-0.184668
0.007050
-0.059786
0.382488
0.505783
0.545396
0.244667
-0.819391
-0.396283
-0.894589
0.413373
-0.560961
-0.706351
-0.611560
-0.070223
-0.091525
0.681570
0.893002
-0.423383
-0.282815
-0.157506
-0.116855
0.211768
0.928831
-0.906858
0.483993
-0.209754
-0.951964
0.925047
-0.816950
-0.954100
-0.760369
-0.590381
-0.473189
0.946654
0.549486
-0.039949
0.108066
-0.698355
-0.451094
-0.879025
-0.050508
0.604297
0.121433
-0.283364
-0.164159
0.869686
-0.463607
-0.790948
0.742241
-0.209937
-0.595874
-0.948180
-0.605152
0.495651
0.777398
-0.225929
-0.717399
0.524522
0.915525
-0.734672
0.536241
0.389996
0.722098
0.193701
0.653249
-0.251259
-0.248085
0.016938
0.082247
0.814447
-0.294900
0.588305
0.154393
0.746269
-0.000031
0.719535
0.683279
0.813837
-0.246254
-0.841975
0.666250
0.658498
0.724235
-0.132847
0.565661
-0.254372
-0.191259
0.702994
0.072542
0.341533
-0.262917
0.743889
0.046175
-0.558580
0.703543
0.862239
-0.106113
-0.783502
-0.745842
0.617664
-0.579455
-0.790155
0.023835
0.413984
0.234352
0.967833
0.569933
0.820246
-0.426374
-0.880184
0.142796
0.785699
-0.406232
-0.063204
-0.126194
-0.446883
-0.689261
0.510727
-0.264260
-0.583361
0.074679
0.948057
0.162938
0.239540
-0.517136
-0.736442
0.396893
-0.359111
-0.401227
-0.968627
-0.197485
-0.862362
-0.299478
0.960875
0.998962
-0.328471
-0.409650
0.937681
-0.350383
-0.172216
-0.273476
-0.522507
-0.596179
0.975219
-0.084628
0.616199
-0.898434
0.318888
0.417035
-0.146092
-0.893612
0.156957
0.961730
-0.479904
0.038240
0.234169
-0.789666
-0.872677
0.169347
-0.059481
-0.176550
-0.574328
0.287637
-0.865596
0.116245
-0.455428
0.899106
-0.930479
-0.841304
-0.793939
0.246193
0.641896
-0.252663
0.301370
0.084140
0.880856
-0.949889
-0.295816
-0.457747
0.778191
0.031343
0.004425
0.314371
0.093539
-0.781121
-0.410810
0.436934
0.672475
-0.469527
0.162145
0.758599
-0.842036
-0.088290
-0.982238
-0.062838
0.803827
-0.748527
-0.491440
-0.281777
-0.341777
-0.241493
0.510971
0.186316
-0.064913
0.969298
0.039766
0.595935
0.872982
0.294351
0.135594
0.950438
-0.629505
-0.141697
-0.702078
0.616382
0.948912
-0.286905
0.862667
-0.776788
-0.151585
0.071871
-0.376446
-0.546739
-0.024567
-0.152318
0.097324
0.238868
-0.608570
-0.986023
0.223426
-0.127659
-0.377544
0.625782
-0.609607
-0.284524
0.895322
-0.511643
0.855770
0.994690
0.574511
0.389325
-0.788018
-0.483505
0.328104
-0.775689
-0.614673
-0.744865
-0.644581
0.093966
-0.403485
0.220130
0.513901
0.718009
0.819575
0.863033
0.213172
0.887570
-0.778497
0.339030
0.132298
-0.123020
0.649281
0.660146
0.968139
-0.286843
0.241005
0.109653
0.987671
-0.080599
0.525315
0.775506
-0.481552
0.052889
0.535691
-0.963744
-0.316935
0.183081
0.160985
0.023896
0.082614
-0.722404
0.060823
0.516404
0.530198
-0.760491
-0.031953
-0.696280
-0.249062
0.216590
0.772454
0.782586
0.054903
0.213355
-0.790399
0.283059
-0.883969
0.211890
0.594287
0.702261
0.184851
-0.602771
-0.484603
0.640309
0.814081
-0.856685
-0.883908
-0.607837
0.728385
-0.505905
-0.378582
-0.691031
0.133457
0.919553
0.034577
0.886288
0.910642
0.447737
0.846797
0.134068
-0.911374
-0.577258
0.674001
-0.204627
-0.485214
0.530686
-0.553880
-0.606372
-0.584155
-0.038606
0.153294
-0.666189
0.535081
-0.624195
-0.344951
-0.069002
0.082858
-0.212806
-0.277322
-0.040986
-0.673818
-0.687796
-0.534959
-0.591784
-0.109714
-0.547411
0.224830
-0.646290
0.877316
0.585742
-0.744072
0.979614
-0.293558
-0.059664
-0.435896
-0.624439
0.601672
0.582690
-0.220008
-0.013092
0.490219
0.069124
0.103183
-0.658864
0.552293
0.066256
0.757805
0.714225
0.511277
-0.064302
-0.124790
0.690847
0.918882
0.346843
0.889279
-0.170324
0.941282
-0.652821
0.082369
-0.439680
0.551805
0.957335
0.054720
0.397687
-0.310953
0.471969
-0.452254
-0.679800
-0.010346
-0.528977
-0.040376
-0.248817
0.149449
-0.066805
-0.830561
-0.633717
-0.412091
0.891110
0.230811
0.781732
0.993103
-0.832087
-0.115757
0.419782
0.936277
-0.688894
0.603626
0.942869
-0.724967
0.080477
-0.072115
0.622669
0.411054
-0.374737
-0.475448
0.407025
0.936460
-0.745720
0.935118
-0.885006
-0.443220
0.931394
0.187719
-0.669362
-0.817133
0.509568
-0.505905
-0.659108
0.215552
-0.413556
0.319010
-0.601550
-0.285440
-0.187353
-0.120640
0.429365
0.860408
0.925474
0.125217
0.105930
-0.812677
-0.203284
0.022248
-0.930357
0.961852
-0.433088
0.375164
0.488021
-0.067904
-0.110508
-0.494491
-0.424909
-0.735771
0.841792
0.532640
-0.675161
-0.343303
0.720023
-0.057833
-0.656484
0.964415
0.116977
-0.574450
0.926511
-0.625172
0.723502
0.812555
-0.937742
0.047639
0.196142
-0.141331
0.968688
-0.478744
-0.697439
-0.567370
-0.211707
0.297281
0.151585
0.712455
0.651173
-0.151891
0.897580
0.745964
-0.062227
0.980590
0.713065
0.796381
-0.339335
-0.425275
0.228065
0.137303
-0.981628
0.314249
-0.871639
0.324259
0.001434
-0.497726
-0.344157
0.394879
0.822138
0.796503
-0.463363
0.776116
0.994507
0.798822
-0.019745
0.979614
0.994079
0.397809
-0.210059
0.861812
0.583361
0.685354
0.967772
0.706046
-0.870235
-0.743461
0.178564
0.512497
0.971313
0.107517
-0.268960
-0.049837
0.752007
0.388226
-0.658742
-0.214515
-0.555956
-0.884335
-0.144627
-0.640492
-0.859066
-0.601611
-0.615406
-0.010834
0.955931
0.572375
-0.150914
0.493576
-0.989013
-0.690115
-0.144200
0.778558
-0.694021
0.938414
-0.411176
0.331462
0.357097
0.191137
-0.284829
-0.401898
-0.777886
0.735160
0.592456
-0.181127
-0.351970
-0.233375
-0.117649
-0.795465
0.439802
-0.588794
-0.932371
0.440474
0.026399
-0.746941
-0.847468
-0.679373
-0.723685
0.053072
-0.431806
0.088717
0.187475
-0.794916
0.639332
0.420576
0.244179
-0.187414
-0.582385
0.942930
-0.891110
-0.962645
0.550707
-0.031159
0.750481
0.882504
-0.423872
-0.153905
0.513230
-0.654469
-0.569323
0.730644
0.226783
-0.259865
0.497971
0.385052
-0.987854
0.169347
0.992248
0.212195
0.604419
-0.069735
-0.499680
-0.531419
0.492538
-0.724784
-0.919126
0.462569
0.920347
-0.784173
-0.834773
0.794733
0.998840
-0.303507
-0.690664
0.008820
0.698294
-0.003876
-0.733695
-0.614795
0.271889
0.670644
-0.815058
-0.839106
0.115574
0.908628
0.302408
-0.306314
0.321635
-0.085421
-0.787896
-0.915647
0.161657
-0.978454
-0.605090
0.506943
0.791131
0.839412
-0.092929
0.310343
-0.943968
0.816889
0.338603
0.427473
-0.113559
0.380108
0.850948
-0.517197
-0.807123
0.977783
-0.583361
-0.637196
-0.140904
0.242958
0.580432
-0.688589
-0.702506
-0.990539
-0.177831
0.426069
0.375774
-0.881100
0.383404
0.710135
-0.566393
0.562487
0.070711
0.669729
0.712821
0.775628
0.129429
-0.085665
-0.446272
0.966369
0.326151
-0.877255
0.652760
0.831599
-0.156346
-0.886410
0.768548
-0.743034
-0.163854
0.862239
-0.345683
0.063692
0.473556
-0.540391
0.572985
-0.396039
-0.252480
-0.923154
-0.027741
0.076510
0.284219
-0.239113
-0.021393
-0.422102
0.085482
0.434431
-0.464522
0.765374
0.423811
0.763359
-0.116062
-0.650807
-0.270913
-0.080599
0.916501
-0.865535
0.907346
0.016755
0.164769
0.137547
0.975890
-0.483016
0.126499
0.374981
-0.261086
0.163488
-0.825190
0.345012
-0.987182
-0.845515
-0.476363
0.879513
0.062166
-0.243690
-0.766289
0.735038
0.458785
-0.986938
0.332255
0.183203
0.831721
-0.590258
-0.771844
0.542222
-0.204016
-0.663564
-0.931516
-0.642994
0.683157
-0.413434
0.734001
0.683096
0.071810
-0.930906
-0.748955
0.239662
-0.843684
-0.841853
0.680410
-0.227271
0.901242
0.498642
-0.432417
0.485214
0.607288
0.016449
-0.271096
-0.806940
0.285684
0.368877
0.660451
0.846553
0.922544
0.385113
0.454024
0.200537
-0.615955
-0.201697
0.033479
-0.947264
-0.169347
0.250465
0.245155
-0.106967
0.134495
-0.142979
-0.808954
0.955687
0.919187
0.726737
-0.938414
-0.965026
-0.357463
0.874996
0.021699
-0.777764
0.319742
0.001801
0.474410
0.007721
0.495590
-0.606189
0.912229
-0.856746
0.325480
0.708731
0.075777
0.681814
-0.380291
0.459700
-0.352947
-0.319864
0.506455
-0.908506
0.187597
-0.441023
0.405255
0.313089
0.123875
-0.231788
-0.074007
0.170141
0.885067
0.172948
0.996216
0.098788
-0.554430
-0.977905
0.913083
-0.604846
0.413678
0.809198
0.558885
-0.258644
-0.348857
0.415754
0.130467
0.508591
0.122166
-0.589831
0.022919
-0.823908
-0.122288
0.440229
-0.764885
-0.883908
-0.417341
-0.924436
-0.960997
-0.362346
-0.913450
-0.259072
-0.306375
-0.774407
-0.532090
0.465682
-0.938475
0.222755
0.064974
0.814020
0.976806
0.667348
0.635426
0.265786
-0.906247
0.911374
-0.536119
0.299722
-0.909238
-0.966857
0.762932
0.943419
-0.317484
-0.171422
0.655141
-0.901486
0.525193
-0.760247
0.381817
-0.917478
0.063265
0.602588
0.266945
0.236488
-0.455672
-0.265603
-0.575976
0.353557
-0.127171
-0.682546
-0.704337
-0.212989
-0.681814
0.955016
-0.503037
-0.024384
0.565172
-0.199011
-0.664907
-0.344829
-0.474288
-0.956603
-0.434858
-0.665029
0.255104
0.071139
0.470504
0.833857
0.734916
-0.984741
-0.674856
0.807611
-0.965026
-0.895688
-0.348186
0.154759
0.694388
0.285501
0.464827
0.700125
0.941893
-0.780328
-0.595019
0.015595
0.069308
-0.405805
0.003265
-0.895688
0.645924
-0.654347
-0.765007
-0.058321
0.128636
-0.864803
-0.903073
-0.293435
0.167211
0.055330
0.370098
0.863277
-0.814631
-0.170080
0.857173
0.015656
0.470870
-0.411176
-0.609729
0.348247
-0.753105
0.661794
-0.414167
-0.550401
