0.016816
-0.172094
-0.851985
-0.145116
-0.149266
0.694632
-0.620960
-0.607044
-0.848262
0.466353
0.009674
-0.285501
-0.623951
0.492599
-0.861690
-0.787225
0.562914
0.674368
-0.166356
0.030854
0.069002
-0.509323
-0.447798
-0.651051
-0.726005
-0.126377
0.363628
-0.560595
0.939512
0.692129
0.226661
0.237587
0.754387
-0.555040
0.812799
0.964599
-0.139744
0.677602
-0.096164
-0.638905
0.421064
-0.041108
-0.505417
0.521287
0.864620
-0.289163
0.284829
-0.188208
-0.751762
-0.440413
-0.890072
0.346355
0.048250
-0.358684
0.406964
-0.829829
0.772637
-0.970214
-0.355022
-0.522141
-0.454146
0.133946
0.281655
-0.629017
0.288186
-0.654714
0.380963
-0.775262
-0.431074
-0.496445
0.813349
0.377056
0.721366
-0.630787
0.814508
-0.957152
0.643849
0.188940
-0.131932
-0.352702
0.329569
-0.690970
-0.203223
0.726615
-0.472152
0.315836
0.829829
-0.148412
-0.069918
-0.703604
0.153966
-0.627674
-0.098239
-0.444807
0.030915
0.106052
0.365764
-0.995605
-0.001434
0.911802
-0.571337
0.969970
-0.883786
0.050020
0.933775
0.738456
0.389447
-0.087741
0.055330
-0.823664
-0.766961
-0.375591
-0.174841
0.547716
0.787469
0.751579
-0.315836
-0.793817
0.902707
-0.103122
-0.177343
0.168004
0.613025
-0.881466
0.038789
-0.926878
0.531358
-0.405988
0.972167
0.175146
0.089022
-0.947508
0.002411
0.734733
-0.508286
-0.962035
0.533006
-0.424604
-0.011994
0.595813
-0.715262
-0.698233
0.358562
0.855953
-0.936033
0.870602
-0.253883
0.184179
0.455428
-0.629444
0.434797
0.070711
-0.859127
-0.869198
-0.608509
-0.369915
0.663747
-0.747307
0.839778
0.257729
0.860225
0.556261
-0.041841
-0.742546
-0.131443
0.046968
-0.047029
-0.836360
-0.256569
-0.505417
-0.994201
0.275430
0.887082
-0.501389
0.273354
0.151708
0.500168
-0.076510
0.647206
0.214881
0.349406
-0.623402
-0.326334
-0.012482
-0.998535
-0.152196
-0.458480
-0.134068
0.136570
-0.978210
0.307840
0.495651
0.688833
0.824152
0.159581
0.922422
-0.818171
-0.153661
0.795343
-0.811274
-0.557543
0.071383
-0.642506
0.873470
-0.735954
-0.893307
-0.505966
-0.966185
0.644398
-0.438704
0.620106
0.004730
0.527268
-0.112949
0.426557
0.936094
-0.913755
0.136753
-0.299478
-0.440657
0.837092
-0.598376
0.991882
0.311319
-0.193152
-0.051729
0.915281
-0.317728
-0.751762
-0.654775
0.028352
0.874996
0.611438
-0.300943
-0.225257
0.367046
-0.344340
0.168676
-0.366741
-0.183813
0.755364
0.628346
-0.603809
0.076022
-0.817499
-0.060762
0.502426
-0.635853
0.181127
0.995361
-0.567431
0.325358
0.598743
0.421369
0.199072
-0.869015
-0.148717
0.522385
0.922666
-0.967772
0.940001
0.631947
-0.066744
0.141270
0.163305
-0.926206
-0.127781
-0.674184
0.293619
0.421003
0.801141
0.924558
-0.719047
-0.987060
0.858333
-0.275185
-0.596545
-0.310343
-0.958190
-0.373821
0.574328
0.527451
0.251686
0.559801
0.335551
-0.405988
0.134312
-0.189428
-0.821589
0.192236
-0.988403
0.658254
-0.542039
-0.876339
0.336711
0.747368
-0.482406
0.291177
-0.117649
0.158177
0.966918
-0.893185
0.787530
-0.272988
-0.696219
-0.577319
-0.860042
-0.095676
-0.282205
0.009308
0.558397
0.446455
-0.427900
0.063265
0.069308
-0.989319
0.507431
0.882199
-0.207190
0.345683
-0.816950
-0.324503
0.949583
0.030915
-0.718863
-0.340983
0.665090
-0.487960
-0.717826
0.546800
0.336833
-0.769646
0.943175
-0.000824
0.348430
0.854976
-0.957884
-0.277749
-0.328043
0.342204
-0.394757
0.475387
-0.057711
-0.094516
0.581164
0.359294
-0.285623
-0.601001
-0.592761
-0.807794
-0.775201
-0.327372
0.053255
0.630909
-0.605152
-0.589587
-0.977111
0.502060
0.790216
-0.564623
-0.336100
0.733879
0.737175
-0.961608
0.330485
-0.061007
-0.607471
0.970946
0.951842
-0.445540
-0.009125
0.806146
0.972472
-0.517441
0.690115
0.730461
-0.065523
0.118625
0.992126
0.518479
-0.872127
-0.162389
-0.352153
0.312052
0.810846
-0.610340
0.476119
0.019318
-0.796747
0.986206
-0.098056
-0.537889
0.889035
-0.216773
-0.806635
-0.587817
-0.990173
0.377239
0.734306
-0.685598
-0.359172
-0.859066
-0.332987
0.365459
0.156957
-0.699515
-0.564074
0.786126
0.426130
-0.323222
-0.863521
0.030305
0.703848
0.419599
-0.603015
-0.062410
-0.342448
0.832575
-0.798578
0.720817
-0.051241
0.491317
0.829157
-0.123936
-0.208167
-0.464522
-0.734184
-0.838374
0.222571
0.789178
-0.426618
0.719474
0.505539
-0.315348
-0.565416
0.279092
0.784234
0.481552
0.511887
-0.176977
-0.592456
0.977721
0.371441
-0.634205
0.376629
0.296487
-0.416242
0.323283
0.367107
-0.572558
-0.373577
-0.530931
0.496384
0.189978
-0.332987
-0.666494
-0.980834
-0.929319
0.213721
0.600330
-0.192541
-0.754570
-0.836299
0.960997
-0.982910
0.720389
-0.034883
-0.302713
-0.897214
0.689261
0.633900
-0.676138
0.860714
0.643300
0.145787
0.160436
0.296976
0.333842
-0.408734
-0.788812
0.821284
0.059053
0.737724
-0.844478
0.623707
-0.268960
0.421857
0.120151
-0.369060
0.938963
0.223060
0.954588
-0.290872
0.329630
0.833308
0.505478
-0.250649
0.437300
0.098178
0.119053
0.016022
0.984924
0.706229
0.949278
-0.420637
0.222755
-0.541917
0.622547
-0.603687
-0.250526
-0.792535
-0.635304
-0.052889
-0.584277
0.598437
-0.415510
-0.075289
0.079867
-0.071871
0.025239
0.399274
0.345317
-0.974181
0.160375
0.450972
0.251381
0.648793
0.756951
-0.703238
0.200049
0.559557
0.402387
0.766289
0.844295
0.840815
-0.127537
-0.640736
-0.631642
-0.133946
-0.503891
-0.949828
-0.450545
-0.161168
0.246986
-0.295816
-0.780023
0.408002
-0.948607
0.347942
-0.318583
0.020356
0.285501
0.298135
0.822504
-0.677480
0.062227
0.224464
-0.487045
0.944456
0.764153
0.559435
0.292642
0.898129
-0.300394
0.190771
-0.691641
0.961791
0.460250
-0.568651
-0.925474
0.439253
-0.879147
-0.171484
0.556200
0.981811
0.286050
-0.171361
-0.287027
0.590258
0.596301
-0.753777
-0.704215
0.292093
-0.720756
-0.542711
-0.430525
0.685171
-0.347575
-0.574938
-0.879635
0.261635
0.544237
-0.214881
0.339702
-0.064364
-0.719108
0.489242
-0.945677
-0.245338
-0.342326
0.982177
-0.168981
0.813044
-0.787530
0.953246
0.193579
0.440901
0.888791
0.444990
0.863338
-0.171911
-0.204688
-0.912839
-0.946348
-0.952208
-0.239174
0.506211
-0.430464
-0.363140
0.691885
-0.132420
-0.465194
0.602893
0.612293
-0.290994
0.402264
-0.881161
-0.219092
-0.982116
0.189611
-0.201636
0.704337
-0.916013
-0.800043
-0.420759
-0.461104
-0.670339
0.606983
-0.746147
-0.177404
0.211158
0.213782
0.608997
0.715201
0.925718
0.199499
0.004608
-0.783441
-0.975097
0.377300
-0.473556
-0.465377
0.292642
-0.050874
0.702689
-0.563036
0.235817
0.621204
0.792474
-0.734367
-0.736198
0.832636
-0.773614
-0.030061
-0.438276
-0.090854
0.584887
0.196814
-0.890194
-0.961974
-0.290750
0.553209
-0.452986
-0.331523
0.666494
-0.690115
0.777276
-0.892087
-0.053499
-0.207862
0.776666
-0.883175
0.346721
0.724052
0.660939
0.986694
0.634144
0.240944
-0.362468
0.012848
0.005829
0.078402
-0.457808
0.604297
-0.479537
-0.063570
0.302286
0.233070
-0.164525
0.615345
-0.822748
-0.269692
-0.563402
0.704459
0.818903
-0.646535
-0.278420
0.253639
-0.160192
-0.460555
-0.329020
0.878536
-0.139195
-0.230323
-0.622547
-0.323099
-0.349834
0.312357
0.702506
-0.324870
0.994079
0.226844
0.415265
-0.806269
0.136326
0.200476
0.567797
0.303140
0.983947
-0.784234
-0.710868
0.735466
-0.806574
-0.126865
-0.019379
0.116977
0.836421
-0.523728
-0.827509
0.957640
-0.634083
0.748955
0.902219
0.090243
-0.398053
-0.117527
0.074801
-0.852840
0.138890
-0.285318
-0.707266
-0.681570
-0.128697
-0.445784
-0.129185
-0.583605
-0.610767
-0.039338
-0.263710
0.081088
-0.902524
0.844417
0.249550
-0.510117
-0.610462
0.476730
0.944884
0.051546
0.761895
-0.038972
0.878170
0.374187
-0.958251
-0.399701
0.167577
-0.569506
0.661672
-0.206580
0.024628
-0.539171
0.469710
0.116062
0.053316
-0.361064
0.577136
0.957945
0.659536
-0.504868
-0.314798
0.106845
-0.172765
-0.630787
0.414777
0.809259
0.643178
-0.141087
-0.763604
0.889279
-0.070589
-0.365154
0.738273
-0.581530
-0.654469
-0.032258
0.020356
0.302103
0.896420
-0.749382
0.502060
-0.468917
0.271584
0.039216
-0.517441
-0.720573
-0.799677
0.316324
0.062838
0.078463
-0.643483
-0.096164
0.560350
0.192541
-0.057405
0.350993
0.480026
-0.709342
-0.112888
-0.937925
-0.488998
0.394086
0.013215
0.211158
-0.990112
0.041963
0.485519
0.363323
0.245766
-0.206885
0.976135
0.791681
0.580065
0.777520
-0.195166
0.149327
-0.372539
0.242897
0.663381
-0.024140
-0.196814
0.788141
-0.762871
0.382305
0.033601
-0.703177
-0.883175
-0.893857
-0.465743
-0.322672
0.586047
0.728996
0.753166
0.011383
-0.551195
-0.144627
-0.213660
0.006928
0.629383
0.420759
-0.210181
-0.478011
-0.129795
-0.069613
0.490768
-0.554491
-0.800958
0.752434
-0.836299
-0.732109
0.435713
-0.147801
-0.796625
0.070345
-0.342265
0.272439
0.061068
0.351543
0.925779
-0.168188
-0.589526
-0.421796
-0.953978
0.909970
-0.602771
-0.235572
-0.327494
0.034211
0.012360
0.632557
-0.463240
-0.546678
0.075961
-0.603748
0.792291
0.337687
-0.837336
0.842830
-0.601856
-0.030366
0.791620
-0.455184
-0.199866
0.313639
0.135289
0.827815
0.049226
-0.333415
0.435774
0.036897
-0.829707
0.103793
0.379864
-0.039766
0.755730
0.199438
0.213233
0.082736
0.856624
0.212806
0.386883
-0.957457
-0.219459
-0.426374
-0.294534
0.064791
0.666311
0.173803
-0.147374
-0.567797
0.803217
0.376019
0.994446
0.176916
-0.959105
-0.264626
0.402753
0.806085
0.160680
0.068819
0.704520
0.385662
-0.322428
-0.959044
0.932615
-0.650807
-0.888485
0.596057
-0.863460
-0.856624
-0.809198
-0.665578
-0.604724
0.210242
-0.415265
0.514328
-0.965575
0.866207
0.223304
0.474960
0.493271
-0.854060
-0.863521
0.339091
-0.353313
-0.058565
-0.893490
-0.810846
-0.359783
0.033601
0.237770
-0.924741
0.060823
-0.414472
0.737968
-0.483200
-0.981140
0.948485
0.957152
-0.295267
-0.770074
-0.064547
0.625782
0.355205
-0.046785
0.226356
-0.374310
-0.788812
0.216468
-0.308878
0.261452
-0.510544
0.521409
-0.979675
-0.330851
0.355022
0.877255
0.648976
0.469344
-0.378826
0.798639
-0.748039
0.554552
0.964232
0.409467
0.924436
0.605701
-0.073946
0.444441
-0.180212
0.136937
-0.863704
-0.049776
0.648427
-0.215979
0.517075
0.953917
-0.523423
-0.254006
0.860408
0.053194
-0.660634
-0.770074
-0.478927
0.269814
-0.744438
0.798639
0.520798
-0.491867
0.891171
-0.646596
0.688894
0.073702
-0.680410
0.338481
-0.416791
0.750725
0.540208
-0.458113
-0.246559
0.891842
0.514084
0.284890
-0.695120
0.798639
-0.844844
-0.193152
-0.143773
-0.373821
-0.244423
-0.579394
-0.668325
0.813288
-0.549852
0.585314
-0.138157
-0.670522
0.110202
0.480514
0.895199
0.829829
-0.766350
0.474044
0.013581
0.212500
-0.405194
-0.586352
-0.304300
-0.409162
0.816156
-0.228919
0.062960
-0.258095
0.258889
0.485763
0.115268
-0.968139
0.082919
0.728019
-0.918271
0.129368
0.975097
0.629261
0.672781
-0.961241
-0.758660
-0.301126
0.143956
0.175451
-0.229652
0.833125
-0.165441
-0.151158
0.632313
0.327616
0.512619
-0.228431
0.357219
0.798212
-0.398053
0.188208
-0.165563
-0.325297
-0.888730
-0.071505
-0.761956
0.169774
0.793756
-0.819208
-0.176000
0.647938
-0.304117
-0.119236
0.376629
-0.043550
-0.033296
0.865902
-0.915525
-0.677908
0.460921
-0.735527
-0.318949
-0.788018
-0.837519
-0.153111
-0.896664
-0.068575
-0.260475
-0.325419
0.088839
-0.871273
0.825983
-0.476730
-0.518967
0.068026
0.852168
0.535264
0.631520
-0.949644
-0.259926
0.593249
0.286843
0.445357
-0.388531
-0.339946
0.027802
-0.382183
0.293924
-0.388836
-0.221168
-0.062471
-0.407392
-0.741569
0.955443
0.128086
0.641408
0.371563
-0.544237
0.990539
-0.115452
0.917112
-0.209937
0.850642
0.280557
0.919065
0.173803
0.910825
-0.537584
-0.847285
0.156713
0.111606
0.411786
-0.193396
-0.557115
-0.324198
-0.978637
0.648976
0.852718
0.460189
-0.402387
-0.457381
0.888424
0.432966
-0.746574
-0.815363
-0.222633
0.380352
0.917966
0.586230
-0.265786
-0.544603
-0.776727
0.344646
0.367107
0.285257
0.721244
-0.992859
0.969054
0.199011
0.251381
0.457259
-0.953673
-0.804254
0.797418
-0.672720
-0.764031
-0.565844
0.181066
0.251625
0.815485
-0.908078
-0.498093
-0.721122
0.045686
-0.294473
-0.981323
-0.796075
0.586718
-0.579638
-0.657033
-0.873714
-0.711905
-0.331828
0.099094
-0.433088
-0.641652
0.552599
0.066866
-0.381573
-0.445296
-0.044588
0.033906
-0.770928
0.649953
-0.568468
-0.051607
0.404950
-0.631642
0.695608
-0.731681
0.095614
-0.962096
-0.122959
-0.478072
-0.521409
-0.012848
0.024323
-0.765069
-0.475387
-0.120273
-0.821467
-0.127903
-0.598498
-0.610401
-0.915036
0.503464
0.937620
-0.943907
0.755974
-0.639027
0.101047
-0.617298
0.358318
0.266579
-0.895871
-0.197424
0.170202
0.704703
-0.214393
-0.636280
-0.633045
-0.984375
-0.163610
-0.860286
-0.640736
0.767510
0.732780
-0.276101
-0.375042
-0.669668
0.784906
0.186682
-0.851924
-0.097262
0.662648
-0.675893
-0.255287
-0.950682
0.740471
-0.314859
-0.188940
-0.660451
0.974548
0.885372
0.860408
-0.269448
-0.060213
-0.139012
0.823176
0.779229
0.104526
-0.951903
0.877194
-0.870113
-0.949339
0.919980
-0.579089
-0.272195
0.979675
0.858638
-0.793329
-0.007294
0.185339
0.881893
-0.762261
-0.110141
0.674123
-0.794916
0.477340
0.956908
0.575182
-0.417646
-0.887875
-0.673879
-0.585681
0.444197
-0.733757
-0.855464
-0.909360
0.891842
-0.632069
-0.844722
0.263344
-0.582812
-0.823847
0.494797
0.909482
-0.532579
-0.895138
0.336344
-0.327921
-0.411481
-0.502182
-0.777520
0.170690
-0.768792
0.832759
-0.664968
-0.469100
-0.667409
0.287637
-0.124119
0.757805
0.767510
-0.535691
-0.830988
0.079806
-0.412580
0.470504
0.915525
0.665273
-0.177526
0.590686
0.168737
0.420698
0.254738
0.887814
-0.142308
-0.449263
0.995178
-0.248268
0.841365
-0.793268
-0.394818
0.323099
-0.794061
0.843501
0.439192
-0.811579
-0.865902
0.659902
-0.549181
-0.978576
0.187536
0.194067
-0.028657
-0.620106
0.756279
0.684805
-0.907834
-0.026337
0.244484
0.097018
0.470199
-0.408673
0.788018
-0.889218
0.785089
0.704215
-0.506638
0.566088
0.943968
-0.229286
0.371868
-0.687551
0.782281
0.278115
0.404645
-0.500595
-0.562120
-0.443464
0.693350
0.793756
0.237526
0.554552
0.609119
0.125706
-0.141514
-0.615101
-0.917539
0.863155
-0.116184
0.311808
0.329081
-0.816279
0.740043
0.181921
0.775933
0.626942
-0.747368
0.425398
0.503708
0.597156
0.444258
-0.640309
-0.851497
-0.776299
-0.043611
0.882260
0.691092
-0.207251
-0.166051
-0.795831
-0.878964
-0.661306
0.126072
-0.378887
-0.297037
0.938292
-0.837947
-0.786737
-0.404889
0.074557
0.052278
0.400555
0.392132
0.392804
-0.627857
-0.201453
0.447981
-0.334086
-0.874264
-0.435408
0.663198
0.174291
-0.661000
-0.268166
0.819941
0.821589
-0.925657
0.825312
-0.653737
0.306986
-0.012543
-0.430097
-0.420087
-0.833308
0.883053
0.731986
-0.739982
0.216590
-0.484481
0.395550
-0.041414
0.009674
-0.576708
-0.013215
0.958434
0.974609
-0.615955
-0.344279
0.457015
-0.645558
-0.020112
0.665029
-0.433576
-0.653188
-0.292398
-0.787652
-0.168615
0.241005
-0.750420
0.778008
0.643971
0.671682
0.100375
0.901669
0.404584
-0.200354
-0.467574
-0.406598
-0.665639
0.651845
0.613147
-0.496200
0.266091
-0.891903
0.364910
-0.719474
0.796808
-0.790887
0.181921
0.893124
0.080050
0.980346
0.787591
0.525925
-0.783807
-0.529954
0.931639
0.449324
-0.874508
0.035005
0.808283
0.938047
0.553636
0.585070
0.017304
0.327799
0.870724
0.223365
-0.024018
0.283242
-0.932188
-0.029145
-0.005402
0.267312
-0.884640
-0.306558
0.300333
-0.016877
0.272866
0.955199
0.184973
-0.414655
-0.651723
-0.921384
0.279153
0.646901
0.716300
0.431257
-0.903012
0.970641
0.243751
-0.477706
0.564684
-0.521714
0.665822
0.197180
-0.650563
0.574206
-0.674184
-0.258889
0.943663
0.808466
-0.174535
0.492538
-0.641652
-0.219764
-0.270363
-0.827448
0.612659
0.872921
0.143590
0.536973
-0.686880
0.398236
0.427290
-0.933409
-0.281045
0.382733
-0.880428
-0.638539
0.305582
0.635914
0.527573
-0.237526
-0.719108
0.018097
-0.210181
0.770684
-0.437971
-0.811090
-0.318827
0.605762
-0.433454
-0.774773
0.993652
0.330363
-0.328104
0.972289
-0.576586
-0.632313
-0.972839
-0.495224
0.911557
-0.139866
0.971007
0.838191
0.855281
0.447859
-0.487838
-0.625416
-0.662465
0.798334
0.272195
0.139134
-0.680349
-0.336528
0.705374
-0.544176
-0.898007
0.466231
-0.896725
0.931211
0.687857
0.209143
0.841243
0.931394
-0.613941
-0.937864
-0.615833
0.020661
-0.658681
-0.583422
0.252846
0.737968
-0.100436
-0.710562
-0.859737
-0.892087
0.923460
0.673513
0.791375
0.052461
-0.432173
0.016205
-0.908872
-0.405988
-0.496384
0.758354
-0.397198
-0.837947
0.462142
-0.157628
0.245399
0.788568
0.243629
0.480209
0.170141
-0.125156
-0.705496
-0.039521
-0.500168
-0.843562
-0.347636
0.376568
-0.720878
-0.604297
0.547594
0.871517
0.806635
-0.062654
-0.820429
0.890011
0.805292
-0.060335
-0.069552
0.551073
-0.409833
-0.086398
-0.107700
-0.985412
-0.372356
-0.882992
-0.786554
0.951720
0.404157
-0.771722
0.009186
-0.268777
-0.268227
0.198035
0.299112
0.791314
0.096530
0.547899
0.738090
0.131626
-0.715201
-0.898068
0.239357
0.485519
0.976196
0.173009
0.935972
-0.402142
0.756645
0.925291
0.224525
0.898129
-0.365337
-0.037141
0.173803
0.218360
-0.357341
0.032868
0.876827
-0.874264
0.897519
-0.115635
0.137364
0.204138
-0.325541
0.531053
0.066744
-0.578478
-0.954588
0.920408
-0.696097
0.403729
0.992065
-0.868038
0.650929
-0.055940
-0.812860
0.268410
-0.056124
-0.079989
-0.053072
0.382366
0.685476
0.809687
-0.353862
-0.375042
0.221473
-0.752922
-0.785455
0.177770
0.650197
-0.879940
0.096408
-0.377056
-0.255715
0.614917
-0.337016
-0.480148
0.597522
-0.238746
0.948729
-0.930845
0.252541
0.710929
0.713370
0.212622
0.697989
-0.783807
0.395978
-0.618702
0.657643
-0.397443
0.506699
-0.555589
-0.109836
-0.434980
0.460738
0.198706
0.295206
0.599963
-0.670766
0.164769
0.885311
-0.846065
-0.963683
-0.992492
-0.789178
-0.842708
0.908078
0.059542
-0.999023
0.708060
-0.613453
-0.626331
-0.021638
-0.670339
-0.579028
0.108554
0.782647
0.551683
-0.079073
-0.603626
0.045198
0.382366
0.210608
-0.528062
-0.419172
0.730766
-0.044710
0.008332
-0.606311
0.020295
0.592822
-0.981262
-0.185583
-0.546617
0.061556
-0.926389
0.312906
0.657826
-0.908872
-0.584216
-0.230323
-0.060579
-0.061251
-0.145482
0.329875
0.255959
-0.766289
0.674306
-0.813959
-0.991394
0.473067
-0.626453
0.637135
-0.209998
-0.369243
-0.638295
-0.865902
-0.886166
0.256142
0.314371
0.038667
-0.123569
0.975829
0.968444
0.817621
-0.839473
0.100681
0.377728
-0.895322
-0.349284
0.540269
0.479171
0.241310
-0.861690
-0.841182
-0.835444
0.260048
-0.007965
-0.113804
0.162694
0.752434
-0.114719
-0.864071
-0.785882
0.522019
-0.460494
0.105319
0.947081
0.622913
0.062288
-0.950194
-0.243446
0.888974
-0.722159
-0.387921
0.474654
0.108005
-0.256874
0.414899
0.082308
0.613025
0.220008
0.601672
0.265053
0.534715
0.636708
-0.608936
-0.687735
-0.681631
0.883114
-0.653859
-0.492965
0.505417
-0.973022
0.857784
0.281533
0.751457
0.296243
0.673635
0.328104
-0.111728
0.418806
-0.651112
0.272317
-0.722526
0.068026
-0.003265
0.128574
0.506943
-0.942259
-0.800226
0.904965
-0.900449
0.007538
0.227149
-0.970580
0.297952
0.797784
-0.835810
0.774163
0.865963
-0.700064
-0.354289
0.283975
0.624134
0.391644
0.921812
-0.754814
-0.358135
-0.051241
-0.364299
-0.615894
-0.867733
-0.737419
-0.492477
-0.573473
-0.234779
0.549608
0.030183
-0.438093
0.710379
0.282876
0.750664
0.056551
0.083102
-0.562914
-0.683218
0.239418
0.121494
0.786798
-0.497909
0.128330
0.784417
0.807672
0.899045
-0.677786
-0.191748
0.012543
0.308939
-0.871639
0.610828
-0.999145
0.462691
-0.798639
-0.179296
-0.326395
0.764702
0.845943
0.497055
-0.862239
-0.648000
0.252297
-0.649403
0.322550
-0.811945
-0.810968
0.645741
0.427900
0.715934
0.181005
0.335795
-0.482894
0.654408
0.276223
-0.013092
-0.572741
0.783685
-0.798334
0.976806
0.759758
-0.760613
-0.661000
-0.884457
0.350017
0.769768
-0.354106
-0.405255
-0.023103
-0.009674
-0.945921
-0.266457
-0.475448
-0.482467
-0.602405
0.368206
-0.870113
-0.645375
-0.412458
0.899350
-0.567431
0.271401
-0.805536
0.925291
-0.607410
0.581408
-0.926572
0.910031
-0.190893
0.741935
0.623646
-0.329508
-0.716239
-0.216712
-0.286416
-0.062777
-0.983764
-0.705985
0.960570
0.360393
0.222755
-0.017304
-0.090976
0.558763
0.678335
0.636464
-0.498398
-0.264443
-0.459517
0.338420
-0.474960
0.108921
0.165990
-0.396832
-0.788507
-0.480758
0.081881
-0.399518
0.304544
0.764153
-0.935850
-0.023408
-0.075045
0.723319
-0.074129
0.782586
-0.519944
-0.370464
-0.086947
0.134068
0.030610
-0.394574
-0.479720
0.863704
0.148228
-0.222510
-0.853084
0.884640
0.683218
0.110263
-0.579821
-0.558092
-0.981017
-0.345927
0.958190
-0.386761
-0.652699
-0.294656
0.049776
0.071444
-0.058809
0.166906
0.720511
-0.395428
-0.136998
-0.619495
-0.722159
0.265175
-0.898434
0.414167
-0.172155
-0.598437
0.488510
-0.501328
-0.449812
0.824885
0.304971
-0.897031
-0.333293
-0.542589
-0.648549
0.473861
0.551439
-0.194861
0.094638
0.550645
-0.332377
0.678274
0.119358
-0.132786
0.661306
-0.240211
-0.560656
-0.024567
-0.841121
0.162145
0.861629
0.490768
0.033052
0.327860
-0.036348
0.366192
0.431013
0.525559
0.780816
0.145299
0.429670
0.665151
-0.882382
-0.207312
-0.258095
0.605640
-0.031281
0.642140
0.059725
0.543870
-0.559557
-0.858943
-0.078829
0.283731
-0.191198
-0.679250
0.487777
-0.583850
0.011750
-0.466597
0.013703
0.208106
0.256508
0.168310
-0.986633
0.377422
0.938475
-0.821711
-0.769768
-0.284951
-0.282327
-0.895260
-0.183935
-0.538255
0.375225
0.677602
-0.040925
0.162511
-0.338481
-0.251198
-0.596484
0.487228
0.806330
-0.328104
-0.951292
0.330180
0.296426
-0.602954
-0.140782
-0.282144
0.402875
-0.104038
0.464949
-0.046480
-0.979125
0.790582
0.417951
-0.229774
-0.000885
0.393780
-0.526292
-0.056856
0.488693
0.663503
-0.276833
0.902402
-0.584521
-0.163305
-0.928770
0.186865
-0.479843
0.386029
0.691885
0.679250
-0.867428
0.982849
-0.907468
-0.304788
-0.034211
0.528672
-0.324259
-0.291055
-0.272744
-0.891537
0.882687
0.451949
-0.398114
-0.910031
0.374493
0.715384
0.088473
-0.853206
-0.482406
0.923704
-0.608020
-0.390912
0.528550
-0.431440
-0.182043
0.389080
0.287454
-0.307840
0.530992
0.102329
0.510056
-0.456893
-0.777459
0.986023
-0.486557
0.503647
-0.344829
0.119297
-0.372723
0.022065
-0.374432
-0.235878
-0.654042
-0.323893
0.992370
0.687063
-0.174352
0.535142
0.612476
-0.766655
0.758721
-0.156468
0.636952
0.246864
-0.258827
0.478744
-0.460799
-0.512436
0.605823
-0.496323
0.879269
-0.455672
0.840327
0.329814
-0.441572
-0.055940
0.460860
0.762505
0.863521
-0.572985
-0.397565
0.424787
-0.387555
0.721671
-0.908506
0.821894
-0.529160
-0.906552
0.060518
0.662954
-0.211707
0.589831
0.707633
-0.665883
-0.905576
-0.837947
-0.924009
-0.569811
-0.935606
-0.586901
0.325968
0.376324
-0.770257
-0.520005
0.423688
0.806879
0.607166
0.033906
0.737968
0.061190
-0.275674
0.508591
0.519517
0.591845
-0.065889
-0.491623
-0.115940
-0.103793
-0.432783
0.059359
-0.484298
-0.904599
0.411298
-0.309610
-0.105869
0.906858
0.440352
-0.681509
0.909421
-0.501938
0.445173
-0.337443
0.154881
0.276284
-0.510178
0.916868
-0.645924
-0.579394
0.412763
0.370830
-0.254860
-0.743889
0.367290
-0.830439
-0.861141
-0.103610
-0.925291
-0.543199
-0.805170
0.262734
-0.225990
-0.452925
0.900510
0.586779
-0.399396
0.698904
0.991638
-0.943419
0.788446
-0.859371
-0.958922
-0.296609
0.625050
0.995972
0.109470
-0.796991
-0.408612
0.180822
0.802484
-0.453047
-0.339274
0.564867
-0.981140
-0.202002
-0.494064
-0.302591
0.657155
0.517319
-0.735893
-0.073458
0.071749
0.283303
-0.731559
0.229286
-0.221290
0.799493
0.874264
0.915464
0.639698
-0.024384
-0.129734
-0.051057
-0.702322
-0.764946
-0.717887
-0.580981
-0.968139
-0.166478
0.951476
0.656667
0.514084
0.286538
-0.176611
-0.315592
-0.411786
-0.972228
-0.790826
-0.736381
0.839290
-0.255287
0.428083
0.935484
0.006317
0.485397
0.960814
0.251320
-0.134922
-0.490158
-0.120579
0.207556
-0.242225
-0.242714
-0.196631
-0.418989
-0.217811
0.638966
-0.951720
0.468490
0.762139
-0.161718
-0.921567
-0.496811
-0.025605
-0.450240
-0.042879
0.697501
-0.431990
0.704215
-0.961852
-0.366008
0.935850
-0.291665
0.427656
0.263710
0.215613
0.956542
-0.653005
-0.791498
-0.458663
-0.638478
-0.430036
0.148473
-0.328532
-0.959105
0.283120
0.471419
-0.751762
-0.091525
0.043306
-0.488449
0.822138
0.639210
0.395917
-0.233619
0.116245
0.818659
0.017914
-0.442427
0.351726
0.095431
-0.066073
-0.390790
0.701285
0.126438
-0.407270
-0.984497
0.132115
-0.468368
0.592151
-0.121311
-0.935667
-0.690237
-0.141697
0.932676
0.161962
-0.044649
0.973266
-0.053438
-0.071261
-0.204627
-0.185522
-0.929258
-0.908444
0.877865
0.578478
-0.779534
-0.932737
-0.378155
0.016449
-0.769341
-0.929991
-0.189062
-0.118625
-0.583789
0.125767
0.089877
0.750603
-0.250160
-0.208838
-0.701590
0.999207
0.440291
-0.392193
-0.425031
0.416791
0.703787
0.900571
-0.686697
-0.365764
0.177526
0.500534
0.569506
-0.955443
-0.852657
-0.344279
-0.709891
-0.538011
-0.050508
0.898984
-0.211158
0.233070
-0.602893
0.911740
0.723014
-0.986023
0.328043
-0.204321
0.155370
0.589953
0.395550
0.192358
0.322001
0.985351
0.243934
-0.047456
-0.559496
0.372539
0.596484
-0.286966
0.060823
-0.075961
0.413190
0.772637
-0.405560
-0.426374
0.011505
-0.615040
-0.121189
-0.111606
-0.052461
0.109470
0.291360
0.325236
-0.984985
-0.783624
0.581896
-0.059969
0.389386
-0.797784
-0.189489
-0.252541
-0.371136
-0.003876
-0.235511
-0.799738
0.034333
0.623218
-0.380657
0.899411
-0.260720
0.959288
0.235206
-0.350688
-0.016083
0.904843
-0.550645
0.199805
-0.468123
0.065523
0.842097
0.795160
0.159398
-0.007721
0.881893
-0.301187
-0.943358
-0.038179
0.007416
0.941160
0.676870
-0.184179
-0.768365
-0.288491
0.452071
0.771111
-0.387249
0.146214
0.561083
0.658620
0.713736
-0.616138
-0.129978
-0.449202
-0.849239
-0.179724
0.869808
0.817255
0.770379
0.088412
-0.618519
0.528428
0.157872
-0.697867
-0.383709
-0.626270
0.810480
0.274514
0.908444
0.856136
-0.864620
-0.931639
-0.181799
0.375591
0.392071
0.482162
0.452132
0.639088
-0.367901
0.309977
-0.702322
0.877682
0.754631
-0.666311
0.288491
-0.474044
-0.945494
-0.438765
-0.105625
-0.854183
0.605090
0.922422
-0.651540
0.821284
0.655812
-0.850093
-0.786431
-0.307840
0.895749
0.531175
0.460677
0.030915
-0.864193
0.319376
0.986999
0.823420
0.924070
-0.623402
-0.427839
0.343913
0.401593
-0.661061
0.813593
0.138707
0.830866
0.682180
0.457015
0.314676
-0.274331
0.702689
0.095676
0.038179
-0.866451
0.482345
0.572497
0.365825
0.794000
0.232521
-0.371136
-0.753044
-0.553636
-0.672048
-0.959105
0.752434
-0.982971
0.384930
-0.862117
-0.924070
-0.859859
0.896420
0.838252
0.302225
-0.239418
-0.195532
-0.884335
-0.185461
0.354289
0.631825
-0.340739
-0.804682
-0.086947
0.155614
-0.072909
0.965453
-0.782403
-0.029756
0.398663
0.357402
0.650868
-0.431013
-0.939329
-0.923948
0.282327
0.400555
-0.648549
0.732475
0.436079
0.653981
0.975036
0.413984
0.043672
0.247902
-0.970946
0.756279
-0.668386
0.552293
0.741935
-0.396039
0.976257
-0.614368
0.762017
-0.271584
-0.845027
0.482162
0.156346
0.774712
-0.623768
0.593005
-0.192602
0.602100
-0.709769
0.253151
0.265297
-0.715629
0.684194
0.082614
-0.925962
-0.849178
-0.087130
-0.232521
0.446333
-0.722037
0.144261
-0.549059
0.192785
-0.019929
0.304178
0.830439
0.010773
0.585376
-0.470687
-0.385296
0.176977
-0.293863
-0.593616
0.930723
-0.334635
-0.846858
0.597766
-0.465255
0.593738
-0.751335
0.706046
-0.707450
0.350688
0.622608
-0.158238
0.130100
0.152928
-0.233558
-0.587390
0.424604
-0.987854
-0.456832
-0.705496
0.047334
-0.354839
-0.019501
0.309732
0.762627
0.593188
0.605823
-0.383099
0.411054
0.627857
0.921751
-0.926695
-0.745842
-0.447432
-0.130467
0.616871
-0.650014
-0.207923
-0.171117
-0.461165
0.514695
0.184484
-0.498032
-0.840815
0.889035
-0.495407
0.859615
-0.564867
-0.479232
-0.635426
-0.254067
0.150365
-0.348796
-0.488998
-0.460982
0.378094
0.646352
0.947020
0.065096
0.835505
0.802667
0.491134
-0.934385
0.845393
-0.445723
0.650563
-0.964904
0.022858
0.050386
0.553514
0.154881
0.811029
-0.011689
-0.120701
0.232337
-0.966308
-0.971984
0.548509
0.176061
0.090060
0.455061
-0.303690
-0.178014
-0.966674
-0.425336
-0.411359
-0.590991
0.506760
-0.031770
0.375286
0.298807
0.409528
0.718436
-0.268899
-0.157262
-0.247414
-0.935606
0.770501
-0.244911
0.272683
-0.664296
-0.457747
-0.087130
-0.061251
0.178869
-0.626759
0.749626
-0.198096
-0.048189
0.076266
0.494552
0.624317
-0.909665
-0.961913
-0.162755
0.297769
-0.240150
0.158788
-0.327189
-0.796258
0.674917
-0.372356
0.365520
0.291055
-0.813410
0.137120
0.977783
0.869442
-0.767449
-0.241798
-0.445540
-0.113254
0.262856
0.168004
-0.806452
0.095981
-0.246498
-0.579394
-0.825373
-0.005768
0.906674
-0.154576
-0.985107
0.458052
0.663991
-0.751701
0.004730
-0.661916
-0.314920
0.269875
0.936155
0.966735
0.111667
-0.116367
-0.572130
-0.338908
0.300638
0.323283
0.713065
-0.281045
-0.323771
0.871334
0.852901
0.868282
0.824152
0.136265
-0.370952
0.103183
-0.218360
0.614978
-0.847163
-0.298990
-0.446089
-0.064730
-0.352031
0.387371
-0.246864
-0.666250
-0.060030
-0.569384
0.879025
0.269448
-0.769646
-0.778314
0.549791
0.415387
-0.496689
-0.406720
-0.880673
0.439802
-0.505905
-0.546068
0.932493
0.496506
0.413678
0.226539
-0.530442
0.697073
0.576220
0.967406
0.013398
0.711295
-0.273232
0.114658
-0.660268
0.397259
0.901669
-0.270180
0.452681
0.135533
-0.521714
0.375530
0.750481
0.926817
0.642933
0.478561
-0.525254
-0.139805
0.109409
-0.639332
0.228675
0.041780
0.322367
-0.291421
0.101413
0.905026
0.629261
0.785211
-0.848750
0.044954
0.916868
-0.783197
0.267617
0.969237
0.441694
0.347148
0.498642
-0.376385
-0.631642
0.771172
0.501328
-0.334696
0.956786
0.611988
-0.342875
-0.781610
0.742973
-0.936522
0.314249
0.109409
0.723380
-0.604602
0.789972
-0.658071
0.641285
0.878414
0.184912
-0.348857
-0.960326
-0.996826
0.023347
0.127171
-0.877499
0.347148
-0.403851
0.302835
0.860775
0.221717
-0.053560
0.710135
0.208716
0.671560
-0.342143
0.644642
0.848140
-0.841548
0.001251
0.532640
0.863338
0.784722
0.122898
0.921690
0.301187
-0.540330
0.588794
0.770440
0.546251
-0.687735
0.019868
0.958129
0.167028
0.219886
-0.196081
-0.408551
0.715201
-0.495102
-0.601062
0.159886
-0.294656
-0.750969
-0.618336
-0.852290
-0.891781
0.772271
-0.317972
0.864071
0.122166
-0.766900
0.114780
-0.729118
-0.277261
0.130406
0.997314
-0.226356
0.582751
-0.457076
-0.542589
0.108554
-0.232521
0.873470
0.051363
-0.131748
0.222510
0.609119
-0.183813
-0.012421
-0.998596
0.230811
0.558519
-0.684011
-0.129368
-0.331767
-0.217322
0.734977
-0.400739
-0.158727
-0.991577
-0.438398
0.795221
-0.872372
-0.745903
-0.446516
0.329325
-0.627430
0.577136
-0.561815
-0.646901
0.000641
0.548204
0.354411
0.571825
-0.639821
0.501572
0.307657
-0.903317
0.147923
-0.907407
0.718925
0.317850
0.631336
0.555589
0.820673
0.968444
-0.707633
-0.384869
-0.764702
-0.339274
-0.622059
0.453230
0.416486
-0.407758
0.621937
-0.800287
-0.785699
0.784722
-0.230262
0.277139
0.169286
-0.036042
-0.190161
0.604236
0.082247
-0.268410
0.855953
-0.449507
0.154393
-0.918760
-0.339152
-0.372662
-0.625904
0.210242
-0.247841
0.863582
0.908750
0.395184
0.417768
-0.069796
0.657704
0.046724
-0.925962
0.727531
0.056612
0.448286
0.380657
0.668630
0.576769
0.324259
0.206458
0.997497
-0.598071
-0.408063
-0.495407
-0.912351
0.767327
0.923215
-0.932615
0.044893
-0.089694
