-0.050874
-0.172094
-0.851985
-0.145116
-0.993957
0.694632
0.935301
-0.607044
0.593371
0.466353
0.601001
-0.285501
-0.623951
0.184301
-0.861690
-0.793634
0.562914
0.674368
-0.648183
0.823176
0.069002
-0.509323
-0.447798
-0.651051
0.001068
-0.126377
0.363628
-0.560595
0.939512
0.692129
0.558885
0.237587
0.754387
-0.555040
0.812799
0.964599
-0.139744
0.621387
-0.096164
-0.638905
0.421064
-0.041108
-0.313089
-0.069552
0.864620
-0.289163
0.284829
-0.188208
-0.751762
-0.440413
-0.667226
0.346355
0.048250
-0.358684
0.406964
-0.829829
0.279336
-0.970214
-0.355022
-0.999023
-0.454146
-0.853267
0.281655
-0.629017
0.478317
-0.654714
0.380963
-0.775262
-0.431074
-0.496445
-0.382794
0.377056
0.721366
0.352458
-0.350261
-0.957152
-0.535569
0.188940
-0.131932
-0.352702
0.329569
-0.690970
-0.203223
0.726615
-0.472152
0.315836
0.829829
-0.148412
-0.069918
0.152318
0.153966
-0.627674
0.966552
-0.444807
0.030915
0.106052
0.365764
-0.995605
-0.046358
0.911802
-0.571337
0.969970
0.460311
0.050020
0.933775
0.738456
0.389447
-0.087741
0.055330
-0.823664
-0.766961
-0.375591
-0.174841
0.547716
0.787469
0.751579
-0.315836
-0.793817
0.902707
-0.778314
0.097812
0.168004
0.846614
-0.881466
0.038789
-0.173742
-0.768242
-0.953490
0.972167
-0.207678
-0.776055
-0.947508
0.002411
-0.266518
-0.394208
0.664052
0.533006
-0.424604
-0.011994
-0.796381
0.622669
-0.698233
0.358562
0.855953
-0.936033
0.341899
-0.253883
0.184179
0.502121
-0.629444
0.434797
0.070711
-0.559252
-0.804132
-0.479720
0.327616
-0.803705
-0.747307
0.839778
0.257729
-0.621448
0.556261
-0.614734
-0.742546
-0.131443
0.046968
-0.047029
-0.845637
-0.256569
-0.505417
-0.994201
0.275430
0.887082
-0.180029
-0.549852
-0.121616
0.500168
-0.076510
0.647206
0.214881
0.357830
-0.623402
-0.326334
-0.540696
0.459273
-0.152196
-0.458480
-0.134068
0.136570
-0.978210
0.307840
0.430036
0.688833
0.824152
0.159581
0.922422
-0.818171
-0.153661
0.795343
-0.811274
-0.557543
0.071383
-0.642506
0.873470
-0.735954
-0.893307
-0.505966
-0.966185
0.644398
-0.438704
0.620106
0.004730
-0.149205
-0.707755
0.426557
0.936094
-0.913755
0.136753
-0.299478
-0.930906
0.541307
-0.598376
-0.069369
0.311319
-0.193152
-0.051729
0.915281
-0.317728
-0.751762
-0.654775
0.028352
0.874996
0.611438
-0.300943
-0.225257
0.367046
-0.344340
0.371319
-0.807184
0.436995
0.755364
0.432783
-0.603809
0.076022
-0.817499
-0.060762
0.502426
0.101657
0.430830
0.995361
-0.567431
0.701590
0.960753
0.421369
0.199072
-0.407941
0.739494
-0.314982
0.922666
0.224525
0.940001
0.631947
-0.969909
0.141270
-0.378826
0.895199
-0.690664
-0.674184
0.811640
0.421003
0.801141
0.924558
-0.719047
0.760796
-0.271828
-0.275185
-0.596545
0.016511
-0.040254
-0.373821
-0.593127
-0.804621
-0.684500
0.559801
0.335551
-0.405988
0.134312
-0.189428
-0.820063
-0.915464
-0.988403
-0.564867
-0.542039
-0.469955
0.336711
0.747368
-0.482406
-0.623707
-0.117649
0.158177
0.966918
-0.893185
-0.430342
-0.111606
0.589465
-0.732047
-0.860042
-0.095676
-0.282205
-0.811823
0.558397
0.446455
-0.427900
0.063265
-0.690176
-0.989319
0.507431
0.882199
-0.207190
0.345683
-0.898923
-0.324503
0.045747
0.030915
-0.718863
0.271584
0.665090
-0.487960
-0.717826
0.546800
0.336833
-0.769646
0.496078
-0.156407
0.348430
-0.747002
-0.957884
-0.277749
-0.328043
0.342204
-0.101169
0.884579
-0.057711
-0.094516
0.776543
0.359294
-0.285623
-0.601001
-0.592761
-0.807794
-0.775201
-0.327372
0.053255
0.630909
-0.605152
-0.589587
-0.977111
0.502060
0.790216
0.827631
-0.336100
0.652272
0.737175
0.058138
0.330485
-0.061007
-0.607471
-0.371685
-0.144566
-0.445540
-0.009125
0.652516
0.972472
0.943541
-0.883236
0.730461
-0.065523
0.118625
-0.768731
0.318033
-0.664968
-0.162389
-0.352153
0.312052
0.810846
-0.830744
0.476119
0.019318
-0.796747
0.986206
0.048006
0.465499
0.152074
0.818049
0.589770
-0.398602
-0.990173
0.377239
0.541490
-0.685598
-0.359172
0.690176
-0.332987
0.365459
0.156957
-0.699515
-0.564074
-0.301553
0.426130
-0.323222
-0.863521
0.507431
0.703848
0.419599
-0.603015
-0.062410
-0.342448
0.832575
0.621815
0.720817
-0.051241
0.295022
0.829157
-0.123936
0.062166
-0.464522
-0.611499
0.918516
0.222571
0.789178
-0.426618
0.296304
0.505539
-0.315348
-0.565416
0.279092
0.784234
-0.230567
0.511887
-0.373150
0.672048
0.977721
0.371441
0.121982
0.376629
0.296487
0.744621
0.323283
0.268288
-0.572558
-0.373577
-0.530931
0.123447
0.183691
-0.332987
-0.666494
-0.980834
-0.929319
0.213721
0.600330
-0.192541
-0.320963
-0.836299
0.960997
-0.982910
0.720389
0.500595
0.751885
-0.897214
0.914365
0.633900
-0.676138
0.860714
0.592090
0.145787
0.160436
0.296976
-0.669362
-0.408734
-0.788812
0.821284
-0.560228
0.737724
0.277078
-0.332926
-0.268960
0.421857
0.999145
-0.209815
-0.993835
0.223060
0.954588
-0.290872
0.960021
0.833308
0.505478
-0.250649
0.437300
0.098178
0.119053
0.016022
0.984924
0.706229
0.949278
-0.420637
0.144749
-0.772332
0.622547
-0.603687
-0.250526
-0.792535
-0.635304
-0.052889
-0.161046
0.913388
0.975890
-0.075289
0.079867
-0.071871
0.025239
0.399274
0.345317
-0.974181
0.160375
0.771722
0.251381
0.133213
0.756951
0.689322
0.200049
0.559557
0.402387
0.766289
0.844295
0.840815
0.830622
-0.640736
-0.371014
-0.133946
-0.503891
0.505356
-0.450545
-0.161168
-0.775994
-0.295816
-0.780023
0.371563
-0.948607
0.347942
-0.318583
0.020356
0.285501
-0.204382
0.822504
-0.677480
0.062227
0.136448
-0.487045
0.944456
0.764153
0.559435
0.292642
0.898129
-0.300394
0.831416
-0.036103
0.961791
0.460250
-0.568651
-0.925474
0.439253
-0.529466
-0.171484
0.556200
0.981811
0.286050
-0.171361
-0.287027
0.590258
-0.962401
-0.753777
-0.704215
0.292093
-0.720756
-0.717826
0.360637
0.685171
-0.347575
-0.982849
-0.879635
0.705313
0.544237
0.600513
0.339702
0.355937
-0.719108
0.489242
-0.945677
-0.742973
-0.342326
0.982177
-0.722892
0.813044
-0.787530
0.566942
-0.760247
0.440901
-0.772271
0.508652
0.863338
0.345561
-0.204688
-0.912839
-0.962889
-0.618580
-0.239174
-0.745537
-0.046419
-0.363140
0.691885
-0.132420
-0.465194
0.602893
-0.915036
-0.290994
0.402264
-0.881161
-0.092624
-0.982116
0.471664
-0.201636
0.704337
0.128819
-0.800043
-0.420759
-0.461104
-0.670339
0.606983
0.020600
0.940733
0.722465
-0.469527
0.798212
-0.836543
0.519578
0.199499
0.004608
0.379009
-0.975097
0.377300
-0.473556
0.658315
0.093417
-0.050874
0.702689
-0.821345
0.362529
-0.807917
-0.985839
-0.734367
-0.296060
0.340861
-0.999878
0.007416
-0.438276
-0.090854
0.848750
-0.305887
-0.890194
-0.840632
0.450545
0.553209
-0.326640
-0.331523
0.666494
0.202673
0.777276
0.358440
0.986694
-0.207862
0.936094
-0.883175
-0.070162
0.724052
0.660939
-0.384686
0.729728
-0.531785
0.319254
-0.296915
0.342387
0.078402
-0.457808
0.604297
-0.479537
-0.063570
0.554735
0.233070
-0.164525
0.103793
-0.822748
-0.269692
0.213721
0.704459
0.818903
-0.646535
0.156224
0.253639
-0.160192
-0.460555
-0.329020
0.878536
-0.139195
-0.230323
-0.622547
-0.323099
0.651906
0.312357
0.702506
-0.531541
0.994079
0.226844
-0.219886
-0.806269
0.136326
0.200476
-0.110202
0.303140
-0.131016
0.770562
-0.958617
-0.456832
-0.806574
-0.126865
-0.019379
0.116977
0.836421
-0.523728
-0.827509
0.957640
-0.634083
0.748955
0.902219
0.090243
-0.113193
-0.117527
0.715201
0.640553
0.138890
-0.285318
-0.785150
-0.681570
-0.128697
-0.445784
0.889706
-0.583605
0.859004
-0.039338
-0.263710
0.081088
-0.902524
-0.791253
0.249550
-0.510117
-0.610462
0.476730
0.944884
0.201880
0.594470
-0.691641
0.948790
0.311930
-0.958251
-0.399701
0.167577
-0.569506
-0.141820
-0.917600
-0.964354
-0.539171
0.469710
0.116062
0.053316
-0.361064
0.577136
0.957945
0.659536
-0.504868
-0.314798
0.106845
0.677419
-0.630787
0.414777
0.789178
-0.689932
-0.966247
-0.763604
0.889279
-0.070589
-0.365154
0.738273
-0.581530
-0.654469
-0.032258
0.020356
0.302103
0.896420
-0.139256
0.502060
-0.468917
0.271584
0.039216
-0.899350
-0.720573
0.106235
0.316324
0.909726
0.078463
-0.970336
-0.782525
0.560350
0.192541
-0.057405
0.350993
0.480026
-0.709342
-0.928587
-0.937925
-0.488998
-0.483139
0.330241
0.211158
-0.990112
0.940611
-0.617481
0.363323
0.245766
-0.206885
0.976135
0.791681
0.580065
0.777520
-0.195166
0.149327
0.168676
0.242897
0.663381
-0.024140
0.582812
0.788141
-0.762871
-0.442122
0.033601
-0.181188
-0.883175
-0.893857
-0.465743
-0.322672
0.586047
0.728996
0.753166
0.011383
-0.551195
-0.439863
-0.213660
0.006928
0.629383
0.420759
-0.416364
-0.478011
-0.340129
0.635243
0.290262
-0.820429
-0.800958
0.752434
-0.836299
-0.732109
0.435713
-0.147801
0.187292
0.070345
0.691153
0.272439
0.061068
0.351543
0.925779
0.330790
-0.589526
-0.421796
-0.953978
0.909970
-0.545640
-0.235572
-0.327494
0.034211
0.012360
0.632557
-0.463240
-0.154210
0.747490
-0.329020
0.792291
-0.141881
-0.837336
0.696524
-0.601856
-0.769768
0.791620
0.278481
-0.199866
0.313639
0.135289
0.827815
0.231056
-0.333415
-0.395978
0.036897
-0.829707
-0.790033
0.379864
-0.039766
-0.079073
0.199438
0.213233
0.082736
0.856624
0.212806
0.386883
-0.106540
-0.219459
-0.886288
-0.294534
0.064791
0.666311
-0.933958
-0.206030
0.252724
0.803217
0.376019
0.994446
0.176916
-0.959105
-0.264626
-0.645253
0.806085
0.160680
0.068819
0.704520
-0.366070
-0.322428
0.666433
-0.670522
-0.650807
-0.888485
0.596057
0.399884
-0.856624
0.480148
-0.665578
-0.604724
-0.099643
-0.415265
-0.771783
-0.965575
-0.824091
0.775079
-0.777459
0.493271
0.638356
0.828242
-0.324381
0.138768
-0.058565
-0.893490
-0.810846
-0.359783
0.533494
0.973754
-0.924741
0.060823
-0.414472
0.737968
-0.483200
-0.981140
0.948485
0.957152
0.711600
-0.770074
-0.616260
0.625782
0.355205
-0.046785
0.226356
0.434553
-0.367290
0.216468
-0.308878
0.430158
-0.510544
0.521409
-0.979675
-0.619617
0.355022
0.541795
0.648976
-0.893674
-0.378826
-0.744133
0.527146
0.554552
0.964232
-0.735038
0.924436
-0.066195
-0.073946
0.444441
-0.180212
-0.604785
0.129307
-0.943541
0.318949
-0.215979
0.517075
-0.157201
0.134861
0.360698
0.860408
0.538133
-0.660634
-0.770074
-0.478927
0.269814
-0.096469
0.798639
0.233070
-0.491867
0.891171
-0.685171
0.688894
0.073702
-0.680410
0.338481
-0.416791
0.750725
0.540208
-0.980529
-0.246559
-0.251503
0.514084
0.284890
0.928709
0.092624
-0.656484
-0.193152
-0.143773
-0.373821
0.410566
-0.579394
-0.413373
0.813288
-0.549852
0.585314
-0.138157
-0.670522
0.972350
0.480514
0.895199
0.829829
-0.766350
0.474044
0.013581
0.212500
-0.405194
-0.766228
-0.304300
-0.789666
-0.139500
-0.228919
0.062960
-0.258095
0.258889
0.485763
0.475936
0.481796
0.509873
-0.992126
-0.918271
0.804498
0.975097
0.629261
-0.167699
-0.622608
-0.922056
0.624012
0.143956
0.275735
-0.229652
0.240211
-0.165441
0.774773
-0.610645
0.128086
0.512619
-0.228431
0.392376
0.188940
-0.398053
0.188208
-0.618824
0.708121
0.801752
-0.071505
0.819636
0.169774
0.793756
0.846675
-0.830317
0.647938
-0.304117
0.365093
0.376629
0.842036
0.582202
0.870602
0.323222
-0.745598
-0.803522
-0.843013
0.743645
-0.788018
0.574694
-0.594592
0.899594
-0.068575
-0.260475
-0.325419
-0.721244
-0.871273
-0.974548
-0.476730
0.705252
-0.376873
-0.134800
0.535264
-0.401898
-0.892636
-0.203345
0.363872
-0.506211
0.445357
0.259072
0.191015
-0.018097
-0.107212
0.352092
-0.388836
-0.221168
-0.062471
0.844661
0.247963
0.955443
-0.912107
0.641408
0.719657
-0.544237
-0.731559
0.136204
0.917112
0.396649
0.850642
-0.428510
-0.685904
0.060701
0.910825
0.141942
-0.015351
0.156713
0.796991
0.411786
0.897641
0.735160
0.149876
-0.756401
0.648976
0.408185
0.460189
0.690298
-0.457381
0.888424
0.928282
0.128819
-0.815363
-0.222633
0.260659
-0.465743
0.586230
-0.768914
-0.544603
0.245949
-0.082247
0.109958
0.285257
0.721244
-0.303995
0.837214
0.199011
0.029084
0.457259
-0.953673
-0.804254
-0.517747
-0.672720
-0.086947
0.406720
-0.451216
-0.817133
0.815485
-0.552049
-0.498093
0.809015
-0.554796
-0.175817
-0.338420
-0.796075
0.002289
-0.003021
-0.657033
-0.459090
-0.711905
-0.719962
0.056856
0.887082
-0.505234
0.147679
0.231971
-0.044465
0.533128
0.690237
0.033906
-0.770928
-0.887020
-0.676931
0.829340
0.379925
-0.631642
-0.512619
-0.731681
0.300272
-0.040803
-0.122959
0.871700
-0.185461
-0.242714
0.394147
-0.830256
-0.944029
-0.120273
-0.730949
-0.127903
-0.598498
-0.393414
-0.156652
0.503464
0.465072
-0.943907
0.755974
-0.639027
0.101047
-0.617298
0.358318
-0.430830
0.528306
0.526719
0.170202
0.704703
0.092563
0.349895
-0.610645
-0.984375
0.943358
0.637867
-0.242775
0.767510
0.363018
-0.276101
-0.234352
-0.669668
0.784906
-0.551012
-0.851924
-0.097262
0.824641
-0.494858
0.731132
-0.950682
0.740471
-0.314859
-0.188940
0.569079
0.144261
-0.420454
0.860408
-0.732780
0.462386
-0.139012
0.418744
0.779229
0.104526
-0.066500
0.033052
-0.870113
-0.393414
0.156102
-0.579089
-0.931394
0.979675
0.858638
-0.793329
-0.721305
0.185339
0.003815
-0.806024
-0.244057
-0.063082
-0.794916
-0.257912
-0.803461
0.575182
-0.844966
-0.887875
0.443098
-0.585681
0.444197
-0.733757
0.302957
-0.595508
-0.400189
-0.632069
0.461715
0.263344
0.175573
-0.483932
0.494797
0.909482
0.802789
0.485519
0.710379
0.080599
-0.010895
-0.344218
-0.777520
-0.961852
-0.078707
0.832759
-0.664968
0.928587
-0.646596
0.287637
-0.124119
0.052889
-0.681997
-0.920896
-0.527757
0.079806
-0.599597
-0.654530
0.915525
-0.132237
-0.871456
-0.952086
0.168737
0.420698
0.254738
-0.214454
-0.142308
0.488510
0.995178
-0.248268
-0.970458
-0.067110
-0.803278
0.323099
-0.955016
0.843501
0.439192
-0.811579
-0.284951
-0.978515
-0.645802
0.865963
0.544908
0.194067
-0.755425
0.069002
0.756279
0.684805
-0.907834
-1.000000
-0.906613
0.706290
0.470199
-0.408673
0.788018
-0.270363
0.785089
0.704215
-0.503830
0.778802
0.943968
-0.371380
-0.814386
0.776238
0.255287
0.278115
0.404645
0.799371
-0.681326
0.362651
-0.531785
-0.645009
0.237526
0.554552
0.609119
-0.240211
-0.589953
-0.057405
-0.917539
0.217261
-0.116184
-0.815241
0.329081
-0.816279
0.383953
0.265053
0.775933
0.626942
-0.232704
0.425398
0.503708
0.600269
0.444258
0.614795
-0.851497
0.681143
-0.297098
-0.118320
-0.483261
-0.207251
0.431990
-0.340861
-0.046358
-0.878658
-0.750114
-0.378887
-0.297037
0.938292
-0.139561
0.347575
-0.404889
-0.745598
0.052278
0.400555
0.392132
0.392804
-0.918088
-0.201453
0.164525
-0.334086
-0.224464
0.093234
-0.679006
0.174291
0.163060
-0.268166
-0.862423
0.821589
-0.408063
0.825312
0.579638
-0.221900
-0.012543
-0.371136
-0.420087
-0.391705
0.365154
0.731986
-0.904355
0.669301
-0.484481
-0.206458
-0.152501
0.009674
-0.602832
-0.013215
-0.851009
0.974609
-0.163671
-0.344279
-0.792474
-0.630848
-0.098239
0.665029
0.136631
0.499741
-0.292398
0.760735
0.708060
0.241005
-0.750420
0.492660
-0.625721
0.124485
0.100375
0.901669
-0.947386
-0.200354
-0.294046
-0.100925
0.378765
0.651845
0.953246
0.823176
0.266091
0.327860
0.364910
-0.719474
-0.746269
-0.297342
0.181921
0.893124
0.080050
0.980346
0.256142
-0.811213
-0.634266
-0.529954
-0.363506
-0.450911
-0.874508
0.917905
0.512192
-0.475448
-0.768487
0.831660
-0.085788
-0.984863
-0.707144
0.684256
0.505539
0.528123
0.141636
0.159337
-0.005402
0.267312
-0.884640
-0.058199
-0.048067
-0.016877
-0.867306
0.231239
0.184973
-0.414655
-0.651723
-0.154027
0.279153
0.847407
0.375652
0.431257
-0.903012
-0.977233
0.689138
-0.529038
0.296548
-0.521714
0.180944
-0.496628
0.569933
-0.842219
-0.674184
-0.079989
-0.971740
-0.242470
-0.174535
0.776788
0.790582
-0.219764
-0.469832
0.215552
0.612659
0.029878
0.776116
0.657155
-0.686880
-0.474166
-0.291055
-0.933409
-0.281045
-0.988525
-0.492843
-0.602588
0.305582
-0.953185
0.527573
-0.237526
0.918455
0.018097
-0.210181
0.770684
-0.437971
-0.602039
-0.318827
0.285012
-0.807306
-0.774773
-0.884884
0.112156
-0.328104
0.972289
0.835444
-0.632313
-0.972839
-0.495224
0.585314
-0.139866
0.971007
0.439009
0.855281
-0.884701
-0.993713
-0.625416
0.311319
0.798334
0.326640
0.772210
-0.680349
-0.336528
0.705374
-0.544176
-0.814631
0.466231
0.626331
0.921690
0.687857
-0.496078
0.841243
0.495712
-0.613941
0.032929
-0.615833
0.287454
-0.658681
-0.583422
-0.829646
-0.548509
-0.100436
-0.553819
-0.859737
-0.892087
0.923460
0.527085
0.791375
0.052461
-0.432173
0.016205
-0.431196
-0.405988
0.108615
-0.145604
0.295328
0.284524
-0.329875
-0.157628
0.245399
0.788568
-0.970580
-0.095126
-0.291726
-0.847957
-0.073763
0.442610
-0.500168
0.727348
0.258461
-0.745781
-0.789056
-0.604297
0.547594
0.871517
-0.147740
-0.271401
0.093051
0.890011
0.805292
0.596484
-0.069552
0.074679
-0.409833
0.298318
-0.770745
-0.985412
-0.504135
-0.920164
0.932066
-0.991699
-0.250710
-0.771722
0.009186
-0.052217
-0.268227
0.198035
0.299112
0.791314
0.096530
0.547899
-0.769646
-0.063265
-0.715201
-0.898068
0.239357
-0.972533
-0.316202
0.097262
0.969359
-0.488693
0.756645
0.344157
0.860775
-0.673086
0.034944
-0.037141
0.173803
0.993774
-0.357341
-0.595752
-0.184484
-0.287637
0.250710
-0.115635
0.137364
0.962462
-0.979064
0.464400
0.383892
0.059542
0.726859
0.920408
-0.696097
0.403729
0.992065
-0.868038
0.650929
-0.055940
-0.895627
0.268410
0.494675
-0.412702
-0.404157
0.382366
-0.167333
0.809687
0.968871
-0.375042
0.221473
-0.752922
-0.785455
0.843928
0.650197
-0.879940
0.096408
-0.377056
-0.208106
0.614917
-0.000702
-0.480148
0.984863
-0.238746
0.948729
-0.930845
0.621632
0.710929
0.713370
0.212622
-0.966491
-0.562059
0.395978
0.506333
0.657643
0.224525
0.987487
-0.555589
0.337443
0.468795
0.460738
-0.707450
0.295206
0.599963
-0.670766
0.164769
0.885311
-0.846065
-0.963683
-0.474105
-0.789178
-0.842708
0.908078
0.059542
-0.999023
0.071383
-0.613453
-0.626331
-0.021638
-0.139622
-0.579028
0.108554
0.782647
0.551683
0.289224
-0.603626
0.045198
0.382366
0.210608
-0.967406
-0.419172
0.498276
0.302469
0.008332
-0.801874
0.020295
0.592822
-0.981262
0.443770
-0.546617
0.221107
-0.926389
0.312906
0.657826
-0.908872
0.237037
-0.230323
-0.060579
0.784600
-0.145482
0.723991
0.255959
-0.672170
0.356548
0.558214
0.222816
0.473067
-0.626453
-0.625111
-0.209998
-0.369243
-0.638295
-0.592212
-0.886166
0.256142
0.314371
0.152501
-0.881222
0.621021
0.968444
0.636830
-0.839473
-0.099277
0.377728
-0.895322
-0.365276
-0.495468
-0.486801
0.075900
-0.996582
-0.757988
-0.835444
0.260048
-0.597095
-0.831904
-0.035371
0.752434
0.566881
0.482467
-0.785882
-0.019501
-0.460494
0.105319
-0.425275
0.622913
0.062288
-0.950194
-0.570055
0.888974
-0.722159
-0.387921
0.251747
0.108005
-0.256874
0.468551
0.082308
0.613025
-0.343974
0.601672
0.265053
0.534715
0.636708
-0.608936
-0.106052
0.033052
0.745964
-0.653859
-0.613697
0.505417
0.720695
-0.716544
0.074374
-0.994446
-0.026337
0.673635
0.328104
0.572436
0.049837
-0.097507
-0.498947
-0.722526
0.068026
-0.003265
0.128574
-0.133213
-0.942259
-0.800226
0.906491
-0.900449
-0.370708
-0.820124
-0.970580
-0.220130
0.150365
-0.835810
-0.259560
0.597827
-0.700064
0.094699
0.089450
0.644398
0.391644
0.921812
-0.754814
-0.358135
-0.324198
-0.364299
-0.825251
0.958861
-0.660451
-0.492477
0.239723
-0.234779
0.549608
0.030183
-0.438093
0.710379
0.282876
0.750664
-0.238075
0.083102
-0.604480
-0.149022
0.239418
0.121494
0.786798
-0.497909
0.128330
0.784417
-0.707694
-0.357707
-0.677786
-0.191748
0.012543
-0.998169
-0.871639
0.608509
0.921018
0.462691
-0.798639
0.036836
-0.326395
0.764702
0.204627
-0.976012
0.493515
-0.648000
-0.073641
0.007538
-0.486496
0.285684
0.289407
0.645741
0.966613
0.715934
0.181005
0.335795
0.254372
0.654408
0.886593
-0.013092
-0.837825
0.783685
-0.798334
0.976806
0.759758
-0.760613
-0.327189
-0.884457
0.469222
0.815058
-0.722037
-0.405255
0.134800
-0.009674
-0.112033
-0.090732
0.380963
-0.482467
-0.215857
0.368206
0.051363
-0.487228
-0.412458
0.899350
0.033906
0.271401
-0.838435
0.925291
-0.607410
0.581408
-0.926572
0.910031
0.386883
0.741935
0.027924
0.070101
-0.106967
-0.216712
-0.286416
-0.065584
-0.983764
-0.705985
-0.158544
0.360393
0.222755
-0.612964
-0.345073
0.558763
-0.851009
-0.285195
-0.498398
-0.612659
-0.459517
0.338420
-0.292520
0.108921
0.165990
-0.819391
0.786615
-0.480758
0.081881
0.518479
-0.500412
0.764153
-0.055513
-0.023408
0.023957
0.723319
-0.750908
0.739128
-0.519944
-0.068941
0.006989
0.134068
0.030610
0.448531
-0.479720
0.863704
0.148228
-0.351360
0.722098
-0.292520
0.064547
0.177953
-0.579821
-0.558092
-0.981017
0.268410
0.847957
-0.372417
-0.652699
-0.649281
0.913388
-0.148900
-0.058809
0.166906
0.834407
-0.395428
-0.421430
-0.414838
-0.438337
0.265175
-0.971557
0.414167
-0.052828
0.780084
-0.221595
-0.501328
0.399701
0.933348
0.304971
0.453413
-0.002960
-0.542589
0.716239
-0.185156
0.551439
-0.194861
0.094638
0.550645
0.315409
0.678274
0.058016
-0.132786
0.661306
-0.240211
-0.560656
-0.024567
-0.814508
0.555712
-0.687002
0.977355
-0.651479
0.327860
-0.036348
0.722221
0.431013
-0.933775
0.780816
0.145299
0.429670
0.665151
-0.447676
0.045198
-0.324198
0.008148
0.730033
-0.248085
0.059725
0.543870
-0.382000
0.530503
0.511521
-0.683828
-0.191198
-0.249245
-0.593554
-0.583850
0.011750
0.264138
0.013703
0.208106
0.256508
0.168310
-0.986633
0.377422
0.938475
-0.821711
-0.769768
-0.284951
-0.282327
0.501755
0.372906
-0.538255
0.116794
0.677602
0.255470
0.162511
-0.338481
-0.745415
-0.596484
0.487228
0.806330
-0.328104
-0.509568
0.914731
-0.283670
0.938414
0.074923
-0.052950
0.402875
0.365215
0.464949
-0.046480
-0.979125
0.229102
0.437544
-0.229774
-0.985534
0.393780
0.325602
-0.056856
0.488693
-0.936705
-0.276833
0.902402
-0.584521
-0.981567
-0.928770
0.186865
0.722037
-0.695669
0.115329
0.482894
-0.867428
0.982849
-0.733512
-0.304788
-0.034211
0.528672
-0.324259
0.010468
0.193823
-0.804010
0.182592
0.451949
-0.398114
-0.417219
-0.547655
0.715384
0.577685
0.435041
-0.482406
0.752373
0.588244
-0.390912
-0.390057
-0.298196
-0.182043
0.208960
0.287454
-0.307840
0.530992
0.102329
0.510056
0.885189
0.440352
0.986023
0.549364
0.503647
-0.344829
0.283547
-0.372723
-0.545763
-0.521897
-0.625599
-0.515122
-0.323893
0.992370
0.687063
-0.174352
-0.392682
0.612476
-0.766655
0.469649
-0.574755
0.636952
0.246864
0.976379
0.478744
-0.460799
-0.512436
0.605823
-0.496323
-0.021577
-0.455672
0.840327
0.603870
-0.819025
-0.375347
-0.413129
0.762505
0.863521
-0.572985
-0.397565
0.424787
-0.387555
0.721671
-0.908506
0.821894
-0.529160
-0.906552
0.060518
0.282266
-0.211707
0.589831
0.309366
-0.665883
0.656240
-0.837947
-0.924009
-0.569811
0.687002
-0.586901
0.325968
0.376324
-0.770257
-0.520005
0.908383
0.806879
-0.211707
0.820124
0.737968
0.061190
-0.275674
0.799249
0.519517
0.591845
-0.683767
-0.491623
0.266396
-0.103793
-0.432783
-0.098117
-0.484298
0.808527
-0.165441
0.824274
0.894406
0.906858
-0.607959
-0.681509
0.909421
-0.501938
0.549669
0.009857
-0.927244
-0.332865
-0.510178
0.916868
-0.645924
-0.832698
0.412763
-0.309610
-0.393353
-0.421552
0.367290
-0.830439
-0.886837
0.864376
0.273476
-0.543199
-0.805231
0.262734
-0.495224
-0.452925
0.900510
0.586779
-0.399396
0.577990
0.991638
-0.943419
-0.967162
-0.562731
-0.958922
-0.296609
-0.577319
-0.730644
0.109470
-0.824152
0.430464
0.180822
0.169836
0.063631
-0.339274
0.564867
-0.981140
-0.202002
-0.226112
-0.681631
0.657155
-0.923093
-0.513230
-0.073458
0.071749
0.283303
-0.905698
0.229286
-0.221290
0.799493
0.874264
0.915464
0.639698
-0.024384
0.242286
-0.051057
-0.465987
-0.845576
-0.130711
-0.580981
-0.968139
0.346538
0.951476
0.656667
0.514084
0.286538
-0.176611
0.002228
-0.411786
-0.972228
-0.790826
0.642689
0.839290
-0.961669
-0.985168
0.425398
0.006317
0.485397
0.960814
-0.948424
-0.134922
-0.924741
-0.120579
-0.598804
-0.242225
0.379131
0.810297
0.212989
-0.296243
0.077792
0.716178
0.468490
-0.916684
-0.161718
-0.902585
-0.496811
-0.025605
-0.450240
-0.042879
0.425764
-0.431990
0.704215
-0.961852
-0.366008
0.193213
-0.291665
-0.538316
-0.681753
-0.644093
-0.727165
-0.653005
-0.791498
-0.458663
-0.638478
0.666799
0.148473
0.149266
0.565355
0.283120
-0.895566
-0.751762
-0.955443
0.043306
-0.488449
0.822138
-0.493393
0.237648
-0.233619
0.116245
0.932615
0.585559
-0.332072
-0.338237
0.095431
-0.853572
-0.390790
0.701285
0.126438
-0.407270
-0.984497
0.621509
-0.468368
0.364727
-0.121311
-0.935667
-0.690237
-0.141697
0.932676
0.383160
-0.044649
0.801813
0.535630
-0.830195
-0.204627
0.293985
-0.929258
-0.908444
-0.475143
0.578478
-0.779534
-0.932737
0.163244
0.016449
-0.769341
-0.929991
-0.189062
-0.462447
0.951170
-0.259987
-0.372234
0.750603
-0.250160
-0.531785
0.261452
0.329875
0.440291
0.727836
-0.425031
0.566637
0.703787
0.900571
-0.686697
-0.733879
0.177526
0.500534
0.569506
-0.604907
-0.852657
-0.862117
0.929624
-0.490585
-0.246864
0.898984
-0.211158
-0.396771
-0.602893
0.911740
0.723014
-0.083285
0.328043
0.312845
0.155370
-0.273049
0.395550
0.192358
0.044221
0.985351
0.243934
-0.047456
-0.559496
-0.046968
0.596484
-0.562243
-0.448225
-0.075961
-0.428694
0.551622
-0.405560
-0.426374
0.011505
-0.615040
-0.121189
0.061190
-0.052461
-0.136937
0.489059
0.857356
-0.984985
-0.783624
0.035676
0.903073
0.389386
-0.797784
-0.189489
0.780389
-0.371136
-0.003876
-0.235511
-0.799738
0.034333
0.623218
-0.380657
0.899411
-0.260720
-0.413495
0.235206
0.122837
-0.016083
0.317118
-0.550645
0.199805
-0.873898
0.065523
-0.457930
0.795160
-0.071932
-0.875301
0.881893
0.121372
-0.715629
-0.653066
0.925535
0.541002
0.131932
0.522935
-0.899838
-0.288491
0.452071
-0.036042
0.174047
0.150975
-0.397687
0.658620
0.713736
-0.814997
0.909360
-0.449202
-0.849239
-0.179724
0.825129
0.817255
0.770379
-0.890744
-0.328227
0.528428
-0.477157
0.912717
-0.383709
0.004364
0.907895
0.274514
0.665090
0.784906
-0.864620
-0.931639
0.454451
0.375591
0.273965
0.482162
-0.029084
0.639088
0.758293
0.727470
-0.560900
0.877682
0.754631
-0.666311
0.760674
0.395428
-0.107944
-0.438765
0.462264
-0.854183
0.605090
0.922422
0.018464
0.821284
0.655812
-0.850093
-0.786431
-0.307840
0.895749
-0.115390
-0.101840
0.030915
0.922849
0.749077
0.109531
0.207556
-0.360393
-0.623402
0.192785
0.343913
0.401593
-0.661061
-0.678701
0.138707
0.830866
0.682180
0.457015
0.314676
-0.542528
0.937132
-0.556078
0.038179
-0.866451
0.482345
0.572497
-0.080966
0.669790
0.232521
-0.775872
0.729728
-0.553636
-0.672048
0.810907
0.752434
-0.982971
0.384930
-0.445845
0.215674
-0.859859
0.896420
0.838252
0.302225
-0.239418
0.208655
0.481735
-0.250954
0.085360
0.631825
-0.340739
-0.804682
-0.086947
0.060274
-0.072909
0.965453
-0.782403
-0.453047
-0.862728
-0.339335
0.650868
-0.349773
-0.939329
-0.923948
0.282327
0.400555
-0.648549
-0.924558
0.436079
0.641591
0.975036
-0.864681
-0.267434
0.247902
0.449995
-0.751518
-0.943236
0.314005
0.741935
-0.235267
-0.282327
-0.614368
0.762017
0.752007
0.527085
0.390301
0.156346
-0.048311
-0.623768
0.593005
-0.192602
0.602100
-0.709769
-0.702628
0.265297
-0.715629
0.684194
0.004975
-0.925962
0.576525
-0.950194
-0.232521
0.891293
0.272988
-0.268960
-0.885861
0.192785
-0.019929
0.998596
0.400678
0.010773
0.323527
0.558458
-0.385296
0.204688
-0.293863
-0.593616
0.802850
-0.107883
-0.846858
0.597766
0.029023
0.593738
-0.751335
-0.748650
-0.707450
0.350688
0.622608
-0.955138
0.130100
0.187170
0.088595
0.238624
0.960936
-0.987854
-0.625660
-0.705496
0.047334
-0.006134
0.451643
0.309732
0.762627
0.593188
0.605823
-0.618397
0.411054
-0.838801
0.921751
0.900571
0.846065
0.527512
-0.533799
0.616871
-0.650014
-0.207923
-0.171117
-0.173070
0.514695
-0.761345
-0.498032
0.527024
-0.615345
0.150609
0.215735
-0.564867
-0.074435
-0.635426
0.881527
-0.520798
-0.348796
-0.488998
-0.460982
0.378094
0.646352
0.947020
0.773858
-0.630116
-0.563768
-0.590869
0.946471
-0.010224
-0.906980
0.102329
0.782281
0.022858
-0.757256
-0.987732
0.154881
0.806207
-0.011689
-0.120701
-0.476180
-0.966308
-0.971984
0.305826
0.176061
0.728080
-0.119175
-0.048189
-0.178014
-0.721915
0.288980
0.852779
-0.282571
0.506760
-0.031770
0.375286
0.298807
-0.228065
0.718436
-0.268899
-0.205420
-0.247414
0.386212
-0.093417
-0.244911
-0.908689
-0.073885
-0.457747
-0.999207
-0.061251
-0.132969
0.968322
0.749626
0.571703
0.768548
0.631581
0.494552
0.695364
-0.574694
-0.850703
0.513596
0.297769
-0.240150
0.945982
-0.327189
0.353191
0.674917
-0.372356
0.365520
-0.677908
-0.813410
-0.346721
-0.584887
0.869442
-0.767449
-0.967650
-0.445540
-0.113254
-0.764702
0.168004
-0.806452
-0.466720
0.848384
-0.579394
-0.244240
-0.362346
0.906674
0.456526
-0.985107
-0.245949
-0.480697
-0.751701
0.004730
-0.661916
0.845210
0.647389
0.936155
0.966735
0.111667
-0.610218
-0.572130
-0.338908
0.300638
-0.967101
-0.619495
0.810236
0.123386
-0.893918
0.852901
-0.925596
0.081088
0.136265
-0.370952
0.103183
-0.162816
0.614978
-0.847163
-0.130467
0.342021
-0.924375
0.577807
0.789422
-0.246864
-0.666250
0.413373
-0.691885
-0.267006
0.701773
0.663930
-0.778314
0.666128
-0.624500
0.655812
-0.406720
0.149876
0.439802
-0.505905
-0.701956
0.932493
-0.194006
-0.873470
0.048982
-0.355937
0.697073
0.131260
0.967406
0.013398
0.711295
-0.273232
0.902951
-0.921140
-0.607532
0.901669
-0.270180
0.452681
0.135533
-0.521714
0.359294
0.633473
0.926817
-0.008881
0.478561
-0.525254
0.491501
0.109409
-0.639332
0.320170
0.041780
0.322367
-0.286660
0.101413
0.905026
0.629261
0.785211
0.976867
0.044954
0.916868
-0.510239
0.149632
-0.042390
0.441694
0.347148
-0.628162
0.974059
-0.631642
0.771172
0.142186
0.643422
-0.033296
-0.116733
0.940794
-0.167028
0.931822
-0.936522
0.314249
0.109409
0.723380
-0.374676
0.789972
-0.658071
0.668447
0.878414
-0.928098
-0.348857
-0.439070
0.011139
0.287698
-0.020051
-0.877499
0.347148
-0.403851
-0.571825
0.860775
-0.531602
-0.053560
-0.223365
-0.100009
0.671560
-0.342143
0.644642
0.848140
0.701956
0.712760
0.532640
-0.790704
0.784722
0.122898
-0.782220
0.301187
0.594348
-0.709891
0.770440
0.546251
-0.687735
0.349345
0.182836
-0.912656
0.219886
0.729728
-0.408551
0.715201
-0.495102
-0.601062
-0.221290
-0.294656
-0.185644
0.710135
-0.852290
0.411664
0.772271
-0.317972
0.986877
0.122166
-0.766900
-0.136265
-0.729118
-0.277261
0.130406
0.997314
-0.328715
-0.197974
0.091159
0.494797
0.108554
-0.232521
0.873470
0.051363
0.386578
-0.672231
0.609119
-0.388165
-0.012421
-0.073885
-0.486190
-0.415571
-0.684011
-0.590320
-0.331767
0.313150
0.734977
-0.731376
0.080538
0.786431
0.295572
-0.405011
-0.872372
0.774895
-0.446516
0.329325
0.720267
-0.875301
-0.561815
-0.646901
0.000641
0.540269
0.354411
-0.867977
0.058321
-0.336650
0.307657
-0.903317
0.191076
-0.907407
0.718925
0.317850
-0.283181
0.918394
0.820673
0.968444
-0.707633
-0.384869
-0.131748
0.350261
0.363018
-0.076632
-0.235389
0.310160
0.621937
-0.800287
-0.785699
-0.162633
-0.230262
0.277139
-0.195227
-0.982177
-0.981017
0.604236
-0.724845
-0.268410
0.153356
-0.449507
0.154393
-0.897641
0.243751
-0.372662
-0.723197
0.210242
-0.247841
0.303507
-0.562853
0.395184
0.199683
0.665700
0.657704
0.046724
-0.977905
0.727531
0.633534
0.448286
0.380657
0.668630
0.576769
0.324259
0.206458
0.556749
-0.598071
-0.408063
-0.692373
-0.233802
0.459395
0.923215
-0.854366
0.044893
0.410504
