-0.403546
0.082064
0.067171
0.974670
-0.157872
-0.898862
0.903317
-0.898740
0.845943
0.973754
0.875668
-0.066988
0.045808
-0.761711
0.034944
0.017304
-0.342814
-0.374004
0.888119
0.546678
-0.593066
0.394086
-0.023225
-0.499313
-0.943907
0.555589
0.098788
-0.794488
0.161412
-0.674245
0.419294
0.423017
0.726005
0.165868
-0.922727
0.892819
0.703055
0.346721
-0.269387
-0.418683
-0.716178
-0.266823
-0.806146
0.818598
0.356731
0.005097
-0.571398
0.225074
0.037385
0.432173
-0.066805
-0.867733
0.613758
0.304910
0.812311
-0.034150
0.035676
0.764031
-0.378094
-0.961364
0.205725
-0.342265
0.981506
-0.059481
-0.288858
0.941832
0.972106
0.685842
-0.236305
-0.912961
-0.689505
-0.169042
-0.352519
0.573840
-0.756096
-0.681387
0.772210
-0.171178
0.782952
-0.411359
-0.652211
0.973998
0.433088
0.233924
0.426252
0.460250
0.368755
0.504013
0.218116
-0.787713
0.817560
-0.156835
-0.877682
-0.131138
-0.644215
-0.818476
0.146519
-0.762444
-0.324870
-0.619312
0.810785
-0.734367
0.356426
-0.696585
-0.043855
-0.104892
-0.380230
0.823603
0.320841
0.330119
0.837275
-0.602222
-0.801813
0.959777
-0.743156
-0.847224
-0.952269
0.791681
-0.184118
0.012970
0.655507
0.404096
-0.243751
0.314249
-0.742485
-0.796442
0.746330
-0.312296
-0.773003
0.350505
0.850398
0.664052
-0.087863
-0.960265
0.194189
0.578295
-0.637684
-0.913694
0.527390
-0.254006
0.432478
0.692801
-0.308206
0.473189
0.283792
-0.335551
-0.380047
0.938292
0.411237
-0.719657
-0.339335
-0.664968
-0.939146
0.705130
0.682424
-0.556017
0.101779
0.435835
-0.915769
0.864864
-0.998474
-0.823786
0.415387
0.461715
-0.516282
0.956420
0.428205
0.883847
0.442366
0.178381
0.492294
-0.827815
-0.005402
0.553087
0.879452
-0.154210
0.081942
0.478927
0.814081
0.549425
0.887509
-0.848811
-0.355022
0.316385
-0.324564
-0.782098
0.840266
0.175146
0.121677
-0.401898
-0.129307
-0.857295
0.835444
-0.957457
-0.769341
-0.279092
0.761467
0.362651
-0.514939
-0.843379
0.100497
-0.711356
0.537523
-0.987060
0.377239
-0.700491
-0.207984
0.960875
-0.493759
0.753899
-0.978454
-0.904111
0.975463
0.992737
0.502792
-0.547777
0.251381
0.405805
-0.591113
-0.335490
-0.839717
-0.801019
-0.931333
-0.501755
0.044099
-0.592639
0.080844
-0.261879
-0.754753
0.446394
-0.278176
-0.051729
0.179235
0.344951
0.500107
0.311625
-0.886654
0.079806
-0.281961
-0.962584
-0.065279
0.328959
-0.901303
-0.369060
-0.181860
-0.760491
0.207617
0.941588
-0.218421
0.637318
-0.370647
0.491012
0.955199
0.411237
-0.614246
-0.499741
-0.107700
0.120823
-0.855953
-0.090182
0.513535
0.142552
0.725028
-0.457259
-0.218909
-0.699759
0.173009
0.607105
0.507065
0.871334
-0.102878
-0.984069
0.823847
0.962584
-0.308390
-0.968322
-0.599719
0.398907
-0.969115
0.767632
0.441572
0.339824
-0.208838
0.722770
0.485824
-0.702322
-0.541673
0.238075
0.976440
0.607715
-0.343974
0.395917
-0.859798
-0.802057
0.434492
0.545824
-0.720389
-0.262734
0.350810
0.558580
-0.715690
0.850520
0.086764
0.760674
-0.235817
-0.719108
0.377422
0.940123
-0.842402
-0.652638
-0.101596
0.627308
-0.714835
-0.457564
0.942564
0.588733
-0.618397
-0.401715
0.073458
-0.628773
0.041597
-0.144383
0.619129
-0.513169
0.737785
0.571764
0.429121
-0.558275
0.514267
-0.474166
-0.831172
-0.975341
0.837336
0.166540
-0.973144
0.360210
0.060701
-0.951292
0.802728
-0.151952
-0.995727
-0.843013
0.640980
0.835994
-0.828730
-0.368084
0.332011
0.875790
0.941771
-0.136387
-0.671926
0.059969
-0.240516
-0.244362
-0.789789
0.552171
-0.508042
0.555345
-0.608570
0.691153
-0.761589
0.970336
0.010041
0.794977
-0.323588
-0.799799
-0.683950
-0.053377
0.181188
0.644337
-0.911069
-0.727103
0.795587
0.698294
0.660146
-0.837580
0.661794
-0.262001
-0.974181
-0.416669
-0.050081
-0.696097
-0.956542
-0.319437
0.832698
0.986755
0.004303
0.178625
0.897885
0.494491
0.200720
-0.344890
-0.450606
-0.066622
0.470626
-0.873959
0.661550
0.454695
-0.894223
-0.463912
-0.425886
0.469893
-0.600696
-0.608020
0.626576
-0.829524
-0.846492
0.110813
0.526170
0.066622
0.577258
-0.550279
0.226844
-0.084262
0.822932
-0.352397
-0.903684
0.877987
0.285806
0.600208
0.699576
0.175329
-0.777215
0.897702
-0.000031
-0.018708
-0.703482
-0.337931
-0.904843
0.946654
-0.655568
-0.276955
0.468062
0.511887
0.958129
0.288430
0.374554
0.654042
0.152379
-0.543504
0.866695
0.765130
-0.941282
-0.584582
-0.289773
0.554308
0.250343
-0.382855
-0.311136
0.855831
-0.715751
0.339518
0.740654
0.993408
0.923826
-0.539781
0.791742
0.269143
0.648061
-0.022675
0.873836
-0.159276
-0.811518
-0.924131
0.448164
0.059420
0.564074
-0.427046
-0.597156
0.536424
-0.655995
0.259682
0.666372
0.122288
0.588549
-0.896786
0.842463
-0.144810
-0.594165
0.305338
-0.683157
-0.577013
0.959777
0.597217
0.855159
0.522202
-0.045930
-0.822260
0.331889
0.031281
-0.256325
-0.586962
-0.821711
-0.540757
0.377056
0.158361
-0.789789
0.468368
-0.813349
-0.874630
-0.262307
-0.671926
0.812433
-0.067049
0.153478
0.830378
0.094028
-0.239479
0.661367
-0.807672
0.813410
0.886349
0.393109
0.333048
0.182897
0.832759
-0.405316
0.892453
-0.858028
0.213294
-0.516648
-0.070711
-0.651845
-0.464583
0.194739
-0.348979
-0.580676
0.876827
0.168065
0.858089
-0.350993
0.329936
0.610340
-0.239906
0.427778
0.129734
-0.351054
-0.546861
-0.557787
-0.648854
-0.225135
-0.722831
-0.616932
0.475875
0.927549
-0.062960
-0.833857
0.680776
0.060945
-0.006806
-0.439375
-0.809809
0.831050
0.329936
0.067293
0.469649
-0.634877
-0.355571
-0.873959
0.217627
-0.589831
-0.905576
-0.591784
0.357830
0.361553
0.384930
0.265297
0.434675
-0.920042
-0.607959
0.389264
0.511521
-0.545824
-0.470138
0.722526
0.268654
0.996338
0.616688
0.513291
0.464095
-0.283242
-0.585864
0.665578
-0.996765
0.103244
-0.717582
-0.835749
-0.580187
0.362163
0.155675
0.810968
0.603137
-0.095920
-0.059053
0.943236
0.115452
-0.569384
-0.463546
0.889218
0.143223
0.343242
0.299661
0.791192
-0.202551
-0.189795
0.865291
0.815607
-0.938047
0.871639
0.748833
0.440657
-0.266762
-0.878414
-0.854610
-0.120212
0.799127
0.308573
0.432112
0.627918
-0.195227
-0.694876
0.826289
-0.726005
-0.922300
0.336222
0.193274
0.317179
-0.469893
0.159337
0.050264
0.989807
-0.073702
-0.118137
-0.437300
0.515427
-0.627003
-0.431928
0.108921
0.389264
-0.558580
0.338847
0.782037
0.713431
0.594958
0.014679
0.834284
-0.051973
-0.482589
0.715812
-0.499619
-0.738578
-0.554857
-0.677664
-0.042451
0.443464
0.458663
-0.834529
-0.470687
-0.824274
0.505783
-0.592639
-0.848750
-0.819391
-0.880551
-0.896298
-0.779839
-0.657338
-0.092441
0.051363
-0.858516
-0.475997
0.353496
0.893002
-0.216529
-0.574938
-0.292825
0.227088
0.686514
-0.224403
-0.846431
0.556810
0.525681
0.531602
-0.037080
0.279519
0.326640
-0.313578
0.258705
-0.693594
-0.168737
0.044893
-0.892697
0.981994
0.192785
-0.589648
0.383770
-0.050508
0.315958
0.173559
-0.575488
-0.668569
0.291238
-0.648793
0.974914
-0.997925
-0.002838
0.490829
0.971435
0.401654
-0.906674
0.986450
-0.860347
0.350322
-0.748650
-0.079073
0.386151
-0.702994
0.184118
0.278420
0.690725
-0.957091
-0.199438
0.786798
-0.042268
-0.947569
-0.599170
0.753655
-0.279824
0.267556
-0.981750
-0.747368
-0.091708
0.783441
0.813837
-0.520249
0.215857
-0.721549
-0.220313
0.248695
0.895566
0.020844
-0.655751
0.310282
0.776727
0.115207
-0.880551
-0.875912
0.982849
0.593005
-0.630543
-0.227271
0.329020
0.436079
-0.586962
-0.152867
0.576830
-0.600452
-0.241005
0.825068
0.981567
-0.552110
0.931883
0.275307
-0.883053
-0.735221
-0.273232
-0.020600
0.785699
0.341899
-0.661122
-0.562304
0.332133
-0.971679
0.060823
-0.591968
0.123142
0.815607
-0.673208
0.162938
-0.260414
-0.517136
-0.325297
-0.306314
-0.232398
0.877377
0.645985
0.425336
-0.290078
-0.044588
-0.447554
0.273965
-0.328471
-0.530198
-0.773919
0.464644
-0.443770
0.916196
0.491501
0.502731
-0.540757
-0.084628
-0.090487
0.635914
-0.228675
0.320475
0.100436
-0.036653
0.574755
0.399945
0.714103
0.151097
0.201575
-0.087008
0.619922
-0.040010
-0.880795
0.570605
0.003143
-0.848140
-0.221534
-0.197790
-0.852168
0.899106
0.398419
0.173803
-0.845454
-0.312357
0.641896
0.480026
0.076327
0.418867
0.924497
0.920896
-0.295816
-0.758415
0.262673
0.953307
-0.261330
-0.640004
-0.936827
-0.002106
0.985412
-0.585620
0.678701
-0.552293
-0.384808
-0.224708
-0.107517
0.461837
-0.618397
-0.426496
-0.509568
-0.105808
-0.499924
0.788263
0.788995
-0.164159
-0.922239
-0.369549
-0.739250
-0.282815
-0.216834
-0.059114
0.208655
0.527818
0.135594
0.950438
-0.469283
0.574206
0.324625
0.887020
-0.494430
-0.204871
-0.327555
0.794183
-0.410138
-0.274758
-0.343242
-0.834834
-0.651051
-0.916196
-0.048982
0.314554
0.201147
0.908444
0.441694
0.211219
-0.892270
0.575854
0.780572
-0.822932
0.031526
-0.833064
-0.141881
0.637501
-0.086276
-0.545457
-0.739921
-0.722465
-0.757073
-0.536851
-0.543687
0.866573
0.303018
-0.140110
-0.505722
0.627003
0.011078
-0.231300
0.590564
-0.096042
-0.285257
0.067293
0.446089
0.882321
0.674001
0.092135
-0.689627
-0.210547
0.901364
0.424421
-0.478256
0.467086
-0.521287
0.933653
0.029389
0.035981
-0.008393
0.052889
-0.703787
-0.067660
-0.793756
0.455123
0.861873
0.390240
-0.138768
-0.833308
0.537278
0.606006
-0.119175
-0.889157
0.052278
-0.210486
-0.753105
-0.100497
0.628895
-0.933653
0.741325
0.492172
-0.229347
-0.067171
-0.569933
0.020112
-0.593677
0.490280
-0.556322
-0.098483
0.393414
-0.458296
-0.259987
-0.825922
-0.883908
-0.204138
0.728385
-0.835627
-0.467269
0.481124
-0.148595
0.991577
-0.450728
-0.522935
0.492843
-0.238441
-0.526780
0.142735
-0.672048
-0.577258
0.478622
-0.440352
0.433576
-0.049348
0.888913
-0.938047
-0.584155
-0.913938
-0.449019
-0.950438
0.535386
-0.827570
-0.523362
-0.632984
-0.403912
-0.521836
-0.004975
-0.428327
0.038240
-0.043184
0.638234
-0.303140
0.941038
-0.840693
-0.722098
-0.177221
0.771294
0.811396
-0.352458
0.747429
0.582202
0.998840
-0.996277
-0.624439
0.767510
0.045320
-0.771599
0.929258
-0.426923
0.069124
0.692434
-0.011444
-0.619861
-0.743828
0.586291
0.506943
-0.545946
-0.812616
-0.141087
-0.290750
0.202857
0.465926
0.866085
-0.170324
0.384991
-0.770013
-0.033418
0.562731
-0.772210
0.274209
-0.625233
0.669607
-0.815058
0.471969
-0.840205
-0.671072
0.036836
0.060457
0.563524
-0.584216
-0.093417
0.922727
-0.830561
0.430280
-0.097079
0.891110
0.653188
0.009919
-0.432295
0.833064
-0.784722
0.458052
0.978088
0.238807
0.603626
0.533128
-0.156468
-0.876705
-0.623341
-0.542283
0.411054
0.405805
0.435163
0.908811
-0.975890
0.758293
-0.844172
-0.734916
0.336650
-0.959655
0.444685
0.633717
-0.817133
0.430097
-0.454268
0.769829
0.633778
-0.678640
0.057649
-0.632801
0.830012
-0.800104
0.901425
0.429365
0.573351
-0.449080
0.125217
0.372723
0.741630
-0.612171
0.903806
0.488021
-0.540941
0.742485
0.551988
0.926389
-0.117893
-0.619556
0.120762
0.426618
0.802423
0.598804
0.532640
-0.062777
0.698416
-0.333964
-0.452315
-0.107700
-0.100497
0.492965
0.500534
0.937254
0.437727
-0.192846
0.306619
-0.433943
-0.497604
0.894162
-0.141331
0.503220
-0.376995
0.258156
-0.722404
-0.211707
-0.684378
0.494430
-0.703482
-0.913938
0.236366
-0.295450
0.650136
-0.062227
-0.898862
0.645375
-0.893674
-0.901120
-0.664296
0.010468
-0.657582
-0.164953
-0.796197
0.370769
-0.851619
0.960082
-0.994079
0.869259
0.384808
-0.009430
0.796503
-0.223060
-0.367656
0.316568
0.666250
0.053865
0.979614
-0.643666
0.397809
0.009308
0.135228
0.583361
-0.696402
0.164037
-0.202002
-0.780267
-0.042756
0.417035
0.039521
-0.030854
-0.427290
0.911740
-0.613819
-0.737724
-0.132054
-0.989807
-0.359111
0.865719
-0.692923
0.121006
0.656667
0.045991
-0.475387
-0.615406
0.324992
0.744560
-0.106235
-0.804804
0.456221
-0.249062
-0.689444
0.378277
0.271584
0.081576
-0.086825
0.192114
0.255043
0.236061
-0.450362
0.609912
0.031098
-0.722648
0.634266
0.217261
-0.181127
-0.629749
-0.859920
0.956053
0.224281
0.439802
-0.071749
-0.237709
0.799554
-0.465560
-0.746941
-0.600085
-0.679373
-0.330973
0.053072
-0.431806
0.539659
-0.110630
-0.207373
-0.872921
-0.612659
-0.001679
0.079806
0.625050
0.533738
0.064486
0.551805
0.550707
-0.762444
0.538133
0.672781
0.866451
0.486801
0.039338
-0.319498
-0.159459
-0.709220
-0.378765
-0.675344
0.082614
-0.430952
0.747734
-0.641896
-0.841365
0.492721
0.604419
0.571947
0.513230
-0.812006
0.492538
0.063509
0.339396
0.462569
-0.606250
-0.480026
-0.193701
-0.399518
0.631031
-0.830500
-0.357158
0.773064
-0.339213
0.462813
0.185766
-0.414411
-0.173254
0.716971
0.543931
-0.314310
0.009919
0.170995
0.513291
0.255104
0.387677
0.746574
-0.156590
-0.728690
-0.322794
-0.978454
-0.007294
0.506943
-0.220496
-0.572680
-0.092929
-0.139927
0.718558
0.332621
0.810663
-0.396832
-0.965453
-0.496933
0.314066
0.077364
-0.049348
-0.359355
-0.583361
0.907651
0.802240
0.661245
0.769158
-0.254494
-0.531358
0.237098
-0.441877
-0.176550
-0.038423
-0.766655
0.783929
0.575854
-0.073885
-0.156407
0.894772
0.869015
0.929197
-0.888363
-0.541063
0.864376
0.871822
0.935789
-0.544053
-0.877255
-0.700064
0.831599
-0.569994
-0.886410
-0.346294
0.941221
-0.147984
0.499496
0.802606
0.452986
-0.634693
-0.918394
0.572985
-0.861751
-0.634510
-0.122837
-0.749870
-0.183325
0.284219
0.328227
-0.153661
0.229102
0.269936
-0.944823
-0.261391
-0.912107
-0.205542
0.248024
-0.680715
-0.642079
-0.270913
0.016694
0.744560
0.930601
0.995178
-0.065767
-0.156896
0.511887
-0.239662
-0.238319
-0.370891
0.145604
0.952940
-0.415265
-0.513291
-0.749321
-0.413617
-0.679495
-0.856319
-0.997253
-0.893735
0.520066
0.639088
0.735038
-0.238624
0.916013
-0.411969
-0.150548
-0.677358
-0.412763
0.376751
-0.586230
-0.466048
0.110752
-0.311991
-0.286172
0.683157
-0.055940
0.649770
0.131443
0.871944
0.704520
-0.360576
-0.830622
-0.541673
-0.841853
0.998901
-0.761162
-0.365032
0.879330
0.269204
0.386212
-0.839351
-0.472518
-0.490341
-0.806940
0.285684
0.368877
-0.491562
-0.493088
0.012909
0.385113
-0.949583
0.200537
0.910886
0.346782
-0.676687
0.832453
-0.169347
-0.395978
-0.260964
-0.229041
0.265175
-0.395734
-0.064669
0.670339
0.446944
-0.343425
0.262246
-0.975951
-0.354778
0.308756
0.021699
0.095187
-0.707327
0.755181
-0.259621
0.277322
-0.510117
-0.606189
0.912229
-0.113804
0.489181
-0.020539
-0.973876
-0.392438
-0.382244
-0.099643
0.471236
-0.319864
0.360881
-0.764092
-0.752556
0.558153
-0.127537
-0.361126
-0.940550
-0.147801
-0.785943
0.534349
-0.036531
0.213477
0.003265
-0.906003
-0.564684
0.255898
0.901608
-0.731193
-0.401227
0.006806
-0.948119
0.006317
-0.999451
-0.630360
0.107150
-0.413617
-0.149693
0.934019
0.823847
0.203223
-0.352031
0.399701
-0.764885
-0.883908
-0.029206
0.443159
0.220679
0.039705
0.095126
0.843806
-0.224158
-0.843562
-0.212867
0.087924
0.168859
0.509079
-0.671133
-0.444746
0.058443
-0.162389
-0.572008
-0.700858
0.441023
-0.764946
0.113742
0.763787
0.097446
0.009430
-0.377056
0.191809
0.563768
-0.171422
0.655141
0.323588
0.468429
-0.983337
-0.156896
0.230506
-0.212500
0.136998
-0.336833
0.946593
0.168004
0.530686
-0.623463
0.628956
-0.509934
0.486373
-0.906003
0.007721
-0.484664
0.763421
-0.972228
-0.212439
-0.836482
-0.166967
0.955321
0.108860
0.412763
-0.785577
-0.614124
0.587573
0.316385
-0.693777
-0.688772
-0.577929
0.374554
0.351115
-0.305948
-0.731437
0.019623
-0.677664
0.434675
-0.732292
-0.077059
0.283303
0.886349
0.060823
-0.697928
0.137364
0.779412
-0.295022
0.622120
-0.831172
-0.985107
-0.031098
-0.696646
-0.259316
-0.937193
0.234352
-0.372845
0.812677
0.369488
0.697012
0.742119
0.055330
0.706046
-0.716666
-0.489792
-0.119541
0.117832
0.300394
-0.264626
0.187597
-0.609729
-0.141697
0.203833
0.725883
-0.230323
-0.982116
