-0.629933
0.275369
0.580859
-0.145116
-0.800836
0.995361
0.760674
-0.607044
-0.715567
-0.948729
0.009674
-0.285501
-0.623951
0.724296
-0.861690
0.620045
0.740837
-0.166295
-0.752251
0.030854
-0.666066
0.383404
-0.204993
-0.698599
0.175268
-0.126377
0.464583
0.576098
-0.563280
-0.523240
0.567064
0.237587
0.754387
-0.421552
0.812799
-0.906980
0.006439
0.677602
-0.096164
-0.638905
-0.425703
0.823603
-0.505417
-0.671804
0.864620
0.360271
0.279519
0.521470
-0.363384
-0.160924
-0.085116
0.064486
0.048250
-0.180944
0.406964
-0.829829
-0.713126
-0.970214
-0.355022
-0.803400
-0.146031
0.587878
0.600391
-0.297708
0.127415
-0.874386
-0.421796
-0.775262
0.728751
-0.496445
0.264199
-0.925474
0.412702
0.464949
-0.350261
0.078219
0.643849
-0.707511
-0.131932
0.032563
0.329569
0.733695
0.070711
0.750359
-0.502792
0.851192
-0.746757
0.622608
0.921079
0.987182
0.355876
-0.839412
0.857173
0.919797
0.839534
0.541124
0.360149
0.575060
0.545091
0.911802
-0.675649
-0.593432
0.082308
0.990844
0.764824
0.738456
0.389447
-0.252968
0.501083
0.963256
-0.385113
0.767998
-0.174841
0.547716
-0.617298
0.918271
-0.315836
-0.568224
0.139012
-0.840388
0.097812
-0.487228
0.736137
-0.905942
0.507126
-0.033662
-0.149693
-0.506088
-0.814203
-0.174047
-0.075289
-0.947508
0.002411
0.609485
0.072726
0.585314
-0.902280
0.867916
-0.011994
0.821772
0.756157
-0.698233
-0.149327
0.301248
-0.589038
0.341899
-0.855525
0.184179
0.558153
0.443403
0.434797
0.156713
-0.017487
-0.869198
-0.921567
0.602222
0.663747
0.680227
-0.227027
-0.888668
0.353069
0.556261
-0.502976
-0.742546
0.756096
-0.517930
-0.341227
-0.552232
-0.256569
0.300150
-0.994201
-0.311380
0.887082
-0.991699
0.543138
-0.677725
0.037568
-0.318278
-0.464278
0.604724
0.066561
0.365093
-0.326334
-0.012482
-0.823054
-0.152196
0.466475
0.092318
0.288125
0.334635
0.676016
0.624317
0.745720
0.149083
0.159581
0.922422
-0.818171
-0.376507
0.795343
-0.811274
-0.557543
0.597034
-0.095859
-0.792962
-0.735954
-0.085910
0.891598
0.274331
0.644398
0.987304
0.096957
0.004730
-0.363201
0.244057
0.137486
0.619007
-0.913755
-0.077548
-0.329142
0.034333
0.256447
0.411847
-0.302652
0.822016
-0.928220
0.191931
0.915281
0.152745
-0.751762
-0.654775
0.180883
0.604724
0.150365
-0.255776
-0.066622
-0.530808
-0.344340
-0.430219
0.570299
-0.272439
0.755364
0.696402
-0.505478
0.076022
-0.817499
-0.901608
-0.479720
-0.403546
0.935850
0.734428
0.806269
0.608997
-0.000031
-0.656240
0.199072
0.747612
-0.148717
-0.004913
0.601245
-0.967772
-0.985229
0.631947
0.689138
0.141270
0.111179
-0.806330
0.047517
-0.823237
-0.609119
-0.161718
0.474105
0.924558
0.906369
-0.513352
0.892331
-0.275185
-0.596545
0.016511
-0.828669
0.680044
-0.356914
0.396161
0.715873
0.559801
0.859676
0.474654
0.134312
-0.890255
-0.820063
-0.643910
0.197668
0.662587
-0.542039
-0.216163
0.336711
-0.887326
-0.482406
-0.056795
0.487777
0.617481
-0.204627
-0.893185
-0.278176
0.162084
-0.696219
-0.299356
0.271279
-0.925962
-0.282205
0.622547
0.558397
-0.335795
0.451460
0.162389
-0.690176
0.019013
-0.184912
0.189428
0.141575
0.926084
-0.640126
-0.324503
0.317606
-0.116428
0.484787
0.016694
0.665090
-0.709098
-0.252663
0.476730
0.336833
-0.312723
0.496078
0.619678
0.348430
0.321207
-0.957884
-0.554735
-0.566576
-0.840144
-0.446272
-0.099887
-0.057711
-0.130467
0.444258
0.426313
0.072054
-0.328593
0.196814
-0.817072
-0.238685
-0.327372
0.053255
0.084933
0.769280
-0.589587
-0.977111
0.452376
0.790216
-0.585314
0.317789
0.685415
0.374676
0.058138
-0.370342
-0.061007
-0.607471
0.267312
0.618580
-0.445540
-0.113681
0.616077
-0.215735
-0.732231
-0.866756
-0.187780
0.793085
0.118625
-0.768731
0.518479
0.710379
0.752739
-0.352153
0.422040
-0.512436
-0.088473
-0.585803
0.853389
0.007904
0.987182
0.965270
-0.537889
-0.459578
-0.606922
0.990722
-0.217200
0.811335
-0.895016
-0.720145
0.530381
-0.430158
0.007294
-0.539903
0.545885
-0.314676
-0.699515
-0.564074
-0.803095
0.426130
0.285745
0.416547
0.387555
-0.663564
0.419599
0.523301
-0.682241
-0.373089
0.832575
-0.282022
0.694082
-0.468490
-0.155736
0.263039
-0.629322
0.062166
0.867916
-0.632313
-0.009552
-0.950133
-0.876949
0.998230
0.749931
0.748711
0.089999
-0.368511
0.191321
0.784234
0.028047
-0.784417
0.391095
0.672048
-0.268105
0.407025
-0.262368
0.756951
-0.556566
0.563646
-0.089877
-0.188513
0.407331
-0.190222
0.546983
0.835749
-0.044893
0.213050
-0.327250
0.493454
-0.272561
0.318766
0.591723
0.491379
-0.320963
0.230934
0.559252
0.995300
0.720389
-0.034883
-0.142552
0.566942
-0.975768
0.223060
0.037202
-0.301859
0.996643
0.145787
-0.951231
0.557482
-0.754814
-0.892819
0.960326
0.821284
0.489120
0.076510
-0.389019
-0.387188
0.348796
-0.468673
-0.930906
-0.928831
-0.993835
-0.303201
0.954588
-0.321635
0.329630
-0.570421
0.505478
0.441084
0.263161
0.623035
-0.751152
-0.617115
-0.377361
-0.906308
-0.446516
0.227760
0.089572
0.127720
-0.567919
-0.481429
-0.250526
0.784173
0.470443
-0.052889
0.884640
0.076144
-0.372845
-0.075289
0.047029
0.636402
-0.874264
-0.619251
0.360698
-0.261269
0.462386
0.771722
0.251381
0.027497
0.088473
0.689322
-0.143468
0.697073
-0.902707
0.679250
-0.143529
-0.353801
-0.350566
-0.748650
0.863094
0.980529
-0.503891
-0.447371
-0.450545
0.480697
0.363018
-0.767754
-0.221900
-0.372051
-0.948607
0.598926
0.040437
0.020356
0.678152
-0.042024
0.591479
-0.677480
0.062227
0.387982
-0.443281
0.606006
0.185644
0.795404
-0.883602
-0.473739
-0.300394
-0.019318
0.236061
-0.016388
0.369610
0.995361
-0.202429
0.763237
0.076144
0.429121
-0.200659
-0.800043
-0.554125
-0.937010
0.430586
-0.874264
-0.422956
-0.811274
0.241371
-0.790826
-0.720756
0.018769
-0.430525
0.233070
0.426801
0.918821
-0.210730
0.868099
0.544237
-0.214881
0.005036
-0.071078
0.997864
0.710623
-0.945677
-0.742973
0.119541
-0.826594
0.196509
-0.651418
-0.969909
0.953246
-0.659413
0.108005
-0.464278
0.652333
0.106784
-0.699332
-0.204688
0.310648
0.657094
0.670339
-0.205786
0.651662
-0.046419
-0.373699
0.691885
-0.132420
0.087619
0.602893
-0.915036
-0.075961
0.829524
0.613758
-0.250893
-0.472518
-0.729362
-0.201636
-0.292398
-0.771661
0.773370
-0.285928
-0.093844
-0.128025
0.621815
0.480209
0.033357
0.955199
-0.442549
0.537645
0.940184
0.387371
0.613575
0.994385
0.676077
-0.956542
0.173803
-0.994629
-0.815302
0.276101
0.968749
0.250832
-0.563036
0.434553
0.540513
-0.767327
-0.936583
-0.245094
0.832636
0.980468
-0.030061
0.288247
-0.305094
0.584887
0.919004
0.010285
-0.640065
-0.323649
0.456221
-0.984741
0.754326
-0.194494
0.766961
-0.140172
0.882931
-0.913633
-0.444868
-0.795526
0.381817
-0.052156
-0.559984
-0.308023
0.732963
0.634144
0.065767
-0.362468
0.285623
0.295999
-0.984191
-0.636158
-0.270608
0.676199
0.169897
0.427595
0.233070
0.865658
0.505966
-0.424055
-0.323160
-0.996338
0.155431
-0.456038
-0.646535
-0.278420
0.872188
-0.324137
-0.130955
-0.082369
-0.796686
0.608386
-0.230323
-0.622547
-0.323099
-0.925779
0.468490
-0.798883
-0.468490
0.164220
0.226844
0.303751
0.200781
0.882260
-0.637196
-0.110202
0.360271
-0.967162
-0.784234
-0.579150
-0.357280
-0.806574
0.529588
0.311014
0.116977
0.323283
-0.459700
-0.373699
-0.359539
0.438765
0.748955
0.045137
-0.753655
-0.375347
-0.161046
0.913205
0.583117
0.551134
-0.561022
0.294290
0.668752
-0.885922
-0.795404
-0.056185
0.459151
0.593616
0.314920
-0.902219
-0.201575
-0.800226
-0.951231
0.249550
0.413923
-0.610462
0.476730
0.654653
0.896908
0.761895
-0.008820
-0.231666
0.571154
-0.810968
-0.063448
-0.124546
-0.811151
-0.435713
-0.398968
0.008454
-0.539171
0.292032
-0.614063
0.512131
-0.085482
-0.661306
0.957945
0.797052
0.786554
-0.572069
-0.842463
0.741264
-0.630787
-0.900571
0.809259
-0.976562
-0.141087
-0.414594
-0.987976
-0.661489
-0.509018
0.711905
-0.281045
0.721671
-0.032258
0.864315
-0.597095
-0.664724
-0.020112
0.126560
-0.468917
-0.959716
0.458907
0.021088
-0.460921
0.106235
0.316324
0.074252
-0.417707
-0.383038
0.796808
0.528367
-0.088534
0.419904
0.350993
0.506211
-0.778069
0.647084
-0.937925
-0.488998
-0.580248
0.494064
-0.880734
0.863399
-0.754387
-0.617481
0.146153
0.742424
-0.522263
-0.267861
-0.407819
0.075838
-0.602710
-0.195166
-0.234230
0.172826
-0.994324
0.663381
0.752251
0.077670
0.490829
-0.384503
-0.003449
0.971068
-0.703177
0.886898
0.393475
-0.517258
0.146641
0.552965
0.198523
-0.467025
0.438154
0.354472
-0.144627
-0.213660
-0.757622
0.615955
0.702383
-0.842158
-0.095920
-0.340129
-0.054720
-0.049532
0.859004
0.314432
0.160802
0.198096
-0.732109
-0.294229
-0.147801
-0.796625
0.028718
0.043916
-0.125950
0.013215
0.471603
0.925779
-0.622791
-0.420698
-0.530076
-0.854671
0.909970
0.638844
-0.396283
-0.487289
-0.888119
0.012360
0.832759
-0.463240
-0.237159
0.938047
-0.761040
-0.174596
0.314493
-0.825129
0.189489
-0.601856
0.820307
0.791620
0.145543
0.865535
0.526597
0.135289
-0.714652
0.535752
-0.227821
0.435774
0.036897
0.823786
-0.790033
-0.737053
0.680532
-0.680471
0.199438
0.213233
0.497543
0.856624
-0.201209
-0.068758
-0.671499
0.806452
0.689138
-0.598193
0.603259
0.945189
0.485885
0.579516
-0.251869
0.803217
-0.353618
0.522752
-0.246498
0.577685
-0.064302
0.970092
0.806085
0.160680
-0.648000
0.704520
-0.505783
0.154210
-0.071810
-0.746941
-0.650807
0.624195
0.181555
0.654653
-0.856624
0.919370
0.515793
0.055696
-0.099643
0.642933
-0.125950
0.533860
0.444258
0.775079
0.111789
0.493271
0.789056
-0.695303
0.093661
-0.077120
-0.789300
0.875851
0.710685
0.598254
0.048860
0.237770
-0.924741
-0.205603
-0.960814
-0.199316
-0.483200
0.555712
-0.676809
0.957152
-0.569750
-0.707327
0.660451
-0.498459
-0.378094
0.422590
0.359722
-0.842280
-0.680105
-0.287576
-0.473922
-0.560106
-0.480453
0.521409
-0.979675
-0.408918
-0.476913
-0.562792
-0.821284
-0.893674
-0.053804
0.279458
0.298746
-0.458846
0.227943
-0.386151
0.022736
0.858699
-0.073946
-0.752251
-0.731376
0.328593
-0.863704
0.234962
0.648427
-0.412275
-0.305948
-0.965087
-0.221534
0.522385
-0.861934
0.684378
-0.608142
-0.770074
0.071932
-0.711844
-0.691214
0.870418
-0.268899
0.024201
0.431684
0.930723
0.504563
-0.221046
-0.619068
-0.425153
-0.416791
0.750725
0.540208
0.343303
-0.246559
0.891842
0.514084
0.284890
0.928709
0.850764
-0.266274
-0.884518
0.836238
-0.185644
-0.065584
-0.579394
-0.668325
0.813288
-0.902341
-0.265786
0.418256
-0.670522
-0.352824
-0.151280
0.544359
0.126072
0.767388
0.474044
0.013581
0.212500
0.846614
-0.622791
0.838374
-0.616565
0.215796
-0.729423
0.206153
0.541307
-0.563341
-0.474715
0.146764
0.281167
0.814142
-0.670644
0.901364
0.804498
-0.126865
-0.222999
0.886288
-0.778802
-0.880612
-0.301126
0.143956
-0.043611
-0.229652
0.240211
0.609180
-0.151158
-0.780450
0.327616
0.405072
0.157018
-0.813410
0.487533
-0.476730
-0.192724
-0.165563
0.668813
-0.264382
0.004181
-0.807306
-0.725028
0.739250
0.135411
-0.176000
-0.961974
-0.461959
-0.567248
0.433454
0.234962
0.582202
-0.818415
0.586230
0.782891
-0.803522
0.567370
-0.424421
-0.917356
-0.837519
0.679983
-0.861080
0.089267
-0.313028
0.222571
-0.229408
0.804804
-0.596850
0.251564
0.795038
0.660024
-0.134800
-0.530931
-0.401898
-0.038789
-0.022187
0.055635
-0.734184
0.445357
-0.143468
-0.662404
-0.018097
-0.890439
0.641469
-0.076266
-0.866146
-0.364666
0.317179
-0.515366
0.955443
-0.016694
0.641408
0.371563
0.999878
0.990539
-0.301859
0.917112
0.077975
0.510666
-0.922971
-0.685904
-0.872250
-0.436934
-0.537584
0.464461
0.156713
-0.904355
-0.707266
-0.702689
-0.770440
0.149876
-0.637562
-0.891415
0.168249
0.119907
0.227088
0.948363
0.888424
0.727348
-0.829768
0.920530
-0.058626
0.730461
0.383953
-0.977844
0.633106
-0.674734
0.021577
0.754570
0.109958
0.285257
-0.159581
-0.870785
-0.080233
-0.710501
0.873531
0.325541
-0.953673
-0.111484
-0.517747
0.146397
0.361797
-0.565844
-0.200964
-0.182714
-0.865841
0.497421
0.733512
-0.140721
0.155858
0.741997
-0.338420
0.088595
0.849971
-0.256691
-0.131626
0.117771
0.787347
0.941099
0.948607
-0.433088
-0.505234
0.002777
0.066866
-0.837092
-0.067965
-0.662648
-0.682485
0.573290
-0.274270
0.691824
0.822138
-0.688223
-0.574328
0.414411
-0.709769
-0.770684
-0.962096
0.969054
-0.080782
0.692557
-0.635975
0.994140
-0.574023
-0.628895
-0.120273
-0.821467
-0.127903
0.434614
0.834162
0.903806
0.324259
0.861751
-0.977294
0.755974
-0.639027
-0.313395
-0.690603
0.905637
0.647694
0.528306
0.051119
-0.892026
-0.461531
0.197546
-0.234352
0.988342
-0.463301
-0.163610
-0.237098
0.861629
0.871639
-0.484420
-0.101779
-0.657155
-0.669668
0.784906
-0.044527
-0.851924
-0.973632
0.104526
0.774102
-0.626270
0.258278
0.822138
-0.669301
0.453230
0.569079
-0.266030
-0.652150
0.860408
0.928343
-0.217933
-0.508103
-0.675588
-0.670583
-0.446333
0.154942
-0.529832
-0.870113
-0.393414
0.086093
-0.579089
-0.101413
0.548875
0.858638
-0.793329
0.146886
0.185339
-0.125156
-0.762261
0.977783
-0.063082
0.994018
-0.911069
0.602161
-0.094516
0.729484
-0.205481
0.443098
-0.585681
0.444197
-0.733757
-0.842219
0.622608
-0.311441
0.700980
-0.960204
0.622242
0.574999
0.024934
0.777520
0.909482
-0.429304
0.328654
0.713065
0.080599
0.524888
-0.502182
-0.777520
-0.961852
-0.836177
-0.208899
-0.664968
0.928587
-0.837153
0.287637
-0.852351
0.757805
-0.124546
-0.255898
-0.092196
0.079806
-0.847224
0.432295
0.915525
-0.022126
-0.009796
-0.440474
-0.654836
0.099216
0.375469
0.507920
-0.442732
0.721305
-0.405438
0.460494
-0.794061
-0.618641
0.363994
0.791803
-0.955016
0.065889
0.592395
-0.732414
-0.170812
-0.583422
0.136631
0.248207
0.075106
0.907346
-0.784783
0.942625
0.679922
-0.327677
0.227577
0.343486
0.244484
0.097018
-0.692007
-0.331278
0.989196
0.951659
0.587634
-0.257363
-0.154515
0.948973
-0.998169
-0.311930
-0.168676
0.776238
0.624561
0.650136
0.404645
0.799371
-0.211646
-0.304666
-0.312662
-0.559435
0.788507
-0.846431
0.885556
-0.240211
0.654530
-0.817438
-0.917539
-0.144505
0.967650
-0.564013
0.329081
0.372051
-0.161168
0.630970
-0.516892
0.626942
-0.747368
0.607532
-0.187048
0.597156
0.394818
0.185644
-0.713126
-0.082369
0.353374
0.635182
-0.024689
-0.295633
-0.550035
-0.502731
-0.738701
0.044893
0.126072
-0.378887
-0.297037
0.938292
-0.815973
0.404645
0.978454
0.537889
0.774957
0.400555
-0.369243
-0.306681
0.644948
-0.814753
0.164525
-0.334086
-0.874264
-0.817743
-0.544053
0.200354
0.424543
-0.175451
-0.862423
0.178869
0.196875
-0.880673
-0.038240
-0.221900
0.191504
0.652577
-0.420087
0.430280
-0.989319
0.731986
-0.985046
0.720511
-0.166356
0.672597
-0.152501
0.703787
-0.576708
-0.816645
0.937864
0.974609
-0.415204
-0.361248
0.620899
0.616993
0.720450
0.665029
-0.083468
0.119846
-1.000000
-0.492233
-0.167943
0.241005
0.246010
0.182653
-0.866329
-0.830561
0.990112
0.901669
0.534776
-0.200354
0.923887
-0.899228
-0.917234
-0.471175
-0.382244
0.779473
0.266091
-0.506088
0.364910
-0.719474
0.395062
-0.126682
0.556627
0.612537
-0.257973
0.009125
-0.801019
-0.159703
-0.516892
0.100436
-0.294778
0.876095
-0.874508
0.480453
0.450484
0.561388
-0.768487
0.892331
-0.926328
-0.535875
0.851375
-0.358074
0.793573
0.976318
-0.370525
-0.828120
0.954283
0.267312
-0.884640
-0.902829
-0.337687
-0.016877
-0.349345
0.231239
0.091647
0.510117
0.097995
-0.225562
0.279153
0.497848
-0.350078
0.931944
0.600146
-0.372112
0.116794
0.389691
0.001190
-0.521714
-0.110141
0.197180
0.020112
-0.645009
-0.674184
-0.217139
0.862178
0.123936
0.299722
0.774163
-0.124607
-0.219764
-0.270363
-0.702994
-0.027741
0.029878
0.910825
0.657155
0.220191
0.055269
-0.750237
-0.933409
-0.281045
-0.492233
-0.702383
-0.638539
0.143223
0.635914
-0.015107
-0.351054
0.918455
0.655995
0.170507
-0.021760
-0.437971
-0.067782
0.943052
0.644215
0.375896
-0.774773
-0.890622
0.330363
0.167577
0.472579
0.835444
-0.610340
-0.972839
-0.946104
0.911557
-0.139866
0.971007
0.838191
0.855281
0.779290
-0.487838
-0.625416
-0.120823
0.798334
-0.608203
0.139134
-0.318644
-0.924070
0.150853
-0.544176
-0.814631
0.466231
-0.426435
0.640919
-0.777215
0.209143
-0.362285
0.931394
0.268654
-0.830134
0.679495
-0.677908
-0.658681
-0.583422
0.442305
0.737968
-0.100436
-0.476424
-0.859737
-0.892087
0.923460
-0.739128
0.564928
0.052461
0.395062
-0.513840
-0.431196
-0.394452
0.108615
0.850581
-0.364116
-0.459212
-0.329875
-0.157628
-0.814570
0.759697
0.243629
-0.095126
-0.291726
-0.451338
-0.073763
0.442610
0.442244
-0.510544
0.537217
0.376568
0.222205
-0.549242
0.547594
0.871517
-0.147740
-0.406964
0.158666
0.386883
-0.088961
-0.863460
-0.899716
-0.882504
-0.185034
-0.909604
-0.770745
-0.301859
0.546068
0.321879
0.701956
-0.153172
0.016083
-0.731254
0.009186
-0.676077
-0.025056
0.198035
0.299112
-0.436934
0.977172
0.547899
-0.769646
0.075900
-0.757500
-0.898068
0.239357
-0.972533
-0.316202
0.173009
0.969359
-0.402142
0.756645
0.344157
0.860775
0.653859
-0.365337
-0.037141
0.070528
0.864132
-0.559008
0.032868
0.042207
-0.886959
0.124363
-0.115635
-0.271584
0.204138
-0.325541
0.464400
0.828608
0.698111
-0.954588
0.920408
-0.249916
0.257912
-0.602466
-0.876583
0.650929
0.251625
-0.812860
0.268410
-0.249489
-0.412702
-0.404157
0.382366
0.877804
0.738273
0.759697
-0.375042
-0.909787
-0.752922
-0.785455
0.843928
0.650197
-0.717521
0.236366
-0.377056
-0.239784
-0.958983
-0.000702
-0.163610
-0.799249
-0.238746
-0.827815
-0.930845
0.787225
0.405438
0.713370
0.260170
-0.966491
-0.562059
0.395978
-0.618702
0.621998
-0.397198
-0.359600
0.492904
-0.109836
-0.939268
-0.692007
-0.035798
0.711478
0.401349
0.100864
0.164769
0.498398
-0.846065
-0.963683
-0.992492
-0.367962
-0.842708
-0.231239
-0.201025
0.263222
-0.266884
-0.635792
0.161596
-0.021638
0.047823
-0.579028
-0.243263
-0.306803
0.648671
0.962157
-0.618519
0.045198
-0.369671
0.210608
0.099277
0.579150
0.730766
0.181677
-0.409223
-0.801874
-0.508164
0.592822
-0.981262
0.991028
-0.493027
0.061556
-0.926389
0.312906
0.527024
-0.908872
-0.584216
-0.230323
-0.060579
0.784600
-0.145482
0.329875
0.255959
-0.766289
0.903928
0.558214
0.666616
0.219581
-0.626453
-0.625111
-0.209998
-0.369243
0.891232
0.253456
-0.886166
0.256142
0.314371
-0.039521
-0.881222
0.975829
0.968444
0.817621
-0.839473
0.220801
-0.352519
-0.895322
-0.365276
-0.649464
-0.829707
0.459517
0.546007
-0.715995
-0.835444
0.510544
-0.007965
0.258889
0.162694
0.752434
0.566881
-0.864071
0.566149
0.378582
0.269448
0.105319
0.207190
0.622913
0.062288
-0.796869
-0.243446
0.433760
0.492111
-0.387921
0.928220
0.108005
-0.698294
0.720206
0.141087
-0.527085
0.286477
0.601672
0.265053
0.534715
0.636708
-0.730888
-0.687735
-0.681631
0.486312
-0.653859
-0.577258
0.505417
-0.713065
0.857784
0.699087
-0.621632
0.407636
0.673635
0.328104
0.119663
0.418806
-0.084750
0.418256
-0.722526
-0.747978
-0.003265
0.545030
0.840327
-0.210242
-0.453841
0.919187
-0.900449
-0.370708
-0.820124
-0.970580
-0.220130
0.414594
-0.835810
0.774163
0.597827
-0.705557
-0.354289
-0.709220
-0.084506
0.391644
0.921812
0.934935
-0.358135
0.483200
-0.364299
-0.701041
-0.394024
-0.023530
-0.585864
-0.474166
0.991455
0.549608
0.030183
-0.277444
0.710379
0.282876
0.537461
0.056551
0.083102
0.268288
-0.149022
-0.185095
-0.556200
-0.999817
0.607654
0.128330
-0.751274
-0.707694
-0.171361
-0.089816
0.798883
0.780145
0.308939
-0.604541
0.610828
0.881222
0.462691
-0.798639
-0.490646
0.128941
0.764702
0.845943
0.235755
-0.862239
-0.157628
-0.073641
-0.649403
-0.486496
-0.445357
-0.810968
-0.857295
0.430403
0.476608
0.479904
0.335795
0.808710
0.654408
-0.699210
-0.013092
-0.946654
0.783685
0.210669
0.976806
0.146947
-0.760613
-0.661000
0.867489
0.469222
0.828669
0.179968
-0.405255
0.354045
-0.902036
-0.740715
-0.266457
0.715934
0.615772
-0.215857
0.929136
-0.931700
0.073275
0.407392
0.037690
0.033906
0.271401
-0.805536
0.903928
0.005585
-0.248634
0.077792
0.609180
0.386883
-0.696036
0.027924
0.967772
-0.716239
-0.417280
0.650563
-0.065584
-0.983764
-0.705985
-0.158544
-0.802301
-0.172460
-0.612964
0.473006
0.677419
-0.741386
-0.327250
-0.639454
-0.264443
-0.459517
0.338420
-0.292520
0.108921
0.165990
-0.819391
-0.797296
0.999695
0.899838
0.518479
-0.500412
0.764153
-0.055513
-0.023408
0.505600
0.723319
-0.750908
-0.657094
0.089694
-0.817988
-0.086947
-0.897702
0.030610
-0.953001
-0.014801
-0.777825
0.542528
0.272011
0.585314
0.662160
0.851253
0.110263
-0.973388
-0.793817
-0.981017
0.647450
0.188574
-0.944517
-0.437300
-0.294656
0.247230
-0.286172
-0.058809
0.166906
0.273782
0.164647
-0.878658
-0.414838
0.933958
0.265175
-0.971557
-0.962462
-0.961913
-0.598437
-0.352580
-0.501328
0.245643
0.824885
0.304971
0.950926
-0.333293
-0.542589
-0.213904
0.690481
0.551439
-0.200903
0.076083
-0.500229
-0.584887
-0.143712
0.058016
-0.032685
-0.030671
-0.240211
-0.560656
-0.230079
0.819758
0.665761
-0.761345
0.005951
0.033052
-0.245582
0.554613
0.722221
-0.971862
0.525559
0.780816
0.145299
-0.592517
-0.191687
-0.882382
0.320231
0.833674
0.755608
0.440046
0.416608
-0.277627
0.543870
-0.559557
-0.858943
-0.078829
0.037507
-0.191198
-0.249245
0.477035
-0.583850
0.011750
0.264138
0.013703
-0.190954
0.256508
0.168310
-0.986633
0.488266
-0.571703
0.953917
-0.123020
-0.284951
0.985290
0.501755
0.528306
-0.483749
-0.645009
0.677602
-0.099704
0.162511
-0.804926
-0.948912
-0.596484
0.194800
0.806330
-0.328104
-0.951292
0.330180
-0.075533
-0.602954
-0.140782
-0.282144
0.756523
0.365215
0.502853
0.829463
-0.979125
0.790582
-0.072726
-0.554552
0.064791
0.606616
0.325602
-0.254738
0.769890
-0.284829
-0.276833
-0.861629
-0.569933
0.130284
-0.928770
-0.416120
0.722037
-0.890133
0.115329
0.934507
0.554735
-0.861324
-0.733512
-0.044099
-0.821589
0.528672
-0.324259
0.793878
-0.272744
-0.804010
-0.773064
-0.662770
-0.398114
0.943175
0.374493
0.715384
0.887265
0.435041
0.785882
0.288369
-0.608020
-0.367840
0.059420
-0.251198
-0.182043
0.208960
0.287454
-0.307840
-0.294839
0.183630
0.510056
-0.456893
0.440352
-0.865535
-0.504990
0.895199
-0.344829
0.283547
-0.526414
-0.441694
0.444746
0.565416
0.347880
-0.323893
0.992370
0.687063
-0.174352
0.535142
0.612476
-0.459517
0.469649
0.817499
-0.705496
-0.118625
0.936155
0.478744
0.382305
-0.805170
-0.338664
-0.785821
-0.021577
-0.455672
0.875057
-0.349162
0.309305
0.416242
-0.893063
-0.819880
0.863521
-0.572985
-0.397565
0.430403
-0.867122
0.721671
-0.908506
0.040681
-0.842341
0.791986
0.060518
0.134800
0.517258
0.589831
0.707633
-0.142491
-0.905576
-0.837947
-0.280313
-0.569811
-0.065828
-0.586901
-0.273537
-0.280679
0.298990
-0.342570
-0.542772
0.806879
-0.211707
-0.438643
0.713187
0.061190
-0.275674
0.799249
0.519517
0.591845
0.024018
-0.402814
0.001373
-0.103793
-0.432783
-0.188025
-0.484298
-0.955138
0.634205
0.630360
-0.105869
0.077914
0.946837
-0.681509
0.909421
0.172277
0.824152
0.009857
0.154881
0.256508
-0.019929
-0.677114
0.329386
-0.579394
-0.234718
-0.159276
0.817133
-0.846065
0.121128
-0.830439
-0.886837
0.321940
-0.632740
-0.543199
-0.417890
-0.359233
-0.974670
-0.591418
-0.386029
0.586779
-0.517991
0.698904
-0.554491
-0.943419
-0.378338
0.580004
-0.958922
-0.296609
-0.522935
0.591601
0.109470
-0.824152
-0.408612
0.180822
0.098483
0.063631
-0.339274
0.564867
-0.668386
0.597766
-0.226112
-0.302591
-0.162328
-0.458235
-0.369549
-0.584033
0.071749
0.283303
-0.731559
0.229286
-0.123630
0.272744
-0.891964
0.915464
0.147740
-0.695425
0.694266
0.153844
-0.465987
-0.764946
-0.717887
-0.580981
-0.236061
-0.166478
-0.437483
0.656667
-0.723502
0.286538
-0.176611
0.001068
0.508347
-0.972228
0.376385
-0.216285
-0.156224
-0.070040
0.428083
0.935484
0.006317
0.485397
0.037996
-0.966124
0.497848
0.923704
0.471603
0.496017
-0.242225
0.658132
-0.196631
-0.103488
-0.996643
-0.927305
0.716178
0.638173
0.762139
-0.161718
-0.902585
-0.496811
-0.025605
-0.374248
-0.042879
0.383099
0.448286
0.704215
-0.961852
0.790826
0.193213
0.300699
0.145604
0.263710
-0.958861
0.500595
-0.653005
-0.791498
0.263344
-0.638478
-0.298074
0.148473
-0.655507
-0.431257
-0.154393
0.199438
-0.751762
0.771844
0.074190
-0.488449
-0.319681
-0.690725
0.463057
-0.233619
0.116245
0.393292
-0.951109
-0.332072
0.224952
0.623218
-0.277139
-0.390790
0.687551
0.126438
0.788018
-0.294229
0.158727
-0.468368
-0.519822
-0.121311
0.326090
0.346171
-0.141697
0.932676
0.161962
-0.364177
0.255776
-0.725333
-0.707144
-0.204627
0.151524
-0.929258
0.801202
0.749931
0.578478
0.500168
-0.647328
-0.433454
0.016449
-0.769341
0.218055
-0.026276
-0.403485
0.690054
0.006012
0.089877
0.750603
0.215491
0.105869
-0.158788
0.329875
0.440291
-0.392193
-0.425031
0.846187
-0.219275
0.900571
-0.686697
-0.667348
0.177526
0.669973
-0.748344
-0.604907
0.975890
0.015900
-0.712333
-0.538011
-0.098544
0.898984
-0.211158
0.233070
0.009613
0.911740
-0.772454
0.979369
0.328043
0.312845
0.155370
0.917417
-0.648305
0.192358
0.044221
0.481368
-0.875668
-0.047456
-0.559496
-0.161412
0.596484
0.391156
-0.839167
-0.075961
0.653737
0.772637
-0.579882
-0.077120
0.011505
-0.417463
-0.121189
0.061190
0.102329
0.109470
0.489059
-0.275063
-0.318522
-0.783624
0.035676
-0.958861
0.389386
-0.870052
0.943480
0.456648
-0.371136
-0.003876
-0.030976
-0.799738
0.028047
0.623218
-0.380657
0.937376
-0.240944
-0.413495
0.110996
-0.858150
-0.016083
0.317118
-0.262856
-0.263283
-0.295328
0.065523
-0.707999
0.844234
-0.071932
-0.007721
-0.908750
-0.295022
-0.228248
-0.470565
0.309244
0.519089
-0.228004
0.522935
-0.899838
-0.288491
0.412397
0.969359
-0.069002
0.146214
0.734672
0.658620
0.713736
-0.466353
0.909360
0.984252
-0.849239
0.084506
0.266030
0.206153
-0.323527
-0.820795
-0.328227
0.528428
-0.322489
0.982482
0.328654
-0.414838
0.561266
-0.621021
0.908444
-0.663991
0.275246
0.871456
-0.949522
0.198828
-0.996948
-0.799921
-0.029084
0.281777
-0.367901
-0.223853
-0.702322
-0.425581
-0.665212
-0.666311
0.760674
-0.474044
-0.212378
-0.438765
0.462264
-0.811396
0.605090
0.922422
-0.870907
0.821284
0.432783
0.750359
0.843135
-0.307840
0.621570
0.531175
0.460677
0.030915
-0.683096
0.892758
-0.981628
0.284219
0.028230
-0.623402
0.232887
0.999329
0.401593
-0.661061
0.006134
0.138707
0.830866
0.682180
0.457015
-0.378765
-0.970824
0.937132
-0.556078
0.038179
0.994812
-0.958617
0.333964
-0.080966
0.669790
0.232521
0.238807
-0.753044
-0.553636
-0.126865
0.982238
0.643971
0.414899
0.384930
0.072115
0.535447
-0.859859
-0.847407
0.838252
0.302225
-0.239418
0.208655
0.481735
0.712821
0.085360
0.631825
0.157506
-0.804682
-0.086947
-0.722953
-0.072909
0.965453
-0.955565
0.834468
-0.862728
0.357402
0.650868
-0.431013
-0.153722
0.858211
0.282327
0.400555
0.319559
0.555773
0.436079
0.739677
0.975036
-0.481307
-0.267434
-0.112156
-0.884762
0.756279
-0.943236
-0.176061
0.741935
0.711112
-0.282327
-0.614368
-0.207862
-0.088961
-0.278054
0.143773
0.311197
-0.048311
-0.844417
0.593005
0.614246
-0.041414
-0.709769
0.253151
0.265297
0.361675
0.781793
0.249916
-0.216712
0.799249
0.914121
-0.232521
0.446333
-0.117893
-0.468612
-0.203467
0.192785
0.548875
-0.812616
0.293802
0.100620
0.806452
-0.470687
-0.385296
0.204688
0.529527
-0.752007
0.314432
0.243995
0.166356
-0.013764
-0.676443
0.125278
0.255470
-0.748650
-0.032197
0.350688
0.600635
-0.356487
-0.961913
-0.553331
0.088595
-0.886654
0.139256
-0.987854
-0.625660
-0.798456
0.773431
0.738151
-0.982910
0.309732
0.762627
-0.281350
0.605823
0.957884
-0.382122
0.627857
-0.339213
0.074313
-0.517258
-0.649220
0.174169
0.616871
-0.650014
-0.337626
-0.171117
-0.685476
0.514695
0.080905
-0.498032
-0.840815
0.889035
0.222877
0.090915
0.784234
0.320353
-0.635426
0.261818
-0.520798
-0.348796
-0.488998
-0.907651
0.378094
-0.921812
-0.349528
-0.715995
0.835505
-0.595325
0.334758
0.561571
-0.010224
0.041902
0.650563
-0.964904
0.022858
0.999084
0.553514
0.926511
-0.170202
-0.011689
-0.120701
-0.476180
-0.966308
-0.971984
0.548509
-0.851619
0.068575
0.423078
0.093905
0.166173
-0.966674
-0.561510
-0.411359
-0.590991
0.506760
-0.031770
-0.765740
0.095553
0.414533
0.718436
-0.268899
-0.157262
-0.793512
0.386212
-0.093417
-0.244911
0.219947
-0.664296
-0.457747
-0.087130
-0.061251
0.635365
0.345561
0.418378
0.571703
0.670644
0.076266
-0.961547
-0.735832
-0.331278
-0.961913
-0.666189
0.998047
-0.882870
0.945982
-0.301614
-0.644215
0.674917
-0.372356
0.346477
-0.677908
-0.813410
0.636708
0.977783
-0.143712
-0.656484
0.825556
-0.445540
-0.553636
0.239906
-0.922178
-0.028230
-0.466720
-0.797967
0.503708
-0.244240
-0.362346
0.906674
-0.043306
0.993835
0.270486
-0.480697
-0.104648
-0.158483
-0.661916
0.204932
0.269875
0.936155
0.966735
0.111667
0.658742
-0.058626
0.874691
-0.305643
-0.187353
0.371075
0.399396
0.342814
-0.893918
0.852901
-0.925596
0.255959
0.791009
-0.370952
0.103183
-0.162816
0.118198
-0.516465
-0.298990
0.423383
-0.064730
-0.534959
-0.920896
-0.246864
-0.396344
0.413373
-0.652150
0.684805
0.956297
-0.375225
-0.778314
0.666128
0.415387
-0.496689
-0.406720
0.121067
-0.692434
0.546251
-0.193823
0.932493
0.496506
-0.873470
0.226539
-0.530442
0.722526
0.746330
0.967406
-0.795038
-0.841304
-0.273232
0.902951
0.932188
-0.469588
0.901669
-0.503037
0.452681
0.304361
-0.521714
-0.639821
-0.228248
-0.211524
0.642933
0.478561
-0.525254
0.491501
-0.511887
-0.639332
0.468551
0.041780
-0.895627
0.191137
-0.773186
0.905026
0.629261
0.785211
0.303629
0.546129
0.916868
0.961974
0.267617
0.969237
0.441694
0.347148
0.498642
-0.291604
-0.130955
-0.066256
0.501328
-0.788446
-0.273293
-0.379925
0.662526
0.441145
-0.893490
0.447615
0.085665
0.109409
0.899838
-0.604602
0.789972
-0.658071
-0.007538
0.878414
-0.928098
-0.348857
-0.439070
-0.133091
0.023347
0.868404
-0.877499
0.153539
-0.403851
0.552477
-0.752434
-0.531602
-0.044710
0.710135
0.208716
-0.744804
-0.028901
0.644642
0.848140
-0.577685
0.013825
0.532640
-0.920408
-0.845882
0.122898
-0.782220
0.301187
0.594348
0.588794
-0.164892
-0.691397
0.162755
0.334269
0.907712
-0.894589
0.936522
-0.556810
-0.779290
0.715201
-0.049104
0.688650
-0.221290
0.141392
-0.185644
0.710135
0.883480
0.239906
0.772271
-0.317972
0.907041
0.871029
-0.440046
0.380352
-0.729118
-0.277261
-0.446028
0.997314
-0.328715
-0.197974
-0.605335
-0.542589
0.773064
-0.232521
0.873470
0.051363
-0.406903
-0.672231
0.609119
-0.388165
-0.012421
0.209387
-0.486190
-0.243812
0.187475
-0.590320
-0.714652
-0.814081
0.944639
-0.232215
0.080538
-0.991577
-0.307901
0.169164
-0.647450
0.162084
-0.446516
-0.970336
-0.254494
0.277932
0.531480
-0.685598
0.000641
0.540269
0.354411
0.451155
0.746513
-0.357646
0.307657
0.643849
0.147923
-0.412275
0.718925
0.317850
-0.213050
0.555589
0.820673
-0.361919
-0.707633
-0.127964
0.789117
0.008026
0.363018
-0.399030
-0.450056
-0.407758
0.621937
-0.800287
-0.785699
-0.969543
-0.545030
0.740410
0.941527
-0.982177
-0.883419
0.604236
0.867489
-0.001556
-0.684500
-0.525132
-0.301737
-0.723807
0.517624
0.085299
-0.625904
0.210242
-0.247841
0.281289
-0.030793
0.395184
0.269936
0.842769
0.657704
0.046724
-0.977905
0.105686
0.755486
0.386029
0.473006
-0.372417
0.576769
0.117466
-0.144749
0.556749
-0.168126
0.090487
-0.182104
-0.233802
0.767327
0.031709
-0.971679
0.044893
0.030915
