-0.698904
-0.700491
-0.570849
0.216956
-0.754265
0.845271
-0.736625
-0.861263
0.138401
0.958800
0.309793
0.685293
0.839412
0.085116
0.502365
-0.798883
-0.398419
0.643910
-0.763298
0.103000
0.837519
-0.595691
-0.093173
-0.872372
0.404950
-0.876034
-0.545030
0.553087
0.148045
-0.153783
0.671377
0.833552
0.861263
-0.346660
-0.861873
-0.744072
-0.634327
0.110141
-0.955687
-0.647389
0.074923
-0.142491
-0.295511
-0.194250
0.679128
-0.110691
0.820673
0.683401
-0.429060
0.258950
0.415876
0.048860
0.166478
0.326456
0.199622
-0.666982
0.688040
-0.215491
0.432905
-0.404828
0.312662
0.546739
-0.980102
-0.375164
0.119724
0.069369
0.649037
-0.298196
-0.388592
-0.734977
0.658559
0.919126
0.898923
-0.829707
0.287210
-0.295511
0.287332
0.261513
-0.026276
-0.961241
-0.565294
0.542039
-0.628162
-0.893002
0.681509
-0.225684
-0.015717
-0.972594
0.313334
0.675283
0.032258
-0.201025
-0.615345
0.489242
-0.703665
0.805292
0.924009
-0.754570
-0.820856
0.894833
0.817438
0.010224
0.374371
0.624134
-0.152928
0.694449
0.635975
-0.455855
0.609607
-0.847163
0.043306
-0.727775
-0.299722
0.959777
-0.728141
-0.363079
-0.683645
0.641408
-0.962889
0.253456
0.048250
-0.362163
0.244057
-0.720573
-0.857418
-0.723197
-0.624866
-0.298257
0.501511
0.260231
-0.879330
-0.605762
0.124851
-0.457686
-0.181677
-0.888180
0.129429
-0.631092
0.520127
-0.754021
-0.980102
0.908200
-0.308206
-0.402448
0.043001
0.667165
-0.215186
-0.908139
0.091342
-0.806207
0.167272
-0.910642
0.140721
-0.300638
-0.309610
-0.663747
-0.063387
-0.001373
0.788934
0.412641
0.514634
0.350871
-0.387188
0.293313
-0.630787
-0.272195
-0.292703
-0.149876
-0.640187
-0.178930
-0.923093
-0.890683
-0.460555
-0.024384
0.871700
-0.320536
0.508286
0.356792
-0.624195
0.164892
0.629444
-0.763237
-0.952452
-0.244667
-0.511460
0.271767
-0.271462
0.679617
0.921140
0.962462
0.656667
-0.571947
0.278481
0.844478
-0.223914
-0.007355
0.533982
-0.113804
-0.037324
-0.052522
-0.124058
0.929991
0.155309
-0.312784
0.752617
-0.214698
0.204016
0.975829
-0.438215
0.794916
0.789056
-0.035188
0.997314
-0.310953
0.381512
-0.617542
0.563158
0.254311
-0.613880
-0.488754
-0.490768
-0.398541
-0.906735
-0.373516
-0.888913
-0.041108
0.743400
-0.238258
0.310343
-0.799860
0.058138
0.023957
-0.044282
0.983947
-0.242103
0.544542
-0.242347
-0.040193
-0.968505
-0.740226
0.127720
0.335490
0.873348
0.786065
0.271645
0.136021
0.499619
-0.411786
-0.455061
0.548387
-0.527940
0.332438
-0.234413
-0.972533
0.794610
0.220374
-0.933470
0.406110
-0.754448
0.997131
0.971435
-0.849361
-0.438215
-0.861202
-0.889584
0.467086
-0.260964
-0.340251
-0.397992
-0.759514
-0.162328
-0.868587
0.119114
0.821406
0.588916
0.749504
-0.857601
0.684378
0.369182
0.542955
-0.439253
-0.614124
-0.383953
-0.054659
-0.675039
0.142674
-0.867306
0.214087
-0.505783
0.343608
-0.648610
0.919126
-0.859798
-0.648000
-0.724235
0.316141
-0.028291
0.780084
-0.664968
0.174047
-0.946593
-0.976135
0.943663
0.108310
0.942381
-0.075228
0.404096
-0.162145
0.179113
-0.935789
-0.278603
-0.049837
0.739372
-0.553331
0.717154
-0.476669
0.909116
0.280618
0.141087
0.898679
0.847407
-0.044710
0.405072
-0.473128
-0.171911
-0.528794
0.698843
-0.518418
0.636891
0.454146
-0.605457
0.811457
-0.532334
0.481307
0.510544
0.506211
-0.706412
-0.319315
0.349834
-0.086642
-0.820429
-0.642018
0.388348
-0.561876
0.140294
-0.253822
-0.243202
0.651479
-0.814386
-0.581957
-0.433027
-0.844111
0.727958
0.103916
0.987426
0.842830
-0.942320
-0.472152
-0.129002
0.078097
-0.192724
-0.635121
0.049837
-0.390545
0.183203
0.613514
0.117344
0.372600
-0.406476
0.042634
-0.701102
0.824946
0.344646
-0.515305
-0.509323
0.936949
0.306986
-0.220191
-0.663625
0.052339
0.594714
0.505173
0.891110
0.793695
0.692434
0.321329
0.407575
-0.298685
-0.280190
0.535875
0.184362
0.951048
-0.450606
-0.780023
0.439436
-0.187780
-0.244911
-0.375774
-0.986999
-0.105747
0.526231
0.840022
0.791803
-0.545213
-0.095859
0.606983
0.048799
-0.438520
0.746879
0.938414
0.157567
-0.746513
-0.475631
0.150426
-0.213416
-0.810724
0.293252
-0.087985
-0.778558
0.207434
-0.475448
0.022370
-0.003632
0.390851
-0.910092
0.788934
0.049654
0.281350
-0.543016
-0.280618
0.373760
-0.892819
-0.558763
-0.845943
-0.057588
-0.519028
0.761589
0.734855
0.260659
-0.240822
0.816156
0.384869
0.830500
-0.883297
-0.950682
0.478561
-0.023408
-0.009674
-0.325297
-0.145665
-0.226295
0.862239
-0.382977
-0.704276
-0.482101
0.673269
0.776238
-0.243751
0.183874
0.702567
0.849422
-0.875607
-0.505478
0.268777
0.636341
-0.524155
-0.246254
0.437300
-0.967284
0.408185
-0.400922
-0.843989
0.714347
0.090732
-0.828608
0.970153
0.405133
-0.411176
0.332987
-0.262246
-0.298624
-0.753899
-0.761040
-0.830866
0.455916
-0.993042
-0.346355
-0.108676
0.835994
-0.380291
0.022492
-0.236549
-0.521897
0.807733
-0.151463
0.638722
-0.017853
0.159764
-0.336650
-0.708182
0.674978
-0.165197
0.112522
-0.122349
0.538987
-0.080905
-0.416791
0.751213
0.426069
0.062593
-0.443342
0.464095
0.958251
0.763543
0.182897
0.647633
-0.649464
0.693838
0.817621
-0.995239
-0.404035
-0.125278
-0.086886
0.095798
0.551439
0.054720
-0.230628
-0.087741
-0.076754
-0.687063
0.892026
0.834712
-0.863521
0.014435
0.833613
0.631703
-0.595935
0.418928
0.807611
-0.988220
-0.677541
-0.975036
0.372723
-0.179907
-0.860042
-0.995911
0.404828
0.687551
0.594287
-0.686514
-0.494064
-0.919370
-0.498337
0.201270
0.827509
0.818781
0.582568
0.916746
0.615589
0.659780
0.554918
0.220374
0.118442
-0.549425
0.907468
-0.958373
-0.888241
-0.630177
0.635670
-0.065096
-0.600513
0.361919
-0.790948
0.077120
-0.865108
0.172277
-0.568285
-0.092868
0.231727
0.157018
-0.375347
0.766717
0.007721
-0.452437
-0.506394
-0.559862
0.575488
-0.826533
0.338237
-0.157262
-0.811090
0.964171
-0.755547
-0.240394
0.407392
-0.032807
0.752312
0.633106
0.568529
0.252663
0.627125
-0.214209
0.353618
-0.557970
-0.804743
-0.955382
0.913205
0.123325
-0.720695
-0.526536
-0.723746
0.653615
0.673452
0.184057
0.388958
0.196020
0.817743
-0.068636
0.387677
-0.332865
-0.734489
-0.057833
-0.145482
0.262490
-0.405255
0.397748
0.323405
0.098483
0.584033
-0.696036
-0.950194
-0.225257
0.822748
-0.027009
0.932920
0.452010
0.443098
0.076144
0.141697
-0.314676
-0.888302
0.142613
-0.661794
-0.958739
-0.069857
-0.109958
-0.290262
0.297342
-0.211585
0.703482
-0.938353
0.693838
0.388104
-0.494919
-0.944151
0.444990
0.752068
-0.476180
0.223670
-0.072726
-0.670766
-0.428632
0.270241
0.562243
0.882687
0.413373
-0.197668
-0.949705
0.186560
-0.473067
-0.598071
-0.214393
-0.983398
-0.645619
-0.012848
0.225440
0.993469
-0.194922
-0.218177
0.239967
-0.804559
-0.915281
0.701041
-0.487716
0.893063
-0.206275
0.505539
0.414106
0.012848
0.989319
0.966552
0.312845
-0.164647
-0.095737
-0.451094
0.133335
-0.407575
-0.880978
-0.474471
0.901303
0.142308
-0.781732
0.839717
0.510178
0.168737
-0.548814
-0.719840
-0.570788
0.221046
0.732109
0.174902
0.209387
0.307230
0.941038
-0.217200
-0.679312
-0.750114
0.866451
0.552843
0.499191
0.509201
-0.217689
0.289468
0.685354
-0.738517
0.814447
0.907834
0.521836
-0.921140
-0.247414
0.582324
0.719535
0.950865
0.349345
-0.756890
-0.110752
-0.430952
-0.729484
-0.028230
0.713248
-0.762139
-0.681875
-0.987609
-0.556810
0.345500
0.293924
-0.337138
-0.049104
-0.186071
0.709281
-0.889157
0.553148
-0.855342
0.249794
0.911618
0.982665
0.877255
-0.380963
0.425886
-0.719901
-0.422163
0.971252
-0.906186
0.958922
0.309427
0.555101
0.177099
0.831904
-0.657521
-0.158849
-0.724662
0.307047
0.265969
-0.419294
-0.315592
0.064547
0.471725
-0.000824
-0.429365
0.577441
-0.367718
-0.901791
0.369060
0.761834
-0.814631
-0.613453
-0.498459
0.744072
0.026948
0.165990
0.041536
0.215369
-0.814814
0.281411
-0.223365
-0.628712
-0.273476
-0.176122
-0.953063
0.975219
-0.061922
0.446150
0.094028
0.504868
-0.222022
0.551134
-0.742912
-0.266640
0.058565
-0.287820
0.833552
0.166845
0.991211
0.625050
-0.600024
0.930540
0.071566
0.407025
-0.848140
-0.218970
-0.358074
-0.555284
-0.845820
0.561754
-0.764336
0.028474
0.999145
0.985168
0.898129
0.973693
0.084323
-0.776543
-0.400250
-0.715690
-0.067843
0.844295
-0.358684
0.765740
0.131199
-0.244362
-0.143773
0.082369
0.559801
0.651540
0.262856
-0.829646
0.582446
0.501816
0.924009
-0.765618
-0.905087
0.214881
-0.822748
-0.229896
0.619068
0.404035
0.235694
0.574023
-0.864925
0.211768
0.846797
0.039766
-0.046052
0.105136
-0.645070
-0.287210
0.205054
-0.455794
0.106479
-0.767327
-0.465682
-0.408002
-0.802057
-0.056856
0.415510
0.238319
-0.361736
0.345683
0.906980
0.292947
-0.576647
0.418683
-0.639943
-0.608570
0.609668
-0.559069
-0.836604
-0.753655
0.558763
0.813227
-0.150365
-0.595019
-0.812616
-0.262551
0.343181
-0.564501
-0.126560
-0.390606
-0.925962
0.204627
-0.807428
0.599963
0.098910
-0.043794
0.970946
0.957091
-0.517014
-0.243629
0.570299
-0.711661
-0.664846
-0.624622
0.236915
-0.664418
-0.452132
0.314920
-0.817866
0.447249
0.265114
-0.331889
0.933531
-0.144627
0.296670
-0.691275
-0.953307
0.035615
-0.753716
0.204749
0.037812
-0.208472
0.838252
-0.044893
-0.477279
-0.125462
0.412152
0.249367
0.954344
0.376202
-0.156713
0.658559
0.439314
-0.824396
-0.316813
0.059114
0.439314
-0.323832
-0.000763
-0.273782
0.835078
-0.261635
-0.772393
-0.485885
0.655080
-0.185278
0.702261
0.184851
-0.192114
0.126560
-0.588855
0.416852
0.483810
-0.609241
0.415571
0.202368
0.371014
-0.986084
-0.524827
-0.241737
-0.601672
0.242714
0.832026
-0.330607
0.938902
0.709708
0.641285
-0.118442
-0.577258
-0.322977
-0.435774
0.326090
0.486862
0.668691
0.217322
0.403058
-0.499313
0.857112
-0.144139
0.743034
-0.570727
-0.562426
-0.576891
0.076022
-0.381024
-0.439192
-0.509140
0.774957
0.495956
0.634754
-0.980346
0.968566
0.969237
-0.298257
0.060091
-0.809442
-0.718802
0.598682
0.945616
0.017914
0.358135
0.068148
-0.265542
0.498581
0.330973
0.008576
-0.013092
0.413739
0.059175
0.200049
-0.232582
0.331462
0.497299
-0.858882
-0.754204
-0.976196
0.206214
0.500595
-0.035493
0.282815
-0.875729
0.830195
-0.094333
0.171850
-0.652821
0.290628
0.490707
0.551805
-0.957518
0.158116
0.320048
-0.287332
-0.041353
-0.492965
-0.893307
0.667653
0.127293
-0.964110
0.096408
-0.559374
0.540574
-0.949705
-0.686087
0.251503
-0.827204
-0.910520
-0.190588
-0.715323
0.361858
-0.425703
-0.907590
0.368999
-0.102634
-0.934385
-0.711966
-0.680044
-0.129307
0.214087
0.622669
0.153111
0.866207
-0.649159
0.441084
-0.033784
-0.745720
0.509445
0.023164
0.188879
-0.109348
0.440779
0.304910
0.841365
-0.373333
0.522263
-0.557848
0.215552
0.379803
0.089267
0.450362
0.192541
-0.697806
0.856746
0.396466
-0.902158
0.772881
-0.388226
0.886166
-0.841487
-0.191321
-0.754204
-0.795770
0.305033
0.159215
0.032197
0.470382
-0.948607
0.407453
-0.262856
0.987304
-0.735771
-0.000702
-0.420637
-0.340617
-0.252541
-0.574816
0.976806
-0.412641
-0.738517
-0.618213
0.500534
0.610828
0.961791
-0.282327
0.812555
-0.721244
0.205908
0.919553
0.212317
0.290262
0.733024
-0.676565
0.540941
-0.027558
0.711112
0.151585
-0.495407
-0.444929
-0.665883
0.539659
0.079928
0.709220
0.724418
-0.618946
-0.248085
-0.799371
0.655873
0.719535
-0.209449
-0.899716
-0.029023
0.772576
-0.403729
-0.895260
0.759331
0.369366
-0.781671
-0.814264
-0.897519
-0.343974
0.058260
-0.359722
-0.717643
0.375835
0.577136
-0.642384
-0.522813
-0.940550
-0.648671
-0.405255
-0.823115
-0.315958
0.609973
-0.513108
0.600391
-0.478256
0.839534
0.873531
-0.700980
0.931028
0.474410
-0.815363
-0.738945
-0.822687
-0.389874
0.097446
-0.884335
0.789605
0.077242
0.672720
-0.601611
-0.969115
-0.787835
0.763115
0.600085
-0.923276
0.924986
0.149144
0.120029
0.583666
0.586962
-0.520127
-0.527879
-0.972900
0.553148
-0.346232
0.898434
-0.324503
0.033418
0.252541
-0.432600
0.092685
0.808222
-0.182958
0.266762
0.633900
0.489669
-0.027741
0.870479
0.698233
0.736930
0.653737
-0.894223
0.131260
-0.714164
-0.467574
-0.224647
0.936460
-0.113498
0.786248
0.921140
0.718619
0.843501
0.313761
-0.162999
0.923215
-0.570666
0.406598
-0.347087
0.997131
-0.190283
0.571520
-0.918577
0.456038
0.431745
0.923460
0.687002
0.830073
0.510849
-0.432051
0.662404
0.623035
-0.598193
-0.211707
-0.156102
-0.076388
0.632740
0.435041
-0.160558
-0.081271
-0.143651
-0.212317
0.517258
-0.834590
0.489853
-0.398724
-0.027680
0.225684
-0.101169
0.993164
-0.627613
-0.690664
0.008820
-0.317301
-0.170568
0.544847
-0.203772
0.249489
0.451460
-0.371563
0.623157
0.187841
-0.562670
0.596728
0.714530
-0.918638
0.350383
-0.732414
-0.627857
-0.044160
0.190893
0.616688
0.454817
-0.190222
0.319010
-0.537950
-0.449507
-0.008209
0.238319
-0.633717
-0.869198
0.847102
-0.650502
0.674123
-0.528428
-0.392376
-0.098178
0.800714
0.450056
0.011505
-0.624378
0.616260
-0.657582
-0.367473
0.820307
0.023896
-0.274819
0.947630
-0.116977
-0.933592
-0.043733
-0.581469
-0.714042
-0.030000
-0.783929
0.485641
0.852901
0.248695
-0.377606
-0.351848
0.966369
0.317484
0.739494
0.772698
0.926695
-0.249367
-0.447920
-0.539476
-0.607593
-0.108005
-0.687857
-0.769280
0.718497
0.358989
-0.540391
0.765679
-0.396039
0.059114
0.043794
-0.103732
0.764397
0.111606
-0.375347
-0.294412
0.810663
0.967895
0.169164
-0.154637
-0.220801
0.226966
0.816034
-0.064730
0.636341
-0.780938
0.992126
-0.521226
-0.181738
-0.681875
0.413739
0.517197
-0.850642
-0.542039
-0.746330
0.492416
0.710318
-0.701956
-0.817255
0.233924
0.358379
-0.441023
0.289224
-0.547227
-0.217811
0.787835
-0.368572
0.802728
-0.347575
-0.109409
-0.560839
0.954283
0.451460
-0.127232
0.987243
-0.624073
0.371929
-0.168676
0.254616
-0.162511
0.994140
-0.223792
-0.952879
-0.739799
0.459334
-0.412397
0.558763
0.994263
0.703848
-0.578478
-0.139866
0.073214
0.652699
0.794183
-0.788263
0.923338
0.405744
-0.169408
0.579760
0.391949
-0.954039
-0.144871
-0.107700
0.961852
0.846553
-0.017243
0.118564
-0.169042
0.787530
-0.388043
-0.127598
0.490036
0.953307
-0.355449
0.796136
-0.296976
0.542100
-0.604724
-0.647877
-0.542467
-0.996216
0.332499
-0.508042
-0.105197
0.707938
-0.354778
0.661733
0.453291
0.567186
0.292520
-0.148350
0.195349
0.617725
0.565661
0.526841
-0.816034
-0.308451
-0.757012
0.769890
0.699759
0.981017
-0.828730
0.224830
0.928220
0.429426
-0.219275
-0.163244
-0.344707
0.975890
0.817255
0.127720
0.463729
-0.619373
0.094943
0.170141
-0.059725
-0.286905
0.853633
-0.697806
0.199255
-0.451033
-0.389508
-0.781915
-0.391644
0.030610
-0.991394
0.648549
-0.627003
-0.806757
0.373150
-0.413617
-0.469100
0.379376
0.833918
0.922971
0.027375
-0.905271
-0.764885
-0.777520
-0.643544
-0.201636
0.517014
-0.828486
-0.109165
-0.259072
-0.456099
0.550218
-0.166234
0.882015
-0.278054
0.584643
0.718497
-0.111179
-0.080294
0.667348
-0.992737
0.416364
-0.085421
-0.658010
0.299722
-0.739006
0.735466
-0.660817
-0.207434
-0.320780
-0.772942
0.185949
0.880184
-0.955321
-0.916807
-0.521104
0.165380
0.967284
0.063265
0.602588
0.922849
-0.951231
-0.003265
-0.095492
-0.451888
-0.317972
0.903562
-0.156407
0.736442
-0.260537
-0.122044
0.572314
0.613208
0.833491
0.421918
0.575304
-0.567980
-0.453841
0.278481
-0.415265
0.195898
-0.938902
-0.608203
-0.850826
0.470504
0.833857
0.025605
0.485214
0.393719
-0.540025
0.099094
0.115329
0.247475
0.842586
0.757073
-0.058504
-0.383282
-0.753410
0.874142
0.916501
-0.038362
-0.128513
0.812189
-0.601550
-0.357280
0.089450
0.856807
0.564135
0.848079
0.422895
-0.208960
-0.239051
-0.561937
0.952940
-0.064974
-0.166356
-0.460860
-0.424665
-0.420209
0.144810
0.859981
-0.882199
0.773064
-0.984313
-0.655507
-0.147069
-0.464949
0.486007
0.401166
-0.299600
