-0.411237
-0.172094
-0.851985
0.921995
0.814203
-0.048372
0.935301
0.461226
-0.673940
0.466353
0.009674
0.652272
0.330363
0.475936
-0.986145
-0.787225
0.562914
-0.305399
-0.432905
-0.322367
0.069002
-0.505234
-0.447798
-0.651051
0.172643
0.143956
0.045198
-0.560595
0.939512
0.692129
0.226661
0.237587
-0.259926
-0.555040
-0.355449
0.964599
-0.035188
0.035554
-0.096164
0.970763
-0.596606
0.004425
-0.072542
-0.396039
0.864620
-0.289163
-0.140233
-0.876217
-0.751762
-0.440413
-0.890072
0.398968
0.048250
-0.358684
0.708365
-0.829829
0.341960
-0.240516
-0.355022
-0.207007
-0.454146
0.556932
0.281655
-0.629017
0.478317
-0.654714
0.495041
-0.396832
0.472091
-0.496445
0.813349
0.377056
-0.980834
0.352458
-0.350261
-0.957152
-0.348247
0.687674
-0.131932
0.137669
0.329569
-0.008942
-0.515122
-0.327433
0.445906
0.315836
0.878231
-0.557115
-0.018464
0.152318
-0.275491
0.462874
0.966552
-0.444807
-0.817255
0.106052
-0.947264
-0.995605
0.761467
-0.269936
-0.571337
0.969970
-0.883786
-0.868221
0.763970
-0.228248
0.389447
0.066378
0.055330
-0.823664
-0.141270
-0.375591
-0.682546
0.547716
0.071871
0.672353
-0.315836
-0.793817
0.902707
-0.240883
-0.233070
0.168004
0.194067
0.466903
0.038789
-0.173742
-0.769463
0.932676
-0.210974
-0.207678
-0.913816
0.266518
0.002411
0.734733
0.710746
0.189184
-0.238441
-0.424604
-0.011994
-0.125462
0.878231
-0.698233
0.357646
0.236366
0.491256
0.341899
-0.253883
0.833857
0.455428
0.760186
0.434797
0.745903
0.959777
-0.869198
0.240638
0.602222
0.663747
-0.747307
-0.160619
-0.620655
0.938963
0.556261
-0.041841
-0.742546
-0.131443
0.764702
-0.693838
-0.948668
-0.745293
0.801935
-0.994201
0.275430
0.887082
0.776910
0.146336
0.151708
-0.202490
-0.989563
0.107761
0.597949
0.267006
-0.200964
-0.326334
-0.012482
-0.791742
-0.152196
0.219337
-0.385052
0.136570
0.873775
0.224403
0.430036
0.619007
0.722648
0.849788
0.922422
-0.818171
-0.126560
0.795343
0.405622
-0.972045
0.071383
-0.830134
0.873470
-0.735954
0.995727
-0.505966
-0.981323
0.691824
-0.438704
-0.361797
0.004730
-0.906369
-0.904477
0.426557
0.585009
0.810907
-0.758721
-0.166234
0.212256
-0.461043
-0.425153
0.991882
-0.675527
-0.500351
-0.601245
-0.440901
-0.317728
-0.751762
-0.654775
-0.355388
-0.610279
0.443342
0.230140
-0.550096
0.889706
-0.344340
0.261513
-0.807184
0.643971
0.388653
0.432783
-0.647694
0.929563
0.594043
-0.060762
-0.821711
0.296365
0.181127
0.113987
0.256508
0.448469
0.414045
0.421369
0.199072
-0.869015
0.184790
0.837519
0.695486
-0.967772
0.391522
0.080294
-0.066744
0.809870
-0.771294
0.895199
-0.127781
-0.288003
0.293619
0.421003
0.801141
0.924558
-0.592700
0.731010
-0.271828
-0.275185
-0.596545
0.998169
0.866085
-0.373821
-0.730338
-0.731925
0.641530
-0.994873
-0.404523
0.451949
0.134312
-0.559557
-0.204688
-0.915464
0.615772
-0.438704
0.299112
-0.876339
-0.161596
0.905026
-0.482406
-0.623707
-0.117649
0.109348
0.259926
0.701651
-0.430342
-0.111606
-0.634083
-0.732047
0.729911
-0.095676
0.432966
0.009308
-0.685659
0.446455
-0.427900
0.063265
-0.852229
0.441694
0.507431
0.882199
-0.087069
-0.959105
-0.927427
-0.324503
0.949583
0.030915
-0.918394
0.016694
0.665090
-0.487960
0.499313
0.546800
-0.778985
0.425947
0.496078
0.783380
0.825190
0.410321
-0.957884
-0.412397
-0.328043
0.342204
-0.060091
-0.134739
-0.057711
0.717582
0.776543
0.359294
-0.285623
-0.210730
-0.592761
0.465011
-0.775201
-0.327372
-0.296731
0.899838
0.941832
-0.589587
0.190954
-0.406171
0.790216
0.456221
-0.336100
0.652272
0.737175
0.979736
0.843806
0.507431
-0.214148
0.970946
0.951842
0.992920
-0.009125
0.806146
0.972472
-0.804437
-0.579577
0.730461
0.720878
0.118625
-0.768731
-0.593310
-0.796625
0.217322
-0.352153
0.557726
0.268899
-0.610340
0.476119
0.020539
0.212012
0.986206
-0.737907
-0.537889
0.930479
-0.216773
0.589770
-0.398602
0.786920
-0.425581
0.541490
-0.807428
-0.359172
-0.044343
-0.332987
0.365459
0.232215
0.202979
0.997559
-0.301553
0.288858
-0.033662
-0.863521
0.507431
0.703848
-0.780084
0.999207
-0.062410
-0.342448
0.420576
-0.798578
0.720817
-0.051241
-0.155736
0.236061
0.191504
-0.669668
-0.464522
0.575915
-0.470382
0.356243
0.789178
-0.987976
0.749931
-0.917417
-0.979675
-0.565416
-0.863155
0.784234
-0.708975
-0.786554
0.391095
0.672048
0.992370
0.371441
0.194555
-0.079867
-0.291910
-0.416242
-0.413495
0.268288
-0.645619
-0.373577
-0.668691
-0.545030
0.183691
-0.896054
-0.666494
-0.980834
-0.020295
0.213721
0.068697
-0.192541
-0.320963
-0.836299
0.960997
-0.982910
-0.476608
-0.034883
-0.302713
-0.897214
0.268410
-0.576891
-0.676138
-0.197546
0.643300
0.145787
0.221595
0.296976
-0.219886
-0.408734
-0.788812
0.821284
0.852168
-0.851924
-0.844478
-0.112156
-0.268960
0.421857
0.999145
-0.209815
-0.020234
0.762017
0.954588
0.943358
0.969481
0.833308
-0.926145
0.468307
0.437300
0.098178
0.119053
0.434980
-0.250954
-0.614002
-0.511521
0.869381
-0.860469
-0.541917
-0.244728
-0.603687
0.237403
-0.792535
-0.059359
-0.052889
-0.161046
-0.800897
-0.965026
-0.075289
0.162206
-0.681265
0.175817
0.344157
-0.038362
-0.160924
-0.708121
0.771722
0.028718
0.089999
0.756951
-0.494064
0.200049
-0.355266
0.402387
-0.446211
-0.519883
0.200354
0.792230
-0.323466
-0.631642
-0.133946
-0.503891
0.505356
-0.450545
-0.161168
-0.775994
0.290567
-0.780023
-0.622974
-0.044893
0.867733
-0.318583
0.020356
0.285501
0.298135
-0.825434
-0.017975
0.432600
0.136448
-0.487045
0.944456
0.873043
0.566149
-0.412946
0.898129
-0.300394
0.824030
-0.769585
-0.412152
-0.067110
-0.568651
0.381695
-0.768059
-0.879147
-0.171484
0.256874
0.981811
0.574572
0.504624
-0.287027
-0.451155
0.548143
0.586962
-0.704215
0.351238
-0.720756
-0.542711
0.953490
0.315897
-0.347575
-0.927366
-0.879635
0.431806
0.544237
0.203711
0.339702
0.792413
-0.235755
-0.916318
-0.945677
-0.533372
-0.342326
0.982177
0.196509
-0.205420
-0.486373
0.953246
0.105441
-0.096835
-0.772271
0.444990
-0.955748
-0.171911
-0.204688
-0.912839
-0.946348
-0.245277
0.988220
-0.457930
-0.046419
-0.363140
-0.630970
0.907834
-0.058870
0.602893
-0.442000
-0.290994
-0.485824
0.877194
-0.192175
-0.982116
0.022797
-0.201636
0.704337
0.128819
0.330546
-0.420759
-0.436018
-0.670339
0.473312
-0.746147
-0.177404
0.516526
-0.469527
-0.856929
-0.836543
0.289224
0.199499
-0.614185
-0.624073
0.219764
0.377300
-0.473556
-0.932432
-0.363933
-0.050874
0.702689
0.091464
-0.240333
-0.807917
-0.985839
0.024384
0.717887
-0.742485
-0.413312
-0.030061
-0.438276
-0.293313
0.584887
0.394024
0.920042
0.466292
-0.811457
0.553209
0.105808
-0.331523
0.666494
0.202673
-0.201697
-0.011628
0.986694
-0.207862
0.877804
-0.170080
0.346721
0.724052
0.548387
-0.154881
0.634144
-0.531785
0.608448
0.012848
0.005829
0.078402
-0.457808
-0.503159
0.898740
-0.063570
0.554735
0.233070
-0.819514
0.413068
-0.822748
-0.269692
-0.252174
0.239967
0.719291
0.382672
-0.278420
0.168920
0.127354
0.456343
0.197729
0.878536
0.106967
-0.230323
-0.622547
-0.323099
0.439924
0.312357
0.702506
-0.531541
0.994079
0.226844
-0.440657
-0.806269
0.136326
0.200476
0.453108
0.303140
-0.786798
-0.742424
-0.837214
-0.880428
-0.806574
-0.126865
-0.019379
0.686880
0.305521
-0.388104
0.503281
-0.039338
-0.634083
0.748955
-0.984497
0.090243
-0.012848
0.493210
0.715201
0.640553
0.138890
-0.285318
-0.707266
-0.681570
-0.367473
0.127293
-0.223243
-0.582507
0.866024
-0.785089
-0.263710
-0.233192
-0.902524
0.844417
0.209265
0.658376
-0.610462
0.476730
-0.427351
0.051546
0.695791
0.482040
0.978027
0.311930
-0.958251
-0.433943
0.261574
-0.569506
0.661672
0.326090
-0.550768
-0.539171
0.435652
0.719840
0.090732
-0.361064
0.577136
0.957945
0.018220
-0.504868
0.538560
0.106845
0.677419
-0.303323
0.414777
0.809259
-0.598376
-0.629810
0.308939
0.889279
-0.070589
-0.447737
0.738273
-0.581530
-0.654469
-0.032258
0.020356
0.015656
-0.637562
-0.183630
0.502060
-0.468917
0.340251
0.039216
-0.899411
-0.720573
-0.357952
-0.294168
0.909726
0.078463
-0.970336
-0.096164
0.560350
0.101474
-0.057405
-0.098300
-0.285623
-0.709342
0.570849
-0.937925
-0.488998
0.394086
0.013215
-0.253639
-0.990112
-0.384747
0.826838
0.363323
0.922056
-0.741997
0.976135
-0.072542
0.580065
0.456282
-0.195166
0.149327
0.336283
0.242897
0.663381
-0.024140
-0.383099
-0.722098
-0.762871
-0.966674
0.033601
-0.703177
-0.231971
0.394269
-0.465743
-0.884640
0.586047
0.503403
-0.390851
-0.120945
-0.551195
-0.144627
-0.584460
-0.037568
-0.617847
-0.398724
-0.797052
-0.478011
-0.700735
-0.409589
0.454390
-0.554491
-0.800958
-0.093234
0.318216
0.609607
-0.123386
-0.147801
-0.796625
0.070345
-0.373577
0.272439
0.061068
0.227393
-0.246376
-0.168188
0.101840
-0.046846
-0.625599
-0.393597
-0.545640
-0.235572
0.190649
0.077242
0.012360
0.632557
-0.463240
-0.901975
0.810114
-0.641957
0.792291
-0.507797
0.482650
-0.455061
0.883602
0.270058
0.791620
-0.156224
0.252968
-0.312296
-0.191748
0.827815
0.306864
0.860714
0.435774
0.849422
-0.395856
-0.790033
0.379864
-0.747795
-0.079073
0.387677
0.584887
0.082736
-0.840083
0.901120
0.386883
0.531053
-0.219459
-0.886288
-0.294534
0.064791
0.666311
0.938963
0.164403
-0.567797
0.502060
-0.150853
-0.486435
-0.616260
-0.047090
-0.264626
-0.027070
-0.643605
0.160680
0.835932
-0.492904
0.385662
-0.322428
0.666433
-0.393048
-0.958983
-0.888485
0.596057
0.399884
-0.856624
-0.957152
-0.665578
-0.604724
0.327250
0.407025
0.162023
-0.965575
-0.299844
0.828425
-0.543199
0.493271
-0.884091
0.812189
0.339091
-0.353313
-0.106052
-0.893490
-0.181860
0.173132
-0.325724
-0.182043
-0.924741
0.060823
-0.414472
-0.527573
-0.718986
0.392926
0.071078
0.957152
0.355693
-0.770074
-0.064547
-0.340556
0.321207
-0.046785
0.226356
-0.820917
-0.492721
0.216468
0.066256
0.430158
-0.510544
0.521409
0.891293
-0.330851
0.355022
0.613392
0.648976
0.366314
-0.378826
-0.744133
0.729850
0.554552
0.964232
0.795282
0.924436
0.605701
0.654653
0.444441
-0.532884
-0.604785
-0.863704
-0.403302
0.305216
-0.377422
-0.228004
-0.157201
-0.397931
0.360698
0.860408
-0.193396
-0.686209
-0.770074
-0.478927
0.269814
-0.096469
0.798639
0.020112
-0.491867
0.467208
-0.646596
0.227943
0.073702
-0.849544
0.338481
-0.515183
0.807184
0.842769
-0.980529
-0.812067
0.841670
0.631275
-0.755119
0.349284
0.092624
0.117161
-0.768487
0.445723
0.856136
0.410566
-0.298441
-0.122532
0.813288
-0.549852
0.585314
-0.138157
-0.103122
0.972350
0.480514
-0.339885
0.829829
0.511460
0.474044
-0.278420
-0.979919
0.405194
-0.766228
-0.290139
-0.789666
0.357768
-0.228919
-0.232154
-0.258095
0.258889
0.485763
0.115268
-0.968139
0.219764
0.728019
-0.918271
0.804498
-0.073153
0.629261
0.672781
-0.961241
-0.624683
-0.301126
0.143956
-0.012421
0.657888
0.833125
-0.165441
-0.151158
0.067721
0.344768
0.022858
-0.049287
-0.543443
-0.552782
-0.398053
-0.355998
0.415143
-0.550340
0.155736
-0.049959
0.819636
0.169774
0.793756
0.394208
0.409467
0.647938
-0.408063
0.365093
0.376629
0.842036
0.582202
0.865902
-0.563585
-0.677908
0.934751
-0.616749
-0.346171
-0.788018
0.479843
-0.153111
0.775689
-0.068575
-0.260475
-0.325419
0.855098
0.246193
-0.596850
-0.476730
-0.518967
-0.050630
-0.134800
0.544542
0.631520
0.212683
-0.259926
0.581164
0.805109
-0.335856
-0.388531
-0.237648
-0.018097
-0.743461
0.293924
-0.388836
0.752007
-0.062471
-0.407392
0.504196
0.955443
0.128086
0.641408
0.371563
-0.544237
-0.654775
0.136204
0.917112
-0.209937
0.850642
-0.854122
-0.685904
-0.902341
0.910825
-0.395367
-0.847285
0.156713
0.111606
0.411786
-0.193396
0.058504
0.802850
-0.186377
0.648976
0.883053
-0.505722
0.690298
-0.469955
0.888424
0.085604
0.986206
-0.815363
-0.222633
-0.528977
-0.328471
-0.228248
0.260537
0.552416
-0.776727
-0.241798
0.084323
0.285257
-0.873714
-0.992859
0.969054
0.189367
-0.714957
0.319315
-0.832942
-0.804254
-0.776238
-0.789789
0.038728
0.654469
-0.646840
0.251625
-0.732841
0.045503
-0.498093
-0.480636
-0.480453
0.255715
-0.546312
-0.751213
0.586718
-0.579638
-0.567919
-0.829585
-0.711905
-0.331828
-0.111118
-0.548875
-0.532212
-0.002899
0.066866
-0.368084
-0.423933
0.412030
0.033906
-0.190588
-0.671926
-0.568468
-0.872555
-0.219947
-0.631642
-0.943052
0.705557
0.095614
-0.962096
-0.644765
-0.478072
-0.521409
0.274453
0.024323
-0.765069
-0.475387
0.426313
-0.821467
-0.127903
-0.598498
0.402448
0.449385
0.503464
0.224403
0.762017
0.755974
-0.639027
0.101047
-0.617298
0.358318
-0.812555
0.528306
-0.197424
-0.145665
0.704703
0.408002
-0.730522
-0.633045
-0.984375
-0.163610
-0.833857
-0.640736
-0.126621
-0.817011
-0.731681
0.005524
-0.669668
0.784906
-0.877071
-0.851924
-0.097262
0.662648
0.275185
-0.087680
-0.946226
0.740471
0.871334
-0.188940
0.554918
0.332255
-0.012177
0.282022
-0.269448
-0.060213
-0.847591
0.823176
0.779229
0.104526
-0.951903
0.428755
-0.683401
-0.037996
0.156102
0.686453
0.124912
0.979675
-0.940489
-0.793329
-0.425459
0.185339
0.881893
-0.762261
-0.706351
0.761589
-0.998901
-0.911069
0.487106
-0.697867
-0.417646
-0.408918
0.443098
-0.367107
0.302164
-0.368999
-0.385174
-0.871090
0.891842
-0.632069
0.795099
-0.442000
0.564501
-0.405377
0.494797
-0.161412
-0.532579
0.251808
0.415815
-0.870968
-0.613392
0.806635
-0.156896
0.119785
-0.768792
0.832759
-0.664968
0.938353
-0.436445
-0.128208
-0.124119
-0.335368
0.663015
0.834712
0.842769
0.079806
-0.126438
0.110752
0.304178
-0.929441
0.124363
-0.825251
-0.851619
0.184668
0.254738
0.779595
-0.843623
-0.449263
0.260842
0.760491
0.841365
0.615589
-0.394818
0.454878
-0.955016
0.062532
0.439192
-0.811579
-0.286721
0.504257
-0.549181
-0.413007
-0.058565
0.186010
0.002960
-0.620106
0.756279
0.258644
0.120640
0.343486
0.244484
0.097018
0.787469
-0.833857
0.788018
-0.158544
0.785089
0.704215
-0.506638
0.182470
0.905698
-0.229286
0.028657
0.776238
-0.349528
0.021149
0.404645
0.183325
-0.562120
-0.443464
-0.449568
0.793756
-0.055940
0.554552
0.609119
-0.572436
-0.463301
-0.615101
0.250038
0.384320
-0.655934
0.311808
0.329081
-0.816279
0.740043
0.030305
-0.111850
0.336222
0.864010
0.425398
-0.981689
0.597156
-0.304666
-0.640309
-0.851497
-0.776299
-0.043611
-0.978942
0.603870
-0.048677
0.529099
0.191931
0.854122
-0.661306
0.126072
-0.378887
-0.757439
0.068880
-0.194617
-0.786737
-0.404889
0.074557
0.052278
0.400555
0.559069
0.392804
-0.271706
-0.201453
0.447981
-0.146886
-0.873959
-0.435408
0.663198
-0.973083
-0.661000
-0.268166
0.819941
0.853511
0.278787
0.825312
0.962279
-0.279153
0.646290
-0.430097
0.359050
-0.071871
0.248024
0.929563
0.210669
-0.595874
-0.484481
0.043794
-0.152501
-0.254982
-0.576708
-0.347697
0.958434
0.780206
-0.129795
0.932676
-0.771233
-0.483688
0.194433
0.226051
-0.433576
-0.108798
-0.292398
-0.895993
-0.168615
0.241005
0.896481
-0.183569
0.643971
0.124485
-0.934996
0.901669
-0.196997
-0.200354
-0.467574
-0.406598
0.217139
-0.559679
0.796686
0.645497
0.266091
0.327860
0.567003
-0.545152
0.796808
-0.302835
0.868465
0.893124
0.080050
0.418134
-0.442732
0.690847
-0.783807
-0.529954
0.931639
-0.223853
-0.874508
0.542161
-0.479293
0.586535
-0.372600
0.585070
-0.097690
0.512986
0.086825
0.417280
0.388043
-0.119785
-0.932188
-0.029145
-0.005402
0.267312
-0.884640
-0.306558
-0.345378
-0.016877
-0.036653
0.955199
0.184973
0.245460
-0.651723
-0.921384
-0.466720
-0.682546
0.716300
0.431257
-0.891598
0.497116
0.243751
-0.837092
-0.752861
-0.782403
0.665822
0.807733
-0.650563
0.846065
-0.674184
0.824824
-0.819575
-0.964049
0.593310
0.492538
-0.954283
-0.219764
-0.270363
0.429914
0.612659
0.626331
0.143590
0.657155
-0.686880
0.398236
-0.291055
-0.933409
-0.281045
0.382733
0.179601
0.036348
0.913205
0.873714
0.185217
0.063082
0.918455
0.018097
-0.210181
0.770684
-0.437971
-0.716300
-0.318827
0.197546
-0.320536
-0.774773
-0.772088
-0.692984
0.883908
0.508652
0.916562
-0.978759
-0.972839
-0.495224
0.911557
0.166295
0.971007
0.465682
0.855281
-0.442122
-0.487838
0.001434
0.712577
-0.121494
0.773431
-0.058138
-0.680349
0.687796
0.015473
-0.544176
-0.814631
-0.320597
0.848811
0.921690
0.210974
0.619739
0.498764
0.427900
0.813166
-0.076876
-0.615833
0.287454
-0.895566
-0.583422
0.252846
-0.548509
0.992370
-0.357463
-0.859737
-0.954344
0.262551
0.527085
-0.554369
-0.840815
-0.432173
0.398175
-0.162267
-0.405988
-0.850215
0.502365
0.295328
-0.684622
-0.329875
-0.157628
0.245399
0.965148
-0.890988
0.247841
-0.834651
-0.125156
-0.073763
0.442610
-0.500168
0.727348
0.537217
-0.456221
0.353435
-0.571947
0.969787
0.987609
-0.147740
-0.379498
0.276223
0.134434
-0.609180
-0.859432
-0.069552
0.551073
0.463179
0.050020
-0.770745
-0.985412
-0.372356
-0.153722
0.932066
-0.991699
-0.250710
-0.188818
0.009186
0.950255
0.500412
0.198035
0.299112
0.569018
0.096530
0.547899
0.953612
-0.063265
-0.715201
-0.898068
0.209510
-0.998962
-0.366863
0.853328
0.969359
-0.402142
-0.637806
0.344157
0.113559
-0.673086
-0.365337
-0.037141
0.173803
-0.987060
0.128574
-0.183081
0.277017
0.415143
0.857051
-0.452071
-0.920957
-0.191992
0.660573
0.464400
-0.941404
-0.622486
0.375347
0.920408
-0.696097
0.213355
0.992065
0.954283
0.650929
-0.373760
0.181921
0.507553
0.316080
0.813776
0.211890
0.689566
0.685476
0.809687
0.770562
-0.375042
0.765435
-0.752922
0.983520
0.843928
-0.917417
-0.356426
0.096408
0.849422
-0.208106
0.614917
0.445418
-0.238685
0.984863
-0.238746
-0.349895
0.213965
0.621632
0.710929
0.713370
-0.617908
0.540635
0.288430
0.395978
0.431501
0.794610
-0.861690
0.987487
-0.555589
-0.109836
0.708853
-0.687735
-0.035798
0.295206
-0.200171
-0.670766
0.456648
0.885311
-0.846065
0.449995
0.121677
-0.789178
-0.974303
0.908078
0.059542
-0.667226
-0.145482
0.018281
-0.626331
-0.898740
-0.536058
-0.579028
0.889767
0.748833
0.551683
0.289224
0.789056
0.045198
-0.419538
-0.300333
-0.528062
-0.676382
-0.556078
0.639882
0.008332
-0.801874
0.020295
0.592822
-0.981262
-0.185583
-0.227210
-0.128880
-0.926389
0.312906
0.657826
-0.908872
0.237037
-0.230323
-0.984436
-0.768914
0.270974
0.723991
0.693350
-0.672170
0.356548
0.695853
-0.725761
0.786248
-0.626453
-0.625111
-0.424848
-0.721061
0.167638
0.172643
-0.515305
0.256142
-0.487167
0.152501
0.000336
0.621021
0.968444
0.817621
0.972716
-0.099277
-0.612720
-0.895322
-0.340434
0.188574
-0.486801
-0.202002
0.810419
-0.007294
0.947813
0.260048
-0.131138
0.228736
-0.828242
0.752434
0.434248
0.482467
0.129246
-0.781915
-0.460494
-0.065218
-0.838496
-0.806391
0.110446
0.688528
-0.570055
0.023774
-0.722159
-0.387921
0.474654
-0.570421
-0.256874
0.468551
0.082308
-0.952513
-0.141758
0.601672
-0.512314
0.584704
0.636708
-0.608936
-0.687735
0.327677
-0.530869
-0.653859
0.263344
0.505417
0.720695
-0.283364
-0.891476
-0.686697
-0.026337
0.692007
-0.507187
0.536607
0.418806
-0.097507
-0.498947
-0.722526
0.579577
-0.822260
-0.460860
0.783746
-0.942259
-0.846187
-0.318949
-0.900449
-0.370708
0.147557
-0.970580
-0.220130
-0.968627
-0.835810
0.267373
0.597827
-0.700064
0.757988
0.283975
-0.962584
0.001007
0.592700
-0.750725
-0.358135
-0.999268
-0.364299
0.303995
-0.378643
-0.439985
-0.636952
0.778436
-0.234779
0.549608
0.030183
-0.516770
0.312540
0.282876
0.470748
0.326701
0.083102
-0.079562
-0.706778
0.239418
0.795221
0.786798
0.717215
0.128330
0.784417
-0.707694
-0.357707
0.356120
-0.191748
0.421430
0.308939
-0.871639
-0.843745
-0.104099
0.917966
-0.798639
0.386395
0.299295
-0.642994
-0.712149
0.497055
0.493515
-0.058504
-0.675405
-0.885556
0.564318
0.285684
0.289407
-0.075106
0.966613
0.715934
-0.386700
-0.015351
-0.482894
0.654408
0.886593
-0.301981
-0.981689
0.783685
-0.132542
-0.721915
0.759758
-0.760613
-0.661000
0.089633
0.469222
-0.067660
-0.960082
0.092074
-0.551012
-0.009674
0.108005
-0.266457
-0.475448
-0.482467
-0.997253
0.198889
-0.478011
0.183996
-0.073763
0.974914
0.033906
-0.717582
-0.243812
0.737480
0.774468
0.581408
-0.208655
-0.808039
0.981079
0.515183
0.027924
-0.321451
-0.106967
-0.216712
0.359966
0.001617
-0.983764
-0.767876
0.732902
0.095798
0.920469
-0.130100
-0.993469
0.558763
-0.929441
-0.285195
-0.498398
-0.264443
0.784478
0.579638
-0.292520
-0.377483
0.031831
-0.671316
0.786615
-0.480758
0.081881
0.630482
0.797235
0.269265
0.643300
0.749565
0.023957
0.723319
-0.302530
-0.076022
0.717032
0.444014
-0.540208
0.134068
-0.503281
-0.932066
-0.087008
0.863704
0.148228
0.318400
-0.875301
-0.292520
-0.924436
0.177953
0.156896
0.703299
-0.573351
0.355693
0.847957
0.389691
0.312296
-0.294656
0.177953
0.044588
-0.058809
-0.738395
0.834407
0.787896
0.690664
-0.409833
0.933958
-0.569140
0.213843
-0.765130
0.606922
-0.486251
0.062532
-0.802118
-0.305094
0.824885
-0.503769
-0.143895
0.573656
-0.542589
-0.648549
-0.636097
-0.846736
-0.194861
-0.918577
0.550645
-0.865413
0.678274
0.743583
0.790277
0.145665
0.354045
-0.194006
-0.024567
-0.814508
-0.458724
-0.687002
0.005951
-0.581347
0.327860
0.263527
0.722221
-0.545824
0.785333
0.780816
-0.262490
0.429670
0.665151
-0.447676
0.923582
-0.351665
-0.464522
0.730033
0.642140
0.546312
0.543870
0.974181
-0.858943
-0.078829
-0.683828
-0.054353
-0.249245
0.910459
-0.583850
-0.550462
-0.308023
0.013703
0.061495
-0.686819
0.168310
-0.986633
0.377422
0.277322
-0.821711
0.529344
-0.284951
-0.282327
0.501755
0.372906
-0.720145
0.466231
0.677602
-0.969665
-0.128941
0.079501
0.355998
0.856197
0.487228
-0.038423
-0.516465
-0.951292
0.330180
0.162450
-0.602954
-0.140782
-0.282144
0.402875
0.365215
0.756401
-0.046480
-0.979125
0.790582
0.437544
0.688650
-0.181494
0.393780
-0.328776
-0.056856
0.297769
0.877316
-0.276833
0.902402
-0.124729
-0.981567
0.894894
-0.552782
0.722037
-0.695669
0.115329
0.482894
-0.867428
-0.274270
-0.796869
0.127415
-0.935972
0.488083
0.344157
-0.187353
-0.272744
-0.804010
0.522324
0.718558
0.894894
-0.417219
-0.418500
0.776605
-0.033906
0.924131
-0.482406
0.178442
-0.637501
-0.390912
0.528550
-0.431440
-0.182043
0.135838
0.917844
-0.487289
-0.258461
0.102329
0.350810
0.803705
0.440352
0.702078
0.804132
-0.609485
-0.344829
0.283547
0.214270
0.974548
0.882565
0.565416
0.927427
0.679556
0.992370
0.687063
-0.349528
-0.528062
-0.706778
-0.456343
0.469649
-0.574755
0.636952
0.035432
-0.120151
0.478744
-0.686880
-0.512436
0.605823
0.284951
-0.508896
-0.455672
0.840327
0.329814
-0.061007
-0.055940
0.598926
0.762505
-0.784417
-0.250038
0.959532
0.424787
-0.264260
0.721671
-0.707999
-0.194067
-0.529160
-0.906552
-0.829096
0.485336
0.422895
0.589831
0.707633
0.663686
0.499130
-0.837947
-0.924009
0.416730
0.695975
0.070406
0.325968
-0.512741
0.085055
-0.166845
0.423688
0.806879
-0.211707
0.820124
0.737968
0.298441
-0.198096
-0.467635
-0.765923
0.855892
0.171789
0.988525
0.547533
0.819269
-0.432783
0.522202
-0.578845
0.848933
0.240455
-0.627186
-0.203467
-0.048799
0.440352
0.171239
-0.623218
-0.924680
0.549669
0.124973
0.154881
0.780694
0.485885
0.916868
-0.645924
-0.579394
0.412763
0.370830
-0.393353
0.418256
0.367290
-0.830439
0.436506
-0.103610
-0.544969
-0.300150
-0.805231
-0.747368
0.566393
0.367962
0.742119
-0.444197
0.308145
0.141881
0.621693
-0.943419
-0.080905
-0.562731
0.944823
-0.296609
-0.577319
0.368755
0.395917
0.801569
0.984497
0.302042
0.716788
-0.197119
0.048494
-0.378948
-0.981140
-0.202002
-0.407758
-0.302591
0.657155
-0.927488
-0.513230
-0.936338
-0.849116
0.283303
-0.731559
0.885861
0.183691
-0.562487
0.874264
0.915464
0.639698
0.176183
-0.574633
-0.051057
-0.968993
-0.764946
-0.564196
-0.243141
-0.593616
0.803827
0.951476
-0.680471
0.665822
0.908628
0.793207
0.002228
-0.020600
0.683645
-0.790826
-0.623890
-0.826106
0.632008
0.461837
0.935484
0.006317
0.485397
-0.383465
-0.966124
-0.134922
-0.924741
-0.120579
0.509140
0.850398
0.586352
-0.196631
-0.103488
-0.744865
-0.743278
0.274758
0.754997
-0.612049
-0.161718
-0.902585
0.104526
0.036592
-0.450240
-0.042879
-0.389142
-0.305033
-0.249672
-0.627979
-0.366008
0.646657
-0.291665
-0.538316
-0.360454
0.268105
0.199499
-0.653005
-0.748283
-0.547105
-0.303323
-0.430036
-0.757500
-0.328532
-0.394269
0.726676
-0.039766
-0.986084
0.191748
-0.109897
-0.488449
0.575976
0.703177
0.395917
-0.233619
-0.293558
0.818659
0.585559
0.841914
-0.338237
0.095431
-0.478561
0.058565
-0.667592
0.126438
-0.407270
-0.984497
0.621509
-0.400189
-0.992492
0.713919
-0.935667
-0.690237
-0.141697
-0.352886
-0.335368
-0.044649
0.973266
0.028657
-0.830195
0.506394
0.611438
0.989135
0.633778
-0.953917
0.578478
0.251137
-0.932737
-0.378155
0.199744
-0.769341
-0.315104
-0.398358
-0.118625
-0.647267
-0.259987
0.141270
-0.264992
0.599170
-0.781793
-0.704764
0.329875
0.440291
-0.392193
-0.425031
-0.891903
0.703787
0.900571
0.225440
0.038301
0.177526
-0.181310
-0.453658
-0.343608
0.298990
-0.344279
-0.709891
-0.538011
0.635121
0.898984
-0.631581
0.331095
-0.602893
0.512558
-0.973693
0.782403
0.328043
0.887387
0.152257
-0.273049
0.395550
-0.143406
0.044221
0.985351
-0.564318
-0.047456
-0.800592
-0.243263
0.596484
-0.153356
-0.448225
-0.075961
-0.514023
-0.531053
-0.478378
0.122532
-0.842219
-0.615040
-0.108982
0.524339
0.867489
-0.679006
0.572192
-0.187292
-0.984985
-0.783624
0.035676
0.771111
0.638844
-0.198035
0.812067
-0.252541
0.879208
-0.419904
-0.235511
0.409345
-0.205298
0.417768
0.897397
0.886410
-0.158910
-0.413495
-0.919370
-0.645680
-0.921934
0.317118
-0.550645
0.181494
0.151524
0.065523
-0.866024
0.191748
-0.071932
0.609424
0.881893
-0.301187
-0.083895
-0.653066
0.007416
0.314982
0.676870
0.051790
-0.899838
-0.288491
0.452071
0.899899
-0.387249
0.817621
0.561083
0.270058
0.844783
0.841182
0.909360
-0.449202
0.577807
0.857112
-0.919309
-0.874935
-0.819819
-0.890744
-0.614673
0.741386
-0.171667
-0.021577
-0.533433
0.859371
0.534165
-0.554735
-0.894955
0.784906
-0.155614
-0.931639
0.454451
-0.319498
-0.996948
0.482162
-0.029084
0.639088
-0.923399
0.727470
0.886715
0.877682
0.754631
-0.666311
0.760674
0.395428
0.479049
0.510483
0.293374
-0.854183
0.298013
0.277505
-0.067537
-0.920225
0.655812
-0.850093
-0.786431
-0.743034
0.895749
0.531175
-0.497238
0.030915
-0.042573
0.749077
0.840571
-0.582324
0.110446
-0.623402
0.837519
0.343913
0.401593
-0.794916
-0.678701
0.138707
0.830866
0.682180
0.457015
0.314676
0.970763
0.721000
0.567492
0.038179
0.125889
0.482345
0.572497
-0.080966
0.669790
0.232521
-0.371136
-0.753044
0.943541
-0.672048
0.810907
0.752434
0.389996
0.384930
-0.445845
0.215674
-0.859859
0.896420
-0.740959
-0.297586
0.279458
0.830012
0.481735
0.612293
0.085360
0.139500
-0.421369
-0.810846
-0.086947
0.060274
-0.038423
-0.088229
-0.782403
-0.453047
0.369854
-0.339335
0.650868
-0.431013
-0.332804
0.714286
0.282327
0.400555
-0.648549
-0.924558
0.436079
0.641591
0.261879
0.733940
-0.267434
0.247902
-0.905454
-0.457442
-0.573229
0.314005
0.741935
-0.485275
0.013153
-0.177465
0.762017
0.752007
0.055208
0.390301
0.941221
0.258522
-0.722831
-0.611255
-0.192602
-0.182409
-0.689138
-0.702628
0.265297
-0.715629
-0.610828
0.209815
0.039766
0.576525
-0.087130
-0.232521
0.132115
-0.610828
-0.278481
-0.885861
-0.063875
0.138768
0.845515
-0.655507
0.010773
0.999145
0.069552
-0.385296
0.204688
-0.293863
0.423627
0.533372
-0.404767
-0.846858
0.597766
0.029023
0.593738
-0.691580
-0.748650
-0.707450
-0.670522
-0.152806
-0.955138
0.889157
-0.365642
0.088595
-0.355388
0.960936
-0.987854
-0.625660
-0.705496
0.047334
-0.419782
-0.019501
0.405805
0.993286
0.593188
0.605823
-0.618397
0.989380
0.299783
0.921751
0.549303
-0.110508
-0.447432
-0.093234
-0.804010
-0.650014
0.963439
-0.098972
0.352397
0.514695
0.184484
-0.542100
-0.840815
0.586474
-0.460494
-0.437727
-0.316263
-0.042390
-0.635426
-0.124912
-0.249489
-0.848994
-0.488998
0.162145
0.378094
0.234535
-0.424421
0.773858
0.835505
0.830805
0.950499
0.946471
-0.579211
0.527757
0.855831
0.782281
0.022858
-0.334086
-0.987732
-0.693594
0.724296
-0.011689
-0.120701
-0.598071
-0.409040
-0.093173
0.305826
0.176061
-0.140233
-0.119175
-0.726432
-0.178014
-0.721915
0.288980
0.278848
-0.282571
0.506760
-0.031770
0.375286
0.783319
0.057527
0.718436
-0.268899
-0.855892
-0.247414
-0.483444
-0.093417
-0.244911
0.018952
-0.033479
-0.457747
0.321451
-0.553148
-0.132969
0.201209
0.327860
0.571703
-0.692679
0.076266
0.494552
0.438093
-0.574694
-0.850703
-0.632008
0.872005
0.494125
-0.157750
-0.327189
-0.281289
0.756890
0.074984
-0.644520
-0.677908
-0.813410
-0.092929
0.977783
0.014924
-0.242470
0.161473
0.259438
0.722648
-0.650746
0.168004
0.665212
-0.466720
0.848384
0.674673
0.434370
-0.362346
0.906674
-0.913572
-0.985107
0.105564
-0.480697
-0.751701
0.316630
-0.661916
0.845210
-0.080905
0.936155
0.966735
0.035310
0.465743
0.886898
-0.338908
-0.006867
-0.967101
-0.084506
0.602893
-0.470504
-0.962645
0.417280
-0.925596
-0.938536
-0.855220
0.969420
0.937071
-0.162816
0.614978
-0.847163
-0.130467
0.342021
-0.924375
0.577807
0.789422
-0.393292
-0.666250
0.413373
-0.691885
0.610096
0.549425
0.663930
-0.778314
0.666128
0.415387
0.645253
-0.406720
0.627796
0.439802
-0.505905
-0.546068
0.932493
-0.358013
-0.448347
0.048982
-0.355937
0.697073
0.576220
0.434492
0.013398
0.711295
-0.275979
0.902951
0.003204
-0.607532
-0.144200
-0.270180
0.457259
0.129063
0.479171
0.196020
0.633473
0.983215
-0.008881
0.478561
-0.525254
-0.855525
0.633412
-0.639332
0.320170
0.430280
0.919736
-0.852290
-0.307779
0.644093
0.951720
-0.189184
0.283731
0.435591
0.916868
-0.133030
0.267617
0.265725
0.441694
0.023835
-0.628162
0.909238
-0.631642
0.771172
0.142186
0.273171
-0.087252
-0.450972
0.940794
0.696951
0.931822
-0.618885
0.314249
-0.069124
-0.720695
-0.604602
0.871395
-0.261879
-0.511338
0.878414
-0.321329
-0.579516
-0.033601
0.004913
0.287698
-0.020051
-0.877499
0.347148
-0.139195
-0.456404
-0.103732
-0.531602
-0.053560
0.315409
0.174841
-0.880856
-0.342143
-0.081637
0.848140
0.701956
-0.145726
0.532640
-0.790704
0.784722
0.226844
-0.782220
-0.241676
0.594348
-0.086093
-0.644826
0.546251
-0.021455
0.420698
-0.496139
-0.912656
0.219886
-0.684805
0.422529
0.266518
0.976867
-0.601062
-0.221290
-0.294656
-0.185644
-0.953856
-0.852290
0.270180
0.772271
-0.317972
-0.958617
-0.792352
-0.766900
-0.136265
-0.729118
-0.277261
0.130406
0.997314
-0.753716
-0.197974
0.091159
0.494797
0.108554
-0.623463
0.644704
0.051363
-0.131748
-0.819697
0.584582
-0.388165
-0.543748
-0.073885
0.426618
-0.078829
0.280862
-0.590320
-0.331767
0.313150
0.734977
0.978698
0.080538
0.786431
0.369060
-0.405011
-0.872372
-0.047578
-0.441023
-0.836665
0.720267
-0.652089
-0.835505
0.076266
0.000641
0.540269
0.354411
-0.867977
0.609607
-0.336650
0.307657
-0.777764
0.104526
0.697134
0.718925
0.317850
-0.213050
0.008209
0.820673
0.149327
-0.707633
-0.384869
0.772759
-0.528916
-0.930906
-0.609790
-0.235389
0.659474
0.621937
-0.800287
-0.785699
-0.162633
-0.230262
0.287576
-0.195227
-0.982177
0.952086
-0.997803
-0.326518
0.131565
-0.684500
-0.449507
0.154393
-0.897641
-0.301675
-0.372662
0.726981
0.210242
-0.247841
0.863582
-0.562853
0.584338
0.199683
0.410932
-0.070284
0.046724
0.575426
0.727531
0.633534
-0.453780
0.380657
0.668630
0.080050
-0.981506
-0.646535
-0.993286
-0.598071
-0.595508
-0.442671
-0.233802
0.459395
0.923215
0.628101
0.044893
0.352886
