-0.823725
-0.885311
-0.170751
-0.070162
-0.704093
-0.032685
-0.442244
-0.093173
0.515305
-0.838313
-0.787042
-0.793695
-0.559862
-0.101901
0.331889
0.239845
0.016694
-0.309854
-0.118931
0.132786
-0.131016
0.753716
-0.581652
-0.601306
0.989807
0.699698
-0.155004
-0.002716
-0.563280
0.928282
0.716239
-0.791559
-0.646168
-0.876827
0.587390
-0.404828
-0.131993
0.208106
0.073946
-0.321329
0.649525
0.747551
-0.314859
-0.246498
-0.645741
-0.684133
-0.827754
0.202429
-0.298868
-0.011383
-0.181494
-0.936705
0.301614
-0.796014
-0.021332
0.734855
-0.929014
0.826106
-0.666189
0.073946
0.915525
0.621021
-0.178014
-0.542222
-0.028535
0.194861
0.452620
-0.218665
-0.451949
-0.032014
0.308634
-0.739921
-0.378521
-0.091403
0.540147
-0.757439
0.231788
-0.248024
0.943113
-0.619495
0.538255
0.738090
-0.334452
0.159398
-0.075838
-0.594836
-0.409101
0.056429
-0.756157
-0.458968
-0.656789
0.647816
0.015107
0.198462
-0.786676
-0.011444
-0.691031
0.366619
-0.076937
0.538255
0.505966
0.843074
0.986389
-0.966674
-0.327616
-0.922361
-0.095248
-0.678091
-0.404035
-0.347087
-0.408734
0.074923
0.542344
-0.062166
-0.705191
0.989380
-0.251015
0.598071
0.005768
-0.281838
-0.602832
-0.900815
0.384198
0.391400
-0.370647
0.362407
0.040620
0.183386
-0.034516
0.790643
-0.545030
-0.109592
0.951476
-0.255104
-0.691031
0.021027
-0.068880
0.020295
0.149632
0.189795
-0.963622
-0.134007
0.475631
0.247291
-0.561205
-0.552171
-0.796808
0.373455
-0.573656
0.387188
0.536851
-0.535386
0.045686
-0.714774
0.002899
0.785638
0.949095
0.379742
-0.557237
0.620289
0.891964
-0.297647
-0.987793
-0.188879
-0.440779
-0.428510
0.278420
-0.127598
0.922300
-0.391156
0.551195
0.500595
0.795099
0.775018
-0.356304
0.479293
-0.225806
0.408490
-0.519517
-0.960814
-0.948302
-0.707389
-0.070650
0.420148
0.169103
-0.295022
0.431806
-0.484848
0.524033
0.460616
0.169591
0.420698
0.236122
0.174474
0.159581
0.681326
-0.097995
-0.075961
0.778497
0.020966
-0.886349
0.277139
0.300699
0.621693
0.690115
0.278115
0.845393
0.356487
-0.719352
-0.695975
-0.225990
0.956786
-0.832270
0.685781
-0.287454
0.922727
0.068758
-0.048128
-0.520920
-0.183447
0.221107
0.354106
-0.824030
-0.681936
-0.064974
0.882443
0.510605
0.129368
-0.240883
-0.126621
0.811335
-0.086764
0.463729
-0.820795
-0.687429
0.570299
0.686819
-0.499191
-0.415143
0.811090
-0.642506
0.595264
-0.980041
-0.645863
-0.192236
-0.242836
0.350261
0.021638
0.573717
-0.999207
0.972533
0.740043
-0.239784
-0.818598
-0.411237
-0.160558
-0.879757
0.234107
-0.665822
0.279946
0.566759
0.723502
0.758538
-0.515122
0.430708
-0.773980
0.632618
-0.635731
0.477035
-0.608997
0.279763
-0.316996
-0.831599
0.087497
0.543260
0.430586
-0.065035
-0.883541
0.728324
0.497482
-0.752312
-0.198889
0.818171
-0.678152
0.955260
0.294839
0.024812
0.631153
-0.919919
0.132969
0.407270
-0.278848
0.048677
-0.251137
0.740349
-0.662526
0.562853
-0.813349
-0.583117
0.836726
-0.323038
0.964904
0.473556
0.413862
0.174963
0.480941
-0.613147
0.381756
-0.850948
-0.067049
-0.340983
-0.713187
0.744865
-0.817560
-0.756340
0.611194
0.755669
-0.601978
-0.597888
-0.507736
0.416181
-0.156896
0.044221
0.363750
0.681936
-0.417646
-0.961547
-0.260109
0.862117
-0.941527
-0.915342
0.422102
0.504990
-0.454085
-0.956542
-0.810114
-0.314676
0.897275
-0.667226
-0.973632
-0.109836
0.166784
-0.237098
-0.451827
-0.961791
0.391339
0.454573
0.575793
0.382183
-0.951598
-0.777825
0.803217
-0.849361
-0.849116
-0.187841
-0.674856
0.129917
0.171056
0.703726
-0.058321
-0.989135
0.598376
-0.224769
0.076632
0.560717
0.449751
-0.932127
0.134251
0.130711
-0.727103
0.667531
0.878658
-0.551317
-0.573473
-0.316263
0.534410
-0.319010
0.310587
0.485763
0.635853
0.292825
-0.292337
0.153356
-0.645253
0.294412
0.124790
0.235817
-0.995727
-0.923826
-0.950011
-0.846553
-0.561022
-0.091342
-0.478561
-0.668264
-0.847468
-0.845637
-0.753899
-0.750481
-0.609119
0.630360
-0.180944
0.682730
-0.658559
0.395795
-0.960875
-0.471908
-0.796747
0.052767
0.702017
0.094028
0.899045
0.840693
-0.217872
-0.430219
0.078829
-0.715995
-0.254189
-0.602100
0.061617
0.658010
-0.535569
0.841426
-0.619739
0.404340
0.611621
-0.805902
-0.900327
0.829035
0.261940
0.480941
-0.447005
0.102084
-0.374859
-0.142186
-0.790094
0.610218
-0.964843
0.762139
-0.323588
0.211646
-0.727958
-0.983398
0.182775
-0.083956
-0.794244
-0.082919
-0.894833
0.069063
0.610340
0.248695
0.460005
-0.853877
0.540880
-0.149998
-0.841548
0.585925
0.855098
-0.809626
0.487045
-0.026521
0.948424
0.304971
0.645192
0.438948
0.561144
-0.262062
-0.696341
0.043611
-0.969604
-0.722098
0.858882
0.860714
0.605274
0.546495
0.991882
0.865902
-0.503220
-0.997253
-0.319437
-0.372417
-0.622547
-0.692373
0.259926
0.909909
0.250282
-0.553758
0.816828
-0.181310
-0.714713
0.638478
0.618091
-0.437178
0.702567
-0.823359
0.590075
-0.257851
-0.371136
-0.049837
0.923093
-0.788629
-0.032075
-0.080416
0.880612
0.361064
0.078219
-0.280679
0.823298
0.165136
-0.348857
-0.531724
0.926328
-0.871639
-0.950499
0.138218
-0.072481
-0.463973
0.588061
-0.132786
0.516343
-0.931944
-0.400494
-0.866878
-0.371807
0.943297
-0.974609
-0.006134
0.281289
-0.784173
0.183691
0.800226
0.952147
0.482467
-0.462996
0.731498
0.917844
-0.541063
-0.288675
-0.928709
0.045808
0.095798
-0.727653
0.042329
0.280801
-0.665151
-0.047151
0.370586
0.191687
-0.785760
-0.944395
0.906247
0.368999
-0.163915
-0.916684
-0.697256
-0.902036
0.456465
0.861263
0.927549
-0.633656
0.725578
0.993408
-0.113865
-0.348430
-0.761834
0.532456
0.107761
-0.965453
0.950743
-0.001495
0.952086
0.244057
0.830988
0.553087
0.192358
0.767937
-0.080172
0.962584
-0.511155
0.911435
0.574389
0.187475
0.461043
-0.729972
-0.954222
-0.561144
-0.325968
0.857356
0.473067
0.624500
0.686575
0.976440
-0.132298
0.803949
-0.058260
-0.387249
-0.753899
-0.357219
0.964904
0.936827
-0.030732
0.941465
-0.093783
-0.065035
-0.748650
-0.672475
0.441816
0.018342
0.838435
-0.872005
-0.270852
0.411176
-0.939879
-0.214393
-0.657033
0.269265
0.547288
0.539293
0.352947
0.016205
0.369976
0.619861
0.631275
-0.347819
0.635426
0.167516
0.216163
-0.309000
-0.117527
0.265114
-0.861446
-0.095065
0.378460
0.797357
0.639821
0.233863
0.722709
-0.326518
0.261086
-0.841487
-0.504013
-0.938902
-0.463607
-0.317057
0.540452
-0.694143
0.881710
0.172765
0.027009
0.308084
-0.176855
-0.007416
0.564562
0.723380
0.309427
0.840754
-0.590014
-0.514451
-0.989990
-0.284158
-0.004791
0.290139
0.745720
-0.268288
0.660024
0.577746
-0.752739
0.740776
-0.028413
0.416303
0.057772
-0.185339
0.014252
-0.264809
0.893918
-0.945372
-0.039460
0.809442
0.004303
0.659658
0.842158
0.558763
0.893185
-0.059175
-0.147618
-0.344218
0.104465
-0.551317
-0.335124
-0.840083
-0.931883
0.530015
-0.863338
0.653005
0.701895
0.325541
0.960082
0.880490
0.259987
-0.672231
0.799799
-0.900876
-0.357707
-0.603565
0.151769
0.427595
-0.026887
0.067476
-0.814875
0.555223
-0.867672
0.034761
-0.393353
-0.613269
0.451094
-0.294778
0.916807
-0.423078
0.539476
-0.391217
0.045991
-0.925962
-0.456832
0.649709
-0.303629
-0.509140
0.321512
0.039094
0.424238
0.525315
0.969481
-0.603381
-0.806574
-0.873836
0.716666
0.808588
-0.039460
-0.468429
-0.443525
0.332804
0.438765
0.213294
-0.530442
-0.116611
-0.472945
-0.061983
-0.290506
-0.039399
-0.511521
0.354961
0.689932
-0.633106
-0.232215
-0.786920
-0.108737
0.620899
-0.438826
-0.538011
-0.554674
-0.266823
-0.670156
0.339152
-0.473678
-0.009796
-0.292581
0.689138
-0.128880
0.493027
0.257485
0.796136
-0.815485
-0.673757
-0.277261
0.070162
0.211463
-0.610523
-0.727165
0.765984
0.426069
0.546434
0.978881
0.966002
-0.156407
-0.652272
-0.520981
0.318155
-0.628895
-0.344218
-0.457869
0.409284
-0.103793
-0.119846
-0.149083
-0.238014
-0.246681
-0.137852
0.174291
0.018586
-0.902158
0.484176
0.532029
0.853145
0.253945
-0.330546
0.686270
0.948912
0.435408
0.494797
0.790155
0.092685
-0.183630
-0.875790
0.444929
0.153294
-0.642140
0.069796
-0.103488
-0.818903
-0.970336
-0.575243
0.500961
0.718192
0.656606
0.440840
0.975219
0.614490
0.121311
0.044404
0.324992
-0.631520
-0.593799
-0.401227
0.273782
0.970885
0.130650
-0.481491
-0.987487
0.567675
0.810297
-0.478195
-0.322611
-0.880795
0.226905
-0.199072
-0.023103
-0.781549
-0.777581
0.330790
0.443709
0.006378
0.189428
-0.912473
-0.686514
0.238685
0.938292
0.990478
-0.939512
0.635792
-0.785638
-0.939634
0.486984
-0.708792
-0.842830
-0.953063
0.245949
0.198645
-0.523240
-0.293924
-0.347148
0.996094
-0.176428
0.770013
0.458052
-0.932127
0.129429
0.047334
0.198096
-0.824458
0.248756
0.504074
-0.381329
0.482223
-0.182531
0.371197
0.473251
0.853694
0.726554
-0.831477
-0.215735
-0.999634
0.078158
-0.553697
0.153539
0.846492
0.218299
-0.570788
0.961913
0.111728
0.776055
0.454085
0.776727
0.250526
0.500961
0.384381
-0.870907
0.173193
-0.401532
-0.898984
-0.768365
0.135716
0.269021
0.526597
-0.336955
0.156529
0.752800
0.746025
-0.120212
-0.012909
0.095492
0.917112
0.761223
0.138157
0.936522
-0.662465
0.407392
-0.488083
-0.846492
-0.694205
0.917722
-0.741508
0.899533
0.534227
0.353313
0.135289
0.155065
-0.285684
-0.226966
0.937437
-0.175817
-0.297159
0.804559
0.079928
0.003571
-0.608509
-0.348857
-0.456709
-0.315714
0.918027
-0.358501
-0.556444
-0.342326
-0.748589
0.938108
-0.732536
-0.516831
0.038179
0.773125
-0.913816
0.844356
-0.025605
0.055696
0.657949
-0.499863
-0.701163
-0.181188
-0.239906
-0.417402
-0.938719
-0.900815
0.459151
-0.285257
-0.081881
0.030122
-0.326762
0.998901
-0.798273
-0.270058
-0.902951
0.038057
0.982788
0.739128
-0.306558
0.450362
-0.933470
-0.663930
0.420392
-0.719901
0.799982
0.232154
-0.692740
0.034028
0.988769
0.981750
0.309977
0.142125
-0.490036
0.077670
-0.359050
0.348613
0.595325
0.094211
0.822504
-0.883297
-0.658620
-0.656117
0.171361
-0.579394
0.755058
-0.279214
0.976012
0.755913
0.136021
0.904904
0.582873
-0.736808
0.905026
-0.296487
0.247291
-0.586596
0.968505
0.614490
0.909238
0.608997
-0.588610
0.264199
-0.920530
-0.524094
0.444990
0.752739
-0.736259
0.331828
0.576891
0.112827
0.448164
0.134922
-0.709830
-0.355693
0.043245
0.053804
0.602710
-0.228980
0.168493
0.661061
0.538255
0.995178
-0.217811
0.839351
0.542650
0.985290
-0.728202
-0.514634
-0.707938
0.037507
0.095981
-0.817927
-0.405927
-0.243385
0.526109
-0.016083
-0.630299
-0.515366
-0.152684
0.680898
0.209510
0.775384
-0.894528
-0.968200
0.858699
-0.614978
0.111911
-0.677786
-0.388165
0.171728
-0.764824
0.546678
0.359111
-0.471541
-0.725517
0.573168
0.195288
-0.731864
-0.447615
0.294534
0.147435
0.535813
-0.192846
-0.724235
0.478927
-0.692923
0.265358
-0.845576
0.841792
0.502976
-0.475692
-0.261513
0.142857
-0.116672
-0.319010
-0.064364
-0.919309
0.145726
0.877316
-0.673757
-0.821955
0.292825
-0.034822
0.727775
0.984802
-0.902463
-0.693167
-0.984863
0.508164
-0.494308
-0.708975
0.004608
-0.752068
0.361370
-0.227821
-0.851131
0.134007
-0.390179
-0.192175
-0.402570
0.604358
0.204260
-0.458541
0.221351
-0.821955
0.868160
-0.005524
0.371685
-0.362651
0.382977
-0.628895
0.995361
0.696890
0.829218
0.490036
-0.484298
0.758538
-0.805536
0.185522
-0.392865
0.938292
0.834468
0.361919
-0.726737
0.102634
-0.963561
-0.841792
0.436689
-0.305460
0.958129
0.693960
0.249062
-0.078585
-0.802667
0.042695
0.868404
0.200354
-0.515366
-0.870235
-0.643544
-0.326029
0.635731
0.895016
0.136753
0.112339
0.488754
0.301431
-0.759880
-0.893063
0.564501
-0.342265
-0.346171
-0.790460
0.407514
0.098666
-0.327799
0.066622
-0.355754
0.700430
0.585986
-0.106113
0.681326
-0.918638
0.238624
0.078585
-0.294717
-0.567064
-0.977477
-0.273293
0.982788
0.365032
0.711966
-0.117405
-0.839228
0.627125
-0.419477
0.480453
0.761528
0.222633
0.200720
-0.337138
-0.967345
-0.696341
-0.441633
-0.511948
0.370281
-0.513413
-0.381085
0.574389
0.466292
0.089450
0.108127
0.588244
-0.058565
-0.848567
0.570910
0.147069
-0.219703
-0.139744
0.791864
0.852962
0.390667
0.693350
0.829951
-0.945677
0.555284
0.513352
-0.172277
-0.197851
-0.254189
0.305338
-0.958068
0.304361
-0.293924
0.959838
0.605579
-0.688284
-0.949156
-0.871883
-0.510666
0.444746
0.884030
0.095431
-0.384198
-0.449934
-0.399274
0.394269
0.311441
-0.573168
0.064058
-0.298929
0.757439
0.865596
-0.351238
0.392193
0.235145
-0.068453
0.058931
0.082003
0.039460
-0.109714
-0.818476
-0.847652
0.532212
0.267617
0.737785
-0.368267
-0.971068
-0.128147
0.655507
0.770013
-0.802728
-0.091586
-0.750786
-0.141575
-0.179357
0.658010
-0.768792
0.314066
0.390240
-0.867855
-0.883297
-0.893857
0.888180
0.766900
-0.106357
-0.818476
0.276833
0.429487
0.196387
-0.105991
-0.902707
0.126072
0.428999
0.355876
0.467574
-0.746818
-0.959532
-0.985290
0.511704
0.142613
-0.168859
0.214331
-0.941588
-0.692373
0.629261
-0.760613
0.897824
-0.204260
-0.398236
0.797296
0.726554
-0.843501
0.115452
-0.044343
0.775872
0.178076
-0.232643
0.531785
-0.020600
0.557482
-0.459822
0.115085
0.314188
-0.587939
-0.287942
0.996216
-0.186499
0.621387
-0.028108
0.663198
0.239662
-0.433454
0.554064
-0.955443
0.330119
-0.314615
-0.717521
0.418317
0.509812
-0.157750
-0.073824
0.127781
-0.777581
0.360881
0.480331
0.870479
0.944273
0.115757
0.629994
-0.043184
-0.378033
0.061739
-0.494491
0.047395
-0.329447
0.918882
0.934019
-0.080660
0.784051
-0.119114
-0.335307
0.774529
0.928098
-0.378155
0.236366
0.986511
-0.319498
0.365825
-0.561876
-0.442610
-0.496689
0.428449
-0.219337
-0.352641
-0.696463
-0.518540
0.506088
-0.394696
-0.488144
0.169408
0.181860
-0.331889
-0.377361
-0.612232
0.369976
-0.264382
0.163854
-0.371075
-0.290445
-0.596423
-0.380108
-0.956725
-0.581652
0.543443
0.616749
-0.742302
-0.407208
0.400311
-0.328776
0.241676
0.783807
0.574206
0.264931
0.972045
-0.684439
0.425520
-0.251198
0.724357
-0.552477
-0.473556
0.944334
0.996277
0.902707
0.207862
-0.715323
-0.567980
0.197119
-0.067232
0.471419
0.524644
-0.799554
-0.817560
-0.716910
0.308573
0.918394
0.032746
0.940184
-0.342448
-0.397137
0.639576
0.358318
-0.828608
0.015961
0.279641
0.659291
-0.488998
-0.470321
0.648244
0.085726
0.930540
-0.225379
0.854427
-0.007294
-0.153417
-0.003265
-0.918210
0.340373
0.779839
-0.870846
-0.722037
-0.391461
0.753166
-0.205969
0.340617
0.350810
0.693594
0.638478
-0.190100
-0.760796
-0.210242
0.593799
0.865230
0.421613
-0.212195
0.750969
0.745842
-0.553331
-0.310221
-0.846919
-0.213965
-0.890255
0.556810
-0.559374
0.030793
-0.138768
-0.831477
-0.129551
-0.605396
-0.724479
0.543626
0.213965
0.085116
0.325236
0.342265
-0.649770
0.221473
-0.631886
-0.140904
0.060640
0.705008
-0.858150
0.403668
0.515427
0.223060
-0.037751
-0.430769
-0.416669
-0.203345
-0.875973
-0.765007
0.883724
0.497848
0.224158
-0.711539
0.998108
0.787347
0.281777
-0.144444
0.013825
0.287332
0.414899
-0.649342
0.983520
0.552416
-0.556932
-0.665639
-0.871700
0.012482
0.779473
-0.927976
-0.661794
-0.439009
0.598804
-0.586657
-0.193335
0.892758
0.650929
-0.036714
0.745720
-0.227332
-0.216407
0.966308
0.376690
-0.568468
0.199499
0.524583
-0.587024
0.484970
-0.369366
0.772027
-0.366619
0.616688
0.434065
-0.629749
0.068636
0.297464
0.170263
-0.424421
0.675222
-0.988159
-0.761101
-0.972961
0.239113
0.716666
-0.761101
-0.817560
0.226417
0.759392
-0.032807
-0.226051
-0.186377
0.259499
0.203284
0.214637
0.833613
0.010346
-0.575304
0.308573
0.680471
-0.025056
-0.029633
-0.709098
-0.564806
-0.999695
0.359600
-0.577563
0.945860
-0.937559
-0.981567
0.368877
0.647023
-0.291787
0.900632
-0.476119
-0.324442
-0.041169
-0.669179
-0.079745
0.591845
-0.021577
0.829585
-0.776666
0.486862
0.773675
0.737663
-0.765496
0.715079
-0.746574
-0.926328
0.539415
0.138401
0.388043
-0.172704
0.753288
0.232826
0.530320
-0.504074
0.379009
0.105014
-0.956053
-0.684072
0.227454
0.600635
-0.162206
-0.450850
-0.971068
0.087069
-0.781549
0.850764
0.620716
0.079867
-0.304605
0.804376
-0.904172
0.122837
-0.052644
-0.997620
0.433699
0.851924
0.152989
-0.746696
-0.539476
0.111301
0.327799
-0.191259
-0.517685
0.003021
-0.704215
-0.793695
0.746635
0.756890
-0.140904
0.584887
-0.426984
-0.494064
-0.274514
-0.623585
-0.979675
-0.906247
-0.553148
-0.077120
0.180212
0.600513
-0.542100
-0.622059
0.474349
0.580432
0.494980
-0.542711
0.230323
-0.253212
0.386944
0.627552
0.309671
0.977905
0.073519
-0.696036
0.834101
0.968566
-0.410932
0.712333
-0.268410
0.467635
-0.344035
0.979553
0.152745
-0.696219
0.791986
0.312601
0.340922
-0.164159
-0.332621
0.841792
-0.012848
0.429731
-0.633778
0.080721
0.375713
-0.371136
-0.367351
0.595630
0.266335
0.015900
0.164342
0.815424
0.880123
-0.644154
0.969115
-0.109653
-0.512070
0.979980
0.293008
-0.885556
-0.574999
-0.441511
-0.258705
-0.147374
0.015961
0.601062
0.525803
-0.110263
-0.280923
0.125584
0.095370
-0.813288
0.096103
-0.721000
-0.551134
0.852596
-0.006623
-0.477157
0.689138
0.363689
-0.540086
0.054720
-0.209632
-0.753349
-0.739921
-0.853328
0.727653
-0.679861
0.705252
-0.799432
0.064302
0.431379
0.584521
0.986755
0.700552
-0.855708
0.084811
-0.665883
0.589282
0.486679
-0.704520
-0.770623
-0.544359
-0.526597
-0.203345
-0.725761
-0.857173
-0.797235
1.000000
-0.496811
0.836970
-0.954955
-0.657460
0.630787
0.703421
-0.620655
-0.029328
-0.387799
-0.499619
0.986084
-0.572924
0.829157
0.726554
0.589404
-0.091464
0.182592
0.910764
0.768914
-0.754753
0.931028
-0.797967
0.210608
-0.457930
0.187963
-0.529160
-0.444685
-0.262429
-0.367718
0.582018
0.234718
-0.111911
0.094211
0.801263
-0.811518
-0.912168
-0.980895
-0.493393
-0.259682
-0.352702
0.964782
-0.590686
-0.028230
0.116550
0.568224
-0.499130
0.904660
0.674368
-0.563097
0.612293
0.951109
0.452132
0.145482
-0.328227
0.226722
-0.346660
0.765740
-0.586352
0.588244
-0.810297
-0.884762
0.288980
0.073519
0.105319
-0.679373
-0.818842
0.848506
-0.479659
-0.615345
0.744804
-0.356487
-0.653432
-0.644887
-0.917722
-0.445967
-0.272683
-0.484603
0.652760
0.279397
-0.256630
-0.033967
0.180273
-0.990417
-0.162633
0.927000
0.558214
0.082919
-0.203833
0.598621
-0.342998
-0.852351
0.043306
-0.413800
0.016083
0.787408
0.083834
-0.879086
-0.283853
-0.111362
0.025910
-0.009919
-0.153233
0.237037
-0.721244
0.561022
0.717215
0.619922
-0.147923
0.515427
-0.415815
-0.607898
0.597766
0.197913
-0.242103
-0.332316
0.212622
0.514573
-0.292459
-0.023225
-0.519639
0.732963
-0.706656
-0.899106
0.206885
0.142552
-0.483261
0.200781
-0.165441
-0.722648
0.614734
-0.038301
-0.689261
-0.698477
-0.434492
0.261452
-0.314371
-0.671255
0.049776
0.558824
0.666311
0.933714
0.093051
-0.065767
-0.384503
0.982421
0.349345
0.088900
0.210364
-0.194739
-0.146336
0.613269
0.905393
-0.707999
0.093234
-0.001251
-0.397687
0.433515
-0.650807
0.792230
0.891598
-0.269082
0.430464
-0.770562
-0.725761
0.660939
-0.971191
-0.545518
-0.993713
-0.935789
-0.277322
-0.691275
0.690542
0.553880
-0.648122
0.851314
0.315470
-0.304422
-0.522813
-0.204932
0.620838
0.365398
-0.425398
-0.203223
-0.642323
0.475753
-0.261330
0.859493
0.868648
-0.382061
-0.908994
0.993164
0.769158
0.290262
-0.040864
-0.150243
-0.385052
0.645497
0.275674
-0.333842
0.177953
-0.004364
-0.197485
0.185583
0.584826
0.820307
-0.835505
-0.611866
-0.657216
0.233497
-0.257363
0.603687
-0.069002
0.324870
0.011139
-0.376751
0.489608
-0.979858
0.026460
0.709952
0.186438
-0.232521
0.779839
0.557176
-0.943052
0.803278
0.997620
0.568834
0.742729
-0.073763
-0.168188
0.404035
0.829463
-0.401898
0.638783
0.340129
0.686148
0.351787
0.363689
0.601001
-0.906796
0.554552
-0.217994
0.643300
0.501572
0.001556
0.487472
0.328898
-0.229835
-0.807855
0.699087
0.403241
-0.860714
0.234596
-0.760613
0.588916
0.077975
0.396466
0.144139
-0.894894
0.578600
-0.003937
0.057711
-0.615711
0.080844
-0.250649
-0.296793
0.381634
-0.703909
-0.376263
0.306436
-0.062471
-0.777886
-0.691641
0.770196
0.957213
0.148839
0.990112
-0.974303
0.013703
-0.107944
0.625172
-0.287210
0.045442
0.437788
-0.235267
0.388897
-0.925779
-0.974059
0.077242
-0.136143
0.630970
0.202429
-0.018159
-0.285501
0.098910
-0.934751
-0.504074
-0.113498
-0.636708
0.352031
-0.659841
-0.757073
-0.192236
-0.488327
-0.810053
0.285440
-0.504685
-0.112156
-0.030732
0.961791
-0.764641
-0.496384
0.449812
-0.646718
-0.469588
-0.866634
0.443037
-0.945189
-0.106662
0.356792
-0.513535
-0.166478
-0.026826
-0.809381
-0.714713
0.353313
0.123569
0.336833
0.521165
0.378338
-0.942930
0.557115
-0.660756
-0.988769
-0.761834
0.527940
-0.896603
0.485702
-0.722098
-0.607532
0.100131
-0.831660
-0.535081
0.085482
-0.959899
0.823481
0.388592
-0.402936
-0.260781
0.266701
-0.548875
-0.269997
0.549974
0.272622
0.135472
-0.423872
-0.423444
0.327372
-0.081149
0.735649
0.305521
-0.169591
0.329875
0.419965
-0.132359
-0.992309
0.324381
-0.889340
0.103488
-0.694143
-0.639393
-0.588427
-0.387860
0.590442
0.264626
-0.230079
0.800592
0.351054
-0.455672
-0.328227
0.357646
0.074923
0.419599
-0.272805
-0.319742
-0.690970
-0.275246
0.363872
0.582812
0.003510
-0.947386
0.805170
-0.047456
-0.115635
0.611682
-0.261757
-0.564440
0.438459
0.449324
-0.271035
-0.158238
0.802484
-0.044832
0.750053
0.120151
-0.031831
-0.663625
-0.153111
0.345317
0.052461
-0.897031
0.488510
-0.118809
-0.174047
0.976501
0.307352
0.923093
-0.462630
0.003571
-0.272317
-0.762017
-0.514756
0.741691
0.495773
-0.183325
0.793085
0.984985
0.029633
-0.641591
0.043489
0.066134
0.972289
0.658071
-0.741630
-0.947386
-0.889523
-0.440229
-0.197729
0.226722
0.932798
-0.365703
-0.099277
0.189062
-0.909055
0.693045
-0.502426
0.967528
0.129490
0.148595
0.977905
-0.324931
-0.761162
0.667898
0.657216
-0.456221
-0.886166
0.710135
0.492172
0.255226
0.560656
0.671133
0.345256
-0.882565
-0.772576
0.413068
0.790094
0.215857
-0.309122
-0.273721
0.318339
0.181982
-0.596484
0.353008
0.646901
0.814875
-0.441633
-0.604846
0.856075
-0.332255
0.612659
-0.406232
-0.689993
0.092563
0.927000
-0.475875
0.625477
-0.099521
0.075594
-0.738273
-0.562731
-0.571764
-0.850032
0.748894
0.877438
-0.365154
0.946959
0.643117
0.747795
0.925657
0.657094
0.168249
-0.386700
-0.114597
-0.889706
-0.670827
0.463118
-0.683035
0.740654
0.049715
-0.470077
0.847591
0.577624
-0.248878
0.653432
0.112705
0.604236
-0.359539
-0.491928
-0.677175
-0.242836
-0.165929
-0.430280
0.730705
-0.035981
-0.826350
0.896359
-0.162023
-0.250404
0.694998
0.187353
-0.846919
0.909299
0.809320
0.224830
-0.730522
0.766839
-0.793756
-0.681936
-0.653676
-0.314798
-0.201880
0.357158
0.394147
-0.896908
0.790277
-0.025666
0.075045
0.300455
-0.775323
-0.569811
-0.885372
0.326395
-0.427473
0.833247
-0.279946
0.650624
-0.258583
0.848567
-0.842219
0.282937
-0.163915
0.563829
0.987732
0.694327
0.881222
0.421674
-0.589709
-0.019990
0.842097
-0.139561
-0.543931
0.267739
0.356670
-0.355510
0.066927
0.630360
0.803217
-0.205664
0.283975
-0.106967
0.108921
-0.537217
-0.420576
-0.189001
0.879940
0.770867
-0.963195
0.422773
-0.234718
-0.634571
-0.066683
0.416486
-0.162389
0.452010
-0.456709
-0.547716
0.278115
-0.724967
0.427961
0.528977
0.131687
0.930601
0.649709
-0.825556
0.800958
0.246193
-0.122349
-0.802118
-0.319681
0.514573
-0.473128
-0.252663
0.639821
0.931394
0.384198
-0.239051
0.812983
-0.838618
-0.973388
-0.397137
0.985290
0.801874
0.283425
0.419111
-0.238624
0.358806
-0.385907
0.472945
-0.534227
-0.850581
0.777947
0.745598
0.886532
-0.261086
-0.262612
-0.121372
-0.066744
0.708365
-0.205359
-0.730277
-0.131138
0.847835
-0.381085
0.011567
-0.134678
-0.894894
0.159154
-0.718253
0.911008
0.436201
0.298868
0.272134
0.841731
-0.132542
0.992981
0.345195
-0.269692
-0.475265
-0.170446
-0.218848
0.704459
0.263649
0.640126
-0.110141
0.550218
0.264504
-0.010285
0.028169
-0.849727
-0.078524
0.087619
-0.464156
-0.071810
0.602893
0.442366
0.051119
0.161229
-0.088595
0.031648
0.257302
0.929136
-0.539476
0.523240
0.192541
-0.984191
-0.457686
-0.482284
-0.276406
0.498520
0.510971
-0.046907
-0.657094
0.477035
-0.003754
-0.370342
-0.466781
0.776482
-0.558947
0.846736
-0.510788
-0.505600
0.132298
0.607410
0.583300
0.511948
0.155919
-0.785089
0.421430
-0.532945
-0.268349
0.679495
0.596667
-0.099826
-0.743339
-0.075350
0.111789
-0.109958
-0.028779
0.938597
-0.983520
-0.844722
-0.207434
0.362407
-0.135533
-0.742363
-0.497177
-0.244606
0.640431
-0.196081
0.903562
0.987243
-0.843745
0.530320
0.567553
-0.616443
-0.846248
-0.461959
0.591845
0.235572
-0.513535
0.103916
-0.005951
0.466659
-0.266579
0.029206
0.336222
-0.225135
0.073397
0.740104
0.561022
0.320231
0.892758
-0.465804
-0.681204
0.950621
0.755486
0.215979
-0.253273
0.359783
-0.436262
0.577013
0.107639
0.685781
-0.063936
0.059969
0.692129
0.179540
-0.449324
-0.772759
0.055879
-0.566637
0.391278
-0.534532
0.299844
0.304849
-0.655629
0.011505
-0.536607
-0.370464
-0.988159
0.642323
-0.931333
-0.945921
-0.735221
0.450850
0.248573
-0.739982
-0.370647
0.726188
0.436018
0.294107
-0.279397
0.118809
0.261391
0.127659
-0.502853
0.211097
-0.867977
0.238990
0.263710
0.765862
-0.324686
-0.269387
0.418622
-0.635487
-0.184484
-0.833247
0.091525
-0.603442
-0.474654
0.596850
0.350627
0.678152
-0.826289
-0.565538
0.249794
-0.982116
0.657399
0.396405
-0.874752
0.254677
0.650441
-0.929502
-0.434797
0.826899
0.220069
0.633229
-0.957274
-0.997864
0.400678
0.377056
0.543016
-0.332499
-0.970702
-0.353496
0.057222
-0.031648
0.036470
0.595141
0.957152
-0.060335
0.681814
0.568957
-0.654653
-0.048921
-0.666189
0.951659
0.001556
-0.180456
-0.113315
0.153050
-0.119663
0.082492
-0.774407
-0.894589
0.419660
-0.374248
-0.287027
0.914914
-0.160192
-0.469100
0.068758
-0.018647
-0.607715
0.238990
0.216346
-0.532701
-0.918516
0.632923
-0.257607
0.666066
-0.684133
0.310770
-0.234779
0.308573
-0.951720
0.095309
0.193640
0.762383
-0.125095
-0.626392
-0.802606
-0.921384
0.505539
0.551500
-0.847591
-0.910825
-0.967040
0.206519
-0.359844
-0.633290
0.817743
-0.301737
0.363323
0.179479
0.932615
-0.719718
-0.947874
0.491989
-0.376995
-0.456648
0.861568
0.024201
-0.958068
0.054048
0.912961
-0.795160
0.869625
0.490890
-0.193884
0.850337
-0.359478
-0.915464
-0.068392
0.733390
-0.060884
-0.972716
-0.729362
-0.747124
0.838496
0.444197
-0.940916
0.713675
0.145482
0.389325
0.953856
-0.617176
-0.890622
-0.623768
-0.973449
0.069308
-0.295572
-0.794305
0.891964
-0.376141
0.279946
0.197302
-0.543931
0.131382
0.893368
-0.245766
-0.121921
-0.413862
0.105075
0.904782
0.913694
0.808527
0.500168
0.667470
0.494430
0.276833
-0.336772
0.828974
-0.227821
-0.683218
-0.297952
-0.722037
-0.885800
0.074129
-0.531114
-0.109409
0.450423
-0.873653
-0.298685
0.581347
0.213294
0.855159
0.298074
0.492782
-0.023530
0.493332
-0.824946
-0.038118
0.640187
0.400555
-0.645985
0.822748
0.141758
0.121494
-0.113559
-0.849727
-0.348918
-0.531724
0.479843
-0.994629
-0.590808
-0.697562
-0.274697
0.275002
0.167272
0.667531
0.713065
0.116184
0.912290
0.221412
0.501267
0.648915
-0.896725
0.473983
0.007355
-0.198462
0.432234
-0.038423
-0.965758
-0.520981
-0.567797
0.791314
0.254921
0.049715
-0.180151
0.747917
0.829890
0.184240
-0.535081
0.111118
-0.525498
-0.172155
-0.982543
-0.986877
-0.502670
-0.467513
0.705741
0.807489
-0.319864
-0.810175
-0.599780
-0.929014
-0.205969
0.967833
0.721610
-0.831782
0.593432
0.688528
-0.940794
-0.698050
0.808588
-0.349956
0.188513
-0.079440
0.416913
-0.587512
0.963744
0.193823
-0.987609
0.304117
-0.616749
0.379681
0.242958
0.770379
0.487167
-0.183874
0.017426
-0.905515
-0.344584
-0.453352
-0.113987
0.466292
0.339763
0.662526
0.846980
0.456160
0.840876
-0.854183
-0.630116
0.257241
0.999390
0.185644
-0.933836
0.341716
-0.999390
0.906308
-0.441755
0.284158
-0.230995
0.853633
-0.990356
0.940489
-0.159154
-0.244728
-0.631031
-0.605029
0.108921
0.935301
-0.554186
-0.759697
-0.674734
0.714103
0.423383
-0.385784
-0.117405
0.823298
0.319254
0.311197
0.224219
0.710074
-0.643300
-0.474471
-0.611438
0.662832
0.617298
-0.244057
0.500412
-0.745354
-0.280496
-0.558458
-0.934080
0.889340
-0.935911
-0.748466
-0.761101
0.338664
-0.809259
0.986755
0.148228
-0.822077
0.444929
-0.087924
-0.644032
0.692068
-0.633351
-0.592944
-0.576769
-0.168615
0.444624
-0.621021
0.849727
-0.262734
0.863338
-0.149571
-0.929075
-0.877926
-0.995666
0.840083
-0.995605
0.906186
0.361736
0.196387
-0.267129
-0.815424
-0.293313
0.372295
-0.384075
0.116855
0.001740
0.385052
-0.762871
0.311747
0.513779
-0.938169
-0.100803
-0.118686
0.262673
-0.250710
0.582324
0.343120
0.137181
0.968810
-0.205908
-0.476730
-0.001801
0.659291
0.285989
-0.258705
-0.555040
0.437117
-0.082186
0.130100
-0.219092
-0.905942
0.273354
-0.134007
0.055696
0.447981
-0.288430
0.596850
0.035920
0.774895
0.735832
-0.034516
0.042024
-0.054964
-0.048250
0.712394
-0.946776
-0.421735
-0.599109
-0.103732
-0.569079
0.221107
-0.558275
-0.251503
0.432173
-0.291787
-0.272500
0.399701
-0.597278
-0.207923
-0.284219
0.487716
-0.396283
0.728813
0.459883
0.318522
0.713981
-0.279397
0.917600
-0.530808
0.871395
-0.983154
0.774529
-0.506882
0.139256
-0.707266
0.171484
-0.293558
0.994568
-0.309854
-0.966918
0.181249
0.324381
0.841548
0.014435
0.268227
0.956053
-0.912412
0.543382
0.588061
-0.937254
0.453047
0.810785
0.143773
-0.337687
-0.301187
0.111728
0.550157
0.098300
-0.376446
-0.682730
-0.218360
-0.819086
-0.304056
-0.017975
-0.387188
-0.084689
0.029878
-0.585498
0.479720
-0.953856
-0.411115
-0.602954
-0.422834
-0.712821
-0.084384
-0.532823
0.610889
-0.355693
0.203711
0.716483
-0.218604
0.614490
-0.635487
-0.324564
-0.855647
0.931883
-0.261147
0.783441
0.746269
-0.088656
0.248085
-0.934263
0.628346
0.913633
0.372723
0.366375
0.366680
0.424787
-0.351787
-0.359722
0.681570
-0.504318
-0.171911
0.033479
-0.152989
-0.115329
0.838801
-0.720084
0.342814
-0.165258
-0.662709
-0.991699
-0.323527
-0.774285
-0.575243
0.134922
-0.955443
-0.371380
0.517930
0.323099
-0.183203
-0.206153
0.834468
0.702994
-0.679312
-0.644093
-0.796625
0.046236
-0.943785
0.255409
0.593799
-0.388775
-0.804682
-0.848262
0.645436
0.630177
-0.441328
-0.137608
0.353496
-0.078280
0.582751
0.307779
0.923826
-0.550401
-0.240150
0.108737
0.812311
-0.399457
-0.828425
0.543626
0.246132
0.017792
0.869747
0.329264
0.871029
0.221473
0.798151
-0.566271
-0.498886
0.869503
-0.170263
0.282144
0.471725
-0.228004
0.109409
-0.989685
-0.825617
-0.640431
0.071505
-0.994079
-0.574816
0.934812
0.205420
0.991699
-0.438154
-0.199011
0.821162
-0.608570
0.595080
0.310282
0.860652
-0.569445
0.920896
-0.203955
-0.891964
0.739494
0.018708
-0.058077
-0.149876
-0.175573
0.874142
0.738456
0.598804
-0.907834
-0.498093
0.317301
0.965697
-0.628407
-0.860836
-0.372051
-0.975524
0.814264
0.641163
-0.199377
0.772210
-0.661794
0.416730
0.468673
-0.144383
0.651967
0.111850
0.435224
0.056917
0.320536
0.539781
-0.360088
-0.979858
-0.790277
0.538072
-0.291971
0.046968
-0.418195
-0.516526
-0.229408
0.095920
0.198462
0.226417
-0.145787
-0.697989
-0.105136
-0.187048
0.620594
0.984924
-0.937681
0.296609
0.110263
0.718925
0.434614
-0.062349
-0.248390
0.883602
0.776116
-0.353191
-0.221656
-0.137791
0.368816
0.223365
0.395611
0.175512
0.755486
-0.161290
0.998474
-0.503769
0.507370
0.189062
0.741813
0.617115
0.937498
-0.382672
0.215247
-0.742973
0.078585
0.482589
0.882687
0.876522
0.553331
