0.499680
0.082064
-0.984313
0.570299
-0.237526
0.952269
0.057833
-0.900693
-0.611438
-0.309305
-0.071200
-0.202063
0.045808
-0.988098
-0.462508
-0.764458
-0.187414
0.599353
-0.907224
-0.188330
0.126682
-0.223304
-0.023225
-0.499313
-0.587268
-0.620838
0.817988
0.742180
0.282571
0.741874
-0.966491
-0.397687
0.330546
-0.847957
-0.981323
-0.789544
-0.855037
0.106845
0.454634
-0.418683
-0.783502
0.821650
-0.613086
-0.769707
-0.165502
-0.476547
-0.571398
0.315958
0.511521
-0.371258
-0.471969
0.370220
-0.921018
0.920408
0.217872
-0.178991
0.612659
-0.234840
0.502915
0.210913
0.595019
0.447310
-0.102512
-0.897885
0.106113
-0.702689
0.543870
0.685842
-0.245094
-0.079623
0.410688
0.573656
-0.877010
-0.823420
0.981140
0.965941
0.578478
-0.171178
0.977783
-0.659047
0.665822
-0.884579
-0.733451
0.823725
-0.365947
0.897275
0.621815
0.740837
0.498520
-0.787713
0.902219
0.313883
0.730583
0.414228
0.157079
0.109958
-0.077548
-0.326029
-0.996643
0.764702
-0.598560
0.989563
-0.366802
-0.154576
-0.862056
-0.765252
-0.635182
-0.562487
0.753960
0.298196
0.198035
-0.373699
0.554979
-0.201392
0.217689
-0.469710
0.606189
-0.270791
0.132237
-0.868465
0.482406
0.074984
0.687307
0.314249
0.232826
0.388104
-0.172582
-0.312296
0.915891
-0.240516
-0.830683
-0.716361
0.232582
0.677480
0.194189
-0.957396
0.424482
-0.913694
-0.449019
-0.415448
-0.065950
0.973632
0.312174
0.827143
0.975524
-0.877194
0.063387
0.292398
-0.188025
0.898190
-0.092929
0.636891
0.905454
-0.076022
-0.445601
0.985290
-0.668813
-0.071261
0.318644
0.759575
0.400983
-0.938108
0.815790
-0.380047
0.098972
0.921201
-0.001190
0.079745
0.683584
0.531968
-0.187231
-0.672475
0.991943
-0.206763
0.391461
-0.892026
-0.664296
0.022919
0.389813
0.883053
0.935118
-0.629505
-0.650990
-0.069369
0.594043
0.473128
-0.286721
-0.053255
0.121677
-0.333598
-0.796503
0.576525
-0.128819
0.635609
-0.790582
0.439558
0.597095
-0.409650
0.807611
-0.015595
-0.579394
0.475021
-0.222877
-0.636219
0.366314
0.039644
-0.088290
-0.092746
0.933958
-0.535508
0.519822
-0.322428
0.446089
0.992737
0.747490
0.816950
-0.828486
-0.590136
-0.999695
0.513169
-0.330241
-0.199072
-0.310648
0.583605
0.973998
0.525620
0.877010
-0.501450
-0.304910
-0.947264
-0.287210
-0.138707
0.940916
0.473556
-0.014985
-0.120640
-0.886654
0.626148
0.803156
-0.532029
-0.857845
-0.878964
-0.945860
0.039766
0.484359
-0.672170
0.229774
0.754204
-0.472030
-0.036164
0.370281
0.403180
-0.113804
-0.013581
0.426923
0.728324
-0.883847
-0.270608
-0.791559
0.507797
-0.009308
-0.002289
0.205969
0.752068
-0.601672
-0.997131
-0.045137
0.770562
-0.605396
0.095065
0.538194
-0.320902
-0.656911
-0.739494
-0.718314
0.950194
-0.581713
0.852718
-0.288430
-0.999084
-0.070162
-0.611621
-0.899167
-0.495102
0.389508
-0.604663
0.973937
0.306803
-0.460250
-0.168432
0.870846
-0.204321
0.412336
0.632740
-0.541124
-0.739067
-0.009003
-0.044038
0.219459
0.009857
-0.783319
-0.520615
0.871395
-0.860958
0.744621
0.026704
-0.744682
0.268654
-0.842402
-0.936949
0.315409
0.451949
-0.589709
0.508652
-0.324992
0.357524
0.156652
-0.975280
-0.410504
-0.882321
-0.987548
0.139500
0.982421
-0.513169
0.737785
0.826655
0.087497
0.167394
0.046297
0.469955
0.442732
-0.126621
-0.129124
-0.378338
-0.973144
0.562853
0.854915
-0.837214
0.802728
-0.511582
0.096347
-0.540941
0.633595
0.402509
-0.121250
-0.953612
-0.067537
0.584643
-0.008026
0.385846
-0.437239
0.351970
0.226905
0.051546
-0.085299
0.976379
0.769829
-0.317972
-0.365642
0.794244
0.327494
-0.837764
0.664480
0.726737
0.621632
0.038789
-0.411725
0.028291
-0.699210
-0.584643
-0.280740
-0.091830
0.190771
-0.004791
-0.368511
-0.664113
0.818110
0.206519
0.622303
0.405316
-0.232643
0.229591
0.179540
0.220985
-0.520310
-0.113376
-0.496078
0.963378
-0.981628
0.692495
0.223670
-0.759087
-0.500961
0.713797
-0.805231
0.419050
-0.499435
0.588183
-0.206824
-0.361797
0.088534
-0.735771
-0.326640
-0.434370
0.939207
-0.311075
-0.833064
0.470382
0.884823
0.066622
0.577258
0.222510
0.503037
0.294046
-0.125828
0.897275
-0.640614
-0.282510
-0.340312
0.026399
0.889462
0.175329
-0.696036
-0.393231
-0.286233
0.841975
0.582263
-0.337931
-0.256630
-0.950316
-0.342326
0.644154
0.695853
-0.393963
0.872311
-0.166234
-0.171545
-0.789483
0.988342
0.022004
-0.059725
-0.422834
-0.161412
-0.433882
-0.598193
-0.722343
0.184240
0.969787
-0.894528
0.622547
-0.217933
-0.878353
-0.388287
-0.983032
0.386578
-0.539781
-0.968688
-0.183081
0.735832
-0.805780
0.510666
0.030854
-0.296793
-0.741691
-0.172521
-0.893796
0.062166
-0.660939
0.212134
0.117161
0.921079
-0.966430
-0.373333
-0.300333
-0.233985
-0.671987
-0.137486
0.723441
-0.817621
-0.868282
-0.758232
0.910581
0.011261
0.859004
0.962157
0.977599
0.622364
-0.731559
-0.177770
0.666738
0.938353
0.157933
0.109348
-0.565172
-0.718680
0.997803
-0.522141
-0.173254
0.790582
-0.165319
-0.466597
-0.671926
0.890988
-0.743339
0.153478
0.642689
0.933836
0.746330
0.337809
0.680349
-0.987548
-0.107822
-0.608692
0.964782
0.550157
-0.950865
0.027619
0.032258
0.498154
0.682424
0.232826
-0.632191
-0.137059
-0.565844
-0.569323
0.690237
0.167760
-0.135655
0.699087
-0.850032
0.037812
0.221229
0.994079
0.950438
0.432417
0.819208
-0.036348
0.954588
-0.557787
0.691092
0.141392
-0.233558
-0.025361
0.519761
0.803461
0.315714
-0.434065
0.430647
0.697378
-0.850459
-0.376263
0.566576
0.862728
-0.302347
-0.615406
-0.994629
0.945128
-0.987060
-0.289834
0.975585
-0.589831
0.187597
0.440657
-0.490158
-0.102145
-0.337626
-0.218116
0.854488
0.419782
-0.464217
-0.398907
-0.000763
0.008942
-0.712149
-0.260231
0.028779
0.338908
0.727226
0.513291
0.205054
-0.478561
-0.738639
0.739128
-0.253517
0.168432
-0.103244
0.655202
-0.580187
-0.894589
-0.063509
0.687002
-0.715323
0.541246
-0.731132
0.943236
-0.855037
-0.054476
-0.621265
-0.102573
-0.007660
0.856746
-0.630238
-0.499924
-0.233619
0.149327
0.622669
-0.883297
0.167821
0.298196
0.900876
0.750664
0.414777
-0.849666
-0.095676
-0.556932
-0.819514
-0.497360
-0.637867
-0.430403
-0.144444
0.064180
0.778619
-0.324747
-0.165807
0.123753
-0.540696
0.169225
-0.233070
0.957884
0.894528
-0.492416
-0.253029
-0.477340
0.136204
0.921567
-0.601611
0.572192
-0.804743
-0.174902
-0.757683
-0.166478
0.873470
-0.501511
-0.361919
-0.812616
0.311930
-0.072970
-0.813349
0.250160
0.511521
-0.799249
-0.819208
0.240577
0.686636
0.411847
0.634266
-0.726432
-0.377239
0.882565
-0.860958
0.399213
-0.499313
0.971801
-0.969115
-0.095981
0.460982
-0.423566
0.806757
0.893918
0.072176
0.675832
-0.447127
0.956114
0.244606
-0.782525
-0.292825
0.259560
-0.078646
0.599963
-0.790033
-0.239784
0.348003
0.763726
-0.037080
0.480453
0.696707
-0.493027
-0.162389
0.506333
-0.297525
-0.240455
0.128574
0.127171
0.002472
-0.991394
-0.905637
-0.662343
-0.094211
-0.907834
-0.225318
0.047639
0.607837
0.268899
0.761895
-0.082369
0.964049
0.507004
-0.791498
0.125767
0.267006
0.541673
-0.672414
-0.582263
-0.179235
0.552782
-0.595202
-0.137059
-0.940611
0.773003
-0.915830
0.725150
-0.856807
0.396649
0.374676
-0.083834
0.053011
0.617786
-0.615162
0.534104
-0.134434
-0.917112
0.107700
0.783441
0.706900
0.928282
-0.135350
0.029878
0.477157
-0.872860
-0.017548
-0.867428
-0.806207
0.980773
-0.279153
-0.681753
-0.201514
-0.320109
-0.572069
-0.393353
0.829829
-0.933103
0.812006
0.780267
0.817927
0.517502
0.451765
0.763176
-0.649159
-0.662648
0.047578
-0.883969
0.931883
0.478195
0.977111
0.974548
-0.273232
0.788995
0.709708
0.341899
0.368999
-0.231666
-0.110508
-0.358928
-0.545701
0.947630
-0.903378
-0.634388
-0.687368
0.476547
-0.602161
0.114536
-0.176183
0.325236
-0.328715
-0.321696
-0.234474
-0.509873
-0.516160
0.702383
0.981323
-0.847163
-0.752007
-0.530198
0.842158
0.835017
-0.817621
0.916196
0.093600
-0.967772
0.851985
-0.524644
-0.919187
0.814692
-0.222144
-0.409467
-0.444746
-0.084262
0.407697
0.664113
0.714103
0.926389
0.894894
0.595141
0.607959
-0.040010
-0.697806
0.570605
-0.875668
0.420270
0.161351
0.511032
0.123875
0.332499
-0.177282
0.031526
-0.428694
0.750908
-0.584155
0.920713
0.546556
0.808649
-0.774773
-0.467940
0.840022
-0.220862
-0.818415
0.221473
0.268166
0.573107
-0.463057
-0.002106
0.837031
-0.396344
-0.274209
0.308817
-0.384808
-0.048250
-0.599048
0.563707
0.987182
-0.050203
0.683340
0.440535
-0.350322
-0.202063
-0.126804
-0.164159
-0.557115
-0.527085
-0.985168
-0.972106
-0.418256
0.740165
0.289102
0.497665
0.327006
0.950438
0.678762
-0.589282
-0.201025
0.346049
-0.714042
-0.484420
-0.344523
-0.610706
-0.544786
-0.554735
-0.972961
0.958007
-0.530808
0.386273
-0.672353
-0.714347
0.573656
0.403058
0.718131
-0.647267
0.068026
0.389813
0.741447
-0.873165
-0.714164
0.973571
-0.188818
-0.065279
0.072176
-0.362468
0.050935
0.289651
-0.578784
-0.443831
0.878414
-0.039094
0.369304
0.980041
-0.167821
0.014679
-0.861446
0.687674
-0.865352
-0.652882
0.951170
-0.940855
-0.004364
0.582690
0.903317
-0.374310
0.234535
0.840205
0.069552
0.424421
-0.773064
0.840815
0.757988
0.085665
-0.010651
-0.252907
-0.647206
-0.378460
0.542528
-0.768975
-0.408734
0.968871
0.452986
0.543565
-0.986633
-0.815546
0.274209
0.713126
-0.009735
0.237159
-0.084872
0.713858
0.207678
0.366558
0.118015
0.629078
0.593677
-0.066561
-0.229347
0.280984
0.244362
-0.477523
-0.930662
0.451827
0.384991
-0.776238
0.227088
0.046297
-0.107639
0.580981
0.586962
0.799432
0.728385
0.294839
0.169774
-0.832636
-0.783013
0.037568
-0.594165
-0.522935
0.283303
-0.001801
0.567980
0.425459
0.064974
0.009491
-0.552110
-0.275430
-0.377117
-0.300455
-0.586108
0.163610
0.816523
-0.913938
-0.243812
-0.100070
0.983947
0.379437
0.803949
0.183691
0.163610
-0.552599
0.023591
-0.609729
-0.614673
0.608448
0.266762
0.611621
-0.770623
-0.051119
0.239662
0.482711
0.974364
-0.288553
-0.213843
0.989380
0.673879
0.853084
-0.351360
-0.346660
0.289102
0.580370
-0.842036
-0.555773
0.256752
-0.723258
0.013825
-0.779534
0.662282
-0.563036
-0.189489
0.107150
-0.644704
-0.299112
0.268593
-0.850948
0.202857
-0.205115
-0.461776
-0.600330
-0.277139
0.375469
-0.598193
0.316324
-0.249794
0.837580
-0.903867
0.203284
-0.817255
-0.894345
-0.929258
-0.745293
0.498337
-0.328349
0.647816
-0.822993
-0.078097
-0.820124
-0.658437
-0.767632
-0.114292
-0.052705
-0.955321
0.457869
-0.627003
-0.884213
0.878475
-0.172216
-0.428999
0.343364
0.603626
-0.834223
-0.380596
0.766472
-0.802362
-0.542283
0.861995
0.837092
0.964599
0.019623
-0.070650
0.793573
0.248695
0.667531
-0.520310
0.643483
-0.199805
-0.212867
-0.561998
0.776666
0.985717
0.432600
-0.425703
0.852168
-0.829340
0.027924
-0.155248
0.149876
-0.804559
0.106601
0.362651
0.165685
0.007050
0.767266
-0.591968
0.205908
-0.331584
-0.524644
0.042817
-0.232582
-0.465987
-0.648183
-0.770562
-0.738762
-0.202857
-0.003021
-0.461165
0.623280
0.386517
0.079562
-0.176061
-0.162389
0.600574
0.941649
0.866634
-0.417707
0.937864
-0.130650
0.177953
-0.730766
-0.999084
0.735710
-0.371990
-0.322916
0.865413
-0.130589
-0.092074
-0.778314
0.032258
-0.211707
-0.620350
-0.197851
-0.816889
0.308634
0.643422
0.739006
-0.285623
-0.990356
-0.365947
-0.718497
-0.787530
0.335429
-0.234901
-0.341044
-0.138462
-0.681814
-0.328471
-0.531785
0.661855
-0.434004
-0.502792
0.729057
0.836726
-0.084384
-0.799127
-0.285134
0.257363
-0.731437
-0.413739
-0.566820
0.422895
-0.006317
0.561388
0.252724
0.774957
0.403729
0.283975
0.395978
0.031343
-0.780267
0.841609
-0.873592
-0.877804
-0.850459
0.019379
-0.162511
0.017731
-0.683279
-0.806635
-0.946532
0.542161
0.125523
-0.624256
0.432051
-0.185278
-0.185522
-0.475387
-0.615406
0.324992
-0.677419
-0.912473
-0.280435
-0.384686
0.666189
0.265603
0.462569
-0.899350
0.557482
0.181188
0.140294
0.919004
-0.679495
0.419660
-0.422956
0.906064
0.437422
-0.106418
-0.375164
-0.266701
-0.187170
0.014435
-0.561876
-0.944212
0.439802
0.302408
0.857418
0.475570
-0.528245
0.230384
0.184668
-0.299173
0.641285
-0.372967
0.642018
0.189673
0.560289
0.655995
0.566088
-0.599780
-0.362285
-0.635426
-0.916929
-0.220191
0.554003
0.568041
0.550707
-0.812738
0.667104
-0.516099
0.790887
-0.395917
0.462081
-0.281838
-0.935606
-0.040071
0.472640
-0.993103
0.700064
-0.138401
0.945311
-0.409894
0.794916
-0.687857
0.095187
0.415815
0.338115
0.755913
0.388531
0.855464
0.680898
0.470016
-0.114719
-0.061861
0.645985
0.947935
0.975890
0.828791
0.001801
-0.594775
-0.176061
-0.046480
-0.959838
-0.986572
-0.173254
-0.355144
0.845882
-0.174291
-0.766472
-0.919370
0.142735
0.654225
-0.338420
-0.445845
0.370464
0.646168
-0.530259
0.155065
0.041536
0.330058
-0.711356
-0.658864
-0.097079
0.139439
0.254738
-0.014008
0.026093
0.717704
0.224952
-0.927732
-0.833186
-0.798273
-0.228492
0.874508
0.931516
-0.043672
-0.177282
-0.373211
0.244789
0.058199
-0.902524
0.620106
-0.440291
-0.489608
-0.189489
0.061251
0.275307
-0.574145
0.397626
-0.439741
0.487533
0.034700
0.238807
-0.522385
-0.541063
0.105564
-0.466781
-0.290872
-0.683279
-0.672658
-0.278603
-0.457320
-0.308390
-0.630543
-0.202795
0.547288
0.769890
0.499496
-0.391522
-0.470199
-0.547472
-0.103000
-0.682852
-0.343791
-0.634510
0.343364
0.515549
0.280618
-0.797479
-0.594470
-0.940550
0.775506
0.564501
-0.263588
-0.665578
-0.824152
-0.943602
0.439558
-0.169225
-0.961486
-0.181982
0.052583
-0.620045
-0.640553
-0.727531
0.544786
-0.520981
-0.007477
-0.997742
0.831294
-0.903073
0.940672
-0.781732
-0.571520
-0.340556
-0.155675
0.473739
-0.059664
0.931272
-0.572130
-0.844234
0.520066
0.309977
0.935850
-0.012055
0.749870
0.743767
0.770135
0.384381
-0.209571
-0.235206
0.951476
-0.869259
0.327738
0.377606
0.488815
0.139622
0.563524
-0.559984
-0.210730
-0.897458
0.906613
0.205481
0.891354
-0.027802
-0.753716
0.993835
0.667531
0.768365
0.246620
0.871395
0.871761
-0.113620
0.873287
0.881039
0.871029
-0.500412
0.225013
0.777825
0.549608
0.621265
0.385113
-0.164159
-0.365215
-0.694632
-0.580309
-0.711295
-0.933714
-0.330058
-0.843562
0.314249
-0.440779
0.581225
-0.371746
-0.028169
-0.010529
-0.440413
0.478561
0.931394
0.339091
-0.806940
-0.804621
0.345561
-0.671072
-0.943297
0.851131
0.860103
0.446760
0.323283
-0.659597
-0.880612
0.699881
0.487777
0.614307
-0.078280
-0.429975
-0.446211
-0.294595
0.998840
0.347575
-0.675893
0.753777
-0.236061
0.091403
0.653737
0.144810
0.645558
0.709647
0.516037
0.034211
0.578051
0.423078
0.297220
-0.906003
0.393170
-0.158544
0.164892
-0.322001
0.525376
0.358989
-0.880612
-0.079928
0.922117
-0.330546
-0.995788
0.665578
0.378643
0.703177
0.438154
-0.440657
-0.297159
-0.310343
-0.074618
0.436262
-0.998047
-0.048982
0.538743
0.891964
0.285501
0.651173
0.741386
0.983154
0.259682
0.504318
0.538194
0.195471
-0.335490
0.077303
-0.407697
-0.568163
-0.923338
0.131626
0.821345
-0.870968
0.870357
-0.493576
0.330912
0.913450
0.489669
0.659902
-0.056917
0.340983
0.532090
0.654347
-0.561510
0.746025
0.908933
0.722037
0.880734
-0.627613
0.486801
0.946593
0.203101
0.383587
-0.588977
-0.745048
-0.020905
0.835994
-0.151585
0.979003
0.707450
-0.252052
-0.072726
-0.424360
0.612415
-0.541124
0.573046
-0.443770
-0.799310
0.651967
-0.473861
-0.845149
0.852535
-0.512131
0.652821
0.488693
-0.795709
0.682180
-0.471847
0.616993
-0.801263
-0.059114
-0.906491
-0.170873
-0.123875
-0.505600
0.714103
0.750359
-0.070101
-0.310343
0.151952
0.806513
-0.120701
-0.937193
-0.232215
-0.570299
0.297647
0.778619
-0.937193
0.281899
-0.902097
-0.098483
0.269753
0.786798
0.990051
-0.284890
-0.805597
-0.624989
0.915464
0.618030
0.992431
0.294229
0.251137
0.577136
-0.013764
-0.708853
0.829768
-0.946776
-0.854854
-0.206458
