-0.238075
0.082064
-0.209082
0.273721
-0.237526
-0.215918
-0.857723
-0.900693
0.669912
0.487106
-0.071200
-0.107273
0.045808
0.116245
-0.195837
-0.764458
-0.187414
0.599353
0.412702
-0.188330
0.126682
-0.223304
-0.484848
-0.499313
-0.587268
-0.331767
-0.520493
-0.473556
-0.863155
0.741874
-0.966491
0.709891
-0.747307
-0.261513
0.431257
0.602893
0.720206
0.519700
0.454634
-0.418683
0.114414
-0.307596
-0.613086
-0.391888
0.533189
-0.476547
-0.397137
0.315958
0.511521
-0.371258
0.075655
-0.485031
-0.921018
0.656301
-0.440291
-0.178991
0.612659
-0.220679
0.502915
0.210913
0.595019
0.447310
-0.102512
0.128941
-0.941893
-0.702689
-0.609119
-0.797418
-0.083834
-0.024262
-0.991028
0.638112
-0.877010
-0.823420
-0.742851
0.187963
0.601550
0.874569
-0.705252
0.798151
0.059786
-0.884579
-0.733451
0.352702
-0.501083
0.896054
0.621815
0.740837
-0.156957
-0.787713
0.902219
0.313883
-0.349895
0.799432
0.157079
0.109958
-0.077548
-0.326029
-0.996643
-0.619312
-0.598560
0.502426
-0.146702
-0.406598
0.742363
-0.765252
-0.635182
0.872005
0.753960
0.298196
0.198035
-0.841792
0.471175
0.657033
-0.969115
0.186499
-0.493149
-0.207434
0.630177
-0.196081
0.482406
0.074984
0.687307
0.314249
0.232826
0.984558
-0.172582
-0.967956
0.915891
0.245399
-0.830683
-0.716361
0.232582
0.677480
-0.407453
-0.812006
0.512803
-0.382366
-0.449019
-0.354106
-0.065950
0.973632
0.312174
0.827143
0.975524
0.714896
0.820490
0.292398
-0.188025
0.898190
-0.092929
0.645680
0.905454
-0.076022
-0.526719
0.773675
0.031343
-0.444685
-0.045198
-0.835505
0.486129
-0.938108
-0.830195
0.461715
0.098972
0.921201
-0.001190
0.079745
0.683584
0.531968
0.273476
0.882321
0.991943
0.406720
-0.704581
0.554918
-0.020112
0.022919
0.538560
0.437117
0.493088
0.287515
-0.650990
0.237098
-0.935606
0.473128
-0.286721
-0.394391
0.121677
-0.142674
-0.796503
-0.857295
0.980163
0.949767
-0.875851
0.439558
0.761467
0.552599
0.807611
-0.015473
0.296121
-0.174657
0.371563
-0.930540
0.366314
-0.885922
-0.517747
-0.686819
-0.701224
0.349956
-0.872250
-0.322428
0.322794
0.992737
0.747490
0.816950
0.214820
-0.590136
-0.999695
-0.156529
-0.753044
-0.199072
-0.310648
0.163488
0.973998
0.525620
-0.863155
0.661061
-0.472701
-0.947264
0.070650
-0.138707
-0.105075
-0.905087
-0.014985
-0.120640
-0.886654
0.626148
0.597949
0.844600
-0.065279
0.980041
-0.945860
0.738701
0.484359
-0.672170
-0.860408
-0.551805
-0.472030
-0.036164
-0.370647
-0.285562
-0.113804
0.092563
0.426923
0.290323
-0.883847
-0.270608
-0.791559
0.129673
-0.009308
0.647633
0.399091
-0.457259
0.867977
0.541917
0.264687
-0.261696
-0.901730
0.095065
-0.945799
-0.320902
0.084078
-0.739494
-0.718314
0.950194
0.299966
-0.147313
-0.852840
0.603992
-0.070162
-0.611621
-0.899167
-0.495102
0.389508
0.818049
0.973937
0.391705
0.539109
0.407575
0.944456
0.180090
0.412336
0.707633
0.600513
-0.739067
-0.870174
0.709891
0.219459
0.009857
-0.378155
0.892331
-0.692495
-0.860958
0.744621
0.026704
-0.744682
-0.880612
-0.842402
0.121372
-0.123447
0.627308
-0.906796
0.508652
-0.324992
0.357524
-0.454512
-0.975280
-0.410504
-0.882321
-0.565844
-0.323283
0.982421
-0.513169
0.737785
-0.741020
-0.357707
-0.818232
-0.553087
0.991394
-0.463424
0.660878
0.098788
0.443587
-0.644520
0.697745
0.854915
-0.837214
0.802728
-0.511582
-0.719779
-0.540941
0.633595
0.402509
-0.467818
-0.580309
-0.777154
0.301187
0.814081
0.129917
-0.437239
-0.917051
0.226905
0.051546
-0.321940
0.009674
0.769829
-0.119419
0.395978
-0.826411
0.327494
0.923093
-0.878170
0.726737
0.621632
-0.799799
-0.278909
0.038911
0.100986
-0.584643
-0.355449
-0.091830
0.335429
-0.004791
-0.368511
-0.945006
0.085177
0.206519
0.622303
0.405316
-0.790094
0.229591
-0.845332
-0.331523
-0.686758
0.228675
-0.496078
0.290139
-0.981628
0.692495
0.125462
-0.759087
-0.976562
-0.759697
-0.805231
0.419050
0.661550
0.588183
-0.586535
-0.880184
0.321390
-0.735771
0.306925
0.975219
0.939207
-0.311075
-0.652211
0.470382
-0.078829
0.066622
0.577258
0.950438
0.503037
-0.984802
-0.125828
0.897275
-0.640614
-0.282510
-0.340312
-0.947142
0.889462
0.175329
-0.832331
-0.368572
0.527940
0.841975
0.582263
-0.337931
-0.256630
-0.950316
-0.655568
0.741569
-0.148412
0.167089
0.872311
0.146886
0.702017
-0.118198
-0.613880
0.022004
-0.059725
-0.425642
-0.161412
0.562853
0.638417
-0.722343
0.184240
0.179479
0.682180
0.622547
0.103305
0.340556
-0.388287
0.546190
0.386578
-0.539781
-0.968688
-0.183081
0.324198
-0.805780
0.401166
0.030854
-0.765923
0.963683
-0.688589
-0.748955
0.328776
-0.595752
-0.814814
-0.099216
0.921079
0.632801
-0.373333
-0.300333
-0.649525
-0.433454
0.842463
0.723441
-0.351482
-0.254860
0.360759
0.910581
0.410871
0.859004
0.855159
0.084445
0.219214
-0.947996
-0.177770
-0.249306
-0.611560
0.157933
0.109348
0.133091
0.821100
-0.806269
-0.704703
0.998169
-0.993408
-0.165319
-0.361003
-0.671926
0.890988
0.647633
-0.024934
0.830378
0.447127
0.746330
0.337809
0.991272
-0.935667
-0.184240
-0.201086
0.951964
-0.741630
-0.950865
-0.765374
0.032258
0.498154
-0.051424
-0.516648
-0.209632
0.285562
-0.565844
-0.569323
0.690237
0.898862
0.272988
0.999878
-0.850032
0.037812
0.221229
0.994079
0.950438
0.224158
0.548448
-0.036348
0.954588
-0.557787
0.691092
-0.886044
-0.233558
0.705069
-0.246803
0.862178
0.315714
0.133396
-0.829768
0.697378
0.295145
-0.978149
-0.294290
0.651540
0.583483
0.691946
0.641957
-0.074374
-0.355571
-0.289834
0.975585
0.853572
-0.463668
-0.844234
-0.320658
0.119175
-0.374432
-0.242347
-0.484970
0.419782
-0.607959
-0.398907
-0.000763
0.008942
0.788751
-0.580859
0.028779
0.338908
0.992553
0.513291
0.188940
-0.478561
-0.585864
0.788263
-0.253517
0.789361
-0.881222
0.011261
-0.580187
-0.894589
-0.185522
0.553697
-0.420392
0.541246
-0.731132
0.943236
0.798273
-0.054476
-0.621265
-0.501633
-0.717643
0.588610
0.660146
-0.254433
-0.233619
-0.766717
0.663076
0.238441
0.879086
-0.357219
-0.937498
0.750664
0.519150
-0.849666
0.397565
-0.082980
0.488998
-0.497360
-0.637867
-0.531114
-0.144444
-0.882015
0.778619
-0.251991
-0.165807
0.123753
-0.709952
-0.121738
-0.233070
0.805292
0.894528
-0.492416
-0.073702
-0.477340
-0.437300
0.921567
-0.721183
0.572192
-0.804743
-0.174902
-0.757683
-0.074496
0.873470
-0.579272
-0.681021
-0.728751
0.499008
-0.285379
-0.813349
0.250160
0.511521
0.326884
-0.819208
0.240577
0.448592
0.411847
-0.129246
0.503037
0.177343
0.882565
-0.418317
-0.642750
-0.499313
-0.636525
-0.356975
0.457503
0.497909
-0.423566
0.806757
-0.467513
0.072176
0.675832
-0.447127
0.689322
0.244606
-0.782525
-0.292825
0.259560
-0.078646
-0.865902
-0.972655
-0.307901
0.089450
0.763726
-0.037080
0.622669
0.696707
-0.493027
-0.162389
-0.552904
-0.568896
-0.240455
0.998962
-0.726066
0.552599
-0.991394
-0.905637
-0.662343
-0.914609
-0.907834
-0.225318
0.047639
0.521897
0.814447
-0.111179
-0.082369
0.964049
0.507004
-0.979980
0.401654
0.739189
0.541673
-0.672414
-0.582263
0.346477
0.552782
0.229652
-0.137059
-0.940611
0.695608
-0.437666
0.591784
0.037141
0.396649
-0.042268
-0.083834
-0.795160
0.617786
-0.668752
-0.413251
-0.134434
0.714286
0.107700
0.284219
0.706900
-0.960509
-0.639088
0.029878
0.477157
-0.872860
-0.820795
0.328104
0.770989
-0.484603
0.182958
-0.681753
0.028962
-0.320109
0.174841
-0.846919
0.683645
0.479965
-0.966613
0.780267
-0.563524
0.219886
0.451765
0.763176
-0.322184
0.539720
0.591784
-0.430342
0.931883
0.478195
0.977111
0.425459
-0.762627
0.196570
-0.339213
0.341899
0.368999
-0.109165
0.554125
-0.358928
-0.976012
-0.040681
0.133518
-0.634388
-0.665578
0.476547
-0.602161
0.114536
0.382122
0.325236
-0.328715
0.715934
-0.904965
-0.509873
0.925901
0.628346
0.981323
-0.847163
-0.538621
-0.530198
0.978759
0.719901
-0.817621
0.833125
0.093600
0.260781
-0.799677
-0.524644
-0.919187
0.132237
-0.222144
-0.409467
0.100436
-0.084262
0.407697
-0.322733
0.714103
0.432844
0.894894
0.372234
0.607959
-0.186010
-0.697806
-0.819575
0.185278
0.420270
0.161351
0.713736
-0.552660
0.332499
-0.160985
0.641163
-0.186621
0.337626
-0.186377
-0.962035
-0.707266
-0.843074
-0.167333
-0.467940
0.840022
-0.648244
0.611499
-0.096530
-0.435591
-0.113315
0.216407
-0.002106
0.837031
-0.396344
-0.274209
0.641408
-0.384808
-0.048250
-0.599048
0.563707
-0.618397
0.085482
0.683340
0.440535
0.268777
0.827937
-0.126804
-0.164159
-0.557115
-0.527085
-0.985168
0.802301
-0.634388
0.474715
0.967406
0.868099
0.078463
0.950438
0.678762
-0.589282
-0.963073
0.169774
-0.494430
-0.066256
-0.344523
0.426984
-0.544786
-0.806207
0.342326
-0.936766
-0.530808
0.386273
-0.201575
0.425031
0.573656
0.403058
0.952025
-0.614978
0.318339
-0.289590
0.741447
0.640248
-0.483261
0.973571
-0.478439
0.994690
0.401288
-0.349834
0.050935
-0.183935
-0.578784
0.228370
0.132786
-0.224891
0.369304
0.980041
-0.302225
0.014679
0.509445
0.687674
0.231300
-0.652882
0.951170
-0.940855
-0.004364
0.582690
0.903317
-0.374310
0.328959
0.977050
-0.353923
0.424421
-0.773064
0.840815
0.830683
0.401044
0.029389
-0.252907
-0.647206
-0.108921
0.141209
-0.768975
0.379254
0.968871
0.757317
-0.714103
-0.986633
0.720084
-0.214942
0.002655
-0.002411
0.083529
0.857173
-0.725883
0.211463
0.900571
0.628895
0.629078
0.593677
0.490768
-0.229347
0.390423
-0.301126
-0.477523
0.389996
0.595386
0.384991
-0.528916
-0.039521
0.046297
0.061678
-0.628529
-0.383892
-0.619678
0.728385
0.442793
0.807611
0.732963
0.705191
-0.876034
0.752007
0.588610
-0.582751
0.144932
0.567980
0.425459
0.518113
0.225745
-0.552110
-0.275430
0.433576
-0.300455
-0.586108
0.163610
-0.135411
-0.913938
0.923032
0.997925
0.535386
-0.989746
0.823542
0.082980
0.146886
-0.552599
0.023591
-0.609729
-0.426984
0.608448
0.726066
0.611621
-0.379498
-0.023896
0.239662
-0.223975
-0.557787
-0.288553
-0.213843
0.989380
0.673879
0.853084
-0.869625
-0.694876
0.435774
-0.192236
-0.842036
-0.555773
0.256752
-0.723258
0.951598
-0.896176
0.798334
-0.563036
0.541368
-0.966491
-0.545946
-0.585742
-0.141087
0.403974
0.202857
-0.205115
-0.377239
-0.170324
-0.708914
-0.290567
-0.670766
-0.223304
0.700247
-0.237587
-0.809381
-0.653432
-0.817255
0.820246
-0.328227
-0.811823
0.887082
-0.328349
0.991821
-0.822993
-0.078097
-0.820124
-0.658437
-0.767632
-0.114292
-0.276833
-0.955321
-0.855037
-0.432295
0.741264
-0.826228
-0.939390
-0.428999
-0.542344
0.603626
-0.914243
-0.297769
-0.876705
0.598193
-0.542283
0.861995
0.837092
0.964599
0.035798
-0.070650
-0.129124
-0.297098
0.783746
-0.066073
0.866085
-0.199805
-0.108066
-0.478072
0.723685
0.985717
-0.521531
-0.425703
0.852168
0.568346
0.676199
-0.155248
-0.644581
0.875973
-0.461409
0.819269
0.834773
-0.872494
0.767266
-0.591968
-0.746818
-0.331584
0.908139
0.806391
-0.168615
-0.465987
0.825556
0.484787
-0.738762
-0.690298
-0.003021
-0.929624
0.623280
0.696402
0.079562
-0.138401
-0.162389
0.600574
0.941649
-0.159154
0.232276
-0.529160
0.937254
0.177953
-0.563829
-0.999084
0.862911
-0.371990
-0.322916
0.887448
-0.130589
-0.092074
0.439924
0.848689
-0.211707
-0.705985
-0.913388
-0.941771
-0.640553
0.636402
0.739006
-0.285623
-0.990356
-0.365947
0.645375
-0.787530
0.335429
-0.234901
-0.341044
-0.706595
0.196142
-0.421857
0.977416
0.017792
0.668081
0.588061
0.729057
0.836726
-0.084384
-0.799127
-0.285134
-0.904111
0.316568
-0.413739
-0.907468
0.401410
-0.103122
-0.925962
0.140904
-0.171545
0.710868
0.283975
0.395978
-0.476302
-0.780267
0.841609
-0.873592
-0.583911
-0.850459
0.019379
0.860591
0.749260
-0.683279
0.402020
-0.946532
0.403851
0.125523
-0.142186
0.432051
0.230384
-0.185522
-0.475387
0.271584
0.324992
0.111057
0.710379
-0.084872
0.083285
0.666189
-0.712271
0.186560
-0.268899
0.504074
-0.694754
0.140294
0.301309
-0.679495
-0.708365
-0.422956
0.906064
0.437422
0.656667
-0.375164
-0.266701
-0.629749
0.683096
0.956053
-0.944212
0.439802
-0.071749
0.857418
-0.655568
-0.528245
0.773370
0.219214
0.849666
-0.619922
-0.372967
-0.109226
-0.845637
0.560289
0.655995
0.566088
-0.599780
0.126743
-0.635426
-0.634205
0.267556
0.554003
0.558885
-0.050264
-0.475448
0.667104
0.557054
0.790887
-0.795770
0.462081
-0.740654
0.792962
-0.040071
-0.094516
-0.993103
0.700064
-0.980224
-0.426740
-0.409894
0.794916
-0.518967
0.095187
0.415815
0.062410
-0.791131
-0.628040
0.855464
-0.172887
-0.609485
-0.121738
-0.119785
0.645985
-0.541246
0.881283
-0.244301
0.001801
-0.099826
-0.773553
-0.046480
0.320048
0.907712
0.842097
-0.510483
0.502670
-0.174291
0.009919
-0.919370
0.054537
-0.667959
-0.806024
-0.445845
0.370464
-0.100803
-0.530259
0.748466
0.364971
-0.286294
-0.253090
-0.658864
0.555956
-0.787408
0.254738
-0.014008
-0.410993
-0.405805
0.224952
-0.828852
-0.833186
-0.798273
-0.510300
0.874508
-0.998108
-0.900266
0.469588
-0.768365
0.993652
0.058199
-0.902524
0.748344
-0.440291
-0.525742
-0.189489
0.061251
0.275307
-0.574145
0.397626
-0.156407
0.490951
0.177892
0.648671
-0.302408
-0.541063
0.105564
0.235633
-0.290872
-0.683279
-0.672658
-0.721488
-0.457320
-0.668935
-0.517624
-0.202795
-0.949400
0.629688
0.499496
-0.391522
-0.142369
0.557054
-0.103000
-0.682852
-0.328532
-0.634510
0.343364
-0.039399
-0.291787
-0.797479
-0.496811
-0.887875
0.775506
0.564501
-0.263588
-0.078097
-0.600696
-0.784600
-0.383221
-0.091830
-0.961486
0.876827
0.052583
-0.493210
0.930601
0.057955
0.544786
-0.594836
-0.399945
-0.997742
-0.657765
0.029206
-0.913022
-0.316507
0.404706
-0.800836
-0.155675
0.167150
0.856014
0.157201
-0.572130
-0.774407
0.520066
0.309977
0.935850
-0.238624
-0.670644
0.743767
0.770135
0.384381
0.174535
-0.235206
0.951476
0.882382
0.327738
0.377606
0.517136
0.637440
0.563524
0.710746
-0.210730
-0.897458
0.348369
-0.325724
0.587390
-0.027802
-0.753716
0.993835
0.127659
0.401532
0.246620
0.514695
0.871761
-0.625050
0.873287
-0.852535
0.871029
-0.500412
0.225013
-0.276528
0.549608
0.621265
0.385113
-0.164159
-0.718925
0.817255
-0.975768
-0.711295
0.163671
-0.572802
-0.601794
0.314249
-0.440779
0.581225
-0.604602
-0.028169
0.832514
-0.358135
0.478561
0.931394
-0.881893
-0.316568
0.085910
0.440474
-0.804437
0.928465
0.657582
-0.259621
-0.760613
0.323283
-0.044160
-0.880612
-0.914182
-0.731925
-0.430647
0.135655
-0.429975
0.228797
-0.294595
-0.330180
0.009125
-0.272439
-0.573534
0.567248
-0.686636
-0.289285
0.126133
0.645558
0.709647
0.516037
0.034211
-0.454817
0.708548
0.297220
-0.906003
0.739006
-0.909848
-0.921140
-0.322001
0.525376
0.560961
0.230201
-0.079928
-0.678701
-0.330546
-0.026032
0.826594
0.378643
0.703177
0.274087
-0.528733
0.957091
0.084689
-0.074618
-0.746452
-0.029206
-0.393536
0.212989
0.640858
0.324381
0.651173
-0.224158
0.107517
0.259682
0.904660
0.538194
0.195471
0.092502
-0.844661
0.196997
-0.948851
0.670949
0.876461
0.821345
-0.700552
-0.534837
0.767876
0.082430
0.913450
0.489669
0.113498
-0.804621
0.340983
-0.568590
0.674001
0.784295
-0.084384
0.051729
0.722037
-0.080477
-0.469649
0.486801
0.946593
0.751885
-0.809687
-0.588977
-0.227393
0.538499
0.835994
-0.207617
0.293374
-0.484664
-0.252052
0.189795
-0.424360
-0.591601
0.917966
0.573046
0.637074
-0.799310
-0.960326
0.391705
-0.303995
0.165685
-0.351176
0.386517
-0.421430
0.843562
0.692190
0.595141
0.163244
-0.801263
-0.059114
0.518357
0.721976
-0.123875
-0.194494
0.786981
-0.757927
-0.070101
-0.492538
0.018220
-0.567248
-0.120701
0.663076
-0.882260
-0.161046
-0.293313
-0.782525
-0.937193
-0.334147
0.364788
0.342143
-0.054292
0.234230
0.695425
-0.490097
-0.842280
-0.333232
0.984008
-0.081454
-0.320353
-0.360027
-0.264626
0.577136
-0.013764
0.568468
0.829768
0.725883
-0.800836
-0.206458
