0.499680
0.082064
0.516892
0.570299
0.265053
0.952269
0.057833
-0.900693
-0.611438
-0.828852
-0.071200
-0.202063
0.045808
0.314005
-0.712333
0.820978
-0.187414
0.599353
-0.907224
-0.188330
0.126682
-0.223304
-0.023225
-0.499313
-0.587268
0.603565
-0.520493
0.742180
0.442305
0.741874
-0.966491
-0.944273
0.868038
0.821528
-0.981323
-0.789544
-0.984008
0.106845
0.454634
0.929685
-0.783502
0.821650
-0.769951
-0.769707
-0.165502
-0.476547
-0.571398
0.315958
0.511521
0.464705
-0.471969
0.073824
-0.921018
0.826960
-0.440291
-0.178991
0.612659
-0.234840
0.502915
0.210913
0.595019
0.273843
-0.102512
-0.897885
0.106113
-0.702689
0.187231
0.685842
-0.245094
-0.079623
0.410688
0.573656
-0.877010
-0.823420
-0.456954
0.965941
0.578478
-0.171178
-0.911252
-0.747246
0.665822
-0.094882
0.763176
0.823725
-0.365947
0.897275
-0.059603
0.740837
0.498520
-0.787713
0.902219
0.313883
0.730583
0.550707
-0.017731
0.109958
-0.077548
-0.326029
-0.996643
-0.773431
-0.598560
0.502426
-0.276040
-0.154576
0.321390
-0.765252
-0.635182
-0.187170
0.266457
0.560472
0.198035
-0.558947
0.554979
-0.201392
-0.969115
-0.469710
-0.973754
-0.270791
0.132237
-0.868465
0.482406
0.074984
0.854060
-0.808466
0.232826
-0.989746
-0.172582
-0.806207
0.915891
-0.240516
-0.830683
-0.716361
0.470809
0.677480
0.194189
-0.957396
0.424482
-0.913694
-0.106174
-0.415448
0.857662
0.625904
0.312174
-0.993164
0.975524
-0.877194
0.063387
0.292398
-0.188025
0.898190
-0.092929
0.636891
0.905454
-0.076022
-0.445601
0.985290
-0.668813
-0.657521
0.318644
0.759575
0.400983
-0.938108
0.815790
-0.346538
0.098972
-0.648854
-0.001190
0.079745
0.683584
0.531968
0.808222
0.711295
0.617664
-0.206763
0.158605
-0.892026
-0.664296
0.022919
0.389813
0.153356
0.780938
-0.629505
-0.650990
-0.069369
-0.202368
0.473128
-0.286721
0.723930
0.121677
0.819880
-0.796503
0.696402
-0.128819
0.635609
-0.790582
0.439558
0.022614
-0.409650
-0.126560
0.028291
0.296121
0.475021
-0.222877
-0.636219
0.366314
0.576830
-0.088290
0.543443
0.933958
-0.535508
0.519822
-0.085726
0.288736
0.992737
0.747490
-0.318644
0.920713
-0.590136
-0.999695
-0.281899
-0.330241
-0.199072
0.618152
0.583605
0.461653
0.525620
0.877010
-0.501450
-0.304910
-0.947264
0.890316
-0.138707
0.940916
-0.905087
-0.014985
-0.120640
-0.886654
0.626148
0.803156
-0.039766
-0.857845
-0.878964
-0.945860
-0.321390
0.484359
0.270791
0.229774
0.620350
-0.472030
-0.036164
0.370281
0.579455
-0.863338
-0.013581
-0.621509
0.728324
-0.883847
-0.270608
-0.791559
0.507797
-0.009308
-0.002289
0.205969
0.752068
-0.993164
-0.997131
0.078463
0.770562
-0.890439
0.095065
0.980834
0.701468
0.084078
-0.739494
-0.694327
0.950194
-0.581713
0.852718
-0.288430
-0.999084
-0.070162
0.774041
-0.899167
-0.495102
0.389508
-0.604663
0.284646
0.181616
-0.460250
-0.168432
0.944456
-0.204321
-0.780084
0.707633
-0.541124
-0.161168
-0.009003
-0.044038
0.219459
0.009857
-0.171972
-0.520615
-0.051973
-0.860958
0.744621
0.026704
-0.744682
-0.790887
0.699759
-0.936949
0.150853
0.451949
-0.984375
-0.770196
-0.324992
0.357524
0.225257
-0.975280
-0.410504
-0.882321
-0.987548
-0.323283
0.188452
-0.126316
0.150487
0.616688
0.087497
0.167394
-0.259011
0.469955
0.032929
-0.126621
-0.129124
-0.378338
-0.973144
0.344707
0.854915
-0.837214
-0.913877
0.307169
0.096347
-0.540941
0.633595
0.402509
-0.121250
-0.479049
-0.067537
0.584643
0.814081
-0.515915
-0.437239
0.146153
0.226905
0.245643
-0.085299
0.976379
-0.794061
-0.119419
-0.365642
0.794244
0.327494
0.151402
0.408856
0.602283
0.621632
0.038789
-0.411725
0.028291
-0.101230
-0.082064
-0.280740
-0.091830
0.190771
0.014740
-0.684927
-0.664113
0.818110
0.206519
0.622303
0.405316
-0.232643
0.229591
0.179540
0.352641
-0.520310
-0.113376
-0.025483
0.963378
0.258705
0.692495
0.125462
-0.759087
-0.537217
-0.759697
-0.805231
0.419050
0.015412
0.588183
-0.206824
-0.880184
0.369366
-0.735771
-0.326640
0.975219
0.939207
-0.311075
-0.833064
0.470382
0.884823
0.192236
0.577258
0.222510
0.503037
0.294046
-0.125828
0.897275
-0.640614
0.034944
-0.340312
0.026399
0.889462
0.616199
-0.696036
-0.393231
-0.286233
0.841975
0.582263
-0.337931
-0.256630
-0.950316
-0.342326
0.644154
-0.179174
-0.393963
0.872311
0.146886
0.893490
0.774346
-0.650319
0.022004
-0.059725
-0.422834
-0.381207
0.562853
-0.598193
-0.722343
0.184240
0.969787
-0.894528
0.983581
-0.106052
-0.061129
-0.388287
0.009674
0.386578
-0.539781
-0.968688
-0.750481
0.735832
-0.805780
0.510666
-0.588305
-0.296793
-0.741691
-0.172521
-0.893796
-0.217566
0.193274
0.212134
0.117161
0.921079
-0.966430
-0.373333
-0.300333
-0.233985
-0.439558
-0.137486
0.723441
-0.705679
-0.868282
-0.758232
0.590258
-0.385540
-0.150426
0.962157
0.977599
-0.040071
-0.436934
-0.177770
-0.249306
-0.914426
0.391705
0.109348
-0.872921
-0.718680
0.997803
-0.704703
-0.173254
-0.528672
-0.165319
-0.466597
-0.969298
-0.502976
-0.743339
0.153478
0.642689
0.005646
0.746330
0.337809
0.991272
-0.987548
0.243019
-0.235145
0.763482
-0.741630
-0.950865
0.027619
-0.524155
0.498154
0.682424
0.232826
0.998291
-0.137059
0.097690
-0.103244
0.690237
0.167760
-0.300882
0.699087
-0.850032
-0.261574
0.221229
0.994079
0.270363
-0.608386
0.589526
-0.036348
0.980712
-0.557787
0.691092
0.141392
-0.233558
-0.990967
0.697623
0.803461
-0.452254
-0.434065
-0.829768
-0.747612
-0.046052
0.968566
-0.294290
0.862728
0.143284
-0.615406
-0.994629
0.945128
-0.355571
-0.289834
0.975585
0.567125
-0.771783
-0.844234
-0.490158
0.036897
-0.781854
-0.218116
0.854488
0.419782
-0.464217
-0.398907
-0.875546
-0.140110
-0.590320
-0.260231
0.028779
0.338908
0.727226
0.513291
0.205054
-0.251015
-0.738639
0.739128
0.784967
-0.155980
-0.103244
0.655202
-0.580187
-0.894589
-0.063509
0.687002
-0.715323
0.541246
-0.731132
0.943236
0.521348
-0.054476
-0.621265
-0.102573
-0.007660
-0.739006
-0.630238
-0.438765
-0.233619
0.149327
0.129368
-0.883297
0.167821
-0.182897
-0.036103
0.750664
0.414777
-0.849666
-0.095676
-0.155248
-0.819514
-0.891781
-0.637867
-0.430403
-0.144444
0.003571
0.778619
-0.324747
-0.165807
0.123753
-0.540696
-0.829890
-0.880428
0.957884
0.894528
-0.492416
-0.253029
-0.477340
-0.437300
-0.795648
-0.601611
0.572192
-0.804743
-0.174902
0.376507
-0.166478
-0.710196
-0.579272
-0.671987
-0.812616
0.311930
-0.937986
-0.813349
0.250160
0.511521
-0.437361
-0.819208
-0.092685
0.686636
0.411847
-0.129246
-0.726432
0.785455
0.882565
-0.076266
0.399213
-0.499313
0.971801
0.393780
-0.095981
0.460982
-0.423566
0.806757
0.377422
0.072176
0.675832
-0.447127
0.956114
0.244606
0.317179
-0.292825
0.259560
-0.078646
0.599963
-0.790033
-0.239784
0.089450
0.763726
-0.037080
0.480453
0.696707
-0.493027
-0.162389
0.818598
0.755852
-0.240455
0.128574
0.127171
0.002472
-0.803766
-0.905637
-0.582324
-0.094211
-0.907834
-0.225318
0.047639
0.067232
0.806330
0.761895
-0.082369
0.964049
0.047884
-0.721366
0.935850
0.267006
0.541673
-0.672414
-0.582263
-0.179235
0.552782
0.388531
-0.967345
-0.940611
0.773003
-0.915830
0.725150
0.167333
0.396649
0.374676
-0.083834
0.053011
0.172582
-0.615162
0.534104
-0.134434
-0.917112
0.101291
0.783441
0.706900
-0.960509
-0.639088
0.029878
0.477157
-0.872860
-0.496323
-0.867428
-0.806207
0.980773
-0.279153
-0.681753
-0.885556
-0.320109
-0.572069
0.361919
0.829829
0.358928
0.812006
0.780267
0.817927
0.517502
0.451765
0.763176
-0.322184
-0.662648
0.047578
-0.883969
0.503647
0.478195
0.977111
-0.750908
-0.273232
0.788995
0.709708
0.341899
0.368999
-0.109165
-0.110508
-0.358928
-0.545701
-0.040681
-0.055879
-0.634388
-0.687368
0.476547
-0.602161
0.361858
-0.798029
0.325236
-0.328715
-0.321696
-0.904965
-0.509873
-0.516160
0.702383
0.981323
-0.847163
-0.752007
-0.530198
0.842158
0.719901
-0.817621
0.916196
0.093600
0.260781
0.851985
-0.524644
-0.919187
0.436934
-0.832270
0.412946
0.560411
-0.084262
0.407697
0.664113
0.714103
0.679373
0.894894
0.641774
-0.108493
0.277993
-0.697806
0.570605
-0.875668
-0.433454
0.970031
0.481491
-0.920225
0.332499
-0.177282
0.031526
0.861812
0.750908
-0.584155
0.920713
0.546556
0.808649
-0.774773
-0.467940
0.498520
-0.220862
-0.818415
0.221473
-0.435591
0.573107
-0.463057
-0.002106
0.837031
-0.396344
-0.274209
-0.890561
0.006317
0.443464
-0.599048
0.563707
0.507492
-0.203711
0.683340
0.440535
-0.350322
-0.202063
0.875301
-0.417158
-0.557115
-0.527085
-0.985168
0.907712
-0.634388
0.579882
0.289102
0.497665
0.327006
0.950438
0.945372
-0.589282
-0.963073
-0.620533
0.388714
-0.484420
-0.344523
0.891232
-0.544786
-0.554735
-0.972961
-0.569872
-0.530808
0.386273
-0.672353
-0.714347
0.573656
0.561632
0.718131
0.222938
0.068026
0.389813
0.741447
-0.873165
-0.714164
0.834407
-0.188818
-0.266091
0.401288
-0.362468
0.528733
-0.488144
-0.578784
-0.443831
0.878414
-0.039094
-0.147435
0.980041
-0.167821
0.014679
-0.855159
0.687674
-0.865352
-0.652882
0.951170
-0.940855
-0.004364
0.582690
0.903317
-0.374310
-0.377728
0.840205
0.069552
0.424421
-0.773064
0.840815
-0.984985
0.922056
-0.010651
0.600208
-0.647206
-0.933653
0.542528
-0.768975
0.379254
0.968871
0.452986
0.543565
-0.986633
-0.815546
0.274209
-0.065157
-0.009735
0.237159
-0.999878
-0.829340
-0.096591
0.366558
0.628895
0.629078
0.593677
-0.066561
-0.229347
-0.422224
-0.301126
-0.051119
-0.930662
0.451827
-0.561022
-0.776238
0.227088
0.046297
-0.107639
0.580981
0.586962
0.799432
0.728385
0.833796
0.169774
-0.832636
-0.869320
-0.772027
-0.245216
-0.522935
0.283303
-0.978210
0.567980
0.425459
-0.106174
0.522935
-0.552110
0.315043
-0.377117
0.622913
-0.586108
-0.216041
0.816523
-0.913938
-0.243812
0.969176
0.983947
0.379437
0.803949
-0.957579
0.163610
0.229225
0.023591
-0.609729
-0.614673
0.274514
0.717704
-0.874813
-0.379498
-0.051119
0.239662
0.482711
-0.943113
-0.288553
-0.213843
-0.490524
0.673879
0.853084
-0.869625
-0.346660
0.289102
-0.020722
0.118198
0.513047
0.256752
-0.223853
0.013825
-0.779534
0.662282
0.169713
-0.189489
0.107150
0.347087
-0.721732
0.020417
0.727042
0.202857
-0.205115
-0.461776
-0.600330
-0.708914
0.523911
-0.598193
-0.859188
-0.249794
0.837580
-0.903867
0.203284
-0.817255
-0.894345
0.411054
-0.811823
0.498337
-0.328349
0.647816
-0.822993
-0.078097
-0.820124
0.609363
-0.767632
-0.114292
0.248878
-0.053316
0.954222
-0.627003
-0.884213
0.117405
-0.172216
-0.909665
0.343364
0.603626
-0.834223
-0.481002
-0.876705
-0.717582
-0.542283
0.861995
0.837092
0.964599
0.019623
-0.070650
0.793573
-0.076754
0.667531
-0.520310
0.643483
-0.199805
-0.212867
-0.561998
0.776666
0.985717
0.432600
-0.037202
0.852168
-0.829340
0.027924
0.276711
0.149876
0.538743
0.190405
0.362651
0.165685
0.007050
-0.187048
-0.591968
0.205908
-0.331584
0.769768
0.042817
-0.341166
-0.465987
-0.648183
-0.770562
0.333293
-0.202857
-0.003021
0.215369
0.623280
0.049532
0.178625
-0.289163
-0.162389
0.600574
0.941649
-0.752861
-0.417707
0.937864
-0.130650
0.177953
-0.730766
-0.999084
0.735710
0.047151
0.553819
0.865413
-0.130589
0.192602
0.439924
0.032258
-0.211707
-0.620350
-0.197851
-0.816889
0.308634
-0.189673
0.739006
-0.285623
0.997314
-0.365947
-0.718497
-0.623280
-0.739067
-0.234901
-0.341044
-0.138462
-0.681814
0.323283
-0.531785
-0.726310
0.956420
-0.729667
0.729057
0.268105
-0.084384
-0.799127
-0.269936
0.257363
-0.731437
-0.096652
-0.371380
0.422895
-0.006317
0.561388
0.621876
-0.171545
0.403729
0.283975
0.395978
0.651967
-0.780267
0.622913
-0.873592
0.367656
-0.850459
0.491501
-0.162511
0.017731
-0.683279
0.402020
-0.946532
0.542161
0.125523
0.048677
0.667104
-0.185278
-0.185522
-0.475387
-0.612659
0.324992
-0.677419
-0.912473
-0.280435
-0.384686
0.666189
0.184057
0.462569
-0.559008
0.557482
-0.146519
0.140294
0.919004
-0.679495
0.419660
0.171056
0.906064
0.437422
-0.543809
0.487350
-0.266701
0.464400
0.014435
-0.561876
-0.944212
0.439802
0.302408
0.857418
0.475570
-0.528245
0.563036
0.908567
-0.299173
-0.619922
-0.372967
-0.810480
0.034211
0.560289
0.655995
0.566088
-0.599780
0.255959
-0.635426
0.743400
-0.220191
0.554003
0.568041
0.057955
-0.485458
0.667104
-0.516099
0.790887
-0.210181
-0.016083
-0.491440
-0.935606
-0.211768
0.472640
0.402814
0.700064
-0.138401
0.945311
-0.409894
0.063875
-0.687857
0.680471
0.415815
0.338115
-0.054292
0.388531
0.855464
-0.574267
0.470016
-0.114719
-0.061861
0.645985
-0.541246
0.975890
0.828791
0.001801
-0.594775
-0.121006
0.177099
-0.959838
-0.543565
-0.173254
-0.510483
0.845882
-0.174291
-0.766472
-0.621204
0.142735
0.654225
-0.338420
-0.445845
0.370464
0.646168
-0.530259
-0.495407
0.727226
0.604846
-0.537034
-0.658864
-0.097079
0.139439
-0.371197
0.503220
0.026093
0.717704
0.224952
-0.927732
0.368938
-0.798273
-0.228492
-0.238136
-0.830744
-0.043672
-0.177282
-0.373211
0.244789
0.058199
0.879452
0.620106
-0.440291
-0.489608
-0.189489
0.585559
0.275307
-0.574145
0.397626
-0.439741
0.487533
0.034700
-0.952574
-0.522385
0.386090
0.105564
-0.466781
0.470870
-0.683279
0.762017
-0.278603
-0.457320
-0.009186
-0.630543
-0.202795
0.547288
0.769890
-0.116489
-0.391522
0.667226
-0.547472
-0.103000
-0.682852
-0.343791
-0.634510
0.343364
0.515549
-0.915769
-0.632923
0.328593
-0.940550
0.302286
0.564501
-0.677419
0.596362
-0.824152
0.227882
0.439558
-0.169225
-0.961486
-0.181982
0.052583
-0.493210
-0.640553
-0.258705
0.544786
-0.520981
-0.851802
-0.997742
-0.197913
-0.903073
0.940672
-0.316507
-0.571520
-0.340556
-0.155675
0.473739
0.322489
0.931272
-0.572130
-0.844234
0.520066
0.309977
0.485763
-0.501633
0.749870
0.743767
-0.272195
0.384381
0.524155
-0.235206
0.951476
-0.251381
0.327738
0.617115
0.488815
0.683157
0.563524
-0.559984
-0.210730
-0.629078
0.906613
-0.752739
0.465621
-0.027802
-0.753716
0.572375
0.913022
0.768365
0.246620
0.871395
0.395306
-0.113620
0.873287
0.881039
0.871029
-0.500412
0.225013
-0.276528
0.549608
0.621265
0.385113
-0.164159
-0.365215
-0.694632
-0.580309
-0.711295
0.163671
-0.330058
-0.843562
0.314249
-0.552965
0.581225
-0.604602
-0.028169
-0.010529
-0.440413
0.478561
0.931394
-0.686880
-0.316568
-0.804621
0.345561
-0.671072
0.163244
-0.946471
0.860103
-0.174780
-0.085665
-0.659597
-0.352702
-0.220496
-0.731925
0.614307
-0.078280
-0.429975
-0.446211
-0.294595
0.998840
0.347575
-0.781915
0.753777
-0.236061
0.091403
0.653737
0.183752
0.778314
0.842280
0.516037
0.034211
0.578051
0.423078
0.297220
0.223548
0.393170
-0.158544
0.164892
-0.322001
0.824091
0.358989
-0.880612
-0.469771
0.922117
-0.330546
0.772881
-0.194494
0.378643
0.601978
0.876339
-0.440657
-0.297159
-0.310343
-0.074618
0.436262
-0.998047
0.297647
0.538743
0.891964
-0.245033
0.651173
0.283059
-0.137242
0.259682
0.504318
0.538194
0.195471
-0.456771
0.077303
-0.407697
0.654042
-0.923338
0.131626
0.821345
-0.870968
0.846370
-0.493576
0.330912
0.770623
-0.660634
0.771966
-0.781732
0.340983
0.470138
0.158971
-0.865658
0.746025
0.908933
0.722037
0.938292
-0.830988
0.486801
0.347026
0.604846
0.383587
-0.588977
-0.672720
-0.020905
0.835994
-0.151585
0.979003
0.707450
-0.252052
-0.072726
-0.424360
-0.591601
0.226905
0.573046
-0.436384
-0.799310
0.108554
-0.473861
-0.845149
-0.275857
-0.512131
0.386517
0.488693
-0.795709
0.682180
-0.471847
0.616993
0.814325
-0.059114
0.034516
-0.170873
-0.123875
-0.194494
-0.373760
0.750359
-0.342631
-0.310343
0.151952
0.806513
-0.120701
0.663076
-0.699576
-0.784051
0.297647
0.778619
-0.937193
-0.833552
-0.902097
-0.098483
-0.054292
0.339335
0.066561
-0.541246
-0.278420
-0.624989
0.915464
0.685110
0.992431
0.042207
0.251137
0.451399
-0.013764
0.568468
0.292642
-0.946776
-0.854854
-0.206458
