0.063875
0.474044
-0.740715
-0.889157
-0.495285
0.647206
0.655995
0.999817
0.434492
0.664357
0.109714
-0.891842
-0.042268
-0.780511
0.065279
0.808649
-0.671072
0.919004
0.576830
-0.273537
0.715629
-0.290994
0.861751
-0.027558
0.241310
-0.816340
-0.938719
0.855281
0.779290
-0.077609
0.754692
-0.822199
0.851924
0.773919
0.658681
-0.417035
-0.536668
-0.426862
-0.191259
-0.814631
0.466231
0.420515
0.275735
-0.470687
-0.429060
-0.284280
-0.693472
0.268654
-0.758538
0.220618
-0.608386
0.271706
-0.635853
0.985839
0.737968
0.358501
-0.110813
0.897763
-0.844234
0.923460
0.489425
0.520615
0.250587
-0.547044
-0.555040
-0.238929
-0.878353
0.107395
0.375469
0.102206
0.179296
-0.122898
0.968566
0.842586
0.462752
-0.288430
-0.228309
-0.072726
-0.451338
-0.834773
0.475875
0.250160
-0.510544
-0.563036
0.766289
-0.390667
0.308145
0.854060
-0.487716
0.859737
0.964049
-0.746513
-0.140721
0.757256
-0.882015
-0.057039
0.348308
0.129978
0.533555
0.335856
0.304117
0.546068
0.484176
0.067537
-0.035249
0.062166
-0.660146
-0.764458
-0.129307
0.637013
-0.512375
0.253883
-0.993103
0.959105
0.397626
-0.171300
-0.918088
-0.782098
-0.731681
0.911557
-0.142796
0.326823
0.173009
-0.093112
-0.402142
0.083773
0.344157
0.414411
-0.624561
-0.199499
-0.037141
0.981384
0.574633
0.173742
-0.775750
-0.865474
0.890439
0.922422
-0.305948
0.006623
0.458846
0.245705
0.464400
0.828608
0.059542
-0.201270
-0.313456
-0.332926
0.485519
-0.464400
0.510544
-0.134861
-0.686270
0.588061
0.268410
-0.674062
0.970519
-0.404157
0.322611
-0.639393
-0.818354
-0.341350
-0.620655
0.315043
-0.387799
0.170263
0.843928
0.650197
-0.108615
0.088534
0.848994
0.947874
0.116062
0.717338
-0.309305
0.008393
-0.153478
-0.549608
-0.568346
0.787225
0.433515
-0.080721
-0.314554
0.031343
-0.377483
-0.701224
0.611316
0.621998
0.085910
-0.913755
-0.081271
0.313822
-0.416181
-0.413923
-0.712210
0.177404
0.606067
-0.422529
0.164769
-0.351115
0.481368
-0.499130
0.608264
0.157079
0.829585
0.237220
-0.680837
0.263222
0.070406
-0.037568
0.192236
-0.594165
0.118381
-0.987548
0.911008
-0.306803
0.132115
0.735710
-0.300272
0.160314
-0.369671
0.985046
0.479659
-0.479659
-0.627308
0.155126
-0.409223
-0.594775
0.803522
0.592822
0.089328
0.463057
0.611744
-0.988464
-0.034455
0.023225
0.528855
-0.127293
-0.252297
0.807550
-0.988891
0.509507
-0.661000
0.620228
-0.962645
0.685598
-0.979980
0.558214
-0.388226
-0.430952
0.770867
-0.207984
-0.209998
0.532945
0.967406
0.355083
0.165685
-0.452986
0.894833
-0.677664
0.527818
0.962767
-0.414167
0.817621
-0.228248
-0.617359
-0.124424
0.013886
0.744926
-0.649464
-0.877804
0.110263
-0.709464
0.423933
0.040803
-0.466414
-0.858699
-0.416913
-0.152562
0.769829
0.154393
0.253456
0.048616
-0.212683
0.927793
-0.596973
-0.289712
-0.373272
-0.190649
0.839290
-0.754997
0.065828
0.910337
0.913999
-0.280984
-0.367412
-0.698294
0.132603
-0.012665
-0.162938
-0.754265
-0.868954
0.265053
-0.033479
0.310099
0.273049
-0.542772
-0.515183
0.294351
-0.863704
-0.401959
-0.062044
0.384503
0.857784
0.699087
0.467025
0.632496
-0.399396
-0.431928
-0.492477
-0.166540
-0.268044
0.418256
0.539109
-0.394940
-0.496750
-0.161718
0.594897
0.134434
0.237770
0.049715
0.762993
0.045686
-0.820124
0.082308
-0.220130
-0.783441
-0.835810
-0.163915
-0.764092
0.562853
-0.354289
0.871883
0.690298
0.432478
-0.941343
-0.850826
-0.358135
0.252419
-0.040864
-0.701041
-0.167760
-0.712394
-0.639027
0.778436
-0.100192
-0.479659
0.777459
0.671987
-0.145848
-0.369610
0.090732
0.465072
-0.516587
-0.244484
-0.149022
0.603687
0.352702
0.811579
0.431196
-0.252480
-0.751274
0.475021
-0.999878
-0.817988
0.661367
-0.231178
0.555589
0.622913
0.046602
-0.618213
-0.356059
0.288736
0.134190
-0.777276
-0.626820
0.005524
0.441389
0.327006
-0.690664
0.343669
0.865169
-0.648305
-0.518906
-0.731437
-0.931394
-0.714225
0.715934
-0.772088
0.335795
-0.034883
-0.182348
0.827570
0.096774
0.864315
0.699087
0.656667
-0.959227
-0.301737
-0.760613
-0.608509
0.867489
0.328288
0.746818
-0.152684
-0.081210
-0.775750
0.236366
0.452986
0.843013
0.598193
-0.692495
-0.572741
-0.471541
-0.376263
-0.662343
0.407392
0.037690
0.711783
0.323405
-0.308084
0.149571
-0.922971
-0.982360
-0.236305
-0.419416
0.386883
-0.474105
-0.765435
0.967772
0.386761
-0.393536
-0.920347
0.834956
-0.983764
-0.891903
-0.968261
0.682058
0.502304
0.743156
0.501694
0.410932
0.892331
0.352886
-0.209021
-0.519578
-0.459639
0.338420
-0.292520
-0.595996
0.418928
-0.539537
-0.999145
0.837031
-0.972167
0.518479
-0.325236
0.928953
0.128269
-0.758354
-0.469588
-0.866634
-0.995605
-0.065218
-0.119480
0.376873
-0.538072
0.989257
-0.695059
-0.180212
0.103732
0.714103
0.542528
-0.919492
-0.116489
-0.715323
-0.688406
0.774895
-0.973388
-0.111179
0.897275
-0.766778
0.188574
0.373272
0.675405
0.717948
-0.551866
-0.428816
0.140904
0.166906
0.176244
-0.488266
-0.569201
0.885250
-0.320231
0.289041
-0.971557
-0.269997
-0.961913
-0.113437
-0.697562
-0.237220
-0.968505
-0.948729
-0.410627
-0.049593
-0.333293
-0.542589
0.103732
-0.046968
0.431684
-0.200903
0.198218
0.022187
-0.641041
-0.604175
-0.019562
-0.032685
0.785150
0.911496
0.110569
-0.230079
-0.624928
0.246132
-0.603320
0.005951
-0.752800
-0.224952
-0.034455
-0.246742
0.544786
-0.752800
-0.275246
0.145299
-0.723502
-0.191687
-0.089206
0.325846
-0.878353
-0.435408
-0.554125
-0.823115
-0.359478
-0.057222
0.233924
0.807184
-0.078829
0.037507
0.924192
0.901303
-0.712455
-0.656362
-0.852596
0.193152
-0.501267
-0.784845
0.603626
0.432966
-0.986633
-0.386822
-0.571703
0.388226
0.066134
0.935850
-0.345073
0.207373
0.809076
0.240516
0.260964
0.675649
0.009613
-0.535813
0.656117
0.576464
0.888058
0.461837
0.236061
-0.357280
-0.951292
-0.688772
-0.075533
0.978271
0.658437
-0.241493
0.211585
-0.163488
0.301492
-0.448164
0.820246
0.806391
-0.652882
-0.494491
0.064791
0.857540
-0.537156
0.102878
0.750420
-0.863704
-0.276833
-0.448164
0.554064
0.130284
0.060945
-0.081576
0.901669
-0.591968
0.509568
0.934507
0.200415
0.688589
0.096713
0.654714
0.326273
0.482345
-0.324259
0.793878
0.599414
-0.050203
-0.773064
0.165014
0.114353
0.943175
0.782891
0.797723
0.887265
0.869991
-0.482406
0.049654
0.947569
0.930540
0.059420
0.675832
-0.148961
0.199683
0.287454
0.350200
0.100192
0.744865
0.626087
-0.063448
0.458724
-0.051241
0.019318
0.168920
0.958922
0.699087
-0.526414
-0.691580
-0.137242
-0.518174
0.347880
-0.368511
0.570849
0.649037
-0.114658
-0.920347
0.509568
-0.459517
-0.852229
0.136021
-0.705496
-0.433699
0.314676
-0.652882
-0.935545
0.401715
0.554552
-0.785821
-0.539903
-0.371319
0.875057
-0.406354
0.314920
-0.220740
0.457320
-0.819880
-0.857356
-0.856929
0.057283
-0.425398
-0.717154
0.721671
0.491806
0.992187
0.158544
-0.776360
-0.788873
-0.877987
0.514389
0.414167
-0.472091
0.399091
0.930296
-0.546495
-0.544786
0.934568
-0.065828
-0.647023
0.977294
-0.659658
0.873226
-0.629139
-0.367351
0.806879
0.926328
-0.460067
-0.529527
-0.587756
-0.363384
-0.426069
0.029633
-0.948363
0.993225
0.108554
0.030793
-0.103793
0.202429
0.676382
-0.372967
0.011689
0.107456
0.630360
0.956236
-0.609485
-0.783441
-0.681509
0.247291
0.789483
-0.457869
-0.259255
-0.037263
-0.192114
-0.497848
0.702811
-0.788568
-0.579394
-0.234718
-0.887326
0.899594
-0.664357
0.191626
-0.121067
0.127476
0.945799
-0.489792
-0.309061
0.061129
0.937681
-0.644948
-0.942015
-0.386029
-0.604114
0.752495
-0.450056
0.993774
0.514573
0.433638
0.580004
-0.125217
0.431990
0.440901
0.874203
0.637745
0.992553
0.149510
0.420515
-0.391705
0.103305
-0.518723
-0.019684
-0.009430
-0.394513
0.864803
-0.626942
-0.117832
-0.457198
-0.369549
-0.664968
0.706473
0.313761
-0.457503
-0.311686
0.982971
0.072237
-0.891964
0.919248
0.639698
0.907224
-0.869503
0.153844
-0.368267
-0.227882
-0.816706
-0.648549
-0.459334
-0.893918
0.551622
-0.431990
0.862850
0.286538
-0.101230
0.131809
0.508347
0.590075
0.167882
0.823054
-0.575793
0.771477
0.029084
0.935484
-0.740959
0.534959
0.023469
-0.847102
0.313028
-0.785821
0.632130
-0.369488
-0.242225
0.658132
0.891964
0.447615
-0.828974
0.843440
0.716178
0.366314
0.870174
-0.896115
-0.857173
-0.264138
-0.192236
-0.374248
-0.114719
0.583300
0.703360
-0.732841
-0.736381
-0.869198
0.172887
-0.529283
0.145604
0.263710
-0.793817
-0.331034
-0.067415
0.976562
0.263344
0.132298
0.133274
-0.813654
-0.469588
-0.336161
0.923948
-0.452071
-0.214209
0.185095
0.549852
0.856563
0.834468
-0.301737
0.589953
0.049471
0.693350
0.393292
0.382366
0.414411
0.224952
-0.591052
0.260292
0.505600
0.098605
0.173254
0.026887
-0.084445
-0.408307
0.663747
-0.519822
-0.715262
0.295022
0.567553
0.195044
-0.027802
-0.273110
-0.961730
0.567614
0.046602
-0.481735
0.478927
-0.110019
-0.762383
-0.186804
-0.376019
0.578478
-0.217078
-0.684378
-0.433454
0.971374
-0.142796
0.670217
0.533616
-0.940367
0.250526
-0.288736
0.421308
-0.533921
0.713736
0.076205
0.982482
0.631336
-0.869991
-0.198889
-0.425031
0.846187
-0.174108
0.931944
-0.773431
0.249062
0.916684
-0.798944
0.305765
-0.604907
0.144993
0.305582
-0.149388
0.907346
-0.442671
-0.811884
-0.883175
0.336528
0.868648
0.993042
-0.772454
0.010895
-0.371746
0.312845
0.155370
-0.771538
-0.402020
0.704581
0.467818
0.911313
-0.512558
0.782159
-0.014679
-0.072665
-0.058748
0.672231
0.667959
0.769402
0.235084
0.897763
-0.885922
-0.077120
-0.525071
0.911313
0.466597
-0.836970
0.202246
-0.622852
0.892026
0.000641
0.774346
0.153478
-0.232643
-0.767144
-0.822260
-0.870052
-0.880490
0.456648
-0.371136
-0.368694
-0.504501
0.813776
0.933226
-0.986328
0.508530
-0.316080
0.110569
0.869808
-0.648732
0.772271
-0.983032
-0.968993
-0.419050
0.499924
-0.529527
0.994995
0.650014
0.312296
0.473617
0.916440
-0.669301
-0.295022
0.041658
-0.035615
-0.929624
-0.523362
-0.005951
-0.293252
0.499619
-0.059053
0.958983
0.008087
0.512253
0.553880
-0.160192
-0.016572
0.673208
-0.308206
-0.957701
0.984252
-0.849239
-0.986511
-0.096286
-0.586901
-0.323527
-0.328654
0.170080
0.528428
-0.971557
0.982482
0.328654
0.699149
0.444502
-0.564074
-0.475570
0.314127
0.275246
0.153783
-0.949522
-0.145421
-0.996948
-0.799921
-0.029084
0.878292
0.475021
0.298807
0.229408
-0.618824
0.441877
0.467452
0.264504
-0.761345
0.237526
-0.495468
-0.345683
-0.546129
0.692557
0.409467
0.782220
-0.777764
0.052522
-0.396588
-0.650258
0.230750
-0.871822
-0.534410
-0.681692
0.195776
-0.683096
-0.397870
-0.981628
0.284219
-0.028901
-0.623402
-0.665944
-0.652211
-0.147008
-0.155492
-0.012787
-0.980041
0.284219
-0.382977
-0.125828
-0.321818
-0.476485
0.922727
0.484603
0.881466
-0.947386
-0.566332
0.412702
-0.758171
-0.104404
0.232521
-0.901730
-0.753044
-0.553636
0.125828
-0.050325
0.631031
0.414899
-0.615528
0.763665
-0.931150
-0.930357
-0.847407
-0.894711
-0.945555
-0.965148
0.564440
0.010895
0.263405
0.807550
0.628834
-0.531114
-0.239357
-0.882809
-0.770745
-0.072909
0.636097
-0.062044
0.314615
0.003082
-0.543565
0.650868
0.775750
0.798944
0.503342
-0.875118
0.400555
0.796442
-0.924558
0.436079
0.739677
0.461043
-0.330241
-0.110630
-0.112156
-0.296487
0.418134
-0.859859
0.903623
0.119846
0.250343
-0.588672
-0.614368
-0.728324
-0.842341
0.037812
-0.810236
0.285989
-0.370586
-0.043367
0.971068
-0.474776
0.269509
-0.190344
-0.134800
0.485275
-0.715629
0.387249
-0.253029
0.020478
-0.610584
0.914121
0.604541
0.446333
-0.005158
0.587878
-0.680715
-0.743645
0.448653
0.843623
-0.479354
-0.436323
0.806452
0.210669
0.944212
-0.352641
-0.552355
0.860103
0.314432
0.252480
-0.558947
-0.885983
-0.676443
-0.408673
-0.644032
0.516953
-0.898618
0.350688
-0.589587
0.610706
-0.792840
0.629322
-0.945128
-0.194617
-0.372295
-0.533860
-0.198889
0.597156
-0.449507
0.863582
-0.953612
0.598560
-0.432844
0.236549
-0.706717
-0.148106
0.817682
0.627857
0.466292
0.057894
0.514939
0.575915
0.448653
0.101962
-0.622730
-0.613758
-0.890744
-0.655385
0.085177
-0.328898
-0.685049
-0.913083
-0.180273
0.967284
-0.532640
0.901791
0.220374
-0.239601
0.437666
0.522935
0.888180
-0.150182
0.427290
-0.507981
-0.678823
0.858638
-0.491867
0.835505
0.629017
-0.945677
-0.317057
-0.409040
0.784478
0.982299
0.005402
-0.356975
0.566271
0.074923
0.545274
-0.632435
0.360149
0.668447
0.129856
-0.923765
0.428266
-0.392743
-0.732963
0.068575
-0.100803
0.093905
-0.194555
0.779656
0.618702
-0.755791
-0.590991
-0.156590
-0.389264
0.577990
0.899777
-0.940855
0.400861
-0.078524
-0.583422
-0.576769
0.080477
-0.093417
-0.244911
-0.286966
0.631581
0.666372
-0.114780
-0.660634
0.635365
0.747673
-0.589038
-0.084872
-0.875729
0.076266
0.084017
0.045930
-0.331278
-0.911557
-0.324198
0.998047
-0.753105
0.001740
-0.357097
-0.532029
0.788446
0.292337
0.853267
0.984191
-0.813410
-0.152074
-0.881283
0.910947
-0.457259
-0.905637
-0.548509
0.223304
-0.859920
-0.352824
0.048433
-0.770196
0.123325
0.235084
-0.244240
-0.763848
-0.570116
0.634083
-0.101962
-0.245949
-0.256020
-0.104648
0.580554
-0.661916
0.045320
0.112583
0.524155
-0.264931
0.111667
-0.479659
-0.058626
0.299234
-0.522568
-0.261391
-0.815485
-0.956297
-0.724723
-0.282632
0.566637
-0.925596
0.637745
0.791009
-0.457259
-0.387127
-0.243385
0.283303
0.655934
-0.370159
-0.391400
0.719047
-0.783990
0.638295
-0.230934
-0.531236
-0.253700
-0.716727
-0.555040
0.939695
0.135777
-0.644276
0.713187
-0.633717
0.919065
0.755119
-0.880673
0.750969
0.914731
0.181005
0.058504
0.496506
0.105625
-0.211646
-0.742668
0.722526
0.463485
0.967406
-0.324015
-0.161657
-0.464766
-0.329325
0.008332
-0.469588
0.619190
-0.776482
-0.594104
0.304361
0.779351
-0.821833
-0.778802
0.571093
0.457869
0.478561
0.449812
-0.206763
0.619312
0.285195
0.468551
0.162755
0.099460
-0.693655
0.147130
0.891110
0.503281
-0.532823
0.048311
0.044954
-0.903745
-0.984497
-0.004975
0.992126
-0.175878
0.320597
0.401166
0.474654
-0.130955
0.880001
-0.984802
0.109165
-0.878536
0.430769
-0.158300
-0.514695
0.452254
-0.833247
-0.918638
-0.831538
-0.059542
0.990844
0.175756
-0.504318
0.678091
-0.949950
0.770196
-0.351543
-0.062838
-0.044954
-0.637196
0.002594
0.650563
0.153539
-0.765191
-0.229286
-0.448408
-0.531602
0.301798
-0.615467
0.612659
-0.681997
-0.925779
-0.603137
-0.558885
-0.577685
-0.007965
0.593188
-0.935240
-0.832698
0.775018
0.037507
-0.416303
-0.517930
0.516770
0.147008
0.698416
0.914182
0.475448
0.882260
-0.897336
0.072604
0.764580
0.170446
0.040681
0.537034
0.451704
0.708792
-0.902707
-0.655263
0.790826
-0.221839
0.411664
-0.964415
0.051607
0.229041
0.871029
-0.202918
-0.569201
0.897519
-0.031953
-0.629322
-0.307047
0.997436
-0.190954
0.598132
-0.736991
-0.698477
-0.224219
-0.867122
0.051363
-0.763054
-0.672231
-0.720023
-0.885067
-0.012421
0.431745
0.415021
0.728874
0.257363
0.004120
-0.695120
0.267556
-0.561632
0.422163
0.085665
0.900327
0.279824
0.676138
-0.108066
0.655629
0.023041
-0.526109
0.256691
0.856563
0.138585
0.775018
0.446638
0.272744
-0.470199
-0.236122
-0.474227
-0.952879
-0.317606
0.605090
0.914365
0.371197
-0.597339
0.317850
0.760308
-0.009857
0.561144
-0.361919
-0.057161
-0.896908
0.789117
0.008026
-0.109958
-0.666616
0.714774
-0.581652
0.529710
-0.374615
0.709586
-0.060945
-0.512864
-0.138157
0.452132
0.528245
-0.350505
-0.297647
0.444807
-0.001556
0.620594
0.984924
0.997131
-0.526902
0.056368
-0.871944
-0.422895
0.013703
0.951537
-0.805536
0.405988
-0.353191
-0.221656
0.842769
-0.313150
0.668996
0.467696
0.345805
0.755486
0.144322
-0.687857
0.237831
0.731315
-0.656911
0.145299
0.953734
-0.168126
0.341899
-0.182104
-0.363811
-0.270425
0.387921
-0.971679
0.044893
-0.592090
