0.715079
-0.746574
-0.926328
0.539415
-0.109592
0.388043
-0.172704
0.096957
0.730888
-0.938292
0.718497
0.013276
0.105014
-0.956053
-0.684072
-0.806269
-0.694021
-0.162206
-0.862423
-0.564745
-0.191015
0.062410
0.850764
0.645253
0.789483
-0.572069
0.804376
-0.904172
0.122837
-0.052644
-0.997620
0.433699
0.851924
0.152989
-0.746696
-0.539476
-0.626637
0.301065
-0.191259
-0.517685
-0.275613
-0.704215
-0.793695
0.255165
0.756890
-0.140904
0.584887
-0.658254
0.021699
-0.274514
-0.675405
-0.484848
-0.163610
0.028596
-0.077120
0.964171
0.600513
-0.542100
-0.721549
0.474349
0.244667
-0.972961
-0.542711
0.419538
0.898801
-0.469832
-0.378033
0.309671
0.977905
0.073519
-0.696036
0.834101
0.248268
0.336589
-0.020661
-0.268410
-0.091464
-0.537950
0.256691
0.770440
-0.696219
0.791986
0.312601
0.340922
-0.164159
0.510056
0.746879
-0.012848
0.429731
-0.633778
-0.299234
0.528977
-0.145604
-0.367351
0.449690
0.266335
0.015900
0.164342
-0.276955
0.880123
0.771905
0.415448
0.060335
0.269082
0.570605
-0.701834
-0.757073
-0.574999
-0.441511
0.030305
-0.390912
0.015961
0.929807
0.482650
-0.110263
-0.280923
0.628407
0.095370
-0.813288
0.088107
-0.721000
-0.551134
0.852596
-0.489914
-0.849178
-0.268044
-0.990478
-0.540086
-0.205420
0.292459
-0.753349
0.589831
0.478622
0.727653
-0.679861
0.035432
-0.534349
0.064302
0.431379
0.369732
0.986755
0.700552
-0.962828
-0.179724
-0.665883
0.455855
0.486679
-0.971984
-0.770623
-0.544359
-0.526597
-0.203345
0.973327
0.816950
-0.797235
1.000000
-0.496811
0.836970
-0.954955
0.569384
0.630787
0.703421
-0.620655
0.276406
-0.387799
-0.499619
0.986084
0.996643
0.373577
-0.709830
0.589404
-0.091464
-0.128758
0.910764
0.768914
-0.754753
0.317789
-0.973632
0.210608
-0.457930
0.187963
-0.580493
-0.444685
-0.262429
-0.367718
0.654592
0.069552
-0.111911
0.729423
0.801263
0.824213
-0.452437
0.715018
-0.493393
-0.259682
0.695608
0.964782
-0.057955
0.106357
0.116550
0.568224
-0.499130
0.946959
0.457991
-0.563097
0.612293
0.951109
0.452132
0.367229
0.751518
-0.705618
-0.346660
0.460311
0.771661
0.588244
-0.643361
-0.884762
0.483993
0.073519
-0.587817
-0.679373
0.408185
0.848506
-0.479659
-0.615345
0.230689
-0.013459
-0.653432
-0.183630
-0.917722
-0.445967
-0.272683
-0.484603
-0.766045
-0.828547
-0.256630
-0.041475
-0.537034
-0.990417
0.863399
0.927000
0.558214
-0.119358
-0.317911
-0.962096
-0.342998
0.175024
0.043306
-0.413800
0.016083
0.787408
0.083834
-0.879086
0.157262
-0.572863
0.501999
-0.009919
-0.153233
0.237037
-0.721244
0.170385
-0.821711
0.619922
0.078646
0.515427
-0.415815
-0.607898
0.597766
0.197913
-0.639332
-0.332316
0.895138
-0.418622
-0.292459
-0.406171
-0.620716
0.732963
-0.706656
-0.899106
0.206885
0.154393
-0.483261
0.200781
-0.165441
0.699149
0.443709
-0.038301
-0.689261
-0.865413
-0.544908
0.261452
-0.314371
0.919858
-0.677053
0.728263
-0.132420
0.045442
-0.840266
-0.065767
-0.518845
0.692373
0.349345
0.088900
0.554796
0.432478
0.961425
0.913144
0.905393
-0.707999
0.093234
-0.001251
-0.397687
0.557726
-0.650807
0.792230
0.891598
-0.978210
0.430464
-0.353801
-0.725761
0.660939
-0.499496
-0.545518
-0.307413
-0.935789
-0.862423
-0.691275
0.425398
-0.224464
-0.841853
0.851314
0.315470
-0.304422
0.672536
0.343852
0.620838
0.365398
0.829585
-0.027863
0.417158
-0.411054
0.424909
-0.196936
0.868648
-0.854488
-0.311014
0.993164
0.769158
0.889523
-0.040864
-0.150243
-0.385052
-0.225196
0.275674
0.463363
0.380963
-0.004364
0.500778
0.185583
0.569018
-0.847346
-0.835505
-0.839228
-0.657216
-0.812372
-0.115513
0.603687
-0.069002
0.324870
0.011139
-0.376751
0.489608
-0.979858
-0.999878
-0.120579
0.186438
-0.232521
0.119053
0.745231
-0.795526
0.803278
0.997620
0.254555
-0.081454
-0.073763
0.962401
-0.464217
0.235145
-0.401898
0.437666
0.200842
-0.971374
0.351787
0.995056
-0.700919
-0.906796
0.554552
-0.494919
0.643300
-0.880795
0.704825
0.487472
-0.320597
-0.742973
-0.807855
0.699087
0.425214
-0.860714
0.234596
-0.054170
0.588916
0.077975
0.396466
-0.766778
-0.894894
0.578600
-0.003937
0.420026
-0.074679
0.080844
0.870724
0.403607
0.381634
-0.703909
-0.376263
0.306436
-0.077059
-0.777886
-0.691641
-0.064791
0.957213
0.148839
0.990112
0.371685
0.013703
0.084567
-0.913755
-0.287210
0.692434
0.437788
-0.096957
0.308023
-0.925779
0.390667
0.077242
0.865047
0.630970
0.211951
0.438337
0.231910
-0.695059
0.746941
0.681265
0.256935
-0.636708
0.352031
0.575732
-0.692312
-0.192236
-0.195837
-0.810053
0.219886
-0.504685
0.596973
-0.963561
-0.569079
-0.506088
-0.184729
0.389386
-0.078036
-0.469588
-0.872372
0.911618
0.665212
-0.912900
0.356792
-0.650807
-0.077609
0.741020
-0.809381
-0.714713
0.353313
-0.143895
0.336833
0.315714
-0.956175
0.695608
0.655690
-0.615345
-0.988769
0.637867
0.527940
-0.896603
0.465804
-0.722098
-0.877438
0.978027
0.897580
-0.216834
0.085482
0.426923
-0.178747
0.567980
-0.286538
-0.260781
0.459334
-0.233497
-0.096225
0.549974
-0.597400
-0.390790
0.600146
0.188635
0.381878
0.954772
0.735649
0.250710
0.644154
-0.963988
0.045137
-0.257851
0.317606
0.015656
-0.432661
-0.641041
-0.694143
-0.639393
-0.812922
-0.387860
-0.284158
0.264626
-0.230079
-0.680898
0.351054
-0.892453
-0.051790
0.357646
0.389447
0.419599
0.274697
-0.110996
0.899899
-0.275246
0.240577
0.934080
0.909543
0.806207
-0.383343
-0.047456
0.397992
0.611682
0.347209
-0.406720
0.173376
0.233924
-0.479965
-0.745293
0.003571
-0.044832
0.750053
0.120151
-0.224830
0.642140
0.688711
0.345317
0.052461
-0.738639
0.483932
0.807428
-0.174047
0.243263
0.307352
0.994690
-0.462630
-0.748405
-0.609363
-0.762017
-0.514756
-0.939451
-0.198706
-0.183325
0.086337
0.984985
-0.545763
-0.641591
-0.494736
0.795404
0.972289
0.658071
-0.639393
-0.531419
0.620777
-0.442793
-0.978454
-0.909604
-0.004913
-0.235389
-0.099277
0.455489
-0.909055
0.901730
0.823908
0.967528
0.573168
-0.537156
0.254555
0.731742
-0.761162
0.571947
0.657216
-0.456221
0.986145
0.710135
0.492172
-0.043977
0.812067
0.648793
0.345256
-0.882565
-0.772576
-0.326945
0.790094
0.018036
-0.486068
0.436323
-0.147923
0.069674
-0.596484
0.353008
-0.277993
0.814875
0.991394
-0.232154
0.252113
0.887265
-0.330119
-0.406232
0.063082
0.092563
0.212928
0.916196
0.625477
0.182348
0.348735
0.538560
-0.562731
0.100192
0.512375
-0.125401
-0.984497
-0.666372
-0.821589
0.890194
0.580981
0.579882
-0.970275
0.168249
-0.386700
-0.114597
-0.889706
0.372600
-0.190527
0.808161
0.740654
0.049715
-0.138951
0.847591
-0.915708
-0.248878
0.653432
-0.491989
-0.092074
-0.359539
-0.491928
0.001373
-0.242836
0.361187
0.091342
0.439070
-0.371319
-0.826350
0.403729
0.891659
0.835505
0.694998
0.187353
0.640431
0.909299
0.809320
0.793878
-0.148595
0.766839
-0.835994
-0.681936
-0.444990
0.797113
-0.928343
-0.639454
-0.445296
0.689322
0.993835
0.531114
0.500595
0.300455
-0.775323
-0.569811
-0.885372
-0.647023
-0.846126
-0.659658
0.690603
0.060762
-0.105075
0.575793
0.835017
0.577013
-0.163915
-0.600757
0.987732
-0.270119
0.029633
0.421674
-0.589709
-0.019990
0.842097
-0.756951
0.497665
0.667165
0.356670
-0.355510
-0.284585
0.630360
0.837092
-0.975524
-0.455611
-0.106967
0.108921
0.119236
-0.420576
-0.721427
0.884457
0.770867
0.667165
0.422773
0.747551
-0.634571
0.131809
0.416486
0.800287
-0.769280
-0.456709
0.662160
0.278115
0.143590
0.803522
0.528977
0.216529
0.930601
0.789300
0.544969
0.800958
-0.721854
0.113742
-0.250465
-0.554491
0.514573
0.906858
0.878109
0.042634
0.672964
-0.166845
0.395428
-0.651479
0.008332
0.149510
0.196142
-0.391705
0.801874
0.283425
0.419111
0.798944
0.358806
-0.385907
0.912717
-0.534227
-0.850581
0.777947
0.745598
0.886532
-0.935911
0.841121
-0.325541
0.815851
0.570055
-0.843562
0.285745
-0.131138
0.865658
0.594226
-0.037019
0.898373
-0.894894
-0.027009
0.297647
-0.697073
-0.185339
0.975951
0.622303
0.745903
-0.654592
0.363994
0.345195
0.766472
-0.475265
0.062349
-0.783380
-0.776299
0.085360
0.029084
-0.110141
0.029939
0.264504
-0.642506
0.028169
0.313028
-0.785821
0.168188
0.250282
-0.071810
-0.916868
0.442366
0.051119
0.161229
0.704459
0.031648
-0.219825
0.225074
-0.539476
0.175634
0.642201
-0.984191
0.369427
0.438276
-0.276406
0.919675
-0.266762
0.651234
-0.657094
0.477035
-0.003754
-0.370342
-0.466781
0.776482
-0.297342
-0.417646
-0.714591
-0.942869
0.132298
-0.228370
0.406354
-0.856868
0.155919
-0.684500
-0.025666
0.759514
0.505783
0.421918
0.643971
-0.099826
-0.999756
-0.429182
-0.598560
0.951048
-0.008454
-0.403912
-0.983520
0.802362
-0.207434
0.362407
-0.692251
0.700613
-0.497177
0.273537
0.640431
-0.417707
0.770318
0.987243
-0.580676
0.298929
0.567553
-0.450850
-0.383221
-0.419233
0.574694
0.691397
0.046602
0.085971
0.505600
-0.202063
-0.430036
0.943724
0.393597
-0.225135
0.073397
0.016755
-0.609119
0.878780
0.892758
-0.465804
0.446760
0.950621
0.755486
-0.569445
0.479598
0.759819
0.199988
0.577013
-0.249306
-0.122105
0.852657
0.059969
-0.775445
0.179540
-0.728202
0.931944
0.055879
-0.135899
0.391278
-0.534532
-0.931394
0.254799
-0.050874
0.011505
0.541368
-0.331156
-0.229774
0.106235
-0.931333
0.273782
-0.735221
0.558397
0.452193
0.010895
0.434187
0.554735
0.489303
0.294107
-0.930479
0.118809
0.549730
-0.077731
-0.502853
0.232826
-0.867977
0.159520
0.263710
-0.718986
-0.514878
-0.276162
-0.760979
-0.635487
-0.184484
-0.675649
0.458541
0.885006
-0.474654
-0.385235
0.350627
0.898251
-0.987060
0.753044
0.793207
0.079806
-0.445723
0.396405
-0.874752
0.198828
-0.177343
-0.929502
-0.434797
0.411237
0.194494
0.447798
-0.957274
0.033784
0.701712
0.406049
0.981506
0.226905
0.760979
-0.353496
-0.937193
-0.031648
0.147801
0.323160
-0.090732
0.727531
0.681814
0.568957
-0.654653
0.708914
0.153722
0.951659
-0.650746
0.535752
-0.609607
0.153050
0.821345
-0.357952
-0.774407
0.930784
-0.961364
-0.374248
-0.447005
0.914914
-0.160192
-0.016572
0.810724
-0.496872
-0.251381
0.984252
0.216346
-0.532701
-0.918516
0.825373
-0.067782
0.281961
-0.688223
0.307657
0.350261
0.308573
0.119236
0.699149
0.071078
0.150121
-0.527573
0.864559
0.140294
0.202551
0.680349
0.475082
-0.847591
0.734428
-0.351604
-0.186071
-0.482345
0.369915
-0.579760
-0.046541
0.252235
-0.646229
0.932615
0.841487
0.084811
-0.011139
-0.484664
-0.456648
0.258278
0.064669
-0.931516
0.828303
0.523850
-0.795160
0.869625
0.490890
-0.291177
0.595325
-0.077303
-0.392987
0.145421
-0.268838
0.831477
-0.972716
-0.601794
-0.747124
-0.081088
-0.257485
-0.940916
0.713675
-0.202246
0.389325
0.449202
-0.300821
0.723380
0.616993
-0.973449
0.069308
-0.295572
-0.822443
0.214087
-0.582324
0.074740
0.197302
0.606006
0.131382
-0.522080
0.086703
0.309977
-0.413862
-0.838252
0.569140
-0.413739
-0.228797
0.308817
0.667470
-0.608875
-0.958922
-0.336772
0.828974
-0.227821
-0.725211
0.264504
0.435469
-0.987671
0.074129
-0.531114
0.212256
0.450423
0.376507
-0.325175
0.773309
0.823176
0.855159
0.298074
0.570177
-0.023530
-0.791742
-0.824946
-0.038118
-0.304971
-0.632740
-0.645985
0.822748
0.141758
-0.753471
-0.113559
-0.849727
-0.303934
-0.531724
0.479843
0.762017
-0.441023
-0.697562
-0.274697
0.098788
0.167272
0.667531
0.713065
0.116184
0.059847
-0.698477
0.501267
0.648915
-0.896725
0.473983
-0.907407
-0.198462
-0.042207
-0.038423
-0.965758
-0.288003
-0.263710
-0.189306
-0.453230
0.354717
0.051302
0.306925
0.227454
0.590930
-0.857845
-0.470077
0.213660
0.435896
-0.406903
0.136082
-0.502670
-0.939756
-0.738456
0.575488
-0.607959
-0.810175
-0.599780
0.888668
0.595325
-0.927244
0.980285
0.501144
-0.072115
-0.393170
-0.915708
-0.698050
-0.339396
-0.349956
0.188513
-0.794122
0.281167
-0.587512
-0.018036
0.193823
0.794610
0.390667
-0.616749
0.379681
0.242958
0.938475
-0.986389
-0.976928
0.017426
0.289163
-0.344584
-0.594714
-0.113987
0.466292
-0.195959
-0.400372
-0.426435
0.787469
-0.949522
-0.854183
0.141148
-0.104587
0.986328
-0.709403
-0.115085
0.341716
0.493515
0.906308
-0.441755
0.088351
-0.230995
0.853633
-0.990356
-0.470565
-0.159154
-0.951720
-0.631031
0.488388
0.108921
-0.162938
0.226966
-0.851985
-0.269265
0.820124
0.423383
0.747856
-0.117405
0.823298
0.319254
-0.868892
0.929991
-0.565477
0.519028
-0.474471
-0.464034
-0.295389
0.271706
-0.244057
0.029511
-0.348735
-0.264565
-0.558458
-0.934080
0.889340
0.922910
0.808649
0.353740
0.563768
-0.013215
0.986755
-0.485397
-0.217139
-0.332987
0.867061
0.475936
0.429853
-0.633351
-0.415754
-0.576769
0.913205
0.030915
-0.437788
-0.894345
-0.262734
-0.114475
-0.087130
0.957762
0.888180
-0.995666
0.581103
-0.995605
0.906186
0.361736
0.845454
-0.267129
-0.815424
-0.293313
-0.870540
-0.384075
-0.059603
0.001740
0.131138
-0.424970
0.311747
-0.742912
-0.938169
-0.907773
0.723014
0.161473
0.453536
0.921079
0.946043
0.628101
0.683828
-0.813776
0.784173
-0.001801
-0.184118
0.164525
-0.204688
0.944456
0.437117
0.570727
-0.373333
-0.331950
-0.905942
0.424055
-0.358806
0.055696
0.447981
-0.288430
0.596850
0.868770
0.412580
-0.224281
0.571032
0.042024
-0.054964
-0.048250
-0.502060
-0.786615
-0.421735
0.742546
0.509812
-0.569079
0.402448
0.741203
-0.251503
-0.059786
0.128147
0.463912
-0.803339
0.638539
-0.207923
0.646962
-0.949644
-0.849788
0.885434
0.459883
0.752007
-0.052095
-0.665212
0.860714
0.979369
-0.166601
-0.443525
0.774529
-0.056124
0.908567
-0.707266
0.171484
-0.293558
-0.627552
-0.856136
-0.635121
0.866634
0.324381
0.987915
0.014435
-0.179418
-0.017304
-0.912412
-0.478133
0.588061
-0.937254
0.453047
0.429365
0.079257
-0.337687
-0.301187
0.111728
0.135533
0.373577
0.211585
-0.682730
-0.970031
-0.819086
-0.057894
-0.017975
-0.387188
-0.157994
0.279336
-0.585498
-0.088900
-0.953856
0.537339
-0.602954
0.951415
-0.712821
-0.084384
-0.532823
-0.835322
0.794610
0.203711
0.716483
-0.218604
0.084078
-0.635487
0.941588
-0.855647
0.026032
0.066622
0.783441
-0.794977
-0.729362
0.248085
0.441267
-0.826655
-0.147374
0.372723
0.630787
0.366680
0.424787
-0.405683
0.675283
-0.895444
-0.504318
-0.213355
-0.590991
0.706534
-0.713858
-0.918394
-0.277932
-0.012604
0.894528
-0.200476
0.361003
-0.445479
-0.416669
-0.996460
-0.531602
-0.955443
0.741386
0.471847
0.323099
-0.807001
-0.197790
0.432844
0.486190
-0.785089
-0.644093
0.595996
0.712210
-0.943785
0.052889
0.593799
-0.288003
-0.802301
-0.414167
0.215491
-0.083468
0.238014
0.834162
-0.061739
-0.336039
0.214576
0.837397
0.323405
0.663625
-0.240150
-0.956908
0.812311
0.005341
-0.828425
0.543626
0.429609
0.269631
0.427839
-0.880734
0.126133
-0.457808
0.040742
0.173376
0.985656
0.557787
0.286905
0.282144
0.824030
-0.228004
-0.014618
0.810053
-0.683645
-0.847530
0.957823
-0.994079
-0.574816
-0.386456
0.886776
0.970153
0.008393
-0.847407
-0.708975
0.059481
0.595080
0.310282
0.031709
0.639821
-0.172582
-0.598804
-0.891964
0.739494
0.241737
0.989929
-0.955687
0.170507
0.468978
0.738456
0.598804
0.575793
-0.498093
0.317301
0.965697
0.386578
-0.860836
-0.372051
0.390728
-0.199988
-0.781304
-0.893124
0.771172
-0.661794
-0.674123
0.218360
0.725822
0.765618
-0.366619
-0.817377
0.418073
-0.385723
0.165563
-0.360088
-0.979858
0.293558
0.246498
-0.916623
-0.188086
-0.418195
-0.516526
-0.229408
0.095920
0.198462
0.226417
0.561693
-0.697989
0.106296
0.968627
0.620594
0.984924
-0.092074
-0.693594
-0.140965
0.907468
0.434614
-0.301675
0.987365
0.883602
-0.241798
-0.353191
-0.221656
0.842769
0.694754
0.245277
-0.829279
0.318888
0.755486
-0.417524
-0.762871
-0.503769
0.507370
0.189062
0.384503
-0.633106
-0.687796
0.986877
0.176611
-0.380963
0.477706
0.482589
-0.021882
-0.757500
-0.184790
