-0.238075
0.082064
-0.314920
0.273721
-0.237526
0.952269
0.057833
-0.900693
0.752922
-0.309305
0.827509
-0.107273
0.045808
-0.988098
-0.938353
-0.816950
-0.397259
-0.583117
-0.558519
-0.188330
0.126682
-0.223304
-0.023225
-0.499313
-0.587268
-0.620838
-0.279580
-0.473556
0.282571
0.741874
-0.966491
0.220008
0.330546
0.389386
0.715995
-0.083102
0.720206
-0.793085
0.454634
-0.418683
-0.783502
-0.892514
-0.613086
-0.769707
0.356731
0.094882
0.837031
0.961852
0.413007
-0.954405
0.943968
0.495346
-0.921018
0.920408
0.887082
0.501267
0.612659
-0.672658
0.487960
0.210913
0.855708
0.574450
0.651662
-0.897885
0.106113
-0.702689
0.993774
-0.065889
-0.567736
-0.850642
-0.028596
-0.133824
-0.549730
-0.823420
-0.420698
-0.420209
0.601550
-0.171178
0.977783
-0.158605
0.140172
-0.884579
-0.442183
0.352702
-0.501083
0.897275
0.621815
0.740837
-0.528672
-0.787713
0.902219
-0.768242
-0.236976
0.924009
0.985412
-0.242836
0.726554
-0.326029
-0.996643
-0.446211
-0.443892
-0.064913
-0.366802
0.138646
0.742363
-0.765252
-0.385174
0.872005
0.753960
0.501755
0.198035
-0.841792
0.471175
-0.201392
-0.969115
0.186499
-0.222022
-0.207434
-0.817072
-0.196081
0.482406
0.074984
-0.714896
0.314249
-0.416303
-0.667959
0.347026
-0.312296
0.915891
0.245399
-0.830683
-0.716361
0.232582
0.261513
0.194189
-0.812006
0.512803
-0.913694
-0.449019
-0.354106
-0.065950
0.335490
-0.374493
0.827143
0.079379
0.714896
0.063387
0.292398
-0.689932
-0.093478
-0.451399
0.681875
0.905454
-0.076022
0.202673
-0.687490
-0.668813
-0.444685
0.318644
-0.835505
0.486129
-0.938108
-0.830195
0.461715
0.098972
0.921201
-0.001190
-0.049409
0.683584
0.531968
0.273476
0.882321
-0.618946
-0.768975
0.391461
0.383465
0.621265
-0.422285
0.283853
0.446394
-0.323771
0.007111
-0.650990
0.486862
-0.935606
0.473128
-0.286721
-0.394391
0.121677
-0.142674
-0.796503
-0.857295
0.980163
0.949767
-0.807917
-0.947752
0.761467
0.552599
0.807611
-0.015473
0.871944
-0.174657
-0.505661
0.163732
0.822810
-0.280740
-0.088290
-0.686819
-0.701224
0.349956
-0.872250
-0.322428
0.322794
0.992737
0.747490
-0.296365
0.214820
0.408490
0.879818
-0.156529
-0.753044
-0.199072
0.392438
0.163488
0.973998
-0.089694
-0.628040
-0.239113
-0.304910
-0.947264
0.070650
-0.138707
0.266579
-0.913144
-0.639637
-0.120640
-0.886654
0.626148
0.597949
0.844600
-0.065279
-0.878964
-0.945860
0.452681
-0.892514
-0.973693
0.840144
0.754204
-0.896237
0.610401
-0.467452
-0.285562
-0.983520
0.131932
0.426923
0.728324
-0.883847
-0.270608
-0.791559
0.507797
-0.668691
0.647633
0.399091
-0.457259
-0.218909
0.541917
-0.417585
-0.261696
-0.493576
0.095065
0.383282
-0.793390
0.084078
-0.659841
-0.718314
-0.968322
0.299966
-0.147313
-0.534654
-0.362224
-0.345317
-0.966552
-0.899167
-0.495102
0.389508
0.818049
-0.280923
0.391705
-0.199805
0.407575
-0.239296
0.180090
0.412336
0.899533
0.600513
-0.739067
-0.693899
0.709891
-0.159154
0.009857
-0.783319
-0.113804
0.087191
-0.404706
0.865108
-0.475631
-0.753227
0.713614
-0.842402
0.121372
0.184484
0.115696
0.652272
0.508652
-0.324992
0.087374
-0.159886
-0.975280
-0.863216
-0.882321
-0.373760
-0.323283
0.982421
-0.513169
0.737785
-0.253334
-0.357707
-0.818232
-0.469405
0.991394
0.047395
0.660878
-0.129124
0.443587
-0.973144
0.697745
-0.909055
-0.837214
0.802728
-0.511582
-0.954344
0.360149
0.633595
0.939573
-0.019196
-0.580309
-0.975219
0.301187
0.814081
0.129917
-0.437239
-0.917051
0.226905
0.051546
0.426557
0.009674
0.769829
-0.943480
0.395978
0.878048
0.327494
-0.837764
0.491134
0.668325
0.771294
-0.799799
0.552965
-0.167089
-0.311197
0.654164
-0.795953
-0.091830
0.190771
-0.004791
-0.368511
-0.945006
0.818110
0.206519
0.225318
0.415937
0.135899
0.229591
-0.845332
-0.766472
-0.686758
0.228675
-0.496078
0.001740
-0.981628
-0.687674
0.125462
-0.759087
-0.466109
-0.759697
-0.805231
0.407880
0.661550
0.588183
-0.894223
-0.880184
-0.231788
-0.735771
0.306925
0.975219
0.507553
-0.311075
-0.235328
-0.087008
0.576769
0.066622
0.577258
0.950438
0.503037
-0.481491
-0.125828
0.897275
-0.640614
-0.282510
-0.340312
-0.947142
0.889462
0.175329
-0.368938
-0.368572
0.678640
0.841975
0.813776
-0.337931
0.426313
-0.950316
0.534165
-0.217750
-0.148412
0.167089
0.872311
0.146886
-0.738639
-0.780755
0.424055
0.022004
-0.059725
-0.425642
0.173254
0.562853
0.662954
-0.573229
-0.320109
0.179479
0.720817
0.622547
0.103305
0.340556
-0.388287
0.546190
0.865658
-0.539781
-0.968688
-0.183081
-0.594104
-0.805780
0.401166
0.030854
0.742912
0.963683
-0.489364
-0.010834
0.062166
-0.595752
0.212134
0.117161
0.921079
-0.966430
-0.373333
-0.300333
-0.649525
0.716056
0.842463
0.723441
-0.351482
0.305338
-0.130711
0.910581
0.410871
0.859004
0.855159
-0.301920
-0.045930
0.816095
-0.177770
-0.249306
-0.611560
0.157933
0.152806
0.200659
0.821100
0.765130
-0.704703
0.998169
-0.813349
-0.165319
0.289346
-0.671926
0.872860
0.647633
0.153478
0.830378
0.447127
0.746330
0.756462
0.740837
-0.935667
-0.973449
-0.445540
-0.378704
-0.741630
-0.950865
-0.765374
0.032258
0.498154
-0.051424
-0.516648
-0.632191
-0.223670
-0.565844
0.499191
0.690237
0.898862
-0.516037
0.999878
-0.850032
-0.626698
0.221229
0.683523
-0.380840
-0.842463
0.589526
-0.036348
0.954588
-0.557787
0.691092
-0.200293
0.139012
-0.616932
-0.246803
0.438154
0.315714
0.133396
-0.829768
0.697378
0.281045
-0.067293
-0.294290
0.651540
-0.046785
0.691946
-0.994629
0.348125
-0.355571
-0.289834
0.975585
-0.219947
0.942259
-0.844234
-0.490158
0.119175
-0.374432
-0.242347
-0.484970
-0.377789
0.435041
-0.398907
0.585192
-0.799310
0.788751
-0.580859
0.028779
0.338908
0.992553
0.513291
0.188940
0.937498
0.857540
-0.225135
-0.253517
0.103244
0.113742
-0.835749
-0.580187
-0.894589
0.281594
-0.528367
0.116733
0.541246
-0.731132
0.943236
-0.546983
-0.155736
0.114353
0.748405
-0.007660
0.169897
-0.630238
-0.254433
-0.233619
-0.766717
0.663076
0.232948
0.678640
0.298196
-0.198096
0.750664
0.634266
-0.849666
0.397565
-0.082980
0.488998
-0.497360
-0.637867
0.911924
0.254555
-0.882015
0.778619
-0.324747
-0.165807
0.123753
-0.053255
0.830439
-0.233070
0.547655
0.431684
0.164953
-0.073702
-0.477340
0.397687
0.515427
-0.758782
0.572192
-0.236671
0.992431
-0.620167
-0.074496
-0.754692
-0.579272
-0.671987
-0.551988
0.630238
-0.285379
-0.992920
0.250160
0.511521
-0.942686
0.154820
0.240577
-0.554979
0.411847
-0.129246
-0.854060
0.177343
0.882565
-0.418317
-0.642750
-0.499313
-0.118381
-0.969115
0.602039
0.460982
-0.423566
0.806757
0.893918
-0.858516
0.675832
-0.447127
0.601917
-0.271096
-0.782525
-0.292825
0.227088
-0.078646
-0.865902
-0.972655
0.611560
0.089450
0.838984
-0.037080
-0.709098
0.577746
-0.493027
-0.162389
-0.552904
-0.721549
-0.240455
0.998962
-0.726066
-0.752556
-0.991394
-0.619495
-0.662343
-0.004120
-0.217689
-0.225318
0.047639
-0.139256
0.697623
-0.855770
-0.082369
0.964049
0.507004
-0.334880
0.401654
-0.906674
0.541673
-0.169591
0.745476
-0.179235
0.552782
-0.937803
-0.137059
-0.940611
0.695608
-0.379376
0.725150
0.037141
0.634816
0.528733
-0.083834
0.053011
0.617786
-0.615162
-0.251991
-0.134434
-0.749748
-0.557665
-0.386517
0.394086
-0.953917
0.254677
0.029878
0.812555
-0.872860
-0.820795
0.753777
0.770989
0.359600
0.612049
0.055269
-0.924131
0.004242
0.174841
-0.846919
0.683645
0.479965
-0.390057
0.780267
-0.815729
0.517502
-0.491745
0.407880
-0.322184
0.539720
0.591784
-0.182958
0.931883
0.478195
0.977111
0.425459
-0.273232
0.196570
0.785699
0.341899
-0.136448
-0.109165
-0.110508
-0.309732
-0.545701
-0.040681
0.133518
-0.634388
-0.665578
0.476547
-0.602161
-0.834529
0.382122
-0.306314
-0.328715
0.192846
-0.330302
-0.509873
0.925901
0.628346
0.011078
0.981201
-0.637257
-0.530198
-0.299783
0.719901
-0.817621
0.916196
0.541124
0.295145
-0.277322
-0.524644
-0.919187
0.132237
-0.609607
-0.409467
0.100436
-0.084262
0.407697
-0.322733
0.972045
0.432844
-0.178259
-0.280313
-0.217566
-0.040010
-0.697806
0.570605
0.185278
0.413373
0.161351
-0.355998
0.123875
0.332499
-0.994934
-0.289834
0.861812
0.337626
0.740226
0.617847
0.546556
-0.843074
-0.167333
-0.467940
0.840022
0.256386
-0.292642
-0.096530
-0.435591
-0.113315
0.216407
-0.002106
0.837031
-0.779412
-0.274209
-0.260475
-0.095920
-0.048250
0.285440
0.563707
-0.618397
0.085482
0.683340
0.440535
0.398175
0.827937
-0.126804
-0.164159
-0.731803
-0.527085
-0.985168
0.802301
-0.634388
0.474715
0.289102
0.527818
0.078463
0.950438
0.678762
-0.626820
-0.010834
0.977783
-0.494430
-0.484420
-0.344523
0.426984
-0.544786
-0.444014
0.342326
0.600940
-0.530808
0.386273
-0.201575
0.425031
0.573656
0.403058
-0.818293
-0.724174
0.318339
-0.473312
0.741447
0.640248
-0.871639
0.973571
-0.862728
0.994690
0.401288
0.909177
0.050935
-0.183935
-0.578784
0.228370
0.010712
-0.039094
0.369304
0.622913
-0.302225
-0.549120
-0.109287
0.687674
-0.820368
-0.652882
0.951170
-0.940855
-0.277688
0.582690
0.903317
-0.374310
-0.684683
0.840205
-0.353923
0.424421
0.117527
-0.978210
0.020295
0.401044
0.029389
-0.252907
-0.647206
-0.108921
0.141209
-0.768975
0.379254
0.968871
-0.981689
-0.714103
-0.986633
-0.364910
-0.473739
0.002655
-0.584094
0.659963
0.857173
-0.725883
0.207678
0.900571
0.628895
0.177404
-0.321024
0.490768
-0.229347
0.390423
-0.301126
-0.947569
-0.930662
0.217689
0.384991
-0.528916
-0.039521
0.046297
0.643422
-0.825922
0.586962
0.799432
0.728385
-0.835627
0.807611
0.732963
-0.869320
-0.258766
-0.594165
-0.522935
-0.582751
0.969787
0.567980
0.747246
0.518113
0.225745
0.576952
-0.275430
0.433576
-0.873959
-0.586108
0.163610
-0.584155
-0.240333
-0.243812
0.997925
0.535386
-0.989746
0.823542
-0.558763
0.146886
-0.552599
0.023591
0.936522
-0.426984
0.608448
0.624866
0.611621
-0.379498
0.234107
0.239662
-0.223975
-0.557787
-0.288553
-0.634266
0.989380
0.673879
0.853084
-0.869625
-0.694876
0.435774
-0.192236
-0.842036
-0.555773
-0.047639
-0.723258
0.951598
-0.896176
0.798334
-0.563036
0.911924
-0.966491
-0.545946
0.884213
-0.141087
0.403974
0.202857
-0.205115
-0.136937
-0.170324
-0.165746
0.375469
-0.598193
0.316324
-0.089328
-0.237587
-0.809381
0.372539
0.892392
-0.894345
-0.328227
0.868770
0.887082
-0.328349
-0.403790
-0.822993
0.434614
-0.820124
-0.658437
0.150304
-0.114292
0.079379
-0.955321
-0.855037
-0.432295
-0.071139
-0.826228
0.112522
-0.428999
0.466659
0.603626
-0.914243
-0.297769
-0.876705
0.154393
-0.542283
0.861995
0.405805
0.964599
0.035798
0.418073
-0.229774
-0.053743
0.787774
-0.066073
-0.353984
-0.199805
0.174230
0.411115
0.723685
-0.581042
-0.521531
-0.667470
0.450972
0.057649
0.640675
-0.155248
-0.644581
-0.804559
-0.461409
0.362651
0.165685
-0.872494
0.651296
-0.591968
-0.746818
0.973998
-0.731986
0.014435
-0.168615
0.686575
0.825556
-0.117893
0.170568
0.120762
-0.003021
0.258889
0.623280
0.715690
0.079562
-0.138401
-0.162389
0.600574
0.941649
-0.159154
0.232276
0.982116
0.937254
0.177953
-0.563829
-0.999084
0.862911
-0.371990
-0.782098
0.519639
-0.130589
-0.092074
0.439924
0.066195
-0.211707
-0.705985
-0.913388
-0.941771
-0.640553
0.643422
0.739006
0.434553
0.367534
-0.365947
0.645375
-0.787530
0.335429
-0.234901
0.478866
-0.706595
0.143223
0.980346
0.370769
0.017792
0.668081
-0.994079
0.729057
0.836726
-0.084384
-0.799127
0.992798
0.414716
0.627003
-0.413739
-0.907468
0.401410
-0.103122
-0.925962
0.252724
-0.171545
0.710868
0.489303
0.482833
-0.476302
-0.780267
0.322855
-0.580920
-0.583911
-0.850459
-0.951903
-0.954527
0.749260
-0.683279
0.402020
-0.946532
0.150121
0.125523
0.487594
0.432051
0.913877
-0.185522
-0.475387
-0.615406
0.587512
-0.779901
0.710379
-0.084872
-0.536485
0.666189
-0.199072
0.977233
-0.268899
0.504074
-0.694754
0.140294
0.301309
-0.679495
-0.708365
-0.104160
0.906064
0.042329
0.849422
-0.294595
-0.266701
-0.629749
0.683096
0.956053
-0.944212
0.439802
-0.071749
0.735282
0.402020
-0.528245
0.861263
0.184668
-0.679373
-0.619922
-0.636402
0.011689
-0.845637
0.658925
-0.358257
0.566088
0.712699
0.126743
0.144200
-0.634205
0.641835
-0.092929
0.558885
0.550707
0.406842
0.667104
-0.516099
0.464278
-0.612476
-0.452681
-0.740654
0.240761
-0.040071
-0.378765
-0.675344
0.700064
0.011689
-0.426740
0.569933
0.794916
-0.518967
0.180090
0.415815
0.775018
0.755913
0.760125
0.855464
-0.580615
0.068697
-0.121738
-0.119785
0.645985
-0.541246
-0.727042
0.791192
0.001801
-0.594775
-0.121006
-0.046480
0.320048
0.907712
-0.173254
0.593005
0.502670
-0.174291
0.009919
-0.919370
-0.544664
-0.667959
-0.806024
-0.445845
0.370464
0.646168
-0.530259
0.748466
0.948180
-0.286294
-0.303690
-0.658864
0.555956
-0.787408
-0.439192
-0.014008
-0.410993
-0.674917
0.224952
0.846126
0.462752
-0.798273
-0.510300
0.874508
-0.998108
0.942320
-0.753471
-0.768365
0.993652
0.058199
-0.902524
-0.073885
-0.440291
0.680960
-0.189489
0.061251
0.275307
-0.574145
0.397626
0.133457
0.490951
0.177892
0.648671
0.053743
-0.541063
0.105564
-0.681875
-0.290872
-0.767876
-0.672658
-0.721488
-0.457320
-0.245033
-0.517624
-0.202795
-0.949400
0.688162
0.499496
-0.391522
-0.142369
0.557054
-0.103000
-0.682852
0.508652
-0.634510
0.343364
0.452742
-0.392254
-0.797479
0.503525
-0.887875
0.775506
0.564501
-0.934202
-0.078097
-0.824152
-0.784600
-0.383221
-0.091830
-0.961486
0.876827
0.052583
-0.493210
0.930601
0.057955
-0.041414
-0.950011
-0.399945
-0.997742
-0.350017
0.029206
-0.913022
-0.316507
0.404706
-0.800836
0.691824
0.167150
0.856014
0.157201
-0.572130
-0.774407
0.520066
0.309977
0.935850
-0.238624
-0.670644
0.743767
-0.641774
0.972106
0.174535
-0.235206
0.951476
0.882382
0.174352
0.377606
0.517136
0.683157
0.563524
0.649770
-0.738395
-0.897458
0.619739
0.561998
0.587390
-0.027802
-0.753716
0.993835
0.825678
0.401532
0.246620
0.372417
0.871761
-0.625050
0.873287
0.881039
0.871029
-0.816034
-0.607837
-0.276528
0.549608
0.621265
0.385113
-0.239235
-0.023896
0.910886
-0.975768
-0.711295
0.163671
-0.572802
-0.601794
-0.491562
-0.440779
-0.756279
-0.005585
-0.028169
-0.612537
0.871700
-0.179052
0.931394
-0.881893
-0.316568
0.085910
0.130589
-0.928159
0.928465
-0.731681
-0.259621
0.589038
0.323283
-0.044160
-0.880612
-0.914182
-0.731925
0.834223
0.135655
-0.429975
0.228797
-0.294595
-0.330180
0.009125
-0.272439
0.753777
0.567248
-0.686636
-0.289285
0.126133
0.645558
0.709647
0.516037
0.034211
-0.454817
0.708548
0.297220
0.856807
0.739006
-0.909848
-0.689688
-0.322001
0.214270
-0.662465
0.230201
-0.079928
0.319987
-0.330546
-0.026032
0.826594
0.378643
0.703177
0.274087
0.551439
0.957091
0.167089
-0.074618
-0.746452
-0.029206
0.014435
0.212989
0.891964
-0.782525
0.651173
-0.224158
0.107517
0.259682
0.904660
0.538194
0.195471
0.092502
-0.629444
-0.312723
-0.568163
-0.923338
0.876461
0.821345
-0.700552
-0.442305
0.767876
0.082430
0.913450
0.489669
-0.640065
0.066134
0.340983
0.454756
0.674001
0.784295
-0.052889
0.051729
0.722037
-0.080477
-0.476058
0.486801
0.946593
0.168004
-0.809687
-0.588977
-0.227393
0.538499
0.835994
-0.207617
0.293374
-0.484664
-0.252052
0.189795
0.918027
-0.591601
0.852351
0.573046
0.637074
-0.799310
-0.960326
0.391705
-0.784906
0.165685
-0.747856
0.386517
-0.136814
0.536058
0.692190
0.211768
0.163244
-0.801263
-0.059114
-0.516953
0.721976
-0.553697
-0.169836
0.786981
-0.757927
-0.563219
-0.492538
0.018220
-0.085177
-0.120701
0.663076
-0.066805
-0.517136
-0.293313
-0.782525
0.300272
-0.334147
-0.422407
0.342143
-0.054292
0.270547
0.742119
0.669118
-0.448469
-0.954039
0.984008
-0.081454
0.117832
-0.360027
-0.264626
0.577136
0.405622
0.568468
-0.515793
0.725883
-0.886227
-0.206458
