0.155309
-0.403790
0.752556
-0.629810
-0.237526
-0.598193
0.680837
-0.410382
0.281167
-0.437971
0.226356
-0.944884
0.505356
0.414411
-0.691092
-0.098910
0.562975
0.404035
-0.245155
0.127232
-0.642018
-0.457686
-0.454573
0.433515
-0.224952
0.364299
-0.613758
-0.172033
-0.144871
-0.487838
-0.966491
-0.546007
0.064852
0.757378
0.633595
-0.811335
-0.556688
-0.143406
0.342692
-0.889523
-0.390973
0.858943
-0.640492
0.687857
-0.165502
0.564684
0.501205
-0.613941
0.511521
0.182043
0.227577
0.495346
-0.350688
0.624439
-0.610950
-0.809748
0.228065
0.288675
0.727958
0.012238
-0.968078
-0.344035
0.814264
0.500351
0.205664
0.980590
0.306497
0.719596
0.949034
-0.623035
0.603137
-0.917844
-0.157628
0.748222
0.141636
0.052889
0.597400
0.823359
0.253151
-0.153600
0.892697
-0.702689
-0.733451
-0.678518
-0.831111
-0.663442
-0.545457
0.011261
0.168004
0.891903
0.116428
-0.586535
0.581225
0.733451
-0.801874
0.520066
0.421247
-0.698050
-0.681997
0.191931
0.128697
-0.336100
-0.153722
0.588244
-0.991699
0.979492
-0.533677
-0.349956
-0.464644
0.916135
0.740410
0.202857
0.637623
0.092746
0.547899
-0.769646
-0.063265
-0.715201
0.112583
0.891232
-0.485336
-0.734550
0.687307
0.969359
0.577868
-0.279885
-0.148228
0.353801
-0.605884
0.165319
0.827021
-0.826411
0.928892
0.731803
-0.903806
-0.977721
-0.956053
0.857051
0.827815
-0.045503
0.692434
0.154698
0.769036
-0.123569
-0.160680
-0.594653
-0.359355
-0.781793
-0.119175
-0.666555
0.635182
-0.677175
-0.257790
0.939451
0.727897
-0.027619
-0.619984
0.129734
-0.132542
-0.876095
0.648244
0.688345
-0.375042
-0.648488
0.371258
0.406232
-0.674184
-0.343852
-0.879940
-0.898618
0.351176
-0.310953
-0.490890
-0.149083
0.690298
0.533982
-0.661428
-0.248573
-0.079928
0.621632
0.117649
0.440291
0.550890
0.641041
-0.099155
-0.363384
0.598621
0.490951
0.925413
0.802728
-0.821223
-0.920225
0.363018
-0.687735
-0.134800
0.454390
-0.694754
-0.206763
0.828303
-0.802484
0.902036
0.475021
-0.285806
0.242042
-0.369182
-0.738029
0.264321
0.565966
-0.137181
0.018281
0.519822
0.917234
-0.963073
0.778680
0.403180
-0.418317
-0.353984
-0.711173
0.914121
-0.584704
-0.330241
0.672903
0.745170
-0.676382
0.902158
0.525620
0.421003
-0.801325
-0.407025
0.946104
-0.942015
-0.644215
-0.693289
-0.041658
-0.916013
0.928098
0.657826
-0.339030
0.749138
-0.251869
-0.083468
0.708243
0.981994
0.169897
0.140599
-0.672170
0.891903
-0.249489
0.588366
-0.423200
-0.223670
0.064791
0.393170
0.000763
-0.879757
0.728324
-0.545274
0.967223
0.313761
0.267983
0.020234
0.976012
-0.303812
0.865230
-0.237648
-0.099277
0.606983
0.375164
-0.027497
-0.354228
-0.486801
-0.491989
0.296365
0.512070
-0.337382
0.950194
-0.434553
-0.991272
0.244789
-0.836543
0.980285
0.876705
-0.899167
0.522019
0.220252
-0.030732
0.973937
-0.087069
-0.460250
-0.507492
-0.170202
0.933409
0.848994
0.547411
0.177648
-0.964843
0.451033
0.406537
0.808527
0.847224
-0.923338
0.950499
0.658010
0.511704
0.215369
-0.673086
-0.217566
-0.348796
0.225745
-0.863643
-0.307169
0.932920
0.720695
-0.968261
-0.579943
0.967162
-0.167333
0.481674
0.086398
-0.270363
0.682608
-0.678457
0.512070
-0.295206
0.072909
0.394269
0.129429
0.588183
-0.338115
-0.074923
-0.362590
0.849910
-0.006134
0.900571
0.503708
-0.220130
-0.968627
-0.586535
0.802728
-0.286721
-0.699087
-0.068331
0.799493
-0.927061
0.766839
-0.667348
0.043428
-0.301248
0.945921
-0.364299
-0.389386
0.935484
-0.277383
0.610645
0.534959
0.876644
-0.627491
0.316507
0.941771
0.312540
-0.567125
0.288430
0.958556
-0.074374
0.303079
0.830317
0.727470
-0.790033
0.512253
0.375469
0.303446
-0.551622
-0.607776
-0.874996
0.003510
-0.199805
-0.370403
0.308939
-0.155675
0.610828
-0.762810
-0.528550
-0.845332
0.242531
0.056429
0.534959
-0.009430
-0.954344
-0.981628
-0.092013
-0.727042
-0.351299
0.742790
-0.927000
0.411542
0.059053
-0.596362
0.715934
0.629505
0.017304
-0.534043
-0.425153
-0.434004
0.433454
-0.946654
0.830927
-0.449751
-0.428449
-0.124546
-0.466964
0.987304
-0.956542
-0.662709
-0.952208
-0.796747
0.486740
-0.671926
0.633839
-0.153905
0.562853
-0.211524
-0.051485
0.656545
-0.650380
-0.463790
0.183996
0.634144
0.626148
-0.546861
0.966552
-0.730033
-0.728446
0.149571
0.240699
0.556444
-0.609851
-0.201270
-0.256691
0.027924
0.069369
-0.365398
-0.120273
-0.251137
0.139256
-0.732658
-0.362041
0.489731
0.969787
0.292764
-0.541551
0.838923
0.555406
-0.851009
-0.285195
0.799432
-0.264443
0.535203
0.573229
-0.357707
0.784051
0.949095
-0.032075
0.852535
0.010529
-0.314737
0.664052
0.346782
-0.970153
-0.762871
-0.667043
0.023957
0.910947
0.176000
0.782586
-0.402753
0.766533
-0.387432
0.228980
0.030610
-0.156957
0.208594
-0.658193
-0.636586
0.934812
0.358135
0.310770
-0.722831
0.959349
0.402203
0.703299
-0.790704
-0.945677
-0.661916
0.468734
0.041719
-0.806269
-0.589221
-0.128574
-0.943541
-0.289468
0.080966
-0.057772
0.964721
0.458357
-0.948973
0.108737
0.213843
0.248573
0.811518
0.991272
0.228736
0.828364
0.642201
-0.095614
0.206641
0.243629
-0.042268
0.530259
-0.650502
0.143345
0.366558
-0.241127
0.554125
0.299661
-0.170934
-0.351909
0.167760
-0.777520
-0.650624
0.091891
0.268777
-0.024567
-0.826167
-0.062593
0.226844
0.589526
0.935728
-0.945067
-0.073702
-0.418989
0.151952
-0.540391
-0.311625
-0.607166
0.443525
0.217750
-0.737114
-0.927427
-0.743828
-0.850459
-0.479293
0.761467
-0.426923
-0.375652
-0.939817
-0.077242
-0.028596
0.342387
-0.504440
-0.192663
0.257973
-0.060823
-0.781121
0.264138
0.495041
-0.846248
0.035615
-0.906064
0.657888
0.018769
-0.381451
-0.000763
0.575793
-0.163915
0.038362
-0.365886
-0.343730
0.226417
0.384991
0.205054
-0.895993
-0.261574
0.321635
-0.904782
-0.221290
0.487228
0.856258
-0.306253
0.981750
-0.691031
-0.239967
0.887936
0.527879
-0.731132
0.344951
0.775506
0.260231
-0.046480
-0.292093
-0.007660
-0.764153
-0.229652
0.277200
-0.714957
0.835566
-0.900082
0.501572
0.275979
-0.276833
0.264748
0.133824
-0.563890
0.059053
-0.544115
-0.931700
-0.447798
0.115329
-0.256081
-0.430403
-0.073397
-0.077242
0.028169
-0.060762
-0.160558
-0.206091
0.005890
-0.085116
-0.286294
0.487472
0.168981
-0.398114
-0.532640
0.288797
0.507859
0.281350
0.353984
-0.146947
-0.040559
-0.859981
0.841426
0.641041
-0.820368
0.513596
-0.286111
-0.675893
-0.242286
-0.853267
-0.472518
0.917783
0.216346
-0.842158
-0.086093
0.291116
-0.721427
-0.344829
-0.152623
-0.084323
0.010102
0.882565
0.300638
0.473922
-0.347453
0.864803
0.687063
-0.123325
-0.357646
0.612476
-0.497726
-0.331095
-0.817377
-0.592700
0.071749
0.151646
-0.293619
-0.124668
-0.147984
-0.367351
-0.022614
0.993835
-0.669057
-0.302469
0.486984
-0.113498
0.950987
0.480270
-0.105319
0.602893
0.536302
-0.494919
-0.396100
0.405683
0.891354
-0.875607
0.538682
-0.529160
-0.563036
0.863216
-0.594104
-0.398602
0.763848
-0.027741
0.663686
-0.159154
-0.021516
0.850154
0.346721
-0.284280
0.935911
0.325968
-0.500534
0.809259
-0.649953
0.423688
0.806879
-0.198706
0.774407
0.730033
-0.650990
0.173193
0.510849
-0.087985
0.731559
0.278665
0.340617
-0.271218
-0.310282
0.859188
0.296976
0.458174
-0.572497
-0.457564
0.846553
0.705130
-0.048799
-0.693838
-0.434248
-0.123875
-0.021943
-0.811701
0.499313
0.252480
0.945494
-0.866329
-0.763970
-0.611560
-0.796625
-0.140538
0.872372
-0.393353
0.729911
0.367290
-0.803156
0.924680
0.470992
-0.926817
-0.481307
-0.922239
-0.349528
-0.884945
0.635731
-0.740165
-0.383099
0.722953
0.743889
-0.023041
-0.832575
0.064425
0.197241
-0.603137
0.765557
-0.772454
-0.023286
0.880367
0.604663
-0.955748
-0.903378
-0.214270
0.666494
-0.680654
0.165807
0.997559
-0.663503
0.217872
-0.596362
-0.389569
0.067049
-0.807855
0.314676
0.508286
0.283303
0.773431
-0.028962
0.733390
-0.600085
0.719901
-0.516953
-0.180761
0.075716
0.594958
-0.640919
-0.224525
-0.068270
-0.717887
0.280435
0.229713
-0.023103
0.951476
-0.708426
-0.302042
0.167760
-0.053072
0.052034
-0.783441
0.148106
-0.748589
-0.942442
0.659108
0.291360
0.380291
0.161351
-0.170080
0.485397
0.773797
0.271523
0.981628
0.071871
-0.092990
0.509140
0.920713
0.546556
0.201697
-0.948607
0.448714
-0.075045
0.716178
0.980895
-0.434065
-0.161718
0.712638
0.856929
0.181310
-0.535508
0.929746
0.222816
-0.431990
-0.398236
-0.453413
-0.413495
0.182348
-0.519456
0.445845
0.053255
0.437056
-0.024201
-0.653005
-0.676321
0.180456
-0.104770
-0.418317
-0.008637
0.405683
-0.634388
-0.602283
-0.720023
-0.868221
0.375896
-0.935057
0.678762
0.588977
-0.417524
-0.754509
-0.691214
0.131504
0.473983
-0.616871
0.841914
0.540086
-0.264687
-0.837397
0.874264
0.942808
0.694693
-0.919309
0.487777
-0.358013
-0.022004
-0.181372
-0.107089
-0.935667
-0.690237
-0.991272
0.646413
0.124485
-0.044649
0.672720
-0.257729
0.286416
-0.558092
0.755730
-0.815058
-0.443831
0.171361
0.151524
0.555528
-0.424116
0.436445
-0.017304
-0.337931
-0.167150
0.083712
-0.075900
0.951170
-0.357952
-0.627674
0.878414
-0.752129
-0.463179
0.547227
0.329875
-0.113926
0.344279
-0.926450
-0.037690
0.069979
0.085665
-0.393048
-0.378643
0.177526
0.944884
-0.862239
-0.780389
0.079440
0.775140
0.299905
-0.538011
0.955870
-0.295267
0.013031
-0.631886
0.960143
0.317301
-0.973693
-0.284158
0.109897
0.900571
0.155370
0.655568
-0.555651
-0.314371
0.487289
-0.241554
-0.443281
-0.598621
-0.114902
-0.243263
-0.418622
0.809870
-0.178137
0.873592
-0.212622
-0.514817
-0.036897
-0.863704
-0.961608
0.882382
0.874935
-0.014496
-0.793756
-0.499924
0.039766
-0.187292
-0.591479
0.796930
-0.066683
0.748222
-0.333476
0.128391
-0.248146
-0.554735
-0.844050
-0.300455
-0.235511
-0.198035
0.795404
0.368267
0.014008
-0.100070
-0.482101
-0.947508
0.451460
0.617176
0.163610
-0.170507
0.046297
-0.582873
0.780633
-0.731437
-0.556078
0.191748
-0.116184
-0.610096
0.436811
-0.465743
-0.402692
-0.629261
-0.910520
-0.242592
0.783868
-0.073214
0.017182
0.034577
0.462569
0.444624
-0.517991
0.174718
0.799066
0.657949
0.274941
-0.552232
0.927671
0.866573
-0.189489
-0.029206
-0.293374
-0.434675
-0.234474
0.312906
-0.495407
0.186254
-0.247963
-0.768487
0.234657
0.367962
0.202124
-0.191748
0.655629
0.061251
0.638478
-0.996521
-0.162755
0.017060
-0.003998
-0.739372
0.618702
-0.638661
-0.163366
0.942137
-0.416181
0.767754
-0.212928
-0.666311
-0.109897
-0.468856
-0.741630
-0.783685
-0.356548
0.927976
0.298013
-0.855220
0.928831
0.493820
-0.920835
0.508652
-0.852412
0.598498
-0.156529
0.531175
0.986755
0.679556
0.405927
-0.592212
0.820490
-0.384014
0.146519
0.083346
-0.046419
0.884823
-0.180334
-0.483810
0.494675
-0.622364
-0.029939
0.145177
-0.268777
0.314676
-0.282388
-0.246254
-0.192969
0.739494
-0.368694
-0.536973
0.366253
0.209387
-0.678579
0.116062
-0.371136
0.787103
-0.718070
0.908139
0.992676
0.353740
0.139134
0.692373
0.135716
0.394940
-0.494552
-0.101108
0.120090
0.381512
0.279458
0.217017
0.481735
0.470199
0.894040
-0.890683
0.702750
-0.379376
-0.363262
0.276406
0.511155
-0.563829
0.113437
0.262429
-0.371990
-0.686636
0.435408
0.520310
-0.479720
-0.922666
0.630360
0.752983
-0.374981
-0.924558
0.913083
-0.213294
0.643422
-0.778558
-0.285623
0.121128
0.391644
0.941649
0.225990
-0.255104
0.692923
-0.055147
-0.591479
0.273782
0.050691
-0.336161
-0.095614
-0.704154
0.156346
-0.740776
0.456587
-0.525376
0.090548
0.477889
-0.540269
-0.285501
0.265297
-0.062838
-0.515366
0.300882
-0.925962
0.552293
-0.798517
0.873470
0.631336
0.855037
-0.779656
0.051912
0.258339
0.001251
0.350017
0.859920
0.496811
0.193640
0.898801
-0.683279
-0.333110
0.668203
-0.164953
0.602344
-0.404767
0.713981
0.253639
-0.731498
-0.280068
-0.408063
-0.853267
0.716727
0.023713
0.116855
0.867672
0.907285
-0.210669
-0.535997
0.145116
-0.764092
-0.036836
0.140294
0.780999
-0.483444
-0.079379
0.020966
0.528245
-0.495285
0.593188
0.612476
-0.245643
0.874569
-0.704764
-0.977721
-0.005768
0.077914
-0.080233
0.174169
0.616871
-0.528245
0.650563
0.430158
0.558763
0.340373
-0.843257
0.626637
0.430097
-0.059114
-0.479537
0.566088
0.066683
-0.619495
-0.635426
0.394208
0.387982
0.121677
0.975524
0.050508
-0.277566
-0.759575
-0.369060
0.790887
0.380596
-0.813105
0.522568
-0.009491
-0.866085
-0.838374
0.814142
0.403974
0.804010
-0.500534
0.123203
0.766228
-0.681570
0.133091
-0.524339
0.485824
-0.172033
-0.101108
0.450789
-0.221778
-0.467818
-0.119175
-0.791253
0.552232
0.477706
-0.345744
0.548936
0.440657
-0.398968
-0.067598
0.304239
-0.959838
0.840022
-0.005585
0.944517
-0.587146
-0.982543
0.124546
0.240638
0.499863
-0.783380
0.597156
-0.636708
-0.790704
-0.566149
-0.953795
-0.668203
0.327860
0.330058
-0.796564
0.234046
0.143223
0.695547
-0.743034
0.791070
-0.632008
0.747063
0.041047
-0.691885
-0.977905
0.050874
-0.863582
0.745903
0.365520
-0.923887
0.530381
-0.947752
-0.159825
0.921140
0.989990
-0.846797
-0.028779
0.935362
-0.534532
0.806269
0.489853
-0.116245
-0.720328
-0.053804
-0.193579
0.254128
-0.694327
0.686758
-0.543138
0.105564
0.971679
-0.616138
0.383343
-0.661916
0.132664
0.473128
-0.007782
0.966735
0.821100
-0.151097
0.412702
-0.983215
-0.052400
0.603137
-0.409284
-0.103000
0.340617
-0.558702
-0.427046
-0.160375
-0.639698
-0.660573
0.208045
-0.594470
-0.449263
-0.156407
0.590136
-0.401776
-0.078097
0.048494
0.577807
0.439558
-0.766778
0.803705
0.423750
-0.422346
0.427046
-0.640553
0.422895
-0.778314
-0.287210
-0.625721
-0.539048
0.934141
0.557115
-0.391156
0.290811
-0.072359
-0.752251
-0.288553
-0.448347
0.224647
-0.355937
-0.845271
-0.876034
0.739555
0.097629
0.935850
-0.332072
-0.801386
-0.009369
0.287698
0.009064
0.792291
-0.868709
0.649281
0.404706
0.617664
-0.164953
0.983215
0.201331
0.478561
-0.146092
0.141270
-0.503403
-0.076632
-0.328104
0.918516
0.384320
0.623280
-0.587268
-0.461165
0.308084
-0.749016
0.441267
-0.634571
-0.721244
-0.133030
0.280068
-0.991028
0.477889
-0.661733
0.460128
-0.591479
-0.255287
-0.154942
0.856746
-0.903256
-0.977233
0.633045
0.165075
0.691702
0.931822
0.235084
0.314249
0.651662
-0.636280
-0.604602
-0.431379
-0.997070
0.574572
-0.100497
0.733695
-0.458357
0.646718
-0.758049
0.355815
-0.127659
-0.527757
-0.550707
0.534227
-0.571825
-0.615101
0.197546
-0.259987
0.989563
-0.950926
0.505722
0.152501
0.868954
0.306497
0.701956
0.712760
0.394391
-0.682424
0.236427
-0.676077
-0.782220
-0.924619
-0.163976
0.626453
0.687551
-0.048189
-0.868770
0.777459
-0.496139
0.332743
0.302835
0.367901
-0.557543
-0.256020
0.013092
0.236366
-0.658193
0.993164
-0.185644
-0.002716
-0.049837
-0.893368
0.656850
-0.876705
-0.344035
-0.792352
-0.895505
-0.843989
-0.729118
0.685354
0.194128
-0.374981
0.314310
-0.123753
-0.793573
0.914670
0.108554
-0.232521
-0.427107
0.682119
0.441816
0.719840
0.195471
-0.388165
0.404889
-0.073885
0.282388
0.931394
-0.077425
-0.259194
0.364971
0.499619
0.588244
0.821100
-0.366314
0.036836
0.719901
-0.405011
0.340983
0.749443
-0.119358
-0.577013
0.720267
0.693228
0.193884
0.715262
0.898312
0.540269
0.065401
0.217627
0.383587
-0.336650
0.406903
-0.969970
0.856807
-0.260659
0.615772
-0.158910
-0.130222
0.600696
-0.424360
-0.973083
-0.707633
-0.456221
0.415876
-0.528916
0.278481
-0.609790
0.940062
0.090915
-0.322245
0.900815
-0.936827
0.718986
0.879879
-0.904294
0.592578
-0.680593
-0.926756
-0.997803
-0.577258
-0.440962
-0.076876
-0.771233
0.412152
0.355876
-0.901181
-0.587756
-0.524644
-0.564135
0.926023
-0.882260
-0.921140
-0.354167
-0.378460
0.839045
0.688101
-0.020112
0.610401
-0.290689
-0.550096
-0.462630
-0.574145
0.668630
0.576769
-0.147313
-0.282815
-0.896908
0.666250
0.544725
0.590442
0.544053
0.568468
0.829768
0.090670
-0.810114
-0.635914
