-0.279763
-0.009552
0.055574
0.921995
-0.946959
-0.017121
0.935301
-0.600269
0.241859
-0.634877
-0.703238
0.159093
-0.018403
0.884457
0.378094
0.605029
-0.203894
0.533311
-0.421918
-0.083041
0.867244
0.859432
-0.170019
-0.117527
-0.640126
0.308756
-0.317972
0.620533
-0.159459
-0.897946
0.372539
-0.170812
0.124729
-0.555040
-0.545396
0.965514
-0.317850
0.677602
-0.333110
-0.533616
-0.525376
0.323099
-0.591479
-0.675832
0.043428
-0.289163
0.892270
-0.258034
-0.671377
0.040986
-0.415815
0.363628
0.961425
-0.640248
0.598865
0.410199
-0.535630
-0.285440
0.040010
0.121982
-0.353191
-0.769829
0.281655
0.866024
-0.060335
-0.664052
0.704520
-0.312967
-0.173986
0.689322
0.813349
-0.952696
-0.568041
-0.064913
0.022736
-0.530259
-0.441511
0.687674
0.929746
0.785089
-0.502060
0.368694
0.195227
0.439314
0.698599
-0.435530
0.634816
-0.564013
-0.085726
0.514512
-0.479476
-0.298196
0.710501
-0.785577
0.187170
0.691641
-0.324320
0.587268
-0.240761
-0.809809
0.082614
-0.181616
0.359539
0.485824
-0.509568
-0.739982
0.065157
0.510422
0.541002
-0.247902
-0.607471
-0.163549
-0.134678
0.547716
-0.456526
-0.767205
0.396283
0.396649
0.589526
-0.089999
-0.741386
-0.236854
-0.225562
0.756157
0.038789
-0.754997
-0.769463
0.932676
0.801691
-0.195837
0.094394
0.649464
0.080477
0.734733
-0.354167
0.303995
0.454451
-0.318949
0.480026
0.147313
-0.684866
0.726920
0.468856
-0.101169
-0.815851
-0.466109
-0.378033
0.426435
-0.766839
0.888180
0.762749
-0.081210
-0.859127
-0.834040
-0.909726
0.497787
-0.155431
-0.747307
-0.202673
0.369610
-0.525254
0.556261
0.239113
0.941099
0.308634
-0.150975
-0.047029
0.214026
0.485824
-0.867428
-0.170385
-0.609912
-0.036287
0.766289
0.234657
0.461287
0.991150
-0.458968
0.280251
-0.757622
0.537339
-0.924558
-0.282632
-0.763237
0.459273
0.738945
0.379559
-0.658437
0.965453
-0.774407
-0.607898
0.602161
-0.638112
0.360698
-0.887997
-0.316202
-0.818171
0.301553
-0.958068
-0.754143
0.123936
-0.919614
-0.830134
-0.000275
-0.386822
0.929258
-0.588366
-0.768792
0.950743
-0.607715
-0.256996
0.733085
0.676321
-0.662404
-0.973571
0.262062
0.388287
-0.955565
-0.945250
-0.930906
0.486496
0.430097
-0.268593
0.512619
-0.416547
0.652944
-0.383892
0.618213
-0.880917
-0.654775
0.641224
0.833674
-0.395306
-0.070162
-0.773431
0.929930
0.411542
-0.626392
0.947813
-0.042573
0.755364
0.432783
-0.026582
0.076022
-0.302408
-0.326273
0.253395
0.620533
-0.892697
-0.620411
0.031892
0.663869
0.311686
0.421369
0.583422
-0.071505
0.027436
-0.685171
0.738639
-0.603137
-0.983032
0.551317
-0.166173
0.800836
-0.342631
0.743950
-0.802118
-0.667104
0.939146
-0.394574
0.095798
0.121616
0.130039
-0.891720
-0.773736
-0.349651
0.024751
0.470199
0.652394
-0.094455
-0.646046
-0.383465
-0.182653
-0.194128
0.335551
0.485519
0.852718
0.289834
0.206763
0.643483
0.280984
0.880795
-0.772454
-0.697134
0.932676
0.375835
0.874508
-0.226722
0.541490
-0.486801
-0.800836
-0.878353
0.344646
0.297281
0.152379
-0.752800
-0.471114
-0.095676
0.061678
0.361309
0.815180
-0.173620
-0.664907
0.920652
-0.060152
0.441694
-0.317850
0.438459
0.014924
-0.251625
0.817316
0.659597
0.779595
-0.833491
-0.037385
-0.659169
-0.761223
0.508713
-0.979614
0.011444
0.628285
-0.914121
-0.886654
-0.580126
0.585742
0.906552
0.059053
0.453108
-0.715384
0.066805
-0.060091
0.307779
-0.834284
-0.775689
0.917783
-0.699149
0.158238
-0.706900
0.582202
-0.355510
-0.054598
0.069430
-0.676870
-0.938597
-0.825373
0.581713
-0.164708
-0.589282
0.498459
0.088595
0.077670
0.014130
0.058077
-0.317606
-0.524400
-0.980468
-0.979308
0.659658
0.364605
0.132359
0.443281
0.920408
-0.380413
-0.265053
-0.765069
-0.782891
0.720878
-0.590747
0.607166
0.807123
-0.664968
0.217322
0.328959
-0.127354
0.532640
0.334086
0.019562
-0.359539
0.618641
0.569445
0.344096
-0.537889
0.328959
0.896664
-0.850398
0.652089
0.550279
-0.833613
0.141331
0.023225
0.165685
-0.538072
-0.667653
0.777947
0.505783
0.781610
-0.537339
-0.301553
0.694571
0.381085
-0.308817
-0.178014
0.535752
0.429060
-0.965270
0.707938
0.059969
-0.915769
-0.798578
-0.922788
-0.404340
0.594226
0.236061
0.632740
0.117893
0.537889
-0.821039
-0.154576
-0.450117
0.447371
0.453902
-0.209693
0.146153
-0.315348
-0.741569
-0.680105
-0.775262
0.050874
0.534288
0.235572
-0.009003
0.992370
0.486801
-0.465255
-0.525987
-0.118076
0.968810
-0.781060
0.268288
-0.863582
0.500717
-0.898373
-0.408429
-0.724784
-0.896176
0.013031
-0.161229
0.799432
0.148656
0.132908
0.736686
-0.320963
0.686514
0.497116
0.204627
-0.145054
0.471114
-0.505905
-0.280557
-0.908261
-0.939940
-0.734245
-0.818232
0.285257
-0.302286
0.507187
0.296976
-0.568957
-0.246986
0.486984
-0.239357
-0.301920
-0.896664
0.674673
-0.296609
0.036897
0.116428
0.072665
-0.395734
0.366192
0.706717
-0.738823
-0.601306
0.835322
0.833308
0.040437
0.416791
-0.379681
-0.271340
-0.566515
0.938536
-0.402203
0.096652
-0.386639
0.390728
0.615101
-0.981994
0.636280
0.719291
0.490585
0.163366
0.108921
-0.029878
0.657399
0.972716
-0.067415
0.923032
0.605335
-0.681265
0.242470
-0.129429
-0.038362
-0.151158
-0.683645
-0.887448
0.831904
-0.380047
-0.096469
-0.948973
0.906369
0.254860
0.983520
-0.420209
0.002411
0.947447
-0.501144
0.693289
-0.606555
0.365276
0.640187
-0.112033
0.558947
0.134312
-0.491195
0.653127
-0.545213
-0.346721
-0.434919
0.965575
-0.554430
0.523179
-0.857112
0.298135
0.041414
-0.082247
0.432600
0.362468
-0.787469
0.918210
0.908872
-0.541490
0.503891
0.573778
-0.169774
0.512436
0.558641
-0.721549
0.250404
-0.005707
0.199866
0.853755
-0.470016
-0.241310
0.556200
-0.881283
0.852046
0.416486
-0.625172
-0.733757
-0.367229
-0.140843
-0.945860
0.473739
-0.118442
-0.177709
0.799615
-0.175878
0.200598
-0.690420
0.651296
0.756890
-0.855708
0.663686
0.274209
-0.096225
0.834773
-0.980163
0.942503
0.955748
0.298379
0.954283
0.196509
-0.756951
-0.070894
-0.525071
0.451949
0.568590
0.044343
-0.896725
-0.461959
-0.707450
0.473617
0.728568
-0.691397
0.505722
0.087008
0.866756
0.950194
-0.410016
0.371136
-0.132420
0.135716
0.459395
0.253456
-0.707450
0.402264
0.645009
-0.096713
-0.923338
-0.110508
0.301248
-0.633961
-0.232521
-0.808710
-0.420759
-0.294168
0.039277
0.415510
0.808466
-0.177404
0.516526
-0.684927
0.093112
0.023347
-0.415021
0.772942
0.020112
0.181921
-0.776971
0.332926
-0.832942
0.142552
0.298318
0.426984
-0.325724
-0.530869
0.468673
0.135411
-0.116062
0.572924
0.667592
0.832636
-0.924253
0.192541
0.180273
0.718619
-0.216285
0.054170
-0.723075
-0.410077
0.950682
0.706534
-0.299112
-0.990478
0.297342
0.455916
-0.940367
-0.196509
-0.215918
-0.928648
0.176183
0.454878
0.140599
-0.164769
0.069246
0.210669
0.634144
0.602710
-0.111728
-0.520981
-0.344890
-0.005158
-0.457808
0.738578
-0.204688
0.648793
0.814508
0.642018
-0.693594
-0.951842
-0.822748
-0.650258
-0.764641
0.212806
0.488327
-0.309366
0.881283
0.483627
0.881893
-0.977050
-0.142430
-0.211829
-0.532945
0.878048
-0.912839
0.884457
0.335612
0.719352
0.883114
0.678518
0.762810
-0.139012
0.064180
0.217627
0.382183
0.756401
-0.884274
0.524033
0.327128
0.217444
0.006561
-0.837153
0.932859
0.928404
-0.775628
-0.388104
0.101169
-0.032258
0.833247
-0.023103
-0.344157
-0.865291
-0.447310
0.894833
-0.299844
-0.625294
0.357097
0.454756
-0.764641
-0.626942
-0.372600
-0.681570
-0.361675
0.886776
0.647877
-0.538743
0.486068
0.038850
-0.753410
0.850215
-0.066622
0.950133
0.869625
0.579882
-0.060335
0.132664
-0.095492
-0.710501
0.425520
-0.654714
0.765984
-0.255959
0.105747
0.912717
0.203040
0.069552
-0.680227
0.877499
0.603076
-0.584033
-0.269204
-0.047212
-0.378399
0.422224
0.577136
0.957945
-0.347514
0.402020
0.738884
-0.305582
0.120029
0.590991
0.414777
0.809259
-0.404096
0.982910
-0.763604
0.804437
0.906858
-0.019257
0.453352
-0.355937
0.308695
-0.032258
0.289956
-0.908689
-0.310892
0.882382
-0.964049
-0.893612
-0.773247
-0.041169
0.545518
-0.101230
-0.295389
-0.136326
0.909726
0.190893
0.789117
0.244911
0.560350
0.789727
-0.572436
-0.055391
0.215857
0.920408
0.153783
0.568773
-0.416791
0.185827
-0.913450
0.748711
0.864315
0.728202
-0.871639
0.363323
-0.879757
0.868038
-0.972106
0.330363
-0.800165
0.129429
-0.965758
-0.651357
-0.031648
-0.662343
0.465194
-0.790582
0.414655
-0.443464
0.512864
0.900754
0.880795
0.412519
-0.750786
0.444563
0.764214
-0.088351
-0.062654
-0.075961
0.804071
-0.237098
-0.551195
0.461409
0.572985
-0.143590
0.612171
0.288003
0.826838
-0.999817
-0.530808
-0.637074
0.712394
0.140965
-0.175329
0.796319
-0.937864
-0.293863
0.896603
0.021271
-0.012726
-0.973571
0.691153
0.508835
-0.525315
-0.452986
0.362407
0.413984
0.974853
-0.206641
0.360698
0.933836
-0.890561
0.851070
0.111057
-0.281838
-0.670949
-0.571459
-0.463240
-0.677419
0.144871
0.871334
-0.747063
0.824213
0.537217
0.670217
-0.507736
0.365581
-0.494797
0.745293
-0.199866
-0.419843
0.420637
0.446699
-0.337382
0.904233
-0.086947
0.453291
-0.180883
0.129673
0.080966
-0.547899
-0.136753
0.028535
0.660024
-0.683218
0.588061
-0.142735
0.668508
-0.306925
0.680593
-0.896603
-0.677725
0.208960
0.645741
0.299295
0.035737
0.881771
0.149449
-0.239174
-0.737419
0.317179
0.713797
-0.916929
0.053926
-0.570177
-0.316141
0.788934
0.256996
0.424787
0.339640
0.429670
-0.949644
-0.146886
-0.272317
0.795282
-0.095248
0.650807
0.048494
0.052705
-0.445296
-0.735405
0.421918
-0.958678
-0.401410
0.918394
-0.844844
0.311991
-0.508225
0.753166
0.182531
-0.414716
0.951903
0.462325
0.484970
-0.591174
0.571154
0.803156
0.330729
0.052278
-0.955931
-0.113010
-0.141820
0.839412
-0.035859
0.827448
-0.930662
0.607532
-0.770074
0.680898
-0.469283
0.145177
-0.929930
0.427717
-0.702872
-0.239051
0.216468
-0.308878
0.175146
0.379315
0.265725
-0.788995
0.109836
-0.533311
0.205115
0.460860
-0.440718
0.609546
-0.666311
0.047151
0.422040
-0.723014
0.238685
-0.614612
-0.895138
-0.280923
0.444441
0.672414
0.219275
0.344340
0.302225
-0.309793
0.165319
0.517075
0.150670
0.424116
0.360698
0.089206
-0.657704
0.814570
-0.483688
-0.145909
-0.684683
-0.096469
-0.933897
0.987976
0.837397
-0.397748
-0.262062
-0.144932
-0.347026
-0.047151
-0.898740
0.724174
-0.298074
0.540208
0.474899
0.969176
0.841670
0.514084
0.071444
0.588733
-0.827754
-0.483016
-0.253090
-0.692557
0.619922
0.944273
0.150304
-0.874081
0.510849
-0.737602
0.585314
-0.050142
-0.258095
0.766167
0.068758
-0.761040
-0.222510
-0.041780
0.563219
-0.794183
-0.598315
0.038850
-0.323893
0.244545
-0.757622
-0.177404
-0.497665
-0.938536
0.639454
-0.372662
0.671926
0.697623
-0.741813
0.807245
-0.520554
0.832881
0.518479
-0.251625
0.597461
-0.776177
-0.939085
0.489364
-0.301126
0.143956
0.043855
0.241859
0.377544
-0.368755
-0.970519
0.857356
-0.595752
-0.161412
-0.228431
-0.886776
0.044038
0.223670
-0.155126
0.913816
0.800531
-0.505783
-0.186865
-0.741325
-0.828242
-0.652944
0.757683
-0.880001
0.904599
-0.304117
0.146641
-0.919858
0.943480
0.409711
0.800409
-0.638356
0.532517
0.858150
0.197913
-0.614978
0.998596
0.932554
0.029084
-0.349528
0.739677
-0.952696
-0.325419
-0.432234
-0.904538
-0.533555
-0.153966
-0.517258
0.233253
-0.820856
-0.761834
-0.807611
0.961058
-0.259926
-0.566820
0.036897
0.803156
-0.626087
-0.873836
-0.398846
-0.132054
-0.229713
-0.215979
0.564684
0.847346
0.760979
0.325663
-0.699881
-0.856380
-0.425336
0.157567
0.520554
-0.654775
-0.407453
0.702628
-0.967650
0.209510
-0.625660
0.455061
-0.034822
0.247230
0.869198
-0.066073
0.377117
0.905026
0.456404
-0.073214
-0.353130
0.802850
0.623585
-0.100925
0.318400
0.886410
-0.565416
-0.646352
-0.381024
0.444197
-0.155980
-0.768792
-0.414533
-0.132481
-0.328471
-0.261879
-0.474227
0.730277
0.634388
-0.915891
-0.589892
-0.442854
-0.894589
0.079989
0.810358
0.024812
-0.714957
-0.885495
-0.548753
-0.350993
-0.460005
0.792047
0.218421
-0.637135
-0.241859
-0.852107
0.055269
-0.557726
0.848811
0.684927
0.660390
0.030366
0.614795
-0.927610
0.599292
0.454512
-0.482711
-0.799310
0.713431
-0.334208
0.168493
-0.094882
0.701590
0.324442
0.587329
-0.549669
-0.423933
-0.091220
0.096042
-0.216346
0.649953
-0.568468
-0.051607
-0.908811
-0.100925
0.695608
-0.602527
-0.708243
-0.646290
0.728507
-0.831050
0.739982
0.971435
0.517930
-0.765069
-0.636830
0.518357
0.718863
0.458296
-0.598498
-0.610401
0.020417
0.502304
0.481918
0.393170
-0.086093
0.929197
0.101047
0.217994
-0.741630
-0.271279
-0.896725
0.706107
0.665944
0.704703
-0.222266
-0.569262
-0.590564
0.926817
0.620716
-0.833857
0.779351
-0.784600
-0.390240
0.872311
0.005524
0.863704
0.645680
-0.340495
-0.851924
-0.464156
-0.199072
-0.037141
-0.086703
0.956908
0.683828
-0.314859
-0.321879
0.545763
0.606250
0.024995
0.556139
0.081393
-0.227271
0.675893
-0.891659
0.254982
0.531724
-0.403912
0.877194
-0.772698
-0.237648
-0.367901
0.927305
0.124912
-0.263833
0.631153
0.913450
0.736137
0.312906
-0.596728
0.113193
0.326945
0.167943
-0.343242
-0.465560
0.910703
0.364910
0.456893
0.968993
-0.267617
0.788446
0.302164
-0.733757
-0.293741
-0.057527
-0.363628
0.340129
-0.606494
0.157506
0.915036
-0.374310
-0.188818
-0.969237
-0.398602
-0.653005
0.415815
-0.974548
0.752007
0.603626
-0.744316
0.496872
-0.923521
0.869747
-0.725578
-0.475631
0.010163
-0.719352
-0.124119
-0.515915
0.767937
0.001679
0.009674
0.958678
-0.647267
0.831782
-0.374737
-0.154637
0.031831
0.671743
-0.236549
0.359050
-0.188757
-0.878048
-0.328898
0.307535
0.330851
-0.056795
0.841365
0.431135
0.406354
0.454878
0.188086
0.720817
0.388104
0.297586
0.908689
-0.382366
-0.172460
-0.413007
-0.493759
-0.041658
-0.089145
0.269814
0.756279
0.733146
0.908444
0.847713
-0.618519
0.843928
0.773858
0.590075
0.788018
-0.869808
-0.078829
0.181921
0.477218
-0.194067
0.267922
0.223548
0.514817
-0.333598
-0.609485
-0.909299
0.401837
0.898679
-0.646474
-0.949156
-0.612720
0.673391
-0.459456
-0.765862
0.498520
-0.770562
0.541612
-0.431501
-0.917539
0.554735
-0.278848
0.246132
-0.755119
-0.917417
-0.328654
-0.330729
-0.501572
0.684744
0.177282
0.403912
0.115513
0.683950
-0.275491
-0.640309
0.578356
-0.142186
0.416852
-0.178442
0.603870
-0.027009
-0.751701
0.200232
-0.533616
0.798517
-0.546556
-0.456771
0.331828
-0.420331
0.614551
0.076937
0.591845
-0.785333
0.533677
-0.540330
0.217017
0.149571
0.136631
0.356731
0.297769
-0.146886
-0.874264
-0.039460
-0.353313
0.532945
0.389874
-0.639698
-0.754875
-0.519517
-0.924741
0.150792
-0.699149
-0.279153
0.432722
-0.660756
-0.324320
0.684622
-0.222266
0.658986
-0.422712
-0.895627
0.733512
-0.221961
0.303079
0.869869
-0.418073
-0.230201
0.495834
-0.498825
-0.298929
-0.077853
-0.771233
-0.181066
0.572192
-0.280496
-0.448042
0.740715
-0.403729
0.707205
-0.168615
0.443220
0.686636
0.004486
0.959410
0.369976
-0.934996
-0.730155
0.614795
-0.229286
0.659841
0.205176
0.661245
-0.107273
0.319193
-0.761956
0.594226
0.201025
-0.213172
-0.083102
-0.724418
0.391644
0.374371
0.831904
0.080050
0.418134
0.451643
-0.131016
0.654958
-0.056673
0.063143
0.870663
-0.636830
0.585986
-0.152196
0.586535
-0.166356
-0.626881
0.969420
-0.971923
0.882260
0.939695
-0.157506
-0.226966
0.561327
0.137242
0.666189
0.267312
-0.243873
-0.669240
0.515183
-0.419538
-0.522141
-0.855403
-0.249550
-0.317240
0.497909
0.086154
-0.794733
0.802240
-0.389142
-0.481552
-0.903012
-0.731559
-0.556749
0.570849
0.139378
0.601856
0.691824
-0.363567
0.374676
-0.304361
0.785394
0.162511
0.179479
-0.491073
-0.045991
-0.996826
-0.146641
-0.219764
0.269265
0.327616
-0.841365
0.097873
-0.309977
0.976989
0.787347
0.398236
0.496933
0.060579
-0.651906
0.274270
-0.125278
0.155309
-0.122959
0.752556
-0.384625
-0.237526
-0.598193
0.680837
-0.410382
0.281167
-0.437971
0.226356
-0.944884
0.505356
0.414411
-0.691092
-0.098910
0.562975
0.404035
-0.289407
-0.063814
-0.642018
-0.457686
-0.454573
0.433515
-0.224952
0.364299
-0.613758
-0.172033
-0.144871
-0.487838
-0.826350
-0.043489
0.064852
0.757378
0.129795
-0.811335
0.345683
-0.143406
0.342692
0.234962
-0.390973
0.858943
0.778985
0.687857
0.346355
0.564684
-0.854732
-0.613941
0.511521
0.182043
0.227577
0.495346
-0.350688
0.624439
-0.610950
-0.809748
0.228065
0.288675
0.727958
-0.599780
-0.368938
-0.344035
-0.100620
-0.761773
0.903806
0.980590
0.306497
0.719596
0.949034
-0.623035
0.815424
0.640736
-0.157628
0.748222
0.141636
0.013276
0.516160
-0.694998
0.253151
-0.153600
0.892697
0.838557
-0.733451
0.822687
-0.831111
-0.663442
0.891964
-0.176977
0.168004
-0.548875
0.733634
-0.586535
0.581225
-0.021149
-0.801874
0.520066
0.421247
0.172399
-0.594104
-0.186926
0.128697
-0.336100
-0.153722
0.397076
-0.991699
0.979492
-0.533677
-0.676687
-0.464644
-0.600635
0.198035
-0.067171
0.637623
0.092746
0.547899
-0.769646
0.825617
-0.715201
0.112583
-0.774224
0.491379
-0.734550
0.687307
0.969359
0.577868
-0.303568
0.126194
0.353801
-0.605884
0.278726
0.827021
-0.826411
0.928892
0.204749
-0.505661
-0.977721
-0.956053
0.857051
-0.522385
-0.212806
0.692434
0.660573
0.820002
-0.123569
-0.160680
-0.997009
0.800104
0.604358
0.066988
-0.666555
-0.331278
-0.677175
0.082186
0.939451
-0.036836
-0.329325
-0.619984
0.975768
0.337443
-0.607288
0.755058
-0.283303
-0.375042
0.142796
0.207801
0.406232
0.081271
-0.251747
-0.879940
-0.898618
-0.753899
-0.310953
-0.490890
0.891476
0.690298
-0.018036
-0.661428
-0.728568
-0.079928
0.939268
0.117649
0.440291
0.550890
0.641041
-0.099155
-0.363384
0.598621
0.490951
0.925413
0.453108
-0.821223
-0.920225
0.363018
-0.687735
-0.134800
0.070956
-0.694754
-0.206763
0.828303
-0.083102
-0.193030
0.475021
-0.285806
0.242042
0.908811
-0.738029
0.264321
0.864376
-0.137181
0.127049
0.519822
0.917234
-0.963073
0.778680
0.339030
-0.242042
-0.353984
0.143223
-0.198706
-0.584704
-0.330241
0.896786
0.745170
-0.676382
0.297220
0.525620
0.421003
-0.801874
-0.407025
0.116245
-0.942015
-0.644215
0.301859
-0.041658
0.328104
0.477279
0.657826
-0.339030
0.749138
-0.251869
0.016144
-0.178198
0.981994
0.703665
0.140599
-0.672170
0.891903
0.586657
0.588366
-0.423200
-0.223670
0.154027
0.393170
0.000763
-0.879757
0.728324
0.278787
0.117771
-0.354472
0.267983
0.020234
0.976012
-0.303812
-0.661489
-0.237648
-0.534593
-0.988708
0.177953
-0.027497
-0.354228
-0.486801
-0.491989
0.296365
0.512070
-0.512009
0.950194
-0.266762
0.228736
0.244789
-0.836543
0.980285
0.876705
-0.899167
0.522019
0.220252
-0.030732
0.973937
-0.757500
-0.460250
0.620472
-0.408979
-0.305277
0.848994
0.547411
0.177648
-0.622791
-0.951537
0.705557
-0.016755
0.847224
0.255043
0.409345
0.224769
-0.587695
0.215369
-0.673086
0.142369
-0.348796
0.618641
0.691214
-0.307169
0.932920
0.720695
-0.968261
-0.579943
0.967162
0.418256
0.481674
0.086398
-0.270363
0.682608
-0.678457
0.724723
-0.722526
-0.403119
0.394269
0.129429
0.109165
-0.338115
-0.074923
-0.418134
0.849910
-0.006134
0.243690
0.118320
-0.220130
-0.968627
-0.586535
-0.540635
-0.286721
-0.699087
-0.068331
0.181372
-0.927061
0.766839
-0.667348
0.043428
0.579394
0.510666
-0.364299
-0.937132
0.935484
0.900266
0.610645
0.534959
0.876644
-0.627491
0.316507
0.941771
0.312540
-0.777886
-0.940977
0.958556
-0.681265
0.963134
0.830317
-0.089328
-0.790033
0.835261
0.375469
0.303446
0.029572
-0.607776
0.264687
0.003510
-0.199805
0.421430
0.308939
-0.367229
0.610828
0.954588
0.533982
-0.845332
0.028352
0.056429
0.534959
-0.009430
-0.954344
-0.981628
-0.092013
-0.727042
-0.351299
0.742790
-0.927000
0.411542
-0.853999
-0.596362
0.715934
0.629505
0.017304
-0.320231
-0.425153
0.700674
0.762932
-0.946654
0.830927
-0.449751
-0.428449
-0.124546
-0.247658
-0.533921
-0.956542
0.519333
-0.952208
0.258950
0.486740
-0.671926
0.633839
-0.153905
0.562853
-0.211524
-0.051485
0.656545
-0.650380
-0.463790
-0.997742
0.634144
0.626148
-0.546861
0.966552
-0.730033
-0.728446
0.149571
0.240699
0.556444
0.799554
0.981079
0.515183
0.027924
-0.361736
-0.594348
-0.120273
0.124912
0.139256
0.165319
-0.362041
0.204871
0.969787
0.292764
-0.054781
0.838923
0.555406
-0.851009
-0.285195
-0.548326
-0.264443
0.535203
0.361980
-0.962706
0.784051
0.949095
-0.353191
0.852535
0.010529
-0.441816
-0.122837
0.346782
-0.970153
0.757195
0.596912
0.023957
0.910947
0.176000
0.782586
0.009613
0.766533
0.035066
-0.476119
0.030610
-0.156957
0.208594
-0.658193
-0.881954
0.934812
0.358135
-0.642201
-0.722831
0.959349
-0.159154
0.024262
-0.790704
-0.910092
-0.661916
0.468734
-0.884945
-0.806269
-0.589221
-0.128574
-0.943541
-0.113620
0.080966
-0.057772
0.964721
0.098727
-0.948973
0.108737
0.213843
0.248573
0.811518
0.991272
0.829707
0.828364
0.642201
0.062777
0.155004
0.884396
-0.042268
0.530259
-0.650502
0.773309
0.366558
-0.241127
0.295145
0.436750
-0.507736
-0.351909
0.167760
-0.302347
-0.650624
0.680349
0.268777
-0.024567
-0.826167
0.195654
-0.248024
0.589526
0.935728
-0.548631
-0.073702
-0.802240
-0.405683
-0.540391
0.907468
-0.607166
0.443525
0.217750
-0.434065
0.097140
-0.648732
-0.064608
-0.479293
0.761467
0.546312
-0.375652
-0.939817
-0.077242
-0.028596
0.335856
-0.504440
-0.192663
0.257973
-0.060823
-0.781121
0.264138
0.495041
0.726737
0.035615
-0.906064
0.657888
0.018769
-0.381451
-0.000763
-0.241066
-0.163915
0.038362
-0.369366
0.046602
-0.879879
0.929258
0.205054
-0.895993
-0.261574
-0.622791
0.444197
-0.221290
-0.752312
0.856258
-0.306253
0.034028
0.683279
-0.075533
-0.797784
-0.585803
-0.731132
0.325541
0.902646
0.260231
-0.046480
0.779046
-0.007660
-0.764153
0.046846
0.277200
0.121799
0.835566
-0.900082
0.501572
0.275979
-0.276833
0.264748
0.133824
-0.981567
0.059053
-0.111728
-0.931700
-0.675405
0.115329
0.490524
-0.430403
0.305765
-0.906735
-0.316263
-0.060762
0.821589
-0.033235
0.005890
-0.085116
0.657765
0.649220
0.168981
-0.398114
-0.532640
0.288797
0.507859
0.281350
0.353984
-0.146947
-0.116123
-0.859981
0.425642
0.641041
-0.820368
0.513596
0.299966
-0.801019
-0.242286
-0.853267
-0.472518
-0.913450
0.216346
-0.394635
-0.086093
0.976745
-0.721427
-0.344829
-0.152623
-0.084323
0.956725
0.882565
0.300638
0.473922
-0.347453
0.864803
0.687063
-0.123325
-0.357646
0.612476
0.109592
-0.331095
-0.817377
-0.592700
0.841548
-0.542222
-0.293619
-0.124668
-0.147984
-0.189428
-0.022614
0.993835
0.766167
-0.498398
-0.209754
-0.418256
0.950987
0.142857
-0.105319
0.738639
-0.302713
-0.494919
-0.505295
0.631336
0.891354
-0.816645
-0.348491
-0.529160
-0.563036
0.240822
-0.594104
-0.398602
0.512192
-0.027741
0.310709
0.697623
-0.977599
0.850154
0.346721
-0.284280
0.935911
0.325968
0.211646
0.173925
-0.649953
0.423688
-0.779351
-0.963927
-0.137364
0.730033
0.502487
0.173193
0.510849
-0.087985
-0.671987
0.278665
0.340617
-0.503098
-0.114902
-0.663015
0.296976
-0.249306
-0.572497
-0.191565
0.846553
0.705130
-0.048799
-0.693838
0.842158
-0.123875
-0.021943
-0.811701
0.499313
0.252480
0.945494
-0.866329
-0.763970
-0.611560
-0.796625
-0.140538
0.872372
-0.393353
0.681143
0.367290
-0.803156
0.924680
0.470992
-0.926817
-0.481307
-0.922239
-0.349528
-0.884945
-0.847774
-0.740165
-0.383099
0.722953
0.743889
-0.023041
-0.832575
0.064425
0.197241
-0.603137
0.765557
-0.772454
-0.212989
0.461043
0.604663
-0.944639
-0.903378
-0.214270
0.026704
-0.270852
0.165807
0.997559
0.219520
0.217872
0.752068
-0.389569
0.067049
-0.807855
0.314676
0.508286
0.283303
0.773431
-0.028962
0.733390
-0.600085
0.719901
-0.516953
-0.485763
-0.173437
0.594958
-0.640919
-0.224525
-0.068270
-0.044588
0.280435
0.229713
-0.023103
0.951476
-0.708426
-0.302042
0.167760
-0.053072
0.052034
-0.783441
-0.820185
-0.748589
-0.942442
0.062105
0.291360
0.380291
0.161351
-0.170080
0.485397
0.773797
-0.988403
0.981628
0.071871
-0.092990
0.509140
0.920713
0.546556
0.201697
-0.948607
0.448714
0.329814
-0.645802
0.980895
0.632862
-0.161718
0.712638
0.856929
0.181310
-0.535508
0.929746
0.222816
-0.431990
0.227149
-0.453413
-0.413495
0.182348
0.294778
-0.206091
0.053255
-0.653798
0.683401
-0.653005
0.798517
0.180456
-0.384991
-0.418317
0.638356
0.405683
-0.634388
-0.602283
-0.720023
-0.868221
0.964843
-0.935057
0.678762
0.588977
0.486251
-0.754509
-0.691214
0.137181
0.473983
-0.616871
-0.459395
0.024201
-0.264687
-0.837397
0.874264
0.942808
0.694693
-0.919309
0.487777
-0.358013
-0.022004
-0.181372
-0.107089
-0.935667
-0.690237
-0.991272
0.646413
0.124485
-0.044649
0.672720
-0.257729
0.286416
-0.558092
0.755730
-0.815058
-0.443831
0.171361
0.151524
0.555528
-0.424116
0.436445
-0.017304
-0.337931
-0.167150
0.083712
-0.075900
0.951170
-0.400250
-0.627674
0.878414
-0.681570
-0.463179
0.547227
0.329875
-0.113926
0.344279
-0.773064
-0.037690
0.069979
0.085665
0.206885
-0.378643
0.177526
0.944884
-0.862239
-0.780389
0.079440
0.775140
0.299905
-0.538011
0.955870
-0.295267
0.013031
-0.631886
0.960143
0.317301
-0.973693
-0.284158
0.109897
0.900571
0.155370
-0.488693
-0.555651
-0.314371
0.487289
-0.241554
-0.443281
-0.598621
-0.114902
-0.654958
-0.896298
-0.810846
-0.178137
0.873592
0.414106
0.802423
-0.036897
-0.863704
-0.961608
0.882382
0.970214
-0.014496
-0.098117
-0.499924
0.039766
0.407514
-0.591479
-0.345073
-0.066683
0.748222
-0.333476
0.128391
-0.248146
-0.554735
-0.844050
-0.300455
-0.235511
-0.058870
0.795404
0.368267
0.014008
-0.100070
-0.482101
-0.947508
-0.432417
0.617176
0.163610
-0.170507
0.046297
-0.249550
0.780633
-0.790948
-0.556078
0.191748
-0.116184
-0.610096
0.436811
-0.465743
-0.402692
-0.629261
-0.910520
-0.489547
0.783868
-0.073214
-0.894650
-0.288491
0.462569
0.444624
-0.517991
0.174718
0.799066
-0.416242
0.274941
-0.552232
0.927671
0.866573
-0.189489
-0.029206
-0.293374
-0.434675
0.914426
0.312906
-0.495407
0.186254
-0.247963
-0.389019
0.234657
-0.424726
0.202124
-0.191748
0.655629
-0.187536
0.638478
0.400372
-0.162755
-0.613880
-0.003998
-0.739372
0.618702
-0.638661
-0.163366
0.942137
0.188513
0.767754
-0.212928
-0.666311
-0.109897
-0.468856
-0.741630
-0.783685
-0.356548
0.927976
0.298013
-0.855220
0.928831
0.334941
-0.920835
0.508652
-0.852412
0.598498
-0.156529
0.531175
0.986755
0.679556
0.405927
0.930601
-0.466048
-0.384014
-0.121616
0.083346
-0.497971
0.884823
-0.180334
-0.483810
0.494675
-0.622364
-0.786248
0.145177
-0.866634
0.314676
-0.282388
-0.246254
-0.192969
0.739494
0.936216
-0.536973
0.366253
0.209387
-0.678579
0.116062
-0.371136
0.787103
-0.718070
0.908139
0.992676
0.353740
0.139134
0.692373
0.135716
0.394940
-0.494552
-0.101108
-0.484970
0.381512
0.279458
0.217017
0.481735
0.470199
0.894040
-0.890683
-0.249733
-0.379376
-0.363262
0.276406
0.511155
-0.563829
-0.337260
0.862911
-0.371990
-0.686636
0.435408
0.520310
-0.479720
-0.922666
0.630360
0.400555
-0.374981
-0.924558
0.913083
-0.213294
0.643422
-0.778558
-0.285623
0.121128
-0.866939
0.941649
0.225990
-0.255104
0.692923
0.856624
-0.548143
0.273782
-0.790277
-0.336161
-0.095614
-0.704154
0.156346
-0.740776
0.456587
-0.525376
0.090548
0.477889
-0.540269
-0.702628
0.265297
-0.062838
-0.515366
0.300882
-0.925962
0.552293
-0.798517
0.873470
0.631336
0.855037
-0.779656
0.051912
0.258339
0.001251
0.350017
0.859920
0.496811
0.053987
-0.462813
-0.683279
-0.333110
0.668203
-0.164953
0.602344
-0.404767
0.713981
0.253639
-0.731498
-0.280068
-0.408063
-0.699576
0.716727
0.023713
0.116855
0.867672
0.907285
-0.210669
-0.535997
0.145116
-0.764092
-0.036836
0.140294
0.780999
-0.483444
-0.079379
0.020966
0.528245
-0.495285
0.593188
0.612476
-0.245643
0.874569
-0.349345
-0.098788
-0.005768
0.077914
-0.447432
0.174169
0.616871
-0.528245
0.650563
0.430158
0.558763
0.340373
-0.843257
0.626637
0.352519
-0.059114
0.851863
0.566088
0.066683
-0.619495
-0.635426
0.394208
-0.249489
0.121677
0.759697
0.050508
0.681692
-0.759575
-0.369060
0.790887
0.380596
0.071200
0.522568
-0.009491
-0.213660
-0.838374
0.814142
0.403974
0.996277
-0.500534
0.123203
0.766228
-0.681570
0.133091
-0.600574
0.485824
-0.172033
-0.101108
0.450789
-0.221778
-0.467818
-0.119175
-0.791253
0.552232
-0.459090
-0.345744
0.548936
0.440657
-0.398968
-0.067598
0.304239
-0.959838
0.840022
0.264687
0.944517
-0.587146
-0.982543
0.124546
0.240638
0.499863
-0.783380
0.597156
-0.881283
0.125523
-0.566149
-0.953795
-0.668203
-0.984436
0.330058
-0.796564
0.371075
0.143223
0.695547
-0.273354
0.791070
-0.632008
0.747063
0.041047
-0.691885
-0.977905
0.050874
-0.863582
0.745903
0.365520
0.537889
0.530381
-0.947752
-0.159825
0.921140
0.989990
-0.846797
-0.028779
-0.844050
0.158300
0.806269
-0.312540
-0.116245
-0.720328
-0.053804
-0.193579
0.254128
-0.694327
0.686758
-0.543138
-0.603870
0.971679
-0.616138
-0.736503
-0.661916
0.132664
0.473128
-0.007782
0.966735
-0.486923
-0.151097
0.412702
-0.983215
-0.859188
0.603137
-0.409284
0.377667
0.123386
-0.558702
-0.825617
-0.160375
-0.639698
0.487472
0.208045
-0.594470
-0.449263
-0.156407
0.590136
0.648061
0.336833
-0.924375
0.577807
0.439558
-0.766778
-0.308878
0.423750
-0.422346
0.427046
-0.640553
-0.621754
-0.778314
-0.781671
-0.625721
-0.539048
-0.874081
-0.468490
-0.292886
0.290811
-0.072359
-0.752251
-0.288553
-0.448347
0.224647
-0.355937
-0.845271
-0.876034
0.739555
0.097629
0.935850
-0.332072
-0.801386
-0.009369
0.287698
0.009064
0.792291
-0.868709
0.649281
0.404706
0.511277
-0.164953
0.983215
0.584704
0.478561
-0.146092
0.141270
-0.503403
0.913877
-0.328104
0.918516
0.384320
0.623280
-0.587268
-0.529588
0.308084
-0.749016
0.441267
-0.340861
-0.721244
-0.133030
0.402326
-0.991028
0.477889
-0.661733
-0.404828
-0.591479
0.943358
-0.154942
0.856746
-0.903256
-0.977233
-0.842463
0.165075
0.691702
0.931822
0.235084
-0.406476
0.826167
0.996460
-0.604602
-0.908261
0.178381
0.943541
-0.100497
0.733695
-0.458357
0.646718
-0.758049
0.355815
-0.127659
-0.527757
-0.550707
0.534227
-0.571825
0.602344
-0.531602
-0.259987
0.989563
-0.950926
0.505722
0.152501
0.868954
0.306497
0.701956
0.712760
0.394391
0.843379
0.236427
-0.676077
-0.782220
0.301187
-0.163976
0.626453
0.687551
-0.048189
-0.868770
0.777459
-0.496139
0.332743
0.302835
0.367901
0.576464
-0.256020
0.013092
0.236366
-0.658193
-0.523423
-0.185644
-0.002716
-0.154149
-0.893368
0.656850
-0.876705
0.802118
-0.792352
-0.296182
-0.843989
-0.729118
-0.004852
0.194128
-0.374981
0.314310
-0.123753
-0.793573
0.914670
0.746208
-0.232521
-0.427107
0.682119
0.441816
0.719840
0.195471
-0.388165
0.404889
-0.073885
0.282388
-0.361980
-0.077425
-0.259194
0.096835
0.297220
0.588244
0.821100
-0.366314
0.955992
-0.986450
-0.405011
0.340983
0.749443
-0.860042
-0.166051
0.720267
0.693228
0.193884
0.715262
-0.360332
0.540269
0.065401
0.217627
0.383587
-0.336650
-0.281411
-0.501328
0.835994
-0.260659
0.718925
-0.158910
-0.130222
0.600696
-0.424360
-0.973083
-0.707633
-0.456221
0.415876
-0.528916
0.278481
-0.609790
-0.845149
0.090915
-0.322245
0.900815
-0.936827
0.718986
0.744133
-0.904294
0.592578
-0.680593
-0.926756
-0.997803
-0.577258
-0.440962
-0.076876
0.122044
0.412152
0.355876
-0.901181
-0.587756
-0.524644
-0.564135
0.926023
-0.882260
-0.921140
-0.354167
-0.378460
0.839045
0.688101
-0.020112
0.610401
-0.290689
-0.550096
-0.462630
-0.574145
0.668630
0.576769
-0.147313
-0.282815
-0.896908
0.666250
0.544725
0.590442
0.544053
0.568468
0.829768
0.090670
-0.810114
-0.635914
