-0.080905
-0.172094
0.580859
-0.145116
-0.313089
0.995361
0.479843
-0.607044
0.878658
-0.584216
-0.834895
-0.285501
-0.623951
0.184301
-0.358440
0.620045
0.740837
-0.166295
0.431013
0.094211
-0.666066
0.707450
-0.204993
0.200354
0.175268
-0.126377
0.464583
-0.059908
-0.753777
0.598376
-0.219886
0.237587
0.754387
0.444380
-0.694693
-0.867733
-0.556139
0.677602
-0.096164
-0.854671
-0.130955
-0.194311
-0.505417
-0.671804
0.864620
0.360271
0.284829
-0.138340
-0.363384
-0.150243
-0.262062
0.743095
0.048250
-0.180944
-0.157384
0.617420
-0.729667
0.520920
0.790887
-0.203345
-0.872127
-0.565111
0.281655
-0.365459
0.916990
0.242531
-0.421796
-0.775262
-0.840022
-0.496445
-0.932188
0.052095
-0.087191
0.352458
-0.557787
0.078219
0.643849
-0.931028
-0.522080
-0.295145
0.659841
0.733695
0.070711
0.750359
-0.266091
0.933348
0.829829
0.622608
0.851070
0.750908
0.355876
-0.839412
-0.801630
0.919797
0.839534
0.541124
0.360149
0.385113
0.603748
0.911802
0.662587
-0.593432
-0.857662
0.050020
-0.730705
0.738456
-0.627369
0.012177
0.501083
0.963256
-0.385113
-0.375591
0.677541
0.547716
-0.617298
0.751579
-0.261635
-0.072787
-0.711722
0.989624
0.097812
0.168004
-0.402875
-0.997009
-0.053377
-0.033662
-0.764946
0.552843
-0.814203
-0.127598
-0.690786
-0.947508
0.002411
0.588672
0.072726
-0.728935
0.785699
0.217566
0.257118
0.821772
0.756157
-0.963927
-0.290750
-0.994018
-0.589038
0.341899
0.797784
0.667714
0.501205
0.443403
0.488266
0.156713
-0.656789
-0.869198
-0.608509
-0.403851
0.638234
0.151036
0.174169
-0.911496
0.795221
0.556261
-0.502976
-0.591235
-0.291055
0.046968
0.805719
-0.466659
-0.256569
-0.607105
-0.994201
-0.311380
0.887082
0.955565
0.543138
-0.146092
0.500168
-0.198157
-0.281655
0.604724
-0.736137
-0.970336
-0.326334
0.315836
-0.120701
-0.152196
-0.843806
0.092318
0.288125
0.968810
-0.882260
-0.228797
0.745720
0.978942
-0.426069
-0.092135
-0.818171
-0.376507
-0.101535
0.271828
-0.557543
-0.826655
-0.588610
-0.792962
-0.735954
-0.636280
-0.928343
0.268593
0.644398
0.987304
0.096957
0.915708
0.454634
-0.696707
0.973388
0.116184
-0.913755
0.136753
0.377178
-0.930906
0.734550
0.411847
-0.302652
0.475387
0.030915
0.191931
0.915281
0.152745
-0.811884
-0.654775
-0.921567
0.188208
0.150365
-0.598926
-0.728019
0.335856
-0.515061
-0.430219
-0.989929
-0.183813
0.755364
0.522813
-0.298807
0.234596
-0.215369
-0.926084
-0.488449
-0.949278
0.935850
-0.552477
0.806269
-0.758538
0.225867
-0.656240
0.128208
0.747612
-0.148717
-0.004913
0.204932
-0.715934
-0.029206
-0.330546
0.689138
0.141270
0.111179
-0.806330
0.688528
-0.823237
-0.609119
-0.796075
0.474105
0.924558
0.906369
0.475631
0.934690
-0.275185
0.858638
0.141331
-0.828669
0.293558
-0.356914
0.396161
0.767998
0.559801
0.335551
-0.640309
0.134312
-0.890255
-0.820063
0.689627
0.599902
0.264138
-0.542039
-0.216163
0.336711
-0.939512
-0.482406
-0.283120
0.487777
0.617481
-0.204627
0.964904
-0.278176
-0.111606
-0.696219
-0.299356
0.897153
-0.095676
0.041536
0.622547
0.558397
-0.335795
-0.427900
0.162389
-0.541734
0.019013
-0.184912
-0.138157
-0.159276
0.145848
-0.640126
-0.324503
0.317606
0.052583
0.484787
0.016694
0.665090
-0.440535
-0.066195
0.621815
0.336833
-0.532579
0.496078
0.699210
0.348430
-0.681692
0.186071
0.501999
-0.910886
-0.840144
-0.786431
-0.987976
0.121128
0.793756
0.444258
0.426313
0.072054
-0.612720
-0.592761
0.045564
-0.678091
-0.350810
-0.734306
-0.445845
0.769280
0.176977
0.759148
0.502060
0.790216
-0.164220
0.317789
-0.395062
0.751152
-0.765252
0.567431
-0.306742
0.278848
-0.117344
0.618580
-0.672048
-0.009125
-0.837580
0.222633
-0.732231
-0.866756
-0.187780
0.793085
0.987426
0.391461
0.104404
0.710379
-0.063082
-0.352153
-0.576647
-0.512436
0.245216
-0.856624
0.853389
-0.456404
-0.655507
0.178442
0.111484
0.159825
-0.216773
-0.250710
-0.217200
0.811335
-0.947630
-0.720145
0.530381
-0.430158
0.007294
-0.539903
0.766350
0.789056
-0.699515
-0.564074
-0.301553
0.426130
-0.323222
0.416547
0.507431
-0.427778
0.419599
-0.603015
-0.682241
0.939024
0.832575
-0.184423
0.989807
-0.051241
-0.155736
-0.295145
-0.123936
0.062166
-0.464522
-0.363628
-0.009552
0.222571
0.395672
-0.190527
0.749931
0.505539
0.089999
0.901303
0.279092
0.796930
0.028047
-0.950438
0.391095
0.672048
0.113926
0.664480
-0.878964
0.376629
0.296487
0.563646
-0.964476
0.268288
0.407331
-0.190222
0.546983
-0.981384
-0.576464
0.213050
0.395978
0.493454
-0.593066
0.318766
0.591723
-0.192541
-0.320963
0.205542
-0.549425
0.995300
0.720389
-0.034883
-0.638478
-0.738823
-0.975768
0.223060
-0.676138
-0.894955
0.996643
0.022797
0.160436
-0.235755
-0.754814
-0.892819
-0.788812
0.821284
0.188330
0.737724
-0.844478
0.623707
0.348796
0.701712
-0.976073
-0.928831
-0.993835
-0.391339
0.954588
-0.592883
0.329630
-0.570421
-0.068209
-0.250649
-0.262123
0.199377
0.895383
-0.836726
0.984924
-0.906308
-0.446516
0.803400
0.151952
0.214515
0.622547
-0.481429
-0.250526
0.564135
-0.061129
-0.052889
0.884640
0.076144
-0.965026
-0.075289
-0.908261
-0.071871
0.025239
-0.619251
0.360698
-0.832942
0.477950
0.771722
0.251381
0.648793
-0.223487
0.689322
-0.143468
0.559557
-0.863887
-0.431806
0.844295
0.840815
-0.350566
-0.748650
-0.631642
0.980529
-0.361736
-0.447371
-0.450545
0.480697
0.363018
-0.295816
-0.516037
0.200598
-0.948607
0.161534
0.970824
0.020356
0.678152
0.298135
-0.271340
-0.677480
0.062227
0.387982
-0.443281
0.944456
-0.079196
0.559435
0.787713
-0.322245
-0.300394
-0.019318
-0.036103
0.961791
0.460250
-0.568651
-0.202429
0.763237
0.741264
-0.171484
0.671499
-0.800043
0.854732
-0.171361
-0.287027
-0.874264
-0.422956
0.830012
0.241371
0.292093
-0.720756
-0.542711
-0.430525
0.233070
-0.351176
0.918821
0.910520
0.868099
0.544237
-0.214881
0.005036
-0.442976
0.997864
0.710623
-0.945677
-0.742973
-0.342326
0.982177
0.196509
-0.651418
-0.658376
0.953246
-0.872860
0.925779
-0.355022
0.423383
0.476730
-0.171911
-0.204688
-0.912839
0.657094
0.545946
0.540452
-0.457930
-0.046419
-0.363140
0.691885
-0.132420
-0.673940
0.602893
-0.915036
-0.075961
-0.290750
0.613758
-0.219092
0.447005
-0.729362
-0.201636
-0.293435
-0.771661
-0.800043
0.813349
-0.296304
-0.128025
0.621815
0.480209
0.033357
0.955199
-0.469527
-0.067721
0.940184
-0.393353
0.199499
0.994385
0.338481
-0.956542
0.880978
-0.994629
0.658315
0.276101
-0.809320
0.250832
-0.563036
0.434553
0.540513
0.039521
-0.734367
-0.245094
-0.717887
-0.999878
-0.030061
0.288247
-0.305094
0.584887
0.919004
-0.774651
-0.961974
-0.323649
-0.567309
0.744377
0.754326
0.924802
0.816706
-0.690298
-0.208289
0.986694
0.857540
0.936094
0.381817
-0.052156
0.724052
0.179174
-0.720817
0.634144
-0.531785
-0.362468
0.012848
0.295999
-0.984191
-0.554003
-0.270608
-0.404157
0.169897
0.554735
0.491501
-0.180761
0.505966
-0.424055
0.344890
-0.563402
0.546495
-0.108310
0.915525
0.427656
-0.782525
-0.324137
0.096835
0.769402
0.878536
0.608386
-0.230323
0.355754
-0.323099
-0.884396
0.312357
-0.798883
-0.138951
0.164220
0.226844
0.303751
-0.230689
0.882260
-0.637196
-0.110202
0.360271
-0.967162
-0.784234
-0.950621
-0.357280
-0.806574
0.529588
0.311014
0.218604
0.323283
-0.459700
-0.373699
-0.167394
0.438765
0.311686
0.045137
-0.753655
-0.766655
-0.780877
0.913205
0.640553
0.026154
-0.561022
-0.559191
-0.681570
0.167943
0.475631
-0.223243
-0.660878
0.593616
0.314920
-0.902219
-0.201575
-0.800226
-0.908994
0.249550
0.413923
-0.610462
0.476730
0.861751
0.051546
0.761895
-0.954894
-0.231666
0.571154
-0.958251
-0.063448
-0.124546
-0.830561
-0.435713
-0.917600
0.661855
-0.539171
0.292032
0.735466
0.512131
-0.085482
0.577136
0.957945
0.797052
0.786554
-0.572069
0.106845
0.741264
-0.630787
-0.435469
0.809259
-0.976562
-0.141087
-0.414594
-0.188635
-0.661489
-0.509018
0.711905
0.444746
0.763787
-0.032258
0.864315
0.554674
-0.664724
-0.020112
0.298441
-0.468917
-0.959716
0.458907
0.021088
-0.460921
0.106235
0.316324
0.074252
-0.417707
-0.383038
0.796808
0.528367
-0.088534
0.392804
0.350993
0.579211
-0.778069
-0.564562
-0.937925
-0.488998
-0.580248
0.494064
-0.880734
-0.990112
-0.754387
-0.617481
0.090304
0.110080
-0.522263
-0.267861
0.457137
0.075838
0.777520
-0.195166
-0.234230
0.172826
-0.479965
0.663381
0.752251
0.077670
0.490829
-0.384503
-0.003449
0.971068
-0.703177
0.886898
-0.893857
-0.517258
-0.322672
0.552965
0.198523
0.753166
0.438154
-0.104648
-0.144627
-0.213660
-0.757622
0.615955
0.702383
-0.842158
-0.649525
-0.340129
-0.032380
-0.049532
0.260903
0.750053
0.160802
0.198096
0.777703
-0.294229
-0.147801
-0.796625
0.669729
0.043916
-0.125950
-0.664418
0.145238
-0.114109
-0.164525
-0.420698
0.140416
-0.854671
0.909970
0.638844
-0.396283
-0.487289
0.034211
0.012360
0.832759
-0.463240
-0.237159
0.938047
-0.846248
-0.174596
-0.307169
0.610462
0.189489
-0.601856
0.820307
0.791620
0.145543
0.865535
0.526597
0.135289
-0.714652
-0.493942
-0.227821
-0.524644
0.036897
0.823786
-0.790033
0.334574
0.680532
-0.079073
0.199438
0.213233
0.126255
0.856624
0.212806
-0.068758
-0.671499
-0.045137
-0.585681
-0.706046
0.603259
0.945189
0.485885
0.579516
-0.251869
0.803217
0.685354
0.100009
-0.246498
0.577685
-0.064302
0.970092
0.806085
0.160680
-0.282754
0.704520
-0.505783
0.154210
-0.071810
-0.670522
-0.650807
-0.888485
0.181555
0.654653
-0.856624
0.919370
0.515793
0.055696
-0.099643
0.642933
-0.125950
0.533860
0.444258
0.775079
0.111789
0.493271
0.789056
-0.863521
0.093661
-0.591723
-0.789300
-0.050508
0.710685
0.598254
0.772515
0.237770
-0.924741
-0.205603
-0.414472
0.737968
-0.483200
0.555712
0.805536
0.957152
-0.569750
-0.483322
0.848689
-0.498459
-0.378094
-0.223975
0.359722
0.250710
-0.680105
0.423505
-0.799799
-0.799493
-0.480453
0.521409
-0.979675
0.689932
-0.476913
0.494613
-0.821284
-0.893674
-0.378826
0.279458
-0.126926
-0.636830
0.964232
-0.386151
0.022980
0.858699
-0.073946
0.344401
-0.731376
-0.604785
-0.863704
0.234962
0.648427
-0.702383
0.338420
-0.645314
-0.790948
0.522385
-0.861934
0.684378
-0.608142
-0.770074
0.071932
-0.711844
0.605335
0.870418
-0.268899
0.592578
0.431684
0.930723
0.504563
-0.221046
-0.619068
-0.970458
-0.416791
0.750725
0.540208
-0.980529
-0.246559
0.891842
0.514084
0.589831
0.928709
0.850764
-0.089877
-0.193152
0.836238
-0.185644
-0.065584
-0.579394
-0.668325
-0.147008
-0.732414
-0.265786
0.418256
-0.670522
0.972350
-0.151280
0.561022
0.126072
0.767388
0.474044
0.013581
0.212500
0.846614
-0.622791
0.162023
-0.616565
0.215796
0.627796
0.549181
-0.258095
-0.563341
0.485763
0.146764
0.281167
0.509873
-0.670644
0.901364
0.804498
-0.126865
-0.222999
0.886288
0.786859
-0.462386
-0.301126
0.143956
0.695425
-0.229652
0.240211
-0.165441
-0.151158
-0.780450
0.327616
0.405072
-0.228431
0.762871
0.487533
-0.476730
-0.441023
0.983581
0.668813
-0.264382
0.004181
0.971007
-0.725028
0.739250
0.135411
-0.176000
-0.961974
-0.304117
-0.382488
0.433454
0.842036
0.582202
-0.818415
-0.765374
-0.527940
-0.803522
0.567370
-0.424421
-0.917356
-0.837519
0.679983
-0.764641
0.089267
-0.331950
0.222571
-0.229408
0.367901
0.643910
0.251564
0.795038
0.167150
-0.134800
0.938719
-0.401898
-0.038789
-0.022187
0.055635
0.214454
0.445357
-0.143468
-0.896908
-0.018097
-0.890439
0.641469
-0.076266
-0.196631
-0.364666
0.539842
-0.515366
0.955443
-0.016694
-0.565416
0.371563
-0.544237
0.990539
-0.301859
0.917112
0.077975
0.510666
-0.922971
-0.685904
-0.872250
-0.436934
0.877071
0.464461
-0.674551
-0.423139
0.411786
-0.702689
-0.770440
0.149876
-0.637562
0.947264
0.168249
-0.150121
0.227088
0.948363
0.888424
0.727348
-0.829768
0.920530
-0.058626
0.295206
0.383953
0.586230
0.305033
-0.617237
-0.149388
0.754570
0.109958
0.285257
-0.064669
-0.870785
-0.080233
-0.710501
0.873531
0.457259
-0.953673
0.436506
-0.517747
0.146397
-0.699637
-0.565844
-0.200964
-0.182714
0.815485
0.497421
-0.298441
-0.140721
0.155858
0.741997
0.286477
0.511093
-0.125523
-0.579638
-0.131626
0.117771
0.787347
0.941099
0.948607
-0.433088
-0.505234
0.002777
0.066866
0.972777
-0.067965
-0.662648
0.033906
-0.770928
-0.274270
0.691824
0.822138
-0.445845
-0.574328
0.414411
0.589282
-0.770684
-0.962096
0.938108
-0.080782
0.692557
0.860897
0.994140
-0.574023
0.196631
-0.120273
-0.821467
-0.127903
0.434614
0.966185
0.903806
0.628773
0.904172
-0.977294
0.755974
-0.639027
-0.313395
-0.690603
-0.343791
-0.505661
0.528306
0.051119
0.500107
-0.461531
-0.268838
0.938108
0.789300
-0.045991
-0.163610
-0.237098
0.888241
-0.603320
0.363018
-0.101779
-0.875790
-0.669668
0.784906
-0.044527
-0.851924
0.753105
-0.173559
-0.647938
-0.626270
-0.950682
0.822138
-0.669301
-0.500107
0.569079
0.144261
-0.652150
0.860408
0.406659
-0.217933
-0.508103
-0.675588
-0.564928
-0.446333
0.154942
0.877194
-0.870113
-0.616138
0.086093
-0.579089
-0.101413
0.158055
0.858638
-0.793329
0.146886
0.185339
-0.125156
-0.762261
-0.645741
-0.063082
-0.794916
0.633412
-0.809503
-0.122959
0.729484
0.634388
0.443098
-0.585681
0.444197
-0.733757
-0.385174
0.622608
0.281533
0.700980
-0.960204
0.263344
0.574999
0.024934
0.777520
0.909482
0.802789
0.217200
0.239723
0.080599
-0.010895
-0.502182
-0.777520
-0.324259
-0.836177
-0.208899
0.778924
0.928587
0.534654
0.287637
-0.852351
0.757805
0.767510
-0.978149
-0.285073
0.079806
-0.847224
0.432295
0.915525
-0.132237
0.860897
0.267006
0.529160
-0.757012
0.254738
0.507920
-0.179418
-0.055879
0.995178
0.337687
-0.794061
-0.618641
0.363994
0.791803
-0.955016
0.007172
0.592395
0.112949
0.848018
-0.583422
-0.678335
-0.978576
0.471908
-0.057100
-0.028657
0.942625
-0.667104
0.684805
-0.407819
0.343486
0.244484
0.097018
0.382916
-0.798456
0.885983
-0.889218
0.587634
0.978881
-0.154515
0.137852
0.943968
-0.311930
-0.168676
0.776238
-0.033784
0.650136
0.404645
0.799371
-0.211646
-0.304666
0.546983
0.020783
0.788507
-0.846431
0.885556
-0.240211
0.654530
-0.817438
-0.917539
0.913816
0.967650
0.892819
0.329081
-0.907834
-0.161168
-0.772454
0.775933
0.626942
-0.747368
-0.410199
0.503708
0.597156
0.444258
0.185644
-0.713126
-0.776299
0.353374
0.813349
-0.578173
-0.295633
-0.550035
-0.736076
-0.738701
0.044893
0.126072
-0.378887
-0.297037
0.938292
0.873531
0.404645
0.978454
0.314859
0.774957
0.400555
-0.369243
0.392804
0.644948
-0.814753
-0.534593
-0.602100
-0.874264
-0.435408
0.663198
0.174291
0.073397
-0.813044
-0.862423
0.178869
0.196875
-0.880673
-0.559923
-0.221900
0.259316
0.652577
-0.420087
0.159154
0.515671
0.731986
-0.985046
-0.767693
-0.166356
0.672597
-0.152501
0.009674
-0.576708
0.386883
0.937864
0.974609
-0.163671
-0.344279
0.620899
0.616993
0.720450
0.665029
0.003998
-0.653188
-1.000000
0.774651
-0.265419
-0.575549
0.246010
0.182653
-0.053804
0.554491
0.990112
0.901669
-0.184362
-0.200354
-0.223487
-0.107456
-0.665639
0.288369
-0.382244
0.779473
0.266091
-0.506088
0.364910
-0.719474
0.796808
-0.161046
0.181921
0.695120
-0.257973
0.980346
-0.801019
0.997925
-0.634266
0.100436
0.931639
0.876095
-0.874508
0.917905
-0.479293
0.536241
-0.768487
0.585070
-0.926328
-0.859066
0.851375
0.451277
0.793573
-0.883358
0.804010
-0.828120
0.954283
0.267312
-0.884640
-0.058199
-0.337687
-0.016877
0.272866
0.231239
0.969298
0.223304
0.097995
0.067110
0.279153
0.497848
-0.350078
0.431257
0.730033
-0.372112
-0.760430
0.331767
0.001190
-0.521714
-0.110141
0.197180
-0.650563
0.426435
-0.674184
-0.217139
0.943663
0.123936
0.872921
0.492538
-0.646474
-0.219764
-0.270363
-0.827448
-0.027741
0.029878
0.910825
0.262490
0.220191
-0.238563
-0.291055
0.088351
-0.281045
0.148839
-0.702383
-0.252968
-0.806207
0.635914
0.271889
-0.351054
0.918455
0.655995
0.170507
-0.118992
-0.065950
-0.067782
0.943052
0.644215
-0.200049
-0.774773
0.808649
0.330363
0.167577
-0.919004
0.070040
0.153356
-0.972839
0.017975
0.911557
-0.139866
0.377667
-0.974548
-0.863643
-0.202612
-0.997070
-0.625416
-0.120823
-0.819391
-0.075167
-0.849849
-0.680349
-0.924070
-0.239784
0.327860
-0.814631
0.466231
-0.704215
-0.984802
0.806757
0.209143
0.089755
-0.963561
0.268654
-0.966552
0.245643
-0.677908
-0.658681
-0.583422
0.418073
0.737968
-0.056978
-0.476424
-0.859737
-0.932310
0.870479
-0.472152
0.564928
0.052461
0.395062
-0.513840
0.148961
0.996216
0.549181
0.850581
-0.364116
-0.459212
-0.329875
-0.985961
-0.081759
0.759697
0.243629
0.777703
-0.247353
0.509995
-0.531480
0.442610
0.442244
0.030854
0.768853
-0.752312
-0.390667
-0.743889
-0.492904
0.871517
0.859737
-0.417707
0.048189
0.386883
-0.218421
-0.098056
0.267373
0.722221
-0.409833
-0.720084
-0.770745
0.304117
0.546068
0.484176
0.701956
0.515000
0.016083
-0.731254
-0.751091
-0.052217
-0.025056
0.177587
0.299112
0.852901
0.977172
-0.154698
-0.769646
-0.067232
-0.757500
-0.898068
-0.653554
-0.972533
-0.338603
0.173009
-0.018464
0.117527
0.245521
0.222388
-0.958983
0.716239
-0.556444
-0.037141
0.926939
0.864132
-0.637684
-0.019196
-0.615711
-0.886959
0.250710
-0.115635
0.704764
-0.591479
-0.325541
0.464400
0.378826
0.059542
-0.385296
0.920408
-0.178991
0.403729
-0.602466
-0.876583
0.650929
0.251625
0.672414
0.268410
0.464278
-0.412702
-0.404157
-0.468551
0.950682
0.738273
0.759697
-0.620655
-0.909787
0.312113
-0.785455
0.371441
0.650197
0.474960
-0.304483
0.848994
-0.239784
0.407575
-0.000702
-0.141820
-0.799249
-0.238746
0.948729
0.146947
0.787225
0.433515
0.713370
-0.948851
-0.966491
-0.562059
-0.071993
-0.269448
0.621998
-0.484725
-0.712638
0.492904
-0.109836
-0.939268
0.871212
-0.921690
0.177404
0.401349
-0.689627
-0.778619
0.946226
-0.745231
-0.963683
-0.973266
-0.367962
-0.244240
-0.231239
-0.201025
0.263222
0.959288
-0.635792
0.692251
0.021882
0.118381
-0.579028
-0.243263
-0.019074
0.648671
0.044832
-0.603626
-0.947508
-0.369671
0.210608
0.479659
-0.965392
0.730766
0.829646
-0.409223
-0.822077
0.697317
0.592822
0.128147
0.991028
-0.493027
0.251381
-0.133091
-0.367534
0.527024
-0.908872
-0.976012
-0.230323
-0.284829
0.092196
-0.145482
0.329875
0.962951
-0.766289
-0.502365
0.011383
0.433760
0.219581
-0.920896
-0.619617
-0.209998
-0.584277
0.638234
0.280313
0.673574
0.256142
0.314371
0.555467
-0.612537
-0.017853
0.338054
0.817621
-0.839473
0.489731
-0.697317
-0.895322
-0.312357
-0.649464
-0.040315
-0.224769
0.536729
0.482040
0.927732
-0.466414
-0.007965
0.258889
0.162694
0.752434
0.249306
0.449446
-0.404523
-0.128208
0.927793
-0.280740
0.207190
-0.031465
-0.572008
-0.796869
-0.815180
0.433760
-0.209387
-0.387921
-0.421979
0.022431
-0.698294
0.414899
0.141087
-0.946165
0.286477
0.815363
0.265053
0.338054
0.310099
-0.730888
-0.687735
0.900632
0.294351
-0.794794
-0.577258
0.505417
-0.411542
0.857784
0.699087
-0.621632
0.632496
0.029572
0.328104
-0.168432
0.418806
0.867794
0.418256
0.810358
0.550401
0.711661
0.545030
-0.027497
0.793756
0.859859
0.742668
0.243080
-0.370708
-0.820124
-0.339213
-0.220130
0.414594
-0.835810
0.793939
0.597827
-0.705557
0.691702
0.602771
-0.084506
0.391644
0.921812
0.934935
-0.358135
0.483200
-0.364299
-0.918943
0.585070
0.745476
0.023347
0.778436
0.844722
-0.479659
0.154210
-0.277444
0.710379
-0.369610
0.537461
0.056551
0.375652
0.359416
-0.149022
0.603687
-0.776421
-0.999817
0.840022
-0.659902
-0.751274
-0.707694
0.722465
0.210364
0.798883
0.018097
-0.971496
0.420576
0.610828
0.516953
0.462691
-0.346416
-0.490646
0.128941
0.764702
0.845943
-0.797052
0.051851
-0.157628
0.356670
0.092807
-0.486496
-0.245766
-0.937437
-0.862545
0.430403
-0.770135
0.687429
0.335795
-0.034883
-0.182348
0.771661
-0.013092
-0.946654
0.783685
0.202734
-0.959227
-0.770928
-0.140049
0.948241
0.867489
0.469222
0.828669
0.179968
0.304056
0.062593
-0.902036
-0.958007
0.141881
-0.265847
-0.195715
-0.215857
0.415021
-0.931700
0.122471
0.407392
-0.575488
0.082003
0.580554
-0.805536
0.925291
0.815302
-0.809320
-0.903317
0.609180
-0.089755
0.895627
0.027924
0.967772
-0.716239
0.103549
0.799371
-0.065584
-0.983764
-0.705985
0.024751
-0.802301
0.032075
-0.153661
0.501694
-0.234657
-0.217200
-0.327250
-0.691397
0.264138
-0.459517
0.338420
0.190039
0.108921
0.047945
0.190710
0.179662
0.188208
0.081881
0.518479
-0.916868
0.092441
-0.055513
-0.023408
0.121616
-0.360637
-0.750908
-0.291299
-0.119480
-0.817988
0.464217
0.031953
0.193701
-0.394574
0.479659
-0.777825
0.870479
0.272011
0.585314
0.187658
-0.643483
0.288614
-0.817011
-0.793817
0.027619
-0.000092
0.188574
-0.941343
0.675405
0.717948
-0.911435
-0.286172
-0.058809
0.870357
0.273782
0.426130
-0.878658
-0.414838
0.933958
0.777703
-0.971557
-0.962462
0.188635
-0.598437
-0.352580
-0.501328
0.245643
0.824885
0.713919
-0.941221
-0.333293
-0.542589
-0.213904
0.690481
-0.890439
-0.200903
-0.311075
0.974487
-0.747551
-0.604175
-0.286660
-0.032685
-0.030671
-0.240211
-0.560656
-0.913572
0.188147
-0.865780
0.189245
0.005951
0.033052
-0.262062
0.322062
0.722221
0.987732
0.525559
0.780816
0.145299
-0.592517
0.519578
0.952330
0.320231
-0.453047
0.755608
0.440046
0.416608
-0.277627
0.543870
0.118381
0.807184
-0.078829
0.311441
0.138462
-0.249245
0.560289
-0.583850
0.011750
0.264138
-0.944273
0.926695
0.256508
0.168310
0.104831
-0.425764
0.922849
0.953917
-0.549547
-0.284951
-0.282327
0.501755
0.965697
-0.483749
-0.840876
-0.374554
0.121982
0.162511
0.656117
0.998657
0.888058
0.487228
0.236061
0.206153
0.561266
-0.589404
-0.075533
-0.602954
-0.140782
0.328898
0.756523
0.268532
0.502853
-0.786737
0.677236
0.790582
-0.072726
-0.325236
0.689810
0.745903
0.977599
-0.254738
-0.172216
-0.284829
0.385784
-0.861629
0.589770
-0.725822
0.992370
-0.416120
0.722037
-0.410199
0.898923
-0.728629
0.554735
0.842219
-0.733512
0.654714
-0.821589
0.528672
0.118809
0.793878
0.127232
-0.804010
-0.773064
-0.662770
-0.398114
0.943175
0.782891
-0.860591
0.887265
-0.916074
-0.482406
-0.345317
0.875729
-0.418622
-0.713736
-0.251198
-0.358379
-0.432539
0.287454
0.350200
0.530992
0.183630
-0.565233
-0.456893
0.063021
-0.781243
-0.481857
0.895199
-0.827082
0.326762
-0.526414
-0.441694
0.444746
-0.198218
0.457564
-0.538194
0.992370
0.687063
-0.174352
0.801508
0.612476
-0.459517
-0.073946
-0.629383
-0.705496
-0.818537
-0.862362
0.478744
0.382305
-0.805170
0.037996
0.476547
0.461470
-0.096103
-0.795892
0.240333
0.394696
-0.246437
-0.317240
-0.819880
-0.857356
-0.754631
-0.397565
0.430403
-0.867122
0.721671
-0.007111
0.100375
-0.842341
0.520920
-0.561754
-0.053438
0.517258
0.589831
0.468490
0.600696
-0.905576
-0.837947
-0.544786
-0.569811
-0.065828
-0.647023
-0.329081
0.096103
0.298990
0.280923
-0.542772
-0.380169
0.452315
-0.438643
0.009186
-0.812128
-0.924131
0.872677
0.519517
-0.171545
0.024018
-0.404767
-0.102939
-0.103793
-0.432783
-0.572558
0.921934
-0.955138
0.458174
0.401166
0.345439
0.077914
0.946837
-0.681509
-0.042268
-0.501938
0.571032
0.771111
0.154881
0.256508
-0.019929
0.812922
-0.788568
0.616382
-0.234718
-0.473373
0.769463
0.983398
-0.222083
-0.830439
-0.886837
0.305521
-0.632740
-0.018220
-0.417890
0.465377
-0.644948
-0.591418
-0.386029
0.586779
0.305887
0.698904
-0.991882
-0.943419
-0.695425
0.580004
0.792535
0.509262
-0.397626
0.591601
0.026093
-0.733818
-0.408612
0.420515
0.280496
0.063631
-0.339274
-0.090732
-0.668386
0.210181
-0.226112
-0.302591
-0.162328
0.473434
-0.369549
-0.664968
0.071749
0.156346
0.858333
-0.431318
-0.123630
0.899533
-0.891964
0.510666
0.639698
-0.695425
-0.626820
0.153844
-0.465987
-0.229469
-0.770379
-0.580981
-0.669973
0.313089
0.959227
0.656667
-0.723502
0.286538
-0.176611
0.131809
0.884884
-0.178808
-0.292337
-0.216285
-0.575793
0.023530
0.428083
0.935484
0.006317
0.534959
0.167760
-0.587329
-0.047151
0.271218
0.471603
-0.218482
0.777642
0.658132
0.760796
-0.103488
0.654653
-0.677297
0.716178
-0.852168
-0.250526
-0.161718
-0.129490
-0.496811
-0.025605
-0.374248
-0.042879
-0.150548
0.718619
0.704215
-0.961852
-0.869198
0.399823
-0.812006
-0.406903
0.263710
-0.727836
0.703665
-0.653005
-0.791498
0.263344
0.748772
0.936888
0.148473
-0.292459
-0.336161
-0.527451
0.022919
-0.801202
0.889157
-0.149449
-0.573534
-0.433393
-0.690725
0.463057
-0.994690
0.116245
0.393292
-0.951109
-0.332072
0.224952
0.623218
-0.277139
0.600818
0.687551
0.126438
0.476913
-0.294229
-0.960875
-0.737419
-0.519822
-0.121311
0.326090
0.569567
-0.141697
0.932676
-0.273110
-0.364177
0.255776
-0.639698
-0.707144
-0.839595
0.151524
-0.143651
-0.186804
0.749931
0.223182
-0.362529
-0.051302
-0.433454
0.178930
-0.616382
0.218055
-0.026276
-0.077303
0.690054
0.578051
0.089877
0.750603
0.973205
0.105869
0.008881
0.329875
0.440291
-0.392193
-0.425031
0.846187
-0.219275
0.267190
0.038240
-0.667348
0.177526
0.669973
-0.500107
0.151769
0.975890
0.015900
-0.712333
-0.890683
-0.222205
-0.268593
0.357219
0.233070
0.194800
0.911740
0.532456
0.396466
0.328043
0.312845
0.434248
-0.552599
-0.984802
0.138340
0.044221
-0.054231
0.445479
0.782159
-0.536607
0.943052
-0.545274
0.121128
-0.839167
-0.075961
0.653737
0.772637
-0.527696
-0.077120
0.011505
-0.417463
-0.472274
0.061190
0.102329
0.109470
0.382855
-0.275063
-0.266213
-0.075716
0.035676
-0.958861
0.389386
-0.870052
0.270669
0.456648
-0.608814
-0.554979
0.355083
0.234840
0.685415
-0.247353
0.508530
-0.316080
-0.240944
-0.413495
0.110996
-0.858150
0.567248
0.652028
0.992981
-0.636158
0.281655
0.065523
-0.707999
0.844234
0.473617
0.227760
0.693167
-0.198828
0.611072
-0.470565
-0.929624
-0.967650
0.908383
-0.293252
-0.788629
-0.059053
0.412397
-0.797723
-0.069002
-0.561754
0.734672
-0.520066
0.425459
-0.466353
-0.489486
0.984252
-0.849239
-0.986511
-0.303507
-0.869442
0.151830
-0.801080
-0.328227
0.528428
-0.322489
0.982482
0.328654
0.699149
-0.960692
-0.512864
0.175146
0.114902
-0.532945
0.799249
-0.949522
-0.378155
-0.996948
-0.886105
-0.029084
0.972045
0.945494
-0.223853
-0.626881
-0.425581
0.441877
0.210913
-0.414350
-0.474044
0.084811
-0.438765
0.462264
-0.912717
0.107639
-0.001251
-0.870907
0.632923
0.711478
-0.396588
0.843135
-0.307840
0.807733
-0.991211
0.460677
0.341350
0.666189
-0.805414
-0.981628
0.284219
-0.028901
0.511399
0.232887
-0.618152
0.401593
0.279580
0.006134
-0.788446
0.284219
0.682180
-0.125828
-0.815058
-0.970824
-0.535813
-0.036592
0.038179
-0.866451
-0.958617
0.333964
-0.080966
0.669790
0.232521
0.238807
0.373272
-0.553636
-0.672048
0.982238
0.631031
-0.689566
0.384930
0.072115
0.290323
-0.859859
-0.836116
-0.251259
-0.945555
-0.141820
0.173254
-0.446699
-0.784112
0.807550
0.631825
0.157506
-0.804682
-0.086947
-0.722953
-0.072909
0.965453
-0.955565
0.834468
-0.862728
0.506943
0.650868
0.738884
-0.153722
0.858211
0.282327
0.400555
0.319559
0.747063
0.436079
0.503830
-0.242286
-0.348064
-0.267434
-0.300821
0.544176
0.168432
-0.943236
-0.176061
0.741935
0.046785
-0.282327
0.889828
0.240028
-0.088961
-0.324137
0.143773
0.569262
-0.605274
0.996399
0.593005
0.614246
-0.041414
0.205603
0.253151
0.297098
0.722770
0.684194
0.249916
0.020478
0.576525
0.905698
-0.232521
0.446333
-0.117893
-0.313700
-0.203467
0.501205
-0.957457
0.820490
-0.329081
-0.900998
0.806452
-0.470687
0.484970
0.957457
0.529527
-0.752007
0.853877
0.243995
-0.224342
-0.844844
-0.682180
0.125278
-0.751335
-0.138462
-0.897824
-0.448469
0.915647
-0.356487
-0.996094
0.562243
-0.121799
-0.886654
0.139256
-0.987854
-0.625660
0.597156
-0.722526
0.738151
0.160192
-0.767571
0.762627
-0.281350
0.605823
-0.444319
0.985900
0.627857
-0.339213
-0.579150
-0.517258
0.575915
0.174169
0.616871
-0.847224
-0.337626
-0.811090
-0.685476
-0.106540
0.249611
0.244606
0.695914
0.889035
0.222877
0.090915
-0.409650
-0.045137
-0.635426
0.179968
-0.520798
-0.585253
-0.488998
-0.907651
0.378094
0.807306
-0.349528
-0.715995
0.835505
0.534288
0.334758
-0.385784
-0.663747
0.041902
-0.658742
-0.964904
0.022858
-0.933836
0.074923
0.926511
-0.170202
-0.011689
0.675771
-0.476180
-0.966308
-0.711539
0.548509
-0.811701
0.068575
0.423078
0.093905
0.166173
-0.966674
-0.730033
-0.411359
-0.590991
-0.156590
0.794122
0.141697
0.298807
0.414533
0.718436
-0.558031
0.802911
0.950255
0.418439
-0.093417
-0.244911
-0.935240
-0.837825
-0.457747
-0.087130
-0.061251
-0.760979
0.345561
0.815119
-0.084872
-0.117161
0.076266
0.716849
0.624317
-0.331278
0.753471
0.342509
-0.502670
0.500107
0.610767
-0.301614
-0.946837
0.788446
-0.472030
-0.349040
0.485580
0.703848
-0.914243
0.977783
-0.073824
-0.656484
0.825556
-0.445540
0.443037
0.239906
-0.132115
0.464217
-0.466720
0.393719
0.596301
-0.244240
-0.362346
0.906674
-0.043306
-0.985107
-0.245949
-0.480697
-0.104648
-0.158483
-0.661916
-0.304178
0.269875
-0.170995
0.899777
0.111667
0.658742
-0.058626
0.528489
-0.580248
-0.261391
-0.815485
-0.281045
0.197913
0.915586
0.852901
-0.876278
0.255959
0.791009
0.038057
0.103183
-0.162816
-0.314066
-0.516465
-0.298990
0.423383
0.715384
-0.534959
0.638295
-0.202795
0.096591
-0.503708
-0.716727
-0.813959
0.956297
-0.468062
-0.778314
0.739738
0.415387
-0.355266
-0.406720
-0.880673
0.773736
0.546251
-0.193823
0.932493
0.496506
-0.873470
0.226539
-0.530442
0.722526
-0.980285
0.967406
0.013398
0.901120
-0.755547
0.663259
0.932188
-0.722770
0.901669
0.385357
-0.422285
-0.900327
-0.521714
0.470138
0.450179
-0.211524
0.239235
0.478561
0.335734
0.549425
-0.511887
-0.895627
0.468551
0.041780
0.780267
-0.410077
-0.773186
0.905026
-0.487838
0.328959
0.189856
0.044954
0.916868
0.634083
0.267617
0.969237
0.441694
0.177465
0.498642
-0.291604
-0.130955
0.880001
0.501328
-0.788446
-0.526780
-0.379925
0.317423
0.441145
-0.893490
-0.350749
0.314249
-0.944395
-0.011200
-0.604602
0.789972
-0.658071
0.872188
-0.949950
0.770196
-0.348857
-0.755425
-0.561571
-0.637196
0.868404
-0.657460
0.153539
-0.403851
-0.763787
0.635060
-0.531602
0.761773
0.440901
-0.388653
0.685171
-0.342143
-0.362468
0.848140
-0.577685
-0.925779
0.340678
-0.920408
0.993835
-0.608203
-0.782220
0.301187
0.594348
-0.650624
-0.164892
0.546251
0.162755
-0.040498
-0.092685
-0.897336
0.936522
-0.312662
0.270669
0.715201
-0.644948
0.081027
-0.221290
0.484115
0.629078
0.316752
0.409833
0.411664
0.989380
-0.317972
0.907041
0.871029
-0.440046
0.380352
-0.729118
-0.898679
-0.446028
0.997314
-0.327982
-0.197974
-0.605335
0.592395
0.773064
0.728141
0.890866
0.051363
-0.406903
-0.672231
0.609119
-0.388165
-0.012421
-0.861263
-0.172338
-0.702261
0.931394
-0.779656
-0.714652
0.683462
0.944639
-0.232215
-0.001068
-0.437422
-0.307901
0.086093
-0.647450
0.162084
0.320353
-0.970336
-0.254494
0.277932
-0.133518
-0.685598
0.823786
0.540269
0.554125
0.451155
-0.215186
-0.357646
-0.030610
0.643849
0.300272
-0.435835
-0.067965
0.317850
-0.088107
0.532334
0.123936
-0.361919
-0.707633
-0.127964
0.870235
-0.608692
0.990112
-0.399030
-0.142186
-0.502121
0.229469
-0.374615
0.477096
-0.969543
-0.512864
0.740410
-0.027863
-0.982177
0.705802
0.604236
0.867489
-0.001556
-0.684500
-0.739433
-0.372112
-0.526902
0.517624
0.085299
-0.422895
0.816218
-0.058992
0.810663
0.833369
-0.496811
0.269936
0.842769
-0.493088
0.300333
-0.977905
0.105686
-0.224219
0.386029
0.486068
-0.372417
0.576769
-0.134129
-0.794733
-0.520981
-0.168126
-0.372234
-0.182104
-0.233802
0.666677
-0.805353
-0.971679
0.044893
0.019257
