0.072848
-0.700491
-0.570849
0.993835
0.075900
0.543748
-0.060213
0.458480
-0.036531
-0.847774
0.031037
-0.877316
0.714530
0.085116
-0.520676
-0.643544
0.404706
-0.156774
0.975219
0.438398
0.385723
-0.616810
0.351115
0.291726
-0.776727
0.718802
0.527940
0.024689
0.299417
0.971313
0.766839
-0.514328
0.861263
-0.875851
-0.861873
-0.569933
-0.634327
-0.836482
-0.542222
0.987060
0.223792
-0.142491
-0.609058
-0.194250
0.732841
0.014069
0.143284
-0.328227
-0.113498
-0.545274
-0.128269
0.732109
-0.786126
-0.736991
-0.408795
-0.271767
-0.107028
-0.215491
0.660939
0.179357
0.602832
0.546739
-0.498703
0.419721
-0.658498
0.751579
-0.596667
0.501816
-0.423139
0.917783
0.066378
0.606311
-0.822871
-0.851375
-0.001129
0.691824
-0.739067
-0.250587
0.058382
0.416242
0.035432
0.153783
-0.309854
-0.508591
0.630238
-0.225684
0.359600
-0.199194
0.213538
0.107395
0.632923
-0.794733
-0.452498
0.416547
-0.592090
-0.639515
-0.984802
-0.754570
0.933958
-0.363933
0.111606
-0.167943
0.374371
0.859249
-0.369549
0.097324
0.635975
0.074557
-0.147252
-0.970519
-0.363506
-0.513047
0.179968
0.959777
0.315775
-0.681631
-0.683645
0.924680
0.246498
-0.434370
-0.593738
-0.362163
0.466475
0.034150
0.776116
-0.239601
-0.139866
-0.298257
-0.382488
0.387494
-0.882870
-0.605762
-0.025727
0.570910
0.408002
-0.888180
-0.637684
-0.631092
0.112094
-0.754021
-0.554247
0.128086
-0.308206
0.860347
-0.698233
-0.088412
0.781549
-0.082369
0.225135
-0.179418
0.832575
0.732475
0.140721
-0.667104
-0.309610
0.591235
-0.492416
-0.001373
-0.131809
-0.803278
-0.626942
-0.438948
0.648732
-0.023225
0.054598
-0.275430
0.739311
-0.250404
-0.990417
0.466903
0.901425
-0.890683
0.112644
-0.024384
-0.842158
-0.108676
0.508286
0.918516
0.520493
0.266213
0.172155
0.135166
-0.947203
-0.500168
-0.438093
-0.228492
-0.740654
0.637318
-0.260964
-0.408307
-0.654225
0.266213
-0.073763
-0.176428
0.877621
0.181188
0.533982
0.470077
0.516831
-0.618641
-0.505356
-0.038179
-0.325602
0.596179
-0.295877
-0.214698
0.000824
-0.384625
-0.526231
-0.337931
0.023774
0.023652
-0.635426
-0.310953
0.381512
-0.617542
0.898984
-0.165380
-0.613880
-0.183081
0.677175
0.017609
0.179479
-0.879147
-0.739494
0.239051
0.743400
-0.187597
-0.358074
0.540147
0.839595
0.106235
0.179235
0.344951
-0.008759
0.949767
-0.751335
0.759453
-0.532212
-0.430891
-0.402936
0.232582
0.873348
0.786065
0.271645
-0.100192
-0.567309
-0.411786
-0.455061
-0.452132
0.509629
0.491012
0.725211
-0.972533
-0.320658
0.124119
-0.438826
0.103549
-0.900998
-0.417951
0.971435
-0.548936
-0.844356
0.174841
-0.248756
-0.650868
-0.952147
-0.340251
-0.883419
-0.381268
-0.162328
0.278726
-0.197424
0.821406
0.915403
0.968505
-0.353008
0.884335
-0.383038
-0.575732
0.042268
-0.614124
-0.383953
-0.054659
-0.675039
0.187109
-0.867306
-0.166173
-0.362957
-0.035615
-0.739311
-0.435835
-0.859798
-0.290262
-0.066561
0.781915
0.765740
0.158055
0.265481
0.285684
0.683645
0.478439
0.357097
0.293191
0.610889
0.392010
0.603504
-0.145360
0.179113
0.469344
-0.991272
0.320536
-0.481124
0.096591
-0.588122
0.986206
0.341594
0.655202
0.094577
0.840327
0.847407
-0.635365
-0.918271
0.322123
-0.184301
0.079257
-0.596545
-0.518418
-0.708609
-0.342082
0.799005
-0.823298
0.975707
0.140660
0.181372
0.875179
0.987365
0.556261
0.592029
-0.011750
-0.964293
-0.199683
0.388348
-0.283425
-0.381390
0.795831
0.026643
0.669729
0.542405
-0.581957
-0.080599
-0.844111
0.652211
-0.142857
0.458968
-0.807611
0.543748
-0.233070
-0.308634
0.364483
-0.412091
-0.994751
-0.927183
0.558885
0.183203
0.916440
-0.751640
0.404645
-0.406476
-0.485336
-0.385052
0.474532
-0.441877
-0.515305
-0.562548
-0.295022
0.621998
0.117588
-0.280496
-0.103000
0.594714
-0.581164
-0.671926
0.597827
0.692434
0.963378
-0.683218
0.770501
-0.123997
-0.175146
0.184362
0.054292
-0.450606
-0.876339
-0.587207
-0.092074
-0.412336
-0.375774
-0.298379
-0.105747
-0.805902
-0.129978
-0.857662
-0.608020
-0.791742
0.606983
0.547960
-0.726676
0.562243
0.066622
-0.224891
-0.746513
-0.997497
-0.138279
-0.331645
-0.726981
0.293252
0.837092
-0.792596
-0.118137
-0.656301
0.022370
-0.038118
-0.928709
0.705679
0.148045
-0.653005
0.281350
0.221839
-0.280618
0.336589
-0.310831
0.014435
-0.845943
-0.057588
-0.519028
0.267983
0.972411
0.523850
-0.367290
-0.265542
0.384869
-0.334880
-0.680166
0.613392
0.599719
0.349773
0.976684
-0.704154
-0.145665
-0.226295
-0.528184
-0.831843
-0.701346
-0.482101
-0.446944
0.776238
0.615101
-0.580187
-0.525132
-0.954772
-0.098727
0.736076
0.164281
-0.097140
0.059236
-0.506516
0.063875
0.986999
0.348186
-0.917295
0.090609
0.714347
0.122288
-0.666860
0.970153
-0.756706
0.329814
0.428449
-0.757866
0.888913
-0.850826
0.957823
-0.089450
0.466903
0.641713
-0.346355
0.860347
0.450423
0.542711
0.174108
-0.236549
-0.095737
0.807733
-0.092013
0.787164
-0.901120
0.907773
-0.319864
-0.293069
0.435224
-0.161534
-0.022736
-0.696829
0.538987
-0.098727
-0.243324
-0.948119
0.876156
-0.807672
-0.723930
-0.026215
-0.365886
-0.182714
0.182897
-0.152867
0.136448
-0.597583
-0.997009
0.982788
-0.369549
-0.125278
-0.850215
-0.457930
-0.306009
-0.343730
-0.590258
0.673513
0.307230
-0.634144
-0.877132
-0.086520
0.005097
0.730155
-0.963073
0.631703
-0.595935
0.964171
0.807611
-0.302835
-0.677541
0.643239
-0.449873
0.672048
-0.860042
0.976318
0.645802
-0.691153
0.840449
0.986389
0.536363
-0.740043
0.627735
-0.943297
-0.913083
0.525437
-0.963256
0.031526
0.379376
-0.189489
0.554918
0.916684
0.385174
-0.530381
-0.449568
0.597400
-0.888241
-0.630177
0.635670
-0.517014
0.823847
0.705924
-0.601306
-0.817743
0.028962
0.836177
-0.940794
-0.675039
-0.408918
0.165136
-0.943541
0.766717
-0.657033
0.920713
-0.256935
-0.858760
-0.216102
-0.826533
0.755852
0.158788
-0.811090
0.391583
-0.782403
0.464034
-0.384442
-0.579272
0.752312
0.043733
0.551317
-0.531419
0.627125
-0.244789
-0.407392
0.980834
-0.427351
-0.704276
0.193823
0.924863
0.908139
0.351787
0.681753
0.653615
0.805170
0.184057
0.312418
0.319376
-0.618213
-0.257363
-0.491562
-0.692740
-0.694876
-0.506577
-0.145482
0.728996
-0.929685
0.193274
-0.704642
0.999634
-0.480270
-0.734733
-0.243873
-0.677297
-0.628285
0.058321
0.748589
0.578051
0.025483
0.076144
0.771905
0.014374
-0.074496
0.140294
-0.066378
0.340739
0.219520
-0.637501
0.583728
0.297342
-0.508896
-0.038972
-0.109714
0.532517
0.388104
-0.478683
-0.235267
0.930967
-0.625599
0.132115
0.223670
0.585253
0.545396
0.244667
0.270241
0.562243
-0.260292
-0.912168
-0.560961
-0.631458
0.414716
-0.070223
-0.672720
-0.214393
0.575365
0.158788
-0.012848
-0.822260
-0.116855
-0.887143
0.317423
0.239967
0.483993
0.065645
-0.951964
-0.487716
-0.872738
0.118748
0.277383
0.414106
0.746879
0.306619
0.429548
-0.900815
-0.436201
0.747063
-0.451094
-0.879025
-0.335856
0.935850
-0.400128
0.895322
-0.247291
0.882015
-0.513474
-0.717338
-0.593127
0.778130
-0.595874
0.961486
-0.605152
-0.496506
0.174902
-0.500351
0.519883
0.519211
-0.975768
0.658010
-0.750114
0.309122
0.047517
0.585437
0.862667
-0.740654
-0.748283
-0.849605
0.193091
0.814447
0.642201
-0.037385
-0.364299
0.808222
-0.030244
-0.345073
-0.718314
-0.760186
0.342692
0.215857
-0.748344
0.109104
-0.028230
-0.675466
-0.762139
-0.663991
0.330241
-0.430097
0.227210
-0.636280
-0.773919
0.331889
-0.504440
0.658376
0.703543
0.279458
0.608203
0.249794
-0.177038
0.617664
0.877255
-0.493332
0.425886
-0.998291
-0.960387
-0.703299
0.379376
-0.775750
-0.660268
-0.332316
0.142796
0.785699
-0.794794
-0.115085
-0.126194
-0.359600
-0.016755
0.214148
-0.605457
0.064547
0.033235
-0.000824
0.162938
-0.429243
-0.517136
-0.901791
-0.715690
0.761834
-0.692984
-0.317850
0.336406
-0.862362
0.026948
0.960875
0.998962
-0.292947
0.931028
0.281411
0.812433
-0.628712
-0.273476
-0.807123
-0.902768
0.975219
-0.838862
0.089022
0.458846
0.801752
-0.222022
0.176794
-0.742912
0.156957
-0.027924
-0.479904
0.866024
0.319926
-0.789666
-0.872677
0.107761
0.930540
0.071566
-0.428266
-0.848140
-0.167333
0.430525
-0.455428
0.899106
-0.001801
0.427351
-0.410199
-0.137547
0.041658
-0.376385
-0.446028
-0.816523
-0.728080
-0.241859
0.505722
-0.740532
0.105747
-0.531297
0.765740
-0.987976
-0.780450
-0.238014
0.899594
0.796564
-0.439985
0.154515
0.645985
-0.042573
-0.064730
0.583789
-0.765618
-0.062838
0.214881
-0.822748
-0.499924
-0.281777
-0.341777
-0.798456
0.574023
-0.708853
-0.882076
0.969298
-0.521043
0.595935
-0.416059
0.342570
-0.287210
0.950438
0.594714
-0.141697
0.896908
-0.879696
0.654958
-0.913327
-0.672964
0.415510
-0.745598
-0.665822
0.558336
0.301004
0.424116
0.663137
-0.289651
0.747307
-0.608570
-0.817316
0.378826
-0.836604
0.096225
-0.329325
-0.609607
0.729301
-0.595019
-0.511643
-0.207801
-0.040437
-0.301248
0.687857
0.609973
0.234046
0.528794
0.799921
-0.614673
0.855220
-0.405316
0.828547
0.957091
-0.517014
0.657399
-0.508774
0.311747
0.141758
0.743217
0.839290
0.274697
-0.602161
0.314920
0.344279
-0.938292
-0.056673
0.968139
0.373211
0.241005
0.182592
0.914731
0.078768
0.554918
-0.753716
0.204749
0.021027
-0.072115
-0.963744
0.865719
0.419233
-0.791864
0.500290
0.431928
0.954344
0.376202
-0.877010
-0.814753
-0.890011
-0.824396
-0.228309
0.590747
0.990295
0.640126
0.782586
-0.020539
0.707327
-0.193030
0.502792
0.289041
0.204321
0.523118
0.640919
0.184851
-0.192114
-0.364788
-0.588855
0.792291
0.481735
-0.609241
0.437544
-0.977721
0.611255
-0.537828
-0.524827
0.279946
-0.601672
0.535020
-0.696707
0.910642
0.447737
0.846797
0.134068
0.790033
-0.577258
-0.063814
-0.435774
0.004791
-0.734184
-0.476669
0.890439
-0.584155
0.283609
0.157201
-0.144139
-0.586230
0.460067
-0.228248
-0.069002
-0.475387
-0.498886
0.733085
-0.509140
-0.903684
0.495956
0.634754
-0.980346
0.809626
0.969237
-0.811701
-0.788873
-0.671316
0.964599
0.598682
-0.872677
-0.730766
0.838008
0.894528
0.339885
0.601672
0.654225
-0.388897
-0.013092
-0.225684
0.059175
0.818293
-0.232582
-0.347697
-0.059603
0.659230
-0.794305
0.085421
-0.642994
-0.099704
0.469466
-0.727226
0.346843
-0.089328
0.688467
0.941282
-0.652821
-0.480636
-0.439680
0.551805
0.681509
0.692557
0.200232
0.228919
-0.602771
-0.452254
-0.893307
0.667653
-0.418317
-0.040376
0.944578
-0.213233
-0.925230
-0.949705
0.593493
-0.412091
-0.720267
0.835810
-0.738151
0.611560
-0.297830
0.209754
-0.297159
0.758599
0.598437
-0.592944
0.723258
-0.118748
-0.249428
-0.190405
0.622669
0.417890
0.471358
-0.858211
0.441084
0.600269
-0.745720
0.440229
0.023164
0.853938
0.752190
0.440779
0.304910
0.841365
-0.862728
0.271096
0.323038
0.215552
0.379803
0.917478
-0.847041
-0.984130
-0.034700
0.856746
-0.473067
-0.656545
0.898923
0.125217
0.886166
0.196020
-0.340922
-0.026948
-0.795770
0.305033
-0.386700
0.878170
-0.805536
0.488510
-0.264260
-0.339030
-0.424909
-0.735771
-0.000702
-0.458663
-0.185034
0.528245
0.201270
0.568285
0.727042
-0.075838
-0.618213
-0.684317
0.008087
0.961791
-0.856624
0.812555
0.275430
-0.126377
0.919553
0.909604
-0.718009
-0.225440
-0.287637
0.183386
-0.958434
-0.645131
0.151585
-0.333903
0.187963
0.690786
0.806146
0.036653
0.586596
-0.346110
0.713065
0.796381
0.836360
0.275246
0.719535
0.164464
0.244484
-0.496811
0.311197
0.972411
-0.185583
-0.575915
0.940611
-0.822504
0.265664
-0.043916
-0.153050
0.058260
0.931578
-0.717643
0.375835
0.577136
-0.639149
0.364849
-0.485153
0.731559
0.583361
-0.389996
0.967772
0.134068
0.855525
0.334025
-0.478256
-0.842952
0.971313
-0.502487
-0.836970
-0.681936
0.911374
-0.738945
-0.658742
0.682669
0.213172
-0.884335
0.789605
-0.603198
0.275369
-0.601611
-0.480026
0.394757
0.411481
-0.580065
-0.923276
-0.327494
-0.989013
0.845271
-0.270486
-0.637928
0.943907
0.194311
-0.411176
-0.398602
0.649831
-0.143956
-0.284829
0.816523
0.252541
0.863948
-0.925413
-0.934568
0.687429
0.569567
-0.377178
0.165685
0.439802
-0.926267
0.613575
-0.602527
0.139866
0.959899
-0.989380
-0.679373
0.326456
0.216163
-0.431806
0.434919
0.473251
-0.028352
-0.715934
-0.898129
-0.714652
0.826777
0.465316
0.942930
-0.891110
-0.768365
-0.614246
0.292398
0.833674
0.882504
-0.620350
-0.639637
0.866268
-0.655568
-0.050569
-0.764458
0.457930
-0.259865
-0.897763
-0.348308
-0.987854
-0.024689
-0.445601
0.336833
0.877071
-0.160558
-0.995666
0.470626
-0.949095
0.557176
-0.834590
0.967956
-0.273721
-0.784173
-0.834773
0.341838
0.542405
-0.526292
-0.690664
0.008820
0.760186
-0.003876
0.712333
-0.166540
0.806391
0.859737
-0.226966
0.811396
0.482162
0.816340
0.391644
-0.026582
0.321635
0.350383
-0.006256
-0.627857
0.189184
-0.978454
-0.085482
0.707938
0.495834
0.906369
-0.108554
0.254677
-0.008209
0.188208
0.530381
-0.336833
0.847102
-0.358135
-0.354106
-0.510849
-0.203711
-0.418317
-0.139622
0.342448
-0.063692
-0.749748
0.769158
0.733757
0.684744
0.820307
0.600085
0.426069
0.224525
-0.116977
0.383404
0.112339
0.756462
0.308267
0.399152
-0.783929
-0.025483
0.376263
-0.963073
0.338969
-0.990661
0.966369
0.317484
0.574572
0.652760
-0.991394
0.507187
0.991333
0.768548
0.430708
-0.595691
0.875179
-0.769280
0.317606
0.358989
-0.540391
0.765679
-0.396039
0.059114
0.043794
0.259255
0.764397
0.797235
-0.224464
-0.294412
0.990356
0.085482
0.446760
0.882504
0.893307
-0.075961
0.791192
-0.064730
-0.494858
-0.557726
0.992126
-0.045198
0.067965
0.907346
0.869686
0.764153
-0.335978
0.160924
-0.483016
0.982665
-0.878475
0.649159
-0.817255
-0.825190
0.907407
-0.987182
-0.015961
0.924009
-0.569933
0.572924
0.863521
-0.766289
-0.347575
0.698172
-0.986938
-0.331645
0.058809
0.891598
-0.408979
0.847163
0.171422
0.723685
-0.110446
-0.664541
-0.267800
-0.179113
0.097140
-0.861446
0.466353
-0.960814
-0.930906
-0.255837
0.457442
-0.287332
0.529588
-0.143284
-0.333415
-0.683218
0.547777
-0.348552
0.316324
0.497177
-0.087436
-0.793451
-0.806940
0.285684
-0.316691
0.952635
-0.820002
0.826655
-0.317789
0.748894
0.200537
-0.652577
0.529710
0.255715
0.003388
-0.287149
-0.812922
-0.296976
0.700552
-0.932188
-0.395734
-0.808954
-0.996216
-0.159459
-0.113620
-0.938414
-0.965026
-0.354778
-0.975463
-0.777459
-0.401105
0.292520
-0.051912
0.034333
0.888302
-0.158361
0.544725
0.858943
-0.434004
-0.151219
-0.903439
0.699759
0.681814
-0.828730
0.567675
0.004120
-0.570177
-0.351054
-0.163244
0.599536
0.999817
-0.780328
0.127720
0.463729
-0.619373
0.694510
0.170141
0.892331
0.670400
0.115635
-0.627186
0.199255
0.476180
0.364055
-0.719108
-0.697867
0.006806
0.558885
-0.494430
0.455672
0.415754
0.130467
-0.413617
-0.125950
-0.589831
-0.859859
-0.017243
-0.352031
0.867183
0.228858
-0.883908
0.119419
0.182836
-0.960997
-0.362346
-0.276650
-0.259072
-0.090182
-0.663930
-0.949156
0.465682
0.285989
0.982604
0.129185
0.851558
-0.080294
0.667348
0.873348
0.265786
-0.800592
0.895199
-0.536119
-0.460799
0.632496
0.308267
0.147984
-0.558214
0.765130
-0.645253
-0.034577
-0.593188
-0.916807
0.598987
-0.012787
-0.917478
0.063265
0.602588
0.266945
0.545335
-0.455672
0.973205
-0.575976
0.353557
-0.309671
-0.419477
-0.840632
-0.212989
0.974548
0.004181
0.613208
-0.855220
-0.793939
0.813227
-0.510849
0.987121
-0.355632
-0.415265
-0.551805
-0.052461
-0.858821
0.071139
0.470504
-0.162023
0.025605
-0.984741
0.949156
0.485275
-0.070162
-0.206519
0.247475
-0.039705
0.757073
0.317667
0.304117
0.043611
-0.888791
0.206763
-0.595019
-0.695914
-0.938597
0.145177
0.003265
0.978942
-0.416608
0.048982
0.848079
-0.058321
-0.266030
-0.864803
0.685781
0.952940
0.167211
-0.914853
-0.113620
0.863277
0.417463
0.144810
-0.154759
0.975890
-0.002777
-0.411176
-0.609729
0.872188
0.357891
0.661794
0.708914
0.455245
