-0.266823
-0.885311
-0.454512
-0.561693
0.333659
-0.484115
-0.071261
0.618763
0.967345
-0.689261
-0.528184
-0.174596
0.680288
-0.559191
-0.590381
0.700308
-0.758782
-0.309854
-0.788629
-0.874447
-0.131016
0.478195
0.953368
-0.601306
-0.553148
0.699698
0.353130
-0.209326
-0.429609
-0.827021
0.049654
-0.791559
-0.903989
-0.462752
-0.423139
-0.404828
0.026704
0.138035
-0.069063
0.428632
0.649525
0.621204
0.631214
0.514451
0.814692
0.566576
0.122471
0.000885
-0.395917
-0.011383
-0.181494
0.935118
0.551256
0.281838
-0.529344
0.566942
0.536424
0.826106
0.899472
0.073946
0.915525
-0.681082
-0.176244
-0.815058
0.055269
0.581774
0.452620
-0.299295
0.657826
-0.133885
0.319071
-0.739921
0.938414
-0.849116
0.810114
-0.351604
-0.904599
-0.248024
0.943113
-0.787103
-0.536363
-0.443648
-0.334452
0.015839
-0.075838
-0.763726
-0.757561
-0.598376
0.608386
-0.173070
-0.032929
-0.292520
0.015107
0.546007
-0.211524
0.355266
0.372478
0.366619
-0.076937
-0.894162
-0.259133
-0.731742
0.973754
0.188269
-0.204627
-0.321696
-0.095248
-0.678091
0.253456
-0.652089
0.791559
-0.030549
0.542344
0.792047
0.564501
0.319620
0.863460
-0.810541
0.825190
-0.601062
-0.602832
0.861690
-0.921506
0.391400
0.328593
-0.055147
-0.144261
0.932737
-0.291116
-0.007782
0.761345
-0.109592
0.951476
0.352214
-0.437178
-0.362468
0.793939
0.649037
0.229652
-0.195715
0.718192
-0.358440
0.475631
0.356731
0.226661
0.387066
-0.796808
0.322672
0.422163
-0.664296
-0.307901
-0.482955
0.045686
-0.845271
0.208289
-0.033540
-0.110691
0.736320
0.398968
0.640797
-0.386090
-0.320963
-0.656545
-0.441816
0.442183
0.722709
0.666311
0.737907
-0.508042
0.939573
0.076510
-0.414411
0.795099
0.775018
-0.859188
-0.179540
-0.548753
0.408490
-0.013153
-0.235878
-0.504257
-0.331645
-0.413862
-0.444990
-0.951231
0.704825
0.660573
-0.484848
-0.335063
0.460616
0.676260
0.802057
-0.830744
0.174474
-0.814692
-0.859066
0.566149
-0.429365
0.778497
0.020966
-0.423017
-0.781487
-0.072604
-0.225562
-0.985961
0.844295
-0.612415
-0.149998
-0.550523
-0.914548
-0.578722
0.543321
0.266213
0.652882
-0.354595
0.193823
0.814936
-0.048128
0.221473
-0.196326
0.997131
-0.267678
0.870785
0.583728
-0.341411
-0.764702
-0.615101
0.046419
-0.240883
0.100558
0.941771
0.195593
0.570788
-0.735649
0.076876
0.657277
-0.911924
0.274026
0.065096
0.678518
-0.609912
0.595264
-0.765191
-0.645863
0.514451
0.528062
-0.380352
0.021638
0.417402
0.678274
0.533921
-0.453169
0.989380
0.739799
-0.236488
-0.957884
-0.051607
0.560656
-0.026032
0.345256
-0.502487
-0.803644
0.965819
0.929563
0.127354
-0.448653
0.871517
-0.635731
-0.943297
0.495895
-0.832514
-0.496933
0.423994
-0.169652
0.595996
0.430586
-0.177282
-0.214393
-0.286111
0.416242
0.141881
-0.198889
-0.441755
-0.678152
0.669179
-0.628101
0.549974
-0.921506
-0.686575
-0.042879
-0.059603
0.227393
0.464461
-0.637196
0.886288
-0.064974
-0.916929
0.802301
-0.757073
0.758110
-0.506394
0.081027
0.993042
-0.893063
0.174963
0.480941
-0.900571
-0.951170
-0.522752
0.262185
-0.133030
-0.766778
0.003449
-0.461653
-0.756340
-0.284402
0.755669
0.110019
-0.635426
0.460860
0.087741
-0.658376
0.573290
0.321635
-0.358989
0.591418
-0.694266
-0.444197
-0.913022
-0.511216
-0.572069
0.748405
-0.157079
-0.449080
-0.346660
0.926206
0.981017
0.970458
-0.667226
-0.418561
-0.512192
0.166784
-0.593860
-0.854488
-0.708975
-0.924131
0.139866
-0.423688
0.382183
-0.951598
0.229835
0.019745
0.663442
0.890500
0.140477
0.381390
-0.812128
0.711112
0.703726
-0.853694
-0.830866
-0.898679
0.405438
-0.619190
-0.761834
-0.074801
0.764336
0.134251
0.075472
-0.727103
-0.114170
-0.246742
-0.390667
0.943785
0.892636
-0.275063
-0.086032
0.310587
0.148473
0.635853
-0.535142
-0.268654
-0.136265
0.531358
0.115696
0.990051
0.137974
0.672170
0.171911
0.032380
-0.846553
-0.252358
0.504868
-0.071139
0.441939
-0.012482
-0.028291
0.527635
0.667776
-0.723075
0.422163
0.343852
-0.545763
-0.658559
0.333842
-0.128147
-0.881649
0.619373
-0.891354
0.702017
-0.969054
0.899045
0.422224
0.632008
-0.709403
0.695059
0.404218
0.016449
0.515061
-0.626026
0.730888
0.182226
0.872677
0.646352
0.946959
-0.829218
-0.694388
0.509384
-0.690786
-0.848811
0.480941
-0.178869
-0.516831
0.082125
0.678030
-0.516343
-0.547044
0.888241
-0.143284
-0.323588
0.269753
-0.329752
-0.658742
0.062960
-0.191687
-0.707572
-0.851009
-0.371380
0.069063
-0.636647
0.620716
0.460005
0.254433
-0.881161
-0.837519
-0.303751
0.999695
0.855098
0.113742
0.480758
0.060579
-0.798395
-0.262978
-0.090854
0.381207
0.410321
-0.262062
-0.912961
0.263710
0.236610
0.755669
-0.999207
-0.875790
-0.822443
-0.667653
-0.642262
0.090060
0.966002
-0.037324
-0.616688
-0.369182
0.551683
0.540086
-0.563463
-0.469405
0.250282
0.386822
-0.540452
0.186865
-0.910276
-0.753716
-0.456038
0.852290
0.257179
-0.861568
0.373394
0.024689
-0.600757
-0.049837
0.506394
-0.551195
-0.493393
-0.080416
0.272195
0.328532
-0.767998
0.107578
0.823298
-0.623829
0.765862
-0.531724
-0.375103
0.227577
-0.950499
-0.485031
0.843074
-0.463973
0.588061
-0.751457
0.360454
-0.931944
0.020905
-0.647511
-0.371807
0.366253
-0.974609
-0.006134
-0.664968
-0.000519
0.091952
0.800226
0.968810
-0.206885
0.052828
0.731498
-0.345805
0.542344
-0.288675
-0.928709
-0.922788
-0.321451
0.818476
0.800470
0.700735
-0.749260
-0.232459
0.262062
-0.738578
-0.772881
-0.991028
0.906247
0.368999
-0.382916
-0.902097
-0.640736
0.385784
0.861812
-0.998352
0.927549
0.084384
0.628895
0.188269
-0.113865
0.209510
0.971923
-0.444441
-0.776849
-0.602222
0.436628
0.465743
0.963256
0.189978
-0.735282
0.486801
0.615833
-0.047456
0.680471
0.962584
0.652211
-0.545213
0.935118
0.187475
-0.946043
-0.729972
-0.096042
-0.763604
0.670827
-0.721183
0.489914
0.199499
-0.678701
0.976440
-0.282022
0.803949
-0.241432
-0.387249
0.616443
0.548753
0.611560
0.033723
0.739250
-0.053865
-0.908811
-0.403119
0.340068
0.671804
-0.063936
-0.976257
0.838435
0.327921
-0.523362
0.411176
-0.868709
-0.586413
0.848445
0.269265
0.547288
-0.056490
-0.937437
-0.389752
0.369976
0.619861
0.631275
0.442854
0.635426
0.774285
-0.296304
0.412885
0.593188
0.265114
-0.861446
0.526292
0.509323
0.549608
0.639821
-0.927122
0.341288
-0.554003
0.048555
0.975402
-0.548631
0.653249
0.798456
0.330729
0.532823
0.299356
0.881710
0.469466
0.027009
0.308084
-0.176855
-0.187719
-0.559923
0.447615
0.114170
0.429731
-0.992676
-0.410138
0.216468
-0.860530
-0.616749
-0.846614
0.275369
-0.268288
-0.974425
0.235450
-0.624195
0.509384
-0.568712
0.279214
0.717277
-0.269143
-0.099155
0.093234
-0.468917
-0.257057
-0.835139
0.828303
0.675832
-0.527696
0.143956
-0.772454
0.893185
0.077242
-0.147618
0.316324
0.158177
-0.256203
-0.335124
0.995056
0.794733
-0.099277
-0.387310
0.653005
0.701895
0.736320
-0.039399
0.525742
-0.947569
0.996765
-0.456954
-0.900876
0.275307
-0.075838
-0.752251
-0.178686
-0.026887
-0.931700
0.070711
-0.253273
0.713675
0.006928
0.408551
0.534776
0.530869
-0.294778
-0.867489
-0.534410
0.539476
0.841792
0.606494
-0.032319
-0.402570
0.280313
0.175451
-0.509140
-0.358074
-0.758904
-0.645802
-0.109104
0.351115
0.407880
-0.187170
-0.475814
0.716666
-0.864193
-0.039460
-0.062105
-0.443525
0.332804
-0.744804
-0.052767
0.026887
0.189367
-0.472945
-0.121128
-0.364483
-0.584704
-0.511521
-0.979553
0.048311
-0.873287
-0.232215
-0.622059
-0.716544
0.479904
-0.185827
0.108127
0.720023
0.272256
-0.670156
0.339152
-0.473678
-0.009796
-0.868954
-0.717154
-0.128880
0.433882
-0.441816
0.186254
-0.745354
-0.052705
0.538865
0.070162
0.211463
0.160741
0.610767
0.360881
0.426069
0.546434
-0.047334
-0.338176
-0.156407
-0.908811
-0.520981
-0.833735
0.166051
0.902524
-0.457869
0.097262
0.256142
-0.992492
-0.682302
0.028108
0.464339
-0.137852
0.104343
0.018586
0.345378
-0.718253
-0.237281
0.919736
-0.518479
-0.445784
-0.635243
0.734001
-0.759575
0.118320
0.969359
-0.527268
-0.237648
0.572619
-0.325541
-0.250587
0.974487
-0.159764
0.168310
0.863521
-0.970336
-0.804498
0.500961
0.184545
0.656972
0.350566
0.975219
0.858272
0.238807
0.837397
-0.896786
-0.964171
-0.151463
0.624012
-0.645375
-0.873714
0.130650
0.956908
-0.987487
-0.493088
-0.871517
0.716117
-0.146702
-0.880795
0.814386
-0.186926
0.090182
-0.336589
-0.051180
0.330790
0.443709
0.276162
-0.026460
-0.506760
0.599109
0.657582
0.001190
0.990478
-0.756279
0.043611
-0.887570
-0.939634
-0.640980
-0.008393
0.013886
-0.939695
-0.852596
-0.861080
-0.264138
-0.513657
0.065523
0.996094
0.690115
0.779473
0.458052
0.363140
0.746391
0.155858
-0.928587
0.070223
0.248756
-0.046541
0.197790
0.482223
0.543748
-0.427290
-0.962584
-0.619800
0.121006
-0.831477
-0.215735
-0.999634
-0.089572
0.571947
-0.284219
-0.630543
0.218299
0.164037
-0.991760
0.107761
-0.665639
0.419965
0.776727
0.993408
-0.898679
-0.103366
0.972289
0.173193
-0.278115
-0.141575
0.313822
-0.456404
0.269021
0.436628
-0.394147
-0.064180
-0.980712
-0.868587
-0.838313
0.679189
-0.363506
-0.152196
-0.746696
0.531602
-0.786493
-0.218665
-0.440352
-0.585559
-0.447493
-0.961852
0.948057
0.903378
-0.387860
0.534227
0.399640
0.414167
0.103549
-0.806940
0.811274
0.016816
-0.175817
-0.297159
0.061190
-0.778924
0.487167
-0.608509
0.081515
0.333415
0.185705
0.089511
-0.131748
-0.556444
0.747612
0.380779
0.301614
-0.871151
-0.458113
0.216102
-0.452132
0.072298
-0.851985
0.134068
-0.499680
-0.706534
-0.499863
-0.475448
-0.181188
-0.239906
0.684256
0.811213
-0.898618
-0.067171
0.157994
0.375408
0.432539
0.476424
0.998901
-0.213416
0.296548
-0.104831
-0.602405
0.975219
-0.617664
-0.773125
0.773492
0.108615
0.340312
0.658559
-0.719901
0.659719
-0.594104
-0.692740
0.613758
0.988769
0.045869
-0.332011
-0.353862
-0.317728
-0.901608
0.144871
-0.739677
-0.985656
-0.121372
-0.375896
0.862117
0.179846
0.921445
0.861629
-0.051119
0.755058
-0.279214
-0.693289
0.684561
0.893796
0.904904
0.582873
-0.301981
-0.866390
0.500839
0.217017
0.355693
0.232521
-0.027802
0.909238
-0.170324
-0.054598
0.600330
0.529466
-0.416486
0.490219
-0.215064
-0.957823
0.706595
-0.921690
-0.772515
0.448164
0.872066
-0.709830
-0.669790
-0.509018
0.564440
-0.784478
-0.228980
0.846370
-0.980651
0.000031
-0.612293
-0.520859
0.215003
-0.204138
0.364971
-0.357646
0.687246
-0.685965
-0.243751
0.095981
-0.825922
-0.593066
0.029633
-0.923276
-0.867061
-0.630299
0.846248
-0.152684
-0.942564
0.303323
-0.508652
-0.674368
-0.100986
0.186987
-0.172033
-0.326701
0.294290
0.799615
0.569628
-0.231849
0.546678
-0.439619
-0.471541
0.305704
0.457747
0.193152
-0.156835
-0.197729
-0.317362
0.147435
-0.351299
0.237892
0.200964
0.035005
-0.946715
0.247658
-0.564318
-0.430708
-0.409040
-0.834162
-0.029267
0.005951
-0.116672
0.861568
-0.375103
-0.919309
0.145726
0.375652
-0.616138
0.798578
0.386212
0.256691
0.575304
0.706534
-0.190283
-0.251137
0.076449
0.841853
0.263100
0.452132
-0.261086
-0.741569
-0.464217
0.564562
-0.723930
-0.874203
-0.390179
-0.228675
-0.554613
-0.128574
0.151158
-0.458541
0.154942
-0.330851
0.212867
-0.005524
0.138218
-0.127293
0.149022
0.017731
0.001129
-0.108493
0.151097
0.285440
-0.584521
0.652516
0.378094
0.185522
0.729301
-0.015534
0.834468
-0.391156
-0.726737
0.102634
0.688040
-0.841792
0.436689
-0.196081
0.958129
0.014252
0.410810
0.271584
0.860836
-0.339213
0.387188
-0.221412
-0.673513
-0.489486
0.251625
-0.759697
-0.432051
0.736564
0.235511
-0.337626
0.488754
0.301431
-0.681753
-0.468245
0.921201
0.351970
0.219214
-0.301859
-0.967467
-0.469100
-0.907163
-0.805109
0.797601
0.387066
-0.116550
0.210547
0.948485
0.591235
-0.831416
0.460555
0.377850
-0.056734
-0.977477
-0.273293
0.982788
0.428083
-0.490646
-0.117405
-0.222144
0.194311
-0.984252
-0.457747
0.260414
0.222633
0.083895
-0.402875
-0.967345
0.225074
-0.511093
-0.766717
0.370281
-0.198523
-0.634144
-0.917661
0.466292
-0.884457
0.932249
-0.747246
0.121311
-0.482589
-0.144078
0.998169
0.207251
-0.271828
0.807001
0.034028
0.108066
0.693350
0.884030
0.879452
-0.163549
0.965636
-0.810968
0.889584
-0.118320
-0.262368
-0.635548
-0.329142
-0.456587
-0.869503
-0.341044
0.721061
0.383221
0.533738
-0.017304
0.444746
0.827815
-0.838679
0.320963
-0.913144
-0.399274
-0.323222
0.311441
0.972839
0.654958
-0.298929
0.905576
0.133335
0.114170
0.310709
-0.789727
-0.280496
-0.271218
-0.929197
0.883724
0.922910
-0.884030
0.833186
0.450056
-0.030549
-0.918027
0.075594
0.275307
0.444929
-0.353374
0.345561
-0.802728
-0.091586
0.217444
-0.525864
0.989135
0.958434
0.306375
0.342021
-0.077181
-0.738151
0.358013
-0.893857
0.888180
-0.077731
-0.164159
-0.344462
0.967956
-0.076388
0.196387
0.117038
-0.875301
0.203528
0.804193
0.134434
-0.248024
-0.299783
-0.040742
-0.996094
0.811945
-0.512619
0.409589
0.250526
-0.118686
0.977966
0.668874
-0.836543
-0.833308
0.922605
0.161840
-0.914548
-0.187231
-0.884640
0.115452
0.046419
-0.315104
-0.947630
0.923887
0.796625
-0.020600
0.733757
-0.279519
0.115085
0.314188
0.143284
0.477584
0.996216
0.767388
-0.144505
-0.028108
0.663198
-0.825800
-0.944029
-0.128758
-0.702994
0.218848
0.620899
-0.717521
-0.020295
0.466842
0.902219
-0.073824
0.127781
-0.929563
0.509384
0.154210
-0.032502
-0.137303
0.115757
-0.614307
-0.043184
-0.169652
0.536180
0.070101
0.293802
-0.475387
-0.870296
-0.665212
0.753044
0.784051
0.682180
-0.528916
0.774529
-0.187414
0.619434
-0.410260
-0.375958
-0.356243
0.605029
-0.561876
-0.260659
0.717399
0.428449
0.680471
-0.352641
-0.901914
0.476913
-0.666005
0.644948
0.257302
0.169408
0.962401
-0.718986
0.051851
0.609546
0.369976
-0.963500
0.163854
0.436384
-0.406964
-0.870907
0.917600
-0.806879
0.807672
-0.698660
0.616749
0.833064
0.029878
-0.563707
-0.600269
-0.365459
0.859798
0.571032
0.396283
0.561876
-0.513108
0.425520
-0.026582
0.138096
-0.689871
-0.147374
0.547838
0.101901
0.902707
-0.178808
-0.857295
0.427778
-0.475265
-0.314432
-0.856685
-0.421674
0.248085
-0.334147
0.040925
0.040864
-0.732719
-0.391888
0.163121
-0.342448
0.891842
0.639576
0.913205
-0.316996
-0.213355
-0.356731
0.374432
0.803278
-0.745659
-0.663076
-0.294412
0.149571
-0.324503
0.854427
0.196692
0.206885
-0.003265
-0.918210
0.340373
0.779839
-0.892514
0.807733
-0.298318
-0.141636
-0.205969
-0.739860
-0.440901
0.693594
0.638478
0.359294
-0.270180
0.760857
-0.797967
-0.310343
-0.277017
-0.848262
0.804010
0.745842
-0.916746
0.006989
-0.846919
-0.213965
-0.890255
0.981689
-0.858638
0.030793
-0.744072
0.410993
0.620533
0.444746
-0.724479
0.543626
-0.974975
-0.694266
0.980895
0.009796
0.701224
0.768487
-0.006684
-0.668386
0.685965
-0.777398
0.809809
-0.945555
0.515427
0.005524
-0.973327
-0.624866
0.744255
-0.247353
0.832209
-0.075167
0.883724
0.591662
0.865474
0.075961
-0.887204
0.243080
0.421552
-0.253700
-0.378582
0.957518
0.414899
-0.171667
-0.328532
0.552416
-0.891964
-0.416791
-0.480758
0.699332
-0.528184
0.339579
-0.112461
0.870663
0.598804
0.762383
0.749565
-0.727775
0.650929
-0.152318
0.610584
-0.769890
-0.348857
-0.160436
0.018403
-0.239967
0.968383
0.524583
-0.775994
-0.449324
0.307169
0.748650
-0.366619
0.616688
0.780816
0.187719
0.247108
0.279031
0.349223
-0.776666
0.747612
-0.916623
-0.761101
-0.929685
0.789972
-0.940123
-0.761101
0.198462
0.226417
-0.759758
-0.032807
-0.395306
-0.666982
0.489486
0.203284
0.214637
0.833613
0.010346
0.873226
0.131077
-0.480880
0.822748
-0.224647
0.860469
-0.353191
-0.216834
0.016083
-0.259072
-0.672720
-0.801996
-0.170385
-0.176733
0.054048
-0.684133
-0.575671
0.507370
0.189062
0.691275
-0.709342
0.020112
-0.593677
-0.021577
0.975036
0.654653
-0.360576
0.834651
0.933897
-0.671987
-0.410199
0.512986
-0.974181
0.890194
-0.138401
0.106540
0.539964
0.555040
0.352824
-0.316019
0.469161
0.000031
0.508042
-0.805658
0.928587
-0.728629
-0.441389
0.082064
0.060884
0.852046
0.764580
0.061129
0.270669
-0.289285
-0.972411
-0.954100
0.804376
0.768548
0.289834
0.784417
0.938536
-0.756096
0.868465
0.152989
-0.569445
-0.539476
0.111301
0.327799
-0.055757
0.674001
-0.883236
0.827570
-0.872555
-0.732170
0.891720
0.683340
-0.764214
-0.426984
0.176122
-0.274514
-0.155858
0.259499
-0.368999
-0.553148
0.974120
0.964171
0.930357
-0.758599
0.688955
0.081515
0.580432
0.494980
0.063692
-0.907712
-0.117649
-0.453291
-0.823725
-0.457015
0.977905
0.073519
0.781610
0.834101
-0.222449
-0.039766
0.712333
0.567675
0.338969
-0.799921
-0.069002
0.985168
-0.191931
0.736869
-0.355205
0.342875
0.465072
0.519456
0.841792
0.976806
0.479904
-0.290689
0.404828
0.694327
-0.438887
0.544481
-0.886959
-0.971313
0.984985
0.164342
-0.612781
0.880123
0.731376
0.969115
-0.039338
-0.533372
-0.989807
0.280129
-0.783074
0.956236
-0.366924
0.443892
0.365825
0.978576
0.898129
0.707450
0.690786
-0.660939
0.161473
0.505478
-0.813288
-0.651357
0.316019
0.367168
-0.254677
-0.629017
0.613514
-0.067904
0.184057
0.085238
0.210181
-0.209632
-0.178198
0.079501
-0.853328
-0.099033
0.509201
0.128391
-0.799432
-0.510971
-0.527390
0.584521
-0.993835
-0.010651
-0.855708
-0.261757
-0.389142
-0.497726
-0.832942
0.100314
-0.031404
-0.292398
0.043489
0.749809
0.826655
0.816950
0.689383
-0.784967
-0.210181
0.836970
0.243995
-0.660878
0.571032
-0.448714
0.582263
0.739494
-0.387799
0.862972
0.552538
-0.474715
-0.804376
0.726554
0.589404
0.389752
-0.107028
-0.733757
-0.622364
0.644704
0.169591
-0.797967
0.320780
-0.527696
0.187963
0.276894
-0.846065
0.319987
-0.367718
0.582018
0.234718
0.766472
0.094211
0.165380
-0.811518
0.733695
0.070223
-0.159032
-0.449446
-0.544969
0.964782
-0.378094
-0.849300
0.557604
-0.124668
0.598987
0.716483
0.674368
-0.563097
0.612293
0.951109
0.452132
0.145482
-0.904782
0.763970
0.664174
0.765740
-0.102634
0.064364
0.739921
0.470565
0.288980
-0.083651
-0.587817
-0.679373
-0.557176
0.848506
-0.851924
0.200598
-0.469649
-0.799738
0.426435
0.110813
-0.917722
-0.445967
0.599109
-0.484603
0.652760
0.717399
-0.810236
-0.592761
0.834773
0.581103
-0.162633
-0.401410
0.558214
0.418500
0.049837
0.241615
0.005097
-0.852351
-0.540513
-0.082980
-0.458907
0.787408
0.083834
0.129551
0.277383
-0.168493
-0.027009
-0.009919
0.621815
0.315836
0.258950
0.561022
-0.950438
-0.123325
-0.191565
0.515427
0.502731
-0.607898
-0.670766
0.197913
-0.242103
-0.332316
-0.254982
0.754509
-0.966247
-0.299112
0.034761
0.379620
-0.310038
-0.479659
0.206885
-0.049715
-0.483261
-0.727287
-0.854305
0.028047
0.270730
-0.038301
-0.901425
0.487167
-0.818110
0.261452
0.667470
-0.504135
-0.633290
0.422224
-0.397382
0.560411
0.620655
-0.065767
0.898190
0.982421
0.349345
0.088900
0.551073
-0.248756
0.405255
0.330729
0.355327
0.290567
0.093234
-0.469649
-0.701041
0.119175
-0.185461
0.003204
0.559435
-0.229163
0.621998
0.149815
-0.296060
0.660939
0.461653
-0.545518
0.199927
-0.953124
-0.663991
0.815363
-0.814325
0.842708
-0.648122
0.602222
0.906735
-0.203162
-0.438398
-0.097262
-0.641469
-0.023530
0.115207
-0.209449
-0.642323
0.952696
-0.474715
0.353191
0.160131
-0.554369
-0.227332
0.993164
0.769158
0.290262
0.866634
-0.150243
0.865780
-0.065706
0.275674
-0.903867
0.180273
-0.916868
0.451033
0.185583
-0.031709
0.108005
-0.835505
-0.611866
0.137059
0.394757
-0.995544
-0.863399
0.596118
0.324870
-0.385052
-0.376751
-0.101108
0.132847
-0.589404
0.709952
0.797723
-0.642872
0.507431
-0.219153
-0.620960
-0.667348
-0.551561
-0.416486
0.857479
0.737236
-0.686270
0.127415
0.119541
0.603504
0.813044
-0.426923
0.686148
-0.731498
-0.965270
-0.875546
-0.906796
-0.175634
-0.774957
0.239051
0.020661
-0.663259
0.476608
0.576647
-0.229835
-0.162511
-0.058016
0.403241
-0.294229
0.924924
0.613758
0.571581
-0.581164
-0.805841
-0.983581
0.881832
0.578600
0.281838
-0.253822
0.218665
0.306986
-0.802850
-0.265236
-0.182897
-0.936583
-0.376263
-0.029084
-0.743034
0.279214
-0.090732
0.770196
0.695730
-0.735771
0.072359
-0.974303
0.013703
-0.107944
-0.378216
0.779229
-0.282022
-0.098422
-0.193152
0.844111
0.732841
-0.525437
0.243141
-0.052767
0.630970
0.202429
-0.018159
0.616138
-0.695059
-0.992248
0.307657
0.948546
0.359233
0.352031
0.195959
0.961364
0.312479
-0.488327
-0.467757
0.285440
0.238990
-0.140782
0.291849
-0.532701
-0.872738
-0.888058
0.449812
0.873898
-0.691275
-0.455367
0.189978
-0.353374
-0.053560
0.356792
0.384136
0.050142
-0.481368
-0.599048
0.499252
-0.211585
-0.143895
-0.845576
-0.621021
0.336772
-0.942930
-0.570116
-0.235145
0.557848
-0.761834
-0.104099
0.408185
0.145970
-0.215613
-0.607532
0.883175
0.973754
-0.216834
0.085482
-0.693899
-0.398968
0.538499
0.840083
-0.260781
0.537400
-0.995056
-0.269997
0.477950
0.558885
0.135472
-0.781854
0.587634
-0.768181
-0.063265
0.456893
-0.475143
0.932920
0.926634
0.538377
0.084628
-0.133030
0.996338
0.569445
0.398602
0.790521
-0.803644
0.853755
-0.808710
0.387921
0.264626
0.971984
0.564745
0.981506
-0.539232
-0.152318
-0.827692
0.379986
-0.435347
-0.906858
-0.984130
-0.232093
-0.794794
-0.647511
0.075716
-0.140721
-0.695730
0.616382
0.634632
-0.115635
-0.342814
-0.776971
0.924986
0.438459
0.233924
-0.974975
-0.025056
-0.021088
-0.044832
0.750053
0.120151
-0.343120
-0.608081
0.688711
-0.835261
0.310160
0.482711
0.037263
-0.482711
0.450056
0.525071
0.307352
-0.222694
-0.462630
0.224036
-0.472091
0.570910
0.572008
0.905454
-0.294656
0.928587
-0.450117
-0.120334
-0.094333
-0.641591
0.000702
-0.708853
0.972289
-0.465072
-0.862178
0.658620
-0.889523
-0.049043
0.240272
-0.239113
-0.402814
-0.084201
-0.480331
-0.011078
-0.643483
-0.880367
-0.427717
0.688894
-0.971252
-0.506088
0.663320
-0.347331
0.663930
-0.226539
0.657216
-0.456221
-0.030061
-0.891537
0.332865
-0.550035
0.077792
0.092929
-0.277139
-0.178930
-0.772576
-0.652821
0.575488
0.710318
-0.612964
0.679678
0.957335
-0.113804
-0.596484
0.353008
0.646901
-0.809992
-0.994018
-0.604846
-0.835444
-0.913327
-0.352153
-0.048006
-0.970824
-0.119114
0.241188
-0.511704
0.227332
0.798090
0.525437
0.584338
0.410016
-0.571764
0.871151
0.768059
0.877438
0.151402
-0.821589
-0.895199
-0.209143
0.661733
-0.132420
0.168249
-0.386700
0.620899
0.027741
0.037935
0.636586
0.145054
0.403607
0.049715
-0.573962
0.847591
0.862850
-0.248878
-0.174657
0.496750
0.212500
-0.595264
-0.491928
-0.948851
-0.189550
0.313150
0.679250
-0.757744
-0.051790
-0.782708
-0.147740
-0.162023
-0.540147
0.694998
-0.415693
-0.774346
0.283425
0.532273
0.224830
0.847285
0.766839
-0.905637
-0.937681
-0.021699
0.184912
-0.536607
0.320902
-0.693350
0.808344
0.993835
0.791437
-0.211707
0.516648
-0.775323
-0.569811
-0.288308
0.929991
0.350932
0.045015
-0.619068
0.693838
-0.673879
-0.607410
-0.419050
0.445845
-0.789178
0.718558
0.987732
0.016877
-0.347636
-0.361187
-0.016327
-0.939695
0.842097
-0.756951
0.830561
-0.168126
0.122410
-0.355510
-0.572497
0.314615
0.289895
-0.205664
0.382366
0.696890
0.773247
-0.537217
0.140599
0.184423
0.909421
0.312662
-0.179785
-0.744926
-0.554674
-0.843013
-0.122227
0.027070
0.291482
0.012848
-0.456709
0.077486
0.477584
0.896542
-0.607227
0.013764
-0.177587
0.930601
-0.339335
0.135350
0.834590
-0.043855
0.562304
-0.250465
-0.554491
0.514573
-0.612293
0.332072
0.186682
0.393353
0.482101
-0.470443
0.165502
-0.707572
0.149510
-0.355815
-0.388104
-0.802240
0.838069
-0.047212
-0.440229
-0.774102
0.448469
-0.051607
0.433088
0.462508
0.210852
-0.472823
0.123142
-0.179479
-0.262612
-0.782830
-0.100742
-0.611927
-0.069918
-0.561876
0.844478
0.065523
-0.447127
-0.401227
0.746330
0.297952
-0.336711
0.297647
-0.432478
0.749504
0.201880
-0.400983
-0.099521
0.547411
0.765374
-0.761101
0.026093
0.752617
0.952269
-0.882199
0.528245
-0.231422
-0.137852
0.298318
-0.033052
0.116733
-0.689688
0.581469
0.007111
0.105380
0.870724
0.250282
-0.071810
-0.306619
0.393719
-0.098178
0.251137
-0.934996
0.989196
-0.806391
-0.786676
-0.539476
0.487716
-0.909055
0.316019
-0.032502
-0.774468
-0.314982
-0.135533
0.016205
-0.035615
0.758415
0.718863
-0.003754
0.386212
-0.095920
0.030061
0.850703
-0.869381
-0.510788
-0.385479
0.132298
0.964660
-0.343913
-0.432905
-0.638234
-0.324076
0.295694
-0.499863
-0.268349
0.679495
0.382061
-0.363567
0.857112
-0.075350
-0.068758
-0.675771
-0.426191
-0.431928
-0.484970
0.995422
0.364360
0.173559
-0.740593
0.377422
-0.135411
-0.085238
0.640431
0.632252
0.400739
0.002106
-0.728690
0.563097
0.194678
-0.299478
-0.710135
-0.991638
0.251320
-0.243202
-0.513535
-0.660024
0.296365
-0.728263
-0.477340
-0.535325
0.524766
-0.656362
0.073397
-0.508042
-0.891171
0.341533
0.195837
-0.465804
-0.134068
0.984802
0.235267
-0.569445
-0.062777
-0.763665
-0.436262
-0.129795
-0.562243
-0.690420
0.679861
0.963805
0.759026
0.593493
-0.833308
0.379376
0.043733
-0.190588
-0.235878
0.491440
-0.542711
0.129673
-0.986877
-0.697928
0.176489
-0.228919
0.459029
0.642323
-0.067904
0.882076
0.284280
0.838984
-0.125156
-0.900204
-0.370647
-0.083712
-0.766655
0.566210
0.423750
-0.894040
0.404096
-0.942198
-0.392376
0.576952
0.378033
0.366131
-0.125462
0.449263
-0.396588
-0.269387
-0.827326
0.782464
-0.184484
0.971313
-0.481429
-0.975097
-0.474654
0.067171
-0.408612
0.537828
0.211035
0.884152
0.968139
-0.982116
-0.445723
0.971374
-0.874752
0.686575
0.650441
-0.284341
0.855586
-0.747307
0.788690
-0.008148
-0.682363
-0.997864
-0.805963
0.571154
0.673757
-0.281655
-0.432417
0.863826
0.565355
-0.006500
0.334941
-0.486984
0.378826
0.211280
0.681814
0.568957
-0.730644
0.708914
0.848811
0.951659
-0.650746
-0.628895
-0.463790
-0.041902
-0.934629
-0.594043
-0.774407
-0.726737
-0.140660
0.592334
0.963683
-0.246681
0.200842
-0.515793
0.715384
0.785943
-0.607715
0.131687
0.476424
-0.807062
0.697928
0.260781
0.303140
-0.101291
0.004730
0.913144
-0.080111
0.322855
0.636708
0.095309
-0.175878
0.354350
-0.230384
0.616321
-0.514573
0.598132
-0.991699
0.551500
-0.323527
0.014191
-0.839534
-0.985107
0.197241
0.771172
0.817743
0.110752
0.529466
0.619007
-0.167455
-0.746818
-0.296731
0.799493
-0.709403
0.492172
0.570238
0.270241
0.937681
0.156285
-0.812006
0.916990
0.464278
0.490890
-0.390790
-0.129429
-0.642506
-0.392987
0.295938
-0.268838
0.645314
-0.360088
0.654408
-0.922605
-0.919248
-0.685537
0.455611
0.784417
0.747978
0.389325
0.549730
-0.617176
0.395795
-0.394269
0.828974
0.069308
0.836848
0.568285
-0.451216
0.161168
-0.967040
0.565172
-0.368145
0.131382
0.848628
-0.802362
-0.121921
0.352092
-0.838252
-0.255776
0.842402
-0.610584
-0.892636
0.050142
0.025544
-0.779168
-0.336772
0.694937
-0.480026
-0.400983
-0.297952
-0.635609
0.192480
-0.588916
0.540757
0.158544
-0.581835
-0.691641
0.141636
0.773309
-0.381634
-0.039216
0.802301
0.791986
-0.023530
-0.369304
-0.934568
0.197424
0.776177
0.814447
0.372295
0.822748
-0.076266
-0.911802
-0.113559
-0.411420
-0.700797
0.417829
0.753410
0.762017
-0.453230
0.232826
-0.274697
0.864925
0.167272
-0.998108
0.713065
0.207862
-0.223487
0.711173
-0.217750
0.457869
-0.896725
0.473983
0.120701
-0.198462
0.204138
0.174474
-0.965758
0.664907
0.243324
0.995727
0.001617
0.085055
0.363445
0.747917
-0.076449
-0.013459
-0.991516
0.667837
0.008332
0.168554
-0.513779
-0.017731
-0.502670
-0.467513
0.705741
-0.212195
-0.834651
-0.810175
-0.599780
-0.796991
-0.205969
0.967833
-0.484603
0.129856
-0.072115
0.151280
-0.056734
-0.977477
-0.273293
-0.646718
0.791620
0.711966
0.460616
-0.943480
0.219642
0.563890
-0.168981
-0.884823
0.222633
0.379681
-0.402875
0.770379
0.551683
-0.807489
0.280984
0.468612
0.590930
0.983947
-0.113987
0.466292
0.339763
-0.183447
-0.513962
0.502426
-0.685537
-0.144078
0.623646
-0.461165
-0.849178
0.383282
-0.236000
0.800897
0.693350
0.495102
-0.071261
0.047761
-0.213172
0.853633
0.578967
-0.264809
-0.159154
0.049104
-0.631031
0.111545
0.428816
-0.266091
-0.554186
0.383221
0.915525
-0.017304
0.560106
-0.385784
-0.117405
0.823298
0.800226
-0.092074
0.929991
0.069857
-0.624866
-0.474471
0.112888
-0.179662
0.836177
-0.422224
-0.783441
0.266152
-0.280496
0.058931
-0.366131
0.889340
0.002716
0.235878
0.524216
0.690542
0.572863
0.654653
0.148228
-0.822077
0.444929
-0.087924
-0.248512
0.263161
-0.091586
-0.810846
0.869564
-0.090487
0.444624
0.591662
0.342021
-0.764580
-0.334147
0.315104
-0.929075
0.888180
0.977233
0.196936
-0.684744
0.546495
-0.758660
0.196387
-0.149144
-0.875301
0.566393
-0.682485
0.189306
0.634022
-0.126377
-0.268593
0.511338
0.411237
0.145116
0.352031
-0.102634
-0.118686
-0.281411
-0.250710
0.582324
0.516709
0.137181
-0.959227
-0.353435
-0.692923
0.143162
-0.184118
0.196692
-0.315104
-0.555040
-0.285134
0.423811
0.499374
0.559313
-0.071017
-0.950072
-0.381451
-0.827326
0.939879
0.996216
0.596850
-0.232521
0.412580
0.884213
0.546800
0.042024
0.340495
-0.256569
0.712394
-0.067904
0.990600
-0.599109
0.023347
0.672170
-0.073824
0.780633
-0.251503
0.166784
-0.204199
-0.032502
0.301920
-0.624866
-0.207923
-0.284219
-0.830683
0.574145
0.889035
0.202368
-0.261940
-0.659169
-0.665212
0.917600
0.784051
-0.187658
0.484787
0.774529
-0.506882
-0.941588
-0.176794
-0.375958
-0.293558
0.147618
0.662038
-0.901547
0.603565
0.324381
-0.892575
-0.519761
-0.355327
-0.733818
-0.666005
-0.350078
0.102695
0.829463
0.453047
0.721793
0.051851
-0.337687
0.760308
-0.963500
0.135533
0.431501
-0.971435
-0.682730
-0.821039
-0.819086
-0.684256
-0.327738
-0.387188
-0.636464
0.029878
-0.585498
-0.172033
0.102451
0.742851
0.810785
-0.684256
-0.712821
-0.084384
-0.776299
-0.879025
0.724357
-0.161351
-0.338359
-0.218604
0.640614
0.417280
-0.178808
-0.302652
-0.166723
0.906674
-0.587451
-0.161412
0.713492
0.248085
-0.196692
-0.522935
0.138218
0.372723
-0.004120
-0.941160
-0.342448
0.867061
0.553270
0.254433
0.796258
0.983886
0.014435
0.753166
-0.569933
0.838801
-0.663076
-0.294412
0.284646
0.618519
0.038667
0.341594
-0.315775
0.634816
0.486007
0.944578
0.309977
-0.653493
0.244667
0.360637
0.335002
0.032929
-0.108188
0.510056
-0.644093
-0.581408
0.399335
-0.760796
0.461776
0.593799
-0.388775
-0.741325
-0.848262
0.804010
0.745842
-0.916746
0.426740
-0.783990
-0.078280
-0.097690
0.750664
-0.816584
-0.250649
-0.849116
0.410993
-0.911985
-0.574633
-0.828425
-0.940062
0.246132
0.467147
-0.887753
-0.532212
-0.872372
0.681936
0.942076
0.343364
-0.378704
-0.446150
-0.105136
-0.910398
0.879452
-0.228004
-0.123508
0.364849
-0.395734
-0.775933
-0.759209
-0.602527
-0.733268
0.367656
0.792535
-0.372417
-0.887204
0.243080
-0.815058
-0.608570
-0.239113
0.310282
0.837580
-0.615162
-0.262123
0.552416
-0.891964
0.550401
0.115879
-0.737602
-0.031953
-0.751274
-0.462691
-0.225196
-0.156652
0.372600
0.749565
0.628040
0.518845
0.547777
-0.235389
0.982910
0.206336
0.447371
-0.590686
0.754387
-0.397076
0.891049
-0.371319
0.393475
0.589526
0.699087
-0.908261
-0.564440
0.741813
0.187719
0.247108
0.279031
-0.898862
0.252846
-0.637623
-0.916623
-0.441939
-0.266335
-0.701834
-0.622791
-0.870418
0.200110
-0.509995
-0.398358
-0.996582
0.496994
-0.666982
0.489486
0.984924
-0.814081
-0.957884
0.518540
0.718925
-0.184301
-0.724113
-0.248390
-0.160802
-0.283242
-0.353191
-0.125095
-0.050691
-0.763115
0.223365
-0.801996
0.175512
0.755486
0.054048
-0.212256
0.900632
0.507370
0.189062
-0.570910
-0.712638
-0.398480
0.688650
-0.960448
-0.598987
0.078585
0.482589
0.884884
0.824213
-0.533799
