-0.638539
-0.386700
0.873714
0.527573
-0.237526
0.918455
0.018097
-0.210181
0.228736
0.953063
-0.716300
-0.722037
-0.961425
-0.320536
-0.774773
0.428205
-0.692984
-0.577624
-0.210425
-0.977905
-0.311502
-0.972839
-0.495224
0.911557
-0.139866
0.971007
0.465682
0.855281
0.744865
-0.487838
0.001434
-0.662465
0.611377
0.326640
-0.058138
-0.663686
-0.297159
0.015473
-0.544176
-0.814631
0.466231
0.626331
0.106784
0.687857
0.209143
0.841243
0.931394
-0.613941
0.032929
0.597156
0.287454
-0.658681
-0.583422
0.252846
-0.548509
-0.809748
0.416974
-0.606922
-0.892087
0.923460
0.527085
-0.138890
-0.840815
-0.432173
-0.767266
0.728324
-0.405988
-0.000275
0.921934
0.295328
-0.208045
-0.101657
-0.157628
0.245399
0.965148
-0.890988
0.247841
-0.617847
-0.125156
-0.073763
0.668142
-0.500168
0.727348
-0.773125
0.376568
-0.910031
-0.604297
0.093661
0.987609
-0.147740
0.287027
0.093051
0.890011
-0.676748
-0.060335
-0.069552
0.551073
0.463179
0.639393
-0.770745
-0.985412
-0.372356
-0.153722
-0.756462
-0.991699
-0.250710
-0.188818
0.009186
-0.052217
0.500412
0.198035
0.299112
-0.245582
0.096530
0.547899
0.839290
-0.063265
-0.715201
-0.898068
0.239357
-0.998962
-0.316202
0.953001
0.969359
0.577868
-0.637806
0.344157
0.860775
-0.673086
-0.365337
-0.037141
0.452864
-0.987060
-0.357341
-0.183081
-0.741325
-0.650868
0.857051
-0.452071
0.137364
-0.191992
0.660573
0.464400
-0.955077
-0.298441
-0.954588
0.920408
-0.696097
0.403729
0.992065
-0.868038
0.650929
-0.233314
0.181921
0.507553
0.863582
-0.412702
-0.223060
0.310770
0.685476
0.809687
-0.353862
-0.375042
0.221473
-0.752922
0.963927
0.843928
-0.917417
-0.879940
0.352824
-0.426130
-0.208106
-0.134495
-0.000702
-0.238685
0.984863
-0.238746
-0.854610
0.654347
0.621632
0.710929
0.713370
0.212622
0.540635
0.288430
0.395978
0.506333
0.657643
-0.397443
0.987487
-0.555589
-0.109836
0.468795
-0.687735
-0.035798
0.295206
-0.200171
-0.670766
0.456648
0.885311
-0.846065
-0.509445
0.121677
-0.789178
-0.121555
0.908078
0.059542
0.534104
-0.145482
0.018281
-0.626331
-0.898740
-0.536058
-0.579028
0.889767
0.360027
0.551683
0.289224
-0.145726
0.045198
0.267678
-0.300333
-0.758110
-0.676382
0.188574
0.525620
0.275552
-0.801874
-0.505051
0.592822
-0.981262
-0.185583
-0.546617
0.970275
-0.926389
-0.120762
0.657826
-0.908872
0.237037
-0.230323
0.797906
-0.768914
0.270974
0.723991
0.693350
-0.672170
0.356548
-0.272744
0.874813
0.786248
0.163182
-0.930174
-0.209998
-0.721061
0.167638
-0.756890
-0.886166
0.967223
0.314371
0.152501
-0.881222
0.621021
0.968444
0.817621
0.424421
-0.099277
0.377728
-0.895322
-0.365276
0.462874
-0.486801
0.876766
-0.382061
-0.007294
0.947813
0.260048
-0.131138
0.228736
-0.828242
0.752434
0.566881
0.482467
0.576098
0.522019
-0.460494
-0.190100
-0.838496
0.235328
-0.865108
-0.950194
-0.570055
0.369671
-0.722159
-0.387921
0.474654
-0.201086
-0.256874
0.406537
0.082308
0.160619
-0.210852
0.601672
0.265053
0.534715
0.636708
-0.608936
-0.687735
0.033052
0.745964
-0.653859
0.263344
0.505417
0.720695
0.875729
-0.891476
0.967162
0.330973
-0.444136
0.840388
0.536607
0.276711
-0.097507
-0.498947
-0.722526
0.068026
-0.822260
-0.943968
-0.413556
-0.264992
-0.800226
0.904965
-0.900449
-0.370708
-0.820124
-0.629139
-0.220130
-0.968627
-0.835810
0.336894
0.597827
-0.700064
-0.992370
0.283975
0.436934
0.391644
0.592700
-0.750725
-0.358135
-0.324198
-0.364299
0.779107
0.935484
-0.660451
0.444319
0.778436
-0.234779
0.549608
0.030183
-0.725517
0.312540
0.282876
0.186804
-0.047395
0.083102
-0.079562
-0.706778
0.239418
0.030122
0.786798
0.717215
0.128330
0.784417
-0.707694
-0.357707
0.254189
-0.191748
-0.637196
0.308939
-0.871639
0.062105
-0.104099
-0.609302
-0.717154
-0.179296
-0.326395
0.764702
0.845943
0.497055
0.365276
0.928220
-0.073641
-0.860591
0.564318
0.285684
0.289407
0.826533
0.966613
0.715934
0.181005
-0.015351
-0.482894
0.654408
0.886593
-0.301981
-0.946654
0.783685
0.057222
0.248451
0.529893
-0.760613
-0.661000
0.006684
0.469222
0.563402
-0.354106
0.092074
-0.023103
-0.009674
0.108005
-0.266457
-0.475448
-0.482467
-0.166540
0.368206
-0.931700
0.183996
0.355144
0.899350
0.033906
0.271401
-0.805536
0.925291
0.774468
0.581408
-0.244789
0.910031
0.981079
0.515183
0.027924
-0.321451
-0.106967
-0.216712
-0.286416
0.001617
-0.983764
-0.705985
-0.329752
0.969787
0.920469
0.925840
0.190588
0.558763
-0.851009
-0.285195
-0.498398
-0.049593
-0.459517
-0.052095
-0.292520
0.610767
0.165990
0.139561
0.786615
-0.480758
0.081881
0.333842
-0.500412
0.269265
-0.055513
-0.023408
0.023957
0.723319
0.404035
0.782586
0.717032
-0.068941
-0.086947
-0.263344
0.030610
-0.932066
-0.479720
0.863704
0.148228
0.214820
0.722098
-0.292520
0.683218
0.177953
-0.579821
0.703299
0.718314
0.268410
0.847957
-0.206397
-0.141209
-0.294656
0.049776
0.044588
-0.058809
0.624744
0.834407
-0.983154
0.690664
-0.409833
0.933958
0.248451
0.213843
0.414167
-0.052828
-0.486251
-0.221595
-0.802118
0.642201
0.824885
-0.503769
-0.143895
-0.333293
-0.542589
-0.648549
0.936033
-0.846736
-0.194861
0.094638
0.550645
-0.292459
0.336650
0.743583
-0.302347
0.661306
0.354045
-0.194006
-0.024567
-0.814508
-0.458724
0.938231
0.005951
-0.581347
0.327860
-0.073702
0.493088
-0.545824
0.785333
0.780816
0.145299
0.429670
0.665151
-0.447676
-0.476119
-0.060823
-0.464522
-0.451033
0.642140
0.546312
-0.108371
0.465560
-0.858943
-0.078829
-0.683828
0.752129
-0.524949
0.865291
-0.583850
-0.781121
0.264138
0.013703
0.208106
0.256508
0.168310
0.121067
0.377422
0.315348
0.401044
0.177587
-0.284951
-0.282327
0.501755
-0.202734
-0.720145
0.651051
0.677602
0.352886
0.162511
0.079501
-0.745415
0.367229
0.841609
0.371563
-0.328104
-0.951292
0.330180
-0.992309
-0.602954
-0.140782
-0.282144
0.402875
0.365215
0.756401
-0.046480
-0.979125
0.790582
-0.371014
0.688650
0.123203
0.393780
0.325602
-0.056856
0.297769
0.877316
-0.276833
0.902402
-0.584521
0.217261
0.187292
-0.552782
0.136448
-0.695669
0.115329
0.482894
-0.867428
-0.274270
-0.796869
-0.304788
-0.060762
0.528672
0.344157
-0.291055
-0.172948
-0.804010
-0.274758
0.735221
0.021516
-0.417219
0.374493
0.533189
-0.033906
0.924131
-0.482406
0.178442
-0.277627
-0.390912
0.528550
-0.820368
-0.182043
-0.419477
0.287454
0.455611
-0.243995
0.102329
0.510056
0.803705
0.440352
-0.790643
0.896725
0.024384
-0.344829
0.283547
0.655690
-0.441694
0.882565
0.565416
0.927427
-0.323893
0.556688
0.687063
-0.349528
0.535142
0.612476
-0.331645
0.469649
-0.574755
0.636952
0.246864
-0.258827
0.478744
-0.460799
-0.512436
0.605823
0.284951
0.191382
-0.455672
0.840327
0.329814
-0.675771
-0.055940
0.598926
0.762505
0.118503
-0.071749
-0.397565
0.424787
0.203467
0.721671
-0.707999
0.783807
-0.529160
-0.906552
0.060518
0.913877
-0.859554
0.589831
0.707633
0.663686
-0.663930
-0.837947
-0.924009
0.416730
0.513718
0.383587
0.325968
-0.512741
-0.770257
0.324259
0.799799
0.806879
0.307352
0.820124
0.737968
0.590442
-0.275674
0.276284
0.372539
-0.120212
0.521531
-0.916318
0.569628
-0.103793
-0.978332
0.522202
-0.493759
0.808771
0.904843
-0.662465
-0.105869
-0.048799
0.440352
0.171239
-0.623218
-0.501938
0.549669
0.267739
0.154881
0.536668
-0.510178
-0.705802
-0.645924
-0.579394
0.816828
0.715567
-0.393353
-0.967650
0.367290
0.772881
-0.765984
0.364483
-0.925291
-0.543199
-0.805231
0.299844
-0.225990
-0.452925
0.900510
0.543809
0.308145
0.698904
0.621693
-0.880123
-0.415387
-0.562731
0.238075
-0.296609
-0.577319
0.070101
0.109470
0.801569
-0.408612
-0.625416
0.802484
-0.687857
0.048494
0.564867
-0.981140
-0.202002
-0.226112
-0.302591
0.657155
0.067049
0.305582
-0.073458
-0.849116
0.283303
-0.731559
0.229286
0.183691
0.809870
0.874264
0.915464
0.639698
-0.024384
-0.574633
-0.051057
-0.243873
-0.764946
-0.717887
-0.128391
-0.245155
-0.166478
0.951476
0.709708
0.665822
0.286538
-0.176611
0.040498
-0.411786
-0.972228
-0.790826
0.642689
0.839290
0.632008
0.428083
0.935484
0.840754
0.485397
-0.383465
-0.966124
-0.134922
-0.924741
-0.760979
0.509140
0.920713
0.586352
-0.196631
-0.114475
0.296854
-0.953368
0.716178
0.754997
0.762139
-0.161718
-0.902585
-0.496811
-0.025605
-0.450240
-0.042879
-0.389142
-0.431990
-0.352580
-0.627979
-0.366008
0.190710
-0.291665
-0.538316
0.263710
-0.479843
-0.992615
-0.653005
-0.748283
0.180456
-0.225745
-0.430036
0.148473
-0.328532
-0.803156
0.726676
-0.039766
-0.868221
0.191748
0.741203
-0.488449
0.822138
-0.819636
0.395917
-0.233619
0.131504
0.818659
0.846736
-0.688711
-0.338237
0.095431
-0.066073
-0.390790
-0.667592
0.126438
-0.407270
-0.984497
0.592456
0.016205
0.414777
-0.121311
-0.935667
-0.690237
-0.141697
0.932676
-0.335368
-0.044649
0.973266
0.028657
-0.830195
-0.204627
-0.763298
-0.929258
-0.908444
0.877865
0.578478
0.251137
-0.932737
0.436445
-0.903867
-0.769341
-0.315104
-0.793573
-0.118625
0.705679
-0.259987
0.928037
0.750603
-0.250160
-0.778924
0.733940
0.329875
0.440291
-0.392193
-0.888730
-0.891903
0.703787
0.900571
0.788079
0.038301
0.177526
0.500534
-0.465926
-0.343608
-0.852657
-0.344279
-0.709891
-0.538011
0.635121
0.898984
-0.211158
0.331095
-0.602893
-0.393353
-0.973693
0.782403
0.328043
0.887387
0.155370
-0.273049
0.395550
-0.318888
0.044221
0.985351
-0.564318
-0.047456
-0.772393
-0.243263
0.596484
-0.482772
-0.448225
-0.075961
0.527268
-0.531053
-0.405560
-0.426374
0.011505
-0.615040
-0.108982
0.524339
-0.052461
-0.679006
-0.879940
-0.187292
-0.984985
-0.783624
0.035676
-0.875179
0.389386
-0.198035
0.812067
0.872066
0.879208
-0.003876
-0.235511
0.409345
0.034333
0.417768
0.897397
0.886410
-0.073946
0.249367
-0.919370
-0.645680
-0.921934
0.317118
-0.142186
0.181494
0.898312
0.065523
-0.866024
0.191748
-0.419843
-0.007721
0.881893
-0.301187
-0.083895
-0.653066
0.007416
0.314982
0.676870
0.486740
-0.899838
-0.288491
0.452071
0.444624
0.085482
0.817621
0.561083
0.270058
0.713736
0.053865
0.909360
-0.449202
0.624256
0.857112
0.869808
0.319010
-0.866085
-0.890744
-0.328227
0.910459
-0.171667
0.187597
-0.533433
0.859371
0.765191
0.274514
-0.894955
0.784906
0.351115
-0.931639
0.674673
0.375591
0.097385
0.482162
-0.029084
0.639088
0.024812
0.727470
0.886715
0.877682
0.754631
-0.666311
0.760674
0.395428
0.074984
-0.438765
0.293374
-0.854183
0.298013
0.922422
-0.067537
0.543199
0.655812
-0.850093
-0.786431
-0.743034
0.895749
0.531175
-0.332133
0.392315
-0.683096
0.749077
0.840571
0.207556
-0.360393
-0.623402
0.222571
0.343913
0.536424
-0.463607
-0.678701
0.138707
0.830866
0.682180
0.457015
0.314676
-0.542528
-0.866695
0.567492
0.038179
-0.866451
0.482345
0.841792
-0.080966
0.669790
0.232521
-0.371136
-0.609607
-0.553636
-0.672048
0.077853
0.752434
-0.138951
0.384930
-0.445845
0.215674
-0.859859
0.896420
-0.740959
0.302225
0.279458
0.830012
0.038057
0.612293
0.085360
-0.890683
-0.421369
0.431928
-0.086947
0.060274
-0.038423
-0.088229
-0.782403
-0.453047
-0.846065
-0.339335
0.650868
-0.431013
-0.939329
0.714286
0.282327
0.400555
-0.648549
-0.924558
0.436079
-0.739006
0.261879
-0.623707
-0.267434
0.247902
0.449995
0.994507
-0.573229
0.314005
0.741935
-0.485275
0.013153
-0.177465
0.762017
0.752007
-0.826044
0.390301
0.941221
-0.048311
-0.623768
-0.611255
-0.192602
0.942137
-0.689138
-0.702628
0.265297
-0.715629
0.684194
0.209815
0.195105
0.576525
-0.087130
-0.232521
0.132115
-0.323893
0.061007
-0.885861
-0.170263
0.138768
-0.313272
0.400678
0.010773
0.999145
0.558458
-0.385296
0.204688
-0.293863
0.423627
-0.174902
-0.404767
-0.846858
0.597766
0.029023
0.593738
-0.738823
-0.748650
-0.707450
-0.595264
0.622608
-0.955138
0.561083
-0.365642
0.088595
0.238624
0.398297
-0.987854
-0.625660
-0.705496
0.047334
-0.419782
-0.692557
0.309732
0.688467
0.593188
0.605823
-0.618397
0.411054
0.299783
0.921751
0.900571
-0.110508
-0.447432
0.174169
0.616871
-0.650014
0.703848
-0.171117
0.352397
0.514695
0.184484
-0.542100
0.834407
-0.872250
-0.460494
0.496872
-0.316263
0.493271
-0.635426
0.881527
-0.249489
-0.348796
-0.920408
-0.460982
0.378094
0.234535
-0.424421
0.773858
0.403912
0.830805
0.950499
0.946471
-0.579211
0.527757
0.102329
0.782281
0.022858
-0.334086
-0.721183
0.677419
0.724296
-0.011689
0.530015
-0.598071
-0.409040
-0.971984
0.305826
0.176061
-0.140233
-0.119175
0.790216
-0.178014
-0.721915
0.288980
0.302469
-0.282571
0.506760
-0.031770
0.375286
0.298807
-0.228065
0.718436
-0.268899
-0.855892
-0.247414
-0.009125
-0.093417
-0.244911
0.219947
0.845393
-0.457747
0.321451
-0.553148
-0.132969
-0.626759
0.327860
0.571703
0.768548
0.076266
0.494552
0.438093
0.207801
-0.850703
-0.632008
0.872005
0.252846
0.945982
-0.327189
-0.281289
-0.365154
-0.438826
-0.560472
-0.677908
-0.813410
-0.346721
0.977783
0.014924
-0.767449
0.161473
-0.445540
0.722648
0.735588
0.168004
-0.806452
-0.805292
0.848384
0.674673
0.434370
-0.362346
0.906674
-0.913572
-0.985107
0.105564
-0.480697
0.105075
0.004730
-0.661916
0.845210
-0.080905
0.936155
0.966735
0.111667
0.838435
0.886898
-0.338908
0.300638
0.544298
-0.619495
0.740043
0.605579
-0.962645
0.852901
-0.925596
0.692862
-0.289773
-0.370952
0.103183
-0.162816
0.614978
-0.847163
-0.130467
0.342021
-0.924375
0.577807
0.789422
-0.393292
-0.666250
0.413373
-0.691885
0.610096
0.549425
0.663930
-0.778314
0.666128
0.415387
0.655812
0.113132
0.627796
0.439802
-0.505905
-0.546068
0.932493
-0.358013
-0.448347
0.048982
-0.355937
0.697073
0.576220
0.434492
0.013398
0.711295
-0.275979
0.902951
0.003204
-0.607532
0.901669
-0.270180
0.452681
0.129063
-0.521714
0.196020
0.633473
0.983215
-0.008881
0.478561
-0.525254
-0.855525
0.109409
-0.639332
0.320170
0.041780
0.657704
0.915647
0.679739
0.905026
0.629261
0.785211
0.283731
-0.162145
0.916868
-0.133030
0.267617
0.265725
0.441694
0.023835
-0.628162
0.974059
-0.631642
0.771172
0.142186
0.643422
0.446577
-0.183325
0.940794
0.696951
0.931822
-0.936522
0.314249
0.109409
-0.720695
-0.604602
0.871395
-0.261879
0.668447
0.878414
-0.928098
-0.348857
-0.439070
0.011139
0.287698
-0.020051
-0.877499
0.347148
-0.403851
-0.571825
-0.064241
-0.531602
0.254921
0.710135
0.509323
-0.880856
-0.342143
0.644642
0.848140
0.701956
-0.145726
-0.314798
-0.790704
0.784722
0.122898
-0.782220
0.301187
0.594348
-0.868404
-0.644826
0.546251
-0.021455
0.349345
0.176122
-0.912656
0.219886
-0.684805
-0.408551
0.715201
0.976867
-0.601062
-0.221290
-0.294656
-0.185644
0.710135
-0.852290
0.270180
0.772271
-0.317972
-0.958617
-0.792352
-0.766900
-0.136265
-0.729118
-0.277261
0.130406
0.997314
0.314310
-0.197974
0.091159
0.494797
0.108554
-0.232521
0.644704
0.051363
-0.131748
-0.114902
0.393841
-0.388165
-0.012421
-0.073885
0.426618
-0.078829
-0.983398
-0.590320
-0.331767
0.313150
0.025727
0.978698
0.080538
0.786431
-0.816462
-0.405011
-0.872372
-0.047578
0.773980
-0.836665
-0.217200
-0.805475
-0.835505
-0.646901
0.000641
0.540269
0.354411
0.635670
0.609607
-0.336650
0.307657
-0.903317
0.191076
-0.907407
0.060091
0.317850
-0.213050
0.918394
0.820673
0.968444
-0.707633
-0.384869
-0.131748
-0.528916
0.600269
-0.609790
-0.235389
0.659474
0.621937
-0.800287
-0.785699
-0.162633
-0.230262
0.287576
0.299844
-0.982177
0.952086
-0.997803
0.082247
-0.675466
-0.684500
-0.449507
0.154393
-0.897641
-0.301675
-0.372662
-0.625904
0.210242
-0.247841
0.863582
-0.562853
-0.261452
0.199683
0.410932
0.308695
0.046724
-0.977905
0.727531
0.633534
0.448286
0.380657
0.668630
0.576769
0.324259
0.666677
-0.993286
-0.598071
-0.591052
-0.442671
-0.233802
0.459395
0.923215
0.628101
0.044893
0.352886
