-0.515915
-0.291116
0.067171
-0.038667
-0.979308
-0.306864
0.903317
-0.888180
0.845943
-0.898862
0.092196
0.722831
0.065157
0.171422
-0.624195
-0.177526
-0.342814
-0.438398
0.585131
-0.188330
-0.593066
0.394086
0.270180
-0.499313
-0.928831
0.555589
-0.454878
0.702506
0.536668
0.708548
0.145360
-0.408490
0.726005
-0.661855
-0.882443
0.430891
0.703055
-0.129612
0.899411
-0.418683
-0.135289
-0.709586
0.032563
0.610828
0.872555
-0.334391
0.470748
-0.288736
-0.151830
0.318461
-0.833491
0.408307
0.613758
-0.708548
0.496811
-0.034150
-0.136570
-0.316752
-0.378094
0.652516
0.205725
0.810236
-0.525315
-0.897885
-0.288858
0.610950
0.972106
0.853877
-0.836848
-0.912961
-0.858760
0.925779
0.728202
0.573840
-0.756096
0.249977
-0.755425
0.263466
-0.167211
0.712027
0.140172
0.973998
-0.535386
0.233924
0.426252
0.460250
0.065706
0.740837
-0.624134
-0.281961
0.854122
-0.158361
0.630177
0.513535
0.813593
0.977294
0.146519
0.331889
-0.627674
-0.363933
0.031953
-0.148839
-0.691275
0.817011
-0.990844
-0.053621
0.077731
-0.761895
-0.224525
0.330119
-0.329020
-0.602222
0.122410
0.959777
0.140965
0.758293
-0.120701
0.791681
0.098056
-0.732536
0.655507
-0.230323
-0.760857
-0.683462
0.832270
-0.796442
-0.173681
-0.312296
-0.204993
-0.450423
0.459761
-0.482772
-0.841426
-0.147069
0.194189
0.998108
-0.495224
-0.913694
-0.561876
-0.749504
-0.741874
0.476485
-0.308206
-0.948668
0.225806
0.903562
-0.117527
0.938292
-0.423627
0.571459
0.964599
-0.110630
-0.939146
-0.023347
-0.165746
-0.924070
-0.304178
0.435835
0.328593
0.325968
-0.934629
-0.752678
-0.373577
0.461715
-0.211341
0.956420
0.284646
-0.848750
-0.004242
-0.721366
0.492294
-0.309793
0.836299
0.095248
-0.028535
-0.068209
-0.723685
0.478927
0.555467
0.961486
-0.453413
0.369060
-0.355022
0.427534
0.250099
0.053072
-0.830256
-0.754997
0.740776
0.997559
-0.129307
-0.056429
-0.564867
0.418073
-0.573840
0.374371
0.761467
-0.225990
-0.406232
-0.015473
-0.505356
-0.271645
-0.034944
-0.500168
0.377239
0.738090
-0.207984
0.269143
0.812128
-0.208106
0.943419
0.834223
-0.689444
0.539415
-0.500595
0.893368
0.401654
-0.019745
-0.578600
0.243080
0.443159
0.609424
0.483932
0.906735
-0.739494
-0.510239
0.080844
-0.239113
0.088961
0.151524
0.610828
-0.051729
0.967589
0.719352
0.500107
-0.869625
-0.264443
0.612598
-0.281961
-0.517747
-0.242531
0.944029
0.877926
0.526597
-0.475509
0.144322
0.050142
0.679067
0.136753
0.270852
0.621509
0.491012
-0.113804
-0.971007
0.987793
-0.904660
-0.132969
-0.991943
0.901791
-0.090182
0.404401
0.647633
-0.260231
0.174841
-0.248756
-0.113437
0.173009
0.674673
0.908444
-0.330607
0.146275
-0.984069
0.313150
0.964904
0.508408
0.738578
-0.823481
0.398907
-0.299112
-0.045869
0.588855
0.339824
0.065523
0.722770
-0.953429
-0.144871
0.674673
-0.823664
0.812311
0.607715
-0.488266
0.853694
-0.859798
-0.802057
0.838130
-0.850154
-0.720389
-0.029695
-0.440901
-0.538682
0.915098
-0.356609
0.909787
-0.123447
0.158666
-0.719108
0.074679
0.940123
0.746879
-0.709403
0.927854
0.627308
0.125217
-0.853816
0.174230
-0.907163
-0.805719
0.094211
-0.420392
-0.202734
0.041597
-0.635365
0.005646
0.025727
-0.334513
0.649770
-0.769219
0.268227
0.552049
-0.557604
-0.292520
0.067843
0.024018
0.061190
-0.973144
-0.238746
0.060701
-0.379620
0.802728
-0.151952
0.860469
0.732597
0.640980
0.709525
0.081149
0.795831
-0.528062
0.875790
0.863155
0.887020
-0.671926
0.495651
0.228187
-0.244362
0.949278
0.930784
0.543748
0.555345
0.065767
0.132603
-0.558458
-0.652394
0.052767
0.794977
-0.501999
-0.799799
-0.683950
-0.053377
-0.955382
0.211402
-0.911069
-0.807245
-0.271950
0.698294
-0.420698
0.023896
0.305338
-0.133030
-0.948363
0.709403
0.135899
0.578478
0.903623
-0.319437
0.526170
-0.147496
-0.778802
0.761345
-0.584033
0.671133
0.371136
-0.569262
-0.773309
0.192480
-0.556322
-0.873959
0.685965
0.454695
-0.894223
-0.463912
0.724113
-0.657888
-0.459273
-0.608020
0.374981
0.555467
-0.846492
-0.337138
0.526170
0.066622
-0.224891
-0.495529
0.226844
-0.281106
-0.257851
-0.562609
-0.903684
-0.263161
-0.916623
0.600208
-0.132847
0.175329
-0.777215
-0.090915
0.482040
-0.221961
-0.817133
0.903989
0.352214
0.594409
0.362529
-0.419965
-0.970275
-0.845943
0.958129
-0.323893
-0.136143
-0.935484
0.152379
-0.120457
0.840144
0.865535
-0.275185
-0.584582
0.453597
0.148961
0.250343
-0.382855
-0.107212
0.636097
0.403180
-0.480880
0.740654
0.644032
0.386883
0.870968
-0.764031
0.418928
-0.291177
-0.805780
0.873836
0.531968
0.825922
-0.545213
0.853267
0.059420
0.564074
0.079012
-0.597156
0.536424
-0.805475
0.528428
0.666372
0.122288
-0.285867
-0.701285
-0.265358
0.286355
-0.743522
0.305338
-0.683157
-0.211219
0.924070
-0.635060
0.855159
-0.200903
-0.045930
-0.822260
0.331889
0.031281
0.134373
0.164037
-0.562120
0.342204
0.609485
0.158361
-0.789789
0.018769
-0.902951
-0.874630
-0.262307
-0.671926
0.100314
0.693533
0.153478
0.830378
0.094028
0.218970
-0.339030
-0.807672
0.813410
0.886349
0.870052
-0.378704
0.829707
-0.950865
-0.405316
-0.249489
0.127537
0.832331
-0.516648
0.948302
-0.400739
-0.173437
0.194739
-0.348979
-0.511155
-0.848201
-0.906735
0.482467
-0.460921
0.329936
0.862117
0.730155
-0.440901
0.970763
-0.036348
-0.673574
0.789789
-0.648854
0.035737
-0.141148
-0.616932
0.663686
0.927549
-0.031831
0.483322
0.377972
0.060945
-0.006806
-0.332133
0.761834
-0.541368
0.329936
-0.652882
-0.032258
-0.634877
-0.355571
-0.873959
-0.948057
-0.589831
0.302774
-0.528916
-0.584948
0.119175
-0.105930
0.024689
0.272988
0.272317
0.905393
-0.398907
-0.786798
-0.545824
0.836909
0.043855
0.359233
0.996338
0.992553
0.389080
-0.167882
0.758293
-0.585864
0.665578
0.316568
0.103244
-0.358013
0.898251
0.400006
-0.600146
0.155675
0.930967
-0.714774
-0.210608
-0.059053
0.943236
-0.485580
-0.569384
0.794366
-0.235084
0.143223
0.588610
0.299661
-0.198218
-0.202551
-0.189795
-0.882443
0.345866
-0.970336
0.055269
-0.674856
0.440657
-0.266762
0.501144
-0.854610
0.150548
-0.134312
-0.744194
0.432112
-0.593249
0.787347
-0.694876
0.172826
-0.357097
-0.922300
-0.828913
0.193274
-0.247841
-0.469893
0.159337
-0.376446
0.989807
-0.677297
-0.263588
0.058321
0.871578
-0.808710
-0.431928
-0.635975
-0.227271
-0.714408
-0.916013
0.586352
0.753960
0.996887
-0.545152
-0.231605
-0.051973
-0.891537
0.985839
-0.038972
-0.738578
-0.774773
-0.175146
-0.042451
0.480941
-0.887326
0.622303
-0.131321
-0.542894
0.505783
0.501267
0.513535
-0.819391
-0.837703
-0.716361
-0.779839
-0.398541
0.129734
0.911191
-0.070223
-0.475997
-0.778375
0.893002
-0.271096
-0.282815
-0.292825
0.227088
0.033906
0.257179
0.225196
0.827387
0.398846
0.494064
-0.309610
-0.816950
0.326640
-0.017670
0.472640
-0.965758
-0.168737
0.951659
0.371624
0.643361
0.967223
-0.589648
-0.879025
-0.050508
0.391583
0.348430
-0.283364
0.328043
0.869686
-0.738029
-0.884213
-0.997925
-0.936949
-0.428510
0.971435
0.401654
-0.906674
0.986450
-0.877071
0.037202
-0.748650
-0.264016
0.973449
-0.702994
-0.298135
-0.837092
0.690725
0.385357
-0.783624
0.786798
-0.574389
0.536302
-0.599170
0.753655
-0.279824
-0.976379
-0.919980
-0.747368
-0.091708
0.783441
0.813837
0.045442
0.215857
0.666250
-0.322184
0.129612
-0.132847
0.020844
-0.655751
0.310282
-0.637745
0.299173
-0.786309
-0.302042
-0.790216
0.593005
0.980468
-0.227271
0.329020
-0.545152
-0.823786
0.333415
0.940123
-0.453230
-0.241005
0.825068
0.981567
0.792596
0.931883
-0.214026
-0.121006
-0.735221
-0.824702
-0.142186
-0.487045
-0.524888
-0.661122
-0.562304
0.753777
-0.470687
-0.152013
-0.591968
-0.762261
0.506516
-0.673208
0.162938
-0.758965
-0.517136
0.546861
0.523972
-0.232398
0.877377
0.208106
0.425336
-0.862362
0.708853
-0.447554
0.862117
-0.328471
0.603565
0.279641
-0.556322
0.861324
-0.137059
0.491501
0.400983
-0.973388
-0.084628
-0.090487
-0.556444
-0.228675
0.272561
0.100436
0.184301
0.156957
0.471053
0.038972
0.882931
0.201575
-0.106967
-0.872677
-0.399823
-0.059481
0.313944
0.003143
-0.848140
-0.221534
-0.197790
-0.616199
0.899106
-0.930479
-0.835994
-0.845454
0.997070
0.641896
0.480026
0.076327
0.798273
-0.022614
-0.255104
-0.295816
-0.758415
0.325907
0.182226
-0.261330
-0.709647
0.093539
-0.283303
-0.754570
-0.585620
-0.385968
-0.469527
-0.384808
-0.224708
-0.528306
-0.164403
-0.618397
-0.062838
-0.509568
-0.733207
-0.935484
0.788263
-0.341777
0.598621
-0.898495
-0.832514
-0.739250
0.351482
0.645192
0.595935
-0.363872
-0.928709
0.135594
0.950438
-0.469283
-0.736564
0.282388
0.887020
-0.494430
0.589831
-0.602710
0.794183
-0.410138
-0.030427
-0.343242
0.934629
-0.651051
-0.875179
-0.582629
-0.809626
0.866878
0.908444
0.441694
-0.338786
0.346416
0.575854
0.286294
0.678457
0.031526
-0.511643
-0.515915
-0.212195
-0.851253
0.474166
0.021455
-0.722465
-0.675893
-0.536851
0.280862
0.916623
-0.644581
0.699454
-0.593310
0.220130
-0.256386
-0.231300
0.203040
-0.096042
0.661916
-0.940855
-0.778497
0.882321
-0.561144
0.570299
-0.708060
-0.210547
0.515854
0.504563
-0.057222
0.109653
-0.521287
-0.829768
-0.301737
0.775506
0.140538
0.052889
-0.703787
-0.283364
-0.793756
0.455123
-0.033113
0.567553
-0.397320
0.021027
-0.174963
0.281899
-0.206458
0.410688
0.054415
0.661733
-0.361187
0.216590
0.628895
-0.943175
-0.488144
-0.308634
-0.229347
0.858821
0.087313
0.427656
-0.593677
0.799615
-0.556322
-0.098483
0.323405
-0.458296
0.146397
-0.825922
-0.883908
-0.143101
0.728385
0.742119
0.425520
0.481063
0.095248
0.991577
-0.450728
-0.932615
-0.163427
-0.238441
-0.526780
0.746086
0.922849
-0.577258
0.478622
0.635914
0.433576
0.830256
-0.782586
-0.381329
-0.584155
-0.913938
0.108188
0.064791
0.057283
0.460067
-0.108066
0.561693
0.082858
0.123997
-0.053377
-0.437666
-0.964049
-0.959349
0.857356
-0.980346
-0.661184
-0.840693
0.163732
-0.646290
0.072909
-0.014985
-0.770440
0.979614
-0.435347
0.998840
-0.435896
0.157262
-0.217139
0.629200
-0.286599
-0.013092
-0.426923
0.069124
-0.107273
-0.760491
0.889706
0.185705
0.586291
0.506943
0.287271
0.662648
-0.141087
0.773858
0.202857
0.346843
0.887936
-0.838252
0.642384
-0.770013
-0.739738
0.782891
-0.772210
-0.295267
-0.625233
0.669607
0.879086
0.471969
0.096347
-0.391400
0.036836
0.060457
-0.278115
-0.584216
-0.779595
-0.762688
-0.830561
0.430280
-0.034639
0.891110
0.653188
0.009919
0.881771
0.833064
-0.516282
0.145299
0.978088
0.009003
0.603626
0.344584
0.057649
-0.876705
-0.623341
0.122349
0.411054
0.405805
-0.858211
0.777459
0.084506
0.507797
-0.614612
-0.946654
-0.094577
-0.959655
0.187719
0.633717
-0.817133
-0.149693
-0.454268
0.769829
-0.983886
-0.678640
0.869564
-0.835994
0.830012
-0.800104
0.901425
0.429365
0.887387
-0.449080
0.125217
0.372723
0.032563
-0.612171
0.903806
0.488021
-0.942503
0.639882
0.551988
0.926389
-0.501999
-0.619556
0.120762
-0.856563
0.802423
0.738395
0.532640
-0.062777
-0.788202
-0.333964
0.598132
-0.107700
-0.100497
0.492965
0.500534
0.937254
-0.560656
0.972228
0.306619
-0.433943
-0.497604
0.894162
-0.141331
-0.907529
-0.376995
0.153294
-0.619251
-0.015778
-0.684378
0.409833
-0.992676
-0.913938
-0.036287
-0.295450
0.650136
-0.062227
0.431196
0.713065
-0.893674
-0.901120
-0.664296
-0.171972
0.900082
-0.036592
-0.796197
0.729118
0.972411
0.960082
-0.839106
-0.923582
0.384808
0.092502
0.796503
-0.223060
-0.367656
0.994507
0.666250
0.842341
0.117893
-0.643666
0.397809
-0.540147
0.135228
0.583361
0.685354
0.164037
-0.097262
0.355449
-0.042756
0.054537
-0.457198
0.106967
-0.427290
-0.786859
-0.613819
-0.737724
-0.132054
-0.989807
0.320109
0.865719
-0.692923
0.314920
0.656667
0.045991
-0.475387
-0.615406
0.324992
-0.122654
-0.692312
-0.098788
-0.913877
-0.989013
-0.689444
0.378277
-0.019196
0.797052
-0.086825
0.125034
-0.049898
0.148350
0.537461
-0.493637
0.031098
-0.592944
0.634266
-0.144566
-0.181127
-0.629749
-0.859920
-0.916074
-0.559984
0.439802
-0.071749
-0.237709
0.206458
-0.465560
-0.746941
0.139317
0.835566
-0.603931
0.053072
-0.431806
0.539659
-0.868526
-0.207373
0.639332
-0.612659
0.244179
0.079806
0.988464
0.533738
-0.891110
0.250710
0.550707
-0.762444
0.538133
0.672781
0.060945
0.486801
0.773309
0.953185
-0.159459
-0.955077
-0.694998
0.863948
0.497971
-0.430952
-0.792108
-0.641896
-0.841365
0.346538
0.604419
0.510605
0.372723
0.634022
0.492538
0.063509
-0.098117
-0.072726
0.928282
-0.253212
-0.618213
-0.399518
0.631031
-0.830500
-0.357158
0.773064
0.304849
0.462813
-0.844600
-0.614795
0.649037
0.716971
0.377056
-0.314310
-0.285012
-0.681997
0.513291
0.255104
0.387677
-0.430647
-0.156590
-0.637196
0.989013
0.098178
-0.251564
0.506943
-0.220496
0.008942
-0.092929
0.310343
0.718558
0.332621
0.810663
-0.396832
-0.074679
-0.496933
-0.253395
0.077364
-0.670095
-0.359355
-0.055696
0.907651
0.640065
0.661245
-0.930723
-0.254494
-0.531358
0.237098
-0.440291
0.680960
-0.038423
-0.766655
0.783929
-0.791131
0.471664
-0.737846
0.894772
-0.192541
0.929197
-0.098605
-0.541063
-0.040681
-0.440229
-0.077975
-0.222755
-0.877255
0.201331
0.831599
-0.100314
-0.886410
-0.797357
0.430708
-0.909116
0.862239
0.846309
0.452986
-0.634693
-0.918394
0.572985
-0.861751
-0.634510
0.888058
-0.027741
-0.890622
0.284219
0.572192
-0.153661
-0.688284
0.085482
-0.944823
-0.261391
-0.912107
0.808832
-0.956847
-0.587085
0.869747
-0.270913
0.016694
0.744560
0.176000
0.907346
-0.146764
-0.671194
0.499863
-0.239662
-0.238319
0.080111
-0.531724
0.952940
-0.484420
0.083651
-0.749321
-0.397870
-0.679495
-0.856319
-0.327067
0.469771
0.520066
-0.761406
0.735038
-0.907163
0.916013
-0.411969
0.612171
-0.677358
-0.590258
0.376751
-0.586230
-0.466048
-0.023591
-0.311991
0.805597
0.683157
-0.055940
-0.625538
-0.502731
-0.787042
0.366192
-0.846736
-0.830622
-0.541673
-0.841853
0.998901
-0.910276
-0.419477
0.777398
0.269204
0.386212
0.468978
-0.472518
-0.271096
-0.806940
0.285684
0.368877
-0.491562
-0.493088
0.012909
0.385113
-0.949583
0.200537
0.910886
0.346782
0.593738
0.832453
-0.169347
-0.395978
-0.260964
-0.449934
0.265175
-0.395734
-0.064669
-0.129307
-0.556688
-0.343425
0.262246
-0.975951
-0.354778
-0.663991
0.021699
-0.415693
-0.707327
0.561266
-0.259621
0.863094
-0.510117
-0.606189
0.912229
-0.113804
0.489181
0.602527
-0.973876
-0.711661
-0.382244
-0.099643
0.471236
-0.143773
0.360881
0.134068
-0.752556
-0.493454
0.096286
-0.361126
-0.940550
-0.147801
-0.074007
0.562975
-0.036531
0.685415
0.069613
-0.906003
-0.564684
0.255898
0.847530
-0.731193
-0.401227
0.006806
-0.948119
0.062166
0.722404
-0.630360
0.107150
-0.413617
0.784417
0.934019
-0.187170
0.211280
-0.352031
0.173132
-0.764885
-0.883908
-0.029206
0.276833
0.956420
0.039705
0.133885
0.843806
0.451582
-0.722465
-0.212867
0.087924
-0.915159
-0.927671
-0.671133
-0.444746
0.058443
0.842524
-0.951048
-0.700858
0.821345
-0.021393
0.113742
0.763787
0.097446
0.009430
0.611866
0.191809
0.563768
-0.171422
0.655141
0.323588
0.303201
0.903439
-0.156896
0.230506
-0.212500
0.136998
0.266945
0.946593
0.168004
0.103854
-0.588977
0.628956
-0.924558
0.872127
0.402264
0.477157
0.963866
0.763421
-0.972228
0.754814
-0.836482
-0.166967
0.888607
0.108860
0.412763
-0.785577
0.102329
0.587573
0.019074
-0.693777
-0.688772
-0.779901
-0.507614
-0.006867
0.567248
-0.408185
0.019623
-0.677664
-0.535813
-0.959227
-0.321940
0.446150
-0.164464
0.060823
-0.697928
0.137364
0.779412
0.679983
0.622120
-0.405805
-0.898190
0.710013
-0.063875
-0.422468
-0.765007
0.009064
-0.178014
0.812677
-0.221656
0.697012
0.167211
0.055330
0.408368
-0.714286
-0.489792
-0.170080
0.117832
0.300394
-0.769036
0.187597
-0.609729
-0.141697
-0.798090
0.725883
-0.118198
0.030183
