-0.638539
0.913205
-0.731071
-0.011139
-0.237526
0.918455
0.018097
-0.210181
0.770684
-0.437971
-0.716300
-0.318827
-0.961425
-0.320536
-0.774773
-0.884884
-0.692984
-0.513047
0.508652
-0.977905
-0.632313
-0.972839
-0.495224
0.911557
-0.139866
0.971007
0.465682
0.855281
-0.442122
-0.487838
0.001434
-0.662465
0.798334
0.326640
0.034700
-0.680349
-0.336528
0.015473
-0.544176
-0.814631
0.466231
0.626331
0.921690
0.687857
0.209143
0.841243
0.931394
-0.613941
0.308817
-0.615833
0.287454
-0.658681
-0.583422
0.252846
-0.548509
-0.100436
-0.357463
-0.859737
-0.892087
0.923460
0.527085
-0.960265
-0.840815
-0.432173
0.893368
-0.431196
0.530992
-0.000275
0.921934
0.533006
0.284524
-0.329875
-0.157628
0.245399
0.965148
-0.890988
0.247841
-0.834651
-0.125156
-0.073763
0.442610
-0.191076
0.727348
0.537217
0.376568
-0.910031
-0.604297
0.093661
0.987609
-0.147740
-0.135594
0.093051
0.890011
0.677114
-0.060335
-0.069552
0.551073
0.553392
0.639393
-0.770745
0.748161
-0.372356
-0.406110
0.932066
-0.991699
-0.250710
-0.188818
0.009186
-0.052217
0.500412
0.198035
0.299112
0.791314
0.096530
0.547899
-0.769646
-0.063265
0.633839
-0.898068
0.239357
0.833308
-0.316202
0.133335
0.969359
-0.402142
-0.637806
0.344157
0.860775
-0.673086
-0.365337
-0.037141
0.173803
-0.987060
-0.357341
-0.183081
-0.741325
0.415143
0.827937
-0.452071
0.137364
-0.191992
0.660573
0.464400
-0.955077
0.776788
-0.954588
0.920408
-0.696097
0.403729
0.992065
-0.868038
0.650929
-0.373760
0.181921
0.411420
-0.249489
-0.412702
-0.223060
0.689566
0.685476
0.138646
-0.353862
-0.533250
0.221473
-0.752922
0.983520
0.843928
-0.917417
-0.879940
-0.539781
0.849422
-0.208106
-0.825617
-0.000702
-0.238685
0.984863
-0.238746
0.948729
-0.930845
0.621632
0.710929
0.713370
0.212622
0.540635
0.288430
0.395978
-0.903439
0.657643
-0.397443
0.987487
-0.555589
-0.109836
0.468795
-0.687735
-0.035798
0.295206
-0.200171
-0.670766
0.456648
0.885311
-0.846065
0.449995
0.121677
-0.789178
-0.842708
0.908078
0.059542
0.534104
-0.145482
0.018281
-0.626331
-0.898740
-0.536058
-0.579028
0.889767
0.782647
0.551683
0.289224
-0.145726
-0.900876
0.267678
-0.300333
-0.528062
-0.676382
-0.556078
0.525620
0.008332
-0.801874
0.020295
0.592822
-0.981262
0.009308
-0.546617
0.970275
-0.926389
0.312906
0.657826
-0.908872
0.237037
-0.230323
-0.984436
-0.768914
0.270974
0.723991
0.693350
-0.672170
0.356548
0.633595
0.874813
0.786248
-0.626453
-0.625111
-0.209998
-0.721061
0.167638
0.172643
-0.886166
0.256142
0.314371
0.152501
-0.881222
0.621021
0.968444
0.817621
0.424421
-0.099277
0.377728
-0.895322
-0.365276
0.155126
-0.486801
-0.202002
-0.996582
-0.007294
0.947813
0.260048
-0.131138
0.228736
-0.828242
0.752434
0.305033
0.482467
0.793939
0.522019
-0.460494
-0.190100
-0.838496
0.808893
-0.601123
-0.950194
-0.570055
0.888974
-0.024018
-0.387921
0.474654
0.108005
-0.256874
0.468551
0.082308
-0.952513
-0.210852
-0.054109
0.265053
0.534715
-0.464278
-0.608936
-0.687735
0.033052
0.745964
-0.653859
0.263344
-0.952696
0.720695
0.875729
-0.891476
0.967162
-0.623341
0.673635
0.840388
0.536607
0.418806
-0.097507
-0.498947
-0.722526
0.068026
-0.822260
-0.943968
0.783746
-0.942259
-0.800226
0.904965
-0.900449
-0.370708
-0.820124
-0.970580
-0.220130
-0.968627
-0.835810
0.774163
0.597827
-0.700064
-0.992370
0.283975
0.436934
0.391644
0.592700
-0.204199
-0.358135
-0.324198
-0.364299
0.779107
-0.378643
-0.660451
-0.492477
0.778436
0.265114
0.549608
0.030183
-0.725517
0.312540
0.282876
0.470748
-0.238075
0.083102
-0.079562
-0.706778
0.239418
0.030122
0.786798
0.717215
-0.581713
0.784417
-0.707694
-0.357707
0.254189
-0.191748
0.421430
0.308939
-0.871639
0.610828
-0.104099
-0.609302
-0.798639
-0.179296
-0.326395
0.764702
0.845943
0.497055
0.493515
0.928220
-0.073641
-0.860591
0.564318
0.285684
0.289407
0.826533
0.966613
0.715934
0.181005
-0.015351
-0.482894
0.654408
-0.445906
-0.301981
-0.946654
0.783685
0.057222
-0.081271
0.759758
-0.760613
-0.661000
0.089633
0.469222
0.431135
-0.354106
0.092074
-0.023103
-0.009674
0.108005
-0.266457
-0.475448
-0.482467
0.782037
0.368206
-0.931700
0.183996
-0.412458
0.899350
0.033906
0.271401
-0.805536
0.925291
0.774468
0.581408
-0.926572
0.910031
0.981079
0.515183
0.027924
-0.321451
-0.106967
-0.216712
-0.286416
0.001617
-0.983764
-0.705985
-0.158544
-0.703543
0.920469
-0.834468
-0.345073
0.558763
-0.851009
-0.285195
-0.295511
-0.264443
-0.459517
-0.052095
-0.292520
0.466964
0.165990
-0.819391
-0.388653
-0.480758
0.081881
0.192969
0.665578
-0.503098
-0.055513
-0.023408
0.023957
0.723319
0.844722
0.782586
0.717032
-0.068941
-0.086947
0.134068
0.030610
-0.932066
-0.479720
0.863704
0.148228
0.318400
0.722098
-0.292520
0.959105
0.428388
-0.579821
0.703299
-0.981017
0.268410
0.847957
-0.206397
0.312296
-0.294656
0.049776
0.044588
-0.058809
0.166906
0.834407
-0.983154
-0.354167
-0.409833
0.933958
0.265175
0.213843
0.414167
-0.052828
-0.486251
-0.221595
-0.802118
-0.968017
-0.653554
-0.503769
-0.449141
-0.333293
-0.542589
-0.648549
0.936033
-0.846736
-0.194861
0.094638
0.550645
-0.292459
-0.584399
0.743583
-0.545946
0.661306
0.082675
-0.194006
-0.024567
-0.814508
-0.458724
-0.687002
0.005951
-0.581347
0.327860
-0.073702
0.722221
-0.545824
0.785333
0.780816
0.145299
0.429670
0.665151
-0.447676
-0.476119
-0.258095
-0.464522
0.730033
0.642140
0.546312
0.543870
-0.382000
-0.858943
-0.778008
-0.683828
-0.191198
0.096774
0.487777
-0.148106
-0.781121
-0.724601
0.013703
0.208106
0.256508
0.168310
-0.986633
0.377422
-0.562548
-0.821711
0.637013
-0.284951
-0.282327
-0.008698
0.372906
-0.720145
0.651051
0.677602
0.255470
0.162511
0.079501
0.282571
-0.596484
0.487228
0.371563
-0.328104
-0.951292
0.330180
-0.075533
-0.602954
-0.140782
-0.282144
0.402875
0.365215
-0.398541
-0.046480
-0.979125
0.790582
0.437544
0.688650
0.123203
0.393780
0.325602
-0.056856
0.297769
0.877316
-0.276833
0.902402
-0.584521
-0.981567
0.875057
0.000519
0.060213
-0.695669
0.115329
0.482894
-0.867428
-0.274270
-0.796869
0.858211
-0.060762
0.528672
0.344157
-0.291055
-0.272744
-0.804010
-0.274758
0.718558
-0.398114
-0.417219
0.374493
0.715384
0.435286
0.420576
-0.482406
0.178442
-0.277627
-0.097079
0.528550
-0.431440
-0.182043
-0.419477
0.287454
0.455611
0.530992
0.102329
0.510056
0.803705
0.440352
0.702078
0.549364
0.024384
-0.344829
0.283547
0.214270
-0.441694
0.269143
0.565416
-0.865719
-0.323893
0.317057
0.687063
-0.349528
0.535142
0.612476
0.427351
0.469649
-0.574755
0.636952
0.246864
-0.258827
0.478744
-0.460799
-0.512436
0.605823
0.284951
-0.601856
-0.455672
0.840327
0.329814
-0.061007
-0.055940
0.598926
0.762505
-0.784417
0.062410
-0.397565
0.424787
0.203467
0.721671
-0.707999
0.687368
-0.529160
-0.906552
0.060518
0.224342
-0.859554
0.589831
-0.445662
0.663686
0.697623
-0.837947
0.751274
0.416730
0.513718
-0.586901
0.325968
-0.512741
-0.770257
-0.649953
0.423688
0.806879
-0.211707
0.820124
0.737968
0.298441
0.875240
-0.467635
0.519517
0.343791
-0.865658
-0.916318
0.569628
-0.103793
-0.432783
0.522202
-0.484298
0.808771
0.904843
-0.662465
0.898373
-0.048799
0.440352
0.171239
-0.623218
-0.501938
0.569262
0.267739
0.154881
-0.364544
-0.510178
0.916868
0.492477
-0.579394
0.412763
0.370830
0.890072
0.729911
0.367290
-0.830439
0.068514
-0.103610
-0.925291
-0.543199
-0.805231
0.299844
-0.225990
-0.452925
-0.035127
0.586779
0.308145
0.698904
0.621693
-0.943419
-0.415387
-0.562731
-0.298685
-0.296609
0.759026
-0.711356
0.109470
0.801569
-0.408612
-0.625416
0.802484
-0.687857
0.048494
0.564867
-0.981140
-0.202002
-0.226112
-0.302591
0.657155
-0.927488
-0.513230
-0.073458
-0.849116
0.283303
-0.731559
0.229286
0.183691
0.799493
0.874264
0.915464
0.639698
-0.024384
-0.574633
-0.051057
-0.968993
-0.764946
-0.717887
0.314676
0.399335
-0.166478
0.951476
-0.680471
0.665822
0.286538
-0.176611
0.002228
-0.411786
-0.972228
-0.790826
0.642689
0.839290
0.632008
0.428083
0.935484
0.006317
0.485397
-0.383465
-0.966124
-0.134922
-0.924741
-0.120579
-0.476302
0.421613
0.586352
-0.196631
-0.103488
0.296854
-0.953368
0.716178
0.754997
0.762139
-0.161718
-0.902585
-0.496811
-0.025605
-0.450240
-0.042879
-0.389142
-0.431990
-0.249672
-0.627979
-0.366008
0.193213
-0.291665
-0.538316
0.263710
0.268105
-0.992615
-0.653005
-0.748283
0.836421
-0.638478
-0.430036
0.148473
-0.328532
-0.803156
0.726676
-0.039766
-0.868221
0.191748
0.553758
-0.488449
0.822138
-0.819636
0.395917
-0.233619
0.131504
0.818659
0.585559
0.841914
-0.338237
0.095431
-0.066073
-0.390790
-0.667592
0.126438
-0.407270
-0.984497
0.621509
0.016205
-0.155309
-0.121311
-0.935667
-0.690237
-0.141697
0.932676
-0.335368
-0.304605
0.973266
0.028657
-0.830195
-0.519517
0.293985
-0.929258
-0.908444
0.877865
0.578478
0.251137
-0.932737
-0.378155
-0.903867
0.262917
-0.315104
-0.189062
-0.118625
0.951170
-0.259987
-0.404096
0.750603
-0.250160
-0.778924
-0.082492
0.329875
0.830134
-0.392193
-0.425031
-0.891903
0.703787
0.900571
0.788079
0.549974
0.177526
0.500534
0.569506
-0.343608
-0.852657
0.773186
-0.523911
-0.538011
0.635121
0.898984
0.163121
0.331095
-0.602893
-0.393353
-0.973693
0.782403
0.328043
0.312845
0.155370
-0.273049
0.395550
-0.318888
0.044221
0.985351
-0.564318
-0.047456
-0.559496
-0.243263
0.596484
-0.482772
-0.448225
-0.075961
0.413190
-0.531053
-0.405560
-0.426374
0.011505
-0.615040
-0.108982
0.524339
-0.434980
-0.679006
0.489059
-0.187292
-0.984985
0.109165
0.035676
-0.875179
0.389386
-0.198035
-0.189489
-0.766961
0.879208
0.191809
-0.235511
-0.647633
0.034333
0.417768
0.897397
0.886410
0.142430
-0.413495
-0.919370
-0.645680
0.721671
0.317118
-0.550645
0.181494
0.898312
0.065523
-0.866024
0.191748
-0.071932
-0.007721
0.881893
-0.301187
-0.083895
-0.653066
0.007416
0.314982
-0.431440
0.486740
-0.899838
-0.288491
0.003021
0.444624
-0.387249
0.090609
0.561083
0.658620
0.713736
0.053865
0.909360
-0.449202
0.624256
0.857112
0.869808
0.319010
-0.866085
-0.890744
-0.328227
0.528428
0.199499
0.187597
-0.383709
0.641346
-0.402753
0.274514
-0.894955
0.784906
-0.864620
-0.931639
0.454451
0.375591
-0.996948
0.482162
-0.029084
0.639088
-0.923399
0.727470
0.886715
0.877682
0.754631
-0.666311
0.760674
-0.869808
0.074984
-0.438765
0.462264
-0.854183
0.298013
0.922422
-0.067537
-0.920225
0.655812
-0.850093
-0.786431
-0.369182
0.895749
0.531175
-0.497238
0.030915
-0.683096
0.749077
0.840571
-0.637684
-0.360393
-0.623402
-0.053804
0.343913
0.401593
-0.661061
-0.678701
0.138707
0.830866
0.682180
0.457015
0.314676
-0.542528
0.937132
-0.556078
0.038179
-0.866451
0.482345
0.572497
-0.080966
0.669790
0.232521
-0.371136
-0.753044
-0.553636
-0.672048
0.810907
0.354534
-0.982971
0.384930
-0.445845
0.215674
-0.859859
0.896420
-0.740959
0.302225
0.279458
0.830012
0.481735
-0.250954
0.085360
-0.890683
-0.340739
-0.804682
-0.086947
0.060274
-0.038423
-0.088229
-0.782403
-0.453047
0.369854
-0.339335
-0.716117
-0.431013
-0.939329
-0.923948
0.282327
-0.423261
-0.648549
-0.924558
0.436079
0.641591
0.261879
-0.864681
-0.267434
0.247902
0.983947
-0.842280
-0.573229
0.314005
0.741935
-0.485275
0.013153
-0.177465
0.762017
0.752007
0.055208
0.451765
0.156346
-0.048311
-0.623768
-0.611255
-0.192602
0.942137
-0.709769
-0.702628
0.265297
-0.715629
0.684194
0.209815
-0.925962
0.576525
-0.087130
-0.232521
0.132115
0.481368
-0.278481
-0.885861
-0.170263
0.138768
0.845515
0.400678
0.010773
0.999145
0.558458
-0.385296
0.204688
-0.293863
0.423627
-0.776421
-0.404767
0.625660
0.597766
0.029023
0.593738
-0.751335
-0.748650
-0.707450
-0.670522
0.622608
-0.955138
0.561083
0.247780
0.088595
-0.422163
0.542894
-0.987854
-0.625660
-0.705496
0.047334
-0.002960
-0.019501
0.309732
0.762627
0.593188
0.605823
-0.618397
0.411054
0.299783
0.921751
0.900571
-0.110508
-0.447432
0.174169
0.066439
-0.650014
0.355632
-0.171117
-0.845943
0.514695
0.184484
-0.498032
-0.840815
0.889035
-0.836909
0.496872
-0.564867
-0.042390
-0.635426
0.881527
-0.249489
-0.348796
-0.488998
-0.460982
0.378094
-0.210242
-0.424421
0.773858
0.835505
0.830805
0.950499
0.946471
-0.579211
-0.906980
0.102329
0.782281
0.022858
-0.915647
-0.987732
0.154881
0.724296
-0.011689
-0.120701
-0.476180
-0.409040
-0.971984
0.305826
0.176061
-0.140233
-0.119175
-0.303690
-0.178014
-0.721915
0.288980
-0.121616
-0.282571
0.506760
-0.031770
0.375286
0.120823
0.705557
0.718436
-0.268899
-0.855892
-0.247414
0.386212
0.509812
-0.244911
-0.529405
-0.073885
-0.457747
0.321451
-0.061251
-0.132969
-0.626759
0.327860
0.571703
0.768548
0.076266
0.494552
0.438093
-0.574694
-0.850703
-0.632008
0.872005
0.304788
0.945982
-0.327189
-0.281289
0.328043
-0.438826
0.365520
-0.677908
-0.813410
-0.346721
0.977783
0.959410
-0.767449
0.161473
-0.445540
-0.113254
0.735588
-0.032563
-0.806452
-0.466720
0.848384
-0.579394
0.434370
-0.399823
0.906674
0.903439
-0.985107
0.105564
-0.480697
-0.751701
0.004730
-0.661916
0.845210
-0.080905
0.936155
0.966735
0.111667
-0.364299
-0.572130
-0.338908
0.300638
-0.967101
-0.619495
0.740043
0.123386
-0.962645
0.852901
-0.925596
0.081088
-0.289773
-0.356731
0.103183
-0.162816
0.614978
-0.847163
-0.130467
0.342021
-0.924375
0.577807
0.789422
-0.393292
-0.666250
0.413373
-0.691885
0.610096
0.549425
0.663930
-0.778314
0.666128
0.415387
-0.613880
-0.406720
0.627796
0.439802
-0.505905
-0.546068
-0.621693
0.496506
-0.448347
0.048982
-0.355937
0.697073
0.576220
0.967406
0.013398
0.711295
-0.275979
0.902951
0.003204
-0.607532
0.901669
-0.270180
0.452681
0.129063
-0.521714
0.196020
0.633473
0.983215
-0.008881
0.478561
-0.525254
-0.713065
-0.836787
-0.639332
0.320170
0.041780
0.657704
-0.291421
-0.422407
0.905026
0.629261
0.785211
0.283731
0.044954
0.916868
-0.133030
0.650929
0.265725
0.441694
0.282266
-0.628162
0.698111
-0.631642
0.771172
0.142186
0.643422
-0.977233
0.868954
0.940794
-0.167028
0.931822
-0.936522
0.314249
0.109409
-0.720695
-0.604602
0.871395
-0.261879
0.668447
-0.992309
-0.928098
-0.348857
-0.439070
0.375103
0.287698
-0.020051
-0.877499
0.347148
-0.403851
-0.571825
0.860775
-0.531602
-0.053560
0.710135
0.174841
-0.880856
-0.342143
0.644642
0.848140
0.701956
0.321390
0.324320
-0.256752
0.784722
0.122898
-0.782220
0.779595
0.594348
-0.868404
-0.644826
0.546251
-0.021455
0.349345
-0.496139
-0.912656
0.219886
-0.684805
-0.408551
0.715201
-0.495102
-0.601062
-0.073336
-0.294656
0.184240
0.710135
-0.333048
0.270180
0.772271
-0.317972
0.986877
-0.792352
-0.766900
-0.136265
-0.729118
0.553941
0.130406
0.997314
0.314310
-0.197974
0.091159
0.494797
0.108554
-0.232521
0.873470
0.051363
-0.825007
-0.672231
0.393841
-0.388165
-0.012421
-0.073885
0.426618
-0.415571
-0.684011
-0.590320
-0.331767
0.313150
0.734977
-0.842341
0.080538
-0.373394
-0.816462
-0.405011
-0.872372
-0.047578
-0.269936
0.329325
0.720267
0.445967
-0.835505
-0.646901
0.000641
0.540269
0.354411
-0.867977
0.058321
-0.336650
0.307657
-0.903317
0.587756
-0.989135
0.718925
0.317850
-0.213050
0.918394
-0.165075
0.968444
-0.707633
-0.384869
-0.131748
-0.528916
-0.013337
-0.609790
-0.235389
0.310160
0.621937
-0.800287
-0.785699
-0.162633
-0.230262
0.277139
-0.195227
-0.982177
0.952086
0.493637
0.082247
-0.268410
-0.769036
-0.449507
0.154393
-0.897641
-0.301675
-0.372662
-0.625904
0.210242
-0.247841
0.863582
-0.562853
0.395184
0.199683
-0.848201
-0.910459
0.046724
-0.977905
0.727531
0.633534
0.448286
0.380657
0.668630
0.576769
0.324259
0.666677
0.518357
-0.598071
-0.595508
-0.442671
-0.233802
0.459395
0.923215
-0.971679
0.044893
0.352886
