-0.638539
-0.142918
0.635914
-0.701224
-0.237526
0.918455
0.018097
-0.210181
0.509568
-0.437971
-0.129185
0.288491
-0.961425
0.417585
-0.774773
-0.884884
-0.692984
0.339152
0.972289
0.835444
-0.632313
-0.972839
0.553575
-0.333415
-0.139866
0.971007
0.439009
-0.129246
0.928648
-0.019990
-0.625416
-0.662465
0.798334
0.326640
0.974609
0.921323
-0.097812
0.705374
-0.544176
-0.814631
0.466231
0.626331
-0.327616
0.687857
0.209143
0.841243
0.931394
-0.613941
0.032929
-0.615833
0.287454
-0.658681
-0.583422
0.252846
-0.548509
-0.100436
-0.553819
-0.859737
-0.892087
0.923460
0.638417
0.791375
0.668630
-0.432173
0.016205
-0.923582
-0.405988
0.129307
-0.145604
0.295328
0.284524
-0.773919
-0.157628
0.245399
0.788568
0.243629
-0.095126
0.623280
-0.125156
-0.073763
0.442610
-0.500168
0.727348
0.209571
0.376568
-0.789056
-0.604297
-0.586108
0.871517
0.737907
-0.271401
-0.618702
0.890011
0.805292
-0.060335
-0.069552
0.333781
-0.409833
0.298318
0.567675
0.148595
-0.372356
-0.693350
0.932066
-0.991699
-0.250710
0.102023
0.103793
-0.052217
-0.268227
0.198035
0.299112
0.791314
0.096530
0.547899
-0.769646
-0.063265
-0.715201
-0.898068
0.239357
0.399518
-0.316202
0.173009
0.969359
-0.402142
0.756645
0.344157
-0.471664
-0.673086
-0.365337
0.600574
0.173803
0.993774
-0.357341
0.032868
0.042207
-0.287637
0.054781
-0.115635
-0.002533
0.723624
-0.325541
0.464400
-0.955077
0.467574
0.454146
0.920408
-0.696097
0.403729
-0.599231
-0.868038
0.650929
-0.055940
-0.895627
0.526292
-0.249489
-0.412702
-0.404157
0.382366
-0.598621
0.768365
-0.353862
-0.375042
0.221473
-0.567919
0.954772
0.843928
0.650197
-0.879940
0.096408
0.093661
-0.208106
0.614917
-0.000702
-0.480148
0.984863
-0.238746
-0.244057
-0.930845
0.621632
-0.311991
0.713370
0.212622
0.869259
-0.687002
0.395978
0.506333
0.412275
-0.663198
-0.664724
-0.555589
-0.109836
0.468795
0.460738
-0.035798
0.071810
0.599963
-0.670766
0.164769
0.440474
-0.846065
-0.963683
-0.992492
-0.789178
-0.842708
0.908078
0.059542
-0.999023
0.145116
-0.613453
-0.820246
-0.021638
-0.139622
-0.579028
0.108554
0.782647
0.551683
0.289224
0.900632
0.656606
0.382366
0.210608
-0.358928
-0.419172
0.730766
0.302469
0.008332
-0.231239
0.020295
0.242836
-0.981262
-0.185583
0.814936
0.061556
-0.926389
0.312906
0.657826
-0.908872
0.237037
-0.230323
-0.060579
0.784600
-0.145482
0.723991
0.255959
-0.672170
0.785577
0.558214
0.649831
0.473067
-0.626453
-0.625111
-0.209998
-0.369243
-0.658132
0.172643
0.893246
0.256142
0.314371
0.152501
-0.890255
0.621021
0.880245
0.817621
-0.839473
-0.099277
0.377728
0.825190
-0.365276
-0.775323
-0.486801
0.459517
0.481674
-0.415510
-0.313456
0.260048
-0.597095
-0.865047
0.755547
-0.858577
0.566881
0.482467
-0.722587
0.221168
-0.684072
0.105319
-0.425275
0.622913
-0.175390
-0.950194
-0.570055
0.888974
-0.244850
-0.387921
0.444014
0.108005
-0.256874
0.019684
0.082308
0.613025
-0.343974
-0.279153
0.265053
0.141697
0.636708
-0.765496
-0.687735
0.731010
-0.801141
-0.653859
-0.613697
0.505417
0.720695
0.857784
-0.739067
-0.465560
-0.031953
0.673635
-0.245705
-0.111728
0.418806
-0.097507
-0.498947
-0.722526
-0.044588
-0.268349
-0.278298
-0.133213
-0.942259
-0.800226
0.904965
-0.900449
-0.006378
0.144261
-0.600085
0.149815
0.150365
-0.835810
0.774163
0.515366
-0.700064
-0.354289
0.283975
-0.229652
0.391644
0.921812
-0.754814
0.761223
-0.324198
-0.364299
-0.280007
0.958861
-0.660451
-0.492477
0.778436
0.374126
-0.564989
0.030183
-0.699271
0.710379
0.282876
0.750664
0.566759
0.083102
-0.604480
-0.149022
0.239418
0.121494
0.786798
-0.497909
0.128330
0.784417
-0.707694
-0.357707
-0.677786
-0.191748
0.431440
0.308939
-0.774651
-0.948790
0.921018
0.462691
-0.798639
-0.179296
-0.326395
-0.340434
0.845943
0.163060
0.493515
-0.648000
0.575243
0.007538
0.856380
0.044282
0.289407
0.729606
0.966613
0.715934
0.181005
-0.388165
-0.514817
0.447676
0.886593
-0.785333
-0.946654
0.783685
-0.798334
0.976806
-0.008393
-0.760613
-0.661000
-0.884457
0.469222
-0.192419
-0.354106
-0.116733
-0.023103
-0.009674
-0.945921
0.990051
-0.475448
-0.063692
-0.633595
0.368206
-0.931700
0.183996
0.116611
0.899350
0.691153
0.271401
-0.805536
0.925291
-0.607410
0.581408
-0.926572
0.521409
0.299173
0.741935
0.154271
-0.321451
-0.106967
-0.216712
0.097446
-0.065584
0.772027
-0.705985
0.366314
0.360393
0.222755
0.574450
0.344829
0.137181
-0.851009
-0.777154
0.748283
-0.264443
-0.459517
0.338420
-0.292520
0.687796
0.165990
0.205176
0.243446
-0.480758
0.081881
0.518479
-0.500412
0.764153
-0.055513
0.416974
0.023957
0.723319
-0.750908
0.782586
-0.519944
-0.068941
0.216468
0.134068
0.030610
-0.932066
-0.721854
0.863704
0.148228
0.226173
0.722098
-0.712210
0.683218
0.177953
-0.579821
-0.558092
-0.981017
0.268410
0.847957
-0.206397
-0.120579
-0.294656
0.049776
0.044588
0.343547
0.166906
0.834407
-0.395428
-0.421430
-0.414838
0.406354
0.265175
-0.971557
0.414167
-0.052828
-0.598437
-0.221595
-0.979675
-0.905759
0.824885
0.304971
0.453413
-0.777093
-0.542589
-0.648549
0.936033
0.551439
-0.194861
0.094638
-0.231483
-0.693777
0.678274
0.058016
-0.132786
0.661306
-0.240211
-0.560656
-0.442244
-0.236976
0.555712
-0.687002
0.005951
-0.414045
0.327860
-0.036348
0.722221
0.431013
0.525559
0.780816
0.145299
0.429670
0.665151
0.119541
-0.207312
-0.471969
0.008148
0.730033
0.993225
0.059725
0.543870
0.529893
-0.858943
-0.695425
-0.683828
-0.191198
-0.599719
0.487777
-0.583850
0.011750
0.264138
0.013703
-0.884030
0.256508
0.168310
-0.986633
-0.846431
0.938475
-0.555162
-0.769768
-0.782098
0.620472
-0.960997
0.372906
0.861446
0.116794
0.677602
0.255470
-0.736564
-0.338481
-0.251503
0.470748
0.487228
0.806330
0.729057
-0.951292
0.330180
-0.753410
-0.602954
0.951598
-0.282144
0.402875
0.365215
0.464949
-0.046480
-0.979125
0.790582
0.289895
-0.229774
0.064791
0.100192
0.325602
0.494797
0.940855
-0.963805
-0.276833
0.902402
-0.584521
-0.981567
-0.722343
0.186865
0.465255
-0.695669
0.115329
-0.759880
0.263588
0.982849
0.925047
-0.304788
-0.078585
0.528672
-0.324259
-0.291055
-0.293741
-0.804010
-0.274758
0.411786
-0.398114
0.799982
-0.547655
0.715384
-0.211158
0.435041
0.024934
0.752373
0.965636
-0.390912
0.528550
-0.298196
-0.326334
0.208960
0.287454
-0.551378
-0.850581
0.102329
0.510056
-0.007782
0.440352
0.986023
0.549364
0.503647
-0.344829
0.283547
-0.372723
-0.441694
0.459090
-0.625599
0.927427
-0.301798
0.317789
0.687063
-0.174352
-0.392682
0.612476
-0.766655
0.469649
-0.795526
0.636952
-0.859493
0.783197
0.478744
-0.113498
-0.512436
0.203406
-0.272622
-0.240883
-0.455672
0.908750
-0.150243
-0.829340
-0.375347
0.598926
0.762505
0.863521
-0.572985
-0.639637
-0.705741
-0.387555
0.721671
-0.908506
0.821894
0.525254
-0.855403
0.060518
0.282266
-0.211707
0.589831
0.908261
-0.665883
-0.905576
-0.837947
0.922605
0.244850
0.687002
-0.586901
0.325968
0.376324
-0.770257
0.008942
0.908383
0.806879
-0.211707
0.820124
0.737968
0.061190
-0.275674
-0.666128
0.519517
0.591845
0.817743
-0.491623
0.266396
-0.534104
-0.432783
-0.098117
-0.832392
0.808771
-0.165441
0.630360
-0.105869
0.906858
-0.805292
-0.681509
0.909421
-0.501938
0.549669
0.009857
0.154881
-0.332865
-0.510178
0.916868
-0.645924
-0.832698
0.412763
0.370830
-0.393353
0.847591
0.367290
-0.830439
-0.886837
-0.103610
-0.928953
-0.543199
-0.490524
0.262734
-0.498581
-0.452925
0.900510
0.586779
-0.399396
-0.752068
0.991638
0.745842
0.134983
-0.735588
-0.958922
-0.296609
-0.577319
-0.730644
-0.741569
-0.676504
-0.704642
0.180822
0.802484
0.063631
-0.046663
-0.952269
-0.981140
-0.835200
-0.226112
-0.302591
0.035676
-0.927488
-0.513230
-0.073458
-0.849116
0.283303
-0.731559
0.229286
0.183691
0.799493
0.874264
0.915464
0.639698
-0.024384
-0.574633
-0.051057
-0.465987
-0.764946
-0.717887
0.314676
-0.968139
-0.166478
0.951476
0.656667
0.514084
0.286538
-0.176611
0.002228
-0.411786
-0.972228
-0.790826
0.642689
0.839290
0.632008
0.428083
0.935484
0.006317
0.485397
-0.383465
-0.966124
-0.134922
-0.924741
-0.120579
0.207556
-0.242225
0.586352
-0.196631
-0.103488
-0.870235
-0.953368
0.716178
0.754997
0.762139
-0.161718
-0.902585
-0.496811
-0.025605
-0.450240
-0.413678
0.697501
-0.431990
0.434126
-0.627979
-0.366008
-0.339579
-0.291665
-0.538316
0.263710
0.244667
-0.992615
-0.653005
-0.748283
-0.458663
-0.638478
-0.430036
0.148473
-0.328532
-0.803156
0.726676
-0.039766
-0.868221
0.191748
0.043306
-0.488449
0.822138
-0.819636
0.395917
0.154698
0.930845
0.818659
0.585559
-0.659230
-0.338237
0.095431
-0.843257
-0.390790
-0.667592
0.126438
-0.407270
-0.984497
0.112339
-0.468368
-0.155309
-0.121311
-0.935667
-0.690237
-0.141697
-0.729057
0.161962
-0.044649
0.973266
0.028657
-0.830195
0.886593
0.293985
-0.929258
-0.908444
0.877865
0.578478
-0.994079
-0.932737
-0.378155
-0.903867
-0.769341
-0.315104
-0.189062
-0.118625
0.951170
-0.259987
0.141270
0.750603
-0.250160
-0.778924
-0.082492
0.329875
0.440291
-0.392193
-0.614673
0.566637
0.703787
0.900571
0.788079
-0.733879
0.177526
0.500534
0.569506
0.334452
0.615467
-0.344279
-0.709891
-0.538011
0.635121
0.898984
-0.211158
0.331095
-0.602893
-0.393353
-0.973693
0.782403
0.328043
0.312845
0.155370
-0.273049
0.395550
-0.318888
0.044221
0.985351
0.243934
-0.047456
-0.559496
-0.243263
0.596484
-0.482772
-0.448225
-0.075961
0.413190
-0.531053
0.675405
-0.426374
0.011505
-0.615040
-0.108982
0.500107
-0.052461
-0.679006
0.489059
-0.187292
-0.984985
0.502304
0.035676
-0.422895
0.389386
-0.762200
-0.189489
-0.252541
0.879208
-0.003876
-0.235511
0.409345
0.034333
0.417768
0.897397
0.886410
0.142430
-0.413495
-0.919370
-0.645680
-0.921934
0.317118
-0.550645
0.181494
0.898312
0.065523
-0.866024
-0.586718
-0.071932
-0.007721
0.881893
-0.301187
0.843989
-0.653066
0.007416
0.466292
0.676870
0.486740
-0.899838
-0.288491
-0.690542
0.969359
-0.387249
0.090609
0.561083
0.658620
0.713736
0.053865
0.909360
-0.449202
0.624256
0.857112
0.869808
0.319010
-0.161779
-0.890744
-0.328227
0.528428
-0.171667
0.912717
-0.383709
-0.084994
0.190832
-0.696707
-0.894955
0.784906
-0.864620
-0.931639
0.454451
0.065340
-0.996948
0.482162
-0.029084
0.639088
-0.923399
0.727470
-0.702322
0.985839
0.754631
-0.666311
0.760674
0.395428
0.614490
0.025422
0.462264
-0.854183
0.298013
0.922422
-0.636036
-0.920225
0.655812
-0.136937
-0.786431
-0.307840
0.895749
0.531175
-0.606250
0.030915
-0.683096
0.749077
0.840571
0.207556
-0.360393
-0.623402
0.222571
0.343913
0.401593
-0.661061
0.250160
0.138707
0.830866
0.682180
0.457015
0.889523
-0.542528
0.937132
-0.556078
0.038179
-0.866451
0.482345
0.857356
0.793573
0.669790
0.232521
-0.371136
-0.753044
-0.553636
-0.672048
0.810907
0.752434
-0.982971
0.384930
-0.445845
0.215674
-0.859859
0.896420
0.838252
-0.613025
0.279458
0.208655
0.481735
-0.250954
0.085360
-0.890683
-0.340739
-0.804682
-0.086947
0.060274
-0.038423
0.965453
-0.782403
-0.453047
-0.862728
-0.339335
0.559313
-0.431013
-0.939329
-0.923948
0.282327
0.400555
-0.822810
-0.924558
0.436079
0.641591
0.436079
-0.864681
-0.267434
0.247902
0.449995
-0.751518
-0.943236
0.314005
0.741935
0.711112
0.013153
-0.614368
0.762017
0.752007
0.055208
0.390301
0.816340
-0.048311
-0.623768
0.593005
0.914548
0.942137
-0.709769
-0.702628
0.265297
-0.715629
0.684194
-0.413495
-0.515671
0.576525
-0.087130
-0.232521
0.891293
-0.323893
-0.268960
-0.885861
0.192785
0.138768
0.845515
0.400678
0.010773
0.327982
0.558458
-0.385296
0.204688
-0.293863
0.423627
-0.702383
-0.404767
-0.846858
0.597766
0.029023
0.593738
-0.751335
-0.748650
-0.707450
-0.670522
0.622608
-0.955138
0.470992
-0.548326
0.088595
0.238624
0.960936
-0.987854
-0.625660
-0.705496
-0.319864
-0.419782
-0.019501
0.309732
0.762627
0.593188
0.814447
-0.618397
0.411054
0.299783
0.921751
0.900571
-0.110508
-0.447432
0.174169
0.616871
-0.650014
0.355632
-0.171117
0.352397
0.514695
0.184484
-0.498032
-0.840815
0.889035
-0.836909
0.221351
-0.564867
-0.042390
-0.635426
0.881527
-0.520798
-0.348796
-0.488998
-0.460982
0.378094
-0.387432
0.947020
0.773858
0.835505
0.830805
-0.526109
0.946471
-0.010224
-0.906980
0.102329
0.782281
0.022858
-0.915647
-0.987732
0.154881
0.724296
-0.011689
-0.120701
-0.476180
0.862606
-0.971984
0.305826
0.176061
-0.140233
-0.119175
-0.303690
-0.178014
0.150060
0.491928
0.852779
-0.282571
0.506760
-0.031770
-0.970763
0.298807
0.530931
0.718436
-0.268899
-0.205420
-0.247414
0.386212
-0.093417
-0.341472
0.219947
-0.073885
-0.457747
0.321451
-0.061251
-0.132969
-0.626759
0.327860
0.571703
0.768548
0.076266
0.494552
0.438093
-0.574694
-0.850703
-0.632008
0.389264
0.304788
0.945982
-0.327189
-0.281289
0.674917
-0.372356
0.365520
-0.677908
-0.813410
-0.346721
0.977783
0.869442
-0.767449
0.161473
-0.445540
-0.113254
0.735588
0.186682
-0.806452
-0.466720
0.848384
-0.579394
-0.244240
-0.362346
0.906674
0.456526
-0.985107
0.105564
-0.480697
-0.751701
0.004730
-0.661916
0.845210
-0.080905
0.936155
0.966735
0.111667
-0.116794
-0.572130
-0.338908
0.300638
-0.967101
-0.619495
0.810236
0.123386
0.343852
-0.821223
-0.925596
0.081088
-0.289773
0.822871
0.103183
-0.162816
0.614978
-0.847163
0.609546
0.342021
-0.924375
0.577807
0.789422
-0.594104
-0.666250
0.413373
-0.691885
0.610096
0.701773
0.663930
-0.778314
0.666128
0.415387
0.655812
-0.406720
0.627796
0.439802
-0.505905
-0.546068
0.932493
0.496506
-0.873470
0.048982
-0.355937
0.697073
0.576220
0.967406
0.013398
0.711295
-0.275979
0.902951
0.003204
-0.607532
0.901669
-0.270180
0.452681
0.129063
-0.521714
0.359294
-0.018036
-0.063692
0.020356
0.478561
-0.525254
0.491501
0.109409
-0.639332
0.320170
-0.499252
0.322367
-0.291421
0.101413
-0.319681
0.629261
0.785211
0.283731
0.044954
0.916868
-0.510239
0.267617
-0.896298
0.441694
0.282266
-0.628162
0.974059
-0.631642
0.771172
0.142186
-0.021088
-0.033296
-0.116733
0.940794
-0.167028
0.377667
-0.936522
0.314249
0.109409
-0.768609
-0.604602
0.871395
-0.261879
0.668447
-0.353374
0.446821
-0.348857
-0.137364
0.011139
0.287698
-0.020051
-0.877499
0.347148
-0.403851
-0.571825
0.860775
-0.531602
-0.053560
0.710135
-0.100009
0.671560
-0.342143
0.644642
0.848140
0.701956
0.712760
0.532640
-0.790704
0.784722
0.122898
-0.782220
0.301187
0.594348
-0.647267
-0.644826
0.546251
-0.687735
0.349345
-0.496139
-0.912656
0.219886
-0.684805
-0.408551
0.715201
-0.495102
-0.601062
-0.221290
-0.294656
-0.185644
0.710135
-0.852290
0.411664
0.772271
-0.317972
0.446394
0.225379
-0.766900
-0.136265
-0.729118
-0.277261
0.130406
0.997314
0.314310
-0.197974
0.091159
0.494797
0.108554
-0.232521
0.873470
0.051363
-0.131748
-0.672231
0.609119
0.072970
-0.012421
0.414960
0.426618
-0.415571
-0.684011
-0.590320
-0.895199
0.313150
0.734977
-0.842341
0.080538
0.786431
-0.438398
0.562731
0.715629
-0.047578
-0.269936
0.329325
0.720267
-0.805475
-0.561815
-0.646901
0.000641
0.540269
0.354411
-0.867977
0.058321
-0.336650
0.307657
0.722587
0.191076
-0.643056
0.718925
0.317850
-0.213050
0.918394
0.820673
0.968444
-0.707633
-0.384869
-0.131748
0.350261
0.363018
-0.076632
-0.235389
0.310160
0.621937
0.221290
-0.785699
-0.162633
-0.230262
0.277139
-0.671377
-0.982177
0.952086
0.604236
0.082247
0.725700
-0.684500
-0.449507
0.154393
-0.897641
0.243751
-0.372662
-0.625904
0.210242
-0.247841
0.863582
-0.562853
0.395184
0.775079
-0.848201
0.308695
0.046724
-0.977905
0.727531
0.633534
0.448286
0.380657
-0.008637
0.576769
0.324259
0.206458
0.931516
-0.598071
-0.595508
-0.442671
-0.233802
0.459395
0.923215
-0.971679
0.044893
0.352886
