-0.050874
0.817682
-0.851985
-0.145116
-0.149266
0.351848
-0.428694
-0.607044
-0.848262
0.466353
0.416547
-0.285501
-0.052705
0.492599
-0.861690
-0.787225
0.562914
-0.698904
-0.648183
0.030854
0.069002
-0.509323
-0.447798
-0.651051
0.751518
-0.126377
-0.570666
-0.560595
0.939512
0.692129
0.226661
0.237587
0.754387
-0.555040
0.812799
-0.385296
-0.139744
0.677602
-0.096164
-0.216651
0.421064
-0.041108
-0.505417
-0.069552
0.864620
-0.289163
0.284829
-0.188208
-0.751762
-0.440413
-0.890072
-0.436384
0.048250
-0.358684
0.406964
-0.829829
0.341960
-0.970214
-0.724540
-0.522141
-0.454146
-0.853267
0.281655
-0.629017
0.288186
-0.654714
0.380963
-0.775262
-0.431074
-0.496445
0.813349
0.377056
0.721366
-0.630787
-0.350261
-0.957152
0.643849
0.188940
0.765740
-0.777215
-0.051973
-0.690970
-0.203223
0.726615
-0.472152
0.317057
0.829829
-0.148412
-0.653676
0.981994
0.153966
0.633045
0.572680
-0.444807
0.030915
0.027131
0.365764
-0.995605
-0.001434
0.911802
-0.571337
0.969970
-0.575304
0.050020
0.933775
0.738456
0.389447
-0.087741
-0.445296
-0.823664
-0.766961
-0.375591
-0.174841
-0.796747
0.787469
0.751579
-0.315836
-0.793817
0.902707
-0.103122
0.097812
0.168004
0.613025
-0.881466
0.038789
-0.926878
0.784967
-0.289041
0.972167
-0.207678
0.089022
-0.947508
0.002411
0.734733
-0.508286
0.585314
0.533006
-0.424604
-0.011994
-0.796381
0.756157
0.597949
0.358562
0.855953
-0.936033
0.341899
-0.253883
0.184179
0.455428
0.940611
0.434797
0.070711
-0.859127
-0.869198
-0.608509
-0.369915
-0.401227
0.161229
0.839778
0.257729
-0.621448
0.843013
-0.041841
-0.742546
-0.131443
0.046968
0.479171
0.427900
-0.256569
-0.505417
-0.994201
0.275430
0.887082
-0.501389
-0.549852
-0.484725
0.500168
-0.076510
0.647206
0.214881
0.349406
-0.623402
-0.326334
-0.012482
0.459273
0.332865
-0.458480
-0.134068
0.679373
0.958495
0.307840
0.430036
0.688833
0.824152
0.159581
0.922422
-0.818171
-0.796869
0.795343
-0.811274
-0.557543
0.071383
-0.642506
0.873470
-0.735954
-0.893307
-0.505966
-0.966185
0.644398
-0.438704
0.620106
0.004730
-0.838679
-0.112949
0.426557
-0.377728
-0.913755
0.136753
-0.299478
-0.930906
0.837092
-0.598376
0.991882
0.311319
-0.193152
-0.051729
0.815790
-0.317728
-0.751762
-0.654775
0.028352
0.874996
0.611438
-0.300943
-0.225257
0.367046
0.556200
0.371319
-0.289102
-0.183813
0.755364
0.628346
-0.603809
0.076022
-0.817499
-0.060762
0.502426
0.101657
0.181127
-0.661306
-0.567431
0.325358
0.598743
-0.212806
0.199072
-0.869015
-0.148717
0.522385
0.922666
-0.967772
0.940001
0.631947
-0.066744
0.141270
-0.771294
0.297464
-0.127781
-0.674184
-0.882870
0.421003
0.801141
0.924558
-0.719047
-0.987060
0.858333
-0.865841
-0.596545
-0.310343
-0.958190
-0.373821
0.574328
0.527451
0.251686
0.559801
0.671560
-0.405988
0.134312
0.724052
-0.821589
0.734611
-0.988403
-0.564867
-0.542039
-0.876339
0.336711
0.879757
-0.482406
0.291177
-0.117649
0.074007
0.966918
-0.893185
0.699332
-0.272988
-0.696219
0.805475
-0.860042
-0.095676
-0.282205
0.009308
0.558397
0.446455
0.655934
-0.521775
-0.690176
-0.989319
0.507431
0.882199
-0.207190
0.345683
-0.816950
-0.324503
0.949583
0.030915
-0.718863
-0.340983
0.665090
-0.487960
-0.717826
-0.315653
0.228370
-0.769646
0.496078
-0.354656
-0.746513
0.854976
-0.765130
0.915220
-0.328043
0.342204
0.782708
0.475387
-0.057711
-0.094516
0.776543
0.359294
-0.285623
-0.601001
-0.592761
-0.166967
-0.775201
0.789483
0.278603
0.630909
-0.605152
-0.589587
-0.977111
-0.613880
-0.300699
-0.564623
-0.121799
0.652272
0.737175
0.058138
0.330485
0.249184
-0.607471
0.970946
0.951842
-0.445540
-0.009125
0.806146
0.972472
0.943541
0.690115
0.730461
-0.065523
0.118625
-0.768731
0.582568
-0.872127
-0.162389
-0.352153
0.831904
0.810846
-0.372478
0.766717
0.019318
-0.796747
0.986206
0.196387
0.041658
0.152074
-0.216773
-0.806635
-0.587817
-0.990173
0.377239
0.541490
-0.685598
-0.359172
0.198157
-0.332987
0.713614
0.156957
-0.699515
-0.564074
0.786126
0.426130
-0.323222
-0.863521
0.507431
-0.287454
0.056429
-0.603015
-0.062410
-0.342448
0.343059
-0.798578
0.720817
-0.051241
0.491317
0.829157
-0.123936
-0.208167
-0.464522
-0.734184
-0.838374
0.222571
0.789178
-0.426618
0.749931
0.505539
-0.315348
-0.565416
0.279092
0.784234
0.481552
0.511887
-0.700980
0.672048
0.977721
0.371441
-0.634205
0.376629
0.296487
0.212439
0.684072
-0.413068
-0.572558
-0.373577
-0.833308
0.496384
0.183691
-0.332987
-0.666494
-0.671560
-0.929319
0.213721
0.600330
-0.192541
-0.320963
-0.836299
0.960997
0.471053
0.720389
-0.034883
-0.302713
-0.897214
-0.856563
0.633900
-0.676138
0.860714
0.643300
0.145787
0.221595
0.296976
0.333842
-0.408734
-0.788812
0.821284
0.852168
0.737724
-0.844478
0.623707
-0.268960
0.421857
0.999145
-0.209815
-0.993835
0.706717
0.954588
-0.492111
0.969481
0.833308
0.505478
-0.250649
0.437300
0.098178
0.119053
0.016022
-0.250954
0.706229
-0.093295
-0.669546
0.144749
-0.541917
-0.244728
-0.603687
-0.250526
-0.792535
-0.635304
-0.052889
-0.161046
0.913388
-0.965026
-0.075289
0.079867
-0.681265
0.025239
0.399274
-0.038362
-0.974181
0.160375
0.771722
0.251381
0.648793
0.756951
0.689322
0.200049
0.613025
0.402387
-0.446211
0.844295
0.840815
-0.350566
-0.323466
-0.631642
-0.133946
-0.503891
0.505356
-0.450545
-0.161168
-0.775994
-0.072115
-0.780023
-0.622974
-0.044893
0.347942
-0.318583
0.020356
0.285501
0.298135
0.822504
-0.319071
0.432600
0.136448
-0.487045
0.944456
-0.332926
0.559435
0.292642
0.898129
-0.300394
0.190771
0.949522
0.961791
0.981628
-0.568651
-0.925474
0.439253
-0.879147
-0.171484
0.460433
0.981811
0.286050
-0.171361
-0.287027
0.590258
0.596301
-0.753777
-0.704215
0.292093
-0.720756
-0.542711
-0.430525
0.685171
-0.347575
-0.574938
-0.879635
0.431806
0.544237
-0.600330
0.339702
-0.299234
-0.174902
0.489242
-0.945677
-0.742973
-0.342326
0.982177
0.196509
0.813044
0.136021
0.953246
-0.760247
0.440901
-0.772271
0.444990
0.863338
-0.171911
-0.204688
-0.912839
-0.946348
-0.952208
-0.239174
-0.457930
-0.046419
-0.363140
0.691885
-0.132420
0.176061
0.602893
-0.915036
-0.290994
0.237159
-0.881161
0.120273
-0.982116
-0.410749
-0.201636
0.704337
0.128819
0.935606
-0.420759
-0.461104
-0.670339
0.606983
-0.746147
-0.177404
0.516526
-0.469527
0.798212
-0.558702
-0.341533
0.199499
0.004608
-0.783441
-0.975097
0.377300
-0.473556
0.658315
-0.363933
-0.050874
0.702689
-0.563036
0.362529
-0.807917
-0.985839
-0.734367
-0.736198
0.832636
-0.413312
-0.030061
-0.438276
-0.090854
0.584887
0.160802
-0.890194
-0.614124
-0.425214
0.553209
-0.326640
-0.331523
0.666494
0.202673
0.777276
0.546007
0.986694
-0.207862
0.936094
-0.883175
0.346721
0.724052
-0.059786
0.986694
0.634144
-0.531785
-0.676687
0.012848
0.005829
0.078402
0.996765
0.604297
0.530992
-0.063570
0.554735
0.233070
-0.164525
0.615345
-0.822748
-0.269692
-0.252174
0.942503
0.719291
-0.646535
-0.278420
0.253639
-0.160192
-0.460555
-0.329020
0.878536
-0.139195
-0.508164
-0.622547
0.432234
-0.349834
0.211463
0.702506
-0.531541
0.994079
0.226844
-0.682058
-0.806269
0.857479
0.200476
-0.884274
0.361248
0.485397
-0.742424
-0.837214
0.735466
-0.806574
-0.126865
-0.019379
0.116977
0.836421
-0.523728
-0.827509
0.957640
-0.634083
0.748955
-0.546983
0.090243
0.038057
-0.117527
0.715201
0.640553
0.138890
-0.285318
-0.707266
-0.681570
-0.128697
0.108432
-0.814570
-0.583605
0.859004
-0.785089
-0.263710
-0.233192
-0.902524
0.844417
0.249550
-0.372295
-0.056246
0.476730
0.944884
0.051546
0.697073
-0.699759
-0.555162
0.311930
-0.958251
-0.433943
-0.743400
-0.569506
0.661672
0.326090
-0.550768
0.790582
0.469710
0.116062
0.053316
-0.361064
0.577136
0.957945
0.018220
-0.504868
-0.314798
0.106845
0.677419
-0.303323
0.518418
0.809259
0.643178
-0.193152
-0.763604
0.889279
-0.070589
-0.120273
0.738273
-0.581530
-0.654469
-0.032258
0.020356
0.015656
0.896420
-0.749382
0.522202
-0.468917
0.271584
0.039216
-0.618946
-0.720573
0.106235
0.316324
0.909726
0.078463
-0.970336
-0.096164
0.560350
0.192541
-0.057405
0.350993
0.180700
-0.709342
0.138951
-0.937925
-0.488998
0.394086
0.013215
0.211158
0.074923
0.041963
-0.617481
0.363323
0.245766
-0.741997
0.976135
0.097201
0.580065
0.777520
-0.195166
0.149327
0.336283
0.242897
0.663381
-0.024140
0.582812
0.788141
-0.762871
-0.003449
0.033601
-0.703177
-0.883175
0.394269
-0.270974
-0.322672
0.586047
0.728996
0.027985
0.011383
-0.551195
0.365154
-0.063021
-0.037568
-0.617847
0.420759
-0.210181
-0.478011
-0.700735
-0.409589
0.088595
-0.554491
-0.800958
0.752434
-0.643483
-0.732109
0.435713
0.502670
-0.796625
0.070345
0.691153
0.272439
0.061068
-0.335307
0.925779
-0.168188
0.917600
-0.945433
-0.953978
0.909970
-0.545640
-0.235572
-0.327494
0.077242
0.012360
0.632557
-0.463240
-0.901975
0.747490
-0.603748
0.792291
-0.507797
-0.143468
0.842830
-0.874996
-0.769768
0.791620
-0.455184
-0.818049
-0.149815
0.135289
0.827815
0.306864
0.860714
0.435774
0.036897
-0.829707
-0.790033
0.379864
-0.039766
-0.079073
0.199438
0.213233
0.082736
-0.840083
0.212806
0.386883
0.531053
-0.219459
-0.886288
-0.294534
0.064791
0.666311
0.173803
0.176672
-0.567797
0.803217
0.376019
0.994446
0.176916
-0.959105
-0.785943
0.739372
-0.814081
0.160680
0.068819
0.704520
0.385662
-0.322428
0.666433
-0.670522
-0.547655
0.134434
0.596057
0.399884
-0.856624
-0.809198
-0.665578
-0.604724
-0.099643
-0.415265
0.221717
-0.965575
-0.824091
0.388226
-0.777459
-0.895383
-0.024323
0.856075
0.339091
-0.353313
-0.804254
-0.893490
-0.810846
-0.359783
0.033601
-0.182043
-0.924741
0.060823
-0.414472
0.737968
0.279458
-0.480331
0.071078
0.957152
0.097140
-0.770074
-0.064547
0.625782
0.321207
-0.046785
0.226356
-0.489181
-0.788812
0.216468
-0.308878
0.535875
-0.510544
0.521409
-0.979675
-0.330851
0.355022
0.541795
0.648976
-0.893674
-0.378826
-0.744133
-0.748039
-0.448836
0.964232
-0.049348
0.924436
0.605701
-0.073946
0.444441
-0.207068
-0.604785
-0.863704
-0.403302
0.924436
-0.377422
0.517075
-0.157201
-0.397931
0.468245
0.860408
0.272256
-0.686209
-0.770074
-0.478927
0.269814
-0.096469
0.798639
0.233070
-0.491867
0.891171
-0.646596
0.688894
0.073702
-0.680410
0.338481
-0.416791
0.750725
0.540208
-0.980529
-0.246559
0.841670
0.514084
-0.642567
0.928709
0.092624
-0.656484
-0.193152
-0.143773
-0.740165
0.410566
-0.579394
-0.668325
0.813288
-0.549852
0.585314
-0.138157
-0.670522
0.972350
0.480514
0.895199
0.829829
-0.766350
0.474044
-0.278420
0.212500
-0.405194
-0.766228
-0.304300
-0.789666
0.357768
-0.228919
0.062960
-0.258095
0.258889
0.485763
0.115268
-0.968139
0.509873
0.728019
-0.918271
0.804498
0.975097
0.629261
0.672781
-0.961241
0.968688
-0.301126
0.143956
-0.012421
-0.229652
0.833125
-0.160192
-0.151158
-0.702078
0.327616
0.022858
-0.228431
0.357219
-0.552782
-0.398053
0.188208
-0.165563
-0.325297
0.983947
-0.071505
0.819636
0.169774
0.793756
-0.755974
-0.176000
0.647938
-0.304117
0.365093
0.376629
0.842036
0.582202
0.865902
-0.563585
-0.677908
0.448897
-0.735527
0.259133
-0.788018
0.938475
-0.153111
-0.896664
-0.068575
-0.260475
-0.325419
0.088839
0.506027
-0.596850
0.810968
-0.518967
0.068026
0.459517
0.535264
0.631520
-0.949644
-0.259926
0.581164
-0.019623
-0.084445
0.245827
0.191015
-0.018097
-0.382183
0.293924
-0.388836
0.752007
-0.062471
-0.407392
-0.815241
0.955443
0.128086
0.641408
0.371563
-0.544237
-0.654775
0.136204
0.917112
-0.209937
0.514512
-0.428510
-0.685904
0.609973
0.910825
-0.361736
-0.847285
0.156713
0.111606
0.814692
-0.193396
-0.557115
0.802850
-0.978637
0.648976
-0.883724
-0.505722
0.690298
-0.257668
0.888424
0.085604
-0.127720
-0.815363
-0.222633
0.380352
-0.328471
0.586230
0.260537
0.026765
-0.776727
-0.082247
0.367107
0.285257
0.721244
-0.992859
-0.028962
0.199011
-0.714957
0.457259
-0.953673
-0.804254
-0.878170
-0.672720
-0.764031
-0.565844
-0.840510
0.251625
0.815485
0.045503
-0.498093
0.632191
0.956908
-0.127537
-0.981323
-0.796075
-0.757500
-0.579638
-0.657033
-0.829585
-0.711905
-0.331828
0.099094
-0.548875
-0.532212
0.566271
0.066866
-0.549669
-0.423933
-0.091220
0.033906
0.705130
0.649953
-0.568468
-0.051607
0.404950
-0.631642
0.695608
-0.731681
0.383099
-0.962096
-0.644765
-0.205054
-0.521409
0.274453
0.301126
-0.765069
-0.475387
0.426313
0.339274
-0.127903
-0.598498
-0.610401
-0.929930
0.503464
0.984558
0.762017
0.983215
-0.639027
0.101047
-0.617298
0.358318
0.266579
0.528306
-0.197424
0.170202
0.704703
-0.214393
-0.730522
-0.633045
-0.984375
0.357891
-0.833857
-0.640736
0.160131
0.732780
-0.276101
0.005524
-0.669668
0.784906
0.186682
-0.851924
-0.097262
0.662648
-0.494858
-0.255287
-0.950682
0.740471
-0.314859
0.627369
-0.866451
0.332255
-0.012177
0.860408
-0.269448
-0.060213
-0.139012
0.823176
-0.047456
0.104526
-0.951903
0.566881
-0.683401
-0.037996
0.156102
0.049898
-0.272195
0.979675
-0.940489
-0.793329
-0.007294
0.185339
0.881893
-0.762261
0.736381
-0.063082
-0.794916
-0.540635
0.956908
-0.697867
-0.417646
-0.408918
0.434614
-0.367107
0.444197
-0.733757
-0.385174
-0.871090
0.891842
-0.632069
0.461715
-0.112888
-0.582812
0.925718
0.494797
0.909482
-0.532579
0.251808
-0.948119
-0.327921
-0.411481
-0.502182
-0.777520
0.119785
-0.768792
0.832759
-0.664968
-0.166295
-0.436445
-0.113987
-0.124119
-0.335368
0.767510
-0.535691
-0.830988
0.079806
-0.412580
0.110752
0.113742
0.665273
-0.177526
-0.952086
0.168737
0.420698
0.254738
-0.214454
0.480941
-0.449263
0.781426
-0.248268
0.841365
0.373211
-0.394818
0.309427
-0.955016
0.843501
0.439192
-0.811579
-0.286721
-0.583422
-0.549181
-0.978576
-0.058565
0.186010
-0.808100
-0.620106
0.107028
0.684805
-0.907834
0.343486
0.244484
0.097018
0.470199
0.320780
0.788018
-0.889218
0.785089
0.704215
-0.506638
0.182470
0.943968
-0.229286
0.371868
0.776238
0.449324
0.021149
0.404645
0.183325
-0.562120
-0.443464
-0.886532
0.793756
-0.055940
0.554552
0.609119
-0.572436
-0.141514
-0.615101
-0.917539
0.863155
-0.116184
0.311808
0.329081
-0.816279
0.740043
0.553819
0.516404
0.626942
0.864010
0.425398
0.503708
0.597156
0.444258
-0.640309
-0.851497
0.620411
-0.043611
0.882260
0.691092
-0.207251
-0.166051
-0.795831
-0.878964
-0.661306
0.126072
-0.378887
-0.297037
0.938292
0.035005
-0.786737
-0.404889
0.074557
0.052278
0.400555
0.392132
0.392804
-0.627857
-0.201453
0.845759
0.518662
-0.633656
-0.435408
0.663198
0.174291
-0.661000
-0.268166
0.819941
0.821589
-0.925657
-0.864132
-0.653737
0.306986
0.646290
-0.430097
-0.420087
-0.626209
0.248024
0.731986
-0.739982
-0.595874
-0.484481
0.395550
-0.152501
0.009674
-0.576708
-0.013215
0.958434
0.974609
0.296182
0.932676
0.457015
-0.645558
-0.020112
0.665029
-0.433576
-0.108798
0.524644
-0.895993
-0.168615
0.241005
0.896481
0.298196
0.643971
0.124485
-0.590442
0.901669
0.404584
-0.200354
-0.467574
-0.406598
-0.665639
0.651845
0.953246
-0.496200
0.266091
0.327860
-0.213172
-0.719474
0.796808
-0.790887
0.181921
0.893124
0.080050
0.980346
-0.973632
0.525925
-0.783807
-0.651723
0.931639
0.449324
-0.874508
0.917905
-0.479293
0.938047
-0.372600
0.585070
0.017304
0.327799
0.086825
0.741997
-0.024018
0.283242
-0.932188
0.352519
-0.005402
0.267312
-0.157506
-0.306558
-0.345378
-0.016877
0.272866
0.955199
0.184973
0.245460
-0.651723
-0.921384
0.279153
-0.682546
0.716300
0.431257
-0.903012
0.970641
0.243751
-0.448897
0.001190
-0.521714
0.665822
0.807733
-0.650563
0.846065
-0.674184
0.824824
-0.819575
-0.964049
0.593310
0.492538
-0.646474
-0.219764
-0.270363
0.429914
0.713248
0.626331
0.143590
0.657155
-0.534471
0.398236
-0.291055
-0.933409
-0.281045
0.382733
-0.880428
-0.638539
0.913205
0.635914
0.527573
-0.237526
0.918455
0.018097
-0.210181
0.770684
-0.437971
-0.716300
-0.318827
-0.961425
-0.320536
-0.774773
-0.884884
-0.692984
-0.513047
0.508652
-0.977905
-0.632313
-0.972839
-0.495224
0.911557
-0.139866
0.971007
0.439009
0.855281
-0.884701
-0.487838
0.001434
-0.662465
0.798334
0.326640
0.139134
-0.680349
-0.336528
0.015473
-0.544176
-0.814631
0.466231
0.626331
0.921690
0.687857
-0.516770
0.841243
0.931394
-0.613941
0.032929
-0.615833
0.287454
-0.658681
-0.583422
0.252846
-0.548509
-0.100436
-0.357463
-0.859737
-0.892087
0.923460
0.527085
-0.960265
-0.560167
-0.432173
0.893368
-0.431196
-0.405988
0.108615
0.921934
0.295328
0.284524
-0.329875
-0.157628
0.980956
0.965148
0.800348
0.247841
-0.834651
-0.850826
-0.073763
0.442610
-0.500168
0.727348
0.537217
0.376568
-0.789056
0.506211
0.093661
0.987609
-0.147740
-0.135594
0.093051
0.890011
0.805292
-0.060335
-0.069552
0.551073
-0.294900
0.639393
-0.770745
-0.985412
-0.372356
-0.153722
0.932066
-0.991699
-0.250710
-0.188818
0.009186
-0.052217
0.500412
0.198035
0.299112
0.791314
0.096530
0.547899
-0.769646
-0.063265
-0.715201
-0.898068
0.239357
0.189123
-0.316202
0.133335
0.969359
-0.402142
-0.637806
0.344157
0.860775
-0.673086
-0.365337
-0.037141
0.173803
-0.987060
-0.406659
-0.183081
-0.741325
-0.169897
0.857051
-0.452071
0.137364
0.204138
0.660573
-0.224464
-0.955077
0.059542
-0.954588
0.920408
-0.696097
0.403729
0.992065
-0.868038
-0.640126
-0.373760
0.181921
0.507553
-0.249489
-0.412702
-0.404157
0.278115
0.685476
0.809687
-0.353862
-0.375042
0.221473
-0.752922
-0.785455
0.843928
-0.917417
-0.879940
0.096408
0.849422
-0.208106
0.614917
0.134251
-0.238685
0.984863
-0.238746
0.948729
-0.582507
0.621632
0.710929
0.713370
0.212622
-0.966491
0.288430
0.395978
0.506333
0.657643
-0.397443
0.987487
-0.555589
-0.109836
0.468795
-0.687735
-0.035798
0.295206
-0.200171
-0.509323
0.164769
-0.199561
-0.846065
0.449995
-0.992492
-0.789178
-0.842708
-0.500351
-0.897336
0.534104
0.071383
0.832942
-0.626331
-0.898740
-0.139622
-0.579028
0.108554
0.782647
0.989380
0.289224
-0.145726
0.045198
0.267678
-0.300333
-0.528062
-0.419172
-0.556078
0.302469
0.008332
-0.801874
0.020295
0.592822
-0.981262
-0.185583
-0.546617
0.061556
-0.926389
0.312906
0.657826
-0.908872
0.561632
-0.230323
-0.984436
-0.768914
-0.268715
0.723991
0.693350
0.276833
0.356548
-0.991882
0.222816
0.473067
-0.626453
-0.625111
-0.209998
-0.721061
0.167638
0.172643
-0.886166
0.256142
0.314371
0.963927
-0.881222
0.621021
0.014313
0.817621
0.424421
-0.099277
0.377728
-0.895322
-0.365276
0.155126
-0.486801
-0.202002
-0.996582
-0.415510
-0.313456
0.260048
-0.597095
0.258889
0.755547
0.752434
0.566881
0.482467
-0.722587
0.221168
-0.684072
0.105319
-0.425275
0.622913
-0.175390
0.590686
-0.570055
0.888974
-0.244850
-0.387921
0.444014
0.108005
-0.679250
0.019684
0.082308
0.613025
-0.661977
0.601672
0.265053
0.206763
-0.571398
-0.765496
-0.687735
0.033052
0.836848
-0.653859
-0.613697
0.505417
0.720695
0.857784
-0.739067
-0.465560
-0.031953
0.673635
-0.245705
-0.111728
0.418806
-0.097507
0.067965
-0.722526
-0.044588
-0.268349
-0.278298
-0.133213
-0.942259
-0.800226
0.904965
-0.900449
-0.006378
-0.820124
-0.600085
0.149815
0.150365
-0.835810
0.774163
-0.670095
-0.700064
-0.354289
0.283975
-0.229652
0.391644
0.921812
-0.754814
-0.359722
-0.324198
-0.364299
-0.825251
0.958861
-0.660451
-0.492477
0.481796
-0.234779
-0.564989
0.030183
-0.438093
0.710379
-0.538377
0.750664
0.566759
0.083102
-0.604480
-0.149022
-0.398602
-0.093051
0.786798
0.887509
0.128330
0.784417
-0.707694
-0.357707
-0.677786
-0.191748
0.387066
0.308939
-0.774651
0.045808
0.921018
0.462691
-0.798639
-0.179296
-0.326395
-0.340434
0.845943
0.163060
0.493515
-0.648000
0.575243
0.007538
-0.486496
0.044282
0.289407
0.729606
0.966613
0.715934
0.181005
-0.388165
-0.482894
0.447676
0.886593
-0.785333
-0.946654
0.783685
-0.798334
0.976806
-0.496506
-0.760613
-0.661000
-0.884457
0.469222
-0.192419
-0.354106
-0.116733
-0.023103
-0.009674
-0.945921
0.868526
-0.475448
-0.521165
-0.215857
0.368206
-0.563890
0.183996
-0.384136
0.899350
0.033906
0.271401
0.435347
0.925291
-0.607410
0.581408
-0.926572
0.521409
0.386883
0.741935
0.154271
-0.321451
-0.106967
-0.216712
0.200293
-0.065584
-0.983764
-0.705985
0.366314
0.360393
0.222755
0.574450
-0.345073
0.137181
-0.851009
-0.777154
0.748283
-0.264443
-0.459517
0.338420
0.074618
0.395123
0.165990
-0.819391
0.786615
-0.480758
0.081881
0.518479
-0.500412
0.764153
-0.055513
0.416974
0.023957
0.723319
-0.750908
0.782586
-0.519944
-0.068941
0.216468
0.134068
0.030610
-0.932066
-0.721854
0.863704
0.148228
0.226173
0.722098
-0.712210
0.683218
0.177953
-0.579821
-0.558092
-0.981017
0.268410
0.847957
0.250160
-0.120579
-0.294656
0.049776
0.044588
0.343547
0.166906
0.834407
-0.395428
-0.421430
-0.414838
0.933958
0.265175
-0.971557
0.414167
-0.052828
-0.598437
-0.221595
-0.979675
-0.905759
0.824885
0.304971
0.453413
-0.777093
-0.542589
0.826472
0.936033
0.551439
-0.194861
0.094638
-0.231483
-0.948119
0.678274
0.058016
-0.132786
0.661306
-0.240211
-0.560656
-0.024567
-0.236976
0.555712
-0.687002
0.005951
-0.651479
0.327860
-0.036348
0.722221
0.431013
0.525559
0.780816
0.463301
0.429670
-0.950926
0.119541
-0.207312
-0.438948
0.008148
0.730033
0.993225
0.059725
-0.809320
-0.877987
-0.858943
-0.695425
-0.683828
-0.191198
-0.249245
-0.573595
-0.583850
0.011750
0.264138
0.013703
-0.884030
0.256508
0.168310
-0.986633
0.377422
0.577807
-0.555162
-0.769768
-0.782098
0.620472
-0.960997
0.372906
0.861446
0.116794
0.677602
0.255470
-0.736564
-0.338481
-0.742973
0.470748
-0.111606
0.806330
-0.328104
-0.951292
0.330180
-0.753410
0.464583
0.951598
-0.282144
0.402875
0.365215
0.464949
-0.046480
0.129429
0.790582
0.289895
-0.229774
0.064791
0.100192
0.818903
0.494797
0.940855
0.356670
-0.276833
-0.689322
-0.584521
-0.981567
-0.722343
0.186865
0.465255
-0.695669
0.115329
-0.759880
-0.867428
0.982849
0.548936
-0.304788
-0.034211
0.528672
-0.324259
-0.291055
-0.293741
-0.804010
-0.274758
0.411786
-0.398114
0.799982
-0.547655
0.715384
-0.211158
0.435041
0.024934
0.752373
-0.043611
-0.390912
0.528550
0.519089
-0.326334
0.208960
0.287454
-0.307840
-0.850581
0.102329
0.510056
-0.007782
0.440352
0.986023
0.549364
0.503647
-0.344829
0.097446
-0.372723
-0.441694
0.459090
0.116977
0.927427
-0.323893
0.300455
0.687063
-0.457991
-0.392682
0.612476
-0.766655
0.469649
0.131809
0.636952
-0.859493
0.783197
0.478744
-0.113498
-0.512436
0.605823
-0.272622
-0.021577
-0.455672
0.001434
-0.150243
0.435774
-0.375347
0.598926
0.762505
0.863521
-0.572985
-0.397565
-0.705741
-0.387555
0.721671
-0.908506
0.821894
0.525254
-0.855403
0.060518
0.282266
-0.211707
0.108554
-0.444441
-0.665883
-0.905576
-0.837947
-0.829279
0.244850
0.687002
-0.586901
0.325968
-0.484054
-0.770257
0.938414
0.908383
0.806879
-0.211707
0.820124
0.737968
0.061190
-0.275674
0.245155
0.519517
0.623951
0.817743
-0.491623
0.266396
-0.534104
-0.432783
-0.098117
-0.484298
0.808771
-0.165441
0.630360
-0.105869
0.906858
-0.805292
-0.681509
0.909421
-0.501938
0.549669
0.009857
0.154881
-0.332865
-0.510178
-0.777642
-0.645924
-0.832698
0.412763
-0.460005
-0.393353
0.847591
0.367290
-0.471297
-0.886837
-0.103610
-0.928953
-0.543199
-0.805231
0.262734
0.511399
-0.452925
0.900510
0.586779
-0.399396
-0.752068
0.991638
0.569811
0.134983
-0.735588
-0.958922
0.641041
-0.577319
-0.730644
-0.741569
-0.676504
-0.704642
0.180822
0.802484
0.063631
-0.339274
0.564867
-0.981140
-0.202002
-0.226112
-0.302591
0.657155
-0.923093
-0.513230
-0.073458
0.071749
0.283303
-0.406598
0.229286
-0.221290
0.799493
0.874264
0.915464
0.639698
-0.024384
0.510605
-0.051057
0.007355
-0.764946
-0.130711
-0.580981
-0.968139
-0.166478
0.951476
0.656667
0.514084
-0.982910
-0.176611
0.002228
-0.411786
-0.972228
-0.790826
0.642689
-0.297098
-0.961669
0.428083
0.935484
0.006317
0.448225
0.960814
0.643910
0.019257
-0.924741
-0.120579
0.207556
-0.242225
-0.242714
-0.196631
-0.103488
0.250526
0.638966
0.716178
0.468490
-0.916684
-0.161718
-0.902585
-0.138951
-0.025605
-0.450240
-0.735405
0.425764
-0.431990
-0.713858
-0.961852
-0.366008
0.193213
-0.291665
-0.538316
0.263710
-0.644093
-0.173070
-0.653005
-0.791498
-0.458663
-0.638478
0.285684
0.148473
-0.328532
-0.605701
0.283120
0.208289
-0.751762
-0.394818
0.043306
-0.411603
0.822138
0.422163
-0.125950
-0.233619
0.116245
0.389935
0.585559
-0.332072
-0.623585
0.570544
-0.066073
-0.390790
0.701285
0.126438
-0.970397
-0.984497
0.621509
-0.415448
-0.567186
-0.121311
-0.935667
-0.779290
-0.141697
0.932676
0.161962
-0.044649
0.801813
0.028657
-0.830195
-0.599231
0.293985
-0.929258
-0.908444
0.877865
0.578478
-0.779534
-0.227088
-0.378155
0.016449
-0.769341
-0.929991
-0.189062
-0.562914
0.951170
-0.259987
0.413251
0.138890
-0.250160
-0.778924
-0.082492
0.738456
0.440291
-0.210120
-0.425031
0.566637
0.703787
0.900571
0.064486
-0.733879
0.177526
0.500534
0.880001
0.154088
-0.852657
-0.957396
-0.709891
0.045930
0.282571
-0.284341
-0.211158
0.233070
-0.602893
0.911740
0.723014
-0.083285
0.328043
0.312845
0.155370
-0.273049
0.395550
0.192358
0.044221
0.985351
0.243934
-0.047456
-0.234718
0.400555
0.596484
-0.286966
-0.448225
0.607471
-0.615406
0.551622
0.352214
-0.426374
-0.176855
-0.615040
-0.861507
0.061190
-0.512192
-0.242653
0.137242
-0.187292
0.612476
-0.783624
0.490097
0.903073
0.389386
0.920347
-0.189489
-0.252541
-0.799371
-0.003876
-0.235511
-0.799738
0.034333
0.961241
-0.380657
0.899411
-0.260720
-0.413495
0.235206
-0.858150
-0.016083
0.317118
-0.550645
0.444502
-0.167821
0.065523
-0.267983
0.795160
-0.071932
-0.007721
0.881893
0.121372
-0.715629
-0.414045
0.007416
0.541002
0.676870
0.522935
0.862545
-0.288491
0.452071
0.969359
-0.387249
0.146214
0.555589
0.658620
-0.960936
-0.042756
-0.500717
0.063143
-0.111057
0.338237
-0.516709
-0.680715
0.770379
-0.890744
-0.328227
0.528428
-0.477157
0.411725
0.015656
0.004364
0.810480
0.274514
0.665090
-0.517258
-0.864620
-0.931639
-0.181799
0.375591
-0.996948
0.482162
-0.475326
0.639088
-0.367901
0.727470
-0.702322
0.741752
0.754631
0.644093
0.760674
0.322611
0.614490
0.066378
0.462264
-0.211829
0.605090
0.922422
-0.870907
-0.245827
0.655812
0.364116
-0.786431
-0.307840
0.132359
0.531175
0.460677
0.030915
-0.320597
0.147557
0.840571
-0.279702
-0.360393
-0.623402
0.192785
0.577563
0.401593
-0.661061
-0.678701
0.138707
0.830866
0.682180
0.457015
0.314676
-0.542528
-0.222022
0.228492
0.038179
-0.866451
0.482345
0.572497
-0.080966
0.669790
0.586169
-0.371136
-0.753044
-0.553636
-0.672048
0.982238
0.752434
-0.982971
0.384930
-0.445845
0.215674
-0.859859
0.896420
-0.716788
0.302225
-0.239418
0.208655
-0.777886
-0.250954
0.085360
0.631825
-0.216834
-0.804682
-0.086947
0.060274
-0.072909
0.965453
-0.782403
-0.453047
0.444319
-0.339335
0.888424
-0.431013
-0.939329
0.938902
0.282327
0.400555
-0.648549
-0.924558
0.436079
0.641591
0.975036
-0.864681
-0.267434
0.247902
0.449995
0.641591
0.582873
0.314005
0.566637
0.711112
-0.282327
-0.614368
0.856380
-0.616443
0.055208
0.390301
0.185278
-0.048311
-0.623768
0.593005
0.623585
0.602100
-0.709769
-0.631031
0.265297
0.338237
0.684194
0.550829
0.333232
0.484542
-0.087130
0.508347
0.303323
0.272988
0.144261
-0.885861
0.192785
-0.786737
0.304178
0.400678
0.010773
0.999145
0.745903
-0.385296
0.233619
-0.293863
-0.593616
0.802850
0.270302
0.227699
0.597766
-0.465255
-0.940855
-0.751335
-0.748650
-0.278481
-0.753533
0.622608
-0.955138
0.130100
0.807367
0.316019
-0.508469
0.960936
-0.987854
-0.625660
-0.705496
0.047334
-0.006134
-0.808283
0.309732
0.762627
0.593188
0.414289
-0.578661
-0.472579
0.627857
0.921751
0.900571
0.846065
0.686270
0.174169
0.616871
-0.650014
0.295389
-0.171117
-0.173070
0.379925
0.184484
-0.498032
-0.840815
0.889035
-0.548936
0.496872
-0.564867
0.167272
-0.635426
0.881527
-0.520798
0.540452
-0.488998
-0.460982
0.599963
0.646352
0.947020
-0.046419
0.835505
-0.563768
0.950499
0.946471
-0.010224
0.097995
0.102329
-0.323344
0.022858
0.523972
-0.983581
0.154881
0.806207
-0.011689
0.462020
-0.476180
-0.156896
-0.736015
0.548509
0.176061
-0.856807
0.455061
-0.303690
-0.178014
-0.966674
0.288980
-0.411359
-0.590991
0.506760
-0.191015
0.375286
0.298807
-0.228065
0.718436
-0.268899
-0.726188
-0.247414
0.386212
-0.093417
-0.244911
0.219947
-0.647816
-0.457747
-0.087130
-0.061251
-0.132969
-0.626759
0.749626
0.571703
-0.602893
0.076266
0.494552
0.695364
-0.699759
-0.961913
-0.632008
0.297769
-0.696585
0.945982
-0.327189
0.353191
0.674917
-0.372356
0.615833
-0.677908
-0.813410
-0.744804
0.977783
0.869442
-0.767449
-0.967650
-0.445540
0.216895
0.171178
0.168004
-0.063875
0.548753
0.848384
0.886654
-0.244240
-0.362346
0.906674
0.882809
-0.985107
0.860408
-0.480697
-0.751701
0.761223
-0.661916
-0.157750
0.647389
0.936155
0.966735
0.111667
-0.610218
-0.572130
-0.338908
0.300638
-0.080477
-0.888180
-0.281045
0.244118
-0.893918
0.852901
0.940184
0.378338
0.136265
0.444685
0.103183
-0.162816
0.614978
-0.847163
-0.130467
0.377239
-0.064730
-0.352031
0.789422
-0.246864
-0.666250
0.413373
0.029511
0.687735
0.847163
0.663930
-0.778314
0.666128
-0.725639
-0.811029
0.918394
0.627796
0.439802
-0.505905
-0.546068
0.932493
0.572130
-0.873470
0.622181
0.095737
0.697073
0.576220
0.967406
-0.330607
0.711295
0.524461
0.902951
-0.921140
-0.607532
0.901669
-0.270180
0.452681
0.139195
-0.521714
-0.319010
-0.796075
0.926817
0.030366
0.478561
-0.525254
0.491501
0.109409
-0.639332
0.320170
0.041780
0.322367
-0.291421
0.101413
0.447798
0.629261
0.785211
0.976867
0.044954
0.141758
-0.510239
0.267617
0.074862
0.441694
0.424848
0.498642
0.183386
-0.631642
0.552660
0.142186
0.643422
-0.643849
-0.116733
-0.113010
-0.781610
0.364788
-0.936522
0.314249
-0.888058
0.723380
-0.604602
0.789972
-0.658071
-0.820612
0.878414
-0.928098
-0.348857
-0.439070
0.011139
0.555284
0.205237
-0.877499
0.347148
-0.403851
-0.571825
0.860775
-0.531602
0.696280
0.928037
0.208716
0.006317
-0.342143
0.451460
0.848140
0.701956
0.865291
-0.421125
-0.790704
0.784722
0.122898
-0.782220
0.301187
-0.534349
-0.709891
-0.507553
0.546251
-0.687735
0.349345
0.182836
-0.894589
0.219886
0.729728
-0.408551
0.715201
-0.495102
-0.601062
-0.221290
-0.294656
-0.045747
-0.668569
-0.852290
0.411664
0.772271
-0.317972
-0.248451
0.122166
-0.553392
-0.136265
-0.361248
-0.277261
-0.344401
0.997314
-0.905820
-0.359722
0.091159
-0.542589
0.108554
-0.232521
0.873470
0.051363
-0.131748
-0.186010
0.609119
-0.388165
-0.012421
-0.073885
-0.486190
0.558519
-0.684011
-0.590320
0.198340
-0.453597
0.734977
-0.611805
0.080538
-0.991577
0.801508
-0.405011
-0.159642
0.227515
0.554186
0.329325
-0.627430
0.577136
-0.561815
0.219398
0.000641
0.540269
0.732658
-0.867977
-0.940123
-0.336650
0.307657
-0.903317
0.147923
-0.907407
-0.315348
0.317850
-0.213050
0.918394
0.820673
-0.114780
0.815119
-0.384869
-0.503159
-0.824458
0.363018
-0.076632
-0.421796
0.310160
0.621937
-0.800287
0.718863
-0.162633
0.586901
0.277139
0.169286
-0.644642
-0.981017
0.604236
0.082247
-0.268410
-0.684500
-0.449507
-0.194739
-0.897641
0.243751
0.194861
-0.625904
0.210242
-0.247841
0.863582
-0.562853
-0.028779
-0.081332
-0.623096
0.657704
0.046724
-0.977905
0.727531
0.633534
0.448286
0.380657
-0.215979
0.576769
0.324259
0.206458
0.556749
-0.598071
-0.408063
0.355876
-0.233802
0.987121
0.923215
0.096469
0.044893
0.352886
