0.304910
-0.172094
-0.851985
-0.145116
-0.573351
0.694632
0.935301
0.908261
-0.673940
0.466353
0.009674
-0.409223
-0.623951
0.184301
-0.579211
-0.787225
0.562914
0.674368
-0.432905
0.030854
0.069002
-0.505234
-0.447798
-0.651051
-0.726005
0.143956
0.045198
-0.560595
0.939512
0.726859
0.226661
0.237587
-0.259926
-0.555040
0.812799
0.964599
-0.139744
0.677602
-0.096164
-0.638905
-0.596606
-0.041108
-0.505417
0.270486
0.864620
-0.289163
-0.910764
-0.188208
-0.751762
-0.440413
-0.890072
0.346355
0.048250
-0.358684
0.406964
-0.829829
0.341960
-0.970214
-0.355022
-0.207007
-0.454146
-0.853267
0.281655
-0.629017
0.478317
-0.654714
0.380963
-0.396832
-0.431074
-0.496445
0.813349
0.377056
0.721366
0.352458
-0.350261
-0.957152
0.643849
0.188940
-0.131932
-0.352702
0.329569
-0.690970
-0.203223
0.726615
-0.472152
0.315836
0.878231
-0.148412
-0.069918
0.152318
0.153966
-0.627674
0.966552
-0.444807
-0.547044
0.106052
-0.294229
-0.995605
0.761467
0.911802
-0.571337
0.969970
-0.883786
0.388897
-0.899716
-0.228248
0.173925
0.066378
0.055330
-0.823664
-0.766961
-0.375591
-0.682546
0.547716
0.071871
0.672353
-0.315836
-0.793817
0.902707
-0.240883
0.097812
0.168004
0.150426
0.466903
0.038789
-0.173742
-0.769463
0.932676
-0.210974
-0.207678
-0.913816
-0.947508
0.002411
0.734733
-0.394208
0.189184
0.672781
-0.424604
-0.912717
-0.125462
-0.714652
-0.698233
0.358562
0.855953
-0.936033
0.341899
-0.253883
0.184179
0.833735
-0.629444
0.434797
-0.861446
-0.859127
-0.869198
-0.427656
0.602222
0.663747
-0.747307
-0.460555
0.257729
-0.030122
0.556261
-0.041841
-0.742546
-0.131443
0.046968
-0.047029
-0.552232
-0.256569
0.801935
-0.994201
0.275430
0.887082
-0.843196
-0.549852
0.151708
0.165075
-0.449019
0.647206
0.214881
0.267006
-0.623402
-0.326334
-0.012482
0.459273
-0.152196
-0.458480
0.892697
0.136570
0.873775
0.307840
-0.889340
0.619007
0.722648
0.159581
-0.625172
-0.818171
-0.126560
0.795343
0.954283
-0.972045
0.071383
-0.830134
0.873470
-0.735954
-0.893307
-0.505966
-0.966185
0.644398
-0.438704
-0.394391
0.004730
-0.838679
-0.112949
-0.272988
0.585009
0.619373
0.136753
-0.299478
-0.930906
-0.461043
-0.636769
0.991882
0.311319
-0.193152
0.720145
0.915281
-0.317728
-0.751762
-0.654775
-0.355388
0.874996
0.611438
0.137608
-0.550096
0.367046
-0.344340
-0.320231
-0.807184
0.931761
0.898068
0.432783
-0.468856
0.076022
-0.817499
-0.060762
0.502426
0.101657
0.181127
-0.451277
0.256508
0.701590
0.414045
0.421369
0.199072
-0.869015
0.779473
0.522385
0.922666
-0.967772
0.391522
0.631947
-0.066744
0.746452
-0.771294
0.895199
-0.127781
-0.674184
0.293619
0.421003
0.801141
0.924558
-0.719047
0.760796
-0.271828
-0.275185
-0.596545
0.998169
-0.040254
-0.373821
0.574328
0.527451
0.715873
0.559801
-0.031281
-0.405988
-0.988769
-0.189428
-0.204688
-0.915464
-0.988403
0.950987
0.299112
-0.876339
-0.161596
0.747368
-0.482406
-0.623707
-0.117649
-0.324381
0.966918
-0.893185
-0.430342
-0.111606
-0.696219
-0.732047
-0.501572
-0.095676
-0.988952
0.009308
0.558397
0.446455
-0.427900
0.063265
-0.672964
-0.989319
0.507431
0.882199
-0.207190
-0.659230
-0.816950
-0.324503
0.949583
0.386517
-0.718863
0.016694
0.665090
-0.487960
-0.717826
0.546800
-0.778985
0.944334
0.496078
0.180395
0.348430
0.814264
-0.957884
-0.277749
-0.328043
0.342204
0.782708
-0.134739
-0.057711
0.717582
0.776543
0.359294
0.953307
-0.706900
-0.592761
-0.807794
-0.775201
-0.327372
-0.296731
0.630909
-0.605152
-0.589587
-0.977111
-0.684927
0.790216
-0.637379
-0.336100
0.652272
0.737175
-0.801752
0.330485
-0.068331
-0.607471
0.970946
0.951842
0.471786
-0.009125
0.806146
0.972472
-0.029023
0.690115
0.730461
0.720878
0.118625
-0.768731
0.518479
-0.664968
0.921812
-0.352153
-0.319437
-0.951292
-0.610340
0.476119
0.020539
0.167516
0.986206
-0.737907
-0.537889
0.152074
-0.216773
0.589770
-0.851497
-0.990173
0.377239
0.541490
-0.685598
-0.359172
-0.044343
-0.332987
0.365459
-0.826533
-0.699515
0.157018
-0.301553
0.288858
-0.323222
-0.863521
0.507431
0.238014
-0.780084
-0.603015
-0.062410
-0.342448
0.832575
0.433515
0.720817
-0.051241
-0.155736
0.829157
-0.751823
-0.840510
0.687002
0.451765
0.951598
0.513291
0.789178
-0.426618
0.749931
0.505539
-0.315348
-0.565416
0.279092
0.784234
0.481552
0.511887
0.391095
0.672048
-0.889462
0.371441
-0.634205
0.182958
0.296487
-0.416242
0.238502
-0.944090
-0.572558
-0.373577
-0.530931
0.238746
0.183691
-0.332987
-0.666494
-0.980834
0.584155
0.213721
-0.587573
-0.192541
-0.320963
-0.836299
0.960997
-0.982910
0.720389
-0.034883
-0.302713
-0.897214
-0.856563
0.633900
-0.676138
0.860714
0.643300
0.145787
0.221595
0.296976
0.029023
-0.408734
-0.788812
0.821284
0.852168
0.737724
0.033601
0.526902
-0.268960
0.421857
-0.438093
-0.209815
-0.993835
0.706717
0.954588
-0.492111
0.969481
0.833308
0.505478
-0.227027
0.437300
-0.314066
0.119053
0.016022
-0.250954
0.706229
-0.689077
-0.669546
0.144749
-0.988464
-0.244728
-0.603687
-0.250526
-0.792535
-0.635304
-0.052889
-0.161046
0.913388
-0.965026
-0.075289
0.079867
-0.681265
0.025239
-0.621570
-0.038362
-0.974181
0.205298
0.771722
0.251381
0.648793
0.230079
0.689322
0.200049
0.613025
0.402387
-0.446211
0.844295
0.840815
-0.350566
-0.323466
-0.631642
0.933897
-0.503891
0.505356
-0.450545
-0.161168
-0.775994
-0.072115
-0.780023
-0.622974
0.564562
0.347942
-0.318583
0.020356
0.285501
0.298135
0.822504
-0.147191
0.432600
0.136448
-0.487045
0.944456
0.873043
0.559435
0.292642
-0.510727
-0.300394
0.190771
-0.036103
0.961791
-0.391034
-0.568651
-0.925474
0.438520
-0.879147
-0.878719
0.556200
0.981811
0.286050
-0.171361
-0.287027
0.590258
0.596301
-0.753777
-0.704215
0.292093
-0.720756
-0.542711
-0.430525
0.685171
-0.347575
-0.574938
-0.477218
0.431806
0.544237
0.203711
0.339702
-0.299234
-0.719108
0.489242
-0.945677
-0.742973
-0.133213
0.982177
0.196509
0.813044
-0.787530
0.953246
-0.760247
0.440901
0.519272
0.444990
0.863338
-0.569384
-0.204688
-0.912839
-0.946348
-0.952208
-0.239174
-0.457930
-0.046419
-0.363140
0.691885
-0.132420
-0.465194
0.602893
-0.915036
-0.290994
0.402264
-0.881161
-0.542467
-0.982116
-0.410749
-0.636525
0.704337
-0.897214
-0.294412
-0.420759
-0.461104
-0.670339
0.606983
-0.746147
-0.177404
0.516526
-0.469527
0.798212
-0.836543
0.519578
0.199499
0.004608
-0.783441
-0.975097
0.377300
-0.473556
0.658315
-0.363933
-0.050874
0.702689
-0.563036
0.362529
-0.807917
-0.985839
-0.734367
-0.736198
0.832636
-0.413312
-0.030061
-0.438276
-0.090854
0.584887
0.160802
0.974609
-0.614124
-0.425214
0.553209
-0.326640
-0.331523
0.666494
0.202673
0.777276
0.546007
0.986694
-0.207862
0.936094
-0.883175
0.346721
0.724052
-0.059786
0.647633
0.634144
-0.531785
-0.676687
0.012848
0.005829
0.078402
-0.457808
0.604297
0.898740
-0.063570
0.554735
0.233070
-0.164525
0.615345
-0.822748
-0.269692
-0.252174
0.846370
0.719291
-0.646535
-0.967772
0.253639
-0.160192
-0.521775
0.540086
-0.135655
-0.139195
-0.230323
-0.622547
-0.323099
-0.349834
0.312357
0.702506
-0.531541
0.994079
0.226844
-0.682058
-0.806269
0.136326
0.200476
-0.884274
0.303140
0.485397
-0.742424
-0.837214
0.735466
-0.806574
-0.126865
-0.019379
0.116977
0.836421
-0.451521
-0.827509
0.957640
-0.634083
0.748955
-0.546983
0.090243
0.038057
-0.117527
0.715201
0.640553
0.786981
-0.285318
-0.707266
-0.681570
-0.128697
0.108432
-0.223243
-0.583605
0.859004
-0.785089
-0.263710
-0.233192
-0.902524
-0.971679
-0.082980
-0.510117
-0.610462
0.476730
0.944884
0.051546
0.697073
-0.689749
-0.555162
0.311930
-0.958251
-0.433943
0.167577
-0.569506
0.661672
0.326090
-0.550768
-0.539171
0.469710
0.116062
0.053316
-0.361064
0.577136
0.957945
0.018220
-0.504868
-0.314798
0.106845
-0.079318
-0.303323
0.414777
0.809259
0.643178
-0.193152
0.883236
0.889279
-0.070589
-0.120273
0.738273
-0.581530
-0.654469
-0.032258
0.020356
0.015656
0.896420
-0.749382
0.502060
-0.468917
0.271584
0.039216
0.621509
-0.720573
0.106235
0.316324
0.909726
0.078463
-0.970336
-0.096164
0.560350
0.192541
-0.057405
0.350993
-0.285623
-0.709342
-0.112888
-0.937925
-0.488998
0.394086
0.013215
0.211158
-0.758354
0.041963
-0.617481
0.363323
0.245766
-0.741997
0.976135
0.097201
0.580065
0.777520
-0.195166
0.149327
0.336283
0.242897
0.663381
-0.024140
0.582812
0.788141
-0.762871
-0.003449
0.033601
-0.703177
-0.883175
0.394269
-0.465743
-0.322672
0.586047
0.728996
0.027985
0.011383
-0.551195
-0.144627
-0.213660
-0.037568
-0.617847
-0.647877
-0.210181
-0.478011
-0.700735
-0.409589
0.490768
-0.554491
-0.800958
0.752434
-0.836299
-0.773309
0.435713
-0.147801
-0.796625
0.070345
0.691153
0.272439
0.061068
0.529283
0.925779
-0.168188
-0.463729
-0.421796
-0.953978
0.909970
-0.545640
-0.349773
-0.327494
0.077242
0.012360
0.632557
-0.463240
-0.883663
0.747490
-0.603748
0.792291
-0.507797
-0.882565
0.842830
-0.601856
-0.769768
0.791620
-0.455184
-0.199866
-0.149815
0.135289
0.827815
0.306864
0.860714
0.435774
0.405744
-0.829707
-0.790033
0.379864
-0.039766
0.336589
0.199438
0.213233
0.082736
-0.298379
0.212806
0.386883
0.531053
-0.621143
-0.886288
-0.294534
0.064791
0.666311
0.173803
0.176672
-0.567797
0.803217
0.376019
0.994446
0.176916
-0.959105
-0.264626
0.739372
-0.643605
0.160680
0.068819
0.704520
0.385662
0.834590
0.666433
-0.670522
-0.547655
-0.888485
0.596057
0.399884
-0.856624
-0.809198
-0.665578
-0.604724
-0.099643
-0.415265
0.221717
-0.965575
-0.824091
0.388226
-0.777459
0.493271
-0.024323
0.812189
0.339091
-0.353313
-0.804254
-0.893490
-0.810846
-0.359783
0.033601
-0.053133
-0.924741
0.060823
-0.414472
0.737968
0.279458
-0.439375
0.071078
0.957152
0.097140
0.001312
0.190466
0.625782
0.321207
-0.046785
0.226356
-0.820917
-0.788812
0.216468
-0.308878
0.430158
-0.510544
0.521409
-0.640797
-0.330851
0.355022
0.541795
0.648976
-0.893674
-0.378826
-0.744133
-0.748039
0.554552
0.964232
-0.049348
0.924436
0.605701
-0.073946
0.444441
0.330241
-0.604785
-0.863704
-0.403302
0.924436
-0.377422
0.517075
-0.157201
-0.397931
0.360698
0.860408
-0.193396
-0.686209
-0.770074
-0.478927
0.269814
-0.096469
0.798639
0.233070
-0.491867
0.891171
-0.646596
0.688894
0.073702
-0.680410
0.338481
-0.416791
0.750725
0.540208
-0.980529
-0.246559
0.841670
-0.291238
0.284890
-0.416364
0.092624
-0.656484
-0.193152
-0.143773
-0.953185
0.410566
-0.579394
0.305765
0.813288
-0.549852
0.122898
-0.138157
-0.670522
0.972350
0.480514
0.285684
0.829829
-0.766350
0.715201
-0.278420
0.212500
-0.405194
-0.766228
-0.304300
-0.789666
0.357768
-0.228919
0.062960
-0.258095
0.258889
0.485763
0.115268
-0.968139
0.509873
0.728019
-0.918271
0.804498
0.975097
0.629261
0.672781
-0.961241
0.968688
-0.301126
0.143956
-0.012421
-0.229652
0.833125
-0.165441
-0.151158
0.067721
0.327616
0.022858
-0.228431
0.357219
-0.552782
-0.398053
0.188208
-0.165563
-0.325297
0.983947
-0.071505
0.819636
0.169774
0.793756
-0.755974
-0.176000
0.647938
-0.304117
0.365093
0.376629
0.842036
0.582202
0.865902
-0.563585
-0.677908
0.448897
-0.735527
-0.318949
-0.788018
0.938475
-0.153111
-0.896664
-0.068575
-0.260475
-0.211097
0.088839
-0.871273
-0.596850
-0.476730
-0.518967
0.068026
-0.134800
0.535264
0.631520
-0.949644
-0.259926
0.581164
-0.019623
-0.084445
-0.388531
0.191015
-0.018097
-0.382183
0.293924
-0.388836
0.752007
-0.062471
-0.407392
-0.815241
0.955443
0.128086
0.641408
0.371563
-0.544237
-0.654775
0.136204
0.401166
-0.209937
0.850642
-0.428510
-0.685904
0.609973
0.910825
-0.361736
-0.847285
0.156713
-0.494186
0.349284
-0.193396
-0.557115
0.802850
-0.978637
0.648976
-0.883724
-0.505722
0.690298
-0.010285
0.888424
0.085604
-0.127720
-0.598621
-0.222633
0.380352
-0.328471
0.586230
0.260537
0.229713
-0.776727
-0.082247
0.367107
0.285257
0.721244
-0.992859
0.969054
0.199011
-0.714957
0.457259
-0.502304
-0.804254
0.797418
-0.672720
-0.764031
-0.565844
-0.646840
0.251625
0.815485
0.045503
-0.498093
0.035920
-0.480453
-0.127537
-0.981323
-0.796075
0.586718
-0.579638
-0.657033
-0.829585
-0.711905
-0.331828
0.099094
-0.548875
-0.532212
0.566271
0.066866
-0.549669
-0.423933
-0.091220
0.033906
-0.770928
0.649953
-0.568468
-0.051607
0.404950
-0.631642
0.695608
-0.731681
0.095614
-0.962096
-0.644765
-0.478072
-0.521409
0.589343
0.024323
-0.765069
-0.475387
0.426313
-0.821467
-0.127903
-0.598498
-0.610401
-0.929930
0.503464
-0.667592
0.762017
0.755974
-0.639027
0.101047
-0.617298
0.358318
0.266579
0.901852
-0.197424
0.170202
0.704703
0.848445
-0.730522
-0.633045
0.639760
-0.163610
-0.833857
-0.640736
0.767510
0.732780
-0.276101
0.005524
-0.669668
0.784906
0.186682
0.022004
-0.097262
0.662648
-0.902585
-0.255287
-0.950682
0.740471
-0.314859
-0.188940
0.569079
0.332255
-0.012177
0.860408
-0.269448
0.781915
-0.139012
0.823176
0.779229
0.104526
-0.860958
0.877194
-0.683401
-0.037996
0.156102
0.300821
0.948485
0.979675
-0.940489
-0.793329
-0.007294
0.185339
0.881893
-0.762261
-0.706351
-0.063082
-0.794916
-0.911069
0.956908
-0.697867
-0.417646
-0.408918
0.443098
-0.367107
0.444197
-0.733757
-0.385174
-0.871090
0.891842
-0.632069
0.461715
0.263344
-0.582812
-0.823847
0.494797
0.909482
0.493698
0.251808
0.098849
0.884762
-0.411481
0.552477
-0.029145
-0.421308
-0.768792
0.832759
-0.664968
-0.166295
-0.436445
-0.113987
-0.124119
-0.335368
0.767510
-0.535691
-0.830988
0.079806
-0.412580
0.110752
0.915525
0.665273
-0.177526
-0.952086
0.168737
0.420698
0.254738
-0.214454
0.935789
-0.449263
0.260842
-0.248268
0.841365
0.373211
-0.394818
0.323099
-0.955016
0.843501
0.439192
-0.811579
-0.927366
-0.583422
-0.549181
-0.978576
-0.058565
0.186010
-0.808100
-0.620106
0.756279
-0.694876
-0.907834
0.343486
0.244484
0.097018
0.470199
-0.408673
0.788018
-0.889218
0.785089
0.704215
-0.506638
0.182470
0.943968
-0.229286
0.903867
0.776238
0.449324
0.021149
0.404645
-0.110630
-0.562120
-0.443464
-0.886532
0.107822
-0.055940
0.554552
-0.333903
-0.572436
-0.141514
-0.615101
-0.917539
0.863155
-0.116184
0.311808
0.329081
-0.816279
0.740043
0.553819
0.516404
0.626942
0.864010
0.425398
0.503708
0.597156
0.444258
-0.640309
-0.851497
-0.776299
-0.043611
0.882260
0.355815
-0.207251
-0.166051
-0.795831
-0.878964
-0.661306
0.126072
-0.378887
-0.297037
0.938292
0.035005
-0.786737
-0.404889
0.074557
0.052278
0.400555
-0.773736
0.392804
-0.627857
-0.201453
0.074374
0.518662
-0.874264
-0.435408
0.663198
0.174291
-0.661000
-0.455794
0.819941
0.821589
-0.925657
0.825312
-0.653737
0.306986
0.646290
-0.430097
-0.420087
0.439558
0.248024
0.731986
-0.739982
-0.595874
-0.484481
0.395550
-0.152501
0.009674
-0.576708
-0.013215
0.958434
0.974609
0.296182
0.123142
0.457015
-0.645558
-0.020112
0.665029
-0.433576
-0.108798
-0.292398
-0.895993
-0.168615
0.241005
0.896481
0.298196
0.643971
0.124485
-0.590442
0.901669
0.404584
-0.200354
-0.467574
-0.406598
-0.665639
0.651845
0.953246
-0.496200
0.266091
0.327860
-0.213172
-0.719474
0.796808
-0.790887
0.181921
0.893124
0.080050
0.980346
-0.973632
0.525925
-0.783807
-0.529954
0.931639
-0.673208
-0.874508
0.917905
-0.479293
0.938047
-0.372600
0.585070
0.017304
0.327799
0.086825
0.741997
-0.024018
0.283242
-0.932188
-0.029145
-0.005402
0.267312
-0.884640
-0.306558
-0.345378
-0.016877
0.272866
-0.541002
0.184973
0.245460
-0.651723
-0.921384
0.279153
-0.682546
0.716300
-0.946165
-0.903012
0.970641
0.243751
-0.737114
0.001190
-0.521714
0.665822
0.807733
-0.650563
0.846065
-0.674184
0.824824
-0.819575
-0.964049
0.593310
0.492538
-0.646474
-0.755791
-0.270363
0.429914
0.612659
0.626331
0.143590
0.657155
-0.686880
0.398236
-0.291055
-0.933409
-0.281045
0.382733
-0.880428
-0.023286
0.913205
0.635914
0.527573
-0.237526
0.918455
0.018097
-0.210181
-0.165563
-0.437971
-0.716300
-0.318827
-0.961425
-0.320536
-0.774773
-0.884884
-0.692984
-0.513047
0.508652
-0.977905
-0.632313
-0.972839
-0.495224
0.911557
-0.139866
0.971007
0.439009
0.855281
-0.884701
-0.487838
0.001434
-0.662465
0.798334
0.731193
0.139134
-0.680349
0.107761
0.015473
-0.544176
-0.814631
0.466231
0.626331
0.921690
0.687857
0.209143
0.841243
0.931394
-0.613941
0.032929
-0.615833
0.287454
-0.658681
-0.583422
0.252846
-0.548509
-0.100436
-0.357463
-0.859737
-0.892087
0.923460
0.527085
0.905210
-0.840815
-0.432173
0.893368
-0.431196
-0.405988
0.108615
0.921934
-0.021271
0.284524
-0.329875
-0.157628
0.245399
0.965148
-0.890988
0.247841
-0.834651
-0.125156
-0.073763
0.017060
-0.500168
-0.434187
-0.856380
0.437605
-0.789056
-0.604297
0.093661
0.987609
-0.147740
-0.135594
-0.878536
0.890011
0.805292
-0.060335
-0.296854
0.551073
-0.294900
0.639393
-0.770745
-0.985412
-0.372356
-0.153722
0.932066
-0.991699
-0.250710
-0.188818
0.009186
-0.052217
0.500412
0.198035
0.299112
0.791314
0.096530
0.547899
-0.769646
-0.063265
-0.715201
-0.898068
0.239357
0.189123
-0.316202
0.133335
0.512986
-0.402142
-0.637806
0.344157
0.860775
-0.673086
-0.365337
-0.037141
0.173803
-0.987060
-0.357341
-0.183081
-0.741325
0.415143
0.857051
-0.452071
0.137364
0.204138
0.660573
0.464400
-0.698538
0.059542
-0.954588
0.920408
-0.696097
0.393475
0.992065
-0.868038
0.650929
-0.373760
0.181921
0.507553
-0.249489
-0.412702
-0.404157
0.278115
0.685476
0.809687
-0.353862
-0.375042
0.221473
-0.752922
-0.785455
0.843928
-0.917417
-0.879940
0.096408
0.849422
-0.208106
-0.028047
-0.000702
-0.238685
0.984863
-0.238746
0.948729
-0.930845
0.621632
0.710929
0.713370
0.212622
-0.966491
0.288430
0.395978
0.506333
0.657643
-0.397443
0.987487
-0.555589
-0.109836
0.468795
-0.687735
-0.035798
0.295206
-0.200171
-0.670766
0.164769
0.885311
-0.846065
0.449995
-0.992492
-0.789178
-0.842708
0.908078
0.059542
-0.917844
0.071383
0.832942
-0.626331
-0.898740
-0.139622
-0.579028
0.108554
0.782647
0.551683
0.289224
-0.145726
0.045198
0.267678
-0.300333
-0.528062
-0.419172
-0.556078
0.302469
0.008332
-0.801874
0.020295
0.592822
-0.981262
-0.185583
-0.546617
0.061556
-0.926389
0.312906
-0.691397
-0.908872
0.237037
-0.230323
-0.984436
-0.768914
-0.268715
0.723991
0.693350
-0.672170
0.356548
-0.991882
0.222816
0.473067
-0.626453
-0.625111
-0.209998
-0.721061
0.167638
0.172643
-0.886166
0.256142
0.702628
0.152501
-0.881222
0.621021
-0.221778
0.817621
0.424421
-0.099277
0.377728
-0.895322
-0.365276
0.155126
-0.486801
-0.202002
-0.996582
0.948973
-0.835444
0.260048
-0.131138
0.228736
-0.828242
0.752434
0.566881
0.482467
-0.785882
0.522019
-0.460494
-0.885311
-0.838496
0.808893
0.062288
-0.950194
-0.452132
0.888974
-0.722159
-0.387921
0.474654
0.108005
-0.256874
0.468551
0.082308
-0.952513
-0.210852
0.601672
0.265053
0.534715
0.636708
-0.608936
-0.687735
0.033052
0.745964
-0.653859
-0.082736
0.505417
0.720695
0.875729
0.074374
0.967162
-0.026337
0.673635
0.328104
-0.981017
0.418806
-0.097507
-0.498947
-0.722526
0.068026
-0.003265
-0.943968
0.783746
-0.942259
-0.800226
0.904965
-0.900449
-0.370708
-0.896542
-0.970580
-0.220130
-0.968627
-0.835810
0.774163
0.597827
-0.700064
-0.956725
0.283975
0.436934
0.391644
-0.927549
-0.750725
-0.358135
-0.324198
-0.364299
0.406537
-0.378643
0.162999
-0.492477
0.778436
-0.234779
0.549608
0.030183
-0.725517
0.312540
0.282876
0.470748
-0.238075
0.083102
-0.604480
-0.706778
0.239418
0.030122
0.786798
0.717215
0.295145
0.784417
-0.707694
-0.357707
0.254189
-0.191748
0.012543
0.308939
-0.871639
0.610828
-0.104099
-0.609302
-0.798639
-0.179296
-0.326395
0.764702
0.845943
0.497055
0.493515
0.928220
-0.073641
-0.860591
0.564318
0.285684
0.289407
0.826533
0.966613
0.715934
0.181005
-0.015351
-0.482894
0.654408
0.886593
-0.013092
-0.946654
0.783685
0.057222
-0.081271
0.759758
-0.760613
0.356914
-0.884457
0.469222
-0.192419
-0.354106
0.092074
-0.023103
-0.009674
0.108005
-0.266457
-0.475448
-0.482467
-0.215857
0.368206
-0.931700
0.183996
-0.412458
0.899350
0.033906
0.271401
-0.805536
0.925291
-0.607410
0.581408
-0.926572
0.910031
0.981079
0.147557
0.027924
-0.321451
-0.884640
-0.723746
-0.286416
0.001617
-0.983764
-0.705985
-0.158544
0.360393
0.920469
-0.612964
-0.345073
0.558763
-0.851009
0.176061
-0.498398
-0.264443
-0.459517
-0.052095
-0.292520
-0.916379
0.165990
-0.819391
0.786615
-0.480758
0.081881
0.518479
-0.500412
0.269265
-0.055513
-0.023408
0.023957
0.723319
-0.750908
0.782586
0.717032
-0.068941
-0.086947
0.134068
-0.152501
-0.932066
-0.479720
0.863704
0.148228
0.318400
0.722098
-0.292520
0.683218
0.177953
0.504563
0.703299
-0.981017
0.268410
0.120212
-0.206397
-0.652699
-0.294656
0.049776
0.044588
-0.058809
0.166906
0.834407
-0.395428
0.690664
0.127903
0.933958
0.265175
0.213843
0.414167
-0.052828
-0.486251
-0.221595
0.233375
-0.968017
0.824885
0.304971
-0.143895
-0.333293
-0.542589
-0.648549
0.936033
0.681936
-0.194861
0.094638
0.550645
-0.292459
0.678274
0.743583
-0.545946
0.661306
-0.668508
-0.194006
-0.024567
-0.814508
-0.458724
0.425703
0.005951
-0.951903
0.327860
-0.073702
0.722221
0.431013
0.785333
0.780816
0.145299
0.429670
0.665151
-0.447676
-0.207312
-0.258095
0.008148
0.730033
0.642140
0.546312
0.543870
-0.382000
-0.858943
-0.078829
-0.683828
-0.191198
-0.249245
0.487777
-0.583850
-0.088595
0.264138
0.013703
0.208106
0.256508
0.168310
0.500412
0.377422
-0.641530
-0.821711
-0.769768
-0.284951
-0.282327
0.501755
0.372906
-0.720145
0.651051
0.677602
0.255470
0.014374
0.079501
-0.745415
0.026887
0.487228
0.806330
-0.328104
-0.951292
0.330180
-0.075533
-0.602954
-0.140782
-0.225745
0.402875
0.330851
0.464949
-0.046480
-0.979125
0.790582
0.437544
-0.534288
0.123203
0.393780
0.325602
-0.056856
0.488693
0.679128
-0.276833
0.902402
-0.584521
-0.107761
-0.928770
0.186865
0.722037
-0.695669
0.115329
0.482894
-0.867428
-0.274270
-0.796869
-0.304788
-0.060762
0.684622
0.344157
-0.291055
-0.272744
0.400739
-0.274758
-0.896176
-0.398114
-0.417219
0.374493
0.715384
-0.033906
0.951659
-0.482406
0.752373
-0.491195
-0.390912
0.528550
-0.431440
-0.182043
-0.419477
0.287454
0.455611
0.530992
0.102329
0.510056
0.803705
0.440352
0.702078
0.549364
0.024384
-0.344829
0.283547
0.214270
-0.441694
0.882565
0.565416
0.927427
-0.323893
0.992370
0.687063
-0.349528
0.535142
0.612476
0.427351
0.469649
-0.574755
-0.752861
0.246864
-0.258827
0.478744
-0.460799
0.255531
0.605823
-0.271523
-0.021577
-0.455672
0.840327
0.901059
-0.061007
-0.055940
0.598926
0.762505
0.953368
-0.071749
-0.397565
0.424787
0.203467
0.721671
-0.707999
0.821894
-0.529160
-0.906552
0.060518
0.485336
-0.859554
0.589831
0.707633
0.663686
-0.905576
-0.837947
-0.924009
0.416730
0.687002
0.752678
0.325968
-0.512741
-0.770257
-0.520005
0.423688
0.806879
-0.211707
-0.403851
0.737968
0.351604
-0.275674
-0.467635
0.519517
0.343791
0.171789
-0.916318
0.569628
0.890927
-0.432783
0.522202
-0.484298
0.808771
0.634205
-0.662465
-0.105869
-0.048799
0.440352
0.171239
-0.623218
-0.501938
0.549669
0.267739
0.154881
-0.008332
-0.510178
0.916868
-0.645924
-0.579394
0.412763
0.370830
-0.393353
0.729911
0.367290
-0.830439
-0.886837
-0.103610
-0.925291
-0.543199
-0.805231
0.262734
-0.225990
-0.452925
0.900510
0.188513
-0.399396
0.698904
-0.315348
-0.943419
-0.415387
-0.562731
-0.958922
-0.296609
-0.577319
-0.711356
0.109470
0.801569
-0.408612
-0.625416
0.802484
-0.687857
0.048494
0.564867
-0.981140
-0.202002
-0.226112
-0.302591
0.657155
-0.927488
-0.513230
-0.073458
-0.849116
0.283303
-0.566454
0.229286
0.183691
0.799493
0.874264
0.915464
0.639698
-0.024384
-0.574633
-0.051057
-0.465987
-0.764946
-0.717887
0.314676
-0.968139
0.593921
0.951476
0.656667
0.514084
0.286538
-0.176611
0.002228
0.129734
-0.972228
-0.118503
0.642689
0.839290
0.632008
-0.098361
0.935484
0.006317
0.485397
-0.308451
-0.200598
-0.134922
-0.924741
-0.120579
0.207556
-0.242225
0.586352
-0.196631
-0.103488
0.296854
-0.953368
0.716178
0.754997
0.762139
-0.161718
-0.902585
-0.496811
-0.562059
-0.450240
-0.042879
0.697501
-0.431990
-0.249672
0.610767
-0.366008
0.193213
-0.291665
-0.538316
0.263710
0.244667
-0.992615
-0.653005
-0.748283
-0.458663
-0.638478
-0.430036
0.148473
-0.328532
-0.803156
0.726676
-0.039766
-0.868221
0.191748
0.043306
-0.488449
0.822138
-0.819636
0.395917
-0.233619
0.131504
0.818659
0.585559
-0.332072
-0.338237
0.095431
-0.066073
-0.390790
-0.667592
0.126438
-0.407270
-0.984497
0.621509
0.770867
-0.155309
-0.121311
-0.935667
-0.690237
-0.141697
0.932676
0.161962
-0.044649
0.973266
0.028657
-0.830195
-0.204627
0.293985
-0.929258
-0.908444
0.877865
0.578478
-0.101962
-0.932737
-0.378155
-0.903867
-0.769341
-0.315104
-0.189062
0.044710
0.951170
-0.259987
0.141270
-0.541612
-0.250160
-0.778924
-0.082492
0.329875
0.440291
-0.392193
-0.425031
0.566637
0.703787
0.900571
0.788079
-0.733879
0.177526
0.500534
0.569506
0.371990
-0.852657
-0.344279
-0.709891
-0.538011
0.635121
0.898984
-0.211158
0.331095
0.042207
-0.393353
-0.973693
0.782403
0.328043
0.312845
0.155370
-0.273049
0.395550
-0.318888
-0.976196
0.985351
0.243934
-0.047456
-0.559496
-0.243263
0.596484
-0.482772
-0.448225
-0.075961
0.413190
-0.937071
-0.405560
-0.426374
0.011505
-0.615040
-0.108982
0.061190
-0.052461
-0.679006
0.489059
-0.187292
-0.984985
-0.783624
0.035676
-0.875179
0.389386
-0.762200
-0.189489
-0.252541
0.879208
-0.476913
-0.235511
0.409345
0.034333
0.417768
0.897397
0.886410
0.142430
-0.413495
-0.919370
-0.645680
-0.921934
0.317118
-0.550645
0.181494
0.898312
0.065523
-0.866024
0.191748
-0.071932
-0.007721
0.881893
-0.301187
-0.083895
-0.653066
0.007416
0.466292
0.993896
0.486740
-0.899838
-0.288491
0.452071
0.969359
-0.387249
0.309977
0.561083
0.658620
0.713736
0.053865
0.909360
-0.449202
0.624256
0.857112
0.869808
0.319010
0.770379
-0.890744
-0.328227
0.528428
-0.171667
0.912717
-0.383709
-0.562670
0.190832
0.274514
-0.894955
0.784906
-0.864620
-0.931639
0.454451
0.375591
-0.996948
-0.832392
-0.029084
0.639088
-0.923399
0.727470
-0.702322
-0.739189
0.754631
-0.800043
0.306436
0.395428
0.614490
-0.438765
0.462264
-0.854183
0.298013
0.922422
-0.067537
-0.920225
0.655812
-0.850093
-0.786431
-0.307840
0.895749
0.531175
-0.606250
0.030915
-0.683096
0.749077
0.840571
0.207556
-0.360393
-0.623402
0.222571
0.343913
-0.140843
-0.325907
-0.678701
0.138707
0.830866
0.682180
0.457015
0.314676
-0.542528
0.937132
-0.556078
0.038179
-0.866451
0.431135
0.572497
-0.080966
0.669790
0.232521
-0.371136
-0.753044
-0.553636
-0.672048
0.810907
0.752434
-0.982971
0.384930
-0.445845
0.215674
-0.859859
0.896420
0.838252
0.302225
0.279458
0.208655
0.481735
-0.250954
0.085360
-0.890683
-0.340739
-0.804682
-0.086947
0.060274
-0.038423
0.965453
-0.782403
-0.453047
0.344279
0.214454
0.650868
-0.908994
-0.939329
-0.923948
0.282327
0.400555
-0.648549
-0.924558
0.436079
0.641591
0.261879
-0.864681
-0.267434
0.247902
0.449995
-0.751518
-0.943236
0.314005
0.741935
0.711112
0.013153
-0.614368
0.762017
0.752007
0.055208
0.390301
0.156346
-0.048311
-0.623768
0.593005
-0.192602
0.942137
-0.709769
-0.702628
0.265297
-0.715629
-0.541978
0.209815
-0.925962
0.325297
-0.087130
-0.232521
-0.473067
-0.323893
-0.268960
-0.885861
0.192785
0.138768
-0.229102
0.400678
0.010773
-0.928098
0.558458
-0.385296
0.204688
0.987487
0.926634
0.802850
-0.404767
-0.846858
0.597766
0.029023
0.593738
-0.751335
-0.748650
0.085238
-0.670522
0.622608
-0.955138
0.470992
0.187170
0.088595
0.238624
0.960936
0.940611
-0.625660
-0.705496
0.047334
-0.419782
-0.019501
0.309732
0.762627
0.593188
0.605823
-0.618397
0.411054
0.299783
0.921751
0.900571
-0.110508
-0.447432
0.174169
0.616871
-0.650014
0.355632
-0.171117
0.454878
0.514695
0.184484
-0.498032
-0.840815
0.889035
-0.836909
0.496872
-0.564867
-0.042390
-0.635426
0.881527
-0.520798
-0.348796
-0.488998
-0.460982
0.378094
0.234535
0.947020
0.773858
0.835505
0.830805
0.950499
0.946471
-0.887387
-0.906980
0.102329
0.782281
0.022858
-0.915647
-0.987732
0.154881
0.724296
-0.011689
-0.120701
-0.261452
-0.966308
-0.971984
0.305826
0.176061
-0.140233
-0.119175
-0.303690
-0.178014
-0.721915
0.288980
0.852779
-0.282571
0.506760
-0.031770
0.375286
0.298807
-0.228065
0.718436
-0.268899
-0.205420
-0.247414
0.386212
-0.093417
0.754814
0.219947
-0.073885
-0.457747
0.321451
-0.061251
0.775018
-0.626759
0.327860
0.571703
0.768548
0.076266
0.494552
0.438093
-0.574694
-0.850703
-0.632008
0.297769
0.304788
0.025971
-0.327189
-0.281289
0.674917
-0.372356
0.365520
-0.677908
-0.813410
-0.346721
0.977783
0.869442
-0.767449
0.161473
-0.445540
-0.113254
0.735588
0.168004
-0.806452
-0.466720
0.848384
-0.579394
-0.244240
-0.362346
0.906674
0.456526
-0.985107
0.105564
-0.480697
-0.751701
0.004730
-0.661916
0.594165
-0.080905
0.727897
0.966735
0.111667
0.838435
-0.572130
-0.338908
0.300638
-0.967101
-0.619495
0.810236
0.123386
-0.962645
0.852901
-0.925596
0.081088
-0.289773
-0.370952
0.103183
-0.162816
0.614978
-0.847163
-0.130467
0.342021
-0.924375
0.577807
0.789422
0.053804
-0.666250
0.413373
-0.691885
0.610096
0.701773
0.663930
-0.778314
0.262551
0.415387
0.655812
-0.406720
0.627796
0.439802
-0.505905
-0.546068
0.932493
0.496506
-0.873470
0.048982
-0.355937
-0.104526
0.576220
0.967406
0.013398
0.711295
-0.275979
0.902951
0.003204
-0.607532
0.901669
-0.270180
0.452681
0.129063
-0.521714
0.359294
0.633473
-0.537095
-0.008881
0.478561
-0.525254
0.491501
0.109409
-0.639332
0.320170
0.392193
0.322367
-0.291421
0.101413
0.905026
0.629261
0.785211
0.283731
0.044954
0.916868
-0.510239
0.267617
-0.896298
0.441694
0.282266
-0.628162
0.974059
-0.631642
0.771172
0.142186
0.681631
-0.033296
-0.116733
0.940794
-0.167028
0.931822
-0.936522
0.314249
0.109409
-0.720695
-0.604602
0.871395
-0.261879
0.668447
0.878414
-0.904294
-0.348857
-0.439070
0.011139
0.287698
-0.020051
-0.987793
0.347148
-0.403851
-0.571825
0.860775
-0.631092
0.081820
0.710135
-0.100009
0.671560
0.024506
0.644642
0.848140
0.701956
0.712760
0.532640
-0.790704
0.784722
-0.305155
-0.782220
0.301187
0.594348
-0.868404
-0.644826
0.546251
-0.687735
0.349345
-0.496139
-0.912656
0.219886
-0.684805
-0.930906
0.715201
-0.495102
-0.601062
0.975402
-0.294656
-0.185644
0.710135
-0.852290
0.605457
0.772271
-0.317972
0.986877
0.122166
-0.766900
-0.136265
-0.729118
-0.277261
0.130406
0.997314
0.314310
-0.197974
0.091159
0.494797
0.108554
-0.232521
0.873470
0.051363
-0.131748
-0.672231
0.609119
-0.388165
-0.012421
-0.073885
0.426618
-0.415571
-0.684011
-0.590320
-0.331767
0.313150
0.734977
-0.842341
-0.837153
0.786431
-0.438398
-0.405011
-0.872372
-0.047578
-0.269936
0.329325
0.720267
-0.805475
-0.561815
0.299234
0.000641
0.540269
-0.019196
-0.867977
0.494613
0.820124
0.307657
-0.903317
0.191076
-0.907407
0.718925
0.317850
-0.213050
0.918394
0.820673
0.968444
-0.707633
0.927427
-0.394818
0.350261
0.363018
-0.076632
-0.235389
0.310160
0.621937
-0.800287
-0.785699
-0.162633
-0.230262
0.277139
-0.195227
-0.982177
0.952086
0.604236
-0.690176
-0.268410
-0.684500
-0.449507
0.154393
-0.897641
0.243751
-0.372662
-0.625904
0.210242
-0.247841
0.863582
0.690603
-0.252419
0.199683
-0.848201
0.308695
0.046724
-0.977905
0.775079
0.633534
0.448286
-0.873226
0.668630
0.576769
0.324259
0.206458
0.518357
-0.598071
-0.595508
-0.442671
-0.233802
0.459395
0.923215
-0.971679
0.044893
0.352886
