0.765740
-0.700491
-0.397320
0.993835
-0.754265
0.543748
0.908811
0.458480
0.062349
0.212317
-0.068453
0.415265
0.839412
0.085116
0.502365
-0.643544
-0.398419
-0.156774
0.962279
0.103000
0.837519
0.008393
0.529588
-0.650502
-0.111423
0.594226
0.487472
0.173681
0.148045
0.971313
0.766839
0.647694
0.861263
-0.032685
0.940733
0.800165
-0.634327
0.110141
-0.542222
0.987060
-0.146702
-0.142491
0.436140
-0.194250
-0.469955
-0.110691
0.143284
0.321451
-0.047395
-0.545274
-0.128269
0.732109
-0.786126
0.326456
-0.614124
-0.666982
0.650502
-0.215491
0.960570
-0.797906
0.375652
0.546739
0.582385
0.118931
0.294168
0.216407
-0.596667
0.853877
0.304483
-0.977233
0.346660
-0.238624
-0.822871
0.573840
0.287210
0.061190
0.627247
0.249733
0.058382
0.969970
-0.811090
0.532029
-0.628162
-0.883602
0.630238
-0.225684
0.359600
-0.972594
0.162816
-0.048738
0.413190
-0.201025
-0.452498
0.416547
0.013215
0.578845
-0.339518
-0.560106
-0.598743
-0.790582
0.111606
0.764641
0.334269
0.859249
0.924924
0.218116
0.635975
0.074557
-0.992004
-0.501938
0.043306
-0.727775
-0.299722
0.686636
-0.050996
0.150304
-0.683645
-0.366741
0.246498
-0.434370
-0.879269
-0.362163
-0.617603
0.369243
0.776116
-0.349712
-0.635731
-0.298257
0.373272
0.966369
0.501572
-0.605762
0.124851
0.334513
-0.181677
-0.888180
-0.637684
-0.631092
-0.579455
-0.415693
-0.554247
0.128086
-0.051912
0.860347
-0.698233
-0.643849
-0.572558
0.025544
-0.787225
-0.179418
0.769829
0.732475
0.140721
-0.300638
-0.309610
0.591235
-0.038057
-0.001373
0.721976
-0.335978
-0.626942
0.350871
0.648732
-0.023225
-0.985412
-0.766106
0.571581
-0.149876
0.114109
-0.178930
0.901425
-0.890683
0.763665
0.084445
-0.656423
0.896420
0.508286
0.566332
-0.624195
-0.824213
0.172155
0.318155
-0.952452
0.201575
0.463179
0.271767
-0.605640
0.211707
0.921140
-0.510544
0.737724
0.266213
0.278481
-0.176428
0.877621
0.181188
0.458724
-0.897214
0.516831
-0.052522
-0.505356
0.245521
0.532884
0.449751
-0.138646
-0.214698
0.000824
0.931211
-0.541917
-0.130711
0.869320
0.023652
-0.392926
-0.310953
-0.467757
-0.355144
-0.090304
0.841365
-0.613880
-0.183081
-0.490768
0.187414
0.179479
-0.879147
-0.851985
-0.041108
0.743400
0.975219
-0.358074
-0.799860
0.224403
-0.628956
0.445723
0.528428
-0.008759
0.562365
-0.117832
0.602832
-0.971984
-0.814631
-0.728629
0.232582
0.873348
0.786065
0.271645
-0.100192
-0.567309
0.474471
0.240211
-0.982788
-0.837214
-0.471603
0.314005
-0.972533
-0.358684
0.220374
-0.438826
-0.681387
0.151219
-0.556993
0.971435
-0.548936
0.535386
0.174841
-0.248756
0.246559
-0.260964
-0.340251
0.809809
-0.381268
-0.162328
-0.613330
0.089999
0.821406
0.944395
-0.740287
-0.612598
0.684378
0.369182
-0.711478
-0.773064
-0.614124
-0.383953
0.957640
0.673513
-0.593310
-0.867306
-0.097262
0.963500
-0.809137
-0.210486
0.579516
-0.859798
-0.290262
-0.066561
0.155126
-0.028291
0.158055
0.077670
0.174047
0.574145
-0.956481
0.357097
0.293191
0.777825
0.392010
-0.225257
-0.928404
0.179113
-0.882748
0.994995
0.320536
0.850826
-0.957579
-0.584033
0.188635
0.909116
0.745903
0.094577
0.898679
0.847407
-0.635365
0.058626
-0.484420
-0.184301
0.434309
-0.596545
-0.518418
-0.670034
0.548692
-0.445540
-0.187963
0.212256
-0.523240
-0.175573
0.875179
0.888485
-0.385846
0.209265
-0.011750
-0.964293
0.777886
0.852107
-0.744865
0.975463
-0.820185
-0.608814
0.144993
0.220557
-0.581957
0.814020
0.199194
0.147740
0.769097
0.331034
0.100192
-0.789605
-0.233070
-0.129002
-0.441633
-0.332377
0.107700
0.534593
0.382672
0.183203
0.916440
0.622913
0.404645
-0.554857
-0.521958
0.773003
0.079257
-0.441877
-0.515305
-0.562548
-0.942625
0.621998
0.117588
-0.280496
0.308451
0.060518
-0.581164
-0.671926
0.597827
0.692434
0.963378
-0.468307
0.472152
0.329325
-0.175146
0.558214
0.148717
-0.072115
-0.367107
-0.123936
-0.187780
-0.244911
-0.375774
0.360515
-0.105747
-0.749443
0.651479
-0.857662
0.860836
-0.095859
0.606983
0.048799
-0.726676
0.562243
0.066622
-0.224891
-0.746513
-0.268715
-0.915586
-0.213416
0.272073
0.285989
0.837092
0.960753
0.948973
-0.763970
-0.191687
-0.535813
0.078646
0.705679
0.788934
-0.653005
0.281350
-0.515061
-0.560839
0.336589
-0.310831
0.356914
0.202246
-0.057588
-0.519028
0.267983
0.261818
0.293802
-0.240822
0.666982
0.384869
-0.334880
-0.680166
0.044527
0.817621
0.349773
0.976684
0.589587
-0.145665
-0.226295
-0.156652
-0.540330
-0.704276
-0.482101
0.062899
0.776238
0.890561
-0.631764
-0.525132
-0.023957
0.536302
0.736076
0.164281
-0.369915
-0.524155
-0.506516
0.743339
0.356365
-0.270241
-0.401776
0.090609
0.714347
0.122288
-0.828608
0.971923
-0.604602
0.329814
0.881039
-0.938475
0.892209
0.965819
-0.678396
-0.089450
-0.647938
0.641713
-0.346355
0.931700
-0.415387
-0.525315
0.235572
0.071139
-0.232093
0.807733
-0.645680
0.194861
-0.770257
-0.333842
0.764153
-0.293069
0.682608
0.714530
-0.892148
0.339640
-0.906430
-0.098727
-0.243324
0.511643
0.820490
0.062593
0.952269
-0.336772
-0.707144
0.848506
0.182897
0.702933
-0.745537
-0.597583
0.893124
-0.348186
-0.061556
0.690481
0.498276
-0.457930
-0.306009
0.054720
-0.186316
-0.087741
0.055757
-0.634144
0.470504
0.853267
0.350566
0.730155
0.833613
0.631703
-0.115268
-0.070467
0.807611
0.429426
-0.677541
0.643239
-0.248573
0.416059
0.486557
0.112033
0.645802
-0.691153
0.594287
0.808527
-0.494064
0.609424
-0.498337
-0.719901
0.434065
-0.183386
-0.963256
0.031526
0.131443
0.903256
0.875729
0.886471
0.118442
0.508530
-0.449568
-0.300821
0.872860
0.935301
-0.767998
0.517991
-0.600513
0.705985
0.903867
-0.817743
0.028962
-0.138524
0.996338
0.248756
-0.408918
0.165136
-0.943541
0.766717
0.007721
0.885067
-0.712638
-0.373394
-0.700430
-0.826533
0.559557
0.158788
-0.811090
0.391583
0.317301
-0.074068
0.829157
0.741813
-0.983886
0.040376
0.877316
0.863948
0.403363
-0.598621
-0.994385
0.980834
-0.427351
-0.955382
-0.477340
0.123325
0.510727
0.351787
0.681753
-0.898923
0.842219
0.274575
0.312418
-0.669851
0.139683
-0.820185
-0.601489
0.896359
0.271279
-0.113498
0.225135
0.728996
-0.867122
-0.558153
-0.628040
0.098483
-0.480270
-0.754753
-0.243873
-0.778680
-0.628285
0.058321
0.103793
0.253456
0.785882
0.076144
-0.342021
-0.172155
-0.074496
0.503708
0.052644
-0.895444
0.751885
-0.350078
0.583728
0.297342
0.129124
0.303873
-0.109714
0.532517
0.388104
-0.444502
0.983398
0.930967
0.369854
-0.476180
-0.694327
-0.072726
0.545396
0.244667
0.270241
0.668874
0.553209
0.413373
-0.253517
-0.289712
0.186560
0.074252
-0.694876
-0.214393
0.575365
-0.908200
0.575671
-0.025361
-0.434736
-0.389386
-0.049776
0.222327
0.542589
0.065645
0.701041
-0.487716
-0.816950
0.515488
0.277383
0.414106
-0.637806
0.214209
0.355876
-0.900815
0.936277
-0.095737
-0.451094
-0.879025
-0.310648
-0.880978
0.478927
0.730522
0.357891
0.882015
0.886166
-0.854427
0.168737
-0.802850
-0.366924
-0.414411
-0.605152
0.595447
0.174902
-0.500351
0.519883
0.040986
-0.975768
-0.961241
-0.750114
-0.135228
0.722098
0.350749
-0.441206
0.338298
-0.886654
0.629261
0.193091
0.814447
0.907834
-0.570544
0.093112
0.808222
-0.173070
0.719535
0.529405
-0.760186
-0.153050
-0.658071
0.666250
0.109104
-0.028230
-0.206397
0.416852
-0.572069
-0.480941
-0.556810
0.805109
0.850398
0.350505
-0.049104
-0.504440
-0.575549
0.703543
0.125401
0.608203
0.249794
0.915586
0.617664
-0.119907
-0.769036
-0.569445
-0.045625
-0.422163
-0.703299
-0.460799
-0.775750
-0.660268
0.412641
-0.711417
-0.130100
0.575732
-0.142613
-0.126194
-0.359600
0.625355
-0.419294
0.849849
0.064547
0.602588
-0.103488
-0.053865
0.577441
-0.915098
-0.901791
0.328654
0.761834
-0.434370
-0.317850
0.757805
-0.862362
0.026948
-0.798517
-0.528184
-0.087497
0.832514
0.281411
0.298563
-0.628712
-0.273476
0.957640
-0.288858
0.975219
-0.797906
0.089022
0.458846
0.801752
-0.222022
0.035676
-0.742912
0.156957
0.144200
-0.028352
0.866024
-0.817316
-0.457808
0.168981
-0.600024
0.930540
0.071566
-0.428266
-0.848140
-0.192663
0.430525
-0.455428
0.899106
0.561754
0.427351
-0.450056
0.345866
-0.912412
0.730644
0.814264
0.939207
-0.472884
-0.955809
0.505722
0.991089
-0.081027
-0.640736
0.765740
-0.987976
-0.780450
-0.238014
0.589953
0.185705
0.982849
0.381085
-0.837947
-0.695975
0.759636
-0.189856
-0.765618
-0.062838
0.214881
-0.519089
0.977233
0.986938
0.372906
0.951659
0.574023
-0.935850
-0.223670
0.846797
0.703848
0.783013
0.492538
0.854305
-0.287210
-0.108554
0.084750
-0.523850
-0.817804
-0.465682
0.654958
0.937376
-0.672964
0.415510
-0.745598
0.496628
0.744377
0.619190
-0.461226
0.443281
0.418683
0.767449
-0.336772
0.233924
0.199011
0.095370
0.786920
-0.926267
-0.609607
-0.119297
-0.595019
0.871517
0.730094
0.343181
-0.301248
0.687857
-0.693594
-0.034333
0.204627
-0.410627
-0.614673
0.098910
0.753166
0.828547
0.957091
-0.517014
0.657399
0.570299
0.311747
0.976257
0.537828
-0.357646
-0.617969
0.884274
0.314920
0.696524
-0.888241
-0.580981
0.968139
0.373211
0.872799
0.242531
-0.691275
-0.440779
0.525315
0.635426
0.204749
0.021027
0.311625
0.365642
-0.044893
-0.425336
0.620594
0.574206
-0.665090
0.954344
0.376202
0.492477
-0.814753
0.439314
0.992676
-0.228309
-0.366314
0.439314
0.273537
-0.288125
0.062105
-0.881771
0.650807
-0.967956
-0.485885
0.140538
-0.302164
0.238136
0.184851
-0.192114
-0.622059
-0.588855
0.173681
0.675405
-0.609241
-0.501694
-0.359600
0.611255
-0.026337
-0.524827
0.744804
-0.601672
0.535020
0.832026
0.910642
0.658254
-0.312296
0.134068
0.790033
-0.577258
-0.063814
-0.435774
0.735527
-0.384869
0.191137
-0.403485
-0.584155
0.283609
-0.568407
-0.144139
0.396710
-0.389142
-0.606555
-0.069002
-0.475387
-0.381024
-0.451277
-0.218177
0.609363
0.495956
0.634754
-0.980346
-0.754875
0.969237
0.302774
-0.284890
-0.890133
0.841914
0.598682
0.353374
-0.738884
-0.844050
0.253456
-0.086276
0.099460
0.558031
-0.388897
-0.013092
0.620899
0.059175
0.818293
-0.604541
0.048372
-0.218970
0.659230
0.985229
-0.976196
0.697806
-0.099704
0.469466
-0.727226
0.868282
0.297769
0.754814
-0.986145
-0.259316
0.682913
-0.272744
0.551805
0.681509
0.673696
-0.579516
0.488205
-0.602771
-0.855831
0.695608
0.667653
-0.749992
-0.034150
0.578417
-0.213233
-0.083163
-0.349040
0.774957
0.364360
-0.181738
-0.740349
-0.738151
-0.715323
0.204443
0.209754
-0.907590
0.058321
0.614490
-0.934385
-0.711966
-0.118748
-0.249428
-0.190405
0.622669
0.153111
0.087130
-0.858211
0.441084
-0.765191
0.463729
0.440229
0.023164
0.853938
-0.825007
0.838435
0.304910
0.841365
0.472823
0.780938
0.802057
0.215552
-0.945799
0.341227
0.364422
0.192541
-0.697806
-0.040071
-0.473067
-0.902158
0.898923
0.525864
0.886166
0.520920
0.777947
0.535020
-0.216346
-0.624317
-0.386700
-0.171300
-0.457442
-0.948607
-0.684927
-0.435652
-0.424909
-0.735771
0.418195
0.558763
-0.360820
-0.343303
0.201270
0.976806
-0.249001
-0.954405
-0.618213
-0.195837
-0.747734
0.961791
-0.856624
0.098910
0.275430
0.205908
0.949828
0.186071
0.864559
0.049532
-0.089938
0.540941
-0.244728
-0.645131
0.151585
-0.333903
0.187963
-0.665883
0.806146
-0.932005
0.397076
-0.226417
0.713065
-0.598376
0.236854
0.275246
0.719535
-0.269265
0.244484
-0.496811
0.827815
0.880673
0.335795
0.408673
0.561022
-0.822504
-0.869015
-0.897519
-0.153050
0.058260
0.931578
-0.431196
-0.916013
0.577136
-0.976501
0.364849
-0.210059
0.731559
0.583361
0.283670
0.744987
-0.070284
-0.513108
0.318949
-0.478256
0.512497
-0.684256
-0.502487
0.931028
-0.470687
0.911374
0.829157
-0.658742
-0.114658
-0.311014
-0.884335
0.789605
-0.553087
0.672720
-0.601611
0.601611
0.394757
0.763115
-0.580065
-0.279641
-0.293802
0.012543
0.927854
0.583666
-0.637928
-0.351970
-0.226905
0.715751
-0.281838
0.778497
0.898434
-0.477706
0.033418
0.252541
-0.262551
0.932859
0.751091
0.687429
0.572619
0.433149
0.165685
-0.027741
0.887387
0.613575
0.723075
0.653737
0.924558
-0.864864
-0.084506
-0.467574
-0.119785
-0.068758
0.566698
-0.806818
-0.991272
0.449080
0.401227
0.832209
-0.494980
0.465316
0.959227
0.406598
0.136509
0.997131
0.141697
-0.229163
0.882504
0.822199
-0.153905
-0.415632
-0.655568
-0.050569
0.510849
0.241127
-0.259865
-0.603442
-0.402631
-0.642933
-0.024689
-0.925230
0.212195
0.877071
0.135105
0.400006
0.470626
-0.352458
0.557176
-0.834590
-0.673940
0.038728
0.375469
0.259377
0.341838
0.542405
-0.526292
-0.690664
0.008820
0.760186
-0.170568
-0.074374
-0.896725
0.312357
0.315104
-0.117649
0.740959
0.187841
0.816340
0.391644
-0.463607
0.321635
0.218238
-0.762932
-0.627857
0.274331
0.949705
0.135533
0.707938
-0.190222
0.997986
-0.227027
0.485214
0.670400
0.188208
0.029878
-0.150060
0.847102
-0.358135
-0.708304
0.883663
-0.203711
-0.418317
0.800714
-0.031465
-0.500778
-0.749748
0.769158
0.702872
0.684744
0.820307
0.600085
0.895688
0.493576
0.940062
0.383404
-0.613575
-0.955077
-0.897763
0.548082
-0.783929
-0.147557
0.399213
0.019257
0.147557
-0.990661
0.966369
0.317484
0.574572
-0.435591
-0.211158
-0.154332
0.991333
-0.843257
0.997681
-0.595691
0.015412
-0.769280
0.254189
0.358989
-0.730583
0.081820
-0.396039
0.059114
0.043794
-0.315714
0.764397
0.797235
0.640980
-0.294412
0.990356
0.969665
0.319193
-0.154637
-0.067660
0.667287
-0.063936
-0.064730
0.669607
0.986999
0.992126
-0.045198
0.741386
0.907346
0.943419
0.787286
-0.335978
0.178137
0.231971
-0.734550
-0.878475
0.289529
-0.817255
0.233924
0.238685
0.539048
0.332255
0.414716
-0.702078
0.787835
-0.395001
-0.766289
-0.347575
0.698172
-0.986938
0.818049
0.058809
-0.867306
-0.590258
-0.773919
0.171422
0.723685
0.254616
-0.495468
-0.267800
-0.179113
0.602405
-0.739799
-0.049593
-0.960814
-0.930906
-0.255837
0.124729
-0.225135
0.521958
0.073214
0.464766
-0.683218
0.328776
-0.348552
0.316324
0.497177
-0.852290
-0.984924
0.875729
0.103854
0.147679
-0.837214
0.846553
0.826655
-0.430525
0.748894
0.200537
0.081271
0.529710
0.490036
-0.407270
0.291604
-0.686392
-0.296976
0.377056
0.423750
-0.395734
-0.808954
-0.996216
0.906858
0.924863
0.567064
0.262062
-0.354778
-0.975463
-0.777459
-0.401105
-0.759331
0.863338
0.034333
0.888302
-0.158361
0.331523
-0.816034
-0.434004
-0.151219
0.451277
0.699759
0.743828
-0.828730
0.180212
-0.352947
-0.570177
-0.639576
-0.163244
-0.565294
-0.010712
-0.983093
-0.743034
0.463729
-0.619373
0.694510
-0.559130
0.892331
0.469832
-0.012238
-0.878719
0.199255
-0.666005
-0.380169
0.976867
-0.697867
0.642628
-0.523911
-0.776666
0.216529
0.415754
0.130467
-0.413617
-0.125950
-0.648000
-0.859859
-0.017243
-0.352031
-0.905271
-0.764885
0.695669
0.214026
-0.201636
0.900937
0.261391
0.241310
0.872616
0.628773
0.090182
-0.262551
0.465682
0.285989
-0.877987
0.915342
0.851558
-0.080294
0.667348
0.873348
0.265786
0.523240
-0.054781
0.973510
-0.460799
0.632496
0.308267
0.328288
-0.689322
-0.553453
-0.651662
-0.757988
-0.140721
-0.916807
-0.927305
-0.400616
-0.917478
0.572802
0.602588
-0.737541
0.591784
0.241554
-0.142857
0.510544
0.192602
-0.907773
0.082369
-0.782769
-0.212989
-0.122044
-0.701529
0.613208
-0.855220
0.758782
-0.709952
0.034333
0.720267
-0.474288
-0.415265
0.195898
-0.052461
-0.377850
-0.410932
0.470504
0.833857
0.025605
0.931455
-0.523484
0.485275
0.051607
0.878719
0.247475
-0.039705
-0.313639
0.317667
0.304117
0.049226
-0.943297
0.206763
-0.595019
-0.695914
-0.938597
0.717032
0.189550
0.032258
-0.952513
0.048982
-0.191321
0.228797
-0.266030
-0.380535
0.906858
0.180700
0.167211
-0.705313
-0.165136
-0.928831
0.686575
0.144810
-0.154759
-0.882199
0.773064
-0.411176
-0.655507
-0.263833
-0.464949
0.661794
-0.825434
0.455245
