0.138096
0.345622
0.288125
0.993835
-0.754265
0.543748
-0.060213
0.458480
-0.286905
-0.332987
0.302469
-0.877316
-0.096469
0.085116
0.885128
0.021332
0.404706
-0.156774
-0.052522
0.103000
0.837519
0.008393
0.529588
0.978271
0.007965
0.594226
0.527940
0.024689
0.148045
-0.035005
0.766839
-0.855403
0.861263
-0.032685
-0.861873
0.632862
-0.425459
0.110141
-0.542222
0.987060
-0.146702
-0.142491
-0.609058
-0.194250
-0.469955
-0.110691
0.143284
0.654347
-0.113498
-0.545274
-0.128269
-0.287454
-0.786126
0.326456
0.199622
-0.666982
0.259133
-0.215491
0.960570
-0.797906
0.375652
0.546739
-0.055208
0.472335
0.336467
0.216407
-0.596667
0.853877
-0.198523
-0.977233
-0.414594
0.606311
0.237648
0.573840
0.945738
-0.295511
0.604541
0.249733
0.912778
-0.083590
-0.811090
0.153783
-0.628162
0.293619
0.630238
-0.225684
0.359600
0.420759
-0.674001
-0.462264
0.413190
-0.684744
-0.452498
0.435102
0.750603
0.699026
0.624317
0.638661
-0.168432
-0.220923
0.111606
0.542894
0.374371
0.859249
0.924924
0.218116
-0.702750
0.074557
-0.818415
0.044404
-0.976806
-0.727775
0.899472
-0.621265
0.315775
-0.638722
-0.683645
0.085665
0.246498
-0.434370
-0.593738
-0.362163
0.466475
0.369243
0.776116
-0.239601
-0.360637
-0.298257
-0.573351
-0.052034
0.501572
-0.605762
0.124851
0.735038
-0.419599
-0.888180
-0.637684
-0.631092
0.112094
-0.754021
-0.554247
0.128086
-0.308206
0.955748
-0.989685
-0.643849
-0.572558
0.106479
-0.787225
-0.179418
0.769829
0.732475
-0.363323
-0.300638
-0.309610
0.591235
-0.038057
-0.001373
-0.556871
-0.335978
-0.626942
0.350871
0.648732
-0.394879
-0.985412
-0.861751
0.571581
-0.149876
-0.990417
0.566454
0.901425
-0.890683
-0.314493
-0.024384
-0.842158
0.896420
0.508286
-0.546007
-0.624195
-0.824213
0.172155
-0.763237
-0.952452
0.201575
-0.238868
0.271767
0.686331
-0.932676
-0.940123
-0.510544
0.201880
0.266213
0.772271
-0.576281
-0.002289
-0.469955
0.533982
-0.897214
-0.272561
0.004975
-0.118198
-0.038179
0.532884
0.596179
-0.406110
0.008271
-0.166356
0.659597
-0.438215
0.544786
0.023774
0.023652
0.997314
0.173254
-0.317728
0.710807
-0.768181
0.814081
-0.613880
0.329325
-0.490768
0.187414
0.179479
-0.879147
-0.851985
-0.041108
-0.459090
-0.354778
0.866939
0.812250
0.236671
-0.628956
0.445723
-0.511582
-0.008759
0.544542
-0.751335
-0.354961
-0.971984
-0.298807
0.983398
-0.385601
0.873348
0.123875
0.271645
-0.100192
-0.276162
-0.411786
0.834223
-0.982788
-0.837214
-0.267067
0.438398
-0.972533
-0.358684
0.220374
-0.396405
0.167699
-0.900998
-0.556993
0.393475
-0.548936
0.660512
0.174841
-0.747185
0.246559
-0.497909
-0.340251
-0.725822
-0.381268
-0.619373
0.184118
0.089999
-0.464278
-0.369121
0.968505
-0.612598
-0.577807
0.369182
-0.711478
-0.797418
0.218177
0.571825
0.957640
-0.675039
0.903806
0.802789
0.223975
0.963500
-0.009674
0.590686
0.579516
-0.859798
-0.290262
-0.066561
0.155126
0.622120
-0.287576
0.077670
0.174047
0.251381
-0.956481
-0.499374
-0.216590
0.777825
0.392010
0.677236
-0.928404
-0.646535
0.469344
0.994995
-0.600757
0.739372
-0.957579
-0.584033
0.188635
0.909116
0.745903
0.094577
0.526231
0.894833
-0.635365
0.058626
-0.484420
-0.107028
0.434309
-0.596545
-0.852168
-0.702200
0.548692
-0.605457
-0.187963
0.621326
-0.353557
0.711173
0.875179
0.888485
-0.385846
0.384747
-0.011750
-0.964293
0.777886
0.388348
-0.744865
0.975463
-0.820185
-0.608814
0.669729
0.220557
-0.581957
-0.436934
-0.932127
0.147740
-0.788507
0.314554
-0.388836
0.543748
-0.233070
-0.129002
0.364483
-0.192724
0.616565
0.534593
0.382672
0.183203
0.916440
0.934263
-0.107334
-0.653188
-0.521958
0.773003
-0.604907
-0.441877
-0.515305
-0.562548
-0.942625
0.621998
0.117588
0.365093
0.308451
-0.342143
-0.532823
-0.671926
0.597827
0.692434
-0.220252
0.456526
-0.871761
-0.123997
-0.175146
0.558214
0.148717
-0.072115
-0.367107
-0.123936
-0.187780
-0.244911
-0.375774
-0.986999
-0.105747
-0.547838
0.651479
-0.857662
0.860836
-0.095859
0.606983
0.048799
-0.726676
0.562243
0.066622
-0.224891
-0.746513
-0.268715
-0.915586
-0.213416
0.272073
0.430158
0.837092
0.960753
0.948973
-0.647694
-0.751579
-0.478256
0.735893
0.705679
0.788934
-0.653005
0.281350
-0.515061
-0.280618
0.336589
-0.310831
-0.509445
-0.845943
-0.298502
-0.400250
0.267983
0.261818
0.293802
-0.240822
0.860775
0.384869
-0.334880
-0.671804
0.044527
0.599719
0.349773
0.976684
0.589587
-0.145665
-0.295877
-0.156652
-0.540330
-0.704276
-0.618946
0.062899
0.776238
0.890561
0.225440
-0.525132
-0.023957
0.536302
0.812372
0.164281
-0.369915
-0.524155
0.742485
0.743339
0.356365
-0.214026
-0.401776
-0.893368
0.714347
-0.536424
-0.828608
0.971923
-0.604602
0.329814
0.428449
0.776055
0.721244
0.965819
-0.678396
-0.089450
-0.647938
0.641713
0.229591
0.931700
0.450423
-0.525315
0.235572
0.014130
-0.232093
0.807733
-0.645680
0.194861
-0.901120
-0.333842
0.547411
-0.293069
0.682608
0.956603
-0.892148
0.339640
-0.906430
-0.098727
-0.243324
-0.009674
0.885983
0.062593
0.952269
0.464095
-0.707144
0.848506
0.182897
0.702933
0.136448
-0.597583
0.893124
-0.995239
-0.301309
-0.125278
0.498276
-0.457930
-0.306009
0.149083
-0.590258
-0.087741
0.055757
-0.634144
0.892026
0.853267
0.507309
0.730155
0.833613
0.631703
0.175573
-0.070467
0.807611
0.429426
0.911313
-0.865902
-0.669607
-0.566881
-0.860042
0.976318
0.645802
-0.691153
-0.397443
-0.032441
-0.494064
-0.919370
0.699698
-0.719901
-0.458724
0.362651
0.237892
0.031526
0.131443
0.903256
0.554918
0.886471
0.118442
-0.540819
-0.449568
-0.300821
-0.858638
-0.576098
-0.767998
0.517991
-0.600513
-0.470565
-0.035493
-0.817743
0.028962
-0.138524
0.996338
0.248756
-0.408918
-0.167333
-0.943541
0.766717
0.527390
0.885067
-0.712638
-0.373394
-0.700430
0.170568
0.338237
0.158788
-0.811090
0.391583
-0.755547
-0.074068
0.829157
0.741813
-0.983886
0.040376
0.773370
0.062410
0.403363
0.724052
-0.994385
0.980834
-0.427351
-0.955382
0.193823
0.123325
0.510727
0.351787
0.681753
-0.898923
0.842219
0.068392
0.312418
0.099338
-0.015900
-0.820185
0.569933
0.896359
0.271279
-0.057833
0.225135
0.728996
-0.867122
-0.154881
-0.342265
0.098483
-0.480270
-0.754753
-0.243873
0.968810
-0.628285
0.447920
0.846492
-0.888485
0.785882
0.387432
-0.342021
-0.172155
-0.074496
0.140294
0.052644
0.397809
0.219520
-0.350078
0.583728
0.297342
0.129124
0.877804
-0.596850
0.532517
0.673757
-0.444502
-0.235267
0.930967
-0.999023
-0.476180
0.223670
-0.072726
0.545396
0.244667
0.270241
0.668874
0.553209
0.413373
-0.148595
-0.289712
0.186560
0.074252
-0.398480
-0.214393
0.575365
-0.591723
-0.012848
-0.025361
0.811090
-0.389386
-0.049776
0.222327
0.683889
0.065645
0.701041
-0.487716
-0.816950
0.515488
0.277383
0.800714
-0.637806
0.989319
0.355876
-0.900815
0.936277
-0.095737
-0.451094
-0.879025
-0.310648
-0.383343
0.478317
0.730522
0.357891
0.882015
-0.513474
-0.717338
0.168737
-0.802850
-0.366924
0.531236
-0.562426
-0.905820
0.174902
-0.500351
0.519883
-0.130711
-0.975768
-0.961241
-0.750114
-0.135228
0.722098
-0.446333
0.509201
0.338298
-0.886654
-0.064730
0.193091
0.814447
0.907834
0.220862
0.061129
0.808222
0.527390
0.182287
0.529405
-0.760186
-0.650380
0.215857
0.666250
0.109104
-0.028230
-0.206397
-0.171972
-0.663991
-0.015107
-0.556810
0.227210
0.850398
0.350505
-0.820612
-0.504440
-0.575549
0.916440
0.125401
0.608203
0.249794
0.915586
0.617664
-0.119907
-0.769036
0.425886
0.196265
-0.422163
-0.703299
-0.460799
-0.775750
0.737602
0.412641
-0.711417
-0.881649
0.575732
0.224403
-0.126194
-0.359600
-0.016755
-0.419294
-0.605457
0.064547
0.602588
-0.103488
-0.710807
0.368755
-0.517136
-0.901791
0.328654
0.761834
0.268777
-0.317850
0.763054
-0.862362
0.026948
-0.798517
-0.528184
-0.087497
0.818537
0.281411
-0.718802
-0.628712
-0.273476
0.957640
-0.288858
0.975219
-0.797906
0.089022
0.458846
-0.524522
-0.222022
0.176794
-0.742912
0.156957
0.144200
-0.575243
0.674978
-0.817316
-0.113132
0.168981
0.345988
0.930540
0.071566
0.621204
-0.848140
-0.192663
0.430525
-0.455428
0.899106
0.561754
-0.592273
-0.570360
0.332072
-0.912412
0.412030
0.392438
0.084323
-0.669485
-0.366131
0.505722
0.991089
-0.081027
0.573717
0.942137
-0.987976
-0.780450
-0.238014
0.589953
0.185705
0.768853
0.154515
-0.837947
-0.695975
-0.332072
-0.094150
-0.765618
-0.062838
0.214881
-0.822748
-0.499924
0.986938
-0.240944
0.951659
0.574023
-0.935850
-0.223670
0.846797
0.703848
0.721732
0.492538
0.854305
-0.287210
-0.108554
0.084750
-0.523850
-0.524522
-0.055391
0.654958
-0.032624
-0.672964
0.415510
-0.745598
0.496628
0.345683
0.619190
0.292947
0.443281
0.418683
0.767449
-0.608570
0.233924
0.199011
-0.101596
0.440474
-0.222877
-0.609607
-0.592639
-0.595019
0.871517
0.730094
0.343181
-0.301248
0.687857
-0.693594
-0.034333
-0.078524
0.818720
0.143223
0.098910
-0.405316
0.828547
0.957091
-0.517014
0.657399
0.570299
0.311747
0.976257
0.834040
0.236915
0.998962
0.884274
0.314920
0.696524
0.502548
0.809503
0.968139
0.373211
-0.539659
0.242531
-0.653371
0.220252
0.525315
0.635426
-0.056307
0.021027
0.311625
-0.963744
-0.044893
0.070833
0.620594
0.574206
-0.665090
0.954344
0.376202
0.492477
-0.814753
0.439314
-0.926817
-0.228309
0.590747
0.609180
0.273537
-0.288125
0.062105
-0.881771
0.112766
-0.967956
-0.485885
0.876461
-0.002960
0.702261
-0.793573
-0.192114
-0.622059
-0.383038
0.904538
-0.325358
0.801813
0.415571
-0.601856
-0.273293
-0.986084
-0.524827
0.744804
-0.601672
0.535020
0.832026
0.910642
-0.338542
-0.312296
0.134068
0.790033
-0.394940
0.263100
-0.435774
0.735527
-0.384869
0.191137
0.890439
-0.584155
0.283609
0.157201
0.087069
-0.479843
-0.389142
0.407025
-0.069002
0.140965
-0.381024
-0.451277
-0.218177
-0.168432
0.495956
0.634754
-0.980346
0.817499
-0.709220
0.302774
0.124851
0.793023
0.841914
0.598682
-0.937132
-0.730766
0.548753
0.178869
-0.786431
-0.180151
0.405011
0.195532
-0.013092
-0.552599
0.059175
-0.660878
-0.604541
-0.347697
-0.218970
-0.119175
0.290933
-0.976196
0.697806
-0.099704
0.469466
-0.727226
0.868282
0.297769
0.754814
-0.986145
-0.652821
0.082369
-0.439680
0.551805
0.495041
-0.832392
-0.987732
0.488205
-0.602771
0.141026
-0.893307
0.667653
-0.749992
-0.034150
0.944578
-0.213233
-0.083163
0.103244
-0.563646
-0.602588
-0.827204
-0.740349
-0.738151
-0.715323
0.204443
0.209754
-0.907590
0.058321
-0.667531
-0.934385
-0.711966
-0.118748
0.828913
-0.190405
0.622669
0.153111
0.087130
0.558580
0.040742
-0.765191
0.463729
0.440229
0.023164
0.853938
0.879635
0.838435
0.304910
0.700491
0.472823
0.780938
-0.439863
-0.383343
-0.945799
0.917478
0.364422
0.640431
-0.697806
-0.040071
-0.473067
-0.902158
0.898923
0.125217
0.886166
-0.614307
0.777947
0.535020
0.276894
-0.624317
-0.386700
0.878170
0.876949
-0.948607
-0.684927
-0.435652
-0.424909
-0.735771
0.418195
-0.086154
-0.360820
-0.343303
-0.380596
0.976806
-0.249001
-0.954405
-0.618213
-0.195837
-0.747734
0.961791
-0.856624
0.812555
0.580126
0.205908
0.919553
0.217566
0.864559
0.049532
0.874935
0.540941
-0.244728
-0.645131
0.151585
-0.333903
0.187963
-0.665883
0.806146
-0.932005
0.397076
-0.226417
0.713065
-0.598376
0.393902
0.275246
0.041780
-0.269265
0.244484
-0.496811
0.827815
0.880673
0.335795
0.759331
0.217322
-0.822504
-0.944456
-0.897519
-0.153050
0.058260
0.931578
-0.431196
-0.916013
0.956297
-0.692740
0.364849
-0.210059
-0.802667
0.583361
-0.553941
0.744987
-0.070284
-0.513108
0.318949
-0.478256
0.512497
0.873531
-0.502487
0.631153
0.913999
0.911374
0.829157
-0.806024
-0.114658
-0.311014
-0.777276
0.789605
-0.553087
0.267922
0.292337
0.601611
0.394757
0.763115
-0.580065
-0.279641
-0.327494
0.012543
0.120029
0.583666
-0.637928
-0.351970
-0.566027
-0.458235
-0.283181
-0.360332
0.898434
-0.477706
0.033418
0.252541
-0.652516
-0.309000
-0.929319
0.496811
0.572619
0.433149
0.165685
-0.027741
-0.926267
0.613575
-0.667165
0.653737
0.924558
0.945738
-0.084506
-0.104526
-0.856807
-0.068758
-0.796808
-0.806818
-0.991272
0.083712
0.401227
0.313761
-0.494980
0.465316
0.959227
0.406598
0.136509
0.997131
-0.415143
0.738578
0.882504
0.822199
-0.153905
-0.415632
-0.655568
-0.050569
0.915525
-0.191076
-0.217322
-0.897763
0.526536
0.102451
-0.024689
-0.925230
0.212195
0.877071
-0.160558
0.400006
0.470626
0.705924
-0.796503
-0.302530
-0.673940
-0.273721
-0.784173
0.259377
-0.337626
0.542405
0.126621
-0.690664
-0.789483
0.760186
-0.725517
-0.074374
-0.896725
0.312357
0.315104
-0.117649
0.740959
-0.690847
0.816340
0.391644
-0.463607
0.321635
0.350383
-0.762932
-0.627857
0.965331
0.186438
-0.085482
0.707938
-0.190222
0.997986
-0.227027
0.485214
-0.008209
-0.107334
0.029878
-0.759636
0.407086
-0.358135
0.674123
0.952452
-0.203711
-0.418317
0.800714
-0.031465
-0.500778
-0.749748
0.769158
0.702872
0.684744
0.820307
0.600085
0.536912
-0.582995
-0.116977
0.383404
-0.072420
-0.955077
-0.897763
0.112278
-0.783929
0.701590
0.399213
0.019257
0.147557
-0.990661
0.966369
0.317484
0.574572
-0.435591
-0.991394
-0.196020
0.991333
0.389019
-0.551012
-0.595691
0.027192
-0.213477
0.254189
0.358989
-0.540391
0.765679
-0.396039
0.590808
0.043794
-0.315714
0.764397
0.797235
0.640980
-0.294412
0.990356
0.431013
-0.066256
-0.154637
-0.067660
0.667287
-0.348125
-0.064730
-0.494858
0.986999
0.992126
-0.045198
0.741386
0.147191
0.943419
0.764153
-0.335978
0.160924
0.231971
-0.734550
-0.878475
0.289529
-0.992126
0.233924
0.800958
-0.619617
0.332255
0.414716
-0.702078
0.787835
-0.395001
-0.766289
-0.347575
0.698172
-0.986938
0.818049
0.058809
-0.428083
-0.590258
0.387921
0.171422
0.723685
0.254616
-0.495468
-0.267800
-0.179113
0.511155
-0.739799
-0.049593
-0.426374
-0.930906
-0.255837
-0.322550
-0.225135
-0.139866
0.073214
0.184606
-0.683218
-0.788263
-0.348552
0.316324
0.826044
-0.087436
-0.793451
0.875729
-0.144871
0.985839
-0.837214
0.846553
0.826655
-0.427168
0.748894
0.200537
-0.927854
0.529710
0.722282
0.003388
-0.362285
-0.199316
-0.296976
-0.619068
-0.907102
-0.395734
-0.808954
0.853572
-0.706229
-0.225013
0.567064
0.262062
-0.354778
-0.975463
-0.777459
-0.401105
-0.398480
0.863338
0.034333
0.888302
-0.158361
0.331523
-0.816034
-0.434004
-0.151219
0.169225
0.699759
0.743828
-0.296304
-0.818171
-0.352947
-0.570177
-0.639576
-0.163244
-0.565294
-0.010712
-0.983093
0.127720
0.475814
-0.184912
0.694510
0.170141
-0.011994
0.469832
-0.012238
-0.057100
0.199255
0.690542
-0.380169
-0.719108
-0.697867
0.642628
-0.523911
-0.776666
0.216529
0.415754
0.130467
-0.085788
-0.125950
-0.068148
-0.859859
-0.017243
-0.352031
-0.905271
-0.764885
0.161962
0.119419
-0.201636
0.900937
-0.726066
0.241310
0.872616
-0.456099
0.090182
-0.262551
0.465682
0.285989
-0.786248
0.915342
0.851558
-0.080294
0.667348
0.873348
0.265786
-0.341227
-0.054781
-0.281533
-0.460799
0.632496
0.308267
0.328288
-0.558214
-0.873959
-0.981567
-0.757988
-0.140721
-0.916807
-0.927305
0.701529
-0.917478
-0.123142
-0.008332
0.266945
-0.666372
0.319132
-0.142857
-0.575976
0.192602
-0.835566
0.082369
-0.782769
-0.212989
-0.122044
0.217200
0.613208
-0.159093
0.758782
0.813227
-0.750175
0.987121
0.137852
-0.301675
0.195898
-0.052461
-0.858821
0.788995
-0.007355
0.833857
0.025605
0.931455
0.895016
0.485275
0.051607
0.878719
0.247475
-0.039705
-0.840205
0.317667
0.159642
0.049226
-0.888791
0.206763
-0.595019
-0.695914
-0.938597
0.717032
0.189550
0.032258
-0.952513
0.048982
-0.191321
-0.058321
-0.266030
-0.380535
0.906858
0.180700
0.167211
-0.265603
-0.165136
0.863277
0.686575
0.144810
-0.154759
-0.882199
0.773064
-0.287576
-0.655507
0.085055
0.785577
-0.329325
0.401166
0.455245
