-0.403546
0.082064
-0.314920
-0.476791
0.200354
0.952269
0.057833
0.338359
0.248817
0.973754
-0.686880
-0.328410
0.066622
-0.761711
0.570849
-0.743034
-0.381756
0.319864
-0.718314
-0.188330
0.126682
0.249001
0.238075
-0.499313
-0.587268
0.944456
-0.520493
0.151097
0.071688
0.741874
0.259377
-0.778863
-0.428022
0.389386
0.555834
0.602893
0.720206
0.997192
0.917417
0.079134
0.903256
-0.910459
0.972777
0.213233
0.356731
-0.889157
-0.571398
0.961852
-0.494675
0.536851
-0.950377
0.495346
0.386883
0.920408
0.292703
-0.824213
0.923460
-0.371624
0.691763
-0.909848
-0.653493
0.810236
0.895566
0.901975
0.106113
0.680227
0.172155
-0.450850
-0.567736
0.129429
0.250343
0.592822
-0.549730
-0.823420
-0.420698
-0.420209
0.052828
-0.171178
0.977783
0.053804
0.418317
-0.048738
0.308267
0.725639
-0.340922
0.153172
0.430036
0.740837
-0.317423
0.795343
-0.182409
0.661977
-0.236976
0.115146
0.157079
0.673574
-0.577136
0.751762
-0.118259
0.870113
0.216712
0.225623
-0.397076
-0.582018
-0.008148
-0.714652
-0.002655
-0.277749
0.331156
-0.277627
-0.068209
-0.602222
0.406049
-0.201392
-0.119297
-0.529221
0.361187
0.791681
-0.184118
-0.166662
-0.652638
0.158971
0.443281
-0.142796
0.457808
0.984558
-0.172582
-0.531480
0.915891
0.188696
-0.937925
-0.254006
0.253761
0.677480
0.678457
-0.812006
0.512803
-0.913694
-0.796136
-0.354106
0.982482
-0.795404
0.805841
0.827143
0.148534
-0.632801
-0.380047
0.782220
-0.689932
0.957274
-0.451399
-0.307840
-0.401349
-0.023347
0.202673
-0.978576
0.512131
0.187597
0.347636
0.799554
0.076144
0.408368
0.868954
-0.597461
0.355693
0.921201
0.591601
0.019623
0.683584
0.880062
0.273476
0.882321
0.497787
-0.172521
0.391461
-0.420209
0.621265
0.478927
-0.096347
0.446394
0.493088
0.007111
-0.779290
-0.071688
0.510666
-0.263466
-0.286721
-0.090670
0.155980
0.899411
0.424055
-0.857295
0.477767
-0.660268
-0.098483
-0.947752
0.761467
-0.232521
0.454146
-0.015473
0.255287
-0.174657
0.371563
-0.987060
0.684194
0.741508
-0.387677
-0.686819
0.077181
-0.785638
-0.324808
-0.322428
0.277505
0.992737
-0.762627
-0.547777
-0.516160
-0.390545
-0.039033
0.643483
-0.266640
0.416852
0.392438
0.163488
0.973998
0.126499
0.776605
0.068270
-0.834712
-0.947264
-0.786004
0.687002
0.016694
-0.139195
-0.014985
0.264748
-0.548326
-0.140538
0.597949
0.844600
0.500473
-0.142064
-0.901303
0.472030
0.903989
-0.973693
0.840144
-0.325358
-0.480087
-0.036164
-0.790338
-0.470321
0.055696
-0.323954
0.520676
0.728324
-0.801813
-0.270608
-0.791559
-0.028230
-0.794000
0.647633
0.399091
0.735832
-0.218909
0.236488
-0.045137
-0.872188
0.976745
0.095065
0.893857
-0.008393
-0.977905
-0.705191
0.266030
-0.968322
-0.700552
-0.909604
0.340556
0.767632
-0.332560
0.909177
-0.899167
-0.581652
0.389508
-0.716178
-0.226539
0.708304
0.003632
0.889279
0.517502
-0.216956
0.200720
-0.802057
0.600513
-0.739067
-0.033296
0.065889
0.894589
0.632008
0.546922
0.850520
-0.797479
-0.860958
-0.728935
0.026704
-0.711234
0.931028
0.382916
0.121372
0.825739
-0.102817
-0.906796
0.508652
-0.324992
0.357524
-0.666128
0.556383
-0.544542
0.538133
-0.373760
-0.030183
-0.983947
-0.492355
-0.029145
-0.193640
0.429121
-0.818232
-0.469405
0.178503
-0.893002
-0.975341
-0.154454
0.260781
-0.675161
-0.695975
-0.635792
-0.924802
0.816889
0.444319
0.120518
0.450728
-0.935728
0.694937
-0.019196
-0.580309
-0.975219
0.378582
0.564623
0.129917
-0.437239
-0.917051
0.387005
0.051546
-0.152013
0.339640
0.571520
-0.611133
-0.007599
0.878048
0.327494
0.574938
0.056001
0.668325
0.905698
-0.895322
-0.683950
-0.129307
-0.295877
0.211402
-0.795953
0.922971
-0.806940
-0.004791
0.655019
0.538133
-0.919919
-0.251869
-0.346416
0.415937
-0.414350
0.229591
-0.484848
0.148473
-0.686758
0.228675
-0.103488
0.001740
-0.673086
0.216468
0.557360
-0.759087
-0.450606
0.105380
-0.673574
-0.743645
0.025727
-0.445296
-0.894223
-0.880184
0.340861
0.064608
0.306681
0.975219
0.626576
-0.311075
-0.235328
-0.598560
-0.870052
-0.280862
-0.283364
0.950438
0.631703
0.368450
-0.125828
0.897275
-0.925657
0.877987
0.646718
-0.844172
0.889462
0.107028
0.160375
-0.368572
-0.737602
-0.571032
0.469039
0.625660
0.389080
0.955687
-0.933226
-0.094882
0.491379
0.167089
0.872311
0.070406
-0.822810
-0.264626
0.432112
-0.402326
0.996399
0.361003
0.173254
0.562853
0.597888
0.382794
0.184240
-0.133885
0.720817
-0.343364
0.103305
-0.129734
0.768792
0.688833
0.689016
-0.539781
0.986938
-0.183081
-0.594104
-0.805780
0.401166
-0.498520
-0.146275
0.647633
-0.766961
0.527573
0.867244
0.161718
-0.936583
0.117161
0.921079
0.043184
0.693899
-0.300333
-0.859554
0.465438
-0.344096
0.723441
-0.351482
-0.413800
-0.758232
-0.178625
-0.453352
0.859004
0.855159
-0.199927
-0.639821
-0.947996
0.402203
0.482101
-0.054720
-0.550157
-0.284463
-0.778253
-0.612598
-0.806269
0.556932
-0.439619
-0.813349
0.921751
-0.030854
-0.671926
0.288064
0.647633
0.153478
0.830378
0.768609
0.672414
0.756462
0.286782
-0.935667
-0.973449
-0.312967
-0.378704
0.238563
-0.570360
-0.765374
0.032258
0.004181
-0.051424
-0.516648
0.796503
0.205969
-0.128330
-0.561205
0.690237
0.442549
-0.205176
0.999878
0.067354
-0.626698
0.221229
0.862117
0.065401
-0.075900
0.589526
-0.036348
-0.508286
-0.557787
-0.648854
-0.589709
0.693167
0.089572
0.252846
-0.376446
0.557909
0.133396
0.782220
0.488021
-0.462264
0.816401
-0.294290
-0.911985
0.583483
0.154637
-0.994629
0.157201
-0.249489
0.869503
0.624073
-0.674795
0.696768
-0.844234
0.539476
0.119175
-0.374432
-0.242347
-0.026643
-0.576037
-0.607959
-0.398907
-0.764397
-0.799310
0.788751
0.826716
0.268654
-0.073519
0.992553
0.513291
0.914670
-0.283242
-0.585864
-0.225135
-0.666250
-0.667837
-0.225440
-0.835749
-0.285379
-0.223182
-0.475326
0.204993
-0.420392
-0.053926
-0.731132
0.943236
0.132603
-0.793329
0.401715
-0.035981
0.365520
0.950194
-0.898679
0.487594
-0.202551
-0.766717
0.663076
0.232948
0.808405
0.298196
-0.657949
-0.462630
0.519150
0.977355
0.397565
0.865596
0.108066
-0.497360
0.168371
0.911924
0.460005
-0.597156
0.778619
-0.324747
0.999634
0.123753
-0.661855
0.830439
-0.233070
-0.050447
0.573840
0.647145
0.978820
-0.477340
0.484603
0.515427
0.261635
0.579882
-0.236671
-0.766655
-0.558580
-0.215430
-0.754692
0.701224
-0.671987
0.669668
0.630238
-0.285379
-0.992920
0.250160
0.042268
-0.621632
-0.348308
0.240577
-0.689138
-0.533921
0.048372
0.985473
-0.523667
0.882565
0.254433
-0.642750
-0.848750
-0.118381
0.571825
-0.362163
-0.350078
-0.423566
-0.453352
0.893918
-0.858516
0.363506
0.473983
0.726371
-0.271096
-0.160009
-0.292825
0.520859
-0.078646
-0.245766
0.627613
-0.009430
0.089450
-0.314066
-0.037080
0.060213
0.577746
0.113132
0.472640
-0.552904
-0.568896
0.571154
-0.576769
-0.726066
-0.147008
-0.991394
-0.946593
0.142430
-0.004120
0.606189
0.601856
0.047639
-0.605884
-0.725822
-0.706595
0.373821
0.964049
0.732170
0.303385
0.401654
-0.906674
-0.393902
-0.860347
0.745476
-0.178991
0.552782
0.953856
0.603931
-0.549730
-0.346599
-0.412946
0.725150
-0.885067
-0.657460
-0.930296
-0.083834
0.671133
0.943236
0.427778
-0.251991
-0.589221
-0.749748
0.201514
0.783441
0.118137
-0.960509
0.254677
-0.721549
0.812555
-0.170385
-0.200354
-0.521592
0.770989
-0.593371
0.244301
-0.216773
-0.924131
0.910581
0.174841
0.626392
0.683645
0.479965
-0.616688
-0.167516
-0.815729
0.471541
0.903073
0.083102
0.998779
0.825068
0.591784
-0.430342
0.275918
0.478195
0.977111
0.647328
-0.240089
0.048738
0.785699
0.389447
0.341533
-0.109165
0.105136
-0.036531
-0.789361
-0.040681
0.512253
0.229713
0.425214
-0.230384
-0.602161
-0.790338
0.904233
-0.306314
0.187414
-0.628285
0.976562
-0.574206
0.228858
0.628346
-0.999573
-0.022370
0.376812
-0.530198
-0.299783
-0.065157
-0.443770
0.916196
0.541124
0.295145
0.597339
0.885495
0.845271
-0.135105
-0.455245
-0.175390
0.100436
0.672414
0.531663
0.399945
0.576891
0.218238
0.501877
0.372234
-0.474349
-0.040010
-0.697806
0.571215
0.273659
0.420270
0.254677
-0.064852
0.021516
0.767876
-0.994934
0.008148
0.782037
0.602466
0.154759
-0.824824
0.546556
-0.843074
0.924497
-0.672170
-0.660634
0.039033
-0.227943
0.314737
0.127415
-0.113315
-0.424848
-0.002106
0.164708
0.697806
0.969481
-0.818415
-0.189734
0.042940
0.285440
0.317057
0.422040
-0.337565
-0.509568
-0.254799
-0.824824
0.827937
-0.126804
0.453902
-0.731803
-0.527085
0.389508
0.111850
-0.634388
0.844356
0.289102
0.527818
0.078463
-0.204993
-0.620594
-0.170019
-0.010834
0.472091
-0.494430
0.480270
-0.150426
0.198828
-0.544786
0.342631
0.397992
0.343547
-0.530808
-0.332560
-0.201575
-0.274697
0.573656
0.330119
-0.818293
0.257485
0.913083
-0.473312
0.286294
-0.261757
0.776727
-0.511643
-0.862728
0.994690
0.568163
0.474166
0.184790
-0.183935
-0.578784
-0.020234
0.010712
-0.686392
0.882199
-0.034700
-0.302225
-0.549120
-0.109287
0.457869
0.231300
-0.096042
0.951170
-0.940855
0.522691
-0.028291
0.350017
0.487411
0.288491
-0.828181
0.324747
0.424421
0.310587
0.109653
0.020295
0.594226
0.029389
-0.693960
-0.647206
-0.108921
-0.703787
0.635731
0.945738
0.968871
-0.045076
-0.714103
0.013886
-0.358684
0.641102
0.653920
0.985107
0.659963
0.857173
-0.725883
-0.381329
0.900571
-0.256508
-0.861324
0.422346
0.490768
-0.229347
0.390423
-0.301126
0.435041
-0.664296
0.217689
0.384991
-0.528916
-0.608631
0.046297
0.341288
-0.825922
-0.580065
0.308023
0.728385
-0.835627
0.085360
0.074801
-0.869320
0.353618
-0.594165
-0.522935
0.159886
-0.238441
0.567980
-0.150731
0.197363
0.284280
0.368328
-0.326823
0.433576
-0.774285
0.158971
-0.691763
-0.584155
-0.913938
-0.243812
-0.752739
0.535386
-0.207984
0.823542
0.412397
-0.278787
0.532517
-0.597400
-0.428327
-0.786431
0.208533
0.857356
-0.435713
-0.276589
0.234107
0.239662
0.808893
-0.557787
-0.288553
0.743461
-0.330363
0.673879
-0.590869
-0.972777
-0.694876
-0.683157
-0.099338
-0.911130
0.146397
0.638417
-0.723258
0.781182
-0.896176
0.695914
0.461898
-0.732047
0.622730
-0.545946
0.283731
-0.942564
0.403974
-0.669668
0.297220
-0.255715
-0.170324
-0.165746
-0.732658
-0.598193
-0.304483
-0.472213
0.618213
0.473922
0.669607
0.879086
-0.894345
0.022919
-0.811823
-0.549059
-0.479781
-0.403790
-0.592212
-0.289712
-0.820124
-0.658437
0.831782
-0.114292
-0.202918
-0.638234
0.009919
-0.432295
-0.269509
0.041780
0.458052
-0.645436
0.587634
0.603626
-0.914243
-0.297769
-0.876705
0.154393
-0.542283
-0.884884
0.405805
0.243141
0.908811
-0.070650
-0.229774
-0.053743
0.787774
0.956359
-0.592334
0.261330
0.904782
0.411115
0.091342
-0.454268
0.769829
-0.667470
0.852168
0.057649
-0.322123
-0.881039
-0.800104
0.066195
-0.461409
-0.977172
-0.594653
0.125217
0.651296
-0.591968
-0.612171
-0.667653
0.908139
-0.707938
-0.471236
-0.199561
0.825556
-0.117893
0.170568
0.620838
-0.520554
0.182714
-0.351848
0.696402
0.875668
-0.696585
-0.333964
0.600574
-0.878658
-0.707877
-0.168126
-0.544908
0.937254
0.437727
-0.563829
-0.999084
0.862911
-0.438398
0.348125
-0.141331
-0.130589
-0.376995
0.153294
-0.722404
-0.211707
-0.347880
-0.913388
0.593677
0.295083
-0.646290
0.032380
0.461959
-0.062227
-0.365947
0.645375
0.616077
0.335429
-0.234901
0.694388
-0.657582
-0.429487
0.605152
0.370769
0.727165
0.198584
-0.994079
0.729057
0.320170
-0.808100
-0.174841
-0.223060
0.414716
0.316568
0.666250
-0.907468
0.979614
-0.643666
-0.934141
0.009308
-0.171545
0.710868
0.309305
0.482833
-0.486923
-0.780267
-0.042756
-0.694998
-0.102512
-0.708853
0.901852
-0.860042
0.300211
-0.894467
0.337260
-0.570605
0.624012
-0.481185
-0.417524
-0.973022
0.543565
-0.705130
-0.475387
-0.615406
0.455306
-0.924680
0.125950
0.304178
0.456221
-0.912961
-0.199072
0.715079
-0.268899
-0.513718
0.750420
0.140294
0.301309
0.494003
0.381390
-0.493637
0.220374
-0.069552
0.849422
-0.294595
0.988281
-0.629749
-0.599841
0.956053
0.280190
0.439802
-0.071749
-0.681265
-0.738578
-0.528245
-0.331034
0.739738
-0.679373
-0.330973
-0.001129
-0.309732
-0.424116
0.658925
0.535203
-0.163854
0.553148
-0.374248
0.252235
-0.183569
-0.922605
0.861812
-0.268166
0.550707
-0.085482
0.538133
-0.516099
-0.058626
0.486801
0.188940
-0.740654
0.455672
-0.040071
-0.378765
-0.675344
0.082614
0.011689
0.747734
0.569933
0.599231
0.492721
-0.891903
-0.525498
-0.503159
0.755913
0.492538
0.008820
-0.397992
0.462569
-0.422590
-0.480026
0.645985
-0.541246
-0.727042
-0.419172
0.001801
0.645802
-0.121006
0.462813
-0.766045
-0.414411
-0.173254
-0.510483
-0.639637
-0.314310
0.009919
-0.990295
0.646962
-0.601367
0.466536
-0.019745
-0.671499
0.172704
0.016449
-0.621876
0.948180
0.958800
0.065462
-0.658864
0.289895
0.883053
0.213965
0.328776
-0.410993
-0.396832
0.759087
0.869198
-0.477218
0.658376
-0.049348
-0.265664
-0.870724
-0.654164
0.802240
-0.603442
0.769158
0.074007
0.985229
0.237098
-0.503830
0.680960
-0.038423
-0.766655
0.783929
0.575854
-0.468978
-0.156407
0.490951
0.533616
-0.256752
0.053743
-0.541063
0.864376
-0.440229
0.150670
-0.320536
0.036836
-0.721488
-0.457320
-0.303751
-0.710257
-0.346294
-0.240089
0.857173
0.499496
-0.391522
-0.557237
-0.633961
0.414167
-0.469344
0.940184
-0.634510
0.343364
-0.127415
-0.349223
-0.865780
0.503525
-0.887875
-0.959716
-0.301614
-0.263588
-0.610645
-0.668020
0.631520
-0.448775
-0.091830
-0.642079
-0.261513
0.268105
-0.573168
0.930601
0.523789
0.544786
-0.950011
0.511887
-0.239662
-0.350017
0.029206
-0.913022
0.236244
0.015168
0.696951
0.640858
0.415021
0.856014
-0.839473
-0.742546
0.615894
0.520066
0.639088
0.935850
-0.238624
0.953673
-0.606616
-0.641774
-0.141331
-0.943968
-0.235206
0.951476
0.333598
0.174352
0.377606
-0.439863
0.683157
0.984497
0.649770
-0.233375
-0.596057
0.614429
0.561998
0.896054
-0.541673
0.852229
0.993835
0.747917
-0.775628
-0.722648
-0.643178
-0.780023
-0.625050
-0.629383
0.278542
0.871029
-0.957396
-0.322489
0.288369
0.967650
-0.915036
0.385113
0.516099
-0.355754
0.910886
-0.648427
-0.711295
-0.431745
-0.169347
-0.601794
-0.491562
0.898862
-0.756279
0.084201
-0.522507
0.670339
0.446944
-0.179052
0.931394
-0.975951
-0.316568
0.085910
-0.040010
0.540819
0.928465
-0.875118
-0.259621
0.157689
0.323283
-0.463057
-0.536912
-0.625599
0.688284
0.136937
0.517258
0.832575
-0.365764
0.003815
0.471236
0.009125
-0.272439
0.897092
-0.752556
0.558153
-0.288247
0.527451
0.289529
-0.611133
-0.785943
0.896603
-0.036531
-0.825495
-0.505417
0.701834
-0.564684
-0.909848
-0.333903
-0.731193
-0.203467
0.006806
0.390301
0.389935
0.583728
0.960448
-0.017853
-0.652333
-0.214209
0.934019
0.823847
0.551439
-0.352031
0.502548
-0.764885
-0.746452
-0.029206
-0.273721
0.212989
0.039705
-0.782525
0.850154
-0.224158
0.107517
-0.939329
-0.807917
0.538194
-0.701041
-0.789727
0.752678
-0.532456
-0.568163
-0.027558
-0.700858
0.821345
0.748100
0.108554
-0.946165
0.661184
0.038728
0.565538
0.024751
0.839778
-0.287332
0.340068
-0.068270
-0.727287
0.488144
0.051729
0.962096
0.096652
0.324625
-0.075533
0.946593
0.338969
0.111423
-0.588977
0.628956
0.647877
0.607105
0.341350
0.007721
-0.484664
-0.252052
-0.972228
0.159581
-0.293985
0.852351
0.955321
0.637074
0.769036
-0.960326
0.391705
0.587573
0.316385
-0.693777
-0.481246
0.497909
0.536058
0.716178
0.211768
0.094455
0.019623
-0.059114
-0.516953
-0.281289
-0.361126
-0.169836
0.886349
0.811518
-0.045442
-0.492538
0.321696
-0.085177
-0.617420
-0.058992
-0.882260
0.626087
-0.063875
0.721122
-0.937193
-0.334147
0.970031
0.342143
0.591479
0.885311
0.742119
0.055330
0.577807
-0.053743
0.984008
-0.308695
0.117832
0.825190
-0.264626
0.577136
-0.609729
0.568468
0.203833
-0.348796
-0.800836
0.544969
