0.175207
0.082064
0.381878
0.882443
-0.157872
-0.474471
-0.075411
-0.888180
0.845943
0.838252
-0.143773
0.619312
0.365581
0.883297
-0.214820
0.017304
0.816340
-0.479904
0.359600
-0.188330
-0.593066
0.394086
-0.023225
-0.499313
0.519883
0.555589
0.577685
0.844111
-0.763787
-0.674245
0.259377
-0.905698
0.432295
0.205359
0.820124
0.602893
0.703055
-0.040315
0.899411
-0.418683
-0.814631
0.340129
0.616749
-0.910398
0.356731
-0.405622
-0.571398
0.961852
0.037385
0.432173
0.676199
-0.867733
0.337931
0.304910
-0.406720
-0.034150
0.151402
-0.610279
-0.378094
0.640675
0.485824
0.810236
0.981506
-0.897885
-0.288858
0.941832
0.972106
0.685842
-0.567736
-0.570299
0.886898
-0.169042
-0.352519
0.573840
-0.756096
-0.961119
0.772210
-0.171178
-0.418256
0.036653
-0.693289
-0.084750
0.433088
0.546983
-0.484359
-0.956359
0.752678
0.740837
-0.702139
-0.787713
0.817560
0.287088
0.416791
-0.179601
-0.644215
0.864620
0.146519
0.828608
-0.996643
0.208228
-0.598560
-0.471419
0.936766
-0.696585
-0.496261
-0.053621
0.924009
0.011322
-0.224525
0.330119
0.837275
-0.602222
-0.985900
0.959777
0.228004
-0.847224
-0.683645
0.791681
-0.184118
0.012970
0.655507
-0.872005
-0.439436
0.314249
0.234779
-0.796442
0.336772
-0.312296
0.990844
0.061983
-0.244606
0.825007
-0.087863
-0.960265
0.194189
-0.812006
0.512803
-0.913694
0.527390
-0.254006
0.600330
0.093905
-0.600574
-0.948668
0.283792
-0.335551
-0.380047
0.938292
0.054720
0.614124
-0.451399
-0.811701
0.741813
-0.023347
0.583728
-0.556017
-0.292520
-0.741264
-0.102084
0.864864
-0.998474
0.465804
0.415387
-0.982910
-0.516282
-0.699820
-0.110263
0.883847
0.442366
0.058321
0.492294
0.072359
-0.005402
0.730827
0.869381
-0.892026
0.621265
0.478927
0.283853
0.943968
0.324625
-0.848811
0.070406
-0.921628
-0.324564
-0.782098
0.235817
0.175146
0.121677
-0.111179
-0.129307
-0.857295
0.980163
-0.957457
-0.769341
-0.947752
0.761467
0.362651
-0.514939
-0.015473
-0.458480
0.857967
-0.749382
0.249977
-0.968566
-0.700491
-0.251625
0.626576
-0.286111
-0.208106
-0.311991
-0.645436
0.640980
0.992737
0.442915
-0.981201
0.401654
0.003510
0.879818
0.224158
-0.211463
-0.256813
0.483932
0.012116
0.356609
-0.592639
0.080844
-0.239113
0.034822
0.903928
-0.578600
0.572802
0.179235
0.344951
0.500107
-0.120640
-0.886654
0.854305
0.808832
-0.692251
-0.065279
0.749016
-0.901303
0.566942
-0.996338
-0.760491
0.840144
-0.725822
0.136753
-0.855525
-0.036775
-0.837092
-0.113804
0.903745
-0.614246
0.728324
-0.132969
0.120823
0.443587
0.686270
0.192419
0.647633
-0.834223
-0.457259
-0.218909
-0.699759
-0.962889
0.607105
-0.221778
0.415693
-0.640675
-0.984069
0.884457
0.964904
-0.902890
-0.968322
-0.528001
0.398907
0.254616
0.431257
-0.064669
-0.133457
0.873165
0.722770
-0.680044
-0.702322
-0.583361
-0.823664
0.812311
0.607715
-0.343974
0.667898
-0.859798
-0.096408
0.434492
-0.213172
0.527757
-0.458296
-0.223609
0.276833
0.915098
0.850520
0.086764
0.760674
-0.235817
-0.719108
0.074679
0.940123
0.367656
0.642689
-0.101596
0.627308
0.949278
-0.457564
-0.324992
-0.907163
-0.750481
0.327616
0.191931
-0.625721
0.041597
0.515488
0.436872
-0.513169
-0.642689
0.571764
-0.304117
-0.489181
-0.404218
-0.946409
0.409345
-0.330912
0.837336
0.505722
-0.973144
-0.323954
0.060701
0.628651
0.802728
0.652272
-0.964293
-0.439558
0.939879
0.624989
-0.048128
-0.644093
0.049837
0.875790
-0.330180
-0.136387
-0.243263
-0.917051
-0.114292
0.603931
-0.789789
0.552171
0.543748
0.555345
-0.007599
0.691153
-0.834040
0.970336
0.234779
0.794977
-0.323588
-0.799799
-0.683950
-0.053377
0.181188
0.226661
-0.425886
0.734306
-0.271950
0.698294
-0.183752
0.701895
0.661794
-0.262001
-0.948363
-0.745170
0.143223
-0.696097
-0.956542
-0.319437
0.832698
0.228675
-0.980224
-0.442427
0.437361
-0.223365
-0.335978
-0.569262
-0.869991
-0.759697
0.269021
-0.722953
0.661550
0.454695
0.847163
0.946898
0.942259
0.496872
0.606616
-0.608020
-0.387616
-0.829524
-0.846492
-0.337138
0.526170
0.066622
0.577258
0.384625
0.494247
-0.558275
0.822932
-0.352397
-0.640614
0.877987
0.285806
0.600208
0.699576
0.175329
0.740410
-0.983398
-0.135105
0.104892
-0.703482
-0.337931
0.824396
0.422651
-0.655568
-0.419965
-0.231544
0.412458
-0.077120
0.288430
0.371807
-0.030427
0.152379
-0.543504
0.866695
0.765130
-0.941282
0.617359
0.301859
-0.301370
0.407453
-0.898679
-0.969787
0.855831
0.403180
0.925657
-0.730033
0.807855
0.923826
-0.539781
0.791742
-0.183081
-0.291177
-0.068270
0.432722
0.755242
0.825922
0.707144
0.750847
0.059420
0.564074
-0.473800
-0.597156
-0.224769
-0.655995
-0.428510
0.666372
0.122288
-0.066012
-0.896786
0.842463
0.723441
0.380840
0.305338
-0.683157
0.229347
0.410871
0.231788
0.855159
0.225501
-0.045930
-0.677602
-0.716666
0.426984
-0.256325
-0.586962
-0.284463
-0.540757
-0.185705
0.158361
-0.789789
-0.479537
-0.813349
-0.874630
-0.291604
-0.671926
0.812433
-0.472457
-0.610584
-0.331095
0.061373
-0.933103
-0.872005
-0.807672
-0.731498
0.886349
0.942259
-0.378704
0.182897
-0.950865
-0.185949
-0.171422
-0.459273
-0.051424
-0.516648
-0.070711
-0.651845
-0.464583
0.194739
-0.348979
-0.580676
0.092318
-0.902524
0.153966
-0.350993
0.329936
0.862117
-0.380840
-0.075900
0.518601
0.361492
-0.163915
-0.557787
-0.648854
0.514023
0.951109
-0.616932
-0.909177
0.927549
-0.062960
-0.573901
-0.384381
0.060945
-0.006806
0.801141
-0.294290
-0.746025
0.329936
0.272317
-0.994629
-0.634877
0.426008
-0.873959
0.572619
-0.589831
0.942259
-0.528916
-0.584948
0.119175
-0.105930
-0.242347
0.180456
-0.046907
-0.674551
-0.398907
-0.351665
0.520798
-0.676016
0.612964
-0.963683
0.996338
0.992553
0.513291
0.464095
-0.486679
0.494369
-0.405072
-0.996765
-0.612842
0.746574
-0.835749
-0.580187
-0.600146
0.155675
0.149449
-0.290811
-0.397382
-0.059053
0.943236
-0.485580
-0.866207
0.401715
0.060030
0.676077
0.588610
0.299661
0.791192
-0.202551
0.984069
-0.955382
-0.992798
-0.938047
-0.170873
0.748833
0.440657
-0.266762
-0.878414
0.397565
-0.163732
0.445235
0.413190
0.794610
0.627918
-0.195227
-0.532945
-0.236549
0.058443
-0.922300
-0.828913
0.193274
0.951964
-0.469893
0.159337
-0.376446
0.534471
-0.073702
-0.118137
-0.437300
0.515427
0.502670
-0.349284
-0.262856
-0.815973
-0.558580
-0.074496
0.782037
0.154515
-0.771599
0.669668
-0.231605
-0.051973
-0.221290
-0.174108
-0.252846
0.663564
-0.239662
-0.677664
-0.042451
0.019868
0.458663
-0.834529
0.346294
-0.997620
0.505783
-0.590136
-0.432234
-0.819391
-0.504929
-0.247841
-0.687246
-0.423566
0.806757
0.051363
-0.858516
-0.475997
-0.389447
0.893002
-0.271096
-0.574938
-0.292825
0.227088
0.215674
0.928831
0.575976
0.827387
-0.784356
0.531602
-0.896847
-0.434004
0.326640
-0.313578
-0.189611
0.200049
0.530503
-0.610889
0.790155
-0.488571
0.864437
-0.589648
-0.111362
-0.304727
-0.469466
-0.907834
-0.492294
0.047639
0.291238
-0.648793
0.333537
-0.082369
-0.002838
0.682424
0.971435
0.401654
0.056917
-0.414289
-0.860347
0.037202
-0.748650
-0.264016
-0.571093
-0.260353
-0.298135
0.695608
0.690725
0.725150
0.741874
0.786798
-0.042268
-0.485397
0.066439
0.753655
-0.798822
0.250771
-0.146397
-0.908444
0.104831
0.735099
0.118137
0.580187
0.734123
-0.721549
-0.435530
0.248695
-0.007660
0.272378
-0.655751
0.310282
0.776727
0.115207
0.660512
-0.875912
0.766411
-0.846919
-0.759514
-0.227271
-0.689505
-0.167516
-0.815729
0.471541
-0.491745
-0.600452
-0.241005
-0.391705
0.467757
0.823725
0.931883
0.515915
-0.883053
-0.735221
-0.079562
-0.020600
0.165136
0.341899
-0.661122
-0.562304
0.669668
0.102878
0.060823
-0.040681
0.377667
0.815607
-0.673208
0.162938
-0.260414
0.454268
-0.325297
-0.306314
-0.232398
0.877377
0.645985
0.425336
0.959777
-0.777459
-0.447554
0.273965
-0.328471
-0.530198
0.279641
0.464644
-0.443770
0.916196
0.491501
0.295145
-0.973388
-0.084628
-0.090487
0.744743
-0.228675
0.272561
0.100436
-0.084262
0.156957
0.399945
0.395550
-0.471114
0.201575
-0.087008
0.619922
-0.040010
-0.726127
0.570605
0.003143
-0.730399
0.254677
0.734977
-0.477218
0.187597
0.398419
0.173803
-0.845454
0.997070
0.641896
0.617847
-0.443953
0.418867
0.924497
0.749748
-0.295816
-0.758415
0.262673
-0.766717
-0.261330
-0.599475
0.104709
-0.002106
-0.958007
-0.031953
-0.385968
-0.409284
-0.384808
0.042940
-0.107517
-0.574023
-0.618397
0.085482
-0.509568
-0.105808
-0.499924
-0.551012
0.126255
-0.164159
-0.922239
-0.369549
-0.739250
-0.282815
-0.216834
-0.059114
0.208655
0.527818
0.135594
0.950438
-0.469283
-0.736564
0.324625
0.887020
-0.494430
0.480270
-0.602710
-0.369976
-0.575365
-0.030427
0.419294
-0.834834
-0.651051
-0.916196
-0.410199
-0.600818
0.573656
0.908444
0.441694
0.211219
-0.892270
0.149388
0.286294
0.608570
0.776727
-0.511643
-0.141881
0.994690
-0.851253
0.474166
-0.739921
-0.722465
0.204077
-0.536851
0.280862
0.866573
-0.644581
-0.349040
-0.593310
-0.549120
-0.256386
-0.231300
-0.356059
-0.096042
-0.118442
-0.940855
-0.778497
0.882321
0.707205
0.092135
0.494125
-0.210547
0.901364
0.424421
-0.478256
0.109653
-0.521287
0.594226
-0.572863
-0.716910
-0.481552
0.052889
-0.703787
-0.067660
-0.793756
0.455123
0.861873
-0.053926
-0.138768
-0.364910
0.537278
0.701224
-0.119175
0.447188
0.054415
-0.293374
0.084384
0.521043
0.628895
0.266579
0.565355
0.492172
-0.229347
-0.416608
-0.569933
0.020112
-0.296060
0.490280
-0.556322
-0.098483
0.393414
-0.458296
-0.828364
-0.825922
-0.580065
-0.558397
-0.870052
-0.835627
0.085360
0.481124
0.095248
0.991577
-0.450728
-0.522935
0.492843
-0.238441
-0.526780
0.056246
-0.672048
-0.577258
-0.477035
0.743950
0.433576
-0.774285
0.888913
-0.208411
-0.584155
-0.913938
-0.449019
-0.159032
0.535386
0.460067
-0.523362
0.292154
-0.403912
-0.217017
-0.597400
-0.428327
0.332072
0.208533
0.857356
-0.303140
0.941038
-0.840693
0.043123
-0.177221
-0.773309
0.462935
-0.352458
0.747429
-0.877865
0.440840
-0.996277
-0.624439
-0.337382
-0.099338
-0.771599
0.929258
-0.426923
0.069124
-0.107273
-0.243812
-0.619861
0.185705
0.306375
-0.568896
-0.545946
-0.812616
-0.141087
-0.488571
0.202857
0.019990
-0.136937
-0.990356
0.384991
-0.732658
-0.033418
0.435286
-0.772210
0.274209
0.473922
0.669607
0.879086
0.471969
-0.840205
-0.391400
0.826167
0.060457
-0.827754
-0.584826
-0.289712
-0.820124
0.669790
0.430280
-0.034639
-0.202918
-0.638234
0.009919
-0.432295
0.833064
-0.784722
0.458052
0.978088
-0.036225
0.603626
0.367962
-0.297769
-0.876705
-0.000763
-0.542283
-0.636280
0.405805
-0.996277
0.908811
-0.975890
0.507797
-0.844172
-0.734916
0.956359
-0.959655
0.027070
-0.301675
-0.817133
0.430097
-0.454268
0.769829
-0.667470
0.852168
0.057649
-0.064486
-0.881039
-0.419538
-0.774773
-0.950499
-0.977172
-0.280801
0.125217
-0.090365
0.742790
-0.760430
-0.168554
0.488021
-0.124973
0.742485
0.551988
0.926389
0.182104
-0.619556
0.120762
0.865413
-0.695608
-0.390179
0.532640
-0.968932
0.698416
-0.333964
0.600574
-0.859676
0.684072
-0.168126
0.500534
0.937254
0.437727
-0.192846
0.853084
-0.433943
-0.497604
0.054537
-0.141331
0.981445
-0.376995
0.153294
-0.722404
-0.800958
-0.684378
0.409833
-0.942137
-0.148045
0.236366
-0.449263
-0.370891
-0.062227
-0.898862
0.645375
-0.893674
0.335429
0.459273
0.010468
0.878903
-0.164953
-0.796197
0.370769
0.856624
-0.242225
-0.994079
0.869259
0.320170
-0.984497
0.796503
-0.223060
-0.367656
0.316568
0.666250
0.053865
0.979614
-0.643666
-0.934141
0.009308
0.338481
0.710868
-0.696402
0.730766
-0.202002
-0.780267
-0.042756
-0.694998
-0.023713
-0.030854
0.901852
-0.954527
0.300211
-0.737724
-0.132054
-0.522752
0.624012
0.124302
0.532090
0.293069
0.543565
0.693289
0.066744
-0.615406
0.324992
0.668813
-0.106235
-0.804804
0.456221
-0.249062
0.486801
-0.360820
0.271584
0.081576
-0.086825
0.192114
0.301309
0.494003
-0.450362
-0.493637
0.031098
-0.069552
0.634266
-0.294595
0.152440
0.893246
-0.859920
0.956053
-0.464949
0.439802
-0.071749
-0.237709
-0.258156
-0.465560
0.712516
0.184668
-0.679373
-0.330973
0.053072
-0.431806
-0.424116
-0.110630
-0.207373
-0.099033
0.010895
0.126743
0.079806
0.625050
0.533738
-0.368450
0.574694
0.550707
-0.762444
0.538133
0.672781
0.653066
0.486801
0.307779
-0.319498
0.934141
-0.955077
-0.378765
-0.675344
0.082614
-0.430952
0.747734
-0.641896
-0.789178
0.492721
-0.236732
0.571947
0.513230
0.835566
0.492538
0.063509
-0.098117
0.462569
0.856075
0.331034
-0.193701
-0.399518
-0.727042
-0.830500
-0.357158
0.773064
-0.339213
0.462813
-0.766045
-0.414411
-0.173254
0.716971
-0.015839
0.934690
0.009919
0.928404
-0.310892
0.255104
0.466536
0.746574
-0.156590
0.685110
-0.907712
-0.978454
-0.007294
0.506943
-0.220496
-0.759270
-0.092929
0.883053
0.718558
0.328776
-0.410993
-0.396832
0.621143
0.932920
0.314066
0.077364
-0.531175
-0.265664
-0.998108
0.108188
0.802240
0.661245
0.769158
0.595325
-0.531358
0.237098
-0.440291
0.680960
-0.038423
-0.766655
0.783929
0.575854
-0.073885
-0.156407
0.894772
0.869015
0.013215
-0.888363
-0.541063
0.521470
-0.440229
0.150670
-0.222755
0.215430
-0.700064
0.308206
-0.569994
-0.886410
-0.346294
0.430708
0.857173
0.499496
0.802606
0.087252
-0.633961
0.877743
0.572985
-0.355022
-0.634510
0.153233
-0.749870
0.844478
0.284219
0.438704
0.534898
0.229102
-0.257851
-0.251808
-0.261391
0.534043
-0.205542
0.248024
-0.913938
-0.642079
-0.261513
0.507614
-0.532456
0.544725
0.995178
-0.065767
-0.156896
0.511887
-0.239662
-0.238319
0.424482
0.421247
0.952940
-0.415265
-0.246498
0.149205
-0.130650
0.337138
-0.740287
-0.030671
-0.893735
-0.936766
0.639088
0.935850
0.189611
-0.717399
-0.411969
-0.150548
-0.780755
-0.412763
-0.503159
-0.586230
0.333598
0.370708
0.377606
-0.286172
0.683157
0.969054
0.649770
0.131443
-0.596057
-0.030366
-0.846736
0.514756
-0.541673
-0.841853
0.993835
0.747917
0.335063
0.879330
0.269204
-0.780023
-0.625050
-0.472518
-0.490341
0.914243
-0.039033
0.368877
-0.491562
-0.126133
-0.915036
0.385113
-0.949583
0.200537
0.910886
0.346782
-0.622791
0.829157
-0.169347
-0.594531
-0.491562
-0.229041
-0.593799
0.084201
-0.522507
0.670339
0.446944
-0.179052
0.262246
-0.975951
-0.354778
0.308756
0.021699
0.540819
0.048616
-0.222449
-0.665761
0.588672
-0.510117
-0.644459
0.924558
-0.625599
0.489181
-0.020539
-0.973876
-0.392438
0.858821
0.627064
0.471236
-0.319864
0.360881
0.170019
-0.752556
0.558153
-0.127537
0.979064
-0.183813
-0.147801
-0.785943
-0.787286
-0.036531
0.213477
0.003265
-0.906003
-0.564684
0.255898
-0.282937
-0.731193
-0.401227
0.006806
0.390301
-0.755791
0.722404
-0.630360
-0.017853
-0.413617
-0.149693
0.934019
0.823847
-0.722831
-0.352031
0.937925
-0.764885
-0.726493
-0.029206
-0.484542
0.220679
0.039705
-0.736259
0.843806
-0.224158
-0.919675
-0.106967
0.087924
0.314127
0.226112
-0.671133
-0.444746
-0.880428
-0.937315
-0.572008
-0.700858
0.821345
0.748100
-0.579333
0.791253
0.600757
0.009430
-0.658132
0.191809
-0.531846
-0.618702
0.655141
0.323588
-0.593738
0.412091
-0.156896
0.230506
-0.212500
0.136998
-0.336833
0.946593
0.168004
0.103854
-0.588977
0.628956
0.647877
0.486373
-0.906003
0.007721
0.077059
0.763421
-0.972228
-0.013886
0.489792
-0.166967
0.955321
0.108860
0.412763
-0.785577
-0.948119
0.587573
0.316385
-0.693777
-0.688772
-0.301981
0.536058
0.957091
0.567248
0.797357
0.853572
-0.059114
-0.013215
-0.732292
-0.077059
0.283303
0.886349
-0.335124
-0.498032
0.137364
0.779412
-0.295022
0.549425
0.933531
-0.882260
-0.031098
-0.359050
0.446150
-0.937193
-0.334147
-0.372845
0.342143
0.369488
0.697012
0.397748
0.055330
0.938536
0.057466
-0.489792
-0.308695
-0.827509
0.862911
-0.264626
0.187597
-0.609729
-0.141697
0.203833
0.725883
-0.203345
0.030183
