-0.238075
0.082064
-0.314920
0.798700
-0.177221
0.952269
0.057833
-0.900693
0.669912
-0.309305
-0.071200
-0.107273
0.045808
-0.988098
-0.938353
-0.764458
-0.397259
-0.485763
-0.558519
-0.188330
0.126682
-0.223304
-0.023225
-0.499313
-0.587268
-0.620838
-0.520493
-0.473556
0.282571
0.741874
-0.966491
0.220008
0.330546
0.389386
0.715995
0.602893
-0.626270
-0.793085
0.454634
-0.176855
-0.783502
-0.892514
0.638966
-0.769707
0.356731
-0.476547
-0.571398
0.961852
0.511521
-0.371258
0.943968
0.495346
-0.921018
0.495712
-0.260964
-0.178991
0.612659
-0.672658
0.502915
0.210913
0.855708
-0.567003
0.651662
-0.897885
0.106113
-0.702689
0.993774
0.685842
-0.567736
-0.024262
-0.028596
0.778741
-0.549730
-0.823420
-0.420698
-0.420209
0.601550
-0.171178
0.977783
0.053804
0.140172
-0.884579
-0.733451
0.305399
-0.501083
0.897275
0.621815
0.740837
-0.528672
-0.787713
0.902219
0.313883
-0.236976
0.924009
0.157079
0.109958
-0.077548
-0.062349
-0.996643
-0.619312
-0.598560
-0.064913
-0.366802
-0.154576
0.742363
-0.765252
-0.635182
0.872005
0.753960
0.298196
0.096591
-0.841792
0.471175
-0.201392
-0.969115
0.186499
-0.560228
-0.207434
0.630177
-0.196081
-0.791620
0.074984
-0.768426
0.314249
0.836299
0.984558
0.319926
-0.312296
0.484725
0.245399
-0.830683
-0.716361
0.232582
0.677480
0.194189
-0.812006
0.512803
-0.913694
-0.449019
-0.354106
-0.065950
0.973632
-0.374493
0.827143
0.928098
0.714896
0.063387
0.292398
-0.689932
0.546617
-0.451399
0.428388
-0.785150
-0.076022
0.202673
-0.606677
-0.668813
-0.444685
0.318644
-0.835505
0.329447
0.962279
-0.830195
0.461715
0.098972
0.921201
0.012238
0.079745
0.683584
0.821650
0.273476
0.882321
0.991943
-0.018830
0.391461
-0.892026
0.621265
-0.422285
0.283853
0.446394
0.493088
0.007111
-0.650990
0.486862
-0.935606
0.473128
-0.286721
-0.394391
0.121677
-0.142674
0.560472
-0.857295
0.734489
-0.775384
-0.790582
-0.947752
0.336528
0.552599
-0.178137
-0.015473
-0.558580
-0.174657
0.371563
0.163732
0.684194
-0.280740
-0.088290
-0.686819
-0.701224
0.349956
-0.700919
-0.322428
0.375958
-0.076876
0.747490
-0.296365
0.214820
0.408490
0.879818
0.465133
-0.753044
-0.199072
0.392438
0.163488
0.973998
-0.994385
0.825434
0.407941
-0.304910
-0.947264
0.070650
-0.138707
0.266579
-0.905087
-0.014985
-0.120640
-0.371868
0.626148
0.597949
0.164220
-0.065279
-0.878964
-0.427290
0.452681
0.903989
-0.973693
0.840144
-0.751885
-0.896237
-0.036164
-0.370647
-0.285562
-0.113804
-0.323954
-0.968993
0.814447
-0.883847
-0.270608
-0.791559
0.507797
-0.009308
-0.203223
0.399091
-0.457259
-0.218909
0.541917
-0.045137
-0.261696
0.976745
0.095065
-0.281899
-0.669668
0.084078
-0.739494
-0.718314
-0.968322
0.299966
-0.147313
-0.852840
-0.362224
-0.345317
-0.966552
-0.899167
-0.495102
0.389508
0.818049
0.353435
0.391705
-0.541917
0.730277
0.208716
0.180090
0.412336
0.899533
0.600513
-0.739067
-0.693899
0.709891
0.483993
0.009857
-0.783319
0.581713
0.559130
-0.860958
0.744621
-0.490585
-0.922422
-0.880612
-0.842402
0.121372
0.184484
0.462142
0.998413
0.880795
-0.324992
0.357524
0.627430
-0.975280
-0.096408
-0.882321
-0.373760
0.538682
0.505844
-0.838252
0.737785
0.330058
-0.501328
-0.818232
-0.912839
-0.747490
-0.826106
-0.114963
-0.129124
0.443587
-0.973144
0.826777
0.982177
-0.837214
0.802728
-0.511582
-0.719779
0.360149
0.633595
0.358501
0.184423
-0.580309
-0.975219
0.301187
0.538682
-0.662282
-0.437239
-0.917051
0.226905
0.051546
-0.969848
0.119053
0.769829
-0.943480
0.395978
0.878048
0.327494
-0.837764
0.491134
0.918210
0.621632
-0.799799
0.775018
-0.475326
-0.311197
0.654164
-0.795953
-0.091830
0.314554
-0.467757
-0.873592
-0.945006
0.818110
0.019929
0.225318
0.415937
0.135899
0.229591
-0.845332
-0.962951
-0.686758
0.228675
-0.496078
0.001740
0.314798
0.692495
0.125462
-0.759087
-0.976562
-0.759697
-0.805231
0.621815
0.661550
0.588183
-0.894223
-0.880184
0.321390
-0.735771
0.306925
0.975219
0.507553
-0.311075
-0.235328
0.470382
0.576769
0.066622
0.577258
-0.377606
0.503037
-0.984802
-0.125828
0.897275
-0.640614
-0.282510
-0.340312
-0.947142
0.889462
0.175329
-0.368938
-0.368572
0.678640
0.841975
0.814508
-0.337931
-0.256630
-0.817560
-0.259682
0.644154
-0.148412
0.295694
0.872311
0.146886
-0.738639
0.792230
0.424055
0.022004
-0.059725
0.040071
0.173254
0.562853
0.662954
0.612842
0.184240
0.179479
0.720817
0.510422
0.103305
0.340556
-0.388287
0.546190
0.865658
-0.539781
-0.968688
-0.183081
-0.594104
-0.805780
-0.933531
0.201209
0.742912
0.963683
0.604907
0.959716
0.244484
-0.595752
0.212134
0.117161
0.921079
-0.966430
-0.373333
-0.300333
-0.775323
0.716056
0.842463
0.723441
-0.351482
0.901303
-0.758232
0.910581
0.410871
-0.626392
0.855159
-0.301920
-0.045930
-0.947996
-0.177770
-0.249306
-0.611560
0.157933
0.109348
0.133091
0.821100
-0.806269
-0.704703
0.998169
-0.813349
-0.842341
0.289346
-0.813776
0.890988
0.748589
0.153478
0.830378
-0.936827
0.746330
0.756462
0.991272
-0.935667
-0.184240
-0.445540
-0.378704
-0.741630
-0.950865
-0.765374
-0.747368
0.498154
-0.051424
-0.516648
-0.632191
-0.223670
-0.565844
-0.407086
0.690237
0.898862
-0.516037
0.999878
-0.850032
-0.120457
0.221229
0.862117
0.950438
-0.842463
0.589526
0.316446
0.001495
-0.835871
0.691092
-0.200293
0.139012
-0.616932
-0.246803
-0.357158
0.315714
0.133396
-0.829768
0.697378
-0.354900
-0.558580
-0.294290
0.651540
0.583483
0.691946
-0.994629
0.945128
-0.355571
-0.289834
0.193457
-0.589831
0.942259
-0.844234
0.841243
0.119175
-0.471175
-0.396527
-0.484970
0.984313
-0.607959
-0.398907
0.585192
0.008942
-0.587573
-0.580859
0.028779
-0.534288
0.135166
0.513291
0.188940
0.590320
-0.585864
0.739128
-0.404828
0.721305
0.113742
-0.968932
-0.580187
-0.894589
0.281594
0.854976
-0.420392
0.541246
-0.731132
0.943236
-0.546983
-0.054476
0.964965
0.060030
-0.007660
0.588610
-0.630238
-0.254433
-0.233619
0.693045
0.663076
0.612842
0.678640
0.298196
-0.937498
0.750664
0.424177
-0.849666
0.371441
-0.082980
0.488998
-0.497360
-0.637867
0.911924
-0.180822
-0.882015
0.778619
-0.324747
-0.165807
-0.189123
-0.053255
0.280923
0.303079
0.547655
0.894528
0.164953
-0.073702
-0.477340
-0.437300
0.557360
-0.721183
-0.449446
-0.804743
-0.174902
0.024934
-0.074496
-0.754692
-0.579272
-0.671987
-0.551988
0.630238
0.050325
-0.121555
0.250160
0.511521
-0.942686
-0.076388
0.240577
-0.554979
0.411847
-0.129246
-0.854060
0.177343
0.882565
-0.418317
-0.642750
-0.499313
-0.118381
-0.969115
0.602039
-0.906064
-0.423566
-0.728874
0.893918
-0.858516
0.675832
-0.447127
0.679128
0.244606
-0.782525
-0.104953
-0.391644
-0.078646
-0.865902
-0.972655
0.078707
-0.806757
0.763726
-0.037080
-0.709098
0.577746
-0.493027
-0.162389
-0.552904
-0.568896
-0.240455
0.998962
-0.187292
0.002472
0.215430
-0.619495
-0.662343
0.815180
-0.907834
-0.225318
0.350871
0.521897
0.697623
-0.855770
-0.082369
0.964049
-0.689932
-0.979980
0.401654
-0.647267
-0.893368
-0.672414
-0.582263
-0.179235
0.552782
-0.872921
-0.137059
-0.940611
0.695608
-0.379376
0.725150
0.037141
0.486251
-0.400678
-0.083834
0.053011
0.617786
-0.615162
-0.251991
-0.134434
-0.335246
0.107700
0.783441
0.394086
-0.960509
-0.639088
0.029878
0.477157
-0.872860
-0.820795
-0.521592
0.770989
0.181005
0.182958
0.055269
-0.407941
-0.320109
0.174841
-0.846919
0.683645
0.479965
-0.052400
0.780267
-0.815729
0.517502
-0.491745
0.763176
-0.322184
0.124973
0.591784
-0.430342
0.931883
0.478195
0.977111
0.274392
-0.273232
0.196570
0.785699
0.369060
0.368999
-0.109165
-0.110508
-0.275735
0.474593
-0.039949
0.463118
-0.634388
-0.665578
0.476547
-0.526170
0.364360
0.382122
0.325236
-0.645924
0.715934
-0.904965
-0.509873
-0.746574
0.427107
0.981323
0.981201
-0.637257
-0.530198
0.978759
0.719901
-0.817621
0.916196
0.541124
0.295145
-0.799677
-0.524644
-0.919187
0.132237
-0.609607
-0.409467
0.100436
-0.084262
0.407697
-0.322733
0.714103
0.432844
0.894894
0.372234
-0.217566
-0.040010
-0.697806
0.570605
0.185278
0.420270
0.161351
-0.355998
0.123875
0.332499
0.184668
0.031526
0.398053
0.337626
0.551866
0.617847
0.546556
-0.843074
-0.167333
-0.467940
0.840022
-0.220862
0.432234
-0.096530
-0.435591
-0.113315
0.216407
-0.002106
0.386090
-0.226478
-0.274209
-0.260475
-0.384808
-0.048250
0.285440
0.563707
-0.618397
-0.663747
0.683340
0.440535
0.398175
0.827937
-0.430464
-0.164159
-0.731803
-0.527085
0.217566
0.802301
-0.634388
0.474715
-0.904233
0.527818
0.078463
0.950438
0.678762
-0.589282
-0.963073
0.977783
-0.494430
-0.484420
-0.344523
0.426984
-0.544786
-0.806207
0.342326
0.927976
0.642323
0.386273
-0.201575
0.425031
0.573656
-0.820917
-0.818293
-0.614978
0.318339
-0.473312
0.285134
0.640248
0.106967
-0.010224
-0.862728
0.994690
0.401288
0.909177
0.050935
-0.183935
-0.578784
0.228370
0.010712
-0.039094
0.369304
-0.105075
-0.302225
-0.549120
-0.109287
0.687674
0.231300
-0.652882
-0.322245
-0.940855
-0.004364
0.477462
0.903317
-0.374310
-0.684683
0.840205
-0.353923
0.326945
0.117527
0.240761
0.869442
0.401044
0.029389
-0.252907
-0.647206
0.436262
0.141209
-0.768975
0.379254
0.179479
0.452986
-0.969970
-0.986633
-0.364910
-0.473739
0.002655
-0.584094
0.083529
0.857173
-0.725883
0.207678
0.900571
0.628895
0.177404
0.593677
0.490768
0.938047
0.262368
-0.301126
-0.947569
-0.930662
0.217689
0.384991
-0.528916
-0.039521
0.046297
-0.755364
-0.825922
0.586962
0.799432
0.728385
-0.835627
0.807611
0.732963
-0.869320
0.310770
-0.284646
-0.522935
-0.582751
0.969787
0.567980
-0.827204
-0.433027
0.225745
-0.287454
0.197790
0.026948
-0.300455
-0.586108
0.163610
-0.584155
-0.913938
-0.243812
-0.856258
0.354900
-0.989746
0.823542
0.082980
-0.528550
-0.552599
-0.767510
-0.609729
0.297586
0.608448
0.726066
0.611621
-0.379498
0.234107
0.239662
-0.223975
-0.557787
-0.288553
-0.923826
0.989380
0.673879
0.853084
-0.869625
-0.694876
0.435774
-0.192236
-0.842036
-0.555773
0.256752
-0.723258
0.951598
-0.896176
0.798334
-0.563036
0.541368
-0.966491
-0.545946
0.884213
-0.141087
0.403974
0.202857
-0.205115
-0.136937
-0.170324
-0.708914
0.375469
-0.598193
-0.456832
0.381756
-0.237587
-0.809381
0.372539
-0.119297
-0.894345
-0.328227
-0.811823
0.887082
0.487228
-0.403790
0.163488
0.906003
-0.820124
-0.658437
-0.767632
-0.114292
-0.276833
-0.955321
-0.855037
-0.432295
-0.071139
-0.826228
0.953124
-0.428999
0.706595
0.603626
-0.236000
-0.297769
-0.876705
0.182287
-0.542283
-0.586474
0.837092
0.964599
0.035798
-0.070650
0.075411
-0.297098
0.787774
-0.066073
0.314554
-0.199805
0.174230
0.411115
0.723685
0.737907
-0.521531
-0.425703
0.852168
0.772088
-0.332743
-0.155248
-0.644581
-0.804559
-0.461409
0.362651
0.165685
-0.872494
-0.882260
-0.591968
-0.746818
-0.331584
0.908139
0.014435
0.214942
-0.465987
0.825556
-0.117893
-0.412580
0.120762
-0.003021
0.258889
0.623280
0.696402
-0.586596
-0.138401
0.975829
0.600574
0.941649
-0.159154
0.232276
-0.529160
0.937254
-0.991821
-0.563829
-0.999084
-0.519639
-0.371990
-0.782098
0.246620
-0.130589
-0.347331
0.107334
-0.293985
-0.211707
-0.705985
-0.913388
-0.633717
-0.640553
0.643422
0.490341
-0.285623
-0.382183
-0.365947
0.431684
-0.787530
0.335429
-0.234901
-0.341044
-0.858821
0.196142
-0.421857
0.977416
0.017792
0.668081
-0.502792
-0.952086
0.836726
-0.084384
-0.799127
0.992798
0.414716
0.316568
0.921873
-0.907468
0.401410
-0.741264
0.461409
0.252724
-0.171545
0.070589
0.247353
0.482833
-0.476302
-0.803522
0.841609
-0.873592
-0.583911
-0.850459
0.472640
-0.051057
0.749260
-0.949828
0.402020
-0.946532
0.335307
0.125523
-0.142186
0.432051
-0.492965
-0.185522
-0.475387
0.994934
0.324992
-0.779901
0.710379
-0.084872
0.884518
-0.601062
-0.199072
0.876766
-0.268899
0.504074
-0.694754
0.140294
0.301309
-0.679495
-0.708365
-0.838130
0.906064
0.042329
0.656667
-0.294595
-0.100681
-0.629749
0.683096
0.956053
-0.944212
-0.223670
-0.071749
0.857418
0.402020
-0.528245
0.307230
-0.502670
-0.679373
-0.619922
-0.372967
-0.355998
-0.845637
0.658925
0.655995
0.566088
-0.599780
0.126743
-0.635426
-0.634205
0.641835
0.554003
0.558885
0.550707
-0.475448
0.880428
-0.002228
0.790887
-0.795770
0.462081
-0.740654
0.792962
-0.040071
-0.094516
-0.675344
0.700064
0.011689
-0.426740
0.569933
0.184423
-0.518967
0.095187
0.415815
0.409955
0.755913
-0.628040
0.855464
-0.580615
0.470016
-0.121738
-0.119785
0.645985
0.831172
-0.727042
-0.244301
0.001801
-0.594775
-0.121006
0.122105
0.320048
0.907712
-0.173254
0.873775
0.502670
-0.025361
-0.694815
-0.919370
0.054537
-0.667959
-0.806024
-0.445845
0.370464
0.646168
-0.530259
0.748466
0.948180
-0.286294
-0.253090
-0.308573
0.614734
-0.787408
0.254738
-0.014008
0.099521
-0.396832
0.224952
-0.927732
-0.749870
-0.798273
-0.510300
0.874508
-0.998108
-0.668203
-0.753471
-0.768365
0.987976
0.058199
0.935850
0.431196
-0.014679
0.680960
-0.189489
0.061251
0.275307
-0.574145
0.397626
0.094211
0.490951
0.430891
0.648671
0.053743
-0.541063
0.105564
0.235633
-0.290872
0.493393
0.064364
-0.721488
-0.457320
-0.165441
-0.517624
-0.202795
-0.949400
0.857173
0.499496
-0.391522
-0.142369
0.557054
-0.344462
-0.682852
-0.328532
-0.634510
0.343364
-0.039399
0.689871
-0.797479
-0.496811
-0.887875
0.775506
0.564501
-0.263588
0.213538
-0.725272
-0.784600
-0.383221
-0.872799
-0.961486
0.876827
0.052583
-0.493210
0.930601
0.057955
0.544786
-0.520981
-0.399945
-0.997742
-0.197913
0.029206
-0.913022
-0.316507
0.404706
-0.800836
-0.155675
0.167150
0.856014
0.157201
-0.572130
-0.774407
0.913694
0.309977
0.935850
-0.238624
-0.670644
-0.607410
-0.641774
0.080050
0.174535
-0.235206
0.951476
0.882382
0.174352
0.377606
0.517136
0.683157
0.563524
0.649770
-0.174230
-0.897458
-0.727165
-0.325724
0.016449
-0.027802
-0.753716
0.993835
0.127659
0.401532
0.246620
0.372417
0.871761
-0.625050
0.873287
0.881039
0.871029
-0.816034
-0.607837
-0.276528
0.549608
0.621265
0.385113
-0.239235
-0.718925
0.910886
-0.975768
-0.711295
0.163671
-0.572802
-0.601794
0.388043
-0.440779
-0.756279
-0.604602
-0.028169
-0.612537
-0.358135
0.478561
0.931394
-0.881893
-0.316568
0.085910
0.130589
-0.599475
0.928465
-0.731681
-0.259621
-0.760613
0.323283
-0.044160
-0.802057
-0.914182
-0.731925
0.834223
0.135655
-0.429975
0.228797
-0.294595
-0.330180
-0.910886
-0.272439
0.753777
-0.976928
-0.686636
-0.289285
0.126133
-0.623524
0.709647
0.516037
0.034211
-0.454817
0.708548
0.297220
-0.906003
0.739006
0.379620
-0.689688
0.745842
-0.172948
0.560961
0.230201
-0.079928
0.319987
-0.330546
-0.026032
0.826594
0.378643
0.703177
0.480514
0.551439
0.957091
0.167089
-0.074618
-0.746452
-0.029206
0.014435
0.212989
0.891964
0.324381
0.651173
-0.628712
0.107517
0.259682
0.904660
0.538194
0.195471
0.092502
-0.629444
-0.312723
-0.568163
-0.923338
0.876461
0.821345
-0.700552
-0.534837
0.767876
-0.431806
0.913450
0.489669
0.771966
-0.804621
0.340983
0.454756
0.674001
0.784295
0.966796
0.261025
0.402387
-0.828913
0.374676
0.486801
0.946593
-0.800775
0.085604
-0.588977
-0.227393
0.538499
0.787896
-0.455000
0.293374
-0.484664
-0.252052
0.189795
0.918027
-0.503098
0.852351
0.573046
0.637074
-0.799310
-0.960326
0.391705
-0.784906
0.165685
-0.351176
-0.156407
-0.136814
-0.474410
0.692190
0.211768
0.163244
-0.801263
-0.059114
-0.480575
0.721976
-0.123875
-0.755364
-0.493698
-0.757927
-0.473739
-0.492538
0.018220
-0.857112
-0.120701
0.663076
-0.882260
-0.161046
-0.293313
-0.782525
-0.937193
-0.712027
0.706839
0.342143
-0.054292
0.234230
0.742119
-0.490097
-0.842280
-0.954039
0.984008
-0.081454
0.117832
-0.360027
-0.264626
0.589526
-0.013764
0.568468
-0.667653
0.725883
-0.974364
-0.206458
