-0.528855
0.778069
-0.570849
0.448653
-0.754265
-0.895566
-0.060213
0.019135
-0.807733
0.958800
0.031037
-0.450301
-0.096469
0.085116
0.128391
-0.643544
0.361431
-0.156774
0.441267
0.438398
0.385723
0.806207
0.168493
0.453780
0.015961
0.555589
0.908261
-0.233009
0.568896
0.204993
0.766839
-0.514328
0.427290
-0.875851
-0.843989
-0.569933
0.275796
-0.836482
-0.369976
-0.418683
0.627308
0.753594
0.857479
0.557421
0.356731
0.818232
-0.634877
-0.328227
-0.078524
0.844111
-0.128269
-0.825861
-0.805597
-0.116123
-0.466597
0.987182
0.475936
-0.215491
0.728080
0.179357
-0.243324
0.996277
0.790826
-0.945006
0.336467
0.715873
-0.234596
0.853877
-0.836848
-0.977233
0.517258
-0.630726
0.078036
0.573840
0.287210
0.330363
-0.739067
0.249733
-0.436384
0.126255
0.229774
0.502121
-0.309854
-0.686636
-0.710379
-0.225684
-0.867977
-0.972594
0.839167
0.677114
0.173376
0.745598
0.898679
0.416547
0.025117
0.977294
-0.984802
-0.391461
0.467208
-0.363933
0.111606
-0.772027
0.374371
0.457686
-0.935850
0.255959
0.635975
0.074557
-0.147252
-0.763787
-0.329020
-0.513047
0.049287
0.959777
-0.371685
0.602039
-0.683645
0.600757
0.391034
-0.434370
0.202429
0.920591
-0.371136
0.314249
0.963439
0.547288
-0.881222
-0.839290
0.402570
-0.649342
0.459761
0.218177
-0.025727
0.570910
-0.585986
0.099277
0.296793
0.688406
0.112094
-0.754021
0.366375
0.646840
-0.308206
0.623280
-0.698233
-0.451338
-0.515122
-0.511704
-0.787225
0.290628
0.964599
-0.783624
-0.939146
-0.667104
-0.309610
0.854793
-0.518906
0.792535
-0.131809
0.532212
-0.626942
-0.752678
0.460372
-0.023225
0.054598
-0.275430
0.571581
-0.149876
-0.990417
-0.892453
0.571276
0.739067
-0.569933
-0.024384
-0.842158
0.896420
0.508286
0.614734
-0.809870
-0.880367
0.873959
0.917356
-0.462752
-0.407575
-0.438093
0.271767
-0.740654
0.637318
-0.704825
0.026093
-0.718253
0.573534
-0.638600
0.580615
0.372295
0.181188
0.533982
-0.404950
0.516831
-0.618641
-0.505356
-0.038179
0.532884
0.344462
-0.693899
0.402387
0.710562
-0.621815
-0.643849
-0.208106
0.542772
0.023652
0.732536
-0.333232
0.283364
-0.547777
-0.770562
-0.600940
-0.682302
0.857173
0.427107
0.017609
-0.293741
-0.879147
-0.739494
0.122410
0.965148
0.193213
-0.358074
0.216834
0.839595
-0.051729
0.179235
0.063936
-0.008759
0.949767
-0.751335
0.252663
-0.971984
-0.430891
-0.402936
-0.368511
0.671743
0.607105
-0.850703
-0.100192
0.890316
-0.411786
-0.163793
-0.586962
0.065828
0.491012
-0.405988
-0.972533
-0.358684
0.124119
0.520249
0.103549
0.937803
0.110019
-0.149083
-0.375042
-0.844356
0.174841
-0.248756
0.785516
0.150121
-0.662587
-0.883419
0.852657
-0.162328
0.278726
0.438948
0.821406
0.316080
-0.515183
-0.700186
0.591113
-0.383038
-0.213538
0.042268
-0.614124
0.837519
0.960143
-0.675039
-0.055391
-0.617969
-0.166173
-0.362957
0.261940
-0.484115
-0.435835
-0.859798
0.161290
0.252968
-0.955260
0.765740
0.615467
-0.515549
0.598560
0.915098
0.478439
0.357097
0.293191
-0.549181
0.392010
-0.671072
-0.701895
-0.015534
0.262978
-0.370281
0.320536
0.976196
0.635853
0.984313
-0.905332
-0.300760
0.433760
-0.908689
-0.716910
-0.810663
-0.635365
-0.918271
0.322123
-0.184301
-0.914426
-0.933470
-0.518418
-0.708609
-0.342082
0.799005
-0.823298
0.646046
0.481307
-0.332072
0.875179
0.959288
-0.412824
-0.046113
0.763054
-0.964293
0.337748
-0.609302
0.848079
0.081149
0.795831
0.522080
0.669729
0.542405
-0.846553
0.932310
-0.844111
0.291787
0.609912
-0.374432
-0.807611
0.543748
-0.118503
0.910337
0.960997
-0.196142
-0.994751
0.629994
0.558885
0.699881
0.335917
0.934263
-0.053377
-0.406476
-0.779901
-0.385052
-0.141820
-0.441877
-0.634205
-0.562548
0.994446
0.305338
-0.692434
-0.280496
-0.601794
0.594714
-0.581164
0.427046
0.597827
0.692434
0.963378
-0.451704
-0.256630
-0.123997
0.519639
-0.691946
-0.116245
-0.450606
0.208777
0.614490
0.142796
-0.244911
0.454695
-0.986999
-0.527818
0.918882
0.489120
-0.857662
-0.608020
-0.791742
0.670705
0.547960
-0.333659
0.562243
0.066622
-0.224891
0.016388
-0.900143
-0.145543
0.533494
-0.726981
-0.903684
0.837092
-0.792596
-0.118137
0.125889
0.434614
-0.854854
0.050325
-0.710807
-0.970031
-0.250771
-0.653920
0.221839
0.594409
-0.963378
0.029145
0.770135
-0.845943
-0.489364
0.111728
-0.299539
-0.395734
0.566698
-0.813410
-0.265542
0.716605
-0.275185
-0.912839
-0.584948
-0.294717
0.250343
0.976684
-0.325297
-0.145665
-0.957396
0.349101
-0.951231
0.615467
0.572619
0.368267
0.319926
0.878964
0.284341
-0.525132
-0.064669
0.509445
0.736076
0.164281
0.853267
0.767388
0.053377
-0.670339
0.512009
-0.158666
0.378277
-0.166295
-0.730461
0.122288
-0.009491
-0.701285
0.908933
-0.128941
-0.743522
0.174535
0.888913
0.180151
0.332438
-0.498337
0.969665
-0.751885
-0.346355
-0.835566
0.827815
0.145787
-0.517075
-0.968505
-0.927976
0.955809
0.609485
0.534898
-0.901120
-0.379559
-0.902951
-0.145054
-0.120518
-0.671926
-0.913694
0.287149
0.538987
-0.098727
-0.243324
0.070467
0.263894
-0.481674
-0.723930
-0.026215
-0.819697
-0.649342
0.182897
0.621509
0.773064
-0.249489
0.689627
0.982788
-0.697378
0.687796
0.686575
-0.457930
0.941160
-0.277810
-0.511155
-0.529283
-0.547166
-0.904111
-0.512680
0.503098
-0.517747
0.700980
-0.609546
0.631703
0.123325
-0.437849
0.965514
-0.302835
0.220618
-0.091891
0.447493
-0.493088
0.100864
-0.467086
0.645802
0.878414
0.594287
0.002289
-0.045869
0.722343
0.405072
0.658559
-0.913083
-0.220496
-0.869381
-0.095676
0.942137
-0.651723
-0.589831
-0.762200
-0.992553
0.499802
-0.165075
0.626331
-0.888241
-0.630177
-0.011322
-0.789361
-0.007538
0.406598
0.245399
-0.463790
-0.398358
0.836177
-0.117283
-0.553941
-0.408918
-0.135166
-0.876400
0.766717
-0.657033
0.677847
-0.139988
-0.422224
-0.198340
0.400006
0.496994
0.158788
-0.811090
0.272256
-0.782403
0.656056
-0.257607
-0.485580
0.752312
-0.805536
0.801935
-0.392804
0.031037
-0.244789
-0.821284
0.491562
0.164220
-0.955382
-0.992798
0.213782
-0.068514
-0.674856
0.602771
0.653615
-0.199438
-0.854610
-0.253334
-0.516831
-0.618213
-0.820185
-0.400372
0.447798
-0.694876
0.983642
-0.575243
0.999634
-0.828913
0.715018
-0.446028
0.098483
-0.480270
-0.941832
-0.203955
-0.677297
0.454512
0.058321
0.483139
-0.124973
-0.037568
0.646352
0.771905
-0.172155
0.291116
0.018769
-0.395672
0.996887
0.078158
0.316263
0.744072
0.045625
0.985839
-0.038972
-0.523911
0.838923
0.542833
-0.525864
0.641469
-0.184668
0.578600
0.132115
0.400433
0.833430
0.545396
0.244667
0.270241
-0.396283
-0.894589
0.413373
-0.560961
-0.582507
-0.611560
-0.070223
-0.516953
-0.715201
0.893002
0.430647
-0.970702
-0.822260
-0.297098
0.148656
0.991394
-0.612049
0.483993
0.422040
-0.951964
-0.487716
0.894101
0.219214
0.449873
0.746818
-0.473189
0.003998
0.549486
0.805170
-0.436201
-0.006439
-0.451094
0.339335
0.387494
-0.285134
-0.400128
0.920469
0.950987
0.882015
-0.513474
-0.790948
0.127903
-0.936949
-0.318400
0.471419
-0.605152
0.529710
0.478256
-0.225929
0.519883
0.443709
0.915525
-0.734672
0.536241
0.309122
0.722098
-0.213416
0.895199
0.338298
0.115146
-0.849605
-0.402448
0.814447
-0.343303
-0.174535
-0.364299
0.746269
0.814325
0.719535
0.783441
-0.236671
-0.989746
0.215857
0.666250
0.109104
0.724235
0.929014
0.565661
-0.663991
-0.018097
0.147252
-0.210059
-0.636280
-0.417890
0.331889
-0.504440
0.658376
0.703543
0.279458
-0.106113
0.714957
0.134068
0.617664
0.877255
-0.493332
0.660024
0.413984
0.234352
-0.900937
0.569933
0.820246
-0.839656
-0.880184
0.142796
0.785699
-0.406232
-0.063204
-0.126194
-0.359600
-0.016755
-0.152013
-0.605457
-0.583361
0.074679
0.948057
0.162938
-0.749870
-0.517136
-0.901791
0.523972
-0.359111
0.560411
-0.356914
0.336406
-0.862362
0.026948
0.887143
0.998962
-0.328471
0.931028
0.937681
-0.564501
0.806757
-0.273476
0.922056
-0.596179
0.975219
-0.838862
0.616199
0.458846
-0.127598
0.366497
-0.146092
-0.742912
0.156957
0.961730
-0.479904
-0.847835
0.234169
-0.789666
-0.872677
0.169347
0.930540
-0.176550
-0.428266
-0.848140
-0.821955
0.760430
-0.455428
0.899106
-0.682791
-0.536912
-0.793939
0.971984
0.641896
0.486312
-0.578112
-0.560839
0.963195
0.098788
-0.923032
-0.013337
0.105747
-0.640736
0.765740
0.314371
0.093539
-0.238014
-0.754570
0.436934
0.672475
0.154515
-0.205420
-0.695975
-0.080050
-0.088290
0.074984
-0.783685
-0.620594
-0.535020
-0.499924
-0.281777
-0.341777
-0.601978
0.574023
-0.765862
0.051546
0.969298
0.039766
0.595935
-0.347209
0.294351
-0.287210
0.777581
-0.406903
-0.141697
0.098300
0.190649
0.654958
-0.393963
-0.292032
-0.254372
-0.745598
0.071871
0.173132
-0.052889
0.424116
0.683828
-0.773125
0.238868
-0.608570
0.908444
0.403607
-0.836604
0.096225
0.625782
-0.609607
-0.284524
-0.984375
-0.511643
-0.099643
-0.226783
0.629322
0.687857
0.609973
-0.793573
0.501999
-0.775689
-0.614673
-0.484237
-0.212867
0.828547
0.753471
0.057527
0.068636
-0.003510
0.819575
-0.254006
0.661916
0.887570
-0.630482
-0.580493
0.314920
-0.123020
-0.938292
0.402631
0.968139
0.373211
0.241005
0.242531
-0.685171
-0.557482
0.525315
-0.549669
-0.481552
0.318094
0.311625
-0.963744
-0.211463
0.419233
0.160985
0.500290
-0.665090
0.569079
-0.391034
0.715384
-0.660634
0.843806
0.020539
0.661733
0.590747
0.637501
-0.551378
0.782586
0.054903
0.213355
-0.193030
0.283059
-0.935118
0.211890
0.554735
0.702261
-0.534837
-0.192114
-0.364788
-0.588855
0.792291
0.481735
-0.883908
-0.178137
0.728385
-0.505905
-0.311991
-0.691031
0.279946
-0.115146
0.034577
-0.119785
0.910642
0.447737
0.846797
0.134068
0.790033
-0.577258
0.510910
-0.435774
0.004791
0.530686
0.832331
0.603504
0.052705
0.926206
0.079623
-0.144139
0.057283
0.397015
-0.344951
-0.069002
-0.005280
-0.381024
-0.979614
-0.347697
-0.673818
-0.687796
-0.370403
-0.980346
-0.109714
0.706839
0.302774
-0.646290
0.877316
-0.592883
-0.632862
0.979614
-0.621326
-0.059664
-0.435896
-0.549730
0.581103
-0.308084
0.889096
0.136265
0.490219
-0.006989
-0.951903
-0.942137
-0.347697
-0.938963
0.925291
0.688589
0.085421
-0.642994
-0.404157
0.438093
0.918882
0.346843
-0.221168
-0.170324
0.941282
-0.652821
0.082369
-0.439680
0.551805
-0.981140
0.170263
0.397687
0.274575
-0.602771
-0.452254
-0.893307
0.036836
-0.024567
-0.040376
-0.053621
-0.510727
0.831355
-0.830561
0.417768
-0.412091
0.891110
0.023835
0.448592
0.993103
-0.832087
0.979553
-0.301004
0.936277
0.598437
0.073885
-0.935057
0.407453
-0.249428
0.236671
0.622669
0.153111
-0.635182
-0.858211
-0.470260
0.680410
-0.745720
0.935118
-0.885006
-0.443220
-0.755242
-0.734001
-0.669362
-0.817133
-0.772454
-0.505905
0.323038
0.215552
0.075106
0.319010
-0.136448
0.195532
0.424482
0.856746
0.429365
0.860408
0.925474
0.125217
0.105930
0.196020
-0.043306
0.535020
0.503769
-0.540941
-0.190832
-0.580187
-0.805536
-0.067904
-0.651540
0.642872
-0.424909
-0.735771
-0.946226
0.593310
-0.675161
-0.343303
0.201270
0.593554
-0.107700
0.964415
-0.618213
0.500534
0.926511
0.327189
0.723502
0.812555
-0.937742
0.476363
0.196142
-0.141331
-0.594592
-0.118198
-0.970153
-0.737724
-0.211707
-0.684378
0.151585
-0.333903
0.904050
0.550401
0.519578
0.745964
0.627125
-0.346110
0.713065
0.796381
0.909238
-0.664296
-0.347331
-0.269265
-0.981628
-0.951659
0.311197
0.972411
0.270913
0.024873
0.940611
0.394879
-0.787469
-0.557115
-0.657338
0.058260
0.274331
-0.618213
0.375835
0.577136
-0.639149
-0.873043
-0.210059
0.057405
0.583361
0.685354
0.967772
0.706046
0.629872
-0.743461
0.801569
0.512497
0.971313
-0.502487
-0.211219
-0.049837
-0.737724
-0.738945
0.427412
-0.114658
0.865719
-0.884335
0.692618
-0.603198
0.045991
-0.601611
0.680105
-0.010834
0.955931
-0.580065
-0.078951
0.493576
-0.989013
0.325114
-0.144200
-0.637928
0.943907
0.313395
-0.411176
-0.698294
-0.761406
0.898434
-0.284829
0.031098
0.252541
0.735160
-0.883053
-0.219947
-0.629749
-0.233375
0.163793
0.165685
0.439802
-0.588794
0.613575
-0.602527
0.126804
0.959899
-0.989380
-0.679373
-0.630909
0.053072
-0.431806
-0.818049
0.290262
-0.794916
0.083712
0.092868
0.244179
-0.187414
-0.582385
0.942930
-0.891110
-0.768365
-0.614246
0.292398
0.750481
0.882504
-0.620350
-0.153905
0.513230
0.509568
-0.050569
-0.764458
0.928220
-0.259865
0.557543
0.251625
-0.603259
0.169347
0.699515
0.212195
0.877071
-0.069735
0.421491
0.748711
-0.949095
0.557176
0.847224
0.462569
-0.273721
-0.784173
0.282632
-0.112156
-0.588488
0.628895
-0.690664
0.008820
0.760186
-0.003876
0.161657
-0.614795
0.806391
0.055208
-0.117649
0.740959
0.187841
0.908628
0.391644
-0.026582
0.321635
0.350383
-0.787896
-0.627857
0.189184
-0.978454
-0.085482
0.707938
0.495834
0.008942
-0.092929
0.310343
-0.690725
-0.526048
0.530381
-0.045564
0.271340
-0.358135
0.145543
0.077364
-0.203711
0.835444
0.926756
-0.637196
-0.140904
0.467391
0.769158
0.733757
0.684744
-0.869015
0.425459
0.426069
0.224525
0.828974
0.383404
0.132725
0.756462
0.550462
0.399152
-0.783929
0.069735
0.775628
-0.963073
0.338969
-0.990661
0.966369
0.317484
-0.877255
0.652760
0.831599
0.507187
0.991333
0.768548
0.430708
-0.163854
0.862239
-0.769280
0.563280
0.358989
-0.540391
0.765679
-0.396039
0.020905
0.632496
-0.631458
-0.199866
0.115635
-0.092441
-0.021393
-0.028169
0.085482
0.446760
-0.154637
0.469466
0.983642
0.601733
-0.995239
0.708670
-0.270913
0.992126
0.767937
0.067965
0.907346
0.869686
0.764519
0.137547
-0.229713
-0.483016
0.193884
-0.087863
-0.422712
0.960509
-0.825190
0.907407
-0.459151
0.332255
-0.856319
-0.411725
-0.295328
0.090060
-0.766289
-0.314615
0.458785
-0.986938
0.332255
0.183203
0.889950
-0.590258
0.847163
-0.943907
-0.204016
-0.110446
-0.664541
-0.642994
-0.196631
0.097140
0.734001
-0.502731
-0.714835
-0.191015
0.174535
0.457442
-0.287332
0.410504
0.397443
-0.227271
0.901242
0.857356
-0.057772
0.316324
0.607288
0.250649
-0.271096
-0.806940
0.285684
-0.948729
0.655446
0.846553
0.826655
0.327738
-0.878231
0.200537
0.492538
0.529710
-0.273049
-0.671987
-0.508225
-0.276894
-0.296976
-0.106967
-0.932188
-0.395734
0.630177
0.955687
0.666982
0.764885
-0.938414
-0.965026
-0.354778
0.865230
-0.777459
-0.239967
0.324320
0.124302
-0.259621
0.007721
-0.996155
-0.606189
0.603809
0.699271
-0.151219
0.861446
-0.074618
0.681814
-0.916868
0.459700
-0.352947
-0.319864
0.511704
-0.736625
-0.444624
0.320780
0.405255
-0.788507
0.123875
-0.231788
-0.074007
0.170141
0.892331
0.670400
-0.843684
-0.906003
0.588427
0.476180
-0.828486
-0.731193
-0.491806
0.006806
0.558885
-0.370769
0.686758
0.415754
0.130467
-0.413617
-0.156285
-0.589831
-0.859859
-0.823908
-0.352031
0.538194
-0.764885
0.569262
-0.417341
-0.886532
-0.602832
-0.362346
0.465194
0.816218
-0.306375
-0.774407
-0.532090
0.465682
-0.938475
0.982604
0.536180
0.851558
0.976806
0.667348
-0.337809
0.265786
-0.906247
0.911374
-0.536119
0.299722
-0.909238
0.998413
0.762932
-0.558214
-0.317484
-0.171422
0.655141
0.474776
0.525193
-0.760247
-0.156896
-0.740471
0.063265
0.602588
0.374371
0.762200
-0.455672
-0.514512
-0.575976
0.353557
-0.127171
-0.553758
-0.704337
-0.212989
0.538743
0.955016
-0.923093
-0.855220
0.715873
-0.199011
-0.664907
-0.344829
-0.027375
-0.956603
-0.805963
-0.052461
0.255104
0.071139
-0.685598
0.833857
0.734916
-0.984741
-0.674856
0.960814
-0.070162
-0.206519
-0.348186
0.154759
0.677419
0.317667
0.304117
0.049226
-0.697928
0.634693
-0.595019
0.454451
0.069308
0.145177
0.003265
0.978942
0.645924
0.048982
-0.765007
-0.058321
-0.266030
-0.864803
-0.903073
0.501999
0.167211
0.055330
-0.113620
-0.244301
0.417463
0.144810
0.857173
-0.524644
0.024079
-0.411176
-0.609729
-0.484787
-0.753105
0.661794
0.419599
-0.550401
