-0.047945
0.913205
0.774834
0.527573
-0.237526
-0.791559
0.018097
-0.410382
-0.877865
-0.437971
-0.716300
-0.318827
0.510910
-0.971618
-0.702017
0.282632
-0.692984
-0.577624
-0.491379
-0.205542
0.724784
-0.972839
-0.566698
0.911557
-0.224952
0.971007
0.465682
-0.902951
0.744865
-0.487838
0.369732
-0.835994
0.798334
0.326640
-0.058138
-0.663686
-0.002777
0.584460
-0.544176
0.322916
0.466231
0.767815
0.106784
0.687857
0.209143
0.841243
-0.477706
-0.613941
0.026215
0.182043
0.287454
0.984008
0.133457
0.777093
0.889706
-0.809748
-0.494003
0.494797
0.486557
0.923460
0.527085
-0.868892
-0.100620
-0.432173
0.893368
-0.128086
0.306497
0.570849
0.117344
-0.916562
-0.335978
-0.101657
-0.157628
0.245399
0.183447
-0.470321
-0.048555
0.803339
-0.125156
-0.700735
-0.921812
-0.500168
0.992370
0.735527
0.376568
0.878719
-0.604297
0.093661
0.319010
-0.147740
0.273232
0.495590
0.890011
0.805292
-0.961425
-0.069552
0.551073
0.463179
0.525864
-0.770745
-0.985412
-0.372356
-0.153722
0.280251
0.629688
-0.195471
-0.104953
-0.162816
-0.052217
0.500412
0.198035
0.299112
-0.842647
-0.820856
0.547899
-0.769646
-0.063265
-0.715201
-0.246986
0.239357
-0.998962
-0.316202
0.953001
0.865291
0.577868
-0.637806
-0.197424
0.860775
-0.673086
-0.365337
-0.037141
-0.450117
0.087008
-0.357341
-0.183081
-0.741325
-0.650868
0.857051
0.241493
0.137364
-0.484359
0.660573
0.464400
-0.955077
0.117588
0.698050
0.920408
0.304788
0.403729
0.070162
-0.318033
-0.573778
-0.373760
0.181921
0.511338
0.408246
-0.412702
0.010041
0.310770
-0.876095
0.809687
-0.353862
-0.375042
0.801202
0.620472
0.620716
-0.146031
-0.343852
-0.879940
-0.543504
-0.918821
-0.706107
-0.829157
-0.711905
-0.238685
0.533982
-0.238746
0.948729
-0.930845
0.353130
0.117649
0.099338
0.212622
0.102695
0.288430
0.395978
0.506333
0.719840
-0.397443
0.987487
-0.180212
-0.109836
0.468795
-0.687735
-0.035798
0.295206
0.608875
0.171728
0.456648
0.839839
-0.846065
0.038362
-0.142735
-0.789178
-0.842708
0.908078
0.453169
0.864376
-0.145482
0.868404
0.124180
-0.898740
-0.536058
-0.579028
0.533738
0.402326
0.088778
-0.397931
0.058321
0.045198
0.910398
0.631825
0.106784
-0.676382
-0.556078
0.525620
0.261757
-0.378216
-0.407025
0.592822
-0.981262
-0.185583
0.301859
-0.041658
-0.881893
-0.120762
-0.448347
-0.908872
0.749138
0.961913
0.381817
-0.768914
-0.995361
0.169897
0.693350
-0.672170
0.491928
0.633595
0.874813
0.786248
-0.223670
0.895566
0.401410
-0.599780
0.965636
0.172643
-0.886166
0.967223
-0.023774
-0.596850
-0.874081
0.621021
-0.844966
0.817621
0.424421
-0.099277
0.377728
0.375164
0.981201
0.462874
-0.486801
0.006867
-0.129734
-0.007294
0.607288
0.260048
-0.625172
0.228736
-0.828242
0.091220
0.566881
0.482467
0.135960
0.522019
0.924497
-0.190100
0.042024
0.297342
-0.865108
-0.950194
-0.457503
0.933409
-0.722159
-0.387921
0.487594
0.313028
-0.256874
0.406537
-0.084078
0.984375
-0.210852
0.908872
0.338847
-0.570055
0.636708
0.740349
0.986084
0.033052
-0.226783
-0.839595
0.113926
0.144627
0.720695
0.875729
-0.891476
0.967162
-0.962951
0.256630
-0.959044
-0.270363
0.418806
-0.097507
-0.498947
-0.722526
0.656545
-0.822260
-0.943968
-0.816523
0.726737
0.651967
-0.998047
0.849910
-0.823786
-0.820124
-0.375408
-0.220130
-0.968627
0.170202
-0.522996
0.110019
-0.700064
-0.992370
0.283975
0.712516
-0.141209
-0.730461
-0.750725
0.601306
-0.996277
-0.364299
0.456526
0.935484
-0.660451
0.444319
0.778436
-0.077425
0.549608
0.030183
-0.725517
0.312540
0.282876
0.952269
0.744865
-0.071261
-0.481918
-0.706778
0.239418
0.030122
0.818964
-0.988952
-0.721305
0.784417
-0.386029
0.299295
0.003510
-0.153539
0.421430
0.308939
-0.559618
0.610828
0.954588
-0.842341
0.801630
-0.221961
-0.326395
0.178991
0.845943
0.979919
-0.353252
0.357219
-0.073641
-0.860591
0.146764
0.285684
0.411542
-0.856075
-0.906186
0.715934
0.181005
0.555651
0.762993
0.654408
0.886593
0.065828
-0.946654
-0.860530
0.057222
0.248451
-0.871090
-0.760613
-0.661000
0.089633
0.469222
0.563402
-0.354106
0.092074
0.635792
-0.009674
0.108005
-0.266457
-0.475448
-0.482467
0.782037
0.735160
-0.931700
0.183996
0.634144
0.011139
0.033906
0.531907
-0.805536
0.925291
-0.538804
0.240699
-0.750053
0.980468
0.981079
0.515183
0.027924
0.069369
-0.204871
0.031953
0.120884
0.001617
-0.554796
-0.705985
0.035310
0.969787
0.292764
0.925840
0.190588
0.558763
-0.851009
-0.285195
-0.498398
-0.264443
-0.287820
-0.052095
-0.292520
0.784051
0.165990
0.365642
0.786615
-0.170324
-0.790338
-0.807794
0.196203
-0.970153
-0.703055
-0.023408
0.023957
0.298990
-0.302530
-0.394635
-0.589160
-0.068941
-0.343608
0.134068
0.030610
-0.932066
-0.479720
-0.322855
0.148228
0.168432
0.722098
-0.502670
0.446333
-0.261513
-0.579821
0.703299
-0.790704
0.741935
0.847957
-0.489731
0.041719
-0.294656
0.049776
0.044588
-0.058809
0.804926
0.507736
-0.057772
0.964721
0.696829
0.933958
-0.656545
0.213843
-0.290201
0.054781
-0.486251
0.438093
-0.802118
0.642201
0.824885
-0.503769
-0.143895
0.806940
-0.542589
0.721732
0.698904
-0.846736
0.308573
-0.196875
0.550645
-0.292459
0.678274
0.530076
-0.302347
0.661306
0.354045
0.698599
-0.024567
-0.814508
-0.886349
0.938231
0.005951
-0.581347
0.327860
-0.073702
0.308878
0.720756
0.591662
0.077181
-0.019562
0.429670
0.665151
-0.447676
-0.476119
-0.648732
-0.464522
-0.451033
0.761467
0.546312
0.543870
-0.382000
-0.858943
-0.427351
-0.683828
-0.191198
-0.442793
-0.585192
-0.583850
-0.781121
0.264138
0.013703
0.208106
-0.665944
0.976196
-0.588610
-0.712333
0.315348
0.754265
-0.840266
-0.284951
-0.282327
0.501755
-0.028535
-0.720145
0.651051
0.205054
0.667837
0.162511
0.079501
0.102512
-0.315592
0.487228
-0.577624
-0.168249
-0.553392
0.330180
-0.075533
-0.921384
-0.140782
-0.282144
0.631214
0.321146
-0.292703
-0.046480
0.837336
0.790582
0.437544
0.241432
0.123203
0.393780
0.325602
-0.700613
0.644581
0.275979
-0.276833
0.902402
-0.078768
-0.981567
-0.004975
-0.911618
0.581713
-0.695669
0.115329
0.236061
-0.867428
-0.274270
-0.796869
-0.578661
-0.060762
0.528672
0.377789
-0.291055
-0.272744
-0.414533
0.828547
-0.196265
-0.398114
0.190832
0.374493
0.715384
0.227515
-0.890805
-0.482406
-0.660878
-0.625294
-0.687490
0.528550
-0.820368
-0.182043
-0.419477
-0.958678
0.455611
0.388531
-0.875973
0.510056
0.968566
-0.643666
-0.247536
0.696524
-0.435591
-0.344829
-0.006317
0.214270
-0.441694
0.882565
-0.530503
-0.745109
0.367229
0.992370
0.687063
-0.349528
-0.411359
0.612476
-0.331645
-0.418744
-0.574755
0.889157
0.042695
-0.876400
0.478744
-0.460799
0.744743
-0.242225
0.243263
0.161534
-0.455672
0.840327
0.486984
-0.723930
-0.055940
0.598926
0.762505
-0.784417
-0.071749
-0.388348
0.552660
0.203467
0.721671
-0.707999
0.821894
-0.529160
0.686880
0.060518
-0.078829
-0.859554
0.589831
0.562792
0.663686
0.697623
0.261391
0.080294
-0.810419
0.513718
-0.586901
0.325968
-0.512741
0.809259
-0.449446
0.423688
0.806879
-0.198706
-0.911435
-0.252541
0.298441
-0.275674
-0.703543
0.519517
-0.120212
0.905637
-0.916318
0.500595
-0.953429
-0.432783
0.522202
0.063021
0.466720
-0.351665
-0.662465
0.230262
-0.554857
-0.157750
0.169836
-0.618885
-0.011017
-0.288186
0.463729
0.154881
0.536668
0.573290
-0.489059
0.888730
-0.871212
0.816828
0.370830
-0.393353
0.729911
0.367290
-0.074190
-0.626576
-0.103610
-0.925291
-0.543199
-0.805231
0.299844
-0.225990
-0.452925
0.900510
0.276833
0.688894
0.698904
0.971618
-0.943419
-0.415387
-0.562731
0.370037
-0.154149
-0.577319
-0.765007
0.394147
0.314432
-0.408612
-0.625416
0.802484
-0.687857
0.048494
0.336161
-0.793573
-0.202002
-0.226112
-0.302591
-0.770745
0.067049
-0.807855
-0.166723
-0.010773
0.283303
-0.731559
-0.557970
0.039949
0.799493
0.247169
-0.761711
0.639698
0.812555
0.029633
-0.051057
0.379437
-0.764946
-0.717887
0.314676
0.652516
-0.166478
0.951476
0.103427
-0.108127
0.734611
-0.176611
0.522446
-0.934568
0.815851
-0.845454
0.617542
0.839290
-0.934751
0.428083
0.935484
0.840754
0.485397
0.146153
0.271523
-0.420087
-0.924741
-0.760979
0.509140
0.920713
-0.194372
0.736503
-0.781182
0.296854
0.660024
0.716178
0.980895
0.762139
-0.161718
-0.902585
-0.236976
-0.025605
0.133580
-0.042879
-0.389142
-0.431990
-0.793634
-0.627979
-0.366008
0.190710
-0.291665
0.011017
0.263710
0.134556
-0.024201
-0.653005
-0.991516
0.180456
0.991211
-0.430036
0.638356
0.813593
-0.464156
0.118809
-0.720023
-0.483505
0.313761
-0.036470
-0.488449
0.822138
-0.819636
0.395917
0.552293
0.172277
-0.010529
0.846736
-0.169897
-0.338237
0.095431
0.690847
-0.390790
-0.667592
-0.535875
-0.407270
0.622242
-0.358013
0.016205
0.687979
-0.152440
-0.935667
-0.690237
-0.991272
0.750175
-0.225684
-0.959349
0.973266
-0.284524
-0.830195
-0.204627
0.392865
-0.929258
-0.908444
0.412702
0.723258
-0.561327
-0.424116
0.436445
-0.017304
0.683279
-0.639332
0.923948
-0.118625
0.951170
0.491562
0.139866
0.750603
0.745659
-0.778924
0.733940
-0.677358
0.440291
-0.392193
0.641957
-0.891903
0.703787
-0.998657
-0.393048
-0.697195
0.177526
0.500534
-0.860286
-0.297586
-0.950377
-0.788079
-0.565538
-0.538011
0.635121
0.667653
-0.211158
0.331095
0.500717
-0.815546
0.822443
0.782403
0.328043
-0.023164
0.155370
-0.273049
-0.897763
-0.633229
0.044221
0.755974
-0.970336
-0.047456
-0.810541
-0.243263
0.596484
-0.482772
-0.448225
0.838130
0.474654
-0.531053
-0.405560
0.136814
0.011505
-0.615040
0.512741
-0.386029
-0.052461
-0.541978
0.489059
-0.187292
0.678701
0.743095
0.035676
-0.454512
0.757317
-0.198035
-0.189489
-0.470992
0.896481
-0.003876
-0.235511
0.698355
0.345134
0.417768
-0.500046
0.886410
0.142430
-0.947508
-0.919370
-0.184301
-0.921934
0.317118
0.046297
0.181494
0.961913
0.698538
0.759697
0.191748
0.716849
-0.007721
-0.455061
-0.301187
-0.083895
-0.653066
0.286660
0.864437
0.676870
0.486740
-0.899838
-0.288491
0.646290
0.444624
-0.387249
-0.125645
0.085849
0.888058
-0.297769
0.053865
-0.568102
-0.463668
-0.122227
-0.029206
0.869808
0.712760
0.352214
-0.748955
-0.495407
0.211097
0.168371
-0.678701
-0.383709
-0.535875
0.202124
0.774651
-0.894955
-0.323344
-0.959838
-0.931639
0.768365
0.554979
-0.996948
0.487960
-0.898373
0.639088
-0.923399
-0.346721
-0.104221
0.524888
0.754631
-0.666311
0.375530
0.752556
-0.678945
-0.438765
-0.356548
-0.854183
0.298013
0.791742
-0.803949
-0.920225
-0.575671
-0.850093
0.140965
-0.566515
-0.621509
0.531175
-0.497238
0.137608
-0.683096
0.749077
0.840571
0.207556
0.209510
-0.351115
0.222571
0.884823
0.401593
-0.661061
-0.678701
-0.458602
0.830866
0.682180
0.802973
0.314676
-0.178381
-0.125278
-0.556078
0.038179
-0.866451
0.514389
0.572497
-0.080966
-0.361797
0.232521
-0.371136
-0.753044
-0.553636
-0.672048
0.810907
0.752434
0.129856
0.856197
-0.445845
-0.810724
-0.859859
0.896420
-0.740959
0.567370
-0.447615
0.830012
-0.612232
-0.250954
0.085360
0.780328
0.958434
0.797479
-0.588549
0.060274
-0.709830
0.790582
-0.910703
0.139378
0.369854
0.342814
-0.711844
0.172704
0.293069
-0.874142
0.282327
-0.829829
-0.403180
-0.924558
-0.273354
0.641591
0.261879
-0.385113
-0.081210
0.247902
0.449995
-0.522568
-0.573229
-0.165624
0.741935
-0.779412
0.912168
0.389019
-0.277078
0.752007
-0.136204
0.390301
0.156346
-0.048311
-0.623768
-0.611255
0.166662
0.569384
-0.153600
-0.702628
0.265297
-0.715629
-0.078463
0.419416
-0.925962
0.576525
-0.087130
-0.599658
0.036409
-0.323893
0.252052
-0.885861
-0.170263
0.524155
0.845515
-0.861629
0.578417
-0.209754
0.898801
0.537950
0.204688
-0.358379
-0.545824
0.802850
-0.404767
-0.846858
0.503891
0.029023
0.593738
0.903317
-0.748650
-0.610157
-0.686453
0.720328
-0.955138
0.561083
-0.632130
0.088595
-0.154515
0.960936
-0.987854
-0.141636
-0.288003
-0.668996
-0.419782
0.309061
0.309732
-0.181372
0.593188
0.605823
-0.618397
0.411054
-0.714408
0.921751
0.900571
-0.110508
-0.447432
0.174169
0.616871
-0.367595
0.355632
-0.803522
0.352397
0.514695
0.184484
0.765740
-0.840815
0.865108
-0.811029
0.496872
0.066683
0.888852
-0.635426
0.871944
-0.249489
-0.384381
-0.488998
-0.460982
-0.890378
0.119358
-0.424421
0.773858
0.835505
0.235267
0.890744
0.946471
-0.213660
-0.906980
0.102329
0.782281
-0.530015
-0.915647
0.925474
0.154881
-0.605945
-0.011689
0.592456
-0.476180
-0.264138
-0.977355
-0.752678
0.796197
0.714042
-0.119175
-0.303690
-0.178014
-0.721915
0.288980
0.852779
-0.511826
0.506760
-0.067598
-0.049593
-0.149632
-0.228065
0.718436
-0.268899
0.895688
-0.247414
0.386212
0.725272
-0.345561
0.219947
0.800897
-0.457747
0.195959
-0.061251
-0.132969
0.449324
0.327860
0.571703
0.768548
0.076266
0.494552
-0.363628
0.022614
0.791070
0.352275
0.872005
0.304788
0.945982
-0.980712
0.050874
-0.366741
-0.438826
0.365520
-0.677908
-0.813410
-0.346721
0.977783
0.115696
-0.767449
0.161473
0.493454
-0.198401
0.961669
0.168004
-0.806452
-0.708304
0.409772
-0.579394
-0.454146
-0.362346
-0.954894
-0.297647
0.201331
0.105564
-0.713126
-0.751701
0.004730
-0.661916
0.845210
-0.080905
-0.662526
0.966735
0.999268
-0.196326
0.403790
0.653127
0.300638
0.289407
-0.619495
-0.103000
0.123386
-0.752190
-0.646657
0.356914
-0.333964
-0.289773
-0.589221
-0.794916
-0.012970
0.614978
-0.635609
0.948180
0.342021
-0.924375
0.577807
0.789422
-0.393292
-0.666250
0.699149
0.023347
0.610096
0.549425
0.401959
-0.778314
0.666128
0.415387
0.707572
-0.874081
-0.419721
0.439802
-0.505905
-0.015473
-0.752251
-0.288553
-0.448347
-0.937742
-0.355937
0.697073
-0.988342
0.022248
0.097629
0.711295
-0.275979
0.554430
0.003204
0.464461
-0.726188
-0.088595
-0.870174
0.052950
-0.427656
0.196020
0.633473
-0.555223
0.284463
0.478561
0.967528
-0.855525
-0.679373
-0.639332
0.320170
0.041780
0.657704
-0.291421
-0.422407
-0.328410
0.109531
-0.624989
0.283731
0.044954
-0.274331
-0.133030
0.267617
0.265725
0.441694
0.796747
-0.946348
0.008759
-0.631642
-0.154942
0.142186
0.643422
-0.977233
-0.121250
0.366741
-0.444929
-0.909970
0.477950
0.314249
0.271706
-0.739982
0.206214
0.552355
0.471908
0.668447
-0.467269
0.499802
-0.348857
0.646718
-0.641774
-0.588672
0.363018
-0.877499
-0.550707
0.336406
0.457503
0.329752
-0.514267
-0.053560
0.939512
0.174841
-0.167150
-0.766533
0.242042
0.848140
0.239296
0.712760
0.532640
0.759575
-0.576647
-0.377300
-0.782220
0.421613
-0.987426
0.809565
-0.644826
0.546251
0.305887
0.913450
-0.496139
-0.912656
0.219886
-0.684805
0.576464
0.715201
-0.495102
-0.041963
-0.221290
-0.294656
0.219642
0.710135
-0.383831
-0.438215
-0.448103
0.889584
-0.379803
-0.327738
0.512497
-0.136265
-0.074557
-0.280801
0.443648
0.997314
0.314310
-0.197974
-0.793573
0.513352
0.108554
-0.232521
0.873470
0.051363
-0.131748
-0.672231
0.393841
0.589648
0.854976
-0.073885
0.960631
-0.405133
0.750664
-0.590320
0.876217
-0.557726
0.734977
0.655019
0.251686
0.955992
-0.816462
-0.405011
-0.872372
0.748955
-0.123875
0.329325
0.720267
-0.405011
-0.835505
-0.646901
0.000641
0.540269
-0.173376
0.338725
-0.189795
-0.336650
-0.719474
-0.903317
-0.441816
-0.260659
0.718925
0.317850
0.024812
0.918394
0.820673
0.024445
-0.707633
-0.456221
-0.131748
0.284341
0.175756
0.511765
-0.905210
0.310160
-0.989624
0.900815
-0.785699
-0.162633
-0.230262
-0.604297
-0.195227
-0.982177
0.164525
-0.997803
0.082247
-0.268410
-0.775201
-0.348918
0.154393
-0.614063
-0.901181
0.970763
-0.625904
0.600269
-0.247841
0.863582
-0.562853
-0.163366
-0.719352
-0.427717
0.265419
0.110385
-0.977905
-0.006989
-0.636525
0.448286
0.380657
0.668630
0.576769
0.324259
-0.581347
0.518357
-0.283486
-0.595508
0.816401
-0.233802
0.459395
0.923215
-0.971679
0.969237
0.352947
