0.304910
-0.172094
-0.851985
0.921995
0.831660
0.314676
0.935301
0.461226
-0.270058
0.466353
0.573778
-0.810663
0.576098
0.174780
0.719047
-0.366131
0.562914
0.306558
-0.951476
-0.322367
0.069002
-0.219764
-0.426557
-0.651051
0.172643
0.407880
0.045198
-0.560595
0.939512
0.692129
0.226661
0.123508
-0.259926
-0.555040
-0.355449
0.965514
-0.719047
0.677602
-0.925230
0.970763
-0.596606
-0.041108
-0.072542
0.270486
0.864620
-0.289163
-0.140233
-0.603626
-0.751762
0.076815
-0.890072
0.346355
0.048250
-0.358684
0.406964
-0.660146
0.703909
-0.156285
-0.796258
-0.207007
-0.454146
0.556932
0.281655
0.172094
-0.084933
-0.685354
-0.514695
-0.396832
-0.431074
-0.496445
0.813349
0.751213
0.199255
0.352458
-0.496933
0.682913
-0.742729
0.687674
0.001007
-0.352702
-0.297159
-0.518296
0.224097
0.726615
-0.472152
0.490524
-0.779962
-0.148412
-0.782830
0.152318
0.153966
-0.627674
0.966552
0.107089
-0.817255
0.691641
-0.947264
-0.995605
0.761467
-0.269936
0.082614
-0.834956
-0.883786
-0.938658
0.074435
-0.228248
-0.372051
0.066378
0.055330
-0.850276
-0.081820
-0.375591
-0.035859
-0.683523
0.071871
0.672353
-0.315836
-0.793817
0.902707
-0.240883
0.748344
0.168004
0.150426
0.433515
-0.545213
-0.231788
-0.769463
0.813227
-0.543016
-0.207678
-0.913816
0.250282
0.002411
0.734733
-0.394208
0.797906
0.818354
0.197974
0.071993
-0.125462
0.756157
-0.698233
0.357646
0.855953
-0.936033
-0.155797
-0.253883
0.184179
0.094821
-0.326334
0.117405
0.745903
-0.859127
-0.791131
-0.608509
0.497787
-0.508408
-0.747307
0.839778
0.257729
0.650319
0.556261
-0.318583
-0.742546
-0.670034
-0.663259
-0.047029
0.214026
-0.793573
0.801935
0.981628
0.275430
0.887082
0.766289
-0.549852
-0.901547
0.127720
0.875729
0.280251
0.214881
0.267006
-0.924558
0.784539
0.354839
0.459273
0.062838
-0.458480
-0.385052
0.412152
0.873775
-0.607898
0.430036
0.619007
-0.279519
0.849788
-0.085971
-0.103549
-0.126560
0.055757
0.437483
0.801996
0.602100
-0.830134
0.146519
-0.735954
-0.893307
0.972350
-0.966185
0.691824
0.317606
-0.394391
0.004730
-0.838679
-0.105686
-0.135716
0.585009
-0.274209
0.222022
-0.299478
-0.930906
-0.461043
-0.636769
0.991882
0.311319
0.102329
0.270852
-0.440901
-0.317728
0.560533
-0.654775
-0.355388
0.111545
0.727897
-0.070162
-0.840999
0.889706
-0.344340
-0.040254
-0.807184
0.135472
0.755364
0.432783
-0.647694
0.076022
-0.817499
-0.060762
0.253395
0.101657
-0.514451
-0.451277
0.256508
0.443953
0.311686
0.421369
0.075716
-0.915403
-0.437239
0.612354
0.738639
0.524705
-0.052705
0.080294
-0.213904
0.800836
0.985778
0.522446
-0.127781
-0.948485
0.698172
0.758538
0.801141
-0.069857
-0.772576
0.760796
0.229774
0.783685
0.024751
0.998169
-0.040254
-0.727409
0.574328
-0.731925
0.715873
-0.194128
0.335551
-0.893979
0.134312
-0.559557
-0.204688
-0.915464
0.710929
-0.448408
-0.145726
0.483077
0.371624
0.747368
-0.482406
0.692801
-0.650990
0.109348
0.367962
-0.930235
-0.507920
-0.407758
-0.617908
-0.732047
-0.860042
-0.095676
-0.988952
0.223121
-0.577013
0.316996
-0.300150
0.063265
-0.852229
0.441694
0.507431
0.882199
-0.207190
-0.251625
-0.796258
0.097629
0.949583
-0.406232
-0.718863
0.016694
0.665090
-0.487960
-0.817316
0.546800
-0.362163
0.944334
0.496078
0.113681
0.585742
0.744743
-0.993042
-0.874935
-0.328043
0.974181
-0.060091
-0.683279
-0.057711
0.805414
0.253639
-0.109409
0.572130
-0.706900
-0.592761
0.225135
0.896970
-0.327372
-0.521348
0.630909
-0.035615
-0.589587
-0.977111
0.502060
0.790216
-0.739860
-0.336100
0.652272
-0.735588
-0.709708
0.076266
-0.068331
-0.034272
0.970946
-0.708304
0.471786
-0.009125
0.806146
0.972472
-0.029023
-0.028962
0.591479
0.720878
0.118625
-0.768731
0.569994
-0.664968
0.217322
-0.352153
0.419172
0.810846
-0.106418
0.404889
-0.359539
-0.025422
0.986206
0.154271
-0.537889
0.152074
-0.199927
0.589770
-0.398602
-0.990173
0.330119
0.016694
-0.685598
-0.956725
-0.044343
0.319620
-0.210425
-0.826533
-0.699515
0.157018
0.864681
0.905332
-0.323222
0.356914
-0.245949
0.703848
-0.780084
0.999207
-0.062410
-0.342448
-0.960936
-0.798578
0.595874
-0.051241
-0.155736
-0.457564
0.442488
0.089022
-0.464522
0.451765
-0.154576
0.513291
0.729667
-0.165807
0.563463
0.146153
-0.315348
-0.565416
-0.680105
0.784234
0.481552
0.511887
0.235572
0.339946
0.992370
-0.844783
-0.525132
0.182958
-0.118076
-0.416242
-0.158116
0.268288
-0.572558
-0.373577
-0.530931
-0.801202
0.183691
0.148045
0.348857
-0.161229
0.584155
0.204382
-0.587573
-0.519822
-0.458724
0.195227
0.960997
0.662954
0.109287
-0.034883
-0.302713
-0.897214
0.845454
0.581591
-0.676138
0.860714
0.643300
0.345256
0.221595
0.296976
0.106845
-0.246986
0.997925
-0.408246
0.852168
-0.815058
-0.038179
0.623707
-0.665944
0.116428
-0.804254
0.486618
-0.961364
0.452498
-0.056856
-0.322367
0.816462
0.833308
-0.926145
0.468307
0.173559
0.437849
0.119053
-0.707755
-0.250954
0.096652
-0.205420
-0.669546
0.144749
-0.541917
0.835200
-0.603687
-0.250526
0.900693
-0.131077
-0.052889
-0.161046
0.312174
-0.965026
-0.075289
-0.909482
-0.681265
0.175817
0.344157
-0.038362
-0.102084
0.195349
0.637440
-0.075350
0.491012
0.756951
-0.494064
0.200049
0.613025
-0.952513
0.148656
-0.141881
-0.580859
0.028474
-0.323466
0.732231
0.529221
-0.503891
0.505356
-0.450545
-0.161168
0.048372
0.653127
-0.379925
-0.822748
-0.044893
0.347942
0.917173
0.020356
0.285501
0.298135
0.360637
0.663320
0.382916
0.362468
-0.487045
0.042390
0.873043
-0.541490
0.354717
0.898129
-0.300394
0.190771
0.834162
-0.522019
0.253456
-0.568651
-0.925474
0.439253
0.003082
-0.666189
0.556200
-0.120640
-0.226295
-0.171361
-0.287027
-0.733757
-0.742302
-0.753777
-0.653615
0.417768
-0.720756
-0.542711
-0.945494
0.685171
0.016755
-0.574938
-0.879635
0.431806
0.544237
-0.331156
0.339702
-0.293191
-0.863765
0.348186
0.043245
-0.742973
0.298379
0.982177
0.196509
0.813044
-0.923032
-0.763848
-0.263955
-0.038667
-0.772271
0.430525
0.863338
0.815973
-0.204688
-0.912839
-0.629505
-0.952208
0.876766
0.071139
-0.046419
-0.363140
0.691885
0.280313
-0.450972
0.196203
-0.419416
-0.290994
-0.051790
-0.699515
-0.192175
-0.923338
-0.410749
-0.201636
0.704337
-0.232521
-0.980407
-0.420759
-0.440413
-0.884396
0.352397
-0.068270
-0.177404
-0.917356
-0.469527
0.798212
-0.836543
0.519578
0.564684
0.004608
0.448347
-0.220374
0.581042
-0.222816
0.658315
-0.363933
0.384564
-0.325724
-0.176916
-0.006073
-0.807917
0.108432
0.448347
0.667592
0.832636
0.706046
-0.030061
0.733512
-0.293313
0.584887
-0.966185
-0.723075
-0.725517
-0.425214
0.280679
-0.736930
-0.331523
0.297342
0.202673
0.969726
-0.504379
-0.476974
-0.316446
0.330424
-0.170080
0.291116
0.724052
-0.059786
0.210669
0.923887
0.602710
-0.760613
0.012848
-0.712882
0.078402
-0.457808
-0.477523
0.898740
-0.382733
0.601672
0.233070
-0.931639
-0.479965
-0.822748
-0.008332
-0.258156
-0.202124
0.719291
0.535691
-0.635914
0.253639
-0.160192
-0.460555
-0.906552
-0.706351
-0.532945
-0.123875
-0.174535
-0.454207
-0.349834
0.312357
-0.742119
-0.433210
0.041414
0.226844
-0.258278
0.443648
0.059114
0.251442
-0.884274
0.197424
-0.313761
0.172460
-0.770379
-0.024751
-0.325297
-0.126865
0.644642
0.116977
-0.379498
-0.523728
-0.827509
-0.604114
-0.634083
0.748955
-0.819697
0.090243
0.128025
-0.973022
0.715201
0.295938
0.128574
-0.285318
0.094516
-0.681570
-0.066500
0.954955
-0.223243
-0.583605
-0.726676
-0.936827
-0.263710
-0.233192
0.250893
0.844417
0.449873
-0.510117
-0.610462
0.132664
-0.095492
-0.918271
-0.156957
-0.286477
0.765984
0.064119
-0.958251
-0.577013
0.167577
0.454024
0.661672
0.584948
-0.550768
-0.539171
0.469710
0.116062
0.643666
0.935057
0.577136
0.957945
0.018220
0.411542
-0.687857
0.399152
-0.079012
-0.303323
0.414777
0.809259
-0.598376
-0.193152
-0.763604
0.889279
-0.977477
0.505722
0.738273
0.904050
-0.096713
-0.032258
0.020356
0.728446
0.254494
-0.749382
0.502060
0.292642
0.728446
-0.041169
0.740532
-0.720573
0.106235
0.066073
0.909726
-0.163610
-0.970336
-0.950011
0.560350
-0.549486
-0.365825
0.350993
-0.285623
0.920408
-0.407575
-0.937925
0.640675
0.333110
0.013215
0.211158
0.480148
0.041963
-0.453291
0.363323
0.245766
0.574084
0.976135
0.097201
0.580065
0.812372
-0.195166
0.149327
-0.260475
-0.271706
0.663381
-0.630787
-0.476241
0.859432
-0.829279
0.900754
0.033601
0.859066
-0.883175
0.394269
-0.465743
-0.322672
-0.306192
0.929868
-0.390851
0.836604
0.732414
0.930906
0.572985
-0.143590
-0.617359
0.057100
-0.210181
0.807001
-0.700735
-0.409589
-0.763543
-0.554491
-0.800958
0.796319
0.507065
0.528855
0.704947
-0.147801
-0.555895
0.593066
0.691153
0.272439
-0.525315
-0.424482
0.925779
-0.168188
-0.463729
-0.421796
0.315592
-0.642384
0.862545
0.023713
-0.785272
0.121311
0.012360
0.401044
-0.463240
-0.901975
0.685049
0.466964
0.792291
-0.507797
-0.882565
0.842830
-0.867306
0.865535
0.791620
-0.455184
-0.199866
-0.149815
-0.191748
0.827815
0.190588
0.716361
-0.909909
0.036897
-0.410077
-0.790033
0.080966
-0.039766
-0.079073
-0.089022
0.628712
0.184362
0.588061
-0.142735
0.016755
-0.649586
-0.219459
-0.428144
-0.294534
0.064791
0.666311
0.971557
0.042085
-0.567797
0.803217
0.376019
0.392438
-0.616260
-0.959105
0.190710
-0.922178
-0.643605
0.194433
0.118503
0.012909
0.849422
0.271096
0.908078
-0.371075
-0.958983
-0.888485
-0.601001
0.247475
-0.856624
-0.403790
-0.665578
-0.604724
-0.735405
0.407025
0.162023
-0.965575
-0.824091
0.836665
-0.777459
-0.508225
-0.104953
0.812189
0.339091
0.074435
-0.184912
0.053560
-0.181860
-0.385479
0.033601
-0.182043
0.153722
-0.843379
-0.414472
0.851680
0.839412
-0.550218
0.071078
0.271279
0.097140
-0.770074
0.680898
0.115574
0.321207
-0.327006
-0.286599
0.123997
0.548265
0.216468
0.726493
0.623768
-0.510544
0.329325
0.891293
-0.330851
0.355022
-0.563829
0.648976
-0.893674
0.947630
-0.744133
0.472701
-0.939634
0.964232
-0.049348
0.924436
0.605701
-0.975402
0.444441
-0.180212
-0.604785
-0.863704
0.814264
-0.101108
0.020783
0.517075
-0.157201
0.320658
0.360698
0.234535
-0.193396
0.361919
-0.638417
-0.759880
-0.062593
-0.096469
-0.182287
0.020112
-0.491867
0.891171
0.485214
0.206824
0.809870
-0.559252
0.338481
-0.416791
0.257607
-0.838679
-0.280129
-0.812067
0.841670
0.514084
0.118748
0.928709
-0.024262
0.688406
-0.193152
0.445723
-0.000397
0.909970
-0.579394
-0.668325
0.813288
0.007416
0.585314
0.242531
-0.670522
0.972350
0.480514
0.895199
0.829829
0.511460
0.474044
0.725028
-0.436445
-0.405194
-0.766228
-0.316141
-0.789666
0.515061
-0.228919
0.062960
-0.258095
0.258889
-0.925108
0.115268
0.479659
0.084811
0.728019
-0.918271
0.804498
0.975097
0.629261
0.672781
-0.961241
-0.572741
-0.301126
0.143956
-0.368450
-0.229652
0.833125
-0.123447
0.468001
0.067721
-0.595752
0.096835
-0.228431
-0.543443
0.223365
-0.398053
0.682546
-0.165563
-0.578539
-0.505783
-0.206030
0.819636
-0.828242
0.944090
-0.755974
-0.489181
0.962157
-0.304117
0.365093
0.779168
0.943480
0.582202
0.865902
-0.563585
-0.677908
0.448897
0.193152
-0.318949
0.872250
0.938475
0.029084
-0.896664
-0.171911
0.425336
-0.031770
-0.305277
-0.608142
-0.596850
-0.476730
0.168737
0.068026
0.873531
-0.204749
-0.807611
-0.949644
-0.259926
0.581164
0.326823
0.010224
-0.388531
-0.061312
-0.398846
-0.382183
0.293924
0.720634
0.752007
-0.351909
-0.407392
0.129612
0.509934
0.128086
0.641408
-0.038423
0.317850
-0.696341
0.550279
-0.895810
-0.679678
0.850642
0.797601
-0.935850
-0.760308
-0.746208
-0.550523
-0.786981
0.377117
0.111606
0.411786
-0.103366
-0.271767
0.802850
-0.174047
0.760735
0.883053
-0.505722
0.173009
-0.457381
-0.095126
0.085604
-0.127720
0.155187
0.324931
0.968078
-0.328471
0.586230
-0.474227
0.552416
-0.776727
-0.150243
-0.580004
-0.295206
0.721244
0.437788
-0.932127
0.199011
-0.714957
0.457259
-0.138218
0.857540
0.343913
-0.672720
0.068026
-0.622181
-0.646840
-0.974731
0.271706
0.246681
-0.383526
0.035920
-0.915708
-0.127537
-0.981323
-0.796075
0.104221
-0.980590
-0.482711
-0.829585
0.713431
0.021516
0.741508
-0.548875
-0.532212
-0.027558
0.066866
-0.549669
0.580370
-0.091220
0.033906
-0.770928
0.527635
-0.568468
-0.051607
-0.144993
0.193823
0.695608
0.815729
0.380230
-0.644704
0.486435
-0.304727
0.287393
0.123692
0.024323
-0.765069
-0.946776
0.866817
-0.251442
-0.245216
-0.598498
-0.610401
0.020417
0.503464
0.047945
0.762017
0.755974
-0.181310
0.101047
-0.617298
0.844234
-0.359966
0.528306
-0.210730
-0.892209
0.704703
-0.214393
-0.603259
0.991699
-0.342509
-0.163610
-0.833857
-0.306253
-0.825678
-0.165136
0.705679
0.005524
-0.534227
0.784906
0.186682
-0.851924
-0.527635
0.662648
-0.494858
0.247597
-0.387005
0.088107
0.912961
-0.188940
0.554918
-0.708792
-0.012177
0.097629
-0.965270
-0.060213
-0.751030
-0.798700
0.779229
-0.703604
-0.951903
-0.310648
-0.393475
-0.037996
0.156102
-0.559008
0.124912
0.979675
-0.940489
-0.793329
0.601489
0.185339
0.881893
-0.762261
-0.706351
0.167943
0.423139
-0.911069
-0.348064
0.668569
-0.417646
-0.408918
0.457686
-0.367107
0.302164
-0.733757
0.848079
-0.487411
-0.467452
-0.632069
0.461715
-0.492721
-0.582812
0.118686
0.895260
-0.161412
-0.532579
0.251808
0.415815
-0.974548
0.890561
-0.975890
-0.252419
0.119785
-0.768792
0.869747
-0.664968
-0.475631
-0.436445
-0.849849
-0.124119
-0.335368
0.316324
0.316752
0.164953
0.079806
-0.388226
0.831782
-0.218116
0.665273
-0.353679
-0.952086
0.168737
-0.432234
-0.832759
0.600330
-0.843623
-0.449263
0.260842
-0.293252
0.841365
0.285073
-0.394818
0.454878
-0.755547
0.808405
-0.879818
0.285867
-0.998047
0.504257
-0.549181
-0.913205
0.638478
0.666128
0.002960
-0.833796
0.756279
-0.448286
0.120640
0.343486
0.244484
0.426618
0.470199
0.638417
0.788018
-0.158544
0.785089
0.704215
0.276162
0.671682
0.905698
-0.229286
0.028657
0.776238
-0.222816
0.021149
0.404645
-0.178014
-0.646474
-0.915586
-0.449568
0.793756
-0.478072
0.554552
-0.745903
-0.572436
0.682852
-0.431501
-0.917539
0.554735
-0.655934
-0.108127
0.329081
0.580920
0.740043
0.722831
-0.111850
0.336222
-0.256081
-0.391461
0.503708
-0.548326
-0.275491
-0.640309
-0.851497
-0.930235
0.900510
0.882260
0.603870
-0.048677
0.880184
0.489914
-0.533616
-0.661306
0.126072
-0.378887
-0.757439
0.068880
0.035005
-0.786737
-0.404889
0.074557
0.052278
-0.675588
0.559069
0.392804
-0.271706
-0.821345
0.447981
-0.146886
-0.874264
-0.453841
0.663198
-0.973083
-0.661000
-0.268166
0.935057
0.097995
0.909848
0.359539
0.405560
-0.845820
0.161412
-0.430097
-0.324320
0.874752
-0.860469
0.724357
0.210669
-0.595874
-0.484481
-0.189001
-0.152501
-0.565050
0.772454
-0.368572
0.958434
-0.581103
-0.573229
-0.997681
-0.771233
-0.645558
0.570605
-0.565416
-0.433576
0.807855
-0.292398
-0.895993
-0.168615
0.241005
-0.628346
-0.183569
-0.091037
0.124485
-0.934996
-0.525559
-0.196997
-0.200354
-0.467574
-0.406598
0.217139
-0.043550
0.332072
0.197180
-0.954527
0.327860
-0.213172
-0.083102
0.796808
-0.302835
0.181921
-0.162389
0.080050
-0.184790
-0.973632
0.525925
0.654958
-0.529954
-0.497299
0.133702
-0.874508
0.542161
0.172826
0.586535
-0.372600
0.585070
-0.586413
0.512986
-0.048067
0.741997
0.388043
-0.119785
-0.932188
-0.029145
-0.877987
0.267312
-0.884640
-0.306558
0.717277
-0.016877
-0.091281
0.429304
0.184973
-0.317240
0.823786
0.086154
-0.567980
-0.682546
-0.218116
0.431257
-0.903012
0.970641
0.243751
-0.448897
-0.314371
0.555712
0.665822
0.807733
-0.650563
0.846065
-0.674184
0.824824
-0.533067
-0.964049
-0.045991
0.492538
-0.646474
-0.219764
-0.270363
0.946593
0.612659
0.626331
-0.377422
-0.974303
0.635670
0.398236
-0.557421
-0.933409
-0.726859
-0.800226
0.715018
-0.476363
0.913205
0.873714
0.527573
-0.237526
-0.791559
0.018097
-0.649648
-0.877865
0.592578
0.369060
-0.318827
-0.961425
-0.971618
0.759392
0.282632
-0.692984
0.723685
-0.377728
-0.205542
0.724784
-0.972839
-0.600024
0.911557
-0.139866
-0.148228
0.465682
-0.219031
0.744865
-0.063692
-0.821223
-0.835994
0.798334
0.326640
-0.058138
-0.663686
-0.002777
0.650929
-0.544176
0.322916
0.466231
0.626331
-0.072115
0.687857
0.209143
0.841243
-0.477706
-0.613941
-0.777703
-0.615833
0.287454
0.275185
-0.583422
0.777093
-0.910703
-0.809748
0.416974
-0.606922
0.486557
0.838191
0.468429
-0.868892
-0.100620
0.943297
0.533860
0.677664
0.306497
0.570849
0.117344
-0.916562
-0.335978
-0.101657
-0.157628
0.245399
0.002655
-0.890988
-0.048555
0.803339
-0.125156
0.286416
-0.748100
-0.500168
0.992370
0.735527
0.376568
0.878719
-0.604297
-0.664357
0.319010
0.940916
0.273232
0.495590
0.890011
0.805292
-0.661794
0.497299
0.551073
0.463179
0.639393
0.946959
-0.985412
-0.372356
-0.153722
0.106845
-0.991699
-0.250710
-0.188818
-0.162816
-0.052217
0.500412
0.198035
0.299112
-0.316202
-0.820856
0.547899
-0.769646
-0.063265
-0.715201
-0.898068
0.239357
-0.998962
-0.316202
0.953001
0.969359
0.577868
-0.637806
0.344157
0.860775
-0.985839
-0.365337
-0.037141
0.452864
-0.450667
-0.357341
-0.183081
-0.741325
-0.650868
0.857051
0.241493
0.137364
-0.484359
0.660573
-0.569933
-0.955077
-0.097262
-0.954588
0.920408
0.602893
0.931455
0.070162
0.604480
-0.573778
-0.373760
-0.605396
0.511338
0.408246
-0.412702
-0.223060
0.310770
-0.876095
0.809687
-0.353862
0.454207
0.801202
0.620472
0.620716
-0.146031
0.649098
-0.879940
-0.543504
0.849422
0.249855
0.614917
-0.711905
0.535264
0.533982
-0.238746
0.948729
-0.930845
-0.559618
0.117649
0.099338
0.212622
0.102695
0.288430
0.395978
-0.721427
0.719840
-0.148595
0.987487
-0.180212
-0.109836
0.001740
-0.687735
-0.035798
0.295206
0.608875
-0.709769
0.456648
-0.122837
-0.846065
-0.462325
0.121677
-0.789178
-0.842708
0.908078
-0.026032
0.534104
-0.145482
0.159886
-0.626331
-0.962340
-0.536058
-0.579028
0.889767
0.402326
0.088778
-0.397931
0.058321
0.045198
0.910398
0.631825
0.604053
-0.676382
-0.556078
0.525620
0.110263
-0.801874
-0.407025
0.592822
-0.981262
-0.185583
0.865169
-0.041658
0.196326
-0.120762
-0.771477
-0.908872
0.237037
-0.230323
0.381817
-0.768914
-0.995361
-0.375225
0.693350
-0.672170
-0.808161
0.633595
0.874813
0.786248
-0.223670
0.117893
0.393170
-0.721061
0.167638
-0.028840
-0.760613
0.967223
-0.023774
0.152501
-0.881222
0.621021
0.968444
0.817621
0.424421
0.223914
0.377728
0.375164
0.364788
0.462874
-0.486801
0.006867
-0.129734
-0.007294
0.607288
0.260048
-0.131138
0.228736
-0.828242
0.752434
0.912900
0.482467
0.135960
0.522019
0.010407
-0.190100
0.042024
-0.507309
-0.865108
-0.950194
-0.570055
0.933409
-0.722159
-0.387921
-0.681570
0.313028
0.038118
0.406537
-0.770989
0.984375
-0.210852
0.908872
0.265053
-0.570055
0.636708
-0.608936
0.731010
0.033052
-0.509201
-0.531724
0.113926
-0.643727
0.720695
0.875729
-0.891476
0.967162
-0.962951
-0.444136
-0.959044
-0.144688
-0.122105
-0.097507
-0.498947
0.223365
0.068026
-0.822260
-0.943968
0.783746
0.726737
-0.800226
-0.998047
0.849910
-0.823786
-0.820124
-0.982055
-0.220130
-0.968627
-0.835810
0.630970
0.091525
-0.700064
-0.992370
0.283975
0.712516
0.391644
-0.730461
0.955992
0.601306
-0.324198
-0.364299
0.747978
0.935484
-0.660451
0.101352
0.778436
-0.077425
-0.183020
0.100131
-0.725517
0.312540
-0.559923
0.470748
-0.047395
0.111789
-0.292154
-0.706778
0.239418
0.030122
-0.918577
0.717215
-0.721305
0.784417
-0.386029
0.296060
0.003510
-0.153539
0.421430
0.308939
-0.559618
0.610828
0.099216
-0.609302
0.801630
-0.221961
-0.326395
0.178991
0.845943
-0.954344
-0.353252
0.928220
-0.073641
-0.860591
0.564318
0.285684
0.411542
-0.856075
-0.906186
0.498215
0.181005
-0.872066
0.762993
0.654408
0.886593
0.065828
-0.946654
0.783685
0.057222
0.248451
0.529893
-0.760613
-0.661000
-0.293985
0.469222
0.515427
-0.354106
0.290567
0.635792
-0.009674
0.108005
-0.266457
-0.475448
-0.482467
-0.422834
0.368206
-0.931700
0.183996
0.317728
0.899350
0.033906
-0.119480
-0.805536
0.925291
-0.577624
0.581408
0.556444
0.980468
0.693960
0.515183
0.027924
-0.482833
-0.204871
0.685049
0.120884
0.001617
-0.554796
0.198035
0.035310
0.969787
0.292764
0.925840
-0.864193
0.558763
-0.851009
-0.285195
-0.498398
-0.464156
-0.298502
-0.449080
-0.816462
0.466964
0.165990
-0.323893
0.786615
-0.173132
-0.790338
0.537706
-0.500412
0.269265
0.211585
-0.023408
-0.971679
0.298990
-0.655324
0.782586
0.717032
0.099277
-0.343608
0.134068
0.030610
-0.932066
-0.479720
-0.322855
0.148228
0.168432
0.722098
-0.292520
0.446333
0.177953
-0.579821
-0.154393
-0.790704
0.268410
0.847957
-0.489731
-0.044771
-0.294656
0.049776
-0.140294
0.229774
0.804926
0.527207
-0.057772
0.964721
0.554247
0.038484
-0.656545
0.213843
0.414167
-0.257973
0.697134
0.438093
-0.802118
0.642201
0.824885
-0.503769
-0.143895
0.806940
-0.542589
0.676931
0.936033
-0.631092
0.389203
-0.196875
0.550645
-0.292459
0.678274
0.530076
-0.208960
-0.386029
0.354045
0.698599
-0.139561
-0.814508
0.238441
0.938231
0.005951
-0.581347
-0.306497
0.603504
-0.249428
-0.651357
0.785333
0.077181
-0.019562
0.429670
0.665151
-0.447676
-0.476119
-0.648732
-0.132908
-0.451033
0.761467
0.546312
-0.669607
-0.382000
-0.858943
-0.241493
-0.683828
0.421857
-0.442793
-0.585192
-0.583850
-0.781121
0.264138
0.013703
0.208106
-0.665944
0.168310
-0.588610
0.377422
0.315348
0.401044
0.177587
-0.284951
-0.282327
0.501755
-0.028535
0.392071
0.651051
0.205054
0.667837
0.709098
0.079501
0.102512
-0.596484
0.582995
-0.577624
0.472640
0.034028
0.330180
-0.075533
-0.921384
-0.140782
-0.787103
0.631214
-0.367840
-0.292703
-0.046480
-0.536546
-0.454085
0.605274
-0.354167
0.123203
0.393780
0.325602
-0.056856
-0.913144
0.275979
0.004669
0.902402
-0.078768
-0.981567
0.875057
-0.552782
0.581713
-0.695669
0.449324
-0.256081
-0.867428
-0.274270
-0.796869
0.321818
-0.060762
0.528672
-0.808954
-0.291055
-0.272744
-0.804010
0.214820
-0.196265
-0.398114
0.190832
0.374493
0.715384
0.159886
-0.890805
-0.482406
-0.540208
0.609241
-0.687490
0.528550
0.847896
-0.182043
-0.419477
-0.958678
0.455611
0.388531
-0.875973
0.510056
0.968566
-0.643666
-0.247536
0.696524
-0.435591
-0.344829
-0.006317
0.214270
-0.620350
0.882565
0.565416
-0.745109
0.199683
0.216712
0.687063
-0.324625
0.535142
0.612476
-0.331645
-0.418744
-0.574755
0.636952
0.042695
-0.258827
-0.235817
-0.460799
-0.512436
-0.242225
0.243263
0.161534
-0.455672
0.840327
0.703665
-0.723930
-0.055940
0.333293
-0.482650
-0.633900
-0.071749
-0.928892
-0.088961
0.203467
0.721671
-0.707999
0.821894
-0.529160
-0.841975
0.060518
0.149388
-0.859554
0.589831
0.123936
0.663686
0.106174
0.261391
0.080294
0.883358
-0.728935
-0.586901
0.325968
-0.512741
0.809259
-0.649953
0.423688
0.806879
-0.198706
-0.911435
-0.252541
0.298441
-0.275674
0.265358
0.519517
-0.120212
-0.002777
-0.916318
0.876339
-0.953429
-0.432783
0.522202
-0.683401
-0.021516
0.904843
0.151463
0.230262
-0.048799
-0.157750
-0.886593
-0.623218
-0.501938
0.345927
0.463729
0.154881
0.536668
-0.510178
0.916868
0.888730
-0.389691
0.816828
0.370830
-0.229774
0.729911
0.367290
-0.074190
0.068514
-0.103610
-0.925291
-0.543199
-0.805231
-0.116794
-0.225990
-0.452925
0.900510
0.979064
0.804193
0.698904
0.971618
-0.943419
-0.415387
-0.562731
0.448531
-0.154149
-0.507492
-0.711356
0.109470
0.314432
-0.408612
-0.625416
-0.662709
-0.687857
0.048494
0.336161
-0.024995
-0.202002
-0.226112
-0.302591
-0.915220
0.067049
-0.052278
-0.166723
-0.849116
0.283303
-0.731559
-0.411298
-0.652944
0.227699
0.874264
0.915464
0.639698
0.075716
0.029633
-0.051057
0.379437
-0.764946
-0.386517
0.314676
0.652516
-0.166478
0.951476
0.103427
-0.108127
-0.857234
-0.176611
0.522446
-0.934568
0.815851
0.344096
0.617542
0.839290
0.972839
0.428083
0.935484
-0.385357
0.485397
0.146153
0.553636
-0.420087
-0.924741
-0.117283
0.509140
0.920713
0.586352
0.736503
-0.103488
0.296854
-0.676809
0.716178
0.980895
0.762139
-0.402936
-0.902585
-0.496811
-0.025605
-0.450240
0.042024
-0.389142
-0.431990
-0.095004
-0.627979
0.447737
0.190710
-0.291665
0.385479
0.263710
0.074679
-0.024201
-0.653005
-0.991516
0.180456
-0.104770
-0.430036
0.638356
-0.896359
-0.464156
0.118809
-0.720023
-0.868221
0.191748
0.786065
-0.488449
0.822138
-0.819636
0.395917
-0.614185
0.131504
0.818659
0.846736
0.841914
0.554064
0.095431
0.690847
-0.461287
-0.667592
-0.702811
0.444807
0.364727
-0.358013
0.487289
0.687979
0.912351
-0.935667
-0.690237
-0.991272
-0.934996
-0.225684
-0.044649
0.084078
-0.671682
-0.830195
-0.204627
0.392865
-0.929258
-0.908444
0.412702
-0.818598
0.251137
-0.424116
0.436445
-0.017304
0.683279
-0.639332
0.923948
-0.118625
0.951170
0.491562
0.928037
0.750603
0.105625
-0.778924
0.733940
-0.915220
0.440291
-0.392193
0.641957
-0.394635
0.703787
-0.998657
-0.098056
-0.697195
-0.908139
0.017975
-0.508042
-0.297586
0.148961
0.204627
-0.709891
0.448531
0.635121
0.667653
-0.211158
0.331095
-0.602893
-0.815546
-0.973693
0.885006
0.328043
0.312845
0.189306
-0.273049
-0.897763
-0.633229
0.044221
0.755974
-0.477157
-0.047456
-0.072115
-0.243263
0.596484
0.389630
-0.448225
0.524522
0.474654
-0.531053
-0.405560
-0.840876
0.011505
-0.615040
0.366558
-0.386029
-0.723014
-0.541978
0.489059
-0.187292
0.678701
-0.185461
0.978454
-0.204932
0.389386
-0.198035
-0.189489
-0.470992
0.102329
-0.003876
-0.235511
0.271035
0.345134
0.417768
0.779229
0.886410
0.142430
-0.947508
-0.919370
-0.184301
-0.921934
0.317118
0.046297
0.181494
-0.840876
0.698538
-0.736259
0.191748
-0.271950
-0.007721
-0.288125
-0.301187
-0.083895
-0.008209
0.007416
0.864437
-0.698538
-0.395611
-0.899838
-0.288491
0.452071
0.530442
-0.387249
-0.125645
0.561083
0.658620
-0.297769
0.053865
0.909360
-0.463668
0.372356
-0.029206
0.869808
0.100925
0.352214
-0.890744
-0.495407
0.814814
0.570666
-0.678701
-0.383709
-0.535875
0.202124
0.774651
0.040498
0.753227
-0.864620
-0.191504
0.768365
0.554979
-0.996948
0.487960
-0.898373
-0.010651
-0.923399
0.727470
-0.104221
0.524888
0.754631
0.589526
-0.260964
0.149632
-0.678945
-0.438765
-0.356548
-0.854183
0.298013
0.922422
-0.803949
0.754204
-0.306131
-0.850093
0.140965
-0.566515
-0.621509
0.531175
-0.331950
0.137608
-0.683096
0.749077
0.840571
0.207556
0.420209
-0.351115
0.562914
0.434736
0.401593
-0.661061
-0.678701
-0.589831
0.771966
-0.551256
0.457015
0.314676
-0.176672
0.020051
-0.556078
0.038179
-0.866451
0.514389
0.572497
-0.080966
-0.361797
0.232521
-0.371136
-0.753044
-0.553636
-0.672048
-0.218665
0.752434
0.129856
0.856197
-0.445845
-0.810724
-0.859859
0.896420
-0.740959
0.302225
0.279458
0.830012
-0.612232
-0.250954
0.085360
-0.890683
0.958434
0.797479
-0.865719
0.060274
-0.709830
0.790582
-0.910703
0.139378
0.369854
0.342814
-0.711844
0.172704
0.293069
0.732047
0.282327
-0.829829
-0.403180
-0.924558
0.436079
0.641591
0.261879
-0.385113
-0.360637
0.247902
0.449995
-0.522568
-0.573229
-0.165624
0.741935
-0.779412
0.912168
0.389019
-0.277078
0.752007
-0.136204
0.390301
0.156346
0.376690
-0.623768
-0.611255
0.166662
0.569384
-0.742729
-0.702628
0.265297
-0.715629
-0.078463
0.779595
-0.925962
0.576525
-0.087130
-0.599658
0.036409
-0.323893
-0.182653
-0.885861
-0.170263
0.138768
-0.151280
-0.861629
-0.878231
-0.209754
0.898801
0.422468
0.204688
0.723807
-0.545824
0.802850
-0.404767
-0.846858
0.503891
0.029023
0.593738
0.903317
-0.748650
-0.749077
-0.686453
0.720328
-0.955138
0.561083
-0.632130
0.088595
0.238624
0.960936
-0.987854
-0.141636
-0.288003
-0.668996
-0.419782
0.309061
0.137242
0.629627
0.593188
0.605823
-0.618397
0.411054
-0.714408
0.921751
0.856929
-0.110508
-0.447432
-0.148778
0.616871
-0.367595
0.355632
-0.803522
0.352397
0.514695
0.184484
0.765740
-0.840815
0.889035
0.913572
0.496872
0.066683
0.888852
-0.325297
0.881527
-0.249489
-0.384381
-0.488998
-0.460982
-0.483383
0.119358
-0.424421
0.773858
0.835505
0.235267
0.890744
0.946471
-0.213660
-0.906980
0.102329
0.782281
-0.156713
-0.915647
0.925474
0.154881
-0.605945
-0.011689
0.592456
-0.476180
-0.264138
-0.977355
-0.752678
0.796197
0.714042
-0.119175
-0.303690
-0.178014
-0.564989
0.288980
0.852779
-0.511826
0.506760
-0.067598
-0.049593
-0.149632
-0.228065
0.718436
-0.268899
0.895688
-0.247414
0.386212
0.725272
-0.345561
0.219947
-0.073885
-0.245705
0.195959
-0.061251
-0.132969
0.449324
0.327860
0.571703
0.768548
0.076266
0.494552
0.438093
0.022614
0.791070
0.679739
0.184545
0.304788
0.623157
-0.980712
0.050874
-0.366741
-0.438826
0.365520
-0.677908
-0.813410
-0.346721
0.977783
0.115696
-0.767449
0.161473
-0.567003
-0.198401
0.961669
0.168004
-0.806452
0.706046
0.409772
-0.579394
-0.454146
-0.250465
-0.954894
-0.297647
-0.985107
0.105564
-0.357158
-0.751701
0.004730
-0.661916
0.845210
-0.080905
-0.662526
0.966735
0.999268
-0.196326
0.403790
0.653127
0.300638
-0.445906
-0.619495
-0.103000
0.123386
-0.752190
-0.610584
-0.925596
-0.333964
-0.706107
0.972777
-0.794916
-0.012970
0.614978
-0.635609
0.648061
0.342021
-0.924375
0.654530
0.789422
-0.393292
-0.666250
0.699149
0.023347
0.019379
0.549425
0.938475
-0.778314
0.666128
0.415387
0.707572
-0.874081
-0.419721
0.439802
-0.505905
-0.709830
-0.752251
-0.288553
-0.448347
-0.937742
-0.509262
0.697073
-0.988342
0.022248
0.097629
0.711295
-0.275979
0.554430
0.003204
0.464461
-0.726188
-0.088595
-0.870174
0.052950
-0.427656
0.196020
0.633473
-0.555223
0.284463
0.478561
0.427412
-0.855525
-0.349895
-0.639332
0.320170
0.041780
0.657704
-0.291421
-0.422407
0.905026
0.109531
-0.624989
0.283731
0.044954
-0.274331
-0.133030
0.267617
0.265725
0.441694
0.282266
-0.628162
0.008759
-0.878719
-0.550645
0.142186
-0.753960
-0.977233
-0.121250
0.366741
-0.167028
0.413190
0.477950
0.314249
0.271706
-0.739982
-0.604602
0.552355
0.471908
0.668447
-0.467269
-0.476669
-0.348857
0.646718
-0.885861
-0.588672
0.363018
-0.877499
-0.550707
-0.841121
0.457503
0.329752
-0.514267
-0.053560
0.939512
0.174841
-0.167150
-0.766533
0.242042
0.848140
0.701956
0.188391
0.532640
-0.790704
-0.576647
-0.377300
-0.782220
-0.348674
0.594348
0.809565
0.499069
0.735160
-0.021455
0.913450
-0.496139
-0.912656
0.219886
-0.684805
0.576464
-0.768670
-0.495102
0.160863
-0.960387
-0.294656
0.219642
0.710135
0.042207
0.972594
-0.448103
0.889584
-0.379803
-0.792352
-0.766900
-0.136265
-0.729118
-0.277261
0.443648
0.997314
0.314310
-0.197974
-0.645314
0.513352
0.108554
-0.232521
0.873470
0.051363
-0.131748
-0.672231
0.393841
-0.388165
-0.012421
-0.073885
0.960631
-0.405133
-0.684011
-0.590320
0.876217
-0.556871
0.734977
0.655019
0.251686
0.955992
-0.816462
-0.405011
-0.872372
-0.531053
-0.892697
0.329325
0.720267
-0.405011
-0.835505
-0.070040
-0.094577
0.540269
-0.173376
-0.867977
-0.189795
-0.336650
-0.719474
-0.903317
-0.441816
-0.260659
-0.795526
0.317850
0.024812
0.918394
0.820673
0.968444
-0.707633
-0.456221
-0.131748
0.284341
0.363018
0.511765
-0.973510
0.310160
0.621937
0.900815
-0.785699
-0.162633
-0.230262
-0.588366
-0.195227
-0.982177
-0.945311
-0.997803
0.082247
-0.268410
-0.684500
-0.348918
0.154393
-0.614063
0.835139
-0.372662
-0.625904
0.600269
-0.247841
0.863582
-0.562853
-0.163366
0.608570
-0.672353
0.265419
0.110385
-0.977905
-0.006989
-0.636525
0.448286
0.380657
0.668630
0.576769
0.324259
0.666677
0.518357
-0.643788
0.477340
-0.442671
-0.233802
0.459395
0.923215
-0.971679
-0.560045
0.352947
