0.304910
-0.172094
-0.851985
-0.145116
-0.059481
0.694632
0.935301
0.908261
0.081881
0.466353
0.009674
-0.079928
-0.623951
0.231605
-0.579211
0.129917
-0.696280
0.674368
-0.432905
0.113071
0.069002
-0.493393
0.175573
-0.651051
-0.726005
0.143956
0.045198
-0.560595
0.510483
-0.070589
0.226661
0.237587
-0.259926
-0.555040
0.812799
0.964599
0.439924
-0.137059
-0.096164
-0.043184
0.401837
-0.041108
-0.613269
0.270486
0.864620
-0.289163
0.284829
-0.188208
-0.751762
-0.258705
-0.890072
-0.144139
0.669118
-0.963744
0.406964
-0.829829
0.515488
-0.156285
-0.355022
-0.207007
0.271401
0.556932
0.281655
-0.629017
0.478317
-0.631275
0.380963
-0.396832
-0.431074
-0.496445
0.813349
0.377056
0.889401
0.352458
-0.350261
-0.957152
-0.348247
0.687674
-0.131932
0.137669
0.329569
0.452864
-0.154454
-0.327433
0.445906
-0.411664
0.878231
-0.148412
-0.069918
0.152318
-0.275491
-0.106235
0.966552
-0.444807
-0.817255
0.962584
-0.947264
-0.995605
0.389630
-0.269936
-0.959227
0.969970
-0.883786
-0.868221
0.251747
-0.228248
0.389447
0.066378
0.055330
-0.823664
0.428755
-0.375591
-0.682546
0.547716
-0.504318
0.672353
-0.315836
-0.703848
0.902707
-0.240883
-0.233070
0.168004
0.818171
0.341533
0.038789
-0.173742
-0.769463
0.932676
-0.210974
-0.719596
-0.913816
-0.947508
0.002411
0.734733
-0.394208
0.189184
0.672781
-0.424604
-0.011994
-0.125462
0.756157
-0.698233
0.357646
0.855953
0.491256
0.396710
-0.253883
-0.189917
0.455428
-0.326334
0.434797
0.745903
-0.859127
0.663808
0.240638
0.602222
0.663747
-0.747307
-0.160619
-0.620655
-0.560289
0.556261
-0.041841
-0.742546
-0.131443
0.764702
-0.693838
-0.124973
-0.256569
0.801935
-0.994201
0.275430
0.887082
-0.843196
-0.275979
0.151708
-0.202490
-0.449019
0.107761
0.597949
0.277078
-0.623402
-0.326334
0.851497
-0.922239
-0.152196
-0.458480
-0.385052
0.136570
0.873775
0.224403
0.430036
0.306497
0.722648
0.849788
0.922422
-0.818171
-0.126560
0.795343
0.550340
-0.972045
-0.091830
-0.830134
0.873470
-0.735954
0.995727
-0.887875
-0.966185
0.691824
-0.438704
-0.394391
0.004730
-0.906369
-0.112949
-0.592822
0.585009
0.491195
-0.190466
-0.166234
-0.930906
-0.461043
-0.425153
0.991882
-0.000275
-0.500351
-0.601245
-0.440901
-0.317728
-0.751762
-0.654775
-0.355388
0.981384
0.540819
0.230140
-0.550096
0.889706
-0.344340
0.261513
-0.582934
0.643971
-0.866451
0.432783
-0.647694
0.166906
-0.817499
-0.060762
0.546922
0.296365
0.181127
-0.451277
0.256508
0.701590
0.414045
0.421369
0.199072
-0.869015
-0.437239
0.837519
0.695486
0.600208
0.391522
0.080294
-0.066744
-0.172338
-0.771294
0.925840
-0.127781
-0.674184
0.293619
0.421003
0.801141
0.924558
-0.592700
0.731010
-0.271828
-0.275185
-0.596545
0.998169
0.866085
-0.373821
-0.730338
-0.731925
0.641530
-0.194128
0.335551
0.451949
-0.162572
-0.559557
-0.204688
-0.915464
-0.613453
-0.438704
0.299112
-0.876339
-0.161596
0.905026
-0.482406
-0.623707
-0.117649
0.109348
0.146275
-0.893185
-0.430342
-0.501999
-0.634083
0.550096
0.186987
-0.095676
0.432966
0.802301
-0.685659
0.446455
-0.603748
0.989746
-0.852229
0.349284
0.507431
0.882199
-0.087069
-0.959105
-0.796258
0.391095
0.949583
0.030915
-0.918394
0.016694
0.665090
-0.487960
0.499313
0.546800
-0.778985
0.425947
0.496078
0.783380
0.830744
0.744743
-0.957884
-0.412397
-0.328043
0.342204
-0.060091
0.538682
-0.057711
0.717582
0.831172
0.359294
-0.285623
-0.432234
0.033601
0.085482
-0.775201
-0.327372
-0.296731
0.409223
0.941832
-0.589587
0.190954
0.896786
0.790216
0.611316
-0.336100
0.041719
0.737175
0.979736
0.843806
-0.068331
-0.034272
0.970946
0.951842
0.471786
-0.009125
-0.468307
0.972472
-0.804437
-0.579577
-0.400555
0.720878
0.118625
-0.768731
0.518479
-0.001801
0.217322
-0.352153
-0.319437
0.268899
0.475631
0.476119
0.020539
0.167516
0.358806
-0.889706
-0.166295
0.455550
-0.216773
0.589770
-0.398602
0.786920
0.377239
0.541490
0.397992
-0.359172
-0.044343
-0.168065
0.365459
-0.826533
-0.282876
0.476485
-0.301553
0.288858
0.351360
-0.449141
0.507431
0.703848
-0.780084
0.999207
-0.062410
-0.342448
0.420576
-0.798578
0.720817
-0.051241
-0.584826
0.937437
-0.751823
-0.669668
-0.464522
0.575915
-0.324381
0.356243
-0.382244
0.227149
0.749931
-0.917417
-0.372173
-0.565416
-0.863155
-0.754448
-0.708975
0.641469
0.391095
0.672048
0.992370
0.371441
-0.634205
0.182958
0.923948
-0.416242
-0.643971
-0.615894
-0.645619
-0.579150
-0.668691
-0.545030
0.183691
-0.332987
-0.666494
-0.980834
-0.696158
0.213721
-0.029450
-0.192541
-0.320963
0.121372
0.960997
-0.982910
-0.476608
-0.034883
-0.302713
-0.128391
0.268410
0.596606
-0.676138
-0.197546
0.976135
0.145787
0.221595
0.296976
0.904904
-0.408734
-0.788812
0.821284
-0.428144
-0.851924
-0.575915
0.623707
-0.268960
0.421857
0.999145
0.092624
-0.020234
0.778741
0.632618
-0.720511
0.969481
0.833308
-0.926145
0.468307
0.437300
0.098178
0.119053
-0.375103
-0.250954
0.096652
-0.511521
0.228065
0.128391
0.016816
-0.244728
-0.603687
-0.974181
-0.757439
-0.635304
-0.052889
-0.161046
-0.800897
-0.965026
-0.075289
0.162206
-0.681265
0.175817
0.344157
-0.038362
-0.974181
0.195349
0.771722
0.251381
0.089999
0.756951
-0.494064
-0.992126
-0.355266
0.366497
-0.077731
-0.715690
0.200354
-0.350566
-0.323466
-0.631642
-0.133946
-0.503891
0.505356
0.282693
-0.161168
-0.775994
-0.072115
-0.780023
-0.622974
-0.044893
0.347942
0.322184
0.020356
-0.148534
0.298135
-0.825434
0.153233
0.432600
0.136448
-0.487045
0.204199
0.873043
0.559435
-0.412946
0.898129
-0.300394
0.190771
-0.769585
0.133091
-0.067110
-0.568651
0.682913
-0.768059
-0.879147
-0.171484
0.556200
0.981811
0.574572
0.116428
-0.287027
0.590258
0.596301
-0.548204
-0.704215
0.351238
-0.720756
-0.542711
-0.430525
0.315897
-0.347575
-0.927366
-0.879635
0.431806
0.544237
0.203711
0.339702
-0.299234
-0.235755
-0.916318
-0.945677
-0.742973
-0.342326
0.982177
-0.788812
0.813044
-0.787530
0.953246
0.105441
-0.096835
-0.772271
0.444990
0.748161
-0.171911
-0.204688
-0.912839
-0.453413
-0.245277
0.988220
-0.457930
-0.046419
0.658071
0.691885
0.907834
-0.431806
0.602893
-0.072054
-0.290994
0.658803
0.877194
0.173254
-0.982116
-0.410749
-0.201636
0.704337
0.128819
0.330546
-0.420759
-0.461104
-0.670339
0.606983
-0.617603
-0.177404
0.516526
-0.469527
-0.856929
-0.836543
0.519578
0.199499
0.004608
-0.624073
-0.975097
0.377300
-0.612415
-0.932432
-0.363933
-0.286172
0.702689
-0.563036
0.362529
-0.807917
-0.985839
-0.663259
0.667592
-0.099155
-0.413312
-0.030061
-0.771783
-0.293313
-0.583300
0.394024
0.920042
-0.614124
0.931944
0.553209
0.105808
-0.331523
0.666494
0.202673
-0.201697
-0.315104
0.986694
-0.207862
0.877804
-0.170080
0.346721
-0.882992
0.548387
-0.513047
0.634144
-0.531785
-0.676687
0.012848
0.194861
0.078402
-0.457808
-0.503159
0.898740
-0.063570
-0.083529
0.233070
-0.683096
0.615345
-0.822748
0.368816
-0.252174
0.429243
0.719291
0.382672
-0.278420
0.168920
0.127354
-0.460555
-0.906552
-0.109165
0.631947
-0.230323
-0.622547
-0.323099
0.555712
-0.819819
0.702506
-0.531541
0.994079
0.226844
-0.440657
-0.806269
0.284829
0.200476
0.453108
0.037507
0.841975
-0.742424
-0.837214
-0.457930
-0.806574
-0.126865
-0.019379
0.686880
0.305521
-0.523728
0.503281
-0.039338
-0.634083
0.748955
-0.984497
0.090243
0.460616
0.493210
0.715201
0.640553
0.138890
-0.285318
-0.707266
-0.681570
0.813898
0.885922
-0.223243
-0.582507
0.866024
-0.785089
-0.263710
-0.233192
0.850032
0.844417
0.081759
-0.510117
-0.610462
0.476730
-0.427351
0.051546
0.598743
0.017792
0.345805
0.311930
-0.958251
-0.294656
0.167577
-0.569506
0.661672
0.326090
-0.550768
-0.539171
-0.021027
0.061739
-0.637196
-0.361064
0.711112
0.474776
0.562792
-0.504868
0.538560
0.106845
0.677419
-0.303323
-0.340922
0.809259
0.878842
-0.193152
0.308939
-0.261147
0.386456
-0.120273
0.738273
-0.581530
0.629810
-0.032258
0.020356
0.015656
0.896420
-0.749382
0.502060
-0.468917
0.728446
0.039216
0.621509
-0.720573
-0.357952
0.316324
0.909726
0.078463
-0.970336
-0.096164
-0.254433
0.101474
-0.087497
-0.098300
-0.285623
-0.709342
0.570849
-0.937925
-0.488998
0.394086
0.413678
0.211158
-0.990112
-0.384747
-0.617481
0.363323
0.245766
-0.741997
0.976135
0.097201
0.580065
0.777520
-0.195166
0.149327
0.336283
0.242897
0.663381
-0.024140
-0.383099
-0.339824
-0.762871
0.900754
0.033601
-0.703177
-0.231971
0.394269
-0.174718
-0.884640
0.586047
0.728996
-0.390851
-0.120945
-0.551195
-0.144627
0.572985
-0.037568
-0.617847
0.420759
-0.797052
-0.478011
-0.700735
-0.409589
0.686636
-0.554491
0.712210
0.966796
-0.836299
-0.732109
-0.123386
-0.147801
-0.796625
0.070345
-0.373577
0.272439
0.061068
0.227393
-0.246376
-0.168188
-0.463729
-0.046846
-0.654225
-0.463912
-0.545640
-0.235572
0.190649
0.077242
0.012360
0.632557
-0.885983
-0.901975
0.810114
-0.641957
0.792291
-0.004669
0.482650
0.842830
-0.230079
0.270058
0.791620
-0.455184
-0.199866
-0.767754
-0.191748
0.827815
0.306864
-0.475082
0.435774
0.849422
-0.395856
0.709281
0.379864
-0.039766
-0.079073
-0.719718
0.213233
0.082736
-0.840083
0.615589
0.386883
0.531053
0.312723
-0.886288
-0.294534
0.064791
0.666311
0.173803
-0.242775
-0.567797
-0.255531
0.376019
-0.588610
-0.616260
-0.959105
-0.264626
0.096591
-0.643605
0.160680
0.835932
0.704520
0.385662
-0.322428
-0.284707
-0.767571
-0.958983
-0.888485
0.596057
0.399884
-0.856624
-0.809198
-0.891659
-0.604724
0.327250
0.407025
0.162023
-0.965575
-0.983337
0.828425
0.467086
0.493271
-0.884091
0.812189
0.231727
-0.353313
-0.106052
-0.893490
-0.181860
0.173132
0.864254
-0.182043
-0.130161
0.474227
-0.414472
0.737968
-0.718986
0.392926
0.071078
0.048677
0.097140
-0.770074
-0.064547
0.448469
0.321207
-0.046785
0.226356
-0.820917
-0.788812
0.216468
-0.896786
0.430158
-0.510544
0.521409
0.891293
-0.330851
0.355022
0.613392
0.648976
-0.893674
-0.378826
-0.744133
-0.748039
0.554552
0.964232
-0.306986
0.309183
0.605701
-0.073946
0.444441
-0.532884
-0.604785
-0.863704
-0.403302
0.578051
-0.377422
-0.658437
-0.157201
-0.397931
0.360698
-0.906858
-0.193396
-0.686209
-0.770074
-0.478927
0.269814
-0.096469
0.798639
0.478317
-0.491867
0.891171
-0.646596
0.292459
0.073702
-0.849544
0.338481
-0.515183
-0.298074
-0.081454
-0.980529
-0.812067
0.841670
0.514084
0.284890
-0.410260
0.092624
0.117161
-0.768487
-0.338481
0.856136
0.410566
0.403485
-0.122532
0.786248
-0.549852
0.585314
-0.138157
-0.670522
0.972350
0.480514
0.278970
0.829829
0.373699
-0.911008
-0.278420
-0.256081
-0.405194
-0.766228
-0.290139
-0.789666
0.357768
-0.228919
0.062960
-0.258095
0.451155
0.485763
-0.846797
-0.968139
0.219764
-0.378460
0.765313
0.804498
-0.073153
0.629261
0.672781
0.504501
0.968688
0.464278
0.143956
-0.012421
0.657888
0.833125
-0.165441
-0.365154
0.067721
-0.260659
0.022858
-0.087313
-0.543443
-0.552782
-0.398053
-0.355998
-0.951537
-0.550340
-0.095920
-0.049959
0.819636
0.169774
0.793756
-0.529649
0.409467
0.647938
0.867306
0.365093
0.376629
0.301920
0.582202
0.865902
-0.563585
-0.677908
0.448897
-0.616749
0.702261
-0.788018
0.505539
-0.153111
0.775689
0.729301
0.918149
-0.325419
0.855098
0.246193
-0.596850
-0.476730
-0.518967
0.068026
-0.134800
0.544542
0.631520
0.212683
-0.259926
0.581164
0.805109
-0.335856
-0.388531
0.191015
-0.018097
-0.817072
0.293924
-0.388836
0.752007
0.377911
-0.545579
0.918210
0.955443
0.128086
0.641408
0.371563
-0.544237
-0.654775
-0.571276
0.917112
-0.209937
0.850642
-0.428510
-0.685904
-0.579882
-0.505905
-0.361736
-0.847285
0.156713
0.111606
0.411786
-0.193396
-0.557115
0.802850
-0.186377
0.648976
0.883053
-0.505722
0.690298
-0.469955
0.888424
-0.441206
0.986206
-0.815363
-0.222633
0.759453
-0.328471
-0.228248
0.260537
0.552416
-0.776727
-0.241798
0.084323
0.285257
-0.944945
-0.992859
0.969054
0.199011
-0.714957
0.457259
-0.832942
-0.804254
0.797418
-0.789789
-0.764031
-0.565844
-0.646840
0.292947
-0.732841
0.045503
-0.498093
-0.209021
-0.480453
0.255715
0.565294
-0.921018
0.586718
-0.579638
-0.567919
-0.829585
-0.711905
-0.331828
0.099094
-0.548875
-0.532212
0.832453
0.066866
-0.368084
-0.423933
-0.091220
0.033906
0.466292
0.649953
-0.411664
-0.872555
-0.522263
-0.631642
-0.977660
0.705557
0.095614
-0.962096
-0.967406
-0.478072
-0.521409
0.274453
0.024323
-0.765069
-0.475387
-0.028901
-0.817377
-0.127903
-0.598498
0.402448
0.449385
0.503464
0.047945
0.762017
0.755974
-0.639027
0.101047
-0.617298
0.661855
0.266579
0.343791
-0.197424
0.967101
0.704703
0.408002
0.478805
-0.633045
-0.984375
-0.163610
-0.833857
-0.640736
0.670888
-0.817011
-0.854854
0.005524
-0.669668
0.784906
-0.877071
-0.851924
-0.097262
0.662648
0.275185
-0.255287
-0.932249
-0.821162
-0.314859
-0.188940
0.554918
0.332255
-0.697806
0.860408
-0.442427
-0.060213
-0.139012
0.823176
0.779229
0.234107
0.603565
0.428755
-0.683401
-0.037996
0.156102
0.686453
0.124912
0.979675
-0.153783
-0.793329
0.810114
0.185339
0.881893
-0.762261
-0.254250
0.761589
-0.998901
-0.013642
0.487106
-0.697867
-0.417646
-0.408918
0.443098
0.205603
0.302164
-0.733757
-0.385174
0.034883
0.891842
-0.632069
-0.778924
-0.526597
-0.582812
-0.405377
0.113010
-0.161412
-0.532579
0.475265
0.415815
-0.327921
-0.411481
0.173925
-0.834956
0.119785
-0.768792
0.832759
-0.664968
-0.038301
-0.436445
-0.128208
-0.556871
-0.335368
0.579821
0.834712
0.842769
-0.773858
-0.126438
0.110752
0.304178
0.665273
-0.177526
-0.857540
-0.064974
0.420698
0.254738
-0.338420
-0.002655
-0.449263
0.260842
0.809076
0.841365
-0.063204
-0.746391
0.454878
-0.955016
0.062532
0.439192
-0.811579
-0.286721
0.504257
-0.549181
-0.413007
-0.058565
0.186010
0.002960
-0.620106
0.756279
0.258644
0.120640
0.343486
0.244484
-0.682608
-0.679739
-0.408673
0.788018
-0.158544
0.785089
0.704215
-0.506638
0.182470
0.905698
-0.229286
0.028657
0.776238
-0.349528
0.021149
0.404645
0.183325
-0.562120
-0.443464
-0.449568
0.793756
-0.055940
-0.150975
0.609119
-0.572436
-0.463301
-0.615101
0.278481
0.384320
0.891476
0.311808
0.329081
-0.816279
0.740043
0.553819
-0.111850
0.336222
0.864010
0.425398
0.503708
0.597156
-0.216834
-0.640309
-0.851497
-0.776299
-0.043611
0.882260
0.603870
-0.048677
0.055391
-0.795831
-0.827021
-0.661306
0.126072
-0.378887
-0.757439
0.068880
0.035005
-0.786737
-0.404889
0.822504
0.605029
0.400555
-0.025483
0.392804
-0.271706
-0.201453
0.447981
-0.146886
-0.874264
-0.435408
0.663198
-0.973083
-0.661000
-0.268166
0.819941
0.821589
0.089145
0.825312
-0.466781
-0.279153
0.646290
-0.430097
-0.324320
-0.398785
0.248024
0.731986
0.614612
-0.595874
-0.484481
0.395550
0.240211
0.009674
-0.576708
-0.048494
0.958434
-0.784845
0.296182
0.932676
-0.771233
-0.568957
-0.020112
0.665029
-0.433576
-0.108798
-0.292398
-0.895993
-0.168615
-0.023774
-0.592090
-0.183569
0.643971
0.124485
0.367107
0.901669
-0.196997
-0.200354
-0.467574
-0.406598
0.217139
-0.045503
0.953246
0.645497
-0.365764
0.327860
-0.213172
-0.083102
0.796808
-0.302835
0.181921
0.893124
0.080050
0.418134
-0.973632
0.525925
-0.783807
-0.529954
0.931639
-0.868404
-0.651723
0.917905
-0.479293
0.938047
-0.676260
0.585070
0.017304
-0.849727
0.086825
-0.440046
-0.024018
0.033967
-0.932188
-0.029145
-0.005402
0.267312
0.694876
-0.306558
-0.792230
-0.016877
0.272866
0.931028
0.184973
0.790033
-0.651723
-0.921384
0.279153
-0.682546
0.716300
-0.344951
-0.903012
0.970641
0.243751
-0.448897
-0.200964
-0.521714
0.665822
0.807733
-0.650563
0.846065
-0.674184
0.824824
-0.819575
-0.964049
0.593310
0.492538
-0.168188
-0.219764
0.283792
0.130222
0.612659
-0.387860
0.143590
0.657155
-0.686880
0.398236
-0.560839
-0.933409
-0.241005
0.382733
-0.880428
-0.638539
0.913205
0.155492
-0.170385
-0.237526
0.918455
0.018097
-0.210181
0.399945
-0.437971
-0.716300
-0.318827
-0.961425
-0.320536
-0.728080
0.428205
-0.692984
-0.577624
-0.130467
-0.205542
0.115452
-0.972839
-0.495224
0.911557
-0.139866
0.971007
0.465682
0.855281
0.182592
-0.275063
0.335307
-0.201025
-0.518784
0.326640
-0.058138
-0.663686
-0.041108
0.687002
-0.544176
0.322916
0.466231
0.948119
0.106784
0.597156
0.209143
0.841243
0.931394
-0.613941
-0.878048
-0.615833
0.287454
0.275185
-0.583422
-0.407025
-0.548509
-0.809748
-0.692984
0.848140
0.486557
0.923460
-0.812250
-0.138890
-0.100620
-0.432173
0.151280
0.968383
-0.405988
-0.000275
0.921934
-0.159825
0.032746
-0.101657
-0.157628
0.245399
0.089572
-0.890988
0.247841
-0.530198
-0.125156
-0.073763
-0.487289
-0.500168
0.727348
0.735527
0.376568
-0.910031
0.360820
0.093661
0.319010
-0.147740
0.287027
0.495590
0.890011
-0.592273
-0.440291
-0.069552
0.551073
0.463179
0.639393
-0.770745
-0.985412
-0.372356
-0.153722
-0.015534
-0.991699
-0.250710
-0.188818
-0.102084
-0.052217
0.500412
0.198035
0.299112
-0.316202
0.096530
0.547899
-0.769646
-0.063265
-0.715201
-0.898068
0.239357
-0.998962
-0.316202
0.953001
0.969359
0.577868
-0.637806
0.344157
0.860775
-0.673086
-0.365337
-0.037141
0.452864
-0.987060
-0.357341
-0.700125
-0.741325
-0.650868
0.875423
-0.067843
0.137364
-0.191992
0.660573
0.464400
-0.955077
0.059542
-0.954588
0.920408
-0.696097
0.403729
0.070406
0.604480
-0.573778
-0.373760
0.181921
0.511338
-0.249489
-0.412702
-0.223060
0.310770
-0.876095
0.809687
-0.353862
-0.375042
-0.439070
0.620472
0.921445
0.843928
-0.917417
-0.879940
-0.543504
0.479476
-0.208106
0.614917
-0.000702
-0.238685
0.984863
-0.238746
0.948729
-0.930845
0.621632
0.710929
-0.305094
0.268960
0.859004
0.288430
0.395978
0.506333
-0.849116
-0.397443
0.987487
-0.180212
-0.109836
0.468795
-0.687735
-0.035798
0.295206
-0.200171
-0.670766
0.456648
0.839839
-0.846065
-0.509445
0.121677
-0.789178
-0.842708
0.908078
0.834468
-0.278787
-0.145482
0.018281
-0.626331
-0.898740
-0.888852
-0.579028
0.889767
-0.670339
0.551683
0.289224
-0.367840
0.961547
0.928770
0.799615
-0.528062
-0.676382
-0.556078
0.525620
-0.001617
-0.801874
-0.407025
0.592822
-0.981262
-0.185583
-0.546617
0.970275
0.196326
-0.120762
0.657826
-0.908872
0.237037
-0.230323
0.381817
-0.768914
-0.995361
0.723991
0.693350
-0.009919
0.356548
0.633595
0.716361
0.786248
-0.223670
-0.625111
0.393170
-0.721061
0.167638
0.172643
-0.886166
-0.823481
0.314371
0.152501
-0.881222
0.621021
0.968444
0.817621
0.424421
-0.099277
0.377728
0.792596
0.981201
0.462874
-0.486801
0.876766
-0.996582
-0.007294
0.947813
0.260048
-0.131138
0.228736
-0.828242
0.752434
-0.292459
0.482467
0.135960
0.522019
-0.431318
0.724540
-0.838496
0.808893
-0.865108
-0.950194
-0.570055
0.409284
-0.722159
-0.387921
0.588977
-0.201086
-0.256874
0.530015
0.317240
0.984375
-0.210852
0.601672
0.265053
-0.570055
0.636708
-0.608936
-0.687735
0.033052
0.894955
-0.653859
0.263344
-0.643727
0.720695
0.923582
-0.891476
0.967162
0.524400
-0.723807
0.840388
0.536607
0.418806
-0.097507
-0.498947
-0.722526
0.068026
-0.822260
-0.943968
0.783746
-0.264992
-0.800226
0.286721
0.849910
-0.649831
-0.820124
-0.970580
-0.377117
-0.968627
-0.835810
-0.967467
0.597827
-0.700064
-0.992370
0.283975
0.436934
0.391644
0.592700
-0.750725
-0.358135
-0.324198
-0.364299
0.456526
0.384442
-0.660451
-0.323099
0.778436
0.315897
0.549608
0.030183
-0.725517
-0.295022
0.282876
0.470748
-0.047395
0.111789
-0.079562
-0.706778
0.239418
0.295450
-0.439802
0.717215
-0.895322
0.784417
-0.707694
-0.357707
0.928526
-0.153539
0.421430
0.308939
-0.871639
0.610828
-0.104099
-0.609302
-0.717154
-0.221961
-0.326395
0.529160
0.845943
-0.175817
0.365276
-0.591174
-0.023469
-0.860591
0.564318
0.285684
0.289407
-0.856075
0.397931
-0.068758
0.181005
0.514634
0.416608
0.654408
0.886593
0.907468
-0.946654
0.783685
0.057222
0.248451
0.979064
-0.760613
-0.661000
0.089633
0.469222
0.372845
0.242225
0.092074
-0.083041
-0.009674
0.108005
-0.266457
-0.475448
-0.482467
0.782037
0.368206
-0.931700
0.782830
-0.412458
0.899350
0.033906
-0.088900
-0.805536
0.500412
0.774468
0.993164
0.426435
0.980468
0.981079
0.515183
0.027924
-0.321451
-0.522935
0.685049
-0.286416
0.001617
0.472213
-0.705985
-0.329752
0.969787
0.920469
0.925840
0.190588
0.518601
-0.851009
-0.285195
-0.498398
-0.264443
-0.459517
-0.052095
-0.292520
0.466964
0.165990
0.139561
0.786615
-0.170324
0.081881
0.537706
-0.500412
0.269265
-0.055513
-0.023408
0.023957
-0.597461
-0.302530
0.782586
0.717032
-0.429121
-0.086947
0.138035
0.030610
0.188452
-0.479720
0.863704
0.148228
0.168432
0.722098
-0.292520
0.683218
0.177953
-0.579821
0.703299
-0.981017
0.268410
0.847957
-0.206397
-0.044771
-0.294656
0.049776
0.044588
-0.058809
0.624744
0.834407
-0.983154
0.690664
-0.409833
0.933958
0.265175
0.213843
0.414167
0.250343
-0.486251
-0.221595
-0.802118
0.822077
-0.886288
-0.503769
-0.143895
-0.333293
-0.542589
-0.648549
0.936033
-0.717765
-0.775384
0.094638
0.550645
-0.292459
0.678274
0.743583
-0.302347
0.661306
0.354045
-0.783197
-0.024567
-0.747612
-0.458724
0.938231
0.005951
-0.581347
0.327860
-0.073702
0.241493
0.720756
0.785333
0.077181
-0.019562
0.429670
0.665151
-0.447676
-0.051302
-0.648732
-0.464522
-0.161840
0.642140
0.546312
0.543870
-0.382000
-0.858943
-0.224830
-0.683828
-0.191198
-0.442793
0.865291
-0.583850
-0.287942
0.264138
0.013703
0.208106
0.256508
0.168310
-0.986633
0.377422
0.315348
0.401044
0.177587
-0.284951
-0.282327
0.501755
-0.354045
0.579760
0.651051
0.677602
0.352886
0.162511
-0.638295
-0.745415
0.437544
0.487228
0.426618
0.472640
-0.951292
0.330180
-0.075533
-0.602954
-0.647267
-0.242225
0.631214
-0.816950
0.494308
-0.046480
-0.979125
0.790582
0.437544
0.688650
-0.905026
0.393780
0.325602
-0.056856
0.297769
-0.972472
-0.276833
-0.145299
0.777093
-0.981567
0.875057
-0.552782
0.581713
0.102634
0.115329
0.482894
-0.867428
-0.274270
-0.796869
-0.304788
-0.060762
0.528672
-0.808954
-0.291055
-0.272744
-0.804010
0.972045
-0.196265
-0.398114
0.190832
0.374493
-0.603137
-0.033906
0.944395
0.163366
0.622425
0.174413
-0.390912
-0.785943
-0.820368
-0.182043
-0.419477
0.287454
0.897153
-0.196203
0.666433
0.510056
0.803705
-0.643666
0.702078
0.549364
-0.653859
-0.344829
0.283547
0.214270
-0.441694
0.882565
-0.948057
0.927427
-0.323893
0.992370
0.687063
-0.349528
0.535142
0.612476
-0.479354
-0.019074
-0.574755
0.636952
0.246864
-0.258827
0.478744
-0.004303
-0.512436
-0.242225
0.284951
0.000824
-0.455672
-0.375103
0.438154
-0.723930
-0.055940
0.598926
0.762505
-0.784417
-0.071749
-0.397565
0.716422
0.905454
0.721671
-0.707999
0.329936
-0.089694
-0.906552
0.060518
-0.839106
0.046113
-0.036287
0.562792
0.663686
0.697623
-0.837947
-0.544481
0.416730
0.513718
-0.586901
0.325968
-0.512741
-0.770257
-0.649953
0.019501
0.806879
-0.198706
0.820124
-0.252541
0.525742
-0.275674
-0.467635
0.519517
-0.120212
0.171789
0.604541
0.569628
-0.791925
-0.432783
0.522202
0.063021
0.466720
0.904843
0.532456
-0.105869
-0.048799
0.440352
-0.388714
-0.623218
-0.501938
0.604114
0.267739
0.154881
0.536668
-0.510178
0.916868
0.574084
-0.871212
0.816828
0.370830
-0.393353
0.729911
0.367290
-0.754692
0.068514
-0.103610
-0.925291
-0.543199
-0.454695
-0.964354
-0.225990
-0.452925
0.900510
0.979064
0.308145
0.698904
0.025605
-0.943419
-0.415387
-0.562731
-0.958922
0.749138
-0.577319
-0.711356
0.109470
0.801569
-0.408612
-0.625416
0.802484
-0.687857
0.048494
0.077670
-0.981140
-0.202002
-0.226112
-0.302591
0.657155
0.067049
-0.513230
-0.166723
-0.849116
0.283303
-0.731559
0.229286
0.183691
0.799493
0.874264
0.915464
0.231422
-0.745659
-0.574633
-0.519456
-0.750420
-0.764946
-0.717887
0.314676
0.652516
0.116306
0.951476
-0.597217
0.665822
0.286538
-0.176611
0.002228
-0.411786
0.815851
-0.790826
0.642689
0.839290
0.632008
0.428083
0.935484
0.840754
0.178503
-0.383465
0.271523
-0.134922
0.788629
-0.760979
0.509140
0.294717
0.586352
0.736503
-0.103488
0.296854
0.660024
0.716178
0.980895
0.762139
-0.161718
-0.902585
-0.496811
-0.025605
-0.450240
-0.876583
-0.389142
-0.431990
-0.352580
-0.627979
-0.570605
0.190710
-0.291665
-0.019562
0.263710
-0.528062
-0.992615
-0.653005
-0.748283
0.180456
-0.638478
-0.430036
0.436018
0.813593
-0.803156
0.726676
-0.039766
-0.444624
0.191748
0.741203
-0.488449
0.822138
-0.819636
0.395917
-0.684317
0.131504
0.818659
0.846736
0.841914
-0.338237
-0.968505
0.690847
-0.390790
-0.667592
-0.702811
-0.407270
-0.849971
0.621509
0.016205
0.414777
-0.121311
-0.935667
-0.690237
-0.141697
0.932676
-0.335368
-0.192724
0.973266
0.028657
0.157323
-0.171850
0.293985
-0.929258
-0.908444
0.412702
0.578478
0.354900
-0.932737
-0.575121
-0.903867
0.683279
-0.834956
0.902707
-0.118625
0.951170
-0.259987
0.928037
0.750603
-0.250160
-0.778924
0.227699
0.329875
0.440291
-0.392193
-0.888730
-0.891903
0.703787
0.900571
0.814692
0.038301
0.177526
0.500534
0.569506
-0.343608
0.626820
-0.344279
-0.709891
-0.538011
0.635121
-0.088046
-0.211158
0.331095
-0.602893
-0.393353
0.263466
0.782403
0.328043
0.887387
0.152257
-0.273049
0.395550
-0.143406
0.044221
-0.180578
0.808039
-0.047456
-0.559496
-0.243263
0.596484
0.810053
-0.448225
-0.187109
0.527268
-0.531053
-0.405560
0.122532
-0.842219
-0.615040
-0.108982
0.524339
0.867489
-0.679006
0.489059
-0.187292
-0.196448
-0.783624
0.035676
-0.875179
0.638844
-0.198035
0.812067
-0.252541
0.879208
-0.003876
-0.235511
0.409345
-0.205298
0.295572
0.897397
0.886410
-0.073946
-0.413495
-0.919370
-0.645680
-0.357891
0.317118
-0.550645
0.181494
0.319864
0.065523
-0.866024
0.191748
-0.071932
0.609424
0.881893
-0.301187
-0.083895
0.897824
0.007416
0.314982
0.676870
0.486740
-0.899838
-0.288491
0.452071
0.444624
-0.387249
0.817621
0.561083
0.270058
-0.837580
0.301614
0.909360
-0.449202
0.624256
-0.179907
0.869808
0.319010
-0.768670
-0.890744
-0.328227
0.675954
-0.171667
-0.021577
-0.533433
0.859371
0.765191
-0.297647
-0.894955
0.784906
0.167516
-0.931639
0.252663
-0.319498
-0.996948
0.482162
-0.029084
0.639088
-0.923399
0.727470
0.886715
-0.335002
0.754631
-0.666311
0.760674
0.395428
0.522141
-0.404035
0.293374
-0.854183
0.298013
0.922422
-0.067537
-0.067110
0.655812
-0.092685
-0.786431
-0.743034
0.895749
0.531175
-0.497238
0.030915
-0.683096
-0.309732
0.840571
0.630787
-0.360393
0.257851
0.222571
0.343913
0.401593
-0.463607
-0.678701
-0.010163
0.830866
0.682180
0.457015
0.314676
-0.542528
0.721000
-0.437727
0.038179
-0.866451
0.482345
0.572497
-0.080966
0.669790
0.232521
-0.371136
-0.753044
-0.892392
-0.416791
-0.937315
0.752434
0.052339
-0.507981
-0.445845
0.215674
-0.859859
0.896420
-0.740959
0.302225
0.279458
0.830012
0.481735
0.612293
0.085360
-0.890683
-0.421369
0.431928
-0.086947
0.060274
-0.038423
-0.088229
-0.782403
-0.772027
0.369854
-0.339335
0.650868
-0.431013
-0.332804
0.714286
0.282327
0.400555
-0.648549
-0.092441
0.436079
0.641591
-0.196997
-0.623707
-0.267434
0.247902
0.889706
-0.457442
-0.573229
0.314005
0.741935
0.620716
0.013153
-0.177465
0.348308
0.752007
0.055208
0.390301
0.941221
-0.048311
-0.623768
-0.611255
-0.192602
0.942137
-0.689138
-0.702628
0.265297
-0.923826
-0.939146
0.402142
-0.925962
0.576525
-0.087130
-0.232521
-0.903256
-0.496933
-0.278481
-0.885861
-0.170263
0.138768
0.845515
0.468368
0.010773
0.999145
0.558458
-0.385296
0.204688
-0.293863
0.423627
0.197607
-0.404767
0.764458
0.597766
0.029023
0.593738
-0.738823
-0.748650
-0.707450
0.765130
-0.444502
-0.955138
0.889157
0.596728
0.088595
-0.355388
0.287271
-0.221473
-0.919980
-0.705496
0.047334
-0.875118
-0.022492
0.405805
0.614124
0.593188
0.605823
-0.018159
0.989380
0.674062
0.512619
0.900571
-0.110508
-0.447432
0.028901
-0.804010
-0.650014
0.864437
-0.171117
0.637623
0.514695
0.184484
-0.542100
-0.840815
-0.872250
-0.821711
0.422651
-0.316263
0.357341
-0.635426
0.881527
-0.249489
-0.348796
-0.220923
0.162145
-0.982788
0.234535
-0.424421
0.773858
0.835505
0.830805
0.950499
0.946471
-0.579211
0.527757
0.102329
0.134495
0.022858
-0.334086
-0.987732
0.677419
0.724296
-0.011689
-0.120701
-0.598071
-0.409040
-0.698965
0.305826
0.176061
-0.140233
0.398419
-0.893246
0.188269
-0.721915
-0.837397
0.092685
-0.282571
-0.972472
-0.031770
0.375286
0.048433
-0.228065
0.307596
-0.268899
-0.855892
0.576159
0.895688
-0.093417
-0.244911
0.219947
0.520615
-0.457747
0.321451
-0.313456
-0.132969
-0.626759
0.327860
0.571703
-0.692679
-0.749321
0.494552
0.438093
-0.574694
-0.850703
-0.632008
0.872005
0.304788
0.945982
-0.327189
-0.281289
0.756890
0.074984
0.882321
-0.677908
-0.813410
-0.346721
0.977783
0.320963
-0.767449
0.161473
0.259438
0.722648
0.735588
0.168004
-0.806452
-0.466720
-0.778558
0.674673
-0.111301
-0.362346
0.906674
-0.913572
-0.985107
0.105564
-0.480697
-0.751701
0.545946
-0.661916
0.845210
-0.080905
0.936155
0.966735
0.111667
0.838435
-0.273293
-0.338908
-0.662954
0.433882
0.035859
0.602893
-0.470504
-0.962645
0.852901
-0.925596
0.692862
-0.289773
0.910215
0.103183
-0.162816
0.614978
-0.847163
-0.545152
0.342021
-0.924375
0.577807
0.789422
-0.393292
-0.666250
0.697134
-0.691885
0.610096
0.549425
0.663930
-0.853084
0.651967
0.415387
0.655812
-0.406720
0.627796
0.439802
0.623707
-0.546068
0.968871
-0.358013
0.501938
0.048982
-0.355937
0.697073
0.576220
0.434492
0.013398
0.711295
-0.275979
0.902951
-0.240089
-0.607532
-0.455733
-0.270180
0.457259
0.129063
-0.521714
0.196020
0.633473
0.983215
-0.008881
0.478561
-0.525254
-0.855525
-0.496261
-0.639332
0.320170
-0.271279
0.919736
0.915647
-0.422407
0.644093
0.629261
-0.982727
0.283731
0.435591
-0.859432
-0.133030
0.267617
0.265725
0.441694
-0.624928
-0.628162
0.909238
-0.631642
0.771172
0.142186
-0.241554
-0.977233
-0.450972
0.940794
0.696951
0.548387
-0.936522
0.314249
-0.069124
-0.720695
-0.604602
0.871395
0.686575
-0.724540
-0.396222
-0.928098
-0.348857
-0.439070
0.011139
0.287698
-0.021821
-0.877499
0.347148
-0.403851
-0.571825
0.860775
-0.315348
-0.053560
0.710135
-0.222694
-0.880856
-0.342143
0.088900
0.848140
0.701956
0.777947
0.492782
-0.790704
0.784722
0.226844
-0.782220
-0.241676
0.594348
-0.868404
-0.644826
0.546251
0.210791
-0.947264
-0.496139
-0.912656
0.219886
-0.684805
-0.084567
0.355083
0.976867
-0.601062
-0.221290
-0.294656
-0.185644
-0.647206
-0.889279
0.270180
0.772271
-0.317972
-0.958617
-0.992859
-0.766900
-0.136265
-0.729118
-0.277261
0.130406
0.997314
-0.753716
-0.197974
0.091159
0.494797
0.108554
-0.232521
0.644704
0.051363
0.431806
-0.672231
0.393841
-0.388165
-0.012421
-0.073885
0.173193
-0.078829
-0.983398
-0.590320
-0.331767
0.313150
0.707327
0.978698
0.080538
0.786431
-0.816462
-0.405011
-0.872372
-0.047578
-0.441023
-0.836665
0.720267
-0.598987
0.502670
0.076266
0.000641
0.540269
0.354411
-0.867977
0.609607
-0.336650
0.307657
-0.903317
0.191076
-0.907407
0.718925
0.317850
-0.213050
0.008209
0.820673
0.968444
-0.707633
-0.384869
-0.131748
-0.528916
0.363018
-0.118015
-0.235389
0.659474
0.621937
-0.800287
-0.785699
-0.162633
-0.230262
0.519395
-0.609485
-0.982177
-0.950499
-0.997803
0.082247
-0.268410
-0.684500
-0.449507
0.154393
-0.286599
-0.301675
-0.372662
0.726981
0.210242
0.301431
0.863582
-0.562853
-0.929197
-0.554735
0.410932
-0.070284
0.046724
0.575426
0.727531
0.633534
0.448286
0.186377
0.668630
0.576769
0.324259
-0.646535
-0.993286
-0.598071
-0.595508
-0.442671
-0.233802
0.803400
0.923215
0.383831
0.044893
0.352886
