-0.823725
0.649220
-0.101352
-0.070162
-0.110141
-0.357402
-0.784600
-0.858638
0.963683
0.857723
-0.787042
-0.191687
-0.559862
-0.559191
-0.827998
-0.370708
0.669057
-0.309854
0.148045
0.180273
-0.106662
-0.885067
-0.526719
-0.601306
0.398480
-0.511277
0.673391
0.509507
-0.563280
0.990234
0.716239
-0.313272
-0.968932
-0.391766
-0.749077
-0.590564
-0.703116
0.943724
-0.874386
-0.321329
-0.376629
0.674551
-0.314859
0.126499
-0.337931
-0.684133
0.991272
-0.138340
-0.298868
0.615955
0.140294
-0.667104
0.200110
0.003937
0.063692
0.456709
0.004791
-0.698111
-0.666189
0.073946
0.915525
-0.884701
-0.459639
-0.542222
-0.649281
0.194861
0.452620
0.674917
-0.451949
-0.496445
0.771905
0.205603
0.777459
-0.430464
0.152013
0.078219
0.676138
-0.056368
0.943113
-0.405560
0.538255
0.772393
-0.334452
-0.513230
-0.296121
0.952391
0.829829
-0.512558
-0.065157
-0.180456
0.687674
0.634510
0.681021
0.919797
0.839534
0.197363
0.776177
0.522080
0.758538
-0.248695
0.348674
0.843074
0.730033
0.351543
0.842402
-0.922361
0.389447
-0.678091
0.501083
-0.216773
-0.287210
0.420759
0.480758
-0.062166
-0.093417
0.751579
0.914670
-0.405683
0.130589
-0.085055
-0.384625
-0.900815
0.112339
0.391400
-0.366192
-0.055147
0.261330
0.183386
0.154088
0.728568
-0.551866
-0.636647
0.951476
-0.401776
0.480331
-0.760796
-0.592639
0.319376
0.340190
-0.475143
-0.963622
-0.429182
-0.342631
0.356731
0.269631
-0.607593
-0.796808
0.373455
0.735710
0.443403
0.536851
-0.678823
0.045686
-0.709525
0.312601
0.199316
0.485885
-0.080050
-0.557237
0.620289
0.488266
-0.297647
-0.450911
0.401288
-0.440779
0.399213
0.936338
0.485214
0.922300
0.593677
-0.733879
0.744926
-0.855770
0.775018
-0.356304
-0.111240
0.104648
-0.198157
0.536546
-0.960814
0.497971
0.177770
-0.463485
0.173498
0.067415
-0.297281
0.431806
-0.122105
-0.692495
0.460616
-0.014740
-0.472396
0.192541
-0.299905
0.159581
0.681326
0.966247
0.228980
0.778497
0.020966
-0.513169
0.372784
-0.681875
0.424421
-0.187536
0.501633
0.730033
0.225990
-0.719352
-0.876766
-0.225990
-0.422956
0.757805
0.880978
-0.161412
0.922727
0.068758
0.409040
-0.520920
0.612415
0.173254
-0.164098
0.239906
-0.680288
-0.420270
0.090121
-0.987732
0.971801
-0.751396
0.264504
-0.617908
-0.253945
0.463729
0.220862
-0.687429
0.570299
0.119480
-0.194739
-0.415143
-0.236000
-0.642506
0.597339
-0.765191
-0.645863
-0.192236
0.352763
0.531663
-0.411298
-0.125889
0.170751
0.717887
-0.572924
0.195044
-0.493332
-0.411237
0.005402
-0.879757
-0.944761
-0.892819
-0.239357
0.566759
-0.180944
0.839900
-0.515122
0.087313
-0.773980
0.871517
0.780328
-0.207862
0.682363
0.815302
-0.316996
0.860897
0.087497
0.077670
-0.275185
0.552782
0.043916
0.220923
0.304178
0.969726
-0.198889
-0.008271
-0.632740
0.803827
0.484115
0.024812
0.631153
-0.919919
0.641896
0.407270
0.066988
0.982360
-0.807245
-0.974853
-0.304300
0.611438
-0.813349
0.818110
0.617481
0.710440
0.964904
0.473556
0.861080
0.174963
-0.138768
0.932798
-0.674429
-0.956542
0.163976
0.624012
-0.082003
0.704703
-0.581896
-0.342448
-0.348369
-0.922300
-0.605335
-0.821955
-0.507736
0.441389
0.762871
0.723685
0.781854
-0.531053
-0.417646
-0.961547
0.035066
-0.869503
0.308634
0.378704
-0.421186
0.504990
-0.454085
0.538804
-0.810114
0.543809
0.897275
0.639454
0.358867
-0.109836
0.861019
-0.237098
0.164586
0.432905
0.057161
0.005524
0.596362
0.743278
-0.951598
0.784112
-0.257790
-0.060030
-0.849116
0.587207
-0.780999
0.695059
0.555223
0.790216
-0.058321
0.103366
-0.941710
0.720084
-0.654653
-0.239418
0.956175
-0.063570
0.134251
0.614368
-0.727103
-0.533799
-0.695608
-0.551317
0.685537
-0.820063
-0.133763
0.117466
0.118625
-0.126499
-0.316446
0.292825
-0.292337
-0.394391
0.917722
0.839778
0.781671
0.847530
0.573962
0.869747
0.981567
0.255348
-0.561022
0.736076
-0.001312
0.457198
0.742119
-0.845637
0.579577
-0.750481
-0.674123
0.422163
-0.180944
-0.628101
-0.760796
-0.009613
0.867733
-0.892392
-0.601550
-0.924741
0.825922
-0.153356
0.129856
-0.930357
-0.313761
-0.658986
0.908017
-0.373089
-0.027436
-0.374126
0.061617
0.981567
0.344035
-0.665090
-0.101291
-0.776238
0.611621
-0.449690
0.098178
-0.547777
0.150853
0.791192
-0.125828
0.102084
0.578661
-0.342387
-0.929258
0.610218
0.997925
-0.611927
-0.323588
0.971007
0.717887
-0.850398
-0.537645
0.643971
-0.708243
0.701895
0.077059
0.870174
0.610340
-0.734916
0.338115
-0.981384
0.540880
-0.149998
-0.442671
0.885739
-0.487167
-0.418561
0.279641
0.347514
-0.220862
0.969787
-0.079684
0.506272
0.561144
0.277566
-0.696341
0.030915
0.585192
0.811029
-0.617847
0.502853
-0.841304
0.125340
0.997497
-0.914670
-0.394757
-0.775201
-0.319437
-0.372417
-0.597339
0.458296
0.843684
0.383465
0.395489
-0.753655
-0.723258
0.957518
-0.488144
0.254555
-0.409345
0.860164
-0.323466
0.031892
-0.874935
-0.165929
0.920896
0.552416
0.731803
-0.788629
-0.328898
-0.839106
-0.325175
-0.097079
-0.842036
-0.632374
0.535508
0.817133
0.089022
-0.531724
0.907285
0.220008
0.506211
-0.075411
0.009491
-0.941710
0.588061
0.186865
0.516343
-0.529038
-0.098178
-0.866878
-0.930723
-0.197058
0.251381
-0.006134
-0.779839
-0.115513
-0.143468
-0.949583
0.975646
0.461348
-0.596179
-0.284646
0.021393
-0.541063
0.201880
-0.437483
-0.977599
-0.607715
-0.045747
0.572130
0.280801
-0.665151
0.745598
-0.886959
0.191687
-0.785760
0.382611
0.906247
0.057405
0.406232
-0.665334
-0.287698
-0.902036
-0.021821
0.861263
0.927549
0.538560
0.725578
0.042024
-0.113865
-0.348430
-0.761834
-0.669790
0.325053
-0.581957
0.878780
0.098727
-0.237526
-0.228492
-0.636219
0.835200
0.192358
0.730705
-0.615345
0.076449
0.630665
-0.500900
0.574389
-0.181188
0.461043
0.173925
-0.468673
0.784845
0.951659
-0.141453
0.011322
0.624500
0.868099
0.271584
-0.681082
0.803949
-0.875179
-0.470504
0.121616
-0.357219
-0.718375
-0.558885
-0.030732
0.038972
0.996216
-0.065035
0.084384
-0.023286
-0.743828
0.100314
0.617786
0.327921
0.385296
0.411176
0.122349
-0.214393
-0.799249
0.269265
0.107944
-0.254738
-0.039705
0.561876
0.369976
0.667165
0.631275
-0.347819
0.131382
-0.932737
0.216163
0.172521
-0.090060
0.265114
-0.907407
-0.292398
0.378460
-0.026399
0.275491
0.565783
-0.267556
-0.385052
0.008332
-0.841487
-0.504013
0.508591
0.400189
-0.194617
0.455367
-0.891537
-0.100620
-0.142918
0.027009
0.308084
0.576464
-0.062105
-0.257607
0.723380
-0.324625
-0.498276
0.855037
-0.995117
0.335490
-0.284158
-0.600208
-0.166967
0.670827
-0.268288
0.041536
0.577746
-0.224158
-0.891232
-0.717277
0.456771
-0.323649
-0.185339
0.014252
-0.553758
-0.433515
-0.967101
-0.690298
0.809442
-0.684988
0.659658
-0.891232
0.916379
0.893185
-0.633595
-0.308023
-0.188574
0.051180
0.537828
0.384198
-0.840083
-0.931883
0.844600
0.374920
-0.155309
0.701895
0.325541
0.618030
-0.415632
-0.317423
-0.672231
0.814875
0.494125
0.242103
-0.347392
0.151769
-0.847041
0.291299
-0.040193
-0.856807
0.195532
-0.245094
0.061800
0.530503
0.477950
-0.802240
-0.232704
-0.349834
0.312357
-0.514817
0.871334
-0.645924
-0.201636
-0.122166
-0.119785
-0.043367
-0.064119
0.321512
-0.155492
-0.967162
0.698660
0.428877
-0.603381
-0.806574
0.884701
-0.683096
-0.215552
-0.486923
0.114292
0.194433
-0.333964
0.438765
0.925474
-0.655446
-0.322611
0.130406
0.201880
0.703726
0.699454
-0.642079
-0.243873
-0.195654
-0.198767
-0.885922
0.392132
-0.108737
-0.271340
-0.438826
0.863582
-0.554674
-0.266823
-0.670156
0.118076
-0.473678
-0.698599
0.162389
-0.831111
0.966796
0.536973
-0.502487
0.681997
0.276894
0.287271
0.712027
0.137730
-0.537156
-0.604785
-0.702322
-0.481002
0.637379
0.450911
0.730399
-0.338176
0.510117
0.446516
-0.264077
0.332438
-0.100009
-0.344218
-0.457869
0.409284
-0.490646
0.972167
-0.149083
-0.238014
-0.842830
0.503342
-0.589709
0.692434
-0.902158
-0.211219
0.610767
0.853145
0.253945
0.022309
0.114536
-0.646352
0.302652
0.460860
0.790155
-0.543870
0.155492
0.859188
-0.811884
-0.742119
0.193945
0.619861
-0.103488
-0.586840
-0.970336
0.006500
-0.598071
0.718192
-0.470321
-0.823969
-0.668630
-0.791375
0.121311
0.044404
-0.191809
-0.187170
-0.781854
-0.091281
0.087374
-0.008881
-0.496445
0.808100
-0.987487
0.367046
-0.344829
-0.940367
0.091098
-0.603320
-0.336894
-0.406049
-0.023103
0.914609
-0.777581
-0.972839
-0.540269
0.615955
-0.128758
-0.145665
0.066439
-0.703177
0.938292
-0.900082
-0.939512
-0.397076
0.155248
0.261818
-0.415632
-0.856441
-0.293619
-0.999512
0.122288
0.198645
-0.264138
0.649281
0.752556
-0.167150
-0.486740
0.770013
-0.295694
0.478317
-0.159093
-0.529466
0.198096
0.160436
-0.134007
0.600330
-0.128636
-0.803522
-0.587024
0.371197
-0.229163
-0.675161
-0.072420
-0.831477
0.848140
0.750359
0.078158
-0.930296
0.153539
0.846492
0.158788
-0.579943
0.286721
0.149144
-0.868099
0.682058
-0.478500
0.886410
0.500961
0.351848
0.229591
0.173193
0.409955
-0.898984
0.105014
-0.808588
0.670949
0.526597
0.213294
-0.173498
-0.653554
-0.154088
-0.941832
-0.445173
-0.444929
0.473739
0.650807
-0.729118
-0.262062
0.886410
0.407392
0.898190
-0.128452
-0.117893
-0.237587
-0.741508
0.921751
0.534227
0.928343
0.005463
0.155065
-0.285684
-0.360332
-0.399274
0.313028
0.902890
0.804559
0.979492
-0.468429
-0.608509
0.144688
-0.540269
-0.315714
0.963317
-0.165929
0.161596
0.208838
-0.748589
0.938108
0.963317
-0.491928
0.038179
-0.581042
0.150853
0.844356
-0.577441
0.055696
0.657949
0.255531
0.272195
0.421369
0.534410
0.177282
0.819514
-0.900815
0.528550
-0.285257
-0.155858
-0.270486
-0.326762
-0.377728
-0.798273
0.774102
-0.902951
0.890988
0.040437
-0.025971
0.863704
0.580004
-0.933470
0.001129
0.311441
-0.757500
-0.667043
-0.835688
-0.441816
0.034028
0.988769
-0.702872
0.596118
-0.801141
-0.490036
0.077670
-0.359050
0.995727
0.139378
0.798578
-0.552171
-0.883297
0.827631
0.496933
-0.316568
-0.579394
-0.130345
0.017243
-0.254189
0.755913
-0.582080
-0.390423
-0.849788
0.738762
0.898373
-0.336344
0.247291
-0.796747
0.017060
0.896786
0.909238
0.608997
0.937071
-0.645314
0.076205
-0.524094
0.167333
0.601672
-0.608142
-0.918516
-0.005463
-0.161473
-0.683218
-0.492904
0.713675
-0.669790
0.935728
0.053804
0.945311
-0.228980
0.693350
0.661061
0.836360
0.725883
-0.217811
0.970275
-0.294900
0.802118
-0.728202
0.284890
-0.522385
0.625233
0.095981
0.031281
0.953734
-0.243385
-0.772759
-0.811579
0.576464
-0.515366
-0.319315
-0.732963
-0.040193
0.244911
0.295022
0.883053
0.507797
-0.614978
-0.741630
0.356548
-0.388165
0.171728
-0.141453
0.829707
0.426618
-0.471541
-0.887082
-0.808466
0.722343
0.620533
-0.602527
-0.459883
0.147435
-0.550218
-0.578295
-0.218970
-0.482589
-0.073946
0.951353
-0.119663
0.396039
0.916807
-0.782220
0.735954
0.619312
-0.116672
0.895688
-0.064364
-0.528550
-0.880367
-0.016083
-0.487594
0.932371
0.640004
-0.251381
0.539781
0.109470
-0.441023
-0.415876
0.485580
-0.894406
0.332377
0.757439
-0.713797
-0.710562
-0.688162
-0.227821
-0.851131
-0.619678
-0.390179
0.154210
-0.249001
-0.414533
0.086703
0.417158
-0.443648
0.575976
-0.626514
-0.446394
-0.917356
-0.362651
0.890622
-0.641285
0.804682
0.341105
-0.481979
0.464705
-0.084628
-0.953185
0.287637
-0.323344
0.583972
-0.779656
0.133824
0.590442
0.635121
-0.953673
0.688040
0.453230
-0.623768
-0.173559
0.528001
0.694571
0.249062
-0.430525
-0.337687
-0.890316
-0.094272
-0.503159
-0.515366
-0.870235
-0.093722
0.921201
0.635731
0.895016
-0.403424
-0.521104
0.723258
-0.330302
0.048128
-0.893063
-0.584521
0.595508
0.452925
-0.208716
0.407514
0.275735
-0.419660
0.368755
-0.355754
0.863948
0.128636
0.298013
0.681326
-0.967772
-0.319864
0.078585
0.127232
-0.567064
-0.977477
0.828059
0.982788
-0.831416
0.711966
0.805048
0.336100
0.736625
0.554003
0.480453
0.191931
-0.115268
-0.241249
-0.310648
0.859310
0.112217
0.110508
-0.869869
-0.792474
0.157018
-0.813288
0.574389
0.831965
-0.351543
0.421369
0.588244
0.613880
0.129856
-0.189184
0.147069
0.395489
-0.868587
0.791864
-0.698111
0.390667
0.409772
0.398297
-0.818781
-0.290506
0.114353
0.084872
0.824091
-0.254189
-0.689016
0.513840
0.924192
-0.450911
0.015290
-0.158483
0.279336
-0.949156
-0.293069
-0.148106
-0.874203
0.884030
-0.923338
-0.963256
0.821345
-0.399274
0.656178
0.311441
-0.573168
-0.846675
-0.806574
0.994140
0.407636
0.187048
-0.660756
0.235145
0.877804
0.411847
-0.015534
0.039460
0.285440
-0.516831
0.502365
0.088290
-0.794549
0.933287
-0.326701
-0.237342
-0.883541
0.655507
0.645619
-0.802728
0.403241
0.017914
-0.052278
0.905148
0.421552
-0.523789
0.314066
0.966918
-0.331645
-0.883297
-0.693350
0.888180
0.766900
-0.106357
-0.186438
-0.463118
-0.143956
0.207862
-0.105991
0.066256
-0.718863
0.497360
0.355876
-0.530259
-0.746818
-0.976196
0.429365
0.792657
0.142613
0.678396
-0.609241
0.583361
-0.223548
0.327433
-0.300333
0.880306
0.336100
0.524888
-0.794061
-0.520371
-0.843501
0.115452
0.029328
-0.957518
-0.564440
0.628590
-0.748589
0.274148
-0.998901
-0.455061
0.115085
0.314188
-0.587939
-0.157994
0.996216
0.411237
0.177709
-0.028108
-0.382122
0.126316
-0.433454
-0.643483
0.306925
-0.617603
0.395795
-0.717521
0.175756
-0.873836
0.761162
-0.073824
0.127781
-0.439558
0.360881
0.480331
-0.410871
0.944273
0.676199
0.340190
-0.087985
-0.378033
0.905210
-0.015534
0.293802
0.953490
-0.243751
0.940428
0.514512
0.784051
-0.931394
0.941221
-0.868954
0.798212
-0.257302
0.241066
-0.012055
-0.412214
-0.424421
0.271706
-0.124302
-0.842830
-0.365093
0.436750
-0.041597
-0.696463
0.368816
0.702628
-0.254921
0.411664
0.169408
0.181860
-0.472091
0.445296
0.584216
-0.794549
-0.704398
-0.656911
-0.371075
-0.290445
-0.366314
-0.234107
-0.103610
0.799799
0.543443
-0.643422
0.080050
-0.407208
0.382916
0.843196
0.241676
-0.232826
-0.428816
-0.750114
0.417219
-0.684439
0.483932
-0.729728
0.724357
-0.552477
0.865902
-0.787347
0.957884
-0.926817
0.615528
0.706534
0.986633
0.682730
-0.494064
-0.539903
-0.990173
0.159276
0.217078
-0.716910
-0.339579
0.062044
0.032746
0.235939
-0.342448
0.999329
0.639576
-0.110630
-0.828608
-0.628712
0.298013
0.074923
-0.223914
0.794244
-0.012299
-0.485092
-0.615223
0.122349
0.854427
0.656484
-0.153417
0.662282
0.384014
0.636891
0.260537
-0.290445
-0.656423
0.064852
0.650319
-0.071932
0.441206
0.350810
0.531114
0.638478
-0.022492
0.373943
-0.964537
0.039277
-0.330485
-0.647572
-0.848262
-0.766045
0.745842
-0.452132
0.264199
-0.846919
-0.419538
-0.890255
0.556810
-0.409650
0.030793
0.891415
-0.831477
-0.221900
0.815851
-0.724479
0.543626
-0.915525
0.900510
-0.462813
-0.105075
0.800104
-0.147435
-0.384686
-0.140904
0.942259
0.247780
-0.518723
-0.762505
-0.653249
-0.729179
0.611682
-0.026826
0.216590
-0.802545
0.096347
0.003998
0.883724
0.729362
-0.492233
-0.711539
0.998108
0.787347
0.281777
0.981323
0.568896
0.933470
0.324198
0.950499
0.304422
-0.092257
-0.594043
-0.665639
0.611255
0.650014
0.779473
-0.927976
-0.264870
-0.439009
0.648976
-0.586657
0.722953
0.566027
0.461226
-0.767815
0.745720
-0.435530
-0.216407
0.881527
0.376690
0.858089
0.218787
-0.951109
-0.613697
0.815912
-0.348125
-0.999207
0.491562
-0.926450
0.434065
-0.629749
0.114231
-0.284585
0.170263
-0.424421
0.718070
-0.988159
-0.964904
-0.470870
0.275613
-0.293497
0.740593
-0.823298
0.677969
0.990722
-0.032807
0.313639
-0.269326
-0.485214
0.527451
-0.039216
-0.142186
0.177160
0.357830
-0.649586
-0.872677
-0.599963
0.771599
0.700003
-0.487167
0.388409
-0.119114
-0.674184
-0.266579
-0.937559
-0.981567
0.368877
0.607410
-0.646474
-0.695425
0.866451
-0.324442
0.912595
-0.527757
0.732475
0.267922
-0.938536
-0.326762
-0.776666
-0.597034
0.365825
-0.009064
0.640126
0.091464
-0.746574
0.900876
-0.840999
-0.054292
0.647206
-0.869198
0.193396
-0.772698
0.530320
0.193640
0.379009
0.105014
-0.980834
0.267556
0.227454
0.492660
-0.914182
-0.450850
0.838679
0.087069
0.922910
-0.492721
0.620716
-0.278420
-0.487899
0.403302
-0.229163
-0.823237
0.025056
-0.997620
-0.999207
0.851924
-0.640187
0.282815
-0.731681
-0.337931
0.327799
-0.191259
0.589099
-0.621448
-0.704215
0.840938
0.075350
0.843013
-0.002045
0.584887
-0.356304
-0.809870
0.215918
0.473434
-0.484848
-0.906247
0.407331
-0.709586
0.241493
0.600513
-0.542100
0.200781
0.474349
0.832698
0.609729
-0.065828
0.655385
0.523423
-0.032197
-0.156835
-0.787286
0.990783
0.517624
0.367534
0.093905
0.968566
-0.365459
0.712333
-0.268410
-0.971740
-0.344035
-0.175268
0.822199
-0.446028
0.791986
0.312601
0.322916
-0.164159
-0.332621
0.170812
0.404950
-0.618336
0.188635
0.964049
-0.746513
-0.371136
-0.014863
-0.134434
0.255959
-0.286172
0.164342
-0.009857
0.922422
-0.119114
-0.979614
-0.874508
0.067537
0.768120
0.921323
-0.885556
-0.640065
-0.441511
-0.258705
0.992859
0.015961
0.992737
0.781610
0.317789
-0.280923
-0.924131
0.574023
-0.813288
-0.687857
-0.241310
-0.426862
0.852596
0.357768
-0.849178
0.256508
0.363689
0.914914
0.739433
0.513779
-0.115879
-0.064547
-0.853328
0.734672
-0.691580
0.035432
-0.799432
0.358379
-0.101047
0.655995
-0.802301
0.536241
0.838313
0.149205
-0.410504
-0.479232
-0.026582
-0.582202
0.077792
-0.544359
-0.526597
0.480026
-0.322672
0.816950
0.883175
0.879574
-0.496811
0.437910
-0.758660
-0.588916
0.630787
0.703421
-0.620655
-0.029328
-0.387799
-0.322001
0.986084
-0.602893
-0.227210
0.447859
0.101779
-0.343669
0.507065
0.393170
0.152257
-0.754753
-0.050020
0.772332
-0.239296
-0.740104
0.775018
-0.580493
-0.493027
0.688955
0.078890
0.582018
0.184851
-0.111911
-0.946409
0.801569
-0.020356
0.424665
0.715018
-0.493393
-0.259682
0.002411
0.964782
-0.626453
0.106357
-0.971068
0.568224
-0.775933
-0.947813
0.674368
-0.877010
0.794122
0.951109
0.452132
-0.526963
-0.849727
-0.705618
-0.346660
0.924314
-0.695364
-0.937193
0.687857
-0.307718
0.466597
0.073519
-0.587817
0.142796
-0.818842
0.848506
-0.479659
-0.615345
-0.829279
-0.013459
-0.653432
0.753410
-0.917722
0.917600
-0.272683
0.495956
-0.766045
0.279397
0.284219
-0.171239
0.652333
-0.235145
-0.946593
0.927000
-0.575121
0.259560
-0.203833
0.598621
-0.291177
-0.555651
0.996094
-0.413800
0.764214
0.787408
0.744621
0.009919
-0.469832
-0.111362
0.117771
0.950560
-0.167455
0.237037
0.481185
0.561022
0.156896
-0.438154
-0.501022
0.515427
-0.000031
0.515732
0.597766
-0.861995
-0.242103
-0.332316
-0.645558
-0.629933
-0.292459
-0.666494
0.233863
-0.212989
-0.656972
-0.252297
0.206885
0.598865
-0.483261
0.335185
-0.889828
-0.674612
0.614734
-0.555712
-0.689261
-0.348064
-0.980651
0.217627
0.439070
-0.671255
-0.707755
-0.408490
0.666311
0.198584
0.420576
-0.065035
-0.779962
-0.581225
0.715079
-0.253029
-0.870968
-0.428632
-0.972228
0.913144
0.905393
-0.999023
0.650136
0.843135
0.057039
0.307779
-0.800409
0.792230
-0.266213
0.185949
0.780694
-0.558336
-0.865719
0.350932
-0.499496
-0.836726
-0.307413
-0.935789
0.640309
-0.385052
0.524033
-0.620289
-0.244057
0.867550
0.816462
-0.584887
0.943052
-0.204932
0.620838
0.365398
0.228187
-0.560717
0.563097
0.475753
0.894650
0.859493
0.131993
-0.854488
-0.548387
0.993164
0.769158
0.899960
-0.610950
0.345256
0.041108
0.219398
0.275674
0.463363
0.177953
-0.004364
-0.919431
0.557115
0.124119
-0.083346
-0.353923
-0.408551
-0.209387
0.233497
0.444868
0.720145
0.576159
0.324870
-0.933714
-0.376751
-0.751274
-0.979858
-0.999878
0.709952
0.186438
-0.083895
0.430342
-0.394391
-0.943052
0.803278
0.686331
-0.894467
0.742729
-0.073763
0.027741
-0.074129
0.559557
0.103244
-0.947569
0.340129
0.092746
0.129551
-0.984069
0.305826
-0.308084
-0.384930
0.213477
0.643300
0.501572
-0.133946
0.487472
-0.936155
-0.742973
-0.807855
0.075228
0.798395
-0.706290
0.234596
-0.760613
-0.333964
0.935240
-0.440596
0.857234
0.511093
0.472030
0.922910
-0.359905
0.491134
0.080844
-0.250649
0.090793
0.532273
-0.703909
-0.143284
0.306436
-0.077059
0.208716
-0.691641
0.770196
0.957213
-0.692557
0.495895
0.371685
0.910337
0.084567
0.674184
-0.287210
0.357952
-0.828181
-0.909665
-0.348369
-0.925779
0.390667
-0.756035
-0.116916
0.109775
0.780206
0.792657
0.231910
-0.695059
-0.452864
0.401471
0.986999
0.224036
0.744865
-0.969176
0.167333
0.944517
0.658437
-0.810053
0.219886
-0.504685
0.596973
0.699637
0.346232
-0.506088
-0.184729
0.741142
-0.078036
-0.469588
-0.866634
0.920469
0.665212
0.229041
0.044465
-0.650807
-0.480880
0.741020
0.494369
0.810175
-0.184973
-0.143895
-0.734794
0.315714
-0.515488
-0.906796
0.711783
-0.615345
0.370464
0.941710
0.527940
-0.066927
0.540147
-0.722098
-0.877438
0.978027
0.897580
-0.583361
0.085482
0.426923
-0.658925
0.567980
0.376019
-0.517563
0.123386
-0.233497
-0.395672
0.839900
-0.597400
-0.148778
-0.458663
0.817316
0.975280
-0.081149
0.735649
0.250710
0.644154
-0.155248
0.916196
0.119358
0.557115
0.015656
-0.432661
-0.641041
-0.694143
-0.639393
-0.639882
0.305704
0.965514
0.264626
-0.041902
-0.680898
0.351054
0.064058
-0.445418
0.357646
0.593860
0.431196
0.225135
-0.110996
-0.056307
0.139195
0.240577
0.075716
-0.438887
-0.649770
-0.397809
0.670644
0.397992
0.077364
-0.655568
-0.055635
0.173376
-0.678091
-0.479965
0.412030
0.003571
-0.972411
0.750053
-0.484970
-0.224830
0.625355
-0.228919
-0.086032
-0.045869
0.722831
0.335856
0.442305
0.241859
-0.830988
0.307352
-0.423505
0.962889
-0.158605
-0.609363
0.866695
-0.514756
0.261208
-0.198706
-0.183325
-0.977294
0.606983
-0.032991
-0.641591
-0.856624
0.795404
0.104465
0.819147
-0.639393
-0.531419
0.010041
0.659413
0.939329
0.319559
0.766472
-0.235389
0.980102
0.381939
-0.016694
0.901730
0.289163
0.967528
0.573168
-0.537156
0.254555
0.869198
-0.761162
0.731925
-0.362957
-0.839717
-0.732353
0.710135
-0.040437
-0.238502
0.470992
-0.310038
-0.994018
-0.882565
-0.772576
-0.326945
0.343974
0.018036
-0.486068
-0.874264
-0.898862
0.674245
-0.700003
0.353008
0.864010
0.163488
0.991394
0.541490
0.856075
0.940794
-0.330119
-0.406232
0.379559
0.092563
0.436689
0.224708
0.625477
0.596301
0.826106
0.538560
-0.182714
0.021516
0.890622
0.892880
0.527879
-0.666372
-0.821589
0.313700
0.915891
0.579882
-0.970275
-0.883053
-0.393048
-0.114597
-0.889706
0.372600
0.236549
-0.247414
-0.165441
0.049715
-0.197485
0.847591
-0.184912
-0.932432
0.739494
0.945799
-0.189978
-0.359539
-0.367534
0.001373
-0.242836
0.701163
-0.041963
0.284829
-0.687735
0.241127
0.538255
-0.020905
0.150304
-0.029328
0.187353
0.965514
0.909299
-0.382366
0.793878
-0.135594
0.004669
-0.835994
0.397443
-0.395428
-0.222571
-0.928343
-0.639454
0.517258
0.689322
0.008881
-0.585986
0.500595
0.728263
-0.775323
-0.569811
0.920835
-0.647023
-0.167333
-0.659658
0.445296
0.585864
-0.105075
-0.947447
0.835017
-0.600635
-0.691397
-0.264138
-0.835200
0.133213
0.029633
-0.897946
-0.589709
-0.019990
0.359783
-0.770135
0.272195
0.335307
0.521958
-0.355510
0.615894
-0.961180
0.956236
-0.430158
-0.455611
0.472701
0.704154
0.646779
-0.858089
-0.189001
-0.096713
-0.937315
0.667165
0.680166
0.747551
0.222022
0.131809
0.416486
0.800287
-0.624134
-0.456709
-0.501144
0.532823
0.143590
0.803522
0.638112
0.216529
0.139561
-0.866817
-0.150914
-0.924009
0.648549
-0.321024
-0.901242
-0.872433
0.514573
0.906858
0.878109
-0.437422
0.672964
-0.803217
0.395428
-0.262978
0.008332
0.149510
0.196142
-0.391705
-0.541246
-0.361736
0.419111
-0.440229
-0.195837
0.957396
0.263894
0.972289
-0.281533
0.777947
0.745598
0.504929
-0.592639
0.315653
-0.325541
0.500656
0.570055
-0.168310
-0.561876
-0.131138
0.847835
0.536180
0.503891
0.618274
-0.894894
0.052278
0.556627
0.780999
-0.185339
0.877682
-0.303385
0.745903
0.924436
0.363994
0.345195
0.042879
-0.475265
-0.583911
-0.446760
-0.777154
0.783624
0.029389
0.991272
-0.924192
0.908933
-0.413007
0.028169
0.098483
0.337626
0.168188
-0.647145
-0.071810
0.537339
0.442366
0.407575
0.161229
0.704459
-0.892880
-0.099887
-0.902280
-0.539476
0.371624
0.642201
0.713370
0.369427
-0.218543
-0.276406
-0.168615
-0.266762
0.651234
-0.657094
-0.003265
0.073336
-0.370342
-0.466781
-0.868892
0.816218
0.846736
-0.714591
-0.942869
0.523667
-0.177587
-0.630543
-0.856868
0.155919
-0.684500
-0.025666
0.001740
0.505783
-0.004059
0.643971
-0.099826
-0.967101
-0.429182
0.372173
-0.955016
-0.008454
-0.403912
0.515549
-0.096774
0.959716
0.362407
-0.177709
-0.938536
0.991882
0.791742
0.640431
-0.417707
0.512253
0.987243
-0.580676
0.298929
0.309915
-0.372173
-0.838984
0.873409
0.095492
0.691397
0.046602
-0.630421
-0.005951
0.822199
-0.430036
-0.558336
0.393597
-0.879879
-0.846004
-0.502487
-0.609119
0.551927
0.488571
-0.465804
0.215979
0.426008
-0.751335
-0.358074
-0.180029
0.759819
0.199988
0.162938
-0.249306
-0.001862
0.095859
0.059969
-0.777581
0.179540
0.008881
0.739250
0.055879
0.233314
0.391278
-0.199744
-0.368328
0.290262
-0.050874
0.846919
-0.601123
-0.331156
-0.988159
-0.713858
-0.313272
0.243141
0.077670
-0.541856
0.705252
0.010895
0.503037
0.554735
0.645558
-0.734001
-0.465743
-0.493759
-0.348247
-0.853145
-0.502853
0.788202
-0.867977
0.159520
0.263710
-0.718986
-0.968322
0.590564
0.616565
-0.635487
-0.922849
0.825007
0.458541
0.075106
-0.474654
0.549242
0.294473
-0.160802
-0.987060
-0.263222
0.843257
0.079806
-0.445723
-0.270363
-0.092196
0.198828
0.650441
0.456648
-0.434797
-0.721427
-0.192053
-0.034211
-0.573656
-0.997864
0.701712
0.406049
0.981506
-0.728385
0.087558
0.950804
0.945006
-0.031648
0.147801
0.363506
0.378826
0.727531
-0.804376
0.312296
-0.508591
0.038484
-0.841548
0.951659
0.041658
0.535752
-0.178076
0.198645
0.821345
-0.357952
-0.774407
0.930784
0.937620
-0.374248
0.061861
-0.440352
0.389019
0.943297
-0.668630
-0.496872
-0.377850
0.984252
0.216346
-0.532701
-0.918516
-0.079379
-0.407025
0.281961
0.469161
0.310770
-0.911496
0.743217
0.119236
0.699149
-0.860042
-0.149327
-0.527573
0.425398
0.140294
0.450301
0.879208
0.909665
-0.053011
0.734428
-0.628895
-0.662648
-0.139805
0.369915
0.208594
-0.046541
-0.816950
-0.449019
-0.726188
0.245338
0.084811
-0.665090
0.250038
-0.953124
-0.176366
0.705618
-0.188879
0.828303
-0.612110
0.811884
0.869625
-0.785516
-0.291177
0.213904
-0.077303
-0.392987
0.145421
-0.510483
-0.691092
-0.972716
-0.601794
-0.876888
0.590136
-0.685537
-0.886532
0.713675
-0.957884
-0.943663
0.819575
-0.300821
0.723380
0.616993
-0.998840
0.316691
-0.295572
-0.280801
0.214087
0.095370
0.074740
0.057161
0.606006
-0.620716
-0.522080
0.591235
-0.959655
0.125828
0.816767
-0.054659
-0.060640
-0.625965
0.865291
0.667470
-0.608875
0.090793
-0.894711
-0.693838
-0.374737
-0.725211
-0.962340
-0.015168
-0.987671
0.361614
-0.531114
0.181127
0.450423
0.376507
-0.325175
0.773309
0.806940
0.855159
0.263344
0.570177
0.605396
0.564989
-0.824946
0.503342
0.640187
0.400555
-0.758782
0.822748
0.141758
-0.092013
-0.113559
0.763237
-0.109958
0.336283
-0.431990
0.136814
-0.978454
-0.202490
-0.326151
-0.302042
0.257424
-0.748894
0.713065
0.116184
-0.262246
0.577502
0.501267
-0.346782
-0.896725
0.473983
-0.907407
0.796564
0.915403
-0.473739
-0.965758
0.574877
0.387249
-0.535752
0.214698
-0.451277
0.072176
0.560595
0.227454
0.590930
0.008881
0.111118
0.213660
-0.407025
0.842280
-0.239723
-0.417768
-0.939756
-0.738456
-0.582751
-0.352641
0.129368
-0.427839
-0.252052
-0.168310
0.967833
-0.464400
0.212134
-0.967284
-0.393170
-0.915708
0.216407
0.866573
0.811640
0.188513
0.451094
0.629322
0.359722
-0.194617
-0.372295
-0.848994
0.390667
-0.767754
-0.263405
0.804254
0.164098
0.598560
-0.604968
0.017426
-0.905515
-0.288797
0.782647
-0.113987
0.466292
-0.970397
-0.977355
-0.426435
0.787469
-0.949522
0.446394
-0.987854
-0.104587
0.999390
-0.228004
-0.719901
0.341716
0.493515
-0.714286
-0.441755
0.088351
-0.666494
-0.045442
-0.978454
0.129673
0.729789
0.924497
-0.631031
0.427290
-0.657521
0.941404
-0.463240
0.501144
-0.592700
0.820124
0.423383
-0.385784
0.085788
-0.673208
0.319254
0.479720
-0.645070
0.471358
0.585253
-0.474471
-0.464034
0.188086
-0.796381
0.942869
-0.170324
-0.166417
0.313639
-0.558458
-0.934080
-0.543260
0.922910
-0.194555
-0.728813
0.563768
-0.013215
-0.479720
0.359783
-0.835749
-0.675710
0.867061
-0.292154
-0.052461
0.824335
-0.583422
-0.733390
0.913205
-0.837947
0.594470
0.849727
-0.219459
-0.569079
-0.087130
0.454451
-0.347148
-0.995666
-0.163610
-0.995605
0.906186
0.361736
-0.910092
-0.267129
-0.815424
0.038606
-0.481429
0.281655
-0.764275
0.001740
0.077853
0.567614
-0.037568
0.292337
-0.659780
-0.076754
-0.703848
0.262673
-0.250710
0.395062
-0.978942
0.966918
0.297952
-0.291849
-0.476730
-0.859066
0.357768
0.164525
0.390667
0.944456
0.867855
0.597217
0.307840
-0.219092
-0.905942
-0.245949
-0.771233
0.055696
-0.077548
-0.288430
0.045320
0.112583
0.728263
0.558763
0.699026
0.042024
-0.054964
-0.048250
0.712394
-0.071383
-0.421735
0.742546
-0.217627
-0.435530
-0.425092
-0.455794
0.765557
0.432173
0.128147
0.202979
-0.634144
0.525925
0.655934
0.274941
0.334513
0.028657
0.944456
0.459883
-0.014740
-0.052095
0.569689
-0.154820
-0.007111
-0.144566
-0.443525
-0.944212
0.030610
0.908567
-0.707266
-0.809870
-0.293558
0.750969
-0.309854
-0.948363
-0.432966
-0.099582
-0.887265
0.751762
-0.179418
0.584521
-0.912412
0.802057
0.217994
-0.937254
-0.153600
0.429365
-0.744987
-0.337687
-0.301187
-0.001679
0.278054
0.373577
0.271401
0.204077
-0.218360
-0.359111
-0.026704
-0.017975
-0.251198
-0.820734
-0.856563
-0.585498
-0.725089
0.365642
-0.810785
-0.038484
0.998718
-0.712821
-0.084384
-0.532823
0.592761
0.253029
-0.566149
0.716483
-0.004975
0.084078
0.030183
0.312784
-0.779046
-0.529160
0.906674
0.783441
-0.339640
-0.523484
0.248085
-0.596606
0.628346
0.260048
-0.611744
0.278970
0.366680
0.121860
0.189611
0.074496
-0.577563
-0.504318
-0.368755
-0.923154
-0.429060
-0.713858
0.952757
0.675100
0.741142
0.636586
-0.662709
0.394818
-0.445479
-0.229286
-0.728751
0.960692
-0.955443
-0.769890
0.517930
-0.681997
0.328837
-0.197790
-0.834956
-0.577685
-0.007965
-0.569079
-0.446089
0.046236
-0.943785
0.569506
0.593799
-0.294107
0.670217
0.230689
0.920225
-0.533372
-0.817499
0.075411
-0.254189
0.040986
0.311319
0.564806
0.323405
0.940916
-0.045442
0.200781
-0.913633
0.567980
-0.222571
0.543626
-0.919492
0.269631
-0.442061
0.162206
0.871029
-0.118381
-0.523789
-0.237953
0.155797
-0.964782
0.312967
0.470443
0.056856
0.850764
-0.014618
0.719901
-0.683645
0.915891
0.665578
-0.994079
-0.682058
-0.386456
0.382305
-0.034028
0.008393
-0.595874
-0.626637
-0.608570
-0.252297
0.591479
-0.805597
-0.327433
-0.331034
0.923276
0.030061
0.551500
0.468795
0.989929
-0.955687
0.419599
-0.080355
-0.146031
0.921079
0.355754
0.217505
-0.393719
-0.462691
-0.470199
0.894162
-0.372051
0.390728
-0.395123
-0.996338
-0.893124
-0.222571
-0.661794
0.360454
-0.846187
0.063692
-0.141697
-0.128147
0.435224
-0.377422
-0.928770
-0.565111
-0.360088
-0.278115
-0.059114
0.492904
0.469161
-0.188086
-0.051057
-0.516526
-0.625965
0.190771
0.167028
-0.545885
0.192907
-0.429975
0.106296
0.146764
-0.844356
0.059847
-0.092074
-0.693594
-0.140965
0.450179
0.365398
0.895810
-0.248390
-0.611560
-0.241798
0.748222
-0.221656
0.842769
-0.932859
0.223365
0.759941
0.323038
0.755486
-0.979186
-0.235633
0.981506
0.507370
0.810968
0.384503
0.560045
0.980102
-0.827998
0.176611
-0.753594
-0.284768
-0.049043
-0.021882
-0.757500
-0.139866
