0.189184
0.853084
-0.403851
0.921995
-0.946959
-0.048372
-0.851375
0.585620
-0.924863
-0.634877
-0.703238
0.040559
0.693350
0.884457
0.378094
0.248512
0.415510
-0.305399
-0.421918
0.997009
0.045869
-0.219764
0.108554
-0.103061
-0.196081
0.143956
-0.508286
-0.746941
-0.626942
-0.131748
0.226661
-0.156774
0.716849
0.144688
0.991028
-0.712760
0.808161
0.677602
-0.657460
0.065401
0.740410
0.323099
0.446150
-0.399396
-0.097018
-0.289163
-0.053011
-0.621937
-0.751762
0.151769
0.044527
-0.177831
0.481368
0.908078
0.627613
0.410199
-0.562181
-0.285440
0.789727
0.686392
0.748283
0.556932
0.769829
-0.752434
-0.784051
0.652028
0.704520
-0.396832
-0.173986
-0.354411
0.041597
-0.207190
0.271645
-0.111972
-0.485397
-0.950804
-0.742729
0.687674
0.549303
0.473800
-0.297159
-0.360637
0.120945
0.765191
-0.950011
0.031892
0.620533
-0.056429
-0.782830
-0.507431
-0.479476
-0.627674
0.066500
-0.785577
0.335917
0.691641
0.280374
0.964660
0.399030
-0.269936
0.082614
0.824213
-0.883786
-0.140721
0.193213
-0.854549
0.065157
0.066378
0.541002
0.665822
-0.055391
-0.634266
0.431379
0.547716
0.071871
-0.767205
0.019623
-0.843135
0.902707
-0.089999
0.826655
0.168004
-0.981628
0.433515
0.038789
-0.231788
-0.769463
0.335185
0.801691
-0.195837
0.990722
0.331156
-0.562975
0.734733
-0.354167
0.880367
0.441389
-0.318949
0.099399
-0.659169
0.359661
0.210364
0.896054
-0.182348
-0.730949
-0.574633
-0.378033
-0.429792
0.647389
-0.210974
0.397565
-0.081210
-0.504135
-0.834040
0.640675
-0.915769
-0.657155
-0.372112
0.839778
0.257729
0.099826
0.957640
-0.617847
0.887387
-0.670034
-0.338420
-0.047029
-0.283425
0.485824
-0.867428
-0.877743
-0.095553
0.277993
0.579394
-0.549852
-0.901547
0.991150
-0.449019
0.280251
-0.975097
0.267006
0.012665
-0.282632
0.560839
0.459273
0.009491
-0.458480
0.680349
0.965453
0.873775
-0.607898
0.481307
0.552782
-0.750786
-0.887997
-0.267922
-0.885311
0.877499
-0.130284
0.609058
0.123936
-0.239051
0.433393
-0.803156
-0.854671
-0.893307
-0.588366
0.796869
0.691824
0.323405
0.170141
-0.243690
-0.838679
0.641774
0.999634
-0.768303
-0.294473
0.206458
-0.299478
0.872250
-0.461043
-0.250954
0.147374
0.311319
0.944823
0.922910
-0.437666
-0.322794
0.112766
-0.349834
0.641224
0.587329
-0.805963
-0.760735
-0.840999
0.136326
-0.070406
0.838862
-0.807184
0.845637
0.755364
0.432783
-0.737846
0.076022
0.668935
-0.060762
-0.642384
-0.771661
-0.892697
0.051057
-0.088473
-0.849666
0.311686
0.379009
0.075716
-0.118992
0.027436
0.612354
0.738639
0.757195
-0.983032
0.551317
-0.775872
-0.428510
-0.661061
0.743950
0.947386
0.548692
-0.575304
0.048006
0.095798
0.121616
0.130039
-0.250343
-0.391888
-0.390118
0.024751
-0.116245
-0.040254
-0.094455
-0.646046
-0.011872
-0.182653
-0.194128
-0.758232
-0.718802
0.966247
0.856197
-0.082308
-0.447615
-0.545946
0.880795
-0.772454
0.336955
-0.235267
0.728629
0.943724
0.053499
-0.364727
-0.648366
-0.635731
-0.878353
0.344646
0.297281
0.331095
-0.752800
0.689322
-0.095676
0.915708
0.220985
0.815180
-0.990051
0.583117
0.536424
-0.005219
-0.702322
0.618091
0.422712
-0.455061
0.190039
0.485519
0.659597
0.779595
-0.563341
-0.546800
0.693228
-0.895871
0.508713
0.510422
0.011444
0.628285
0.139195
-0.886654
0.182226
0.585742
-0.629994
0.017853
0.143468
-0.436384
0.066805
-0.060091
0.815546
0.865596
-0.566088
-0.954711
0.578478
0.416669
-0.706900
0.582202
0.790643
-0.729606
-0.327372
0.752617
0.608509
-0.825373
-0.589587
-0.819452
0.950438
0.498459
0.362651
-0.718802
0.456343
0.058077
-0.317606
-0.914853
-0.718925
-0.460677
0.779168
0.542222
-0.827570
-0.166784
0.920408
-0.380413
0.302103
-0.338176
0.591479
-0.148289
0.118625
-0.630970
-0.722648
-0.664968
0.128086
0.108249
0.356243
-0.037873
-0.610340
0.019562
-0.319376
-0.596362
0.404767
-0.157750
-0.537889
0.736625
-0.695486
0.589770
-0.398602
0.129795
0.130528
-0.442000
0.836726
0.825434
-0.538072
-0.667653
-0.523240
0.656301
0.791864
-0.078524
-0.301553
0.741081
0.381085
0.356914
0.891659
0.535752
-0.780084
0.999207
0.707938
0.059969
-0.870846
-0.798578
-0.158910
-0.617237
0.156041
-0.569262
-0.520188
-0.772637
0.537889
0.284951
-0.154576
0.513291
-0.113376
-0.680776
-0.790948
0.146153
0.936460
-0.482467
0.079989
-0.662404
0.050874
0.511887
0.235572
-0.584216
0.992370
0.816523
-0.406781
-0.032014
-0.532029
-0.938658
-0.205908
0.268288
0.404340
-0.377789
-0.898373
-0.801202
-0.724784
-0.684622
0.013031
-0.161229
0.799432
-0.104770
0.623646
-0.246376
-0.320963
0.491317
0.960997
-0.381146
0.147069
0.471114
-0.302713
-0.897214
0.967467
-0.079623
-0.118809
-0.818232
0.285257
-0.302286
0.370281
-0.049287
0.106845
-0.627064
0.245705
0.325968
-0.580859
-0.044343
0.674673
-0.296609
-0.268960
0.116428
0.072665
0.919492
-0.656178
0.477157
-0.056856
0.837458
0.886532
0.833308
-0.926145
0.416791
-0.419416
0.168310
-0.952147
-0.497543
0.652333
0.096652
-0.463729
-0.766350
-0.344768
-0.056734
0.883175
-0.774407
-0.250526
-0.860652
-0.131077
-0.029878
0.657399
0.495895
0.757866
-0.728019
0.675588
0.880917
0.175817
0.241737
-0.038362
-0.151158
-0.683645
-0.283731
0.831904
-0.627369
-0.778680
-0.489731
0.200049
0.613025
-0.952513
-0.943724
-0.338603
-0.118381
-0.805719
-0.987243
0.097324
-0.074679
0.640187
0.884335
0.691763
-0.161168
-0.320292
0.653127
-0.224586
-0.346721
0.209998
0.965575
-0.767083
0.523179
-0.857112
0.298135
-0.970092
-0.082247
0.432600
0.362468
-0.183935
-0.360271
0.908872
0.560961
-0.995483
-0.523484
-0.537461
-0.464034
0.829340
0.140782
0.253456
-0.922239
0.199866
-0.418561
0.657765
-0.774407
0.556200
0.265664
0.979553
0.247230
-0.782159
-0.733757
-0.742302
0.569079
0.435102
0.473739
-0.118442
-0.626942
-0.430525
0.685171
0.526963
0.364910
-0.062777
-0.031220
-0.586230
-0.068392
0.339702
-0.703604
-0.863765
0.257302
0.942503
-0.742973
0.857295
-0.188879
0.196509
0.641896
0.612720
-0.763848
0.451949
0.013703
-0.999817
0.355022
-0.435224
-0.249672
-0.204688
-0.912839
0.197974
-0.624866
0.876766
-0.880978
-0.011811
0.196326
0.691885
-0.132420
-0.465194
0.263161
-0.191748
-0.290994
0.402264
-0.377728
0.794244
-0.923338
0.612781
0.291726
-0.633961
-0.232521
0.330546
-0.420759
-0.294168
-0.747490
-0.066744
-0.068270
-0.177404
0.516526
-0.016755
0.581591
0.462569
0.944151
0.564684
-0.355449
0.181921
-0.060030
0.098483
-0.832942
0.135716
-0.813227
-0.888058
-0.325724
-0.579760
0.468673
0.986877
0.932920
0.780999
0.667592
0.832636
-0.119541
0.083712
0.733512
0.718619
-0.174718
0.054170
0.452559
0.798761
0.950682
0.706534
-0.431623
-0.107212
0.297342
0.653981
0.131626
-0.960082
-0.215918
-0.975158
0.630177
-0.634999
-0.215918
-0.286843
0.069246
-0.596301
0.820063
0.823176
0.894772
-0.768609
0.744987
0.152135
-0.457808
0.243446
-0.204688
0.648793
-0.695364
-0.025788
-0.693594
0.596973
-0.822748
-0.650258
-0.764641
0.212806
0.488327
0.831538
-0.708365
0.076388
-0.657643
-0.977050
-0.322367
0.338115
-0.067660
-0.345744
-0.628162
0.884457
0.012543
-0.017853
-0.672353
-0.433210
0.762810
-0.752556
-0.258278
0.217627
0.973937
0.397443
-0.884274
-0.667531
0.327128
0.217444
0.006561
-0.914609
0.185949
-0.126865
-0.664296
-0.388104
-0.292825
-0.327372
-0.948973
-0.831599
-0.209998
0.748955
-0.819697
-0.366497
-0.269814
0.000214
0.715201
0.454756
0.138890
0.833613
0.395734
-0.681570
-0.033174
0.379681
0.647877
-0.538743
0.520371
-0.468490
0.866817
0.341838
-0.040193
0.950133
0.869625
0.579882
-0.060335
0.132664
0.003388
-0.710501
0.446089
-0.286477
-0.194006
-0.255959
0.029756
-0.718863
0.761345
-0.729545
-0.875423
0.877499
-0.210059
-0.584033
0.715506
-0.426984
-0.535020
0.422224
-0.687551
0.544359
-0.661733
0.813410
0.541490
-0.248512
0.120029
-0.784967
0.414777
0.809259
0.369304
0.982910
-0.388409
0.804437
-0.977477
0.343181
-0.608386
0.457015
0.985656
-0.032258
0.289956
-0.908689
-0.184118
0.984008
0.502060
-0.816950
-0.462691
-0.041169
0.349956
0.800470
0.973632
0.780877
0.653920
-0.959593
0.789117
0.244911
0.560350
-0.549486
-0.271401
-0.055391
0.215857
0.920408
-0.255776
0.724235
-0.843013
-0.695425
-0.913450
0.211158
0.735588
0.657949
0.656301
0.155492
0.348979
0.868038
-0.320414
-0.880367
-0.834162
0.129429
-0.965758
-0.567431
-0.143406
-0.662343
0.474899
-0.024140
-0.815119
-0.443464
-0.829279
0.900754
0.880795
-0.654775
0.800348
0.394269
0.104038
-0.088351
-0.306192
0.929868
0.319315
0.836604
-0.551195
-0.048189
0.572985
0.942320
-0.655019
0.057100
0.826838
0.807001
-0.767449
-0.637074
0.258889
-0.554491
-0.326395
0.796319
-0.937864
0.212073
0.896603
-0.319071
-0.555895
-0.964537
0.717338
0.272439
0.782586
-0.288797
0.623585
0.205786
0.667470
-0.945311
-0.616932
0.933836
-0.545640
-0.709464
-0.327494
0.758660
-0.411847
-0.832881
-0.463240
-0.457991
0.685049
0.968200
0.570544
0.056795
0.537217
0.760674
-0.867306
0.598987
0.690420
0.329630
0.440229
0.405805
0.420637
0.251808
0.546739
-0.766472
-0.697989
-0.270913
-0.395856
-0.790033
0.043428
-0.510239
-0.079073
-0.304971
-0.625965
0.371563
0.671987
-0.142735
-0.486251
0.889218
-0.872188
-0.149144
0.322184
0.208960
-0.462264
0.886166
-0.761589
-0.855037
0.928220
-0.239174
0.720939
-0.331767
-0.135105
0.335734
-0.277932
-0.643605
-0.130406
-0.944090
0.704520
0.585864
0.339640
-0.231971
0.457625
-0.146886
-0.280313
-0.271706
0.383282
0.650807
-0.403790
-0.665578
-0.604724
-0.721549
-0.533921
-0.980346
0.686331
-0.797052
0.732353
-0.502915
-0.766106
0.753166
0.812189
-0.414716
0.741874
0.462325
-0.784722
-0.649648
-0.653920
0.033601
-0.829829
0.394269
-0.843379
-0.113010
-0.141820
0.839412
-0.880551
0.827448
-0.434309
0.264748
-0.420454
0.676260
0.489486
-0.291543
0.775750
-0.236427
0.245033
-0.239051
0.216468
-0.308878
-0.631764
-0.880306
-0.974364
-0.801386
0.932371
-0.319315
-0.779229
-0.964415
-0.440718
-0.320414
-0.906247
0.170263
-0.775384
0.046419
0.606738
0.180761
-0.989257
-0.280923
0.444441
-0.180212
0.231727
-0.470504
-0.868709
-0.914670
0.547655
0.402997
-0.019623
0.320658
0.701956
-0.604419
0.882931
0.814570
-0.486923
-0.759880
-0.684683
-0.096469
0.123020
0.341594
0.284036
-0.728690
-0.590503
-0.129978
-0.204566
-0.559252
-0.212561
-0.700735
0.779901
0.540208
-0.235511
0.185339
0.841670
0.514084
0.071444
-0.070833
-0.024262
-0.540880
-0.661367
-0.734062
-0.778680
0.410566
-0.041169
-0.264504
0.813288
-0.549852
0.585314
0.242531
-0.258095
-0.135044
-0.285623
-0.761040
0.306375
0.329264
0.474044
-0.794183
0.767388
0.475692
0.251747
-0.073458
0.662038
-0.855953
-0.159337
-0.124241
-0.258095
-0.382244
-0.961303
0.000946
0.433882
0.522935
-0.520554
0.639943
0.518479
-0.736259
-0.715018
-0.417463
0.647267
-0.663747
-0.804193
0.143956
-0.096957
-0.229652
0.377544
-0.542161
0.876095
-0.525315
-0.631031
0.011750
-0.228431
0.394391
0.044038
0.437910
0.687490
0.772759
0.329386
0.566210
-0.206030
-0.260781
-0.826228
-0.285257
-0.683401
0.308573
-0.247658
0.021699
0.691885
-0.982482
0.943480
-0.817866
-0.946226
-0.638356
-0.935545
0.682363
0.518296
-0.069857
0.446699
0.932554
0.928037
-0.852657
0.778497
-0.692618
-0.325419
0.180273
0.967467
-0.533555
-0.153966
-0.205420
0.041414
-0.820856
-0.586413
-0.807611
-0.949644
-0.259926
-0.481185
-0.899899
0.803156
-0.107822
0.516343
-0.398846
-0.079928
0.323649
0.717521
-0.792779
-0.788446
0.409040
0.325663
0.955443
0.128086
0.641408
0.371563
-0.849727
-0.654775
0.291543
-0.443159
-0.673269
-0.689261
-0.625660
0.401837
-0.026460
-0.476363
0.539903
-0.924558
0.377117
0.111606
-0.822687
-0.073214
0.667104
0.973693
-0.098788
0.559801
-0.645314
-0.609546
-0.140782
-0.646352
-0.095126
0.309488
-0.496750
-0.891476
0.601489
-0.761589
-0.043794
-0.988464
-0.862911
0.118320
-0.577013
-0.915891
-0.580004
-0.410993
-0.458602
0.065706
0.978515
0.844234
-0.913327
0.564257
-0.548753
0.857540
0.415143
0.010285
0.068026
0.789056
-0.295877
-0.852107
0.025605
-0.557726
-0.383526
0.684927
0.574267
-0.127537
0.614795
-0.927610
0.599292
0.954283
-0.482711
-0.290017
0.713431
0.349956
-0.208045
0.157384
-0.376385
-0.059420
-0.211890
-0.549669
-0.423933
-0.091220
-0.906186
0.669179
0.649953
-0.568468
-0.051607
0.504929
-0.095737
-0.013276
-0.744743
0.095614
-0.646290
0.320597
0.483444
0.003510
0.565233
0.024323
-0.014252
-0.621082
0.394024
0.768365
0.684622
0.542283
-0.610401
0.020417
0.502304
0.432295
0.762017
0.755974
-0.181310
0.482040
0.432234
-0.741630
0.135838
0.531480
0.448775
0.665944
0.677541
-0.214393
0.716971
0.991699
0.926817
-0.005463
-0.693350
0.644032
-0.026032
-0.861812
0.808161
-0.448225
-0.434980
0.532517
-0.215125
0.682852
-0.770379
0.390423
-0.494858
0.247597
0.956908
-0.895322
-0.314859
-0.321879
0.256081
0.687918
0.343120
0.677114
0.089267
-0.227271
-0.973083
0.823176
0.886593
-0.810236
-0.403912
0.877194
-0.170751
0.230934
-0.746086
0.927305
0.124912
0.880673
-0.242531
0.025971
0.642140
0.545701
0.514084
-0.665578
0.565172
0.167943
-0.551805
-0.911069
-0.348064
-0.292276
0.456893
0.794549
-0.981079
0.058321
0.302164
-0.733757
-0.189795
-0.057527
-0.992187
0.893124
0.785577
0.023530
-0.582812
-0.990295
-0.932371
-0.243873
0.394086
-0.221900
0.415815
0.651784
0.385907
-0.286599
-0.252419
0.119785
0.197058
0.869747
-0.860103
0.239662
0.142369
-0.849849
-0.124119
-0.130650
0.767937
0.001679
-0.069857
0.079806
-0.330790
0.831782
0.108005
-0.728446
-0.547411
-0.732231
-0.236549
-0.207373
-0.736320
0.600330
-0.328898
-0.449263
0.330851
-0.056795
0.272683
0.948363
-0.141636
0.454878
-0.147740
0.808405
-0.368145
-0.811518
-0.775201
0.504257
-0.725578
-0.413007
0.891354
0.666128
-0.431867
-0.833796
0.756279
0.472091
-0.696951
0.426252
0.565050
-0.974059
0.089389
0.638417
0.788018
0.930296
0.785089
0.890683
0.229896
0.294290
0.905698
-0.199927
0.933103
0.725639
-0.609485
0.021149
0.028535
0.823725
-0.646474
-0.949156
0.640187
0.673391
0.043611
0.391400
-0.745903
-0.277200
0.030671
-0.431501
-0.917539
0.554735
0.563524
0.246132
-0.168188
0.078585
0.740043
0.657460
-0.412214
-0.176550
-0.874813
0.261330
0.440352
0.469710
0.455672
-0.640309
0.578356
-0.930235
0.416852
-0.178442
0.603870
0.024323
-0.494858
-0.618885
-0.533616
-0.661306
0.899838
0.680227
0.331828
-0.420331
-0.690481
0.101535
0.397565
-0.785333
-0.868831
-0.642079
0.905820
-0.669790
-0.932005
0.824946
-0.462569
0.341594
-0.874264
0.821406
0.110324
0.978576
-0.661000
-0.225074
0.266152
-0.980651
0.189428
0.359539
0.557848
-0.279153
0.691031
-0.104526
-0.324320
0.684622
-0.222266
-0.861934
-0.422712
0.368694
0.468673
-0.224097
0.903256
-0.565050
0.772454
-0.230201
-0.734550
-0.963500
-0.747185
-0.341838
-0.771233
0.747795
-0.571093
-0.516160
-0.448042
-0.143284
-0.292398
0.881954
-0.168615
-0.073702
-0.628346
0.242470
-0.091037
-0.084689
-0.934996
-0.580859
0.359722
0.346110
0.491684
-0.907895
0.186865
0.524644
-0.423994
0.696097
-0.126255
0.594348
-0.213172
-0.083102
0.962401
-0.700308
0.374371
0.421674
-0.490280
0.256630
0.575610
0.011383
0.654958
-0.529954
0.049409
0.133702
-0.874508
0.043306
0.545213
0.586535
-0.562059
0.585070
-0.586413
0.784295
-0.124607
0.422834
0.137059
-0.226966
0.989013
-0.063021
0.568529
0.267312
-0.895322
-0.210120
-0.034455
0.988586
0.814753
-0.855403
0.302347
-0.317240
0.497909
0.086154
-0.794733
-0.592822
-0.377056
-0.371014
-0.903012
0.309915
0.058382
0.110752
0.139378
0.950743
0.995178
-0.880612
-0.560961
0.846065
-0.085482
0.824824
0.250038
-0.812738
-0.970580
0.735160
-0.387738
-0.219764
0.540452
0.647023
-0.256569
0.097873
-0.309977
0.231300
-0.185278
0.974548
0.013520
0.060579
0.612598
-0.012299
-0.348308
-0.493088
-0.978759
0.873714
0.174535
-0.237526
0.677114
0.018097
0.713553
0.611805
-0.938108
-0.757866
0.264931
-0.826777
-0.223304
-0.691092
-0.311441
-0.230873
-0.577624
0.396222
0.789300
0.502915
-0.972839
0.958739
0.433515
0.964110
-0.041231
0.932493
-0.125034
0.201086
-0.487838
-0.282937
-0.835994
0.064852
0.023225
-0.058138
-0.226783
0.984741
-0.143406
0.877010
0.322916
-0.390973
0.767815
-0.730827
0.687857
0.430708
0.661977
-0.854732
-0.613941
-0.292276
-0.069613
-0.816889
0.904111
-0.350688
-0.648000
-0.179724
0.037385
-0.494003
0.494797
0.123569
-0.674184
0.527085
-0.868892
-0.100620
-0.881588
0.903806
-0.310282
0.306497
-0.673879
0.949034
-0.400983
0.364483
0.243263
-0.579638
0.226600
0.141636
0.219886
0.597400
-0.278176
-0.869442
-0.824213
-0.945799
0.838557
-0.813898
0.822687
0.769646
-0.663442
-0.282083
0.093661
0.310282
0.545396
-0.499313
-0.586535
0.416669
0.961241
-0.580248
0.029878
0.887082
0.463179
0.873409
-0.186926
-0.035493
-0.209876
-0.115574
-0.605579
-0.991699
0.659780
-0.533677
-0.349956
-0.052217
0.500412
0.198035
-0.080782
-0.842647
-0.945555
-0.469832
-0.769646
-0.063265
-0.715201
0.112583
-0.968383
-0.998962
-0.734550
0.490463
0.969359
-0.779229
-0.637806
-0.477279
-0.457991
-0.605884
-0.365337
-0.331462
0.423078
0.928892
0.875301
-0.310404
-0.360210
0.163121
0.840510
-0.145238
0.429853
0.756523
0.660573
0.464400
0.032075
-0.396771
0.521287
-0.536729
0.304788
-0.855647
0.070162
-0.331278
-0.677175
-0.373760
0.875546
-0.917783
-0.027619
-0.140233
-0.108798
0.310770
-0.876095
0.809687
0.656972
-0.375042
-0.472457
0.371258
0.161351
-0.146031
-0.343852
-0.725578
-0.543504
0.849422
-0.658620
-0.490890
-0.149083
-0.792901
0.533982
0.816889
0.801630
-0.064425
-0.395428
0.117649
0.916379
0.550890
0.889706
-0.775384
0.707327
0.506333
-0.222571
0.925413
-0.582568
-0.821223
-0.578173
-0.571886
-0.092990
0.902036
0.942686
0.164037
0.605518
0.456648
0.384259
-0.211402
0.038362
-0.142735
0.242042
-0.369182
-0.102939
0.264321
0.864376
0.637989
0.157933
0.519822
-0.898740
0.080660
0.778680
-0.882015
0.761101
0.028047
-0.290506
-0.640187
-0.051912
-0.676809
-0.815302
-0.560045
-0.249184
-0.556078
0.297525
-0.616260
-0.801874
-0.430464
0.895199
-0.981262
-0.185583
-0.028474
-0.041658
-0.705435
-0.824702
-0.204688
0.198096
0.843806
0.961913
-0.632557
-0.139805
-0.631520
0.169897
-0.716666
-0.672170
0.381024
0.232948
0.788079
0.786248
-0.937010
0.154027
0.393170
0.934385
-0.186071
-0.874508
-0.666066
0.618030
0.313761
0.267983
0.765374
-0.098605
-0.098605
-0.172948
0.934080
-0.006378
0.966674
0.375164
-0.917417
-0.354228
0.151463
-0.558336
-0.463057
0.510910
0.607288
-0.558947
0.490219
0.327128
0.106113
-0.010041
0.980285
-0.700186
0.277749
0.293497
0.220252
0.203589
0.973937
-0.693716
-0.865108
0.340983
-0.405744
0.933409
0.989624
-0.191504
0.580432
0.276833
0.836848
0.406537
-0.084078
0.847224
0.708914
0.908872
0.784234
-0.988281
0.215369
0.443159
-0.217566
-0.348796
0.751396
-0.965941
-0.307169
0.932920
0.720695
-0.545091
-0.833674
0.967162
-0.962951
0.837458
-0.120029
0.451033
0.682608
-0.371868
-0.001679
-0.722526
-0.099826
0.394269
-0.943968
-0.856380
0.726737
0.651967
-0.767571
0.849910
-0.823786
-0.269326
-0.976989
-0.220130
-0.082675
-0.586535
0.802728
0.019013
-0.984863
-0.874447
-0.941954
-0.927061
0.869259
-0.730461
0.043428
0.601306
0.840327
-0.364299
0.456526
0.423383
0.109775
0.283792
0.534959
0.247230
0.454634
0.781610
0.941771
-0.662832
0.845332
-0.940977
0.506027
-0.071261
0.791253
0.830317
-0.041475
0.984130
0.818964
-0.750237
-0.721305
0.413068
-0.607776
-0.900388
0.003510
-0.199805
0.421430
0.308939
-0.367229
0.610828
0.869503
0.144993
-0.160985
0.242531
0.056429
0.534959
0.845943
0.473495
0.230628
0.928220
-0.963439
0.378094
-0.520432
0.285684
0.411542
-0.856075
-0.906186
0.715934
0.618946
-0.644093
0.762993
-0.393414
0.886593
0.065828
-0.946654
0.783685
0.894772
-0.428449
0.529893
0.243263
0.987304
0.089633
-0.662709
-0.952208
0.901059
-0.860469
0.635792
0.633839
0.172887
-0.266457
-0.475448
-0.135228
-0.205054
0.644032
-0.598193
0.183996
0.714835
-0.873592
0.825190
0.531907
-0.730033
-0.728446
0.149571
0.240699
-0.099887
0.862117
0.981079
0.515183
0.027924
0.069369
-0.204871
0.031953
0.420331
0.001617
-0.571825
0.637867
0.204871
0.733451
0.292764
0.925840
0.838923
0.196448
-0.851009
-0.285195
0.920774
-0.264443
0.605274
0.361980
-0.530747
0.784051
0.165990
-0.032075
0.852535
-0.451582
0.035859
-0.436995
0.346782
-0.574755
-0.762871
-0.929380
0.023957
0.910947
0.176000
0.782586
-0.063021
0.766533
-0.560106
0.228980
0.030610
-0.932066
0.208594
-0.658193
0.718131
0.168432
0.124729
0.912046
0.446333
0.959349
-0.579821
0.703299
-0.585925
-0.134068
0.847957
0.419294
0.041719
-0.806269
-0.589221
-0.449324
-0.943541
-0.993652
-0.165136
-0.057772
0.964721
0.458357
-0.948973
0.108737
-0.498276
0.709952
0.079257
-0.486251
0.228736
0.757561
0.642201
0.824885
0.206641
-0.143895
-0.042268
0.530259
-0.650502
0.143345
-0.601306
-0.241127
0.554125
-0.731498
-0.311075
-0.695608
0.504990
-0.302347
-0.889584
-0.281716
0.268777
-0.454451
0.610401
-0.062593
-0.613086
-0.712394
-0.899838
0.327860
0.963500
0.863826
0.354595
0.365215
0.154088
-0.607166
-0.222755
0.217750
-0.447676
-0.927427
-0.648732
-0.250771
-0.451033
0.761467
-0.171178
0.278848
0.958251
0.166540
-0.028596
-0.918271
-0.504440
-0.977721
0.761162
-0.060823
0.472579
0.264138
-0.298685
0.726737
0.551195
-0.906064
0.657888
0.018769
-0.381451
-0.000763
0.294290
-0.163915
0.645863
-0.369366
-0.028535
-0.803888
0.929258
0.205054
-0.895993
0.162511
0.672903
0.444197
0.082369
0.487228
0.856258
-0.306253
0.034028
-0.116001
-0.075533
0.500473
0.527879
-0.096530
-0.482345
-0.068514
0.388043
-0.046480
0.186743
0.790582
-0.764153
0.304727
0.562243
-0.714957
-0.003143
-0.900082
-0.374065
-0.690054
-0.276833
0.437666
-0.509690
-0.981567
-0.812677
-0.544115
-0.725578
-0.447798
0.402936
-0.256081
0.701834
-0.274270
-0.796869
0.028169
-0.060762
0.467208
0.377789
0.005890
-0.085116
-0.116184
-0.956847
0.168981
-0.398114
-0.261025
-0.149449
0.807062
0.487289
0.542344
-0.624073
0.911740
-0.859981
0.841426
0.641041
-0.820368
-0.182043
-0.230995
0.586352
-0.529344
-0.853267
-0.397504
0.610584
0.216346
-0.842158
0.938475
-0.936583
-0.727775
-0.344829
0.288858
-0.029939
-0.441694
0.882565
0.300638
0.473922
-0.347453
0.864803
0.166417
0.873165
0.020051
0.612476
-0.660207
0.359783
0.712882
0.389996
-0.172460
-0.930479
0.083285
-0.659291
-0.512436
-0.551012
0.020234
0.456587
0.766167
-0.829951
0.486984
-0.113498
0.235389
0.142857
0.007355
0.945799
-0.188330
0.849422
-0.696707
0.405683
0.843257
-0.227882
-0.348491
-0.529160
-0.124973
-0.812983
-0.594104
-0.966552
-0.435835
0.562792
0.663686
0.697623
-0.977599
-0.792657
-0.810419
-0.284280
-0.726493
0.325968
0.211646
0.809259
0.497360
0.423688
0.806879
-0.198706
0.774407
0.901364
0.502487
0.860958
-0.177587
0.955992
-0.120212
-0.425153
0.340617
-0.503098
-0.232704
-0.609058
0.296976
-0.091159
0.760247
-0.457564
0.846553
-0.191687
-0.048799
0.488693
0.842158
-0.587451
-0.021943
-0.811701
0.499313
0.255776
0.945494
-0.866329
-0.763970
-0.578112
0.056856
-0.140538
0.370830
-0.839045
0.729911
0.367290
-0.803156
0.932127
-0.595386
-0.926817
-0.284890
-0.805231
-0.399152
0.391034
0.194983
0.900510
-0.918271
0.539598
0.743889
0.971618
-0.536058
0.431074
-0.562731
-0.076449
0.765557
-0.772454
-0.765007
0.891232
0.604663
-0.827326
-0.073397
0.802484
0.246193
-0.680654
0.908078
0.772881
0.219520
-0.125828
0.752068
0.657155
0.067049
-0.807855
0.416852
-0.316141
0.283303
0.336894
-0.609180
0.786126
-0.600085
0.874264
-0.516953
-0.711600
0.075716
0.436323
-0.640919
0.404645
-0.068270
-0.717887
0.280435
0.229713
-0.166478
0.951476
-0.534654
0.465316
0.167760
-0.215247
0.052034
-0.548448
-0.820185
-0.845454
0.070345
0.813593
-0.595996
-0.631825
0.211341
-0.639332
0.485397
0.146153
0.271523
0.369610
-0.924741
-0.092990
-0.739738
0.920713
0.044404
-0.142918
0.757256
-0.008454
-0.075045
0.716178
0.830805
-0.327494
-0.161718
-0.189428
-0.411847
0.181310
0.419111
0.929746
0.731437
0.523057
-0.398236
-0.627979
0.005768
0.182348
0.294778
0.743522
0.053255
0.437056
-0.024201
-0.653005
-0.156529
0.180456
-0.104770
0.618519
0.638356
-0.896359
-0.464156
-0.387066
0.455977
-0.025300
0.964843
-0.084506
-0.859737
0.206397
-0.956297
-0.700430
-0.691214
0.131504
0.473983
-0.616871
0.841914
0.773186
0.095431
0.690847
-0.390790
-0.667592
0.694693
0.063204
-0.555834
-0.358013
-0.022004
-0.181372
-0.107089
-0.590930
0.726005
-0.991272
-0.934996
-0.225684
-0.826777
0.672720
-0.671682
0.489059
-0.318033
0.392865
-0.929258
0.839167
0.284219
0.032136
0.853267
-0.424116
0.796808
-0.017304
0.318461
0.134556
0.083712
-0.679556
0.951170
-0.400250
0.928037
0.878414
-0.752129
-0.463179
0.852962
0.329875
-0.113926
0.926084
0.641957
0.312540
0.268654
-0.998657
-0.393048
0.701651
0.177526
-0.091708
0.484237
0.659047
-0.477523
0.775140
-0.378277
-0.538011
0.635121
-0.295267
-0.127537
-0.812067
-0.122654
-0.489853
-0.973693
-0.284158
0.171056
0.900571
0.155370
0.864742
-0.310343
0.317118
0.117893
-0.241554
-0.956725
-0.047456
-0.042940
-0.344584
0.433699
-0.810846
0.240761
-0.058443
0.474654
-0.697439
-0.036897
-0.863704
0.424604
0.882382
-0.568163
-0.014496
0.232032
-0.039705
0.039766
-0.187292
-0.591479
-0.927732
-0.147191
0.748222
-0.429487
0.128391
0.620472
-0.521409
0.303385
-0.003876
-0.235511
-0.950072
0.885434
0.417768
-0.548204
0.044649
-0.482101
-0.947508
0.451460
0.617176
0.645619
-0.170507
0.046297
0.087619
0.716300
-0.731437
0.102634
0.191748
-0.223182
-0.610096
0.436811
-0.845576
-0.402692
0.621021
0.007416
-0.174718
-0.158849
-0.073214
0.702078
-0.281961
0.819941
-0.255654
-0.197119
-0.510849
0.561083
-0.143223
0.910215
-0.102878
0.649831
0.097201
-0.372600
-0.029206
-0.293374
-0.193762
0.670705
0.312906
-0.495407
-0.465072
0.570666
-0.678701
0.234657
-0.119907
0.397809
-0.386334
-0.341166
-0.187536
0.638478
-0.869076
0.223365
-0.012299
-0.946043
-0.127720
-0.984191
-0.638661
-0.163366
0.942137
-0.104221
-0.039583
0.666250
-0.167760
-0.109897
-0.287881
-0.722343
-0.438765
-0.356548
-0.869625
0.298013
-0.129246
0.087497
0.765923
-0.920835
-0.759453
0.611927
0.598498
-0.156529
0.531175
0.704520
0.807489
-0.714591
0.749077
0.840571
0.167943
0.363445
-0.351115
0.050569
0.884823
-0.180334
-0.483810
0.188025
0.932249
0.245338
0.682180
-0.254128
0.314676
-0.943175
-0.246254
-0.864071
-0.151036
0.784906
0.514389
-0.923765
-0.589526
-0.627125
0.232521
0.689688
-0.777520
-0.612537
0.908139
0.992676
-0.806635
0.583239
0.692373
0.522507
0.394940
-0.062838
-0.101108
0.505844
0.223487
0.279458
-0.245399
0.481735
0.708060
-0.446577
-0.890683
-0.050203
0.552965
-0.504501
-0.264260
-0.674795
-0.333476
0.746696
0.862911
-0.559801
-0.686636
0.139256
0.520310
0.293069
-0.388592
0.282327
0.400555
-0.952452
-0.891171
0.102634
0.354045
-0.532701
-0.778558
0.610645
-0.218787
-0.482223
-0.762993
-0.020295
-0.551073
0.692923
0.155126
-0.938047
0.973571
0.653493
0.752007
-0.095614
0.390301
-0.182104
-0.048311
0.706412
-0.103793
0.090548
-0.647877
-0.709769
-0.702628
-0.673879
0.461898
0.144261
0.300882
-0.925962
-0.612293
-0.798517
-0.749077
-0.128330
0.980834
-0.271157
-0.885861
0.989074
0.149754
0.915281
0.725578
0.781915
-0.473312
0.898801
0.562975
-0.333110
0.516282
-0.440962
0.401349
-0.374371
0.713981
0.503891
0.243812
-0.536424
-0.340800
-0.604358
-0.749077
0.749443
0.116855
0.056124
-0.643544
-0.210669
-0.487594
0.238624
0.960936
-0.987854
0.343120
0.821223
0.960387
0.581957
-0.938963
0.580493
0.276894
-0.080477
0.302957
-0.618397
-0.603198
-0.704764
-0.361675
0.480697
0.077914
0.208350
0.174169
0.001740
-0.343791
0.330607
-0.230079
-0.671255
0.053194
-0.968444
0.248634
0.423200
-0.190161
0.304666
-0.382000
0.066683
0.436140
-0.635426
0.940733
-0.249489
0.261635
0.296182
0.050508
0.809503
-0.934324
-0.712088
0.788812
-0.310465
-0.917356
0.890744
0.268777
-0.213660
0.517563
0.944395
-0.408490
0.569140
0.340251
-0.458235
0.645436
0.513413
0.628834
0.530198
-0.381024
-0.336650
0.730033
0.114963
0.796197
-0.140233
-0.119175
0.935850
-0.178014
-0.586901
-0.977966
0.852779
-0.418195
0.506760
0.666066
-0.671133
0.931883
-0.228065
0.511948
0.289407
-0.587146
-0.982543
-0.071444
0.934996
0.873592
-0.499252
-0.520188
-0.457747
0.073031
-0.061251
0.651784
-0.957091
0.284890
0.330058
0.798334
0.234046
0.494552
0.114780
-0.743034
-0.481613
-0.941527
0.555467
0.775323
-0.206458
0.183874
0.954649
-0.890805
-0.438826
-0.097507
0.290017
-0.813410
0.272134
-0.751030
0.141758
-0.040925
0.916135
0.647511
-0.642689
0.051180
0.168004
-0.389996
-0.116245
0.804010
-0.053804
-0.824580
-0.362346
-0.808466
0.673879
-0.940062
-0.669424
0.259499
-0.708731
0.858516
-0.661916
0.132664
-0.080905
-0.007782
0.966735
-0.799188
-0.151097
0.403790
-0.983215
-0.859188
0.603137
-0.409284
-0.103000
0.123386
-0.558702
-0.646657
-0.160375
-0.639698
-0.660573
0.398358
0.301920
0.058016
0.614978
-0.902524
-0.980956
0.108737
-0.924375
-0.688833
-0.491256
-0.393292
-0.666250
0.423750
0.767510
0.427046
-0.640553
-0.621754
-0.778314
0.666128
-0.625721
-0.539048
-0.874081
0.659474
-0.391156
0.091525
-0.778253
-0.752251
-0.288553
0.073336
0.224647
-0.355937
0.737358
-0.876034
0.926817
0.097629
0.623280
-0.590503
-0.801386
-0.009369
0.287698
0.009064
0.792291
-0.868709
0.355632
0.404706
0.298990
0.957030
0.588916
0.654164
0.478561
-0.146092
0.141270
-0.503403
-0.855525
-0.328104
0.918516
0.384320
0.798395
0.305582
0.445906
-0.655812
0.785211
-0.387371
-0.634571
-0.018036
-0.133030
0.614429
-0.991028
0.477889
0.590014
-0.404828
-0.448775
-0.255287
-0.437544
0.856746
-0.353191
-0.977233
-0.842463
0.165075
-0.374310
0.931822
0.235084
0.314249
0.271706
0.996460
-0.604602
-0.431379
0.685171
0.884091
-0.100497
-0.928098
0.543199
0.646718
-0.758049
0.607959
0.993530
-0.877499
-0.550707
0.534227
-0.426069
-0.364910
-0.303568
-0.702139
0.989563
-0.950926
-0.691641
0.152501
0.334086
-0.932432
0.723869
0.712760
0.394391
0.843379
0.374798
0.287576
-0.782220
-0.032624
0.594348
-0.490646
0.687551
-0.048189
0.811274
0.777459
-0.496139
-0.314859
0.302835
0.367901
-0.611194
-0.256020
0.013092
0.236366
-0.658193
-0.523423
-0.185644
-0.721671
-0.154149
-0.438215
-0.448103
-0.876705
0.727226
-0.792352
-0.895505
0.909360
-0.729118
0.837031
0.194128
0.280374
0.314310
-0.197974
-0.793573
-0.740043
0.108554
0.984619
-0.427107
0.682119
0.613086
-0.672231
-0.570482
-0.388165
0.885800
-0.073885
0.282388
-0.361980
-0.077425
-0.259194
0.096835
0.274331
0.689871
0.194189
0.686941
0.955992
-0.986450
-0.405011
0.297708
-0.337016
-0.930052
0.021027
0.720267
0.693228
0.193884
0.155919
-0.362224
0.540269
0.446883
-0.326090
-0.990234
-0.336650
0.270913
-0.969970
0.780999
-0.260659
0.718925
-0.114902
-0.130222
0.918394
0.800470
-0.973083
-0.707633
-0.310587
0.415876
-0.528916
0.278481
-0.609790
-0.845149
-0.256264
-0.322245
0.900815
-0.785699
0.307901
0.879879
-0.600574
0.592578
-0.680593
0.067232
-0.997803
-0.577258
-0.919126
-0.076876
0.122044
0.412152
0.587695
-0.901181
-0.587756
-0.524644
-0.564135
0.926023
0.873165
-0.921140
0.395184
-0.867122
0.839045
0.979736
-0.020112
-0.730461
-0.290689
-0.121982
-0.462630
-0.328043
0.668630
-0.820490
-0.147313
0.666677
-0.181982
0.848079
0.621509
0.590442
-0.582812
-0.722770
0.573840
0.090670
-0.810114
-0.635914
