-0.843013
-0.141697
-0.101352
0.374126
-0.110141
-0.073031
-0.784600
-0.673208
0.963683
0.437422
-0.787042
-0.191687
0.449019
-0.559191
-0.827998
0.046541
0.669057
0.638661
-0.095309
0.180273
-0.106662
0.155370
-0.452742
-0.601306
0.680837
0.054292
0.696646
0.164953
0.116672
0.990234
-0.055513
-0.791559
0.225929
-0.362957
-0.749077
0.809748
0.158483
0.877560
0.073946
-0.321329
-0.376629
-0.085849
0.686453
0.153111
-0.337931
0.305826
0.991272
-0.138340
0.697134
0.615955
0.114597
0.791803
0.200110
-0.746941
0.063692
0.456709
0.004791
-0.591174
0.761467
0.073946
-0.032380
-0.884701
-0.459639
-0.542222
-0.697256
0.194861
0.452620
-0.545824
-0.451949
0.284707
-0.008271
-0.658315
-0.101718
-0.430464
0.454268
0.078219
0.515244
-0.056368
-0.560717
0.388531
0.770440
0.772393
0.321696
0.702261
-0.296121
0.450179
0.829829
-0.710074
-0.065157
-0.180456
0.020661
0.634510
-0.195715
0.447005
0.839534
0.577807
0.776177
0.404889
0.758538
-0.580065
0.348674
0.843074
0.730033
-0.240333
0.842402
-0.922361
0.906796
0.733024
0.501083
0.513169
-0.573168
0.420759
-0.174841
-0.062166
0.492660
0.844478
0.263283
-0.405683
-0.212867
-0.227271
0.141453
-0.601123
0.112339
0.391400
0.712821
-0.055147
-0.668996
0.183386
-0.014801
0.639760
-0.648610
0.587451
0.951476
-0.401776
0.480331
-0.350261
-0.592639
0.948607
0.594714
0.821772
-0.963622
-0.429182
0.806269
0.670644
0.269631
-0.976989
0.726798
0.373455
-0.774285
0.443403
-0.716117
0.012787
0.045686
-0.709525
0.298318
0.119968
0.485885
-0.767571
-0.600818
0.620289
0.488266
-0.297647
-0.450911
0.401288
0.638966
0.399213
-0.568102
-0.570238
0.819086
0.593677
-0.475753
0.150548
0.385418
0.775018
-0.356304
-0.111240
0.714164
-0.198157
0.673452
-0.292764
-0.880367
0.177770
0.876034
0.173498
0.907285
-0.297281
0.840754
-0.300333
-0.022553
-0.858821
-0.014740
0.446577
0.192541
-0.278298
0.159581
-0.290933
0.389935
0.590442
0.778497
-0.953612
-0.513169
0.372784
-0.989380
0.424421
-0.187536
0.961547
-0.928343
-0.345378
-0.719352
0.999451
0.952513
-0.422956
0.141453
-0.770806
-0.884823
0.324198
0.068758
0.409040
-0.454146
0.612415
-0.945372
-0.869442
0.239906
-0.681936
0.756951
-0.507981
-0.848750
-0.398175
0.444258
-0.225135
0.180883
0.065889
0.463729
-0.820795
-0.692923
0.769219
-0.744133
-0.098910
-0.415143
-0.236000
0.755364
-0.920591
0.083712
-0.645863
-0.797174
0.352763
0.592334
-0.848994
-0.125889
0.170751
0.972533
-0.572924
0.195044
-0.689016
-0.411237
0.890988
-0.022736
-0.944761
0.474166
-0.239357
-0.778191
-0.263222
0.015351
0.936949
-0.112705
0.087985
-0.641957
-0.960814
-0.538560
-0.212622
0.815302
0.582385
0.430830
0.503220
-0.290689
-0.275185
-0.980102
-0.126621
0.220923
0.304178
0.541490
-0.079928
-0.944029
-0.817866
0.803827
0.484115
0.024812
0.631153
-0.931761
-0.066683
0.407270
-0.131199
0.982360
-0.769524
0.336711
-0.879696
0.038911
-0.813349
-0.125584
0.617481
0.468978
0.964904
0.791375
0.861080
0.378338
0.139744
0.932798
-0.674429
-0.956542
0.163976
0.042390
-0.713187
0.846309
0.185888
-0.342448
-0.348369
-0.922300
-0.439375
-0.786920
-0.507736
0.441389
0.762871
0.723685
0.660207
-0.436628
-0.417646
-0.961547
0.035066
-0.869503
0.308634
0.279214
-0.421186
0.504990
-0.454085
0.538804
-0.810114
-0.041047
-0.126133
0.639454
-0.939573
-0.700919
0.525559
-0.928587
-0.270241
0.432905
0.057161
0.005524
0.596362
0.743278
-0.951598
0.130039
-0.257790
-0.886166
-0.849116
0.550584
-0.136876
-0.113071
0.502060
0.790216
-0.633839
0.103366
-0.941710
0.720084
-0.979614
-0.239418
-0.694815
-0.063570
0.134251
0.835383
-0.727103
-0.217994
0.795038
-0.551317
0.685537
0.623646
-0.551256
0.669179
0.118625
0.667714
-0.316446
0.292825
-0.292337
-0.394391
-0.366070
-0.661245
-0.398480
-0.983642
-0.883175
0.878842
0.403790
-0.333720
-0.561022
0.736076
-0.908383
0.345622
0.742119
-0.363140
0.179662
-0.750481
-0.729850
0.422163
-0.180944
-0.628101
-0.760796
0.162511
-0.581347
-0.958068
0.333048
-0.276772
-0.061800
-0.153356
-0.565722
-0.047761
-0.313761
0.040620
0.908017
-0.373089
-0.027436
-0.723624
-0.550157
-0.968261
-0.912534
0.865291
-0.455123
0.250038
0.172277
-0.449690
0.098178
0.157872
0.261940
0.791192
0.777703
0.102084
0.062349
-0.732841
0.279092
0.267495
-0.146641
0.892758
-0.323588
0.971007
-0.727958
-0.850398
-0.537645
-0.083956
0.745415
0.566332
0.918210
-0.174474
0.610340
-0.833186
0.544603
-0.981384
0.540880
0.580615
-0.327250
0.022431
-0.487167
-0.907590
-0.290201
-0.371441
-0.287942
0.969787
-0.079684
0.506272
0.561144
-0.397992
-0.696341
0.030915
-0.159337
-0.785821
-0.617847
0.860714
0.410321
-0.211707
0.884640
-0.914670
-0.394757
0.754570
0.413617
-0.691092
-0.597339
0.261635
-0.334880
-0.998291
0.395489
-0.955992
-0.723258
0.957518
0.838435
0.254555
-0.409345
0.970580
-0.112705
-0.823359
-0.874935
0.045930
-0.780999
-0.049837
0.731803
-0.788629
-0.328898
-0.839106
-0.325175
0.959777
-0.842036
-0.632374
0.535508
-0.846126
0.956481
-0.531724
-0.296670
0.220008
0.206641
-0.182409
0.009491
-0.220923
0.461898
0.396710
0.294717
-0.529038
-0.351909
-0.866878
0.777642
0.157994
0.251381
-0.630299
0.262490
-0.810846
-0.143468
0.893429
0.975646
0.461348
-0.596179
-0.284646
0.021393
-0.270791
0.998230
-0.701224
-0.977599
-0.607715
-0.045747
-0.501999
0.138951
-0.665151
-0.184973
-0.886959
0.232521
-0.785760
-0.562975
0.906247
-0.584643
0.246498
-0.916684
-0.665517
0.926511
-0.021821
0.849666
-0.504685
0.538560
-0.456465
0.042024
-0.113865
0.706168
-0.761834
0.408856
0.325053
-0.397565
0.807123
0.098727
-0.237526
-0.228492
0.830988
0.835200
0.321635
0.730705
-0.615345
-0.592578
0.566149
0.457991
0.574389
-0.181188
0.461043
-0.720756
-0.468673
0.784845
0.872616
-0.930235
-0.667104
0.624500
0.868099
0.612598
0.686270
0.803949
-0.421979
-0.707816
0.710623
-0.357219
0.682669
0.401410
-0.030732
0.038972
0.067293
-0.065035
0.084384
-0.752434
-0.743828
0.100314
-0.179296
0.327921
0.575976
0.411176
-0.939879
0.497543
-0.641408
0.647511
-0.516404
-0.301309
-0.039705
0.691885
0.369976
0.667165
0.295083
0.254738
0.131382
-0.131565
0.216163
0.585986
-0.090060
0.265114
-0.228309
-0.292398
0.378460
-0.588305
-0.527573
0.565783
-0.627491
-0.490219
-0.996216
-0.909848
-0.768548
-0.152074
-0.644093
0.792535
0.455367
-0.891537
-0.100620
-0.142918
-0.867367
0.880978
0.786431
-0.062105
0.387616
0.218909
-0.324625
-0.498276
-0.738578
0.882321
-0.989990
0.568590
0.788446
0.540147
-0.125340
-0.268288
0.041536
0.577746
0.527818
-0.891232
0.910886
0.456771
-0.323649
-0.185339
-0.360759
-0.813471
-0.244301
0.208289
-0.690298
-0.388897
0.246803
0.659658
-0.891232
0.916379
0.459456
-0.633595
-0.308023
-0.188574
-0.934507
-0.390362
-0.074923
-0.840083
-0.535142
0.844600
0.374920
0.446699
0.676199
0.325541
0.618030
0.356975
-0.317423
0.293191
0.814875
-0.918882
-0.415754
-0.972228
-0.141392
-0.789056
0.291299
0.974425
-0.870907
0.195532
0.904904
0.318888
0.530503
-0.613269
-0.802240
-0.321024
-0.349834
0.312357
-0.514817
-0.407392
0.342692
-0.201636
-0.391949
-0.119785
0.222449
-0.189978
0.321512
0.055513
-0.967162
0.698660
-0.950621
-0.603381
-0.806574
0.884701
0.076266
-0.215552
-0.952025
0.437910
0.194433
0.091403
0.438765
0.925474
0.265786
-0.322611
-0.160314
-0.787774
-0.638844
0.081027
-0.642079
0.188635
-0.222205
-0.767083
-0.885922
0.726737
-0.108737
-0.271340
-0.438826
0.863582
-0.468612
-0.266823
-0.670156
0.118076
-0.473678
-0.009796
-0.982421
-0.912412
-0.304056
0.536973
-0.502487
0.681997
-0.193274
0.287271
0.712027
0.137730
-0.537156
0.598560
-0.702322
-0.164464
0.637379
0.613819
0.730399
-0.338176
0.764519
0.446516
-0.264077
0.332438
-0.100009
-0.707266
0.353435
0.409284
-0.490646
0.972167
0.069185
-0.671255
-0.842830
0.359355
-0.956236
-0.172582
-0.902158
-0.211219
-0.468917
-0.717948
0.253945
0.018159
0.114536
-0.449629
-0.579089
0.460860
0.790155
-0.245033
0.959716
0.977172
-0.811884
-0.967528
0.006073
0.619861
-0.103488
0.647450
-0.970336
0.119114
0.552293
0.395062
-0.470321
-0.823969
-0.668630
-0.791375
0.121311
0.785760
0.145543
0.982299
0.688772
-0.091281
0.087374
-0.008881
-0.496445
0.808100
-0.759087
0.367046
-0.362712
-0.940367
0.091098
-0.122959
-0.336894
-0.442244
0.239784
0.914609
-0.777581
-0.212500
0.443709
0.615955
-0.834956
-0.145665
0.066439
-0.703177
0.935057
-0.490341
-0.939512
-0.397076
0.155248
-0.410627
-0.194800
0.429914
-0.293619
-0.999512
0.122288
0.198645
-0.020783
0.649281
-0.858394
-0.167150
0.592151
0.770013
-0.295694
-0.525193
-0.977477
-0.199438
0.198096
0.886044
0.508957
0.600330
-0.128636
-0.739372
-0.574633
0.371197
-0.969970
0.917173
-0.072420
-0.831477
0.696524
-0.457869
0.078158
-0.628712
0.789483
-0.854244
0.851131
0.801935
0.286721
0.731620
-0.463240
0.176000
-0.478500
-0.761040
0.500961
-0.614856
-0.407147
0.401959
0.409955
-0.257851
0.028047
0.212500
0.134251
0.526597
0.213294
0.156529
-0.653554
-0.154088
-0.120212
0.398175
-0.444929
0.689932
0.334574
-0.729118
0.970763
0.591723
0.407392
0.126255
-0.128452
-0.699393
-0.157018
-0.741508
0.581225
0.534227
0.928343
0.005463
-0.502609
-0.818964
-0.360332
-0.399274
0.313028
-0.235878
-0.515610
0.312296
-0.468429
-0.608509
0.144688
-0.540269
-0.315714
0.963317
-0.165929
0.161596
-0.164708
-0.343120
0.317545
-0.841182
-0.491928
0.038179
-0.691214
0.150853
0.844356
0.172643
0.055696
-0.465316
0.502670
0.414899
-0.872494
0.534410
0.177282
0.488571
-0.900815
0.789056
-0.285257
-0.155858
0.979858
-0.577624
0.545701
-0.798273
-0.667531
-0.451765
0.237770
0.457137
-0.205603
0.863704
0.299966
-0.933470
0.001129
-0.436384
0.283364
-0.667043
0.598071
0.307596
0.927854
0.882015
-0.702872
0.596118
0.142125
0.653737
0.227882
-0.359050
0.348613
0.139378
-0.334086
-0.979675
-0.883297
0.827631
0.496933
-0.316568
0.437056
-0.392376
-0.393414
0.158238
0.755913
-0.582080
-0.390423
0.137242
0.738762
0.299112
-0.336344
0.247291
-0.796747
0.056612
0.896786
-0.466475
0.608997
0.937071
-0.645314
-0.915220
0.028962
0.167333
-0.025300
-0.608142
-0.918516
-0.125950
-0.392132
0.350871
-0.219031
0.139622
0.689505
0.935728
0.053804
0.773980
-0.228980
-0.674856
-0.642323
0.836360
0.836177
-0.217811
0.970275
0.721061
0.802118
-0.728202
0.284890
-0.522385
-0.107150
0.095981
-0.606006
-0.168859
-0.243385
-0.772759
0.648671
0.576464
-0.515366
-0.549852
-0.732963
-0.040193
-0.336039
0.295022
0.883053
-0.939695
-0.614978
-0.172399
-0.636219
0.013581
0.250465
-0.141453
-0.569689
0.426618
-0.471541
-0.459212
-0.808466
0.195288
-0.751213
-0.309732
0.214515
0.062593
-0.059664
-0.665029
-0.218970
0.228126
0.979553
0.951353
-0.119663
-0.510117
-0.151769
-0.475692
0.618641
-0.130161
0.729789
0.895688
-0.064364
0.002167
-0.880367
-0.016083
-0.487594
-0.091464
0.648549
-0.251381
-0.859859
-0.999268
-0.441023
-0.415876
0.451277
-0.894406
0.332377
0.757439
-0.812128
0.039277
0.361370
-0.227821
-0.851131
-0.619678
-0.390179
0.154210
0.157933
-0.194006
0.173864
-0.514389
-0.527940
0.575976
0.923276
-0.446394
-0.917356
-0.362651
-0.070345
-0.733940
0.804682
0.099521
0.765191
0.464705
-0.354411
0.733024
0.287637
-0.323344
-0.392865
-0.779656
0.834468
-0.501450
0.780511
-0.633839
0.688040
0.453230
-0.446272
0.716056
0.528001
0.694571
-0.781976
0.874630
0.704276
0.644642
-0.816218
0.200354
-0.515366
-0.577380
-0.093722
0.921201
0.065279
0.895016
-0.403424
-0.162206
0.858211
-0.330302
-0.678274
0.723075
0.334758
0.595508
-0.346171
-0.574267
0.407514
0.275735
-0.904355
-0.518418
-0.835994
0.863948
0.128636
0.298013
0.681326
0.357646
-0.319864
-0.576281
0.127232
0.664296
-0.977477
0.828059
0.233924
-0.831416
-0.978088
0.398602
-0.307413
0.285257
0.554003
-0.421186
-0.728568
-0.115268
-0.739006
-0.310648
0.382672
0.509629
0.387860
-0.138157
-0.514756
0.518845
-0.813288
0.349101
-0.583178
-0.351543
0.421369
-0.950682
0.921567
0.129856
-0.189184
0.147069
-0.391217
-0.868587
0.522446
-0.698111
0.288308
0.496689
-0.157628
-0.818781
-0.418622
-0.085849
-0.386883
-0.247597
-0.254189
-0.689016
0.801752
0.988647
-0.450911
0.015290
-0.158483
-0.199683
-0.949156
0.954344
-0.148106
-0.376751
0.884030
-0.337443
-0.415082
-0.304056
-0.399274
0.656178
0.969054
-0.573168
-0.076449
0.675466
0.994140
-0.215003
-0.448897
-0.660756
0.235145
0.877804
0.411847
-0.015534
0.039460
0.285440
-0.516831
-0.977294
0.532212
-0.794549
0.437788
0.471847
0.091220
0.502731
0.142552
0.645619
-0.802728
0.403241
0.017914
0.173315
0.644826
0.421552
0.603809
-0.580554
0.966918
-0.938963
-0.266091
-0.374187
0.888180
0.766900
-0.882443
-0.186438
-0.463118
-0.143956
-0.426557
0.200598
0.066256
0.533677
-0.254372
0.355876
0.589892
-0.746818
0.003571
0.429365
0.500473
-0.254677
0.678396
-0.609241
0.303446
-0.564928
0.191809
-0.300333
0.880306
-0.531175
0.524888
-0.794061
-0.520371
-0.843501
0.115452
0.029328
0.560106
-0.564440
0.628590
0.749077
0.274148
-0.998901
-0.720267
0.115085
0.314188
-0.587939
0.197363
0.729484
-0.852168
0.177709
-0.028108
-0.911863
0.126316
-0.433454
-0.582934
0.306925
-0.617603
-0.621143
-0.670827
0.175756
-0.873836
0.761162
-0.073824
-0.119663
-0.533250
0.360881
0.977660
-0.410871
-0.619068
0.676199
0.340190
0.772515
-0.378033
0.695547
0.928587
0.293802
-0.536729
0.918882
0.474837
-0.393902
-0.575671
0.552293
-0.661367
-0.868954
0.798212
-0.257302
0.241066
-0.055330
-0.200659
-0.424421
-0.415632
-0.324931
-0.842830
0.306436
0.824580
0.460128
-0.696463
-0.969543
0.544115
0.880978
0.368389
0.169408
0.181860
0.849849
0.445296
0.182226
0.316446
0.600330
-0.656911
-0.507797
-0.290445
0.679495
-0.234107
-0.103610
0.933409
0.543443
-0.643422
-0.770135
-0.230934
0.088595
0.843196
-0.334025
-0.232826
-0.428816
-0.684439
0.417219
0.975158
-0.056795
-0.956114
0.724357
0.930662
0.865902
-0.787347
0.348369
-0.388043
0.615528
0.706534
0.329569
0.682730
-0.494064
0.095798
-0.990173
0.087436
0.532823
-0.716910
-0.671133
0.062044
0.032746
0.703543
0.123630
0.999329
-0.161168
-0.110630
-0.996033
-0.429792
0.298013
0.363018
0.652394
0.794244
-0.012299
0.433821
0.352275
-0.333537
-0.891842
-0.498703
-0.503037
0.385601
0.384014
-0.073763
0.260537
-0.290445
-0.656423
0.775811
-0.662221
-0.071932
0.025727
0.191809
0.540269
0.638478
-0.022492
0.373943
0.527024
0.110569
-0.330485
0.053682
-0.848262
0.449812
0.745842
-0.152074
-0.204627
-0.407331
-0.213965
-0.693350
0.556810
-0.409650
0.030793
0.891415
-0.831477
-0.221900
-0.230811
-0.724479
0.746147
-0.915525
0.900510
0.716727
0.274697
-0.483261
0.590930
-0.384686
-0.140904
0.942259
0.163305
0.202307
-0.762505
-0.653249
0.872311
0.611682
-0.026826
0.216590
-0.154271
0.082980
0.003998
0.883724
0.729362
-0.492233
-0.711539
-0.312235
0.246010
-0.793085
0.981323
0.568896
0.933470
-0.247902
0.910520
0.304422
-0.122959
-0.594043
-0.937986
0.611255
0.210913
0.779473
0.253151
-0.264870
0.500656
-0.517441
-0.237342
0.051057
0.328104
-0.657033
0.446150
0.745720
-0.435530
-0.216407
0.789300
0.626942
-0.568468
0.218787
-0.951109
-0.613697
0.815912
-0.348125
0.370098
0.491562
0.614307
0.434065
-0.629749
0.114231
-0.797479
0.170263
-0.424421
0.718070
-0.988159
-0.964904
-0.470870
0.275613
-0.497238
0.673513
-0.823298
0.677969
0.990722
0.510117
0.245705
-0.269326
0.217017
0.203284
-0.039216
-0.142186
0.177160
-0.709159
-0.660634
-0.872677
-0.653859
-0.316507
-0.076632
0.868038
-0.015229
-0.933103
-0.674184
-0.266579
0.111118
-0.739738
0.429426
0.607410
-0.646474
0.223487
-0.295083
-0.324442
0.021027
0.186621
0.732475
-0.865413
-0.001434
-0.763054
0.150731
-0.597034
0.365825
0.573717
-0.170385
0.715079
-0.746574
0.900876
-0.585192
0.377667
0.647206
0.655995
0.999817
-0.194678
0.530320
0.745293
0.379009
0.105014
-0.960692
0.286172
-0.630848
0.201697
0.651723
-0.450850
0.529099
0.087069
-0.290994
-0.595935
-0.440840
-0.673452
-0.602588
0.403302
-0.904172
0.089145
0.025056
-0.997620
-0.375408
0.851924
-0.172582
0.282815
-0.441694
0.422651
0.327799
-0.191259
-0.814631
0.675222
-0.704215
0.688284
-0.470687
0.843013
-0.961119
-0.693472
-0.426984
-0.787469
-0.679312
0.665212
-0.627796
-0.635853
-0.573473
-0.785333
0.241493
0.505173
-0.960631
-0.905942
0.262307
0.832698
0.241066
-0.542711
-0.566942
-0.253212
0.853511
0.072237
0.107395
-0.708853
0.578784
0.367534
0.880673
0.968566
-0.365459
-0.528916
-0.329447
0.095676
0.200537
-0.381390
-0.053682
-0.696219
0.026093
0.312601
0.340922
-0.164159
-0.332621
0.164708
0.404950
-0.487716
0.337565
0.964049
-0.840449
-0.478439
0.757256
0.530320
-0.286660
0.371014
0.367779
-0.817072
0.335856
0.872616
-0.979614
-0.011933
-0.874325
0.570605
-0.270608
0.923093
0.540086
-0.441511
0.493698
-0.608936
0.533860
0.204505
0.959105
0.022370
0.079501
0.289163
-0.857906
-0.414960
0.038545
-0.241310
0.326823
0.852596
0.357768
0.937315
0.256508
0.543382
-0.860897
-0.043550
-0.813166
0.302225
0.589831
-0.708792
-0.381756
0.810541
0.339946
0.890439
0.707877
-0.028962
0.584521
0.578356
0.438398
0.487350
0.740715
0.624866
0.455855
-0.313456
-0.433882
0.735466
-0.544359
-0.526597
-0.773125
0.459944
0.765801
-0.969420
0.980102
-0.480026
0.437910
0.822748
-0.499069
0.311441
-0.341350
-0.620655
-0.696219
-0.387799
-0.398907
-0.612781
0.650197
0.990539
-0.592151
-0.700247
-0.658010
0.578112
0.717338
-0.671010
-0.754753
-0.080416
0.679128
-0.053865
-0.457930
0.433515
0.816218
-0.444685
-0.274819
0.198218
-0.900815
0.184851
0.621998
0.013642
-0.216956
0.831965
0.053621
0.974120
0.547288
0.077486
-0.078280
-0.114475
-0.353435
-0.512558
0.714469
-0.583544
-0.499130
0.664174
0.209082
-0.563097
0.916807
0.951109
-0.324625
0.070406
0.030915
0.541307
-0.809992
-0.169408
-0.586352
0.417951
0.367290
0.339824
0.590320
0.030610
0.982116
-0.375042
0.985046
-0.587207
-0.479659
-0.615345
-0.405255
-0.485031
0.615162
0.753410
0.692007
-0.445967
-0.805353
-0.484603
-0.302408
0.606738
0.537461
-0.572436
0.626759
-0.990417
-0.162633
0.927000
-0.683584
-0.600574
-0.659352
-0.671377
-0.448408
0.520737
0.210791
-0.413800
-0.430952
0.970092
0.900754
-0.209998
-0.054659
0.855647
0.236427
-0.009919
-0.405011
0.663625
0.926878
0.561022
-0.504685
-0.117405
-0.579394
0.230140
-0.245033
0.488510
0.013886
0.137364
-0.324381
-0.877804
0.212622
-0.221839
0.423933
0.854549
0.665883
-0.858699
-0.341227
-0.970885
0.793390
0.154393
0.253456
-0.365459
-0.972472
-0.722648
0.614734
-0.174230
-0.017548
-0.593921
0.190405
0.417280
0.065828
0.706046
0.913999
0.877194
0.666311
-0.435530
0.625904
-0.012665
0.060335
-0.754265
0.183508
0.265053
-0.662282
-0.513047
0.112583
-0.106357
0.972411
-0.707999
0.606372
-0.001251
0.505417
-0.071871
-0.661794
0.792230
-0.236854
-0.148228
-0.431318
-0.431928
0.234413
-0.936399
-0.499496
-0.037690
0.939695
0.358379
0.598010
-0.691275
-0.326029
0.652089
0.960631
-0.111850
0.033906
0.045686
-0.465133
0.082308
0.700186
0.365398
0.889828
-0.659963
-0.642323
-0.020844
-0.354289
0.127781
0.690298
-0.472213
-0.173498
0.543443
0.660939
-0.640370
-0.040864
-0.791375
0.414777
-0.229713
-0.639027
0.463363
-0.713309
-0.242409
-0.180700
0.534349
0.903867
-0.369610
0.112461
0.778558
0.306436
-0.427168
-0.115513
0.603687
-0.001068
0.324870
0.011139
0.125706
-0.751274
-0.979858
-0.999878
-0.432356
0.736442
-0.232521
-0.789789
0.275491
0.046602
0.803278
0.722770
-0.501999
-0.496872
-0.592761
0.020112
-0.455184
-0.952574
0.463485
0.416791
-0.123508
-0.971374
0.473251
0.282754
-0.893918
0.070894
0.384564
-0.002899
0.643300
0.859493
0.438520
0.487472
0.827570
0.503891
-0.807855
0.699087
-0.073763
0.692618
-0.882809
-0.760613
-0.299112
0.711661
0.864498
0.424116
-0.723136
0.578600
0.267495
-0.359905
0.742241
0.500412
-0.078341
-0.812189
0.298746
-0.507859
-0.376263
0.306436
0.537034
0.798456
-0.445296
0.974731
-0.855586
-0.033540
0.990112
0.371685
0.910337
0.165685
-0.913755
0.342753
0.879574
0.437788
0.022126
-0.393536
0.108921
0.390667
-0.146641
0.870724
-0.580432
0.202429
-0.874813
0.743156
-0.931639
0.747917
0.681265
0.352886
-0.559008
0.744865
0.915891
0.008881
-0.192236
0.210120
0.066622
0.414533
-0.999145
-0.561998
-0.963561
-0.111606
-0.775140
-0.592517
-0.328837
0.901608
-0.469588
-0.866634
0.757378
0.607471
0.294961
-0.418317
-0.576037
-0.277505
0.873959
0.898190
0.982665
0.124851
0.542528
0.258278
-0.116489
0.460982
-0.299356
-0.538072
-0.615345
-0.098178
0.202002
0.695242
0.188635
-0.172765
-0.722098
-0.877438
-0.065096
0.024506
-0.216834
0.794916
0.789117
-0.178747
-0.593188
-0.294473
0.930723
-0.818903
0.657643
-0.269997
0.004181
0.264443
-0.352580
0.600146
-0.775628
0.811457
0.789789
-0.049593
-0.333293
-0.570116
0.548631
0.670217
-0.257851
-0.200903
-0.998291
-0.984313
-0.641041
-0.501816
-0.639393
-0.043184
0.749687
-0.284158
-0.730827
-0.230079
-0.680898
-0.797296
-0.603320
0.719047
-0.833796
0.593860
-0.975036
0.247475
-0.557665
-0.815607
-0.275246
0.145299
0.503159
0.617847
-0.089206
0.125095
-0.380657
-0.022126
-0.433821
-0.655568
-0.385601
0.173376
0.233924
0.108921
-0.078829
-0.245766
-0.588366
0.377606
0.460250
0.888852
0.425764
0.587268
0.345317
-0.784845
-0.502121
0.483932
0.807428
0.209143
0.243263
-0.457015
0.654958
-0.783624
-0.794183
-0.609363
-0.196936
0.946226
-0.462996
0.675649
0.813105
0.038362
0.984985
0.966796
0.888058
-0.927549
0.795404
0.950926
0.346477
0.662526
-0.531419
0.397259
0.214209
-0.683706
0.319559
-0.900510
-0.235389
-0.099277
0.455489
0.806391
0.113804
-0.798761
-0.550707
-0.736625
-0.537156
0.883480
0.731742
-0.761162
0.571947
0.657216
-0.456221
-0.008759
0.710135
-0.035310
-0.108493
0.812067
0.648793
0.343791
-0.091708
-0.104099
-0.326945
0.849055
0.366131
0.023774
0.622974
0.079989
0.069674
-0.596484
0.353008
-0.569506
-0.953978
0.452071
-0.125034
-0.112949
0.887265
0.869991
-0.208045
-0.660390
0.702139
-0.246559
0.282815
0.240272
0.422956
-0.779778
-0.381146
-0.000519
0.100192
-0.822687
-0.655629
0.619190
0.562243
-0.434858
0.887692
0.447005
0.222694
0.131321
0.168249
-0.691580
-0.382061
-0.758415
0.372600
-0.418195
-0.937010
0.713858
0.854488
0.138890
0.417524
-0.478256
-0.621326
0.136021
0.304178
-0.240272
-0.359539
0.594043
-0.935545
-0.242836
0.361187
-0.785821
-0.641102
-0.371319
-0.859676
-0.349162
-0.232765
-0.220740
0.652394
-0.910642
-0.290262
-0.621876
0.057283
0.485336
0.834346
-0.363567
-0.835994
-0.681936
-0.444990
-0.776360
-0.465804
0.084994
0.923826
0.589831
-0.261208
0.722159
0.507859
0.300455
-0.775323
-0.569811
0.405805
-0.647023
0.031465
-0.659658
-0.658254
0.060762
0.734489
0.806879
-0.410504
0.813532
-0.529527
-0.757073
-0.505234
-0.696524
0.029633
-0.205237
0.167577
0.406171
-0.099704
0.264687
-0.286721
-0.529893
0.452620
-0.078219
-0.747124
0.724906
0.956236
0.077914
-0.722709
0.595019
0.692495
0.556139
-0.363323
-0.189001
0.282571
0.116794
0.667165
-0.451155
-0.729850
-0.850032
0.867122
0.416486
-0.884213
0.537278
-0.652333
0.774651
0.278115
0.292703
-0.656728
-0.073092
-0.732719
-0.153722
-0.644948
-0.608936
0.299722
-0.193091
0.752495
-0.595264
-0.554491
0.514573
-0.892514
0.878109
0.119419
-0.149876
0.165502
-0.834529
0.068148
0.023652
0.149510
-0.095798
-0.391705
0.704398
0.250526
-0.571581
-0.408368
0.358806
-0.882992
0.721610
-0.083407
-0.927976
-0.647267
0.497848
-0.633839
-0.033662
0.853938
0.235206
-0.575426
0.560411
0.125217
0.757378
0.608448
0.665273
0.759270
-0.408307
0.052705
0.955138
-0.216407
0.544542
-0.678701
0.269997
-0.244667
-0.641102
-0.132847
0.286538
-0.695486
0.329630
0.766472
-0.367107
-0.961241
0.648488
-0.575793
-0.831721
0.029084
-0.385846
-0.851436
-0.595325
0.295145
-0.847102
0.313028
-0.785821
-0.332560
-0.784417
-0.071810
-0.365276
0.533067
0.447615
0.166784
0.369610
0.716178
0.366314
0.929136
-0.539476
0.341533
0.036470
-0.361614
0.837458
-0.234474
0.123325
0.718619
-0.266762
-0.961852
-0.657094
-0.251442
0.207068
-0.172704
0.830683
-0.231361
-0.297342
0.859554
-0.720878
-0.942869
0.552599
0.976745
0.645741
0.140782
0.155919
0.426618
0.629017
0.565844
0.793695
-0.244850
0.164830
0.834590
0.104465
0.799921
0.433149
-0.055269
-0.008454
-0.463301
-0.983520
0.906064
0.618152
0.362407
-0.117038
-0.676443
-0.841487
-0.430525
-0.388714
0.027070
0.663747
0.987243
-0.580676
0.298929
0.567553
0.129002
-0.085177
0.937620
0.790216
-0.561388
-0.339702
0.641896
-0.637318
-0.202063
-0.090854
-0.186804
-0.376019
-0.225135
0.073397
0.199988
-0.433454
-0.771233
0.073397
-0.980407
0.263039
0.805475
0.755486
-0.569445
0.051607
0.378399
0.199988
0.389935
-0.506943
-0.094516
0.656911
-0.418134
-0.583789
0.179907
-0.586535
0.931944
-0.773431
0.701529
0.391278
-0.534532
-0.264870
0.254799
-0.456771
0.740654
-0.531297
-0.716117
-0.988159
-0.811884
-0.931333
0.337931
-0.735221
0.498093
-0.362957
0.010895
-0.855586
-0.637257
-0.600452
0.294107
-0.893368
-0.888180
0.110752
-0.643849
-0.342631
-0.036164
-0.888852
-0.072665
0.263710
0.533311
-0.839167
0.063631
0.616565
-0.635487
-0.184484
0.507614
-0.530442
-0.304056
-0.474654
0.549242
-0.864071
-0.160802
-0.987060
-0.752251
0.774346
0.079806
-0.445723
-0.292154
-0.822260
-0.807428
0.650441
0.456648
-0.434797
-0.368694
-0.504501
0.447798
0.933226
-0.986328
-0.635670
-0.827265
0.458480
0.824702
-0.709037
0.360210
-0.078829
-0.742729
0.147801
0.137120
0.378826
0.589282
-0.707999
0.312296
-0.691885
0.916440
0.258095
0.825983
0.041658
0.822443
-0.140965
0.153050
-0.641652
-0.357952
0.524888
0.930784
-0.457137
-0.827631
-0.859249
0.574084
-0.160192
-0.564562
-0.947264
-0.574938
-0.377850
0.984252
0.216346
0.628834
-0.918516
-0.647023
-0.293191
-0.367534
-0.684133
0.528428
-0.911496
0.831904
0.119236
-0.844844
0.444502
-0.554674
-0.527573
0.526048
0.140294
0.450301
0.879208
0.028962
0.969359
0.734428
-0.029084
-0.683645
-0.607898
0.442305
-0.579760
-0.046541
-0.816950
0.512375
0.451094
0.250282
0.084811
-0.213172
0.162511
-0.263161
-0.639332
0.663259
-0.188879
0.123264
-0.462142
0.168310
-0.558641
-0.307840
-0.585986
-0.843379
-0.077303
-0.392987
0.145421
-0.320353
-0.981628
-0.853938
-0.028901
-0.069369
0.761223
-0.652211
-0.063204
0.713675
0.892819
0.389325
0.893674
-0.011628
0.589770
0.019196
-0.470626
0.447798
-0.179968
-0.822443
0.214087
-0.582324
-0.469039
-0.802423
-0.104404
-0.620716
-0.632313
0.432478
-0.959655
0.125828
0.816767
0.631031
-0.413739
0.339274
-0.671682
0.667470
-0.608875
0.978210
0.171545
0.296304
-0.374737
-0.725211
0.116489
0.963988
-0.220923
-0.406415
-0.531114
-0.356670
-0.878964
-0.362590
-0.917966
0.773309
0.806940
0.314615
-0.494125
0.570177
-0.725150
0.564989
0.624805
-0.940916
-0.390179
0.400555
0.972167
-0.090243
0.141758
0.739677
0.461043
-0.330241
0.702017
0.336283
-0.973449
0.405683
0.273110
-0.176061
-0.326151
0.229530
0.257424
-0.748894
0.713065
0.247169
0.429060
0.774529
0.222755
0.119846
0.280251
0.473983
-0.607410
-0.558519
0.625172
-0.473739
-0.181555
-0.715629
0.387249
0.791314
0.214698
-0.451277
0.072176
-0.179113
0.227454
-0.500534
-0.948363
0.424116
0.213660
0.819636
-0.450301
0.307352
-0.752739
-0.939756
0.536607
-0.582751
-0.352641
0.129368
-0.427839
0.622974
0.595325
0.967833
-0.674978
0.212134
-0.408673
-0.727775
-0.728996
-0.698050
0.908200
-0.589587
0.188513
-0.792840
0.629322
0.359722
-0.378460
-0.536485
-0.003632
-0.272927
0.178198
-0.263405
0.804254
0.431196
0.598560
-0.604968
0.017426
0.310160
-0.288797
-0.169225
-0.626576
0.466292
-0.166845
-0.977355
0.575915
0.787469
-0.949522
0.664480
0.141148
-0.104587
0.999390
-0.228004
-0.328898
0.341716
0.493515
-0.308084
-0.441755
0.088351
-0.666494
-0.045442
-0.239601
0.129673
0.729789
0.888180
0.876156
0.488083
0.108921
0.054598
-0.463240
0.501144
-0.662648
0.122410
0.423383
0.554247
0.085788
-0.314676
0.982299
0.479720
-0.645070
0.471358
0.171728
-0.415204
0.888363
0.188086
0.430403
0.942869
-0.136998
-0.166417
-0.044404
-0.739006
0.503525
-0.100925
0.220252
-0.194555
-0.360271
-0.518967
0.019135
-0.479720
0.359783
-0.826228
0.444929
-0.755486
-0.292154
-0.052461
0.824335
-0.583422
-0.179601
0.080477
-0.837947
-0.244911
0.849727
-0.219459
0.666372
-0.087130
0.072970
-0.915891
-0.995666
-0.163610
-0.995605
0.988708
0.361736
0.342143
0.624317
-0.121555
0.485946
-0.481429
0.549425
-0.337382
0.001740
-0.731620
0.431440
0.144139
0.292337
0.814814
-0.899594
-0.344035
0.262673
-0.250710
0.395062
-0.978942
0.966918
0.782769
-0.291849
-0.533250
-0.354534
0.374065
0.164525
-0.451033
0.562120
0.867855
0.065157
-0.263649
0.323771
-0.905942
-0.245949
-0.771233
0.055696
0.447981
-0.605945
0.922483
0.062593
0.188757
0.558763
-0.297525
0.042024
-0.054964
-0.471786
0.712394
0.018769
0.153966
0.742546
0.509812
-0.291482
0.171667
-0.073092
0.637745
0.306070
0.128147
-0.824213
0.398846
0.525925
0.035249
-0.747063
-0.949644
0.028657
-0.783990
0.643422
0.122837
-0.052095
0.620350
-0.131687
-0.555040
-0.144566
-0.443525
-0.220069
-0.590625
0.908567
0.470138
-0.806635
-0.293558
0.750969
-0.309854
-0.948363
0.555895
0.496506
-0.887265
0.751762
-0.179418
0.177465
-0.912412
0.481674
0.588061
-0.794794
-0.198706
0.429365
0.402631
0.029633
-0.301187
-0.741142
0.278054
0.373577
-0.876278
-0.073519
-0.342631
-0.571398
-0.026704
0.478561
0.449812
0.416425
-0.856563
0.483932
0.396161
-0.150182
-0.479965
-0.465926
0.998718
-0.712821
-0.084384
-0.532823
0.653920
-0.727103
-0.592944
0.216590
-0.305765
0.648671
0.030183
0.941588
0.494064
-0.529160
-0.461409
-0.852718
-0.863643
-0.848323
0.190283
-0.596606
0.628346
-0.876949
-0.611744
0.328410
0.522813
0.121860
-0.059542
0.074496
-0.577563
-0.504318
-0.582385
0.997864
-0.551439
-0.713858
0.952757
0.675100
-0.876888
0.636586
-0.662709
0.447066
-0.743889
-0.268899
-0.728751
0.899045
0.550829
-0.769890
-0.556261
-0.681997
0.579455
-0.197790
-0.672842
-0.577685
-0.007965
-0.644093
0.880306
-0.256325
0.550523
0.063875
0.199805
-0.294107
0.834895
0.252297
-0.771966
-0.961241
0.441877
0.052217
-0.061739
-0.999756
-0.625416
-0.945860
0.117527
0.809015
-0.045442
-0.101474
0.218299
-0.659841
0.255409
-0.889462
-0.919492
-0.691763
0.519333
-0.519089
0.871029
-0.800775
-0.829035
-0.937864
0.180944
-0.757378
-0.054537
-0.674795
0.809565
0.850764
-0.014618
0.716056
-0.683645
0.915891
-0.679861
-0.763054
0.354289
-0.649464
-0.398846
-0.012421
0.008393
0.868954
-0.347514
0.257363
0.004120
0.310282
0.487777
0.663747
-0.780572
0.085665
-0.469527
0.739494
0.421979
0.471969
-0.903928
0.419599
-0.150670
0.843806
0.641652
-0.239601
-0.404035
0.207495
-0.462691
-0.470199
0.894162
-0.474227
0.390728
-0.317606
-0.796869
-0.025117
-0.455367
0.742851
0.317850
0.695791
0.063692
0.630726
-0.114536
0.435224
-0.377422
-0.640614
-0.634693
0.896237
-0.278115
-0.565233
-0.521897
-0.345012
-0.680410
0.152196
0.122593
-0.576037
0.364849
0.198462
-0.528794
-0.853999
-0.429975
-0.929136
0.758660
0.620594
0.984924
-0.092074
0.196570
0.740043
-0.551866
-0.806330
0.895810
0.448531
-0.761650
-0.241798
-0.353191
-0.221656
0.842769
-0.313150
0.223365
0.759941
0.475265
0.755486
-0.444563
0.559984
0.374187
0.507370
0.612842
0.534898
-0.054659
-0.687796
-0.688711
0.233680
-0.363811
0.528550
0.874264
-0.971679
-0.553270
0.140843
