-0.698904
-0.700491
0.774773
0.216956
-0.754265
0.470443
-0.736625
-0.794366
0.138401
0.958800
0.309793
0.154637
0.671010
0.085116
-0.472091
-0.798883
-0.398419
-0.156774
-0.847896
0.103000
0.297159
-0.865291
0.529588
-0.877438
-0.469405
-0.346904
0.671621
0.173681
0.148045
0.984069
0.781610
0.176977
0.792108
-0.792901
0.116916
-0.131443
-0.634327
0.921751
-0.542222
-0.314798
0.462386
-0.142491
0.425092
-0.194250
-0.724906
0.173254
0.820673
-0.745048
0.056368
0.258950
0.558519
0.048860
-0.119785
0.326456
0.199622
-0.784295
-0.784234
-0.215491
0.960570
0.302103
0.375652
0.546739
-0.800531
-0.375164
0.934812
0.069369
-0.871029
0.611316
-0.136082
-0.856319
-0.879757
0.606311
0.898923
0.763787
-0.495468
-0.295511
0.287332
-0.021882
-0.155431
0.852779
0.302164
0.542039
0.214454
-0.508591
0.775872
-0.225684
-0.365947
0.280068
-0.534410
-0.061617
0.413190
-0.201025
0.808283
0.489242
-0.950499
0.099582
0.862178
0.547044
-0.820856
-0.550890
0.111606
-0.167943
0.502548
0.859249
-0.862545
0.694937
0.635975
-0.282815
0.962828
-0.847163
-0.625782
-0.407025
-0.203406
0.959777
-0.728141
-0.363079
0.217994
0.571215
-0.024812
-0.093539
0.048250
-0.362163
0.244057
0.369243
-0.653920
-0.723197
0.528855
-0.037568
0.501511
0.716605
-0.805719
0.403607
0.520493
0.839656
-0.181677
-0.289834
0.468917
-0.008271
0.520127
-0.754021
-0.813044
0.691702
-0.308206
0.129917
0.043001
0.023408
-0.124912
0.039521
-0.787225
-0.806207
0.167272
0.732475
0.760674
-0.005585
0.842708
0.978454
0.354167
-0.001373
-0.633106
0.802362
-0.525010
-0.935362
-0.437056
0.293313
-0.615345
0.818171
-0.083468
0.758049
-0.640187
0.015412
-0.923093
-0.890683
-0.857051
-0.024384
-0.184057
-0.106113
0.483383
0.566332
0.693472
0.164892
-0.066500
-0.763237
0.576952
-0.548936
0.137547
0.472823
-0.542894
0.203833
0.602100
-0.510544
0.184179
0.041414
0.196448
-0.249672
0.275857
0.181188
0.533982
-0.113804
-0.477523
0.920896
0.763543
-0.234046
0.340312
-0.312784
0.295877
-0.214698
0.528611
0.333293
-0.438215
0.579516
0.789056
0.150548
-0.256996
-0.310953
0.381512
-0.390423
-0.090304
0.254311
-0.004364
-0.488754
-0.787530
-0.362224
-0.906735
-0.268288
-0.557299
-0.171361
0.967589
-0.238258
-0.358074
-0.799860
-0.051546
0.890744
-0.536668
0.867306
0.874081
0.602527
-0.751335
-0.040193
-0.971984
0.246620
-0.713309
-0.537156
-0.617481
0.786065
-0.495407
-0.144139
-0.988342
-0.852779
-0.373577
0.490829
0.294900
-0.966002
-0.210425
-0.972533
0.794610
0.220374
-0.438826
0.553331
-0.346721
-0.435652
0.971435
-0.849361
-0.307718
0.174841
0.063265
-0.102573
-0.260964
0.599719
0.554918
0.955260
-0.684072
-0.548143
0.119114
0.392743
-0.633778
0.749504
0.520432
0.684378
0.369182
-0.516343
0.736442
-0.614124
0.354900
-0.054659
-0.407270
0.142674
-0.556322
0.214087
0.962279
-0.714530
-0.906003
-0.435835
-0.859798
-0.597339
-0.724235
0.316141
-0.028291
-0.997803
-0.664968
0.174047
-0.946593
0.705435
-0.740654
0.293191
0.730216
-0.429426
0.404096
0.424482
0.325175
-0.139805
-0.991272
-0.049837
-0.140416
0.682546
-0.176366
-0.476669
-0.782708
0.280618
0.141087
0.656606
0.847407
0.517075
-0.275979
0.265053
-0.723319
0.360820
-0.825312
-0.450240
-0.247597
-0.811457
-0.675405
-0.083468
0.163915
0.687124
0.510544
0.506211
0.288064
-0.319315
-0.017060
-0.086642
-0.538621
-0.407147
0.388348
-0.561876
0.140294
0.965819
0.494858
-0.673452
-0.814386
-0.581957
0.035676
-0.844111
0.147740
-0.846614
-0.860408
-0.553087
0.166723
-0.311075
-0.129002
-0.915464
-0.192724
0.587939
0.403485
-0.072054
-0.651845
0.828730
0.934263
0.372600
-0.406476
-0.539476
0.202429
0.824946
-0.512680
0.808466
-0.987121
0.276528
0.670034
0.907468
0.584887
-0.685415
0.411115
0.819025
-0.534898
0.734733
0.692434
0.963378
0.407575
0.341105
-0.400372
-0.175146
-0.335002
0.029023
0.263894
0.207862
-0.123936
-0.381817
-0.244911
-0.491195
-0.986999
0.043489
0.412946
0.651479
-0.424787
-0.545213
-0.095859
0.606983
0.048799
0.113742
0.746879
-0.264992
0.843623
-0.746513
-0.385723
0.979003
-0.213416
-0.358989
-0.754753
-0.087985
0.201941
0.207434
0.374126
0.123081
-0.003632
-0.800714
-0.246742
-0.918271
-0.154576
0.281350
-0.515061
-0.280618
0.373760
0.961974
-0.206946
-0.912534
-0.387738
-0.519028
0.761589
0.618580
0.260659
0.097751
0.303323
0.384869
-0.927549
0.440962
-0.579516
-0.850642
-0.115146
0.350566
-0.325297
0.765191
0.262490
0.862239
0.202185
-0.704276
-0.482101
-0.173376
0.776238
0.891720
-0.458724
0.702567
0.814203
-0.881527
-0.505478
0.268777
0.636341
-0.524155
0.461959
0.758110
-0.967284
0.005036
0.807184
-0.843989
0.895322
0.122288
0.932798
0.462386
0.076693
-0.937620
0.138157
-0.262246
0.539903
0.147252
0.324870
-0.089450
0.069857
0.109897
-0.346355
0.931700
-0.630116
-0.070772
0.174108
-0.604053
-0.320231
-0.152074
0.003693
-0.050630
0.191015
-0.480331
-0.336650
-0.185095
0.440107
0.912534
0.409894
-0.122044
0.835200
-0.080905
-0.416791
0.999695
0.862362
-0.976379
-0.330851
-0.881893
-0.456771
0.763543
-0.643483
-0.905148
-0.649464
0.693838
0.893124
-0.925718
-0.947447
-0.561510
-0.086886
-0.563646
-0.064608
0.054720
0.096591
0.741203
0.523911
0.829829
0.980224
0.472213
-0.533616
-0.608142
0.833613
0.392132
-0.595935
0.418928
0.054170
-0.164586
0.939390
0.700369
-0.449873
0.478927
-0.306375
-0.995911
0.404828
-0.716239
-0.571398
-0.979675
-0.494064
-0.919370
-0.498337
0.201270
0.434065
-0.302103
0.454634
0.832942
-0.911374
0.097812
0.692129
0.220374
-0.000580
-0.232398
-0.865658
-0.392010
-0.888241
-0.630177
0.635670
-0.791803
-0.051241
0.361919
0.782281
-0.736137
-0.588733
0.714774
0.999817
-0.308023
0.622547
0.157018
-0.943541
0.168493
0.007721
-0.452437
-0.637135
0.369366
-0.700430
-0.200598
0.673513
0.160619
-0.593921
0.964171
-0.755547
-0.240394
-0.754448
0.422040
0.752312
0.633106
0.053926
-0.801935
0.627125
-0.421003
-0.994385
0.980834
-0.703787
0.533860
-0.539293
0.362407
-0.840632
0.068331
-0.572985
0.653615
0.030427
0.184057
0.409833
0.591357
0.817743
-0.737907
-0.350200
-0.136753
-0.734489
-0.057833
-0.145482
0.361431
0.491134
-0.476547
0.841304
-0.405011
0.584033
-0.818598
-0.768242
-0.225257
-0.628285
-0.751640
-0.222144
-0.313272
-0.587695
0.076144
0.771905
0.660085
0.972655
0.833613
0.949339
-0.337016
-0.069857
-0.440718
0.583728
0.297342
0.784783
0.877804
-0.938353
0.693838
0.388104
-0.996704
-0.235267
0.444990
0.804498
-0.476180
0.223670
-0.072726
-0.670766
0.692801
0.270241
-0.442122
-0.474837
0.413373
0.142369
0.104221
-0.576098
-0.473067
-0.598071
-0.214393
-0.464400
-0.645619
0.210547
-0.542528
0.151219
0.254860
0.506149
-0.911130
-0.804559
-0.609790
0.863826
-0.487716
0.893063
-0.876644
0.505539
0.414106
0.012848
0.071566
0.966552
0.557237
0.936277
-0.095737
-0.451094
0.133335
-0.981445
-0.809320
-0.474471
0.901303
-0.950255
0.326212
-0.155553
-0.707694
0.168737
-0.548814
0.815424
-0.570788
0.221046
-0.789056
-0.932676
0.842708
0.307230
0.941038
-0.975768
-0.679312
0.575732
0.664663
-0.760491
0.029633
-0.945006
-0.951903
0.289468
-0.064730
0.156407
0.814447
-0.876461
0.970763
0.633473
0.358989
0.337260
-0.263955
-0.827754
0.349345
-0.347697
-0.110752
0.156224
-0.729484
-0.374371
0.603320
-0.762139
-0.176244
-0.987609
-0.556810
0.397565
0.293924
-0.337138
-0.831172
-0.504440
-0.827326
-0.214148
0.553148
-0.774041
0.249794
0.911618
-0.271828
-0.670888
-0.093417
-0.796747
0.196265
-0.815729
-0.289529
-0.807978
0.958922
0.848018
0.047578
-0.677847
-0.761773
0.565661
-0.753349
0.069613
0.566149
0.265969
-0.568651
0.859981
0.369366
0.448531
-0.000824
-0.429365
0.577441
-0.367718
-0.901791
0.467208
0.761834
-0.625477
-0.613453
-0.295755
-0.267312
0.680654
-0.952330
0.041536
-0.046541
0.639393
0.647206
-0.223365
-0.628712
-0.273476
0.075228
0.744743
0.975219
-0.722648
0.761834
-0.229713
-0.118503
-0.222022
0.551134
-0.742912
-0.986084
-0.092929
0.822077
0.129978
0.761223
0.055879
0.625050
-0.600024
0.518906
0.450606
-0.483139
0.854060
-0.218970
0.209510
-0.555284
0.775567
0.561754
0.804132
-0.557726
0.656484
-0.591540
0.898129
0.915769
0.084323
-0.776543
-0.942381
-0.715690
-0.067843
-0.419050
-0.358684
0.765740
0.483871
-0.780450
0.192236
-0.839228
0.559801
0.651540
-0.992065
0.260964
-0.017670
0.531053
0.924009
-0.765618
-0.905087
-0.848994
0.766045
-0.924070
0.619068
0.404035
0.760063
0.574023
-0.864925
0.211768
0.846797
0.039766
-0.046052
0.105136
-0.645070
-0.287210
0.205054
-0.455794
0.106479
-0.767327
-0.465682
-0.408002
0.333048
-0.680593
0.415510
0.238319
0.764885
0.222205
0.906980
0.292947
-0.576647
0.418683
0.483261
0.697317
0.537095
-0.108737
-0.836604
-0.753655
0.558763
-0.609607
-0.150365
-0.595019
-0.812616
-0.262551
0.343181
-0.564501
-0.126560
-0.845882
-0.925962
-0.635670
-0.807428
0.599963
0.098910
0.710135
0.970946
0.957091
-0.015778
-0.491928
0.570299
-0.711661
-0.664846
-0.624622
0.595813
-0.664418
-0.022858
0.314920
-0.670278
0.447249
0.265114
0.823481
-0.797418
0.732353
0.296670
-0.980651
-0.953307
-0.945799
-0.753716
0.204749
0.037812
-0.208472
-0.032014
-0.044893
-0.477279
0.154454
0.412152
-0.532945
0.954344
0.376202
0.744865
0.658559
0.439314
-0.824396
-0.316813
-0.135105
0.951903
-0.323832
-0.000763
-0.273782
0.835078
0.815424
-0.772393
-0.485885
0.376263
-0.461104
-0.072115
-0.366802
-0.192114
0.846858
-0.588855
0.401166
-0.499802
0.360454
0.415571
0.202368
-0.620411
-0.986084
0.586718
-0.241737
-0.601672
0.973266
-0.446028
-0.330607
0.938902
0.635975
0.641285
-0.118442
0.850154
0.774651
-0.435774
0.326090
0.486862
0.668691
0.217322
0.403058
0.811457
0.857112
-0.144139
0.743034
-0.616443
-0.562426
-0.576891
0.076022
-0.107395
-0.439192
-0.509140
0.774957
0.495956
-0.447432
-0.017975
-0.868465
0.969237
0.302774
0.170019
0.316813
-0.114475
0.172094
-0.962340
-0.214759
0.358135
0.068148
-0.820429
0.498581
0.330973
0.008576
-0.764336
0.431623
-0.687918
0.200049
-0.267251
-0.339457
0.497299
-0.858882
-0.322428
-0.976196
0.206214
0.996277
0.840144
0.282815
-0.428877
0.105258
-0.248085
-0.377117
-0.652821
0.290628
0.490707
0.551805
-0.957518
0.158116
0.320048
-0.287332
-0.929868
0.741325
0.856502
-0.832636
-0.748650
-0.964110
0.096408
-0.559374
-0.718619
-0.021271
-0.686087
0.251503
0.485946
-0.910520
-0.630543
-0.551134
0.705191
0.301614
-0.944029
0.058321
-0.102634
-0.934385
-0.711966
-0.680044
-0.129307
0.724235
0.622669
0.153111
0.076266
0.221290
0.441084
-0.033784
-0.745720
0.509445
0.023164
0.188879
-0.698599
0.440779
0.304910
-0.538255
0.007904
0.594470
0.363994
-0.876400
0.379803
0.089267
0.450362
-0.297159
-0.697806
0.856746
0.928220
-0.902158
0.772881
-0.388226
-0.060457
-0.841487
-0.191321
-0.718009
-0.795770
0.305033
0.159215
0.032197
-0.864925
-0.948607
0.407453
-0.262856
0.987304
-0.735771
-0.000702
-0.420637
-0.422346
-0.205603
-0.388592
0.976806
-0.412641
-0.738517
-0.618213
0.500534
-0.557421
0.961791
0.249062
-0.994934
0.904294
0.205908
0.919553
0.212317
0.290262
0.733024
-0.676565
0.540941
0.696463
0.711112
-0.055147
0.610767
0.817377
0.619312
0.806146
0.079928
0.994385
0.724418
-0.618946
-0.248085
-0.799371
0.003571
0.719535
-0.209449
0.346416
0.497543
-0.237342
-0.617908
-0.895260
0.224952
0.369366
-0.926450
0.260353
0.665334
-0.343974
0.058260
-0.359722
-0.717643
0.375835
0.577136
-0.642384
-0.522813
0.742668
-0.648671
-0.173498
-0.823115
-0.492294
-0.739494
0.390118
-0.010529
-0.478256
0.839534
0.873531
-0.700980
0.931028
0.427351
-0.815363
0.856990
-0.839717
-0.389874
0.313272
-0.884335
0.789605
0.077242
0.672720
0.770379
-0.324259
-0.787835
-0.588488
0.600085
0.260292
0.839656
0.149144
0.120029
0.583666
0.586962
0.459090
-0.527879
0.756767
0.553148
-0.346232
-0.424848
-0.324503
0.033418
0.697073
-0.432600
0.092685
0.808222
-0.182958
-0.643544
0.633900
-0.722343
-0.027741
0.870479
-0.499252
0.736930
0.653737
-0.894223
0.131260
-0.714164
-0.467574
-0.224647
0.936460
-0.113498
0.786248
0.921140
0.718619
0.843501
0.313761
-0.162999
0.919309
-0.681936
0.406598
0.516709
0.997131
-0.190283
-0.691092
-0.689871
0.456038
0.431745
0.923460
0.687002
0.830073
0.510849
-0.432051
0.662404
0.623035
0.919370
-0.211707
-0.156102
-0.256386
0.485458
0.435041
-0.160558
0.691397
0.621143
0.761223
0.517258
0.436140
0.762078
-0.398724
-0.784173
-0.687796
-0.101169
-0.355083
-0.627613
0.201147
0.008820
-0.317301
-0.170568
0.544847
0.032197
-0.173498
0.451460
-0.371563
0.623157
0.187841
-0.562670
0.596728
0.015656
0.661184
0.350383
0.165441
-0.627857
-0.044160
0.123264
0.538682
0.454817
-0.190222
0.319010
-0.537950
-0.449507
-0.008209
0.952757
-0.633717
-0.163305
0.847102
-0.650502
0.674123
-0.528428
0.658620
-0.098178
0.800714
0.450056
0.011505
-0.624378
0.616260
-0.657582
-0.425459
0.820307
0.150121
-0.223060
0.947630
-0.116977
-0.294107
0.978393
-0.581469
0.871090
0.307169
-0.101352
0.678335
-0.105136
0.606250
-0.377606
-0.351848
0.966369
-0.844783
0.739494
0.772698
0.926695
0.373638
-0.238868
-0.539476
0.430708
0.235511
-0.218421
0.524094
0.718497
0.358989
-0.540391
0.765679
-0.679739
0.059114
0.043794
-0.162206
0.764397
0.797235
-0.375347
-0.057588
0.810663
0.967895
0.169164
-0.154637
-0.220801
0.226966
0.816034
-0.064730
-0.273110
-0.533555
0.992126
-0.521226
-0.181738
0.371319
0.413739
0.517197
-0.850642
0.160924
0.650319
0.492416
0.710318
-0.701956
-0.633961
0.546129
0.430036
-0.464156
0.928343
-0.547227
-0.217811
0.787835
-0.328227
0.311991
0.279031
-0.109409
0.667104
0.666799
0.451460
0.698721
0.987243
-0.624073
0.371929
0.140294
0.254616
0.769585
0.994140
-0.815851
-0.952879
-0.739799
0.166417
-0.412397
0.330180
0.994263
0.703848
-0.578478
-0.139866
-0.658986
0.652699
0.794183
-0.788263
0.923338
0.405744
0.479537
0.579760
0.528428
-0.954039
-0.144871
-0.379864
-0.534715
0.846553
-0.017243
-0.364177
0.923826
-0.747978
-0.581469
-0.127598
0.211035
0.479537
0.579882
-0.787408
-0.296976
0.542100
-0.604724
-0.938719
0.632618
0.332621
0.332499
-0.508042
-0.105197
-0.684133
-0.354778
0.661733
-0.046541
0.567186
0.292520
-0.148350
0.195349
0.578173
-0.546739
0.526841
-0.816034
-0.308451
-0.757012
0.036287
0.699759
-0.733757
-0.828730
0.224830
0.928220
0.429426
-0.219275
0.334452
-0.748711
0.975890
0.817255
0.263222
-0.919248
-0.481246
0.574633
0.423566
-0.059725
0.469832
0.853633
-0.797113
0.199255
-0.451033
-0.389508
-0.781915
-0.125340
0.030610
-0.991394
0.682180
-0.627003
0.636158
0.373150
-0.413617
-0.001373
0.063936
0.833918
0.922971
0.027375
-0.905271
0.877865
-0.777520
-0.643544
0.850887
0.517014
-0.828486
-0.536485
0.288308
0.986267
-0.663930
-0.008698
0.071871
-0.278054
0.584643
-0.733207
0.883480
-0.080294
0.667348
-0.992737
0.416364
-0.527879
-0.658010
0.299722
-0.389325
0.258156
0.915342
-0.437849
-0.320780
-0.772942
0.185949
0.880184
-0.955321
0.315104
-0.333048
0.165380
0.967284
-0.328959
0.602588
0.922849
-0.951231
-0.003265
-0.648976
-0.451888
-0.317972
0.866817
0.931761
0.679922
0.719352
-0.122044
0.572314
-0.043733
0.833491
0.421918
0.575304
-0.567980
-0.453841
0.278481
-0.415265
0.195898
-0.938902
-0.943968
-0.850826
-0.228614
0.833857
0.025605
0.614734
0.321024
-0.499008
0.435530
-0.206519
0.247475
0.842586
0.757073
0.386761
-0.383282
0.063997
0.571093
0.916501
0.168859
-0.128513
0.564623
-0.601550
-0.357280
0.089450
-0.006195
-0.520127
0.848079
0.422895
-0.208960
0.842952
-0.561937
0.952940
-0.920347
0.132054
-0.460860
-0.424665
0.417463
0.287210
-0.541368
-0.340861
-0.827692
-0.411176
-0.374615
0.768426
-0.274880
0.825190
0.687674
-0.299600
