-0.698904
-0.210791
-0.570849
0.216956
-0.754265
-0.811762
-0.329814
-0.861263
-0.394879
0.958800
0.309793
0.415265
0.671010
0.214270
0.797357
-0.798883
-0.398419
-0.156774
0.765679
0.103000
-0.092135
-0.865291
-0.870785
-0.000092
-0.629810
0.482162
-0.545030
0.173681
0.564135
-0.066561
0.766839
0.643849
0.861263
-0.431990
0.862667
0.571093
-0.634327
0.151280
-0.542222
-0.647389
0.074923
-0.267312
0.425092
-0.150731
-0.469955
-0.479598
0.453597
0.683401
-0.113498
-0.988708
0.502182
-0.182104
-0.597827
0.326456
0.239235
-0.690359
-0.888424
-0.035249
0.960570
-0.404828
0.375652
0.546739
0.039460
-0.375164
0.934812
0.069369
-0.383404
0.519333
-0.651112
-0.626453
-0.879757
0.606311
0.898923
0.220618
-0.288430
0.668325
0.287332
-0.062349
0.597644
-0.411786
-0.565294
-0.157933
-0.628162
-0.091525
0.681509
-0.095859
-0.578967
-0.510788
0.313334
0.574450
0.568712
0.189489
-0.039644
0.641163
-0.703665
0.699026
0.862178
-0.754570
-0.820856
0.894833
0.005524
-0.167943
0.374371
-0.899655
0.033357
0.694449
-0.246986
-0.081637
0.713126
-0.847163
0.043306
-0.162816
-0.299722
-0.838191
-0.728141
-0.363079
-0.683645
0.641408
-0.355876
-0.464339
-0.180578
-0.831599
0.465865
0.885739
-0.245766
-0.112278
0.410871
0.868526
0.501511
0.260231
-0.805719
-0.605762
0.124851
0.318461
-0.181677
-0.559984
0.425153
-0.631092
-0.660878
0.785211
-0.491134
0.691702
-0.308206
0.300272
0.043001
0.338725
-0.124912
-0.143406
-0.627247
0.397565
0.167272
-0.409955
0.140721
-0.300638
-0.309610
-0.995117
-0.742302
-0.246437
-0.784722
-0.010224
-0.419233
-0.875301
-0.653371
-0.754814
-0.985412
0.262612
0.571581
-0.149876
-0.640187
-0.178930
-0.274087
-0.890683
-0.857051
-0.024384
0.871700
0.453413
-0.820551
0.566332
-0.624195
0.164892
-0.399152
-0.763237
-0.952452
-0.288308
-0.951415
-0.180822
-0.271462
-0.215064
-0.451033
0.284463
0.496078
0.266213
0.481552
0.101779
-0.563097
0.181188
0.533982
-0.113804
0.065157
-0.052522
-0.214148
0.418134
0.340312
0.494430
0.676626
-0.084384
0.204016
0.613636
0.886471
-0.130711
0.789056
0.023652
0.997314
0.207556
-0.572924
-0.617542
-0.090304
0.254311
0.876583
0.842280
-0.490768
-0.835200
0.391522
-0.879147
-0.942320
-0.041108
0.743400
0.418867
-0.864620
-0.799860
0.622852
-0.767693
-0.536668
0.528428
-0.242103
0.544542
-0.852596
-0.040193
-0.608448
0.105686
-0.357280
-0.224036
0.873348
0.388897
0.271645
-0.617176
-0.684927
-0.411786
-0.455061
-0.106601
-0.527940
-0.749748
-0.234413
-0.891293
0.794610
0.220374
-0.253883
0.553331
-0.754448
-0.556993
0.971435
-0.849361
-0.438215
0.174841
-0.148595
0.246559
-0.260964
-0.340251
-0.810175
-0.908200
0.976196
-0.278726
0.119114
-0.302713
0.588916
0.749504
0.865963
0.684378
0.369182
0.432112
-0.981811
-0.831660
-0.383953
-0.054659
-0.269265
-0.243751
-0.867306
-0.367656
-0.600818
-0.910825
-0.809748
-0.435835
0.759880
0.285684
-0.724235
-0.755058
-0.217689
-0.997803
0.237831
0.174047
-0.946593
0.862300
0.943663
0.293191
-0.676809
0.555712
0.224586
-0.467513
-0.367901
-0.750359
-0.991272
0.552416
0.721854
0.145421
0.977844
-0.476669
0.909116
0.280618
-0.441939
0.898679
-0.646352
-0.701224
0.767693
-0.473128
-0.184301
-0.495651
-0.825312
-0.518418
0.293130
0.454146
0.356792
-0.669301
-0.532334
0.191626
-0.729911
0.506211
-0.305521
-0.433638
-0.177648
-0.086642
-0.792413
-0.199683
-0.254006
-0.767205
0.767571
0.795831
0.026643
0.651479
-0.814386
-0.581957
-0.433027
-0.844111
0.147740
0.780816
-0.860408
0.510300
0.543748
-0.932249
-0.129002
0.364483
-0.192724
0.587939
0.049837
-0.072054
0.716971
0.916440
0.934263
0.176733
-0.406476
0.042634
-0.701102
0.824946
-0.683889
-0.515305
-0.562548
0.677725
-0.877316
-0.220191
-0.278237
0.425153
0.594714
0.559313
0.891110
-0.094943
0.692434
0.963378
-0.613147
-0.754936
0.411115
-0.175146
0.918760
-0.178198
0.575243
-0.780023
-0.123936
-0.995056
-0.244911
-0.375774
0.795282
-0.105747
0.412946
0.651479
0.488266
-0.809503
0.712760
0.606983
0.048799
-0.726676
0.746879
0.110508
0.262307
-0.746513
-0.528062
0.150426
-0.213416
-0.810724
0.293252
-0.087985
-0.778558
0.207434
-0.475448
0.031526
-0.193579
-0.800714
-0.856685
0.788934
-0.307657
0.281350
-0.071505
-0.280618
0.373760
-0.892819
0.025300
-0.845943
-0.057588
-0.519028
0.761589
0.734855
0.260659
0.612903
0.303323
0.014924
-0.030732
-0.121982
-0.579516
-0.833003
-0.447432
0.746086
0.048311
-0.422407
-0.796808
0.835749
-0.593616
0.343303
0.421430
0.062899
0.776238
0.615101
-0.368023
0.702567
0.849422
0.531114
-0.086459
0.946226
0.636341
-0.058443
-0.246254
0.758110
-0.967284
-0.725211
-0.400922
-0.843989
0.870540
-0.560472
-0.828608
-0.087252
0.446699
-0.322611
0.332987
-0.262246
-0.370952
0.133213
0.958495
-0.916868
0.270058
0.395978
-0.346355
0.934019
0.860591
-0.070772
0.964476
0.151097
0.301614
0.133091
-0.151463
0.697867
-0.017853
0.798456
-0.336650
-0.293069
0.481124
-0.365520
0.112522
-0.856197
-0.246986
0.641774
-0.416791
-0.640675
0.893307
0.062593
0.794549
0.464095
-0.274514
-0.536363
0.182897
0.647633
0.229469
0.999939
-0.112705
0.768609
0.408002
-0.338176
-0.086886
0.095798
0.142247
0.054720
-0.230628
0.453230
-0.076754
-0.725517
0.892026
0.649098
0.472579
-0.994629
-0.547288
-0.485763
0.261757
0.418928
0.807611
-0.011139
-0.023530
-0.773736
-0.449873
0.478927
-0.142674
-0.995911
0.404828
0.811090
0.594287
-0.979675
-0.494064
-0.919370
0.042512
0.524155
0.434065
0.934751
-0.963256
0.376385
0.647267
0.957213
0.554918
0.984619
0.164586
-0.599780
-0.865658
-0.958373
-0.888241
-0.882626
0.635670
0.195471
-0.600513
-0.439314
-0.968017
-0.736137
-0.624500
0.701712
-0.742668
0.854366
-0.512986
0.721000
0.509690
0.766717
0.007721
0.945677
-0.506394
0.719108
-0.700430
0.161901
0.851131
0.933653
-0.451643
-0.866329
0.807978
-0.240394
-0.754448
0.305094
0.752312
0.633106
0.476180
0.324564
-0.466109
-0.489059
-0.994385
0.771416
-0.703787
0.003876
0.193823
-0.659291
0.510727
-0.241310
-0.572985
0.807306
0.030427
0.184057
-0.298318
0.297464
0.082980
-0.068636
-0.600391
0.644887
-0.636708
-0.057833
-0.145482
-0.824458
0.238807
0.397748
0.323405
0.098483
0.584033
-0.210059
-0.950194
-0.947691
-0.638356
-0.027009
0.579760
0.964660
-0.170995
0.076144
0.274880
-0.403058
-0.136265
0.901975
0.987304
-0.179296
-0.069857
-0.109958
0.862300
0.297342
-0.410260
-0.723197
0.442061
0.693838
-0.796564
0.596789
-0.235267
0.444990
0.752068
-0.476180
0.234474
-0.072726
-0.817377
0.674917
-0.310038
0.059664
0.706168
0.363201
-0.698111
-0.562181
-0.004975
-0.264199
-0.629933
-0.214393
0.289285
-0.261391
-0.012848
-0.822260
-0.348125
-0.194922
0.506149
0.239967
-0.804559
0.772332
0.701041
-0.487716
0.583056
-0.831416
0.505539
-0.498886
0.012848
-0.222571
0.966552
-0.415693
0.936277
-0.047884
-0.451094
0.340617
-0.981445
-0.880978
0.290506
0.901303
0.734611
0.989380
0.495773
0.510178
0.168737
-0.548814
-0.240699
-0.570788
0.512253
0.732109
-0.992798
0.270425
0.307230
-0.432661
0.249306
0.662099
0.754387
-0.214881
-0.760491
0.499191
-0.635731
-0.217689
-0.975768
-0.064730
-0.943968
0.814447
0.907834
0.521836
-0.479843
0.014191
0.337260
0.719535
-0.944151
0.349345
-0.060091
-0.110752
-0.115146
0.627613
-0.028230
0.603320
-0.762139
-0.176244
-0.987609
0.189856
0.397565
0.293924
-0.337138
0.186377
0.713858
0.651906
-0.214148
0.217139
-0.774041
0.249794
0.911618
0.862667
0.711722
0.949950
-0.571581
0.858028
-0.815729
-0.289529
-0.807978
0.958922
0.309427
-0.894406
-0.677847
0.831904
0.141636
-0.791681
-0.605945
0.307047
0.265969
0.103610
-0.729301
0.064547
0.986755
-0.500229
-0.429365
0.577441
-0.367718
-0.901791
-0.551561
0.761834
-0.625477
-0.613453
-0.295755
0.506516
0.026948
-0.952330
-0.778069
-0.333781
0.303385
0.281411
-0.223365
0.236305
-0.598193
-0.265358
-0.953063
0.975219
0.295938
-0.954405
-0.456099
0.504868
-0.222022
0.551134
-0.742912
-0.986084
0.031953
0.860897
0.129978
0.761223
0.842830
0.625050
-0.600024
0.930540
0.071566
0.715445
0.854060
-0.218970
0.645619
-0.555284
0.775567
0.756035
-0.895688
-0.557726
0.999145
0.985168
-0.251564
0.973693
-0.020722
-0.898923
-0.400250
-0.715690
-0.067843
0.844295
-0.358684
-0.967895
-0.863277
-0.780450
-0.045320
0.082369
0.238563
0.651540
-0.380535
-0.829646
-0.196203
-0.919004
0.924009
-0.765618
-0.905087
0.214881
-0.327067
-0.924070
0.619068
-0.861934
-0.254860
0.574023
-0.864925
0.777825
0.846797
0.039766
-0.046052
0.105136
0.676870
-0.287210
0.205054
0.503891
0.106479
-0.767327
-0.465682
-0.408002
0.912412
-0.680593
0.415510
0.238319
-0.361736
0.345683
0.906980
0.292947
-0.576647
-0.413312
-0.122105
0.716056
-0.996765
0.378826
-0.836604
-0.753655
-0.045808
-0.609607
0.544908
-0.595019
-0.812616
-0.262551
-0.146702
-0.199927
-0.126560
-0.390606
0.745048
0.204627
-0.653615
-0.578600
0.098910
-0.387371
0.970946
-0.381756
-0.517014
-0.243629
0.570299
-0.288003
-0.664846
-0.624622
-0.597583
-0.664418
-0.452132
0.314920
-0.173376
0.139195
0.791375
0.375835
-0.797418
-0.144627
-0.682791
-0.691275
-0.855770
0.035615
-0.753716
0.204749
0.037812
-0.793878
0.838252
-0.044893
-0.477279
-0.222999
0.412152
0.249367
-0.278237
0.376202
-0.156713
0.658559
0.418806
0.270974
0.886166
-0.135105
0.439314
0.449629
0.978698
-0.273782
0.835078
0.353496
-0.769341
-0.797235
0.655080
-0.185278
-0.488205
0.184851
0.940367
-0.745781
-0.588855
0.752190
0.481735
-0.609241
0.415571
0.202368
-0.620411
-0.986084
-0.524827
-0.241737
-0.601672
0.973266
0.832026
-0.330607
0.938902
0.635975
0.641285
0.134373
0.476119
-0.322977
-0.435774
0.326090
0.486862
0.668691
0.217322
0.403058
-0.499313
-0.933653
-0.144139
0.743034
-0.452559
-0.562426
-0.576891
0.076022
-0.381024
0.836909
-0.509140
0.162084
0.495956
0.634754
0.352947
0.968566
-0.291421
-0.402875
0.170019
-0.653188
-0.592883
0.598682
0.945616
0.017914
0.813654
0.068148
-0.265542
0.498581
-0.437361
0.008576
0.621937
0.413739
-0.205420
0.200049
0.130833
-0.678091
0.497299
-0.858882
0.149205
-0.176000
0.206214
0.996277
-0.035493
0.282815
-0.678030
0.633778
-0.094333
-0.085299
-0.652821
0.290628
-0.682546
0.551805
-0.957518
0.158116
0.320048
-0.287332
-0.446944
0.682424
-0.893307
0.667653
-0.241554
-0.964110
0.524888
0.300089
-0.937315
-0.949705
-0.686087
-0.754753
-0.827204
-0.910520
-0.190588
-0.715323
-0.071505
-0.412275
-0.907590
0.058321
-0.102634
-0.798883
-0.711966
-0.416913
-0.129307
0.214087
0.729118
0.153111
0.860408
-0.649159
0.441084
-0.033784
-0.745720
0.509445
0.023164
0.188879
0.441572
0.440779
0.304910
0.841365
0.325541
0.522263
-0.557848
0.215552
0.072176
0.089267
0.450362
0.192541
0.884396
-0.635731
-0.715262
-0.902158
0.772881
-0.388226
0.886166
-0.841487
-0.191321
-0.754204
-0.795770
0.305033
0.159215
0.032197
0.470382
0.030366
0.407453
-0.262856
-0.406781
-0.735771
-0.000702
-0.897763
-0.422346
0.087191
-0.574816
0.976806
-0.412641
-0.738517
0.332438
0.500534
-0.146092
0.961791
-0.282327
-0.813898
0.947386
0.205908
0.919553
0.212317
0.366192
-0.643483
-0.676565
0.540941
0.696463
0.711112
-0.113987
-0.060823
0.817377
0.619312
0.806146
0.079928
-0.112156
0.724418
-0.618946
-0.248085
0.905454
0.655873
0.719535
-0.209449
0.346416
-0.029023
-0.237342
-0.617908
-0.895260
0.224952
0.369366
-0.781671
-0.944456
0.665334
-0.343974
0.058260
-0.359722
-0.717643
0.375835
0.577136
-0.642384
0.543199
0.609485
-0.648671
-0.173498
-0.823115
0.744987
-0.739494
0.390118
0.600391
-0.478256
-0.432051
0.873531
-0.700980
-0.776116
0.913999
-0.815363
-0.036531
-0.586108
-0.389874
0.097446
-0.884335
0.789605
-0.282327
0.672720
0.801630
0.017975
-0.787835
0.522874
0.480087
0.260292
0.924986
0.149144
0.120029
0.583666
0.586962
-0.520127
-0.527879
0.565294
0.553148
0.648854
0.603748
-0.324503
0.033418
0.039094
0.050691
0.092685
0.808222
-0.182958
0.089999
0.633900
0.046052
0.886715
0.870479
0.825312
0.736930
0.653737
-0.894223
0.131260
-0.714164
-0.467574
-0.224647
0.936460
-0.113498
-0.657033
0.723319
0.832820
0.843501
-0.913388
-0.162999
-0.485153
-0.512131
0.406598
0.516709
0.997131
-0.190283
-0.329875
-0.689871
0.456038
0.431745
0.923460
0.687002
0.830073
0.510849
0.766472
0.662404
0.623035
-0.402631
-0.211707
-0.156102
-0.076388
0.485458
0.435041
0.487167
0.691397
0.403974
0.761223
0.517258
-0.841182
-0.673940
-0.398724
-0.499130
-0.687796
-0.101169
-0.355083
-0.627613
0.201147
0.008820
-0.317301
-0.170568
-0.236427
0.032197
0.249489
0.451460
0.433454
0.623157
0.187841
-0.562670
0.596728
0.714530
0.661184
0.350383
-0.732414
-0.418073
-0.044160
0.123264
0.538682
0.610218
-0.190222
0.319010
-0.537950
-0.695486
0.811579
0.952757
-0.633717
-0.163305
0.847102
-0.650502
0.674123
-0.528428
0.634571
-0.637806
0.800714
0.450056
0.011505
-0.624378
0.616260
-0.657582
-0.367473
-0.104343
0.023896
-0.223060
0.947630
-0.116977
-0.755669
0.978393
-0.890072
0.597034
-0.030000
-0.783929
0.577074
0.587451
0.606250
-0.377606
-0.351848
0.966369
-0.844783
0.739494
0.772698
0.926695
-0.249367
-0.447920
-0.539476
0.430708
-0.108005
-0.218421
0.524094
0.936827
-0.669362
-0.540391
0.765679
0.108860
-0.306070
0.043794
-0.227271
0.764397
0.797235
-0.375347
-0.654164
0.810663
-0.588977
0.169164
-0.154637
0.165685
-0.411176
0.038179
-0.064730
0.636341
-0.533555
-0.388714
-0.521226
-0.131932
0.371319
0.413739
0.517197
-0.850642
0.160924
-0.746330
0.492416
0.710318
-0.701956
0.637379
0.955016
0.430036
-0.464156
0.928343
-0.547227
-0.217811
0.787835
-0.634327
-0.088046
-0.347575
0.075716
0.667104
0.666799
-0.593127
0.698721
0.430769
-0.624073
0.371929
0.479232
-0.670644
-0.162511
0.567553
-0.223792
-0.952879
-0.739799
0.459334
-0.412397
0.558763
0.994263
0.703848
-0.578478
-0.139866
0.073214
0.652699
0.794183
-0.788263
0.923338
0.759331
-0.216590
-0.506943
0.391949
-0.776666
-0.144871
-0.379864
-0.534715
0.846553
-0.017243
-0.089084
0.923826
0.787530
-0.388043
-0.816706
-0.051241
-0.468368
0.579882
0.671560
0.364971
0.542100
-0.604724
0.283181
-0.542467
0.332621
0.332499
-0.508042
-0.105197
0.707938
-0.354778
0.661733
0.453291
0.567186
0.292520
-0.148350
0.195349
0.617725
-0.546739
0.526841
-0.816034
-0.308451
-0.757012
-0.867367
0.699759
-0.733757
-0.634510
0.224830
0.928220
0.429426
-0.219275
-0.163244
-0.748711
0.975890
0.817255
0.127720
-0.807184
-0.619373
0.574633
0.170141
-0.059725
0.469832
0.853633
0.600635
0.199255
-0.041963
-0.389508
-0.781915
-0.125340
0.220069
-0.991394
-0.459090
-0.627003
-0.524766
0.373150
-0.413617
-0.469100
0.063936
0.991028
0.922971
0.027375
-0.905271
0.877865
-0.777520
-0.643544
0.850887
0.517014
-0.828486
0.207739
-0.259072
0.986267
-0.663930
0.824824
0.071871
-0.278054
0.584643
-0.733207
0.883480
-0.080294
0.667348
-0.992737
0.416364
0.724845
0.986206
0.299722
0.975402
0.282815
0.915342
0.629200
-0.397015
-0.772942
-0.012726
0.880184
-0.955321
-0.916807
-0.333048
0.165380
-0.466597
-0.328959
0.101047
0.922849
-0.951231
-0.003265
0.124485
-0.451888
0.308206
0.903562
0.931761
0.679922
-0.260537
-0.122044
0.572314
0.613208
0.833491
0.013276
0.575304
0.084323
-0.453841
0.278481
-0.415265
0.195898
-0.938902
-0.943968
-0.850826
0.470504
0.833857
0.025605
0.485214
0.321024
-0.499008
0.481002
0.079073
0.247475
0.842586
0.757073
0.386761
-0.383282
-0.753410
0.452071
0.364971
0.168859
-0.128513
0.564623
-0.601550
-0.357280
0.089450
0.856807
0.564135
0.848079
0.422895
-0.208960
-0.239051
-0.561937
-0.484054
-0.920347
0.132054
-0.460860
-0.424665
0.417463
0.287210
0.859981
-0.882199
0.045320
-0.411176
-0.655507
0.768426
-0.464949
0.825190
0.687674
-0.299600
