0.584338
-0.403790
0.606006
0.715690
-0.237526
-0.872738
0.710318
-0.410382
0.726249
-0.309305
0.789789
-0.886105
-0.421369
0.183020
-0.691092
-0.098910
0.097201
0.404035
0.522996
0.549425
-0.754692
-0.223304
-0.287393
-0.929624
0.682608
0.443587
-0.520493
0.425336
0.022858
-0.714530
0.539537
-0.031770
0.750969
-0.286721
-0.981323
0.061739
0.898801
-0.143406
-0.796381
-0.998291
0.261391
0.821650
-0.313028
0.948424
-0.165502
-0.445784
0.501205
0.255715
0.511521
0.408979
0.857662
0.495346
0.431806
0.151769
-0.355754
-0.178991
0.873287
-0.848262
-0.318949
-0.913755
0.390973
0.447310
0.679678
0.305216
0.903806
-0.408612
0.182958
-0.175573
-0.285623
-0.626453
-0.924863
-0.904904
0.118442
0.824641
0.709952
-0.682302
-0.593127
0.668630
0.083224
-0.886898
-0.333781
-0.765679
-0.733451
0.366680
-0.024751
0.100620
0.532090
-0.938047
-0.956603
-0.005219
0.254738
-0.333048
0.730583
-0.781976
0.157079
0.380963
0.404035
-0.384625
0.705313
-0.619312
0.127537
0.618152
0.566942
-0.184545
0.171606
0.274941
-0.157567
-0.055818
0.396893
0.520493
0.755913
0.976806
0.604236
0.377850
-0.819575
-0.769646
-0.405744
-0.087008
0.413617
-0.868465
-0.524949
0.074435
0.687307
-0.681509
0.232826
0.323893
0.407575
-0.312296
-0.605884
0.165319
-0.830683
-0.025178
0.928892
0.849483
0.131748
-0.977721
0.424482
-0.913694
-0.449019
0.541612
-0.812311
-0.122532
-0.818964
-0.589709
-0.407025
0.714896
0.063387
0.292398
-0.133457
0.930784
-0.092929
0.251442
0.905454
0.939451
0.122349
0.773675
-0.683584
-0.708914
-0.409101
0.759575
0.755058
-0.512070
-0.645436
-0.380047
0.371258
0.406232
-0.860591
-0.295389
0.362651
0.675893
0.628834
0.551500
-0.555040
0.583666
0.391461
0.050813
-0.502060
-0.163182
0.032075
-0.073580
-0.859249
0.988952
-0.650990
0.804804
0.026582
0.072481
-0.419172
0.431867
-0.625416
-0.838435
-0.314798
-0.793146
-0.334635
-0.331462
0.598743
-0.526658
0.129734
0.129368
0.416059
-0.799005
0.270791
0.475021
-0.775323
-0.681204
0.268715
-0.636280
-0.005646
-0.048067
-0.098544
0.604175
0.519822
-0.560472
-0.963073
-0.286966
-0.562426
-0.432234
-0.828486
0.663137
0.326884
-0.281838
0.774895
-0.856990
0.211463
-0.070040
-0.474227
0.525620
0.741386
0.610950
0.032991
-0.947264
0.407941
-0.138707
-0.222205
-0.990295
0.927610
-0.067843
-0.886654
-0.155553
0.597949
0.372417
0.627735
0.708243
-0.265603
0.387371
-0.988708
0.720450
0.891903
-0.249489
0.090976
0.504990
0.107578
0.220862
0.412030
0.424360
0.426923
-0.397687
-0.883847
-0.571947
0.261452
0.967528
-0.009308
-0.125462
-0.542650
-0.456221
0.409162
0.799005
0.017792
-0.897885
-0.431013
-0.325053
-0.919980
-0.939146
-0.106784
0.512070
-0.337382
0.950194
0.584582
-0.147313
0.583728
-0.999084
0.980285
-0.730033
-0.899167
-0.592822
0.220252
0.818049
-0.790582
-0.588794
-0.460250
0.871456
0.856197
0.959227
-0.259072
0.707633
0.546251
0.978149
0.949889
0.406537
-0.351726
-0.698233
-0.800043
0.950499
0.891049
0.133396
0.153233
0.476730
-0.691702
0.346416
0.263466
-0.216163
0.468429
-0.041963
-0.589709
0.951598
-0.015107
-0.537828
0.263405
-0.957091
-0.410504
-0.882321
-0.373760
-0.887204
0.512070
-0.722526
0.737785
0.996094
0.662465
-0.818232
-0.556139
0.378216
-0.418134
0.849910
-0.129124
-0.050142
0.503708
-0.271584
0.208838
-0.529588
0.802728
-0.854976
0.564257
0.369549
0.413984
0.402509
0.487106
-0.756706
0.272866
-0.717643
0.582934
-0.242592
0.365032
-0.673940
-0.162633
0.051546
-0.863216
0.890194
-0.419965
-0.119419
-0.371563
-0.702933
-0.567125
-0.837764
0.285684
0.458357
0.621632
0.210547
0.976867
0.585314
0.100986
0.195227
-0.142369
-0.123692
0.190771
-0.874996
0.703543
0.946593
-0.537217
0.529893
-0.367229
0.405316
0.160192
0.925108
-0.845332
0.705435
0.056429
-0.113376
-0.295145
0.629383
-0.981628
-0.253273
0.794366
0.912168
-0.822199
-0.759697
0.844905
0.558580
-0.467086
0.260475
-0.368877
0.226112
0.618824
0.585070
0.269265
0.975219
0.939207
0.754692
-0.727409
0.470382
0.773247
-0.605945
0.577258
0.433760
0.679678
0.294046
-0.516709
-0.772515
0.661611
0.299966
-0.639760
-0.409772
0.545335
0.227577
0.702628
-0.393231
-0.457747
-0.100375
-0.555895
-0.337931
0.824763
0.554735
0.959288
-0.008637
-0.555284
0.649342
0.556444
-0.500595
0.033784
0.726005
-0.650319
0.069369
0.059908
-0.327494
-0.124058
0.469527
-0.629017
0.302408
0.251320
0.969787
0.292764
0.622547
0.136570
-0.053499
0.200720
-0.983032
-0.681143
-0.539781
-0.968688
-0.183081
-0.357707
-0.805780
0.261025
0.030854
0.320658
-0.832453
-0.688589
-0.893796
0.393414
-0.510910
0.259316
0.966857
-0.106662
0.973327
0.176000
-0.086398
-0.662404
0.134129
0.842463
0.723441
0.956420
-0.156957
-0.632313
0.804132
0.011261
0.087130
-0.285989
-0.306742
0.259926
0.100620
-0.177770
0.799921
-0.866634
0.562670
0.109348
-0.565172
0.079134
-0.806269
-0.704703
-0.317484
-0.943541
0.741752
-0.466597
0.389386
-0.715262
0.458357
0.887082
0.108737
0.447127
0.118625
0.080050
-0.602222
-0.266030
0.889706
0.558214
0.107578
-0.060396
0.243629
0.661245
-0.124912
0.498154
0.694143
-0.815851
-0.632191
0.887936
-0.365886
-0.389691
0.931028
-0.155919
-0.177831
-0.233680
-0.850032
0.421125
-0.836665
0.994079
-0.365337
-0.640126
0.589526
-0.230018
-0.945067
-0.053133
0.786065
0.127232
-0.233558
-0.845454
-0.734184
-0.913205
-0.010102
-0.434065
-0.032136
-0.284097
-0.850459
-0.479293
-0.848506
0.564806
0.225684
-0.939817
-0.994629
-0.911557
-0.616932
-0.289834
0.975585
-0.589831
-0.060823
0.729362
-0.490158
0.917783
0.624378
-0.218116
-0.101169
0.531541
-0.263466
-0.164708
-0.000763
0.575793
-0.911313
0.632740
-0.704520
0.338908
0.052583
-0.204871
0.205054
-0.543443
-0.738639
0.532823
-0.904782
0.870296
-0.103244
-0.333720
0.052644
-0.491745
0.720145
-0.079134
-0.420392
0.420454
-0.731132
0.786493
-0.506943
-0.054476
0.319315
-0.370708
-0.007660
0.454878
-0.229652
-0.175207
0.360027
-0.746696
0.129368
0.213172
0.695853
0.785516
0.507248
-0.548509
0.840388
-0.849666
-0.298990
-0.931700
-0.447798
-0.497360
-0.256081
-0.430403
-0.144444
0.600757
0.778619
-0.060762
-0.032807
0.123753
-0.526719
0.300394
0.235878
0.487472
0.841914
-0.141087
-0.491623
-0.053255
-0.011994
-0.995972
-0.371380
-0.780206
-0.018036
-0.270608
0.841426
0.624195
0.586169
-0.672475
-0.773492
0.076815
0.826167
0.451765
-0.531602
-0.680715
-0.380291
-0.744926
-0.544176
-0.599902
-0.591113
0.164037
-0.129246
-0.402142
-0.377239
0.903500
0.709525
0.473922
-0.499313
-0.689810
-0.969115
-0.095981
-0.357646
-0.423566
0.127232
-0.803095
-0.817377
0.510117
-0.307352
-0.782769
-0.293619
-0.271523
-0.040498
0.450484
-0.725517
-0.695486
0.206458
-0.895383
0.488693
0.673452
0.680105
0.121128
0.284097
0.427473
0.536302
-0.544298
-0.006439
-0.530625
0.842341
-0.620472
0.694571
-0.098605
-0.251320
0.310465
0.957335
0.085726
0.763848
0.047639
-0.225074
0.697623
-0.196936
0.510300
0.346721
0.906247
-0.841487
-0.915525
0.458602
0.809259
0.715140
-0.864620
0.838069
0.739494
0.763970
0.730033
-0.940611
0.695608
-0.648549
-0.542772
-0.578906
0.396649
0.340617
0.014496
-0.264992
0.305643
-0.853084
-0.251991
-0.134434
-0.871212
-0.574328
0.783441
-0.786737
-0.205359
0.218604
-0.065340
0.735343
-0.765923
0.130589
0.920774
-0.558153
-0.648488
-0.763970
-0.611560
-0.796625
0.981567
0.687246
-0.393353
0.249855
0.293008
-0.966613
-0.188757
-0.909970
-0.926817
-0.054781
-0.417890
-0.605457
0.394696
0.591784
-0.430342
-0.747978
0.794549
-0.645070
0.425459
-0.273232
-0.991882
-0.379925
-0.791986
0.765557
-0.772454
-0.946471
-0.630116
-0.545701
-0.479598
0.970458
0.719718
0.346782
-0.698111
0.611255
-0.134739
0.382122
0.325236
-0.647328
0.769890
-0.904965
0.911740
-0.169042
0.508286
0.509201
-0.281594
-0.028962
-0.193457
0.067293
0.278481
-0.251991
-0.180761
-0.952818
0.260781
-0.601550
-0.524644
0.387738
0.132237
0.961974
0.887020
0.919248
0.031831
-0.708426
-0.322733
0.167760
0.926389
-0.159948
0.595141
0.607959
-0.748589
-0.102451
0.014313
0.291360
0.420270
0.161351
0.511032
0.123875
0.773797
-0.677175
-0.729423
-0.990539
-0.092990
0.551866
0.920713
0.546556
0.518113
0.301309
-0.894162
0.708182
-0.539781
-0.658132
-0.792108
-0.263649
0.049226
0.371014
-0.002106
0.607654
0.929624
0.072726
0.565416
0.033296
0.383770
-0.413495
-0.707938
-0.618397
-0.265297
-0.686758
-0.790582
-0.060945
-0.202063
0.409894
-0.431135
-0.104770
-0.025239
0.637745
-0.848323
-0.634388
-0.886471
-0.092502
0.497665
0.327006
0.950438
0.678762
-0.697134
-0.429487
-0.220008
-0.273904
0.598682
0.030610
-0.254555
-0.544786
0.948485
-0.183569
0.160741
0.874264
0.854549
0.946837
-0.714347
0.461043
0.779778
-0.780816
-0.918699
-0.127842
-0.935667
0.878475
0.900693
0.526292
0.973571
-0.380352
0.541002
-0.178503
0.789972
-0.250587
-0.186499
0.192053
-0.443831
-0.789727
-0.948912
0.369304
0.799188
0.436445
-0.352458
-0.180639
-0.167150
0.083712
-0.075900
0.951170
-0.400250
-0.672353
0.048738
-0.752129
0.487777
0.571154
0.175024
-0.113926
0.709708
-0.819391
0.032746
-0.793878
0.085665
-0.132176
-0.045503
-0.647206
0.944884
0.377606
-0.358562
0.379254
-0.440046
-0.804254
0.860714
0.955870
0.228004
0.116916
0.909421
0.208289
0.317301
-0.084872
-0.284158
0.207678
0.186682
0.212317
-0.424665
0.437971
0.455061
0.748283
0.831538
0.803278
-0.598621
0.261879
-0.166234
-0.263344
-0.528916
0.272927
0.873592
0.806574
0.332438
0.282693
-0.081515
-0.063936
0.561693
-0.052095
0.473006
-0.526963
0.999023
0.519700
0.462691
0.283303
0.436811
0.234230
-0.682730
0.518113
-0.916807
-0.410443
-0.749809
0.683584
-0.300455
0.920408
-0.198035
-0.834712
-0.913938
0.000397
-0.100070
-0.482101
0.253883
-0.905393
0.617176
0.163610
0.379498
0.338420
-0.582873
-0.614673
-0.709342
0.299905
-0.421308
-0.541795
-0.610096
0.333842
-0.756890
0.519089
-0.288553
-0.760247
0.989380
0.308023
0.853084
-0.637013
0.073214
0.790033
0.493210
-0.842036
0.854671
0.256752
-0.202551
0.792596
-0.977477
0.833674
0.511887
-0.322550
0.037873
-0.293374
-0.299112
0.356243
0.760186
0.202857
-0.516709
0.660451
0.953612
0.234657
0.375469
-0.578234
-0.191748
-0.673818
0.607898
0.947386
0.203284
0.835261
-0.021271
-0.717643
-0.042695
0.498337
-0.328349
-0.163366
0.356182
-0.820856
-0.973083
-0.460921
0.083895
-0.040315
-0.872433
-0.278603
0.457869
-0.627003
-0.884213
-0.758171
-0.166723
-0.410749
0.156285
0.603626
0.861995
0.830805
-0.876705
0.686758
0.994507
0.054781
0.179968
-0.080966
0.097079
-0.070650
0.491440
0.834468
0.083346
-0.046419
0.229163
0.414594
0.249245
0.494675
-0.455855
-0.747185
0.449446
0.008576
0.757500
0.312235
0.893185
-0.574572
-0.713492
-0.804559
-0.507248
-0.030427
0.165685
-0.815668
0.116062
-0.837214
0.393170
0.117954
0.908139
0.992676
-0.341166
0.111667
0.537339
0.572497
-0.738762
-0.880184
-0.003021
0.048433
-0.046724
0.696402
0.079562
-0.289163
0.937803
-0.471297
0.327616
0.866634
-0.417707
0.193884
-0.856563
0.901303
-0.563829
-0.677908
0.862911
-0.364299
0.263466
-0.119724
-0.130589
-0.035249
0.439924
0.032258
-0.943907
-0.535325
-0.924558
0.601856
-0.640553
0.643422
-0.778558
-0.285623
-0.869930
0.391644
-0.718497
0.886776
0.335429
-0.957091
0.636097
-0.206946
-0.047395
-0.052767
-0.813410
-0.095614
-0.434004
0.956664
0.729057
0.836726
-0.084384
-0.799127
0.477889
-0.922422
0.387005
-0.498947
0.204016
-0.061556
0.300882
-0.925962
0.552293
0.150792
0.403729
-0.545640
0.834101
0.421003
0.051912
0.554613
0.717582
0.350017
0.835139
0.478439
0.320109
0.017731
-0.683279
0.980468
-0.946532
0.098788
0.823542
0.174413
0.432051
0.253639
-0.185522
-0.933409
0.442183
-0.993530
-0.677419
0.288003
0.585498
-0.384686
0.907285
0.184057
0.462569
0.782952
0.504074
0.068026
0.140294
0.340495
-0.679495
0.929136
0.406293
-0.568041
-0.450240
0.539598
0.612476
0.860897
0.664052
0.351421
-0.561876
0.408124
0.439802
0.072054
0.174169
-0.573473
-0.528245
-0.746330
0.018036
-0.676321
-0.155370
-0.372967
-0.810480
-0.400311
0.952818
0.121006
0.566088
0.907651
0.804254
-0.635426
-0.916929
0.450423
0.053133
-0.200781
0.550707
-0.373272
0.667104
-0.505844
0.790887
-0.700064
0.462081
0.522568
-0.935606
-0.089450
-0.205664
0.837275
0.952635
-0.315592
-0.634327
-0.322611
0.054720
0.633961
0.724113
0.415815
0.337443
0.613330
0.388531
0.855464
-0.086581
0.994690
0.908444
0.738151
-0.573962
-0.861446
0.975890
0.050813
0.751396
0.107639
-0.121006
-0.206702
-0.959838
-0.986572
-0.702872
-0.510483
-0.000336
-0.174291
-0.808832
0.240638
0.142735
-0.725272
0.107517
0.031404
0.370464
-0.156224
-0.679922
0.701468
-0.997681
0.825922
-0.093783
0.234046
0.555956
-0.048250
0.254738
0.853389
0.538560
0.747063
0.507248
-0.695975
-0.833186
-0.938231
0.496506
0.228980
0.830927
-0.043672
0.469588
-0.768365
0.244789
-0.033540
-0.256508
-0.364544
-0.061495
-0.461409
0.629872
0.965270
0.275307
0.102023
-0.383465
-0.053804
-0.519211
0.254128
-0.694327
-0.332377
0.143773
0.105564
0.474166
0.841426
0.172765
-0.593860
-0.278603
-0.457320
-0.308390
-0.234474
-0.108554
0.544603
-0.182714
-0.983215
0.423383
-0.252663
-0.547472
-0.103000
-0.682852
-0.328532
0.318400
0.457564
-0.651357
-0.418012
0.081271
-0.594470
-0.859066
-0.881100
0.564501
0.648061
-0.078097
0.368145
-0.943602
0.439558
0.692618
-0.675344
-0.181982
-0.422346
-0.651296
-0.754875
-0.626026
0.069796
-0.294595
-0.369915
-0.950743
0.577868
-0.386700
-0.567431
-0.326823
-0.907773
0.954833
-0.436689
0.473739
-0.164647
0.157201
-0.421186
-0.774407
-0.695303
0.309977
0.935850
-0.012055
-0.597705
0.743767
0.770135
0.029145
0.792291
0.542711
-0.040559
0.176672
-0.652211
0.817011
0.983215
0.683157
0.563524
0.044343
-0.395306
-0.801996
0.906613
0.937132
0.585253
0.455794
0.623280
0.710257
0.667531
0.200171
0.566393
0.871395
-0.273476
-0.739128
-0.507248
0.881039
-0.291177
-0.314676
-0.752373
0.505722
-0.648793
-0.405011
0.741508
0.628712
-0.365215
0.435957
-0.842463
0.093905
-0.840266
-0.993835
0.235084
-0.643361
0.271706
0.581225
-0.604602
-0.028169
-0.010529
0.737968
0.428083
0.631825
-0.686880
-0.341105
0.026582
0.525132
-0.461898
0.833491
-0.115146
0.860103
-0.571825
0.323283
0.541368
-0.798822
0.989563
0.800104
0.614307
-0.078280
-0.210059
-0.146031
-0.913633
-0.706290
0.394391
-0.507370
-0.988586
-0.236061
0.078890
-0.289285
0.126133
0.626453
0.676199
0.234596
-0.554125
0.454512
0.481063
0.297220
0.250710
0.367901
-0.251320
-0.596484
0.013092
-0.988159
0.358989
-0.880612
-0.280862
-0.139805
0.347942
-0.579760
0.656850
-0.945921
0.203162
-0.871273
-0.710929
0.142796
0.167089
0.853694
-0.528245
-0.979186
-0.737724
0.538743
-0.645192
0.102817
-0.777215
0.864986
-0.427107
0.507004
0.905210
-0.448286
0.195471
-0.335490
0.077303
-0.410260
-0.369671
-0.875729
-0.573290
0.821345
0.096835
0.564806
0.072359
0.330912
0.499313
0.662404
0.354595
-0.806513
0.340983
-0.208533
-0.860042
-0.166051
0.233314
0.908933
0.722037
0.883236
-0.067904
0.940306
0.947874
0.604846
0.383587
-0.336650
-0.227393
0.598376
0.835994
0.056307
0.293374
-0.345805
-0.130222
-0.072726
-0.424360
0.651173
-0.106357
-0.165624
-0.292947
-0.799310
0.063692
-0.237281
-0.845149
-0.832453
-0.512131
0.900815
-0.136814
-0.795709
-0.041719
0.211768
0.962096
0.746086
-0.633839
-0.775811
0.914731
0.221107
0.215613
0.714103
0.750359
-0.070101
-0.113071
-0.136021
-0.317667
-0.623341
0.663076
-0.882260
-0.374065
-0.293313
-0.474593
-0.982421
0.694510
0.759026
0.376507
-0.290689
0.617420
0.356487
-0.223975
0.668630
0.758599
-0.156529
0.364177
0.658193
-0.360027
0.544725
-0.937193
-0.013764
0.568468
0.829768
-0.833369
-0.854854
0.860347
