-0.625416
-0.746574
0.900876
0.036348
-0.109592
0.647206
-0.172704
0.031343
0.742119
-0.589465
0.745293
0.379009
0.105014
-0.231239
-0.389264
0.831660
0.201697
0.383465
-0.450850
-0.175268
0.087069
-0.290994
0.777154
-0.479110
0.162084
-0.602588
0.403302
-0.904172
-0.409589
0.025056
-0.997620
0.421979
0.851924
-0.640187
0.282815
0.651234
0.214393
0.327799
-0.191259
-0.517685
0.917844
-0.704215
0.840938
-0.569201
0.843013
-0.961119
0.584887
-0.426984
0.085116
-0.679312
-0.623585
0.751213
-0.136998
-0.573473
-0.709586
0.241493
-0.803766
-0.542100
-0.721549
-0.807917
0.832698
0.241066
-0.542711
0.183874
-0.253212
-0.032197
0.120884
-0.787286
0.990783
0.517624
0.367534
0.093905
0.968566
-0.365459
-0.470443
-0.268410
-0.971740
-0.344035
-0.175268
0.152745
-0.696219
0.026093
0.312601
0.340922
-0.164159
-0.332621
-0.923399
0.404950
-0.487716
-0.477462
0.964049
-0.746513
-0.371136
-0.601428
-0.134434
-0.376873
0.869991
-0.659230
0.291116
0.391522
0.688162
-0.979614
-0.638173
-0.874325
0.570605
-0.270608
-0.885556
-0.553697
-0.441511
0.481552
-0.512375
0.464095
-0.183203
0.525803
0.022370
-0.280923
-0.457991
0.574023
-0.813288
0.323771
-0.241310
-0.426862
0.852596
0.357768
-0.272134
0.256508
0.439314
-0.860897
0.739433
-0.813166
-0.115879
0.589831
-0.853328
0.342448
-0.691580
0.035432
0.890439
-0.186743
-0.336344
0.584521
0.578356
0.438398
-0.962828
0.721305
-0.665883
0.455855
-0.026582
0.390851
-0.770623
-0.544359
-0.526597
-0.353191
0.459944
-0.492355
-0.969420
1.000000
-0.480026
0.437910
0.822748
0.569384
0.603015
0.016633
-0.620655
-0.458052
-0.387799
-0.398907
0.986084
-0.572924
0.990539
-0.592151
-0.700247
-0.658010
0.507065
0.393170
-0.671010
-0.754753
0.317789
0.772332
-0.239296
-0.457930
0.775018
-0.184729
-0.444685
-0.274819
-0.562609
-0.701224
0.184851
0.621998
0.013642
0.801263
0.263955
-0.452437
0.464705
0.547288
-0.549120
-0.078280
0.158971
0.000336
-0.512558
0.714469
0.568224
-0.499130
-0.297647
-0.612537
-0.563097
0.598254
0.951109
-0.093173
0.070406
0.030915
-0.705618
-0.346660
-0.173193
-0.586352
0.588244
-0.780328
-0.884762
0.466597
-0.555528
0.982116
-0.842647
-0.820856
-0.587207
-0.479659
-0.615345
-0.405255
0.137669
0.475143
0.753410
-0.453475
-0.445967
-0.291421
-0.484603
0.053560
0.279397
0.537461
0.092013
-0.241371
-0.990417
-0.162633
0.927000
0.558214
0.777764
-0.203833
0.566881
-0.342998
-0.563768
0.210791
-0.241432
0.711661
0.787408
0.083834
-0.879086
-0.469832
-0.111362
0.716361
-0.009919
-0.732475
-0.930418
0.300699
0.561022
0.717215
0.619922
-0.579394
0.959899
0.839228
0.953368
-0.328471
0.137364
0.922788
-0.877804
0.212622
-0.357524
0.423933
0.854549
-0.427961
0.653493
-0.706656
-0.021516
0.206885
0.154393
0.253456
-0.365459
0.000641
-0.722648
0.614734
-0.585925
0.062960
-0.593921
0.190405
0.417280
0.566027
0.706046
-0.715384
0.877194
0.666311
-0.311625
0.420576
-0.541734
0.167394
0.073702
-0.397931
0.265053
-0.662282
0.801447
-0.972228
0.913144
0.972411
-0.707999
0.650136
-0.001251
-0.397687
0.413312
-0.661794
0.792230
-0.236854
-0.980102
0.402020
-0.223304
0.234413
0.660939
-0.320109
-0.013153
0.939695
0.990478
0.598010
-0.691275
0.524033
0.333720
-0.218787
0.653798
0.033906
0.045686
-0.828730
-0.570299
0.700186
0.731010
0.573351
-0.659963
-0.642323
0.475753
-0.592944
-0.971923
0.709464
0.488937
-0.173498
0.993164
0.586718
-0.991943
-0.040864
-0.150243
0.574694
0.645497
-0.639027
0.463363
0.177953
-0.004364
-0.180700
-0.073092
0.569018
-0.083346
-0.835505
0.778558
0.254616
0.233497
-0.115513
0.603687
-0.069002
0.324870
0.011139
-0.787713
-0.751274
-0.979858
-0.999878
0.709952
-0.612476
-0.501267
0.119053
0.303934
0.046602
0.803278
-0.356059
0.568834
0.742729
0.953734
-0.702322
0.404035
-0.024812
0.463485
0.942747
-0.123508
-0.971374
0.238441
0.427290
0.633351
-0.379192
0.451033
0.445601
0.643300
0.501572
-0.095431
0.487472
0.827570
-0.756951
-0.807855
0.699087
0.785333
0.692618
0.517136
-0.760613
-0.299112
0.711661
0.864498
0.424116
-0.894894
0.578600
-0.003937
-0.359905
0.742241
0.500412
-0.796075
-0.296793
0.503891
0.675222
-0.376263
0.306436
0.537034
-0.777886
0.562670
0.974731
0.957213
-0.058443
0.990112
0.371685
0.910337
0.084567
-0.913755
0.342753
0.879574
0.437788
-0.235267
0.739982
-0.522385
0.390667
0.077242
0.870724
-0.408002
0.202429
0.792657
0.231910
-0.695059
0.549852
0.681265
-0.431684
-0.559008
0.744865
0.575732
0.065157
-0.192236
-0.488327
-0.810053
-0.877194
-0.999145
-0.561998
-0.963561
-0.111606
-0.775140
-0.184729
-0.328837
0.327738
-0.469588
-0.866634
0.911618
0.665212
0.229041
0.469588
0.748405
-0.277505
0.126377
0.564928
-0.714713
0.353313
0.542528
0.336833
0.315714
-0.820307
-0.299356
0.557115
-0.615345
-0.573168
0.202002
0.527940
-0.896603
-0.022065
-0.722098
-0.877438
0.978027
0.024506
-0.216834
-0.219581
0.426923
-0.178747
-0.574999
0.376019
-0.688528
0.459334
-0.233497
-0.269997
0.637562
-0.294656
-0.833796
0.600146
-0.015839
0.811457
-0.081149
-0.138035
-0.333293
-0.542589
-0.172094
0.111728
-0.257851
-0.200903
-0.998291
-0.984313
-0.641041
-0.694143
-0.639393
-0.043184
0.749687
-0.284158
0.264626
-0.230079
-0.680898
-0.076815
-0.945494
-0.640309
-0.778130
0.593860
-0.975036
0.274697
0.009369
0.899899
-0.275246
0.179540
-0.604785
0.617847
0.359722
-0.038484
-0.561571
0.963256
0.611682
-0.655568
0.318766
0.173376
0.233924
0.664968
0.640309
0.003571
0.434065
0.750053
0.120151
-0.224830
-0.603442
0.193152
0.178686
0.052461
-0.016144
0.483932
0.807428
0.209143
0.243263
0.307352
0.066134
-0.462630
-0.794183
-0.609363
-0.762017
0.929991
-0.462996
-0.000153
0.923338
0.038362
0.984985
-0.783624
-0.641591
0.301065
0.795404
0.753166
0.346477
0.111240
-0.531419
0.620777
-0.567980
-0.683706
0.878414
-0.004913
-0.235389
-0.099277
0.455489
0.806391
0.113804
0.823908
-0.099765
-0.971984
-0.537156
0.883480
0.731742
-0.761162
0.571947
0.657216
-0.456221
-0.008759
0.710135
-0.225684
-0.847957
0.812067
0.648793
0.974914
-0.091708
-0.772576
-0.326945
0.849055
0.366131
0.482345
0.436323
0.079989
0.069674
-0.596484
0.353008
-0.277993
0.814875
0.725211
-0.125034
-0.112949
0.887265
0.237465
-0.406232
-0.660390
0.092563
0.242714
0.916196
-0.360515
0.182348
-0.779778
0.538560
-0.562731
0.498703
0.740654
-0.715690
0.619190
-0.666372
-0.392010
0.901181
0.447005
0.579882
-0.970275
-0.262551
0.745903
-0.382061
-0.889706
0.372600
-0.352641
-0.617237
0.131199
0.049715
-0.138951
-0.021027
-0.478256
-0.248878
0.136021
0.304178
0.443709
-0.359539
-0.491928
0.001373
-0.242836
0.361187
-0.520371
-0.641102
-0.371319
-0.826350
0.403729
-0.232765
0.858943
0.694998
0.681936
-0.867489
-0.119053
0.809320
0.793878
-0.000885
0.766839
-0.835994
-0.681936
-0.444990
-0.222571
-0.928343
0.084994
0.517258
-0.101047
0.993835
0.722159
0.500595
0.300455
-0.775323
-0.569811
0.943236
-0.301492
0.031465
-0.659658
0.690603
0.060762
0.567614
0.806879
0.861324
0.449263
-0.781915
-0.757073
-0.945677
0.970336
0.029633
0.421674
0.031587
0.397076
-0.930601
-0.756951
0.497665
-0.529893
0.356670
-0.355510
0.644093
0.630360
0.956236
0.077914
-0.489608
-0.311014
0.605823
0.119236
0.483505
-0.189001
-0.267190
0.770867
0.667165
0.422773
0.747551
0.680898
-0.696158
0.416486
-0.884213
-0.769280
0.772271
-0.121067
0.278115
0.311869
0.803522
-0.893185
-0.732719
-0.034516
-0.644948
-0.163488
0.800958
-0.721854
-0.365764
0.506821
-0.554491
0.514573
0.906858
0.878109
0.119419
-0.149876
-0.630543
-0.020173
-0.822138
0.023652
0.149510
-0.095798
-0.391705
0.340129
0.771355
-0.571581
-0.408368
0.358806
-0.385907
0.912717
-0.534227
0.306375
0.348125
0.115513
0.886532
-0.033662
0.853938
0.235206
0.815851
0.570055
-0.843562
-0.561876
-0.131138
-0.684256
0.594226
-0.037019
-0.308023
0.955138
-0.216407
0.544542
-0.678701
0.269997
0.975951
0.733940
-0.149205
-0.654592
-0.695486
0.131809
0.766472
-0.127171
0.062349
-0.383038
-0.777154
-0.054598
0.029084
0.922727
-0.923338
-0.595325
0.153905
0.028169
0.313028
-0.785821
0.168188
-0.471480
-0.071810
-0.880551
0.533067
-0.743583
0.161229
0.704459
0.396405
-0.219825
0.929136
-0.539476
0.371624
0.036470
-0.984191
0.369427
-0.234474
0.123325
0.919675
-0.266762
-0.961852
-0.657094
-0.251442
0.207068
-0.172704
0.347087
-0.231361
-0.297342
0.725455
0.776482
-0.942869
0.132298
-0.228370
0.406354
-0.856868
0.155919
-0.684500
-0.750298
0.976684
0.793695
-0.244850
-0.339152
0.834590
0.104465
0.522935
0.433149
-0.436323
-0.008454
-0.463301
-0.983520
0.906064
0.618152
0.362407
-0.692251
0.700613
-0.497177
-0.081698
-0.397565
-0.638050
0.663747
0.987243
-0.580676
0.298929
0.567553
-0.450850
-0.383221
-0.419233
0.790216
-0.298868
0.046602
-0.852962
-0.005951
-0.202063
-0.430036
0.943724
-0.376019
-0.225135
0.073397
0.433027
0.944334
-0.449690
-0.142796
-0.465804
0.446760
-0.020112
0.755486
-0.569445
0.492599
0.759819
0.199988
0.817866
-0.249306
-0.601794
0.852657
-0.641530
-0.775445
0.179907
-0.728202
0.253517
0.055879
0.701529
0.391278
-0.534532
-0.299234
0.254799
-0.050874
0.011505
0.541368
-0.331156
-0.988159
0.160985
-0.931333
0.273782
-0.735221
0.498093
0.948302
0.010895
-0.855586
-0.189673
0.489303
0.294107
-0.930479
-0.882748
0.110752
-0.643849
0.831233
0.800165
-0.888852
0.159520
0.263710
-0.718986
-0.839167
-0.276162
0.616565
-0.635487
-0.184484
0.088168
-0.049409
-0.304056
-0.474654
0.549242
-0.486679
-0.160802
-0.987060
-0.752251
-0.448408
0.079806
-0.445723
0.357646
-0.874752
0.198828
0.650441
0.456648
-0.434797
0.198767
0.194494
0.447798
-0.351543
-0.986328
0.701712
-0.496689
0.981506
0.226905
0.087558
-0.353496
-0.937193
-0.031648
0.611255
-0.004059
0.378826
0.589282
0.681814
0.312296
-0.508591
0.045198
-0.743828
0.492843
0.041658
0.822443
-0.766106
-0.932676
0.821345
-0.357952
-0.774407
0.930784
-0.961364
-0.827631
-0.859249
0.574084
-0.160192
-0.016572
0.810724
-0.496872
-0.377850
0.984252
0.216346
0.628834
-0.918516
-0.647023
-0.407025
0.281961
-0.684133
0.310770
-0.911496
0.831904
0.119236
0.699149
0.444502
0.787774
-0.781182
0.526048
0.140294
0.450301
0.879208
0.028962
-0.847591
0.734428
-0.029084
-0.186071
-0.607898
-0.430952
-0.579760
-0.046541
0.186682
0.497238
-0.179113
0.245338
0.084811
-0.665090
-0.484664
0.210425
0.258278
0.922422
-0.188879
0.828303
0.159337
-0.795160
-0.558641
-0.335246
-0.585986
-0.645070
-0.077303
-0.392987
0.145421
-0.510483
-0.981628
-0.059359
-0.601794
-0.644642
0.590136
-0.685537
-0.940916
0.713675
0.892819
0.389325
0.456221
-0.300821
0.487228
0.616993
-0.998840
0.069308
0.736625
-0.669485
0.214087
0.321268
0.074740
0.057161
-0.113254
0.176672
0.849910
-0.753044
0.309977
-0.790155
0.622913
-0.054659
-0.413739
0.813593
0.865291
0.667470
-0.608875
-0.287820
-0.084140
-0.192236
-0.227821
-0.072970
0.027070
0.435469
-0.987671
0.344646
-0.531114
0.212256
0.450423
0.100131
-0.779717
0.941465
0.823176
0.141575
0.298074
0.570177
0.284585
-0.791742
-0.824946
-0.038118
-0.304971
-0.632740
0.992187
-0.422651
0.349101
0.396710
-0.113559
-0.849727
0.648488
-0.531724
0.479843
0.666433
0.090793
-0.697562
0.136143
0.098788
-0.371990
0.667531
0.713065
0.116184
-0.972228
-0.616932
-0.809442
-0.737907
-0.896725
-0.962645
0.192541
0.874081
-0.042207
-0.038423
-0.965758
0.164769
-0.798944
-0.553819
-0.783074
0.354717
-0.486557
0.694754
0.227454
-0.608325
-0.535081
-0.473556
-0.406354
0.435896
-0.789911
-0.440168
0.794061
-0.939756
-0.143834
0.575488
-0.924863
-0.810175
-0.599780
0.687124
-0.614551
-0.161718
0.896359
0.129856
-0.072115
-0.393170
-0.915708
-0.182470
0.189856
0.429548
0.188513
-0.187841
0.230079
0.375530
-0.018036
0.193823
0.794610
0.390667
-0.616749
0.090060
0.242958
0.935240
-0.986389
-0.976928
0.017426
0.659658
-0.364116
0.429426
-0.113987
0.466292
-0.195959
-0.400372
-0.426435
-0.124180
0.812250
-0.854183
0.141148
-0.104587
0.628834
-0.709403
-0.115085
0.341716
0.493515
-0.833552
-0.441755
0.088351
0.359722
0.853633
-0.990356
-0.674917
-0.252968
-0.951720
-0.631031
0.488388
0.108921
-0.162938
0.226966
-0.718741
0.952818
0.820124
0.166112
0.747856
-0.117405
0.823298
0.696707
-0.868892
0.299478
-0.565477
0.519028
0.614856
-0.335551
0.263466
-0.262978
-0.225623
0.029511
-0.348735
-0.264565
0.374187
-0.934080
-0.004975
0.280435
0.418744
-0.825861
0.403974
-0.013215
-0.447249
-0.991882
-0.405866
-0.526048
0.867061
-0.435286
0.429853
-0.633351
-0.415754
-0.576769
0.913205
0.060152
-0.437788
0.740471
0.967467
-0.114475
0.635121
0.957762
0.189489
-0.896359
-0.851192
-0.155065
0.906186
-0.271462
0.682608
-0.004547
-0.005585
0.622120
-0.870540
0.974792
-0.059603
0.001740
0.300333
-0.424970
0.613575
-0.742912
0.705130
-0.907773
-0.425764
0.161473
0.520310
0.921079
0.946043
-0.475021
0.683828
0.491012
-0.476730
0.901059
-0.331889
0.164525
-0.204688
0.944456
0.437117
-0.635426
-0.360576
-0.219092
-0.905942
0.424055
0.418622
0.055696
-0.316874
0.637074
0.866024
0.073214
-0.326518
-0.224281
-0.225013
0.042024
-0.994995
-0.048250
-0.515671
-0.950194
-0.421735
0.742546
0.509812
0.072726
0.199499
0.991211
-0.251503
0.432173
0.468856
0.038057
-0.803339
0.934324
-0.207923
0.014863
-0.949644
-0.652760
0.885434
-0.659169
0.974548
0.684194
-0.579333
-0.492477
0.018464
0.257851
-0.087497
0.774529
-0.242470
0.908567
-0.573412
-0.024812
-0.453719
-0.059114
-0.108860
-0.635121
0.885617
0.948424
0.987915
0.014435
0.521043
0.956053
-0.912412
-0.478133
0.588061
0.506211
-0.906064
-0.311563
0.143773
0.798700
-0.301187
-0.854366
0.938719
0.373577
-0.876278
-0.682730
-0.926817
-0.819086
-0.057894
-0.017975
-0.387188
0.521775
-0.330546
-0.585498
-0.088900
-0.953856
0.537339
0.074007
0.951415
-0.712821
-0.084384
-0.399274
-0.835322
-0.335185
0.203711
0.716483
-0.218604
0.084078
-0.635487
0.941588
-0.855647
0.026032
0.066622
-0.383282
-0.794977
-0.729362
0.344096
0.463668
-0.826655
0.570177
0.153294
-0.933958
-0.662709
-0.833369
-0.405683
0.953001
-0.874081
0.381085
-0.213355
-0.923154
0.028962
0.830256
0.838801
0.772393
-0.814386
-0.613575
0.968383
0.361003
-0.079196
-0.416669
-0.996460
-0.531602
-0.090854
0.687307
0.471847
-0.478622
-0.807001
-0.197790
0.689138
-0.671255
0.187170
0.547655
0.595996
-0.584948
-0.943785
-0.138951
-0.739250
-0.288003
-0.802301
0.350749
0.025422
-0.083468
0.945372
-0.137608
0.925840
-0.078280
-0.616932
0.307779
0.323405
-0.515488
0.244545
-0.381756
0.812311
0.005341
0.265419
0.543626
0.713004
-0.340800
-0.355693
-0.880734
-0.055757
-0.050569
-0.142674
-0.768120
0.143345
0.557787
0.286905
-0.021332
-0.951292
-0.316874
-0.014618
0.810053
0.413251
-0.554186
0.957823
-0.994079
-0.574816
-0.386456
0.886776
-0.989868
-0.085177
0.462447
-0.708975
0.404096
0.944517
0.964660
0.031709
0.639821
-0.166234
-0.630421
0.193701
0.739494
0.241737
0.989929
-0.955687
0.170507
-0.640675
0.189917
-0.422895
-0.367962
-0.130039
0.689444
0.965697
0.049959
-0.860836
-0.372051
-0.812372
0.153356
-0.996338
-0.893124
0.921751
-0.661794
-0.853267
0.082064
0.500717
0.777276
-0.289041
-0.817377
-0.377422
-0.406293
-0.635121
-0.360088
0.268410
-0.163915
0.246498
-0.672720
0.951720
-0.418195
0.277505
-0.398846
0.788873
0.198462
0.377606
0.019562
-0.539171
0.103488
-0.187048
0.620594
0.984924
0.201453
-0.061251
0.408185
-0.637989
0.434614
0.668752
0.987365
-0.013092
-0.016266
-0.982482
-0.221656
0.241432
0.694754
0.245277
0.447737
-0.402692
0.832026
-0.867672
-0.762871
-0.503769
0.478500
0.452681
0.384503
0.916929
-0.687796
0.986877
0.176611
-0.335612
0.477706
0.482589
-0.021882
-0.305765
-0.184790
