0.995483
0.649220
-0.101352
-0.070162
-0.757683
-0.936033
-0.784600
-0.878170
0.587024
0.857723
-0.787042
-0.793695
0.139866
-0.559191
-0.827998
-0.370708
0.669057
-0.309854
-0.554979
0.132786
-0.106662
0.957335
0.124546
0.392560
-0.294595
0.699698
0.037263
-0.002716
-0.563280
0.990234
0.716239
-0.791559
-0.968932
-0.876827
-0.749077
0.100375
0.431684
0.943724
0.073946
-0.321329
-0.926939
-0.648305
-0.314859
-0.111606
-0.655690
-0.684133
-0.646168
-0.985595
-0.298868
0.239906
0.905698
0.658498
0.196326
-0.746941
0.063692
0.456709
-0.820734
-0.051485
-0.666189
-0.178930
0.915525
0.115879
-0.083285
-0.542222
-0.542222
0.194861
-0.980651
0.674917
-0.451949
-0.032014
0.771905
-0.567919
0.777459
-0.430464
-0.912595
-0.757439
0.676138
0.837519
0.943113
-0.405560
0.538255
-0.163793
-0.334452
0.702261
-0.130467
-0.594836
0.829829
-0.512558
-0.756157
-0.180456
0.312906
0.634510
0.681021
0.919797
0.839534
0.197363
-0.391278
0.366619
0.289102
-0.497360
0.004547
-0.061983
0.730033
0.351543
0.430647
-0.922361
0.389447
-0.678091
0.501083
-0.836909
0.067904
0.321085
-0.849971
-0.062166
-0.093417
-0.862300
0.914670
0.199988
0.005768
-0.967101
-0.384625
0.282266
0.384198
-0.447066
-0.366192
-0.055147
-0.309305
0.183386
-0.053682
0.728568
0.932127
0.489792
0.951476
-0.401776
0.480331
-0.409894
-0.592639
0.020295
0.149632
0.200293
-0.963622
-0.134007
-0.567919
0.356731
-0.338725
-0.607593
-0.796808
0.373455
0.735710
-0.882443
0.536851
0.780023
0.045686
-0.462935
0.527635
0.831477
0.189123
-0.080050
0.294412
0.620289
-0.247108
-0.297647
-0.450911
0.726615
-0.440779
-0.729118
0.936338
-0.127598
0.922300
0.799066
0.248329
0.898495
-0.991638
0.775018
-0.356304
-0.111240
0.104648
0.408490
0.673452
0.596301
0.497971
0.177770
-0.070650
0.969176
-0.471541
-0.814142
0.431806
-0.920713
0.524033
0.460616
0.977050
0.808283
-0.505356
0.275185
0.191259
0.681326
0.966247
0.228980
0.861995
0.020966
-0.423017
0.372784
-0.802728
0.621693
-0.187536
0.501633
0.542894
0.225990
-0.719352
0.734062
-0.225990
0.050386
0.757805
0.404950
-0.161412
0.922727
0.068758
-0.980102
-0.520920
0.424970
-0.945372
-0.986450
0.239906
-0.107517
-0.420270
0.882443
-0.987732
0.971801
-0.570666
0.968383
-0.617908
-0.756096
0.463729
-0.820795
-0.687429
-0.790460
-0.822260
0.056185
-0.415143
-0.236000
0.257729
0.597339
-0.765191
-0.769036
-0.192236
-0.865535
0.530320
-0.411298
-0.125889
0.170751
0.972533
-0.512436
0.195044
0.173681
-0.411237
-0.819514
-0.879757
0.746208
-0.828486
-0.239357
0.566759
0.559069
0.839900
-0.248817
0.087313
-0.773980
-0.839900
-0.960814
-0.207862
0.682363
0.815302
-0.316996
0.860897
0.087497
0.543260
-0.275185
-0.065035
0.617542
0.220923
0.766594
-0.298990
-0.347453
0.554796
-0.678152
0.803827
0.484115
0.024812
0.631153
-0.919919
0.840999
0.407270
0.066988
0.982360
0.215979
-0.974853
-0.813471
0.129734
-0.365825
0.818110
0.691641
0.126438
0.456587
0.473556
0.413862
0.533372
-0.654164
0.860775
-0.061678
-0.956542
-0.067049
0.624012
-0.269936
-0.086398
-0.581896
-0.342448
0.611194
0.755669
-0.439375
-0.597888
-0.507736
0.130711
0.762871
0.940550
0.804926
-0.737907
-0.417646
-0.961547
0.035066
0.862117
0.308634
-0.231056
-0.421186
0.504990
-0.454085
0.538804
-0.810114
0.543809
0.897275
0.639454
0.358867
-0.109836
0.156407
-0.237098
0.591601
0.726676
-0.892209
-0.522202
0.596362
0.417524
-0.951598
0.130039
-0.327189
-0.287088
0.663137
0.809809
-0.780999
-0.795526
0.902280
0.790216
-0.058321
0.726005
-0.941710
0.739250
0.288797
0.389203
0.968261
0.604724
0.134251
0.710135
-0.727103
-0.315958
-0.959044
-0.605029
0.685537
-0.820063
0.458846
0.117466
0.310587
-0.126499
0.478927
0.292825
-0.292337
-0.394391
0.917722
0.839778
0.781671
0.523911
0.573962
0.869747
0.981567
0.148289
-0.561022
0.368450
-0.397198
-0.423200
0.766472
-0.845637
-0.753899
-0.507431
-0.674123
0.422163
-0.180944
0.837336
-0.055025
0.162511
-0.960875
-0.435286
-0.601550
-0.924741
0.086215
0.610034
0.129856
-0.930357
0.782281
-0.658986
0.908017
-0.373089
0.393597
0.094882
0.061617
0.981567
0.344035
0.618641
-0.101291
-0.055879
0.611621
0.955199
-0.900327
-0.186010
0.464156
0.731071
0.645009
0.102084
0.578661
-0.342387
0.279092
0.610218
0.042817
-0.579089
-0.323588
0.971007
-0.727958
-0.983398
-0.537645
0.248756
-0.708243
0.701895
0.077059
0.069063
-0.780023
-0.734916
0.460005
-0.981384
0.540880
-0.545946
0.352336
0.885739
0.082125
-0.561876
0.279641
0.347514
-0.330241
0.969787
-0.178381
0.506272
0.561144
-0.262062
-0.696341
0.043611
0.097690
-0.438032
-0.617847
0.860714
-0.784722
0.125340
0.884640
0.552904
-0.346477
-0.001373
-0.319437
-0.372417
-0.194739
-0.604419
-0.272683
-0.998291
-0.244606
-0.753655
0.406476
0.957518
-0.488144
0.254555
-0.409345
0.245399
-0.045930
-0.823359
-0.874935
0.769463
0.920896
-0.049837
0.731803
-0.788629
-0.328898
-0.839106
-0.825007
-0.097079
-0.117954
-0.632374
-0.707327
-0.080233
0.089022
-0.531724
-0.296670
0.220008
0.696585
0.051119
-0.142491
0.482711
0.588061
0.728324
0.516343
-0.931944
-0.364971
-0.737785
-0.371807
-0.197058
0.747063
0.491073
0.200232
-0.115513
-0.143468
0.520493
0.521653
0.482467
-0.435041
-0.284646
0.021393
0.683584
0.213233
-0.633168
-0.977599
0.764214
0.507065
-0.520310
0.280801
-0.665151
0.745598
0.903562
0.191687
-0.785760
-0.944395
0.906247
0.057405
-0.163915
-0.916684
-0.287698
0.798273
0.731559
0.942869
-0.930540
0.538560
0.725578
0.042024
-0.113865
-0.415571
-0.761834
0.497238
0.325053
-0.861263
-0.191443
0.940916
-0.237526
-0.228492
0.830988
-0.119663
0.192358
0.730705
-0.033845
-0.485214
-0.189856
0.972533
0.574389
-0.181188
0.453475
0.173925
0.165746
-0.780938
-0.838069
-0.141453
0.650990
0.718680
0.868099
-0.031587
-0.681082
0.803949
-0.421979
0.190405
-0.753899
-0.892087
0.110935
-0.558885
-0.030732
0.536424
0.104221
-0.065035
0.084384
-0.023286
0.852412
0.032075
0.617786
0.327921
0.995972
0.411176
-0.939879
-0.214393
-0.799249
0.269265
0.514573
0.539293
0.599109
-0.340617
-0.532579
0.619861
0.631275
-0.347819
-0.861080
0.547716
0.216163
0.420881
-0.123753
0.183813
0.643056
0.481979
0.471114
-0.026399
0.893796
-0.814447
-0.376934
-0.326518
-0.427961
0.864376
-0.504013
0.508591
0.400189
-0.194617
0.420148
-0.891537
0.151097
-0.142918
0.027009
0.308084
-0.930967
-0.505661
0.022004
0.723380
0.075594
0.840754
-0.738578
-0.995117
0.016633
-0.284158
-0.600208
0.169958
0.670827
-0.050996
0.041536
0.577746
-0.224158
-0.591845
-0.853328
0.456771
0.499313
-0.193152
0.014252
-0.553758
-0.137669
-0.967101
-0.690298
0.809442
-0.650563
0.307718
-0.445967
0.916379
0.893185
-0.633595
-0.308023
-0.188574
-0.603504
-0.551317
0.982910
-0.840083
-0.931883
0.340434
0.370464
0.653005
0.701895
0.325541
0.618030
-0.415632
-0.317423
-0.672231
0.814875
-0.900876
0.954161
-0.972228
0.151769
-0.847041
-0.026887
-0.040193
-0.417585
-0.614368
-0.867672
-0.800348
0.530503
-0.613269
0.423566
-0.232704
0.916807
0.312357
0.639882
0.871334
-0.645924
-0.554857
-0.122166
0.649709
0.154759
-0.064119
0.363994
-0.883663
-0.967162
0.151158
0.441572
-0.603381
-0.806574
0.884701
-0.683096
0.808588
-0.486923
-0.727470
0.194433
-0.333964
-0.688589
-0.440474
-0.655446
-0.322611
-0.311625
-0.787774
0.703726
0.699454
-0.642079
-0.243873
-0.195654
-0.198767
0.180578
0.392132
0.195349
0.633717
-0.438826
0.863582
0.927000
-0.266823
-0.670156
-0.157445
-0.473678
-0.009796
0.839228
-0.831111
0.966796
0.536973
-0.502487
0.353862
0.276894
-0.673757
0.203589
0.070162
0.089267
-0.911985
-0.702322
0.765984
0.087558
0.450911
0.978881
-0.528977
0.319132
0.446516
-0.264077
0.332438
-0.100009
-0.344218
-0.457869
0.409284
0.001556
0.972167
-0.149083
-0.238014
-0.842830
0.613941
0.174291
0.018586
-0.902158
-0.211219
0.610767
0.853145
-0.484481
-0.351115
0.339579
-0.322733
0.187048
0.460860
0.656606
0.092685
0.959716
-0.292276
-0.811884
-0.986938
-0.711417
-0.369671
-0.103488
-0.679373
-0.970336
-0.097812
-0.598071
-0.746513
0.703665
-0.823969
-0.668630
-0.791375
0.327738
0.044404
0.324992
-0.428694
0.321329
-0.346355
0.087374
-0.008881
-0.496445
0.494552
0.192907
0.367046
0.810297
-0.255226
0.091098
-0.603320
-0.724174
-0.406049
-0.451460
0.819086
-0.777581
0.330790
-0.451155
-0.962157
-0.613880
0.634877
0.066439
-0.594043
0.938292
0.753349
-0.939512
0.635792
0.155248
0.261818
0.486984
-0.956908
-0.293619
-0.999512
0.930723
0.198645
-0.264138
0.649281
0.752556
0.996094
-0.458663
0.770013
-0.605945
0.478317
-0.406659
-0.258705
-0.462020
0.160436
0.248756
0.600330
-0.128636
-0.939085
-0.182531
0.592761
-0.999939
-0.675161
-0.072420
-0.304178
0.848140
-0.755730
0.078158
0.980041
0.153539
-0.910642
-0.949889
-0.579943
0.286721
0.969970
-0.868099
0.454085
-0.014252
0.886410
0.500961
0.026765
0.046113
0.173193
-0.310770
-0.898984
0.577013
0.514451
0.670949
-0.717582
0.213294
0.156529
-0.653554
-0.154088
-0.120212
0.398175
0.816584
0.473739
0.650807
-0.538987
0.262490
0.007355
0.407392
0.898190
0.350749
-0.271950
-0.237587
-0.741508
0.313089
0.534227
-0.437300
-0.671804
0.155065
0.162206
-0.320109
-0.399274
-0.743400
-0.297159
-0.878353
-0.242714
-0.468429
-0.608509
0.144688
-0.719047
-0.315714
-0.551439
-0.767205
-0.330485
0.147618
-0.748589
0.385662
0.527940
0.240150
0.038179
0.030122
-0.832209
0.844356
-0.577441
0.055696
0.996887
-0.767510
0.330241
-0.181188
0.534410
-0.870418
0.322916
-0.900815
0.586413
-0.285257
-0.666189
-0.270486
-0.326762
0.719047
-0.798273
0.774102
0.243202
0.510117
0.697684
0.739128
0.617481
0.299966
-0.933470
0.380413
0.485092
0.904721
-0.865963
-0.835688
-0.477889
0.034028
0.988769
-0.702872
0.596118
0.142125
-0.490036
0.077670
0.654775
0.348613
0.595325
-0.383587
0.822504
-0.883297
-0.100497
0.496933
-0.316568
-0.579394
-0.130345
0.017243
0.233558
-0.380963
-0.582080
-0.390423
-0.849788
0.738762
0.898373
-0.296487
0.247291
-0.796747
0.017060
0.264138
0.909238
0.608997
0.937071
0.113498
0.076205
-0.524094
0.167333
0.601672
-0.312113
0.564562
0.108921
-0.687063
-0.683218
-0.964721
0.139622
-0.424238
0.507797
0.053804
0.602710
-0.228980
0.693350
0.661061
0.836360
0.836177
-0.217811
0.970275
-0.294900
-0.225318
-0.728202
0.804743
-0.201758
0.457320
0.095981
0.097568
0.953734
-0.243385
-0.304727
-0.016083
0.908261
-0.515366
-0.319315
-0.732963
-0.040193
-0.569201
0.799982
0.104221
-0.145299
-0.614978
-0.741630
0.901852
-0.388165
0.171728
-0.141453
0.119236
0.115085
-0.471541
0.417158
0.573168
0.195288
0.254982
-0.602527
-0.966002
0.147435
-0.033845
0.555406
-0.943480
0.478927
-0.891842
0.247658
-0.605274
0.841792
0.916807
-0.475692
-0.102084
0.867489
-0.037873
0.895688
-0.064364
0.833796
-0.880367
-0.016083
0.869503
0.557543
0.640004
-0.251381
-0.289468
0.109470
-0.441023
-0.415876
0.302530
-0.380413
0.562670
0.757439
0.004608
-0.773003
0.361370
-0.227821
-0.549425
-0.619678
0.096774
-0.214515
-0.402570
-0.143651
0.086703
0.417158
-0.050935
-0.549547
-0.626514
-0.005524
-0.917356
-0.362651
0.962645
-0.641285
0.291238
0.341105
-0.423322
0.611438
-0.110324
-0.582568
0.287637
-0.480636
-0.392865
0.280374
-0.661916
0.361919
0.635121
-0.633839
-0.830439
0.453230
-0.623768
-0.591845
0.578722
0.694571
-0.092807
-0.712333
-0.337687
0.644642
-0.121677
0.200354
-0.515366
-0.870235
-0.464156
0.921201
-0.732536
-0.003876
-0.291299
-0.521104
0.723258
-0.330302
-0.366314
-0.893063
-0.584521
0.595508
-0.346171
-0.208716
0.407514
0.098666
-0.419660
0.477096
-0.355754
0.863948
0.913877
-0.106113
0.681326
0.746941
-0.380108
0.078585
-0.869869
-0.567064
-0.977477
0.828059
0.982788
-0.831416
0.711966
0.423261
0.071444
0.627125
-0.940733
0.480453
-0.112888
-0.115268
-0.112217
-0.310648
-0.725700
-0.696341
0.110508
-0.016083
-0.792474
0.157018
0.816706
0.870540
0.466292
0.462752
0.421369
0.588244
0.613880
0.140477
-0.189184
0.147069
-0.448531
-0.868587
0.791864
-0.698111
0.390667
0.409772
0.420270
-0.289468
0.288186
0.114353
-0.172277
-0.197851
-0.254189
-0.689016
0.285257
-0.702200
-0.743339
0.015290
-0.158483
-0.865780
-0.949156
-0.293069
0.796197
-0.874203
0.884030
0.095431
-0.621265
0.821345
-0.399274
0.882931
0.311441
-0.573168
-0.846675
0.059114
0.808649
-0.340861
0.187048
-0.660756
0.104953
0.877804
0.058931
-0.015534
0.209326
0.285440
-0.516831
0.502365
-0.061739
-0.922422
-0.484176
0.471847
-0.971068
-0.227821
0.655507
0.283120
-0.802728
0.403241
-0.750786
-0.052278
0.905148
0.507675
-0.768792
0.440046
-0.664296
-0.857540
-0.779839
-0.374187
0.380413
0.766900
-0.106357
0.910520
-0.463118
-0.143956
0.196387
-0.105991
-0.902707
-0.718863
0.819880
0.355876
-0.530259
-0.746818
0.953307
-0.055696
0.823603
0.142613
-0.485153
0.524033
0.303446
-0.692373
0.766655
0.010163
0.880306
-0.559618
0.671804
-0.449751
0.556261
-0.843501
0.374615
0.455794
0.775872
-0.500168
0.628590
0.531785
0.376507
-0.998901
-0.438154
0.430586
0.314188
-0.587939
-0.677175
-0.797052
-0.428022
0.177709
0.782647
-0.382122
0.126316
-0.433454
-0.643483
0.306925
0.330119
0.700369
-0.717521
0.175756
-0.663259
0.761162
-0.073824
0.127781
-0.611560
0.360881
0.480331
-0.363384
0.944273
0.676199
0.340190
0.399518
-0.378033
0.905210
-0.494491
0.293802
-0.891903
0.918882
0.940428
0.278603
-0.247841
-0.931394
0.941221
0.731193
0.838069
0.631458
0.236366
-0.356243
-0.412214
0.006745
-0.736747
-0.124302
-0.842830
0.087130
0.436750
-0.041597
-0.696463
-0.518540
-0.358440
-0.710929
-0.400128
0.169408
0.181860
0.481552
0.664846
0.452498
0.369976
-0.704398
-0.656911
-0.371075
-0.363262
-0.366314
-0.649037
-0.103610
-0.581652
0.543443
0.616749
-0.011628
-0.407208
-0.595935
0.982971
0.241676
-0.703482
0.109165
0.264931
0.417219
-0.684439
0.204321
-0.956114
0.724357
-0.552477
-0.162633
0.097018
-0.182409
-0.926817
0.615528
0.706534
0.962218
0.633412
-0.494064
-0.576220
0.902707
-0.799554
0.217078
-0.716910
-0.339579
0.062044
-0.484909
0.786004
-0.342448
0.999329
0.639576
-0.110630
-0.828608
-0.628712
0.298013
0.074923
-0.255226
0.794244
0.973510
-0.485092
-0.447798
0.648549
0.854427
0.656484
-0.153417
-0.929014
-0.918210
0.636891
-0.432173
0.928159
-0.656423
0.064852
0.650319
-0.071932
0.616016
0.350810
-0.650197
0.638478
-0.027192
-0.399945
-0.964537
0.432478
-0.330485
-0.647572
-0.848262
-0.766045
0.745842
-0.553331
0.796319
-0.677664
-0.213965
-0.890255
-0.704215
0.989746
0.610034
0.891415
-0.831477
-0.300821
-0.605396
-0.724479
-0.128452
0.213965
0.652577
-0.761711
-0.105075
0.800104
0.079318
-0.384686
-0.177526
-0.444502
0.705008
0.050447
-0.762505
0.218238
0.223060
0.611682
0.050386
0.216590
0.038484
0.096347
0.503037
0.883724
0.729362
0.224158
-0.711539
0.998108
0.767998
0.281777
-0.929197
0.568896
0.933470
-0.329936
0.910520
0.304422
0.987487
-0.594043
-0.665639
0.611255
0.141697
0.779473
-0.927976
-0.264870
-0.439009
0.782830
-0.586657
-0.193335
0.721549
0.589831
0.811884
0.971984
0.451399
0.656911
0.992676
0.376690
-0.568468
0.218787
-0.951109
0.309488
0.754509
-0.348125
-0.999207
0.491562
0.616688
0.434065
-0.629749
0.114231
-0.284585
0.170263
-0.424421
0.718070
-0.988159
-0.761101
-0.470870
0.275613
-0.293497
0.740593
0.153172
0.677969
0.990722
0.104526
-0.226051
-0.504074
0.217017
0.203284
-0.337260
-0.142186
0.601794
-0.053255
-0.649586
0.680471
-0.599963
-0.897519
0.964843
-0.487167
0.288736
-0.818537
-0.674184
-0.266579
-0.937559
-0.981567
0.788690
0.379986
-0.646474
0.223487
0.866451
-0.324442
0.912595
0.801569
0.732475
-0.609851
-0.938536
-0.326762
-0.776666
-0.597034
-0.099521
-0.009064
0.640126
0.715079
-0.746574
0.637013
0.036348
-0.537706
0.647206
-0.172704
0.031343
0.742119
0.530320
0.745293
0.379009
0.105014
-0.231239
0.267556
0.227454
0.201697
0.383465
-0.450850
0.076327
0.087069
0.932554
0.777154
0.620716
0.964904
0.144627
0.403302
-0.904172
-0.823237
0.025056
-0.997620
0.421979
0.851924
-0.640187
0.282815
0.651234
0.214393
0.327799
-0.191259
-0.517685
0.917844
-0.704215
0.840938
-0.569201
0.843013
-0.961119
0.584887
-0.426984
0.643971
-0.679312
-0.623585
0.751213
-0.906247
-0.573473
-0.709586
0.241493
-0.803766
-0.542100
-0.721549
0.474349
0.832698
0.241066
-0.542711
0.655385
-0.253212
-0.032197
0.835444
-0.787286
0.990783
0.517624
0.367534
0.093905
0.968566
-0.365459
-0.809931
-0.268410
-0.971740
-0.344035
-0.175268
0.152745
-0.384503
0.026093
0.312601
0.340922
-0.164159
-0.332621
-0.923399
0.404950
-0.487716
-0.477462
0.964049
-0.746513
-0.371136
-0.014863
0.607349
-0.376873
0.869991
-0.659230
-0.817072
0.335856
0.688162
-0.979614
-0.638173
-0.874325
0.570605
-0.270608
-0.885556
-0.553697
-0.441511
-0.258705
-0.512375
0.464095
-0.183203
0.525803
0.022370
-0.280923
-0.457991
0.574023
-0.813288
-0.907407
-0.241310
-0.426862
0.288675
0.357768
-0.147252
0.256508
0.439314
-0.860897
0.739433
-0.813166
-0.115879
0.589831
-0.853328
0.342448
-0.691580
0.035432
0.413862
-0.186743
-0.897885
0.584521
0.578356
0.438398
-0.962828
0.721305
-0.665883
0.455855
0.022370
-0.704520
-0.770623
-0.544359
-0.526597
-0.773125
0.496506
-0.492355
-0.969420
-0.623646
-0.480026
0.437910
0.822748
0.569384
0.603015
-0.341350
-0.620655
-0.458052
-0.387799
-0.398907
0.986084
-0.572924
-0.018097
-0.254372
-0.700247
0.303446
0.507065
0.393170
-0.671010
-0.754753
0.317789
0.772332
0.358379
-0.457930
0.775018
-0.184729
-0.444685
-0.274819
-0.562609
-0.701224
0.184851
0.621998
0.013642
0.801263
0.263955
-0.512619
0.464705
0.547288
-0.259682
-0.078280
0.158971
0.000336
-0.512558
0.151280
0.568224
-0.499130
-0.297647
-0.375530
-0.563097
0.126560
0.951109
-0.324625
0.070406
0.030915
-0.705618
-0.346660
-0.173193
-0.586352
0.588244
-0.780328
-0.169286
0.466597
-0.168615
0.982116
-0.842647
-0.131870
-0.587207
-0.479659
-0.615345
-0.405255
-0.258522
0.475143
0.753410
-0.358928
-0.445967
-0.889523
-0.484603
0.053560
-0.186621
0.537461
0.092013
0.626759
-0.990417
-0.162633
0.927000
0.558214
0.777764
-0.203833
-0.776299
-0.342998
-0.563768
0.210791
-0.413800
0.711661
0.787408
0.083834
-0.879086
-0.469832
-0.111362
0.716361
-0.009919
-0.732475
-0.930418
0.300699
0.610889
0.717215
-0.432478
-0.579394
0.959899
0.839228
0.953368
-0.328471
0.137364
0.922788
-0.877804
0.212622
-0.418622
0.423933
0.854549
-0.427961
0.732963
-0.706656
-0.021516
0.206885
0.154393
0.253456
-0.365459
0.000641
-0.222999
0.614734
-0.585925
0.062960
-0.593921
0.190405
0.417280
0.566027
0.706046
-0.981323
0.877194
0.666311
-0.311625
0.420576
-0.065767
0.167394
0.073702
-0.397931
-0.074252
-0.541307
-0.513047
-0.972228
0.545824
0.972411
-0.707999
-0.546739
-0.001251
-0.397687
0.413312
-0.661794
0.792230
-0.236854
-0.980102
0.402020
-0.223304
0.234413
0.660939
-0.898434
-0.013153
0.939695
0.569140
0.598010
-0.691275
0.524033
0.792779
-0.648122
0.653798
0.033906
-0.276467
-0.828730
-0.204932
0.700186
0.365398
0.573351
0.859249
-0.642323
0.475753
-0.592944
-0.971923
0.709464
0.689444
-0.173498
0.993164
0.586718
-0.991943
-0.444624
-0.150243
-0.385052
-0.758599
-0.639027
0.463363
0.177953
-0.004364
-0.180700
-0.073092
0.569018
-0.083346
-0.835505
0.163854
0.254616
0.233497
-0.115513
0.603687
-0.069002
0.405622
0.011139
0.125706
-0.751274
-0.979858
-0.999878
0.709952
0.450362
-0.232521
-0.706412
0.303934
0.046602
0.803278
-0.356059
0.568834
0.742729
-0.073763
0.020112
0.404035
0.829463
0.463485
0.942747
-0.123508
0.149388
0.238441
0.427290
0.633351
-0.487777
0.451033
-0.217994
0.643300
0.501572
0.459578
0.487472
0.827570
0.461653
-0.807855
0.699087
0.785333
0.692618
0.517136
-0.760613
-0.299112
0.103977
0.864498
0.424116
-0.894894
0.578600
-0.003937
-0.359905
0.742241
0.500412
-0.796075
-0.296793
-0.259743
0.675222
-0.376263
0.306436
0.537034
-0.777886
0.562670
0.974731
0.957213
-0.033540
0.990112
0.371685
-0.671316
0.084567
-0.913755
0.342753
0.879574
0.437788
-0.235267
0.739982
-0.579760
0.390667
0.904843
0.870724
-0.408002
0.202429
0.792657
0.231910
-0.695059
0.549852
0.681265
0.352886
-0.559008
0.744865
0.575732
0.065157
-0.192236
-0.488327
-0.810053
-0.877194
-0.999145
-0.561998
-0.963561
-0.111606
-0.775140
-0.055818
-0.328837
0.327738
-0.469588
-0.866634
0.911618
0.665212
0.229041
0.469588
0.748405
-0.277505
0.126377
0.632435
-0.714713
0.353313
0.542528
0.336833
0.315714
-0.820307
-0.299356
0.557115
-0.615345
-0.671682
0.202002
0.527940
-0.896603
-0.022065
-0.722098
-0.877438
0.978027
0.024506
-0.216834
0.155492
0.426923
-0.178747
-0.667043
0.376019
-0.688528
0.459334
-0.787652
-0.269997
0.637562
-0.294656
-0.539232
0.600146
-0.015839
0.811457
-0.081149
-0.138035
-0.333293
-0.542589
-0.963988
0.111728
-0.257851
-0.656911
-0.396466
-0.984313
-0.641041
-0.694143
-0.639393
-0.043184
0.749687
-0.284158
0.264626
-0.230079
-0.680898
-0.076815
-0.603320
-0.640309
0.357646
0.593860
-0.975036
0.274697
-0.110996
0.899899
-0.275246
0.179540
0.503159
0.617847
0.359722
-0.038484
-0.561571
-0.022126
0.611682
-0.655568
0.318766
0.173376
0.233924
0.664968
0.640309
0.003571
-0.588366
0.750053
0.120151
-0.224830
-0.603442
0.193152
0.345317
0.052461
0.652089
-0.788018
0.807428
0.209143
0.243263
0.178320
0.066134
-0.462630
-0.794183
-0.609363
-0.762017
0.929991
-0.462996
-0.198706
0.923338
0.038362
0.984985
-0.032991
-0.641591
0.653371
0.795404
0.753166
0.346477
-0.077731
-0.531419
0.620777
-0.567980
-0.683706
0.319559
-0.004913
-0.235389
-0.099277
0.455489
0.806391
0.113804
0.823908
0.967528
-0.971984
-0.537156
0.883480
0.731742
-0.761162
0.571947
0.657216
-0.456221
-0.008759
0.710135
0.082003
-0.043977
0.812067
0.648793
0.345256
-0.091708
-0.772576
-0.326945
0.849055
0.366131
0.482345
0.436323
0.079989
0.069674
-0.666921
0.353008
0.880978
0.814875
0.991394
-0.125034
0.036287
0.887265
0.237465
-0.406232
-0.660390
-0.338542
0.242714
0.916196
0.498154
0.182348
-0.779778
0.538560
-0.562731
0.100192
0.765557
-0.715690
0.619190
-0.666372
-0.392010
0.901181
0.447005
0.579882
-0.970275
0.168249
0.069552
-0.382061
-0.889706
0.372600
-0.352641
-0.617237
0.131199
0.189795
-0.138951
-0.725089
0.423505
-0.248878
0.136021
-0.040620
-0.240272
-0.359539
-0.491928
0.001373
-0.242836
0.361187
-0.140965
-0.641102
-0.371319
-0.826350
0.704031
-0.232765
0.835505
0.694998
-0.406598
0.640431
-0.833674
0.809320
-0.653432
0.550096
0.395367
0.172216
-0.492965
-0.444990
-0.726798
-0.928343
-0.639454
-0.774407
-0.821772
0.993835
0.531114
0.500595
-0.778802
-0.775323
-0.569811
-0.885372
-0.647023
0.031465
-0.074007
0.618336
-0.163427
-0.322001
0.735832
0.554003
0.449263
-0.990112
-0.757073
-0.945677
-0.270119
0.549486
0.421674
-0.805902
0.368328
0.329203
-0.342570
0.497665
0.171606
0.356670
-0.174047
0.135289
0.630360
0.956236
-0.944029
0.998413
-0.311014
0.108921
0.119236
-0.260109
0.762139
0.884457
0.770867
0.667165
0.422773
0.747551
-0.634571
0.131809
0.416486
-0.884213
-0.769280
0.692923
-0.121067
0.278115
0.143590
0.803522
0.528977
-0.732719
-0.252541
-0.644948
0.245521
0.800958
-0.247963
-0.328349
-0.053743
-0.554491
0.514573
0.906858
0.180090
0.119419
0.672964
-0.166845
0.395428
0.401532
0.008332
0.149510
0.792657
-0.391705
-0.571520
0.283425
0.289529
-0.440229
-0.017304
-0.385907
0.912717
-0.845393
-0.850581
0.348125
0.115513
-0.753349
-0.935911
0.841121
-0.128636
0.815241
0.570055
-0.843562
-0.210730
-0.131138
0.742912
0.594226
-0.474532
-0.608386
-0.920042
-0.216407
0.544542
0.299783
0.269997
0.975951
0.622303
-0.149205
-0.654592
0.363994
-0.995788
0.766472
-0.816889
0.062349
-0.976745
-0.777154
0.085360
0.029084
0.181066
-0.923338
-0.595325
0.153905
0.028169
0.313028
-0.785821
0.570421
0.818354
-0.071810
-0.982665
-0.386273
0.632923
0.161229
0.704459
0.396405
-0.850887
0.929136
-0.539476
0.371624
0.494003
0.116062
0.224952
-0.580859
-0.276406
0.817316
-0.266762
-0.569445
-0.657094
-0.601489
-0.003754
-0.370342
-0.466781
0.776482
-0.626942
0.470138
-0.698782
-0.475204
0.132298
-0.228370
0.406354
-0.856868
0.155919
-0.684500
0.629017
-0.081271
0.505783
-0.244850
0.643971
0.421857
-0.068209
0.955931
0.691763
0.951048
-0.008454
0.092563
-0.983520
0.906064
0.618152
0.339091
-0.692251
0.700613
-0.066988
0.273537
-0.397565
-0.417707
0.800348
0.987243
-0.580676
0.757866
0.613025
-0.171545
-0.383221
-0.290017
0.304971
0.691397
0.046602
0.085971
-0.646596
-0.202063
-0.430036
-0.943541
-0.325358
-0.061190
0.073397
-0.187353
-0.787835
-0.371136
0.320231
0.992004
0.350810
-0.020112
0.755486
-0.569445
0.479598
0.759819
0.583728
0.389935
-0.249306
-0.798395
-0.572253
0.643239
-0.775445
0.179907
-0.728202
0.931944
0.545824
-0.791925
0.391278
-0.021699
0.373455
0.254799
-0.050874
0.011505
0.541368
-0.331156
-0.398297
0.106235
-0.995056
0.273782
-0.759026
-0.743400
0.678091
0.010895
-0.855586
-0.189673
0.489303
0.294107
0.333293
0.118809
0.110752
-0.643849
-0.502853
-0.002106
-0.888852
0.159520
0.263710
0.335612
0.907773
0.605823
-0.715629
-0.539354
-0.184484
-0.675649
0.458541
0.885006
-0.474654
-0.104282
0.241676
-0.160802
-0.987060
-0.766289
-0.398053
0.079806
0.044465
0.396405
-0.874752
0.198828
-0.819697
-0.929502
-0.434797
-0.196753
0.194494
-0.784783
0.416364
-0.997864
0.701712
-0.898923
0.359111
0.226905
-0.228492
0.180700
-0.874569
-0.031648
0.147801
-0.930784
0.634816
0.727531
0.792230
0.568957
0.929807
0.388775
0.153722
0.951659
0.857784
-0.857295
-0.609607
0.153050
0.821345
-0.689932
-0.774407
0.930784
-0.537950
-0.374248
-0.447005
0.914914
-0.160192
-0.016572
-0.999878
0.465682
-0.251381
0.240272
0.216346
-0.532701
0.781610
0.235450
0.474776
0.321329
0.447859
0.621143
0.944029
-0.979431
0.119236
0.699149
0.324625
0.150121
-0.807123
0.526048
0.140294
-0.921384
-0.035981
0.964599
0.251198
0.734428
-0.611255
-0.186071
-0.482345
-0.041780
0.858455
-0.046541
0.380047
-0.646229
0.539659
0.841487
-0.841609
-0.697562
-0.995727
-0.456648
0.258278
-0.694449
-0.829585
0.828303
0.526475
-0.795160
0.661122
0.387188
-0.291177
0.850337
-0.077303
-0.392987
0.878842
-0.268838
0.109592
-0.405438
-0.601794
0.562731
-0.137608
-0.685537
-0.940916
0.713675
-0.554125
0.389325
-0.730399
-0.300821
-0.301798
-0.070101
-0.973449
0.069308
-0.318705
0.165441
0.214087
-0.582324
0.537767
0.007233
0.606006
0.131382
0.450423
0.086703
0.491073
0.413495
-0.838252
-0.987854
-0.413739
0.451399
0.776177
0.114231
-0.608875
-0.287820
0.496567
-0.192236
-0.227821
-0.072970
0.027070
0.435469
-0.781365
0.344646
-0.531114
0.212256
0.450423
0.100131
-0.688528
0.941465
0.823176
0.141575
0.298074
0.225257
0.284585
-0.791742
-0.824946
-0.038118
-0.304971
-0.632740
0.992187
-0.422651
0.136570
-0.753471
-0.113559
-0.570055
-0.859493
-0.531724
0.479843
0.162145
-0.441023
-0.697562
0.732658
0.098788
-0.371990
0.667531
0.713065
-0.123203
-0.972228
-0.616932
0.520371
-0.737907
-0.896725
-0.962645
0.192541
0.874081
-0.042207
-0.038423
-0.965758
0.164769
-0.798944
0.572558
-0.783074
0.354717
-0.486557
-0.179113
0.227454
0.590930
-0.535081
0.300943
0.980041
0.435896
-0.789911
-0.440168
0.794061
-0.939756
-0.799371
0.575488
-0.924863
0.664174
-0.599780
0.687124
-0.614551
-0.161718
0.896359
0.129856
-0.072115
-0.393170
-0.915708
-0.182470
0.189856
0.429548
-0.051119
-0.187841
0.230079
0.375530
-0.018036
0.193823
0.794610
0.390667
-0.616749
0.090060
0.242958
0.371014
-0.986389
-0.976928
0.017426
0.289163
-0.364116
0.429426
-0.113987
-0.793756
-0.195959
-0.400372
-0.426435
-0.124180
0.812250
-0.854183
0.141148
0.570666
0.628834
0.349284
-0.068575
-0.653493
0.493515
-0.833552
-0.441755
0.088351
0.359722
0.853633
-0.990356
-0.674917
-0.252968
-0.951720
-0.631031
0.488388
0.108921
-0.162938
0.226966
-0.718741
0.577624
0.182592
0.166112
0.208289
-0.117405
0.823298
0.696707
-0.868892
-0.375958
-0.565477
0.519028
0.614856
0.683645
0.263466
-0.262978
-0.225623
0.029511
-0.348735
-0.264565
0.374187
-0.934080
-0.004975
0.280435
-0.748466
-0.825861
0.403974
-0.013215
0.986755
-0.991882
-0.405866
-0.526048
0.867061
-0.435286
0.429853
-0.633351
-0.415754
-0.576769
0.970458
0.060152
-0.437788
0.740471
0.967467
-0.114475
0.635121
0.957762
0.189489
0.667287
0.514267
-0.155065
0.906186
-0.271462
0.682608
-0.267129
-0.005585
0.622120
-0.870540
-0.384075
-0.059603
0.001740
0.300333
-0.424970
0.613575
-0.742912
0.705130
-0.907773
0.518174
0.161473
0.520310
0.921079
0.946043
0.323527
0.683828
0.400678
-0.476730
0.901059
-0.331889
-0.656545
-0.204688
0.944456
0.437117
-0.635426
0.307840
-0.219092
-0.905942
0.424055
-0.137303
0.055696
0.447981
0.637074
0.596850
0.073214
-0.326518
-0.224281
-0.225013
0.042024
-0.994995
-0.048250
-0.515671
-0.950194
-0.421735
0.742546
0.509812
0.072726
0.199499
0.741203
-0.251503
0.432173
0.468856
0.964476
-0.803339
0.934324
-0.207923
0.014863
-0.949644
-0.652760
0.885434
0.265847
0.974548
0.632069
-0.579333
0.044649
0.018464
0.257851
-0.087497
0.811640
-0.242470
0.908567
-0.573412
-0.024812
-0.453719
-0.059114
-0.108860
-0.635121
0.885617
-0.721000
0.987915
0.014435
0.521043
0.956053
-0.912412
-0.478133
0.588061
0.506211
0.453047
-0.311563
0.143773
0.798700
-0.301187
0.111728
0.938719
0.373577
-0.876278
-0.682730
-0.707694
-0.819086
-0.057894
-0.017975
-0.387188
-0.637379
0.141820
-0.585498
-0.088900
-0.953856
0.537339
0.074007
0.951415
-0.712821
-0.084384
-0.399274
-0.835322
-0.335185
0.203711
0.716483
-0.218604
0.084078
-0.635487
0.941588
-0.855647
0.026032
0.066622
-0.383282
-0.916501
-0.729362
0.344096
0.463668
-0.826655
0.570177
0.153294
-0.933958
-0.662709
-0.833369
0.263588
0.953001
-0.874081
0.381085
-0.213355
-0.923154
-0.055696
-0.994079
0.190466
-0.632557
-0.814386
-0.613575
0.968383
0.361003
-0.445479
-0.143345
-0.996460
-0.531602
-0.090854
0.687307
0.471847
-0.373089
-0.807001
-0.197790
0.689138
-0.671255
0.187170
0.547655
0.106113
-0.584948
-0.943785
-0.138951
-0.739250
-0.288003
-0.802301
0.350749
0.025422
-0.083468
0.238014
-0.137608
0.925840
-0.078280
0.214576
0.307779
0.293008
-0.515488
0.244545
-0.381756
0.812311
0.005341
0.265419
0.543626
0.713004
-0.340800
-0.355693
-0.880734
0.202551
0.929441
-0.142674
0.780999
-0.722037
-0.752678
0.286905
-0.021332
0.824030
-0.316874
-0.014618
0.810053
0.413251
0.334147
0.227149
-0.994079
0.867244
-0.386456
0.886776
-0.989868
-0.085177
-0.142430
-0.708975
0.404096
0.944517
0.964660
0.031709
0.639821
-0.166234
-0.841975
0.673391
0.739494
0.241737
0.989929
-0.955687
0.170507
0.468978
0.189917
-0.422895
-0.367962
-0.130039
0.689444
0.965697
0.049959
-0.860836
-0.372051
0.390728
0.153356
-0.996338
-0.893124
0.921751
-0.661794
0.248024
0.082064
-0.525803
0.777276
-0.289041
-0.817377
-0.377422
-0.406293
-0.635121
-0.360088
0.268410
0.293558
0.246498
0.607471
0.951720
-0.418195
0.277505
-0.398846
0.903134
0.198462
0.377606
0.540025
-0.539171
0.103488
-0.187048
0.620594
0.984924
0.201453
-0.061251
0.879452
-0.127537
0.434614
0.668752
0.987365
-0.013092
-0.016266
-0.353191
-0.221656
0.241432
0.694754
0.245277
0.447737
-0.402692
0.832026
-0.867672
-0.762871
-0.915281
0.478500
0.452681
0.384503
-0.633106
-0.687796
0.986877
0.176611
-0.335612
0.451582
-0.115146
0.313211
-0.305765
-0.184790
