-0.403546
-0.760918
-0.314920
0.038057
-0.492416
0.952269
-0.434675
-0.900693
0.248817
0.973754
0.088046
0.619312
0.045808
-0.761711
0.034944
0.017304
0.661306
0.137547
0.359600
-0.705313
-0.192419
0.394086
-0.023225
-0.499313
0.519883
0.555589
0.952086
-0.626820
0.323099
-0.144932
-0.992187
-0.817927
0.432295
-0.199377
0.555834
0.602893
0.703055
-0.040315
0.007538
0.268654
-0.814631
-0.266823
0.061312
-0.769707
0.728324
0.005097
-0.571398
0.961852
0.204871
0.432173
0.676199
0.836726
0.613758
0.304910
0.094760
-0.755119
-0.013215
-0.610279
-0.378094
0.652516
0.573229
0.810236
0.270425
-0.897885
0.869625
-0.873348
0.972106
0.685842
-0.567736
-0.570299
-0.283120
-0.247963
0.703238
0.573840
-0.420698
-0.681387
0.772210
-0.171178
0.977783
0.866329
0.140172
-0.302774
0.432234
0.233924
-0.638539
-0.807062
0.752678
0.740837
0.571276
-0.884884
0.817560
-0.878536
0.416791
-0.131138
-0.644215
0.864620
-0.165014
-0.319132
0.674490
-0.619312
-0.598560
-0.734367
0.741935
0.996216
-0.496261
-0.881649
0.195898
0.823603
0.269509
0.330119
-0.068209
-0.602222
0.122410
-0.201392
0.855708
-0.847224
-0.683645
0.791681
-0.184118
0.012970
-0.125706
-0.872005
0.484420
0.314249
0.913144
0.984558
0.336772
-0.312296
0.915891
0.061983
-0.244606
0.825007
-0.255959
-0.960265
0.960509
-0.812006
0.512803
-0.913694
0.527390
-0.354106
0.511765
0.093905
-0.374493
-0.025178
0.975524
-0.632801
-0.380047
0.938292
0.054720
-0.422407
-0.451399
0.381512
-0.448714
-0.023347
0.233253
-0.556017
-0.289529
0.956603
-0.198462
0.864864
-0.773125
0.284341
0.415387
0.461715
-0.516282
0.075106
-0.011139
0.883847
0.442366
0.880062
0.273476
0.976012
-0.005402
-0.789605
-0.821284
-0.892026
0.621265
0.478927
0.283853
0.446394
-0.549669
-0.848811
-0.779290
-0.132664
-0.324564
-0.704764
0.680349
-0.394391
0.121677
-0.111179
-0.129307
-0.857295
-0.004669
-0.957457
0.296609
0.002838
0.761467
-0.422102
0.639882
-0.015473
0.445051
-0.174657
0.692190
-0.987060
-0.968566
0.704520
0.607227
-0.976257
-0.286111
-0.208106
-0.978454
-0.442915
0.640980
0.992737
-0.066866
-0.547777
0.401654
-0.124302
-0.460555
-0.156529
0.487411
-0.199072
-0.987487
0.163488
0.356609
0.170751
0.512986
-0.571093
-0.834712
0.196020
-0.378521
0.572802
0.240150
0.344951
0.500107
-0.120640
-0.886654
0.096896
-0.281961
-0.692251
0.676565
0.749016
0.464095
0.472030
0.220191
-0.973693
0.840144
0.941588
0.136753
-0.036164
-0.370647
-0.837092
-0.113804
-0.971007
-0.614246
0.728324
-0.883847
0.510849
-0.885861
-0.028230
-0.540452
0.647633
-0.055574
-0.457259
0.960082
0.541917
-0.045137
0.205054
0.174963
0.095065
0.383282
-0.984069
-0.274880
0.964904
-0.456160
-0.968322
-0.528001
0.398907
0.290201
-0.401471
-0.064669
-0.560045
-0.304117
-0.755486
0.582324
-0.718009
0.904904
0.391705
0.812311
0.721305
0.517502
0.613575
-0.859798
-0.577502
0.674917
-0.739067
0.945250
0.367168
-0.223609
0.276833
0.915098
0.850520
-0.797479
-0.565294
-0.741935
-0.719108
-0.832087
-0.880612
-0.842402
-0.186926
-0.824213
-0.506394
-0.438581
-0.457564
-0.324992
-0.907163
-0.805719
-0.245338
0.252358
0.677114
-0.373760
0.064486
0.809320
-0.513169
0.737785
-0.534532
0.429121
-0.587573
0.924009
-0.946409
0.479476
0.958678
0.837336
0.559435
-0.973144
-0.411054
-0.909055
-0.924802
0.568102
0.652272
0.120518
0.150792
0.939879
0.624989
-0.162023
-0.644093
0.049837
-0.154759
0.405988
-0.862972
-0.078463
-0.917051
-0.240516
0.603931
0.094211
0.552171
0.543748
0.361126
-0.007599
0.878048
-0.834040
-0.048006
0.234779
0.794977
0.676321
-0.799799
-0.853877
-0.053377
0.592151
0.211402
-0.425886
0.922971
-0.271950
-0.004791
0.039216
-0.425153
-0.919919
-0.262001
-0.948363
0.030061
0.773125
-0.696097
-0.231361
-0.766472
0.832698
0.228675
-0.103488
-0.315348
0.889340
0.216468
-0.456893
-0.861934
-0.450606
-0.759697
0.269021
-0.722953
0.661550
-0.514939
-0.894223
0.946898
-0.231788
-0.610645
-0.370586
0.975219
0.626576
-0.228431
-0.810602
-0.892819
0.644215
0.066622
0.577258
-0.792352
0.494247
-0.594226
-0.810297
0.505478
-0.640614
0.877987
0.285806
-0.947142
0.889462
0.175329
-0.728385
0.897702
-0.135105
0.586169
-0.703482
-0.337931
-0.069491
-0.439436
-0.183752
-0.419965
-0.148412
0.511887
0.651845
0.288430
0.374554
0.654042
0.152379
-0.543504
-0.272927
0.132237
-0.941282
0.233680
-0.085299
-0.573229
0.184240
-0.093234
0.720817
-0.343364
-0.158177
0.021760
0.740654
0.644032
0.923826
-0.539781
0.791742
-0.183081
-0.291177
-0.805780
0.096164
0.963683
0.825922
0.647633
-0.766961
0.059420
0.564074
0.161718
-0.597156
0.117161
0.921079
-0.966430
0.761834
0.122288
0.530931
-0.896786
0.842463
0.723441
0.380840
0.305338
-0.280923
-0.211219
0.293435
0.859004
0.855159
0.141209
-0.045930
-0.822260
-0.716666
0.995666
-0.256325
-0.164525
-0.284463
-0.447432
-0.640065
0.973693
-0.528916
-0.479537
-0.813349
-0.874630
0.652638
0.751701
0.812433
0.376324
-0.114353
0.830378
-0.042512
-0.594897
0.081393
-0.807672
0.933775
0.886349
0.418012
-0.378704
0.350383
-0.950865
0.187658
0.511032
0.383953
-0.051424
-0.516648
0.071261
0.460616
-0.029389
0.194739
-0.105808
-0.580676
-0.516037
-0.902524
0.459029
-0.626698
0.329936
0.862117
-0.380840
-0.075900
0.589526
-0.036348
-0.546861
-0.557787
-0.648854
0.514023
-0.096957
-0.616932
-0.909177
0.927549
-0.701895
-0.573901
-0.384381
0.060945
-0.006806
0.040437
-0.294290
-0.746025
0.329936
0.272317
-0.994629
0.511521
-0.355571
0.869503
0.624073
-0.589831
0.942259
-0.844234
-0.584948
0.119175
-0.105930
-0.356182
-0.484970
-0.766533
-0.607959
-0.398907
-0.444319
-0.545824
0.788751
0.612964
0.268654
-0.140172
-0.091952
0.513291
-0.534715
0.419355
-0.585864
-0.225135
-0.996765
0.103244
-0.924619
-0.835749
-0.580187
-0.600146
-0.217017
0.182958
-0.420392
-0.095920
-0.059053
0.386700
-0.485580
-0.155736
0.401715
0.060030
-0.463424
0.588610
0.299661
-0.925413
-0.202551
-0.808710
-0.955382
-0.469039
-0.938047
0.298196
0.748833
0.440657
-0.266762
0.977355
0.397565
0.443587
0.445235
-0.932066
-0.637867
0.627918
-0.195227
0.883724
-0.236549
0.661122
-0.922300
-0.828913
-0.661855
0.951964
-0.233070
0.159337
-0.648549
-0.912534
-0.073702
-0.118137
-0.437300
0.515427
-0.721183
0.302042
0.292032
-0.815973
-0.514267
-0.074496
0.904599
0.154515
-0.973632
0.938475
0.630238
-0.285379
-0.482589
0.542161
-0.619984
-0.738578
-0.239662
-0.677664
-0.042451
0.019868
-0.129246
-0.834529
0.668386
0.882565
0.505783
-0.592639
-0.848750
-0.819391
0.595874
-0.716361
-0.779839
-0.423566
0.806757
0.051363
-0.858516
-0.475997
-0.196509
0.893002
-0.271096
-0.574938
-0.292825
0.227088
-0.847224
0.928831
0.527207
0.827387
-0.531785
0.531602
-0.037080
0.060213
0.326640
-0.313578
0.472640
0.200049
-0.430097
-0.480209
-0.576769
-0.488571
-0.147008
-0.383099
-0.720023
-0.080966
-0.004120
-0.907834
-0.906674
0.556444
-0.671743
0.697623
-0.106723
-0.082369
0.964049
0.507004
0.971435
0.401654
-0.906674
-0.393902
-0.860347
0.037202
-0.748650
-0.264016
-0.571093
-0.702994
-0.298135
0.695608
-0.412030
0.725150
0.514512
0.786798
-0.042268
-0.083834
0.066439
0.753655
-0.980651
-0.059725
-0.079073
0.267006
0.201514
0.783441
0.118137
0.934324
-0.199927
-0.721549
-0.283792
0.248695
-0.200354
-0.521592
0.037873
0.267129
0.703116
0.115207
-0.924131
-0.875912
0.550584
-0.846919
0.683645
-0.227271
-0.390057
-0.167516
-0.815729
0.471541
-0.491745
-0.672109
-0.241005
0.825068
-0.298807
-0.215247
0.931883
0.515915
-0.883053
-0.735221
-0.273232
0.092563
0.351848
0.341899
-0.661122
-0.562304
-0.110508
0.102878
0.060823
-0.040681
0.377667
0.815607
0.474044
0.476547
-0.314066
0.795709
-0.360759
-0.306314
0.584338
0.877377
0.645985
0.425336
0.959777
-0.777459
-0.980651
-0.022370
-0.384503
-0.530198
0.828913
-0.420026
-0.443770
0.916196
-0.862178
0.295145
-0.628956
-0.927610
0.281045
0.744743
-0.228675
0.272561
0.100436
-0.084262
0.588488
0.399945
0.714103
-0.471114
-0.252113
-0.281350
0.619922
-0.040010
-0.726127
-0.874996
0.185278
-0.252907
0.254677
-0.197790
0.123875
0.843196
0.326823
-0.321329
0.378094
0.076388
0.641896
0.617847
0.152989
-0.843074
0.924497
-0.672170
-0.686697
0.792535
0.262673
0.314737
0.920957
-0.474532
-0.445235
-0.002106
-0.958007
-0.031953
0.027741
-0.409284
-0.384808
0.042940
-0.107517
-0.574023
-0.618397
0.085482
-0.509568
-0.206214
-0.374554
0.827937
-0.126804
-0.164159
-0.922239
-0.527085
0.389508
-0.282815
-0.216834
0.372173
-0.285195
0.527818
-0.793573
0.950438
-0.469283
-0.301981
0.324625
0.322672
-0.494430
0.480270
-0.602710
0.426984
0.124912
-0.030427
0.266945
-0.261452
0.154393
-0.916196
-0.048982
-0.600818
0.573656
0.908444
-0.041902
0.257485
0.227882
0.575854
0.733390
-0.055208
-0.787225
-0.511643
-0.141881
0.994690
-0.851253
0.474166
0.507370
-0.183935
-0.757073
0.228370
0.280862
0.866573
-0.209815
-0.010468
-0.302225
-0.549120
-0.256386
-0.231300
0.231300
-0.096042
0.689566
-0.940855
-0.778497
-0.028291
0.674001
-0.374310
-0.369976
-0.828181
0.901364
0.424421
-0.478256
0.109653
0.471908
0.594226
0.029389
-0.200415
-0.481552
0.052889
-0.703787
0.635731
0.724967
0.455123
-0.057039
-0.053926
-0.930906
-0.364910
0.537278
0.701224
0.808466
0.447188
0.054415
-0.725883
0.207678
0.521043
0.628895
-0.541978
0.333842
0.492172
-0.229347
-0.416608
-0.569933
-0.464705
-0.296060
0.490280
0.384991
-0.098483
-0.825007
0.850642
0.425153
-0.825922
-0.580065
-0.034028
0.728385
-0.835627
0.085360
0.481124
0.095248
0.128636
-0.524766
-0.522935
0.159886
-0.238441
-0.526780
-0.150731
0.197363
-0.577258
0.368328
0.666189
0.433576
-0.774285
-0.586108
-0.208411
-0.584155
-0.913938
-0.423505
-0.752739
0.535386
0.931028
0.823542
0.292154
-0.278787
-0.557299
-0.597400
-0.179418
-0.786431
0.208533
0.857356
0.000153
0.941038
-0.840693
0.043123
0.361614
-0.557787
0.811396
0.743461
-0.330363
-0.877865
-0.229347
-0.972777
-0.694876
0.767510
-0.309854
-0.842036
-0.052522
0.638417
0.069124
-0.121799
-0.243812
0.695914
0.185705
0.306375
0.934507
-0.299234
-0.250038
-0.141087
0.403974
0.202857
0.019990
-0.136937
-0.170324
0.384991
-0.732658
0.788202
0.767815
-0.472213
0.274209
0.473922
0.669607
0.879086
0.471969
-0.840205
-0.811823
0.826167
0.060457
-0.212195
-0.584826
-0.289712
-0.820124
-0.658437
0.831782
-0.034639
-0.202918
-0.638234
0.009919
-0.432295
-0.230811
-0.784722
0.458052
-0.645436
-0.084994
0.603626
0.451338
-0.297769
-0.876705
0.154393
-0.542283
-0.884884
0.405805
-0.996277
0.908811
-0.975890
-0.229774
0.277993
0.787774
0.410504
0.046663
0.261330
0.904782
-0.484970
0.430097
-0.454268
0.769829
-0.667470
0.852168
0.057649
-0.322123
-0.881039
-0.800104
0.066195
0.287515
-0.977172
0.369976
0.125217
0.651296
-0.729972
-0.612171
-0.761528
-0.864315
-0.124973
0.936827
-0.199561
0.825556
-0.117893
0.170568
-0.577197
-0.520554
-0.695608
-0.351848
0.895016
0.897519
-0.074801
-0.333964
0.715506
-0.878658
-0.713797
-0.168126
0.139134
0.937254
0.437727
0.526231
0.853084
-0.433943
-0.497604
0.348125
-0.141331
0.449751
-0.376995
0.153294
-0.722404
-0.211707
-0.593554
0.417402
0.593677
-0.148045
0.236366
-0.759636
0.461959
-0.062227
-0.365947
0.645375
0.616077
0.335429
0.220435
-0.341044
-0.657582
-0.164953
-0.796197
0.370769
0.727165
-0.242225
-0.994079
0.869259
0.320170
-0.984497
-0.174841
-0.223060
-0.367656
0.316568
0.666250
0.053865
0.979614
-0.643666
-0.934141
0.009308
0.533067
0.710868
0.649220
0.482833
-0.450606
-0.780267
-0.042756
-0.694998
0.412336
-0.030854
0.901852
-0.954527
0.846919
-0.737724
-0.132054
-0.522752
0.871700
-0.481185
0.532090
-0.973022
0.543565
-0.705130
0.223121
-0.615406
0.324992
-0.517930
-0.390057
0.966552
0.456221
-0.249062
0.486801
0.715079
-0.268899
0.081576
-0.086825
0.192114
0.301309
0.494003
0.381390
-0.493637
0.031098
-0.069552
0.849422
-0.199377
-0.528489
0.884884
0.177099
0.956053
0.280190
0.439802
-0.071749
-0.237709
-0.258156
-0.528245
-0.331034
0.184668
-0.679373
-0.330973
0.053072
-0.309732
-0.424116
0.658925
0.535203
0.262123
0.010895
0.126743
0.616810
0.625050
-0.922605
0.861812
-0.268166
0.550707
-0.404767
0.464217
0.672781
0.651906
0.486801
0.307779
-0.712699
-0.609546
-0.955077
-0.378765
-0.675344
0.082614
0.011689
0.747734
0.721732
0.134922
0.492721
-0.891903
-0.546007
-0.503159
0.835566
0.492538
0.063509
0.405927
0.462569
0.856075
-0.480026
0.645985
0.243934
-0.727042
-0.419172
0.001801
-0.064547
-0.339213
0.462813
-0.766045
-0.414411
-0.173254
-0.510483
-0.015839
-0.314310
0.009919
-0.990295
0.646962
-0.601367
0.466536
-0.235328
-0.156590
0.685110
0.016449
-0.978454
0.948180
0.958800
-0.220496
-0.608448
0.060640
0.883053
0.454451
0.328776
-0.410993
-0.396832
-0.162511
0.869198
-0.477218
0.588183
-0.049348
-0.265664
-0.998108
0.907651
0.802240
-0.603442
0.769158
-0.263649
-0.301981
0.237098
-0.440291
0.680960
-0.038423
-0.766655
0.783929
0.575854
-0.468978
-0.156407
0.352336
0.533616
0.336894
0.053743
-0.541063
0.864376
-0.440229
0.150670
-0.005829
-0.293191
-0.721488
0.831599
0.068880
-0.032868
-0.346294
-0.559069
0.857173
0.499496
-0.029267
0.087252
-0.633961
-0.293619
-0.469344
-0.355022
-0.634510
-0.388409
-0.428388
-0.266823
0.284219
-0.235145
-0.887875
-0.677786
-0.257851
-0.263588
-0.610645
-0.101596
0.935057
-0.448775
-0.091830
-0.642079
-0.261513
0.268105
-0.573168
0.930601
-0.690847
0.544786
-0.950011
-0.971679
-0.058748
-0.350017
0.273354
-0.913022
0.236244
0.015168
-0.246498
0.149205
0.415021
0.856014
0.415876
0.940367
0.615894
0.520066
0.639088
0.935850
-0.238624
-0.717399
0.988220
-0.235145
-0.780755
-0.943968
-0.235206
0.951476
0.333598
0.110752
0.377606
-0.439863
0.683157
-0.055940
0.649770
0.500168
-0.596057
-0.030366
-0.118137
-0.830622
-0.541673
-0.841853
0.845210
0.747917
0.335063
-0.222022
0.269204
-0.780023
-0.625050
-0.472518
0.278542
-0.789117
-0.039033
-0.322489
0.807428
-0.126133
-0.915036
0.385113
0.358562
0.335551
0.910886
-0.648427
-0.622791
0.829157
-0.169347
-0.601794
-0.491562
-0.579882
-0.593799
0.084201
-0.522507
0.585620
0.446944
-0.179052
0.931394
-0.172765
-0.429853
0.308756
0.021699
0.540819
0.046724
-0.875118
0.984985
0.588672
0.323283
-0.616199
-0.880612
-0.625599
0.688284
-0.020539
0.517258
0.222755
0.696341
0.003815
0.471236
-0.319864
0.360881
0.170019
-0.752556
0.558153
-0.288247
0.527451
-0.183813
-0.147801
-0.785943
0.896603
-0.036531
0.213477
-0.505417
-0.906003
-0.564684
0.255898
-0.333903
-0.731193
0.157689
0.112583
0.390301
-0.176672
-0.059175
-0.360820
-0.710746
0.796197
-0.214209
-0.600818
0.823847
0.551439
-0.352031
0.399701
-0.764885
-0.746452
-0.029206
-0.484542
0.220679
0.039705
-0.782525
0.850154
-0.224158
0.107517
-0.939329
0.087924
0.314127
0.587268
-0.998108
-0.444746
-0.880428
-0.568163
-0.071322
-0.700858
0.821345
0.748100
0.108554
-0.946165
0.661184
0.009430
0.489669
0.024751
0.839778
0.573473
0.340068
0.323588
-0.727287
0.488144
0.380718
0.230506
0.096652
0.324625
0.277993
0.946593
0.168004
-0.809687
-0.588977
0.628956
0.647877
0.486373
0.797235
0.007721
-0.484664
-0.252052
-0.972228
0.918027
-0.293985
0.852351
0.079562
0.637074
0.769036
-0.960326
0.391705
0.587573
0.316385
-0.693777
-0.481246
0.497909
0.536058
0.716178
0.211768
0.797357
0.019623
-0.059114
-0.913450
-0.078158
0.548326
-0.169836
0.886349
-0.335124
-0.045442
-0.492538
0.779412
-0.085177
0.622120
0.933531
-0.882260
0.626087
-0.063875
-0.843928
-0.937193
-0.334147
0.970031
0.342143
0.591479
-0.771355
0.742119
0.055330
0.938536
-0.053743
0.984008
-0.308695
0.117832
-0.587695
-0.264626
0.187597
-0.609729
-0.843562
0.203833
0.725883
-0.800836
0.030183
