-0.629933
-0.172094
0.580859
-0.145116
-0.690420
0.995361
0.760674
-0.607044
-0.715567
-0.948729
0.009674
-0.285501
-0.623951
0.724296
-0.861690
0.620045
0.740837
-0.166295
-0.752251
0.030854
-0.666066
0.383404
-0.204993
-0.698599
0.175268
-0.126377
0.464583
0.576098
-0.563280
-0.523240
0.567064
0.237587
0.754387
-0.421552
0.812799
-0.906980
0.188025
0.677602
-0.900204
-0.638905
-0.425703
0.652760
-0.303812
-0.671804
0.150243
0.360271
0.279519
0.326151
-0.363384
-0.440413
-0.085116
0.064486
0.437300
-0.180944
0.406964
-0.829829
-0.713126
-0.970214
-0.355022
-0.803400
0.087802
0.587878
0.281655
-0.629017
0.127415
-0.954894
-0.421796
-0.775262
0.728751
-0.496445
0.264199
-0.925474
0.412702
0.352458
-0.350261
0.078219
0.643849
-0.823725
-0.131932
0.032563
0.329569
0.733695
0.070711
0.750359
-0.502792
0.851192
0.829829
0.033601
0.921079
0.987182
0.947020
-0.839412
0.857173
0.864315
0.839534
0.541124
0.360149
0.575060
0.545091
0.911802
-0.675649
-0.593432
0.082308
0.990844
0.764824
0.738456
0.389447
0.513962
0.501083
-0.375286
0.640919
-0.091769
-0.174841
0.547716
-0.617298
-0.029328
-0.629261
-0.793817
0.139012
0.989624
0.097812
-0.487228
0.736137
-0.905942
0.507126
-0.033662
-0.149693
-0.506088
-0.814203
-0.313883
-0.075289
-0.947508
0.002411
0.609485
0.072726
0.585314
0.785699
0.867916
-0.011994
0.821772
0.756157
-0.698233
0.358562
0.301248
-0.589038
0.341899
-0.855525
0.184179
0.115146
0.887997
0.434797
0.156713
-0.017487
-0.869198
-0.921567
0.602222
0.663747
0.680227
-0.650075
-0.888668
0.353069
0.556261
-0.502976
-0.742546
-0.473495
-0.517930
-0.341227
-0.552232
-0.256569
0.300150
-0.994201
-0.311380
0.887082
-0.991699
0.543138
-0.677725
0.500168
-0.076510
-0.464278
0.604724
0.066561
0.512192
-0.799310
-0.012482
-0.476424
-0.152196
0.466475
0.092318
0.288125
0.334635
0.676016
0.624317
0.745720
0.149083
0.531297
0.922422
-0.818171
-0.376507
0.795343
-0.811274
-0.557543
0.597034
-0.095859
-0.792962
-0.735954
-0.047029
0.891598
0.274331
0.644398
0.987304
0.096957
0.004730
-0.363201
0.244057
0.137486
0.619007
0.230079
0.639271
0.648061
0.034333
0.048067
0.411847
-0.302652
0.822016
-0.928220
0.191931
0.915281
0.152745
-0.751762
-0.654775
0.180883
0.604724
0.150365
0.527207
-0.066622
-0.530808
-0.344340
-0.430219
0.570299
-0.272439
0.755364
0.432783
-0.981201
0.076022
-0.817499
-0.901608
0.892026
-0.403546
0.935850
0.734428
0.931089
0.608997
-0.000031
-0.656240
0.199072
0.747612
-0.148717
-0.004913
0.601245
-0.967772
-0.985229
0.631947
0.689138
0.141270
0.111179
-0.806330
0.047517
-0.823237
-0.609119
-0.161718
0.474105
0.924558
0.906369
-0.130772
0.892331
-0.275185
-0.596545
0.016511
0.085177
0.680044
-0.356914
0.396161
0.715873
0.559801
0.335551
0.474654
0.134312
-0.890255
-0.820063
-0.643910
0.197668
0.662587
-0.542039
-0.216163
0.336711
-0.887326
-0.482406
-0.019990
0.487777
0.617481
-0.204627
-0.893185
-0.278176
-0.111606
-0.696219
-0.299356
0.271279
-0.150426
0.971984
0.622547
0.558397
-0.335795
0.451460
0.162389
-0.690176
0.019013
-0.184912
0.189428
0.141575
0.926084
-0.640126
-0.324503
-0.522263
-0.116428
0.484787
0.016694
0.665090
-0.709098
-0.488144
0.476730
0.336833
-0.312723
0.496078
0.619678
0.348430
-0.535081
-0.645619
0.897824
-0.328043
-0.840144
-0.446272
-0.099887
-0.057711
-0.130467
0.444258
0.426313
0.072054
-0.328593
0.196814
-0.300516
-0.238685
-0.327372
0.053255
0.084933
0.220740
-0.589587
-0.977111
0.502060
0.790216
-0.824458
0.317789
0.685415
-0.747551
0.058138
-0.370342
-0.061007
-0.607471
0.267312
0.618580
-0.439741
-0.113681
-0.837580
-0.215735
-0.732231
-0.866756
-0.187780
0.793085
0.118625
-0.768731
0.518479
0.710379
0.752739
-0.352153
0.127354
-0.512436
0.208472
-0.495895
0.853389
0.016572
0.987182
0.965270
-0.537889
-0.459578
-0.606922
0.990722
-0.217200
0.811335
-0.895016
-0.720145
0.530381
-0.430158
0.007294
-0.539903
0.545885
-0.314676
-0.699515
-0.564074
-0.803095
0.426130
0.285745
0.416547
-0.755181
-0.663564
0.419599
0.523301
-0.682241
-0.373089
0.832575
-0.282022
0.694082
-0.468490
-0.155736
0.263039
-0.629322
0.062166
0.867916
-0.632313
-0.009552
-0.950133
-0.876949
0.998230
0.749931
0.748711
0.089999
-0.368511
0.191321
0.784234
0.028047
-0.807550
0.391095
0.672048
-0.268105
0.407025
-0.262368
0.756951
-0.556566
0.563646
-0.089877
-0.188513
-0.544237
-0.190222
0.546983
-0.981384
-0.044893
0.213050
-0.327250
0.493454
-0.593066
0.318766
0.591723
0.491379
-0.320963
0.230934
0.559252
0.995300
0.720389
-0.034883
-0.142552
0.566942
-0.975768
0.223060
0.037202
-0.301859
0.996643
0.145787
0.160436
0.557482
-0.754814
-0.892819
0.960326
0.821284
0.489120
-0.322245
-0.389019
-0.387188
0.348796
-0.468673
-0.251015
-0.928831
-0.993835
-0.303201
0.954588
-0.321635
0.329630
-0.570421
0.505478
0.441084
0.263161
0.623035
-0.717399
-0.617115
-0.377361
-0.906308
-0.446516
0.227760
0.089572
0.127720
-0.567919
-0.727653
-0.250526
0.784173
-0.721366
-0.052889
0.884640
0.076144
-0.520371
-0.075289
0.047029
0.572741
-0.874264
-0.619251
0.360698
-0.261269
0.462386
0.771722
0.251381
0.027497
0.088473
-0.172155
-0.670034
-0.725761
-0.902707
0.679250
-0.143529
-0.353801
-0.350566
-0.748650
0.863094
0.502548
-0.063326
-0.447371
-0.450545
0.480697
0.363018
-0.767754
-0.983093
-0.372051
-0.948607
-0.314737
0.040437
0.472152
0.678152
-0.263588
0.591479
-0.136692
0.062227
0.387982
-0.443281
-0.424665
0.185644
0.795404
0.500412
-0.473739
-0.300394
-0.294839
0.236061
-0.016388
0.369610
0.995361
-0.202429
0.763237
-0.201697
0.354900
-0.044465
-0.800043
-0.244301
-0.937010
-0.307474
-0.874264
-0.422956
0.830012
0.241371
-0.790826
-0.720756
0.090793
-0.430525
0.233070
0.426801
0.918821
-0.210730
0.868099
0.544237
-0.214881
0.005036
-0.071078
0.997864
0.710623
-0.945677
-0.742973
0.119541
0.982177
0.196509
-0.651418
-0.969909
0.953246
-0.872860
0.108005
-0.464278
0.652333
0.106784
-0.171911
-0.204688
0.310648
0.657094
0.670339
-0.205786
0.493210
-0.046419
-0.373699
0.691885
-0.132420
0.087619
0.602893
-0.915036
-0.075961
-0.290750
0.613758
-0.250893
-0.472518
-0.729362
-0.201636
-0.292398
-0.771661
0.773370
0.813349
-0.093844
-0.128025
0.621815
0.480209
0.033357
0.955199
-0.442549
0.537645
0.940184
-0.643361
0.199499
0.994385
0.676077
-0.956542
0.173803
-0.994629
-0.815302
0.276101
0.968749
0.250832
-0.563036
-0.596973
0.540513
-0.767327
-0.936583
-0.245094
0.832636
0.980468
-0.030061
0.288247
-0.305094
0.584887
0.919004
0.843318
-0.640065
-0.323649
-0.088900
-0.984741
0.754326
0.924802
0.766961
-0.140172
0.882931
-0.913633
-0.444868
-0.367595
0.381817
-0.052156
-0.559984
-0.308023
0.277932
0.634144
0.065767
-0.362468
0.285623
0.295999
-0.984191
-0.554003
-0.270608
0.676199
0.169897
0.554735
0.233070
0.898373
0.505966
-0.424055
-0.323160
-0.996338
0.155431
-0.456038
-0.646535
-0.278420
0.872188
-0.324137
-0.130955
-0.082369
-0.796686
0.608386
-0.230323
-0.622547
0.845698
-0.194494
0.312357
-0.798883
-0.468490
0.164220
0.226844
0.303751
0.200781
0.882260
-0.637196
-0.110202
0.360271
-0.200842
-0.784234
-0.950621
0.735466
-0.806574
0.947813
-0.801630
0.116977
0.323283
-0.523728
-0.300882
0.577380
0.438765
-0.434004
0.902219
-0.356243
-0.696951
0.368450
0.715201
0.640553
0.138890
-0.456648
-0.707266
-0.681570
-0.128697
-0.416547
-0.223243
-0.505417
0.120518
-0.503830
-0.865963
0.081088
-0.800226
-0.908994
-0.600818
-0.433821
-0.610462
0.476730
0.861751
-0.426862
0.761895
-0.429975
-0.075289
0.367779
-0.958251
-0.399701
-0.478195
-0.830561
-0.435713
-0.785882
0.008454
-0.539171
-0.924314
0.735466
0.512131
-0.085482
0.577136
0.957945
0.399030
0.786554
-0.406049
0.106845
-0.300394
0.966369
-0.515488
0.809259
0.643178
-0.141087
-0.763604
-0.188635
-0.661489
0.571398
0.245399
0.879086
-0.584765
-0.032258
0.864315
0.302103
0.865780
-0.080844
0.126560
-0.468917
-0.959716
0.458907
0.021088
-0.460921
-0.315348
0.316324
-0.901852
-0.417707
-0.970336
0.796808
0.560350
-0.088534
0.392804
0.350993
0.480026
-0.778069
0.570788
-0.937925
-0.488998
-0.580248
0.494064
0.211158
-0.990112
0.041963
-0.617481
-0.844417
0.245766
-0.522263
0.047884
0.803339
0.580065
0.777520
-0.195166
-0.234230
0.809198
-0.479965
0.763359
-0.408185
0.077670
0.490829
0.597156
-0.003449
0.971068
0.626453
0.886898
-0.893857
-0.465743
-0.322672
0.155248
-0.492294
0.753166
0.572314
-0.551195
-0.988830
0.591174
0.672964
0.615955
0.127171
-0.842158
-0.649525
-0.340129
-0.032380
-0.049532
0.260903
-0.432722
0.752434
-0.836299
-0.732109
0.965758
-0.147801
-0.796625
-0.784783
0.043916
-0.872982
-0.217322
-0.009247
0.925779
-0.164525
-0.420698
0.140416
0.669118
0.359905
-0.545640
0.846492
-0.487289
0.034211
0.012360
-0.191931
-0.463240
0.393475
-0.704031
-0.404828
-0.513718
0.664907
0.333659
0.189489
-0.601856
0.820307
0.583422
-0.036348
0.865535
0.526597
0.135289
0.827815
-0.243751
-0.227821
0.435774
0.036897
0.823786
-0.790033
0.334574
0.680532
-0.079073
0.709098
0.295083
0.126255
0.856624
0.212806
-0.068758
-0.957457
-0.219459
-0.585681
-0.294534
0.871883
0.666311
0.485885
-0.206030
-0.006500
0.803217
0.376019
0.972228
0.176916
0.577685
-0.436018
-0.547227
-0.378887
0.160680
0.068819
0.704520
-0.505783
0.154210
-0.071810
-0.670522
-0.650807
-0.490829
0.181555
-0.680227
-0.856624
0.919370
-0.665578
0.549486
-0.099643
0.659841
0.945372
0.533860
-0.942869
-0.323038
-0.777459
0.493271
0.638356
-0.863521
0.093661
-0.287454
0.586108
-0.893490
-0.810846
-0.330119
0.033601
0.237770
-0.924741
-0.205603
-0.414472
0.964049
-0.483200
0.555712
-0.381512
0.957152
-0.246498
-0.770074
-0.666311
-0.498459
0.160680
0.797479
0.541673
-0.374310
0.495712
0.423505
0.009491
-0.279458
-0.847957
0.521409
-0.979675
0.689932
0.355022
-0.782769
0.648976
-0.893674
-0.378826
-0.744133
-0.748039
0.825739
0.964232
-0.044282
0.130467
0.858699
-0.073946
0.444441
-0.731376
-0.604785
-0.796930
-0.320475
0.648427
-0.215979
0.482528
-0.645314
-0.221534
0.937803
-0.861934
-0.481185
-0.608142
-0.875607
-0.478927
-0.711844
0.605335
-0.991699
0.252724
0.547044
0.619984
0.593799
0.504563
-0.221046
-0.619068
0.507248
-0.416791
0.750725
0.540208
-0.980529
0.879452
0.891842
0.514084
0.802362
0.928709
0.850764
0.080721
-0.193152
0.836238
0.017304
-0.963317
-0.763359
-0.842830
0.813288
-0.549852
-0.754509
0.418256
0.702139
-0.712088
-0.151280
0.544359
-0.010163
0.767388
0.474044
0.013581
0.212500
-0.781976
-0.622791
0.162023
-0.789666
-0.427961
-0.707633
0.997803
-0.258095
-0.563341
0.485763
0.146764
0.242897
0.509873
-0.530808
0.901364
0.804498
0.975097
-0.222999
0.672781
-0.685293
-0.922056
-0.301126
0.143956
-0.197424
-0.229652
-0.883786
-0.165441
-0.151158
-0.780450
0.327616
0.282266
-0.228431
0.188452
0.672353
-0.476730
-0.441023
-0.165563
0.668813
-0.264382
0.004181
0.971007
0.169774
0.739250
0.135411
-0.176000
0.647938
-0.994324
-0.141026
0.536180
0.842036
0.582202
-0.818415
-0.765374
-0.527940
-0.803522
0.241554
-0.424421
-0.917356
-0.837519
-0.538621
0.733024
0.089267
-0.331950
-0.325419
-0.229408
0.464339
-0.596850
-0.777032
0.281472
0.584582
-0.134800
0.210242
-0.401898
-0.949644
0.189611
0.055635
0.214454
0.445357
-0.143468
-0.254799
-0.018097
-0.890439
0.249672
-0.357585
-0.986511
-0.364666
0.539842
-0.515366
0.955443
-0.275307
0.641408
0.371563
-0.544237
0.990539
0.381329
0.917112
0.077975
0.850642
-0.922971
-0.685904
-0.872250
-0.345622
-0.537584
-0.608448
0.156713
-0.904355
0.317606
-0.073275
-0.770440
0.149876
-0.978637
0.947264
0.168249
-0.150121
0.050630
0.948363
0.888424
0.727348
-0.269875
-0.774651
-0.058626
0.380352
0.383953
0.550951
0.305033
-0.160375
-0.266518
-0.689016
0.109958
0.285257
0.044221
-0.870785
0.750114
-0.710501
-0.436506
0.457259
-0.953673
0.436506
-0.517747
0.101047
-0.699637
-0.565844
0.646290
-0.182714
-0.395123
-0.693655
0.660390
-0.670949
0.155858
0.741997
-0.338420
0.511093
0.002289
-0.579638
-0.131626
-0.052583
-0.711905
0.941099
0.099094
-0.397870
-0.505234
0.002777
0.066866
-0.837092
-0.067965
-0.662648
0.033906
-0.770928
-0.274270
-0.795465
-0.891903
-0.445845
0.026093
0.414411
0.187109
0.095614
-0.962096
0.280801
-0.080782
0.692557
0.274453
0.608997
-0.765069
0.196631
-0.120273
-0.821467
-0.127903
0.434614
0.834162
0.903806
0.628773
0.904172
-0.977294
0.755974
-0.260048
0.101047
-0.690603
-0.316630
-0.505661
0.528306
-0.383160
-0.892026
-0.997925
-0.268838
-0.234352
0.789300
-0.984375
-0.163610
-0.732841
0.888241
0.871639
-0.882870
-0.276101
-0.784295
-0.669668
0.784906
-0.939390
0.422346
-0.097262
0.372662
-0.647938
-0.626270
-0.950682
0.822138
-0.314859
0.453230
0.569079
0.144261
0.885372
0.860408
-0.269448
-0.607105
-0.508103
0.418744
-0.564928
-0.556566
0.154942
0.877194
-0.870113
-0.341166
0.086093
-0.579089
-0.101413
0.158055
0.858638
-0.793329
0.146886
-0.892636
-0.125156
-0.762261
-0.645741
-0.063082
-0.794916
-0.911069
-0.809503
-0.446883
0.729484
-0.131321
0.443098
-0.585681
-0.325480
0.342021
-0.385174
0.622608
0.281533
0.700980
-0.960204
0.263344
0.574999
-0.895749
0.777520
-0.815302
-0.836543
0.217200
0.239723
0.080599
-0.010895
0.182531
-0.777520
-0.961852
0.238624
-0.208899
-0.664968
0.928587
-0.436445
0.287637
-0.852351
0.757805
0.767510
-0.978149
0.834407
0.079806
-0.412580
0.412946
0.915525
-0.132237
0.860897
0.229408
0.529160
0.455550
0.254738
0.507920
-0.759331
-0.055879
0.995178
0.337687
0.577319
-0.618641
0.609180
0.791803
-0.955016
0.007172
0.592395
0.545763
-0.858577
-0.583422
-0.678335
-0.978576
0.471908
-0.057100
0.050691
0.942625
-0.667104
0.684805
-0.715506
0.343486
0.244484
-0.702628
0.382916
0.833552
0.788018
-0.889218
0.587634
0.978881
-0.154515
0.137852
0.943968
-0.311930
-0.168676
0.776238
-0.033784
0.650136
0.404645
0.799371
-0.211646
-0.304666
-0.312662
-0.559435
0.788507
-0.846431
0.885556
-0.707572
0.416791
-0.557360
-0.934446
0.913816
0.308084
0.311808
0.329081
0.372051
0.030915
-0.039216
0.775933
0.626942
-0.747368
-0.410199
0.503708
0.597156
0.444258
0.185644
-0.713126
-0.776299
0.353374
0.724357
-0.578173
-0.295633
-0.550035
-0.736076
-0.738701
0.044893
0.423444
-0.378887
0.074252
0.938292
0.470809
0.404645
0.978454
-0.021638
0.774957
0.400555
0.143590
0.392804
0.644948
-0.565538
0.164525
-0.334086
0.846675
0.863948
0.663198
0.174291
0.761284
-0.813044
0.735038
0.178869
0.196875
-0.880673
-0.559923
-0.221900
-0.909909
0.652577
-0.420087
0.159154
0.515671
0.731986
-0.985046
-0.595874
-0.025788
-0.849971
-0.152501
0.009674
0.622730
0.936888
0.937864
-0.739494
-0.131382
-0.344279
0.620899
0.616993
0.720450
0.665029
0.003998
-0.653188
0.874325
-0.895993
-0.265419
0.241005
0.246010
0.182653
-0.053804
-0.830561
0.990112
0.901669
0.332621
-0.200354
-0.223487
-0.120273
-0.665639
-0.471175
0.087619
0.779473
0.048128
-0.719169
0.364910
-0.719474
0.796808
-0.529038
0.181921
0.695120
-0.257973
-0.809503
0.256142
0.997925
-0.634266
0.100436
0.931639
0.876095
-0.054048
0.917905
-0.479293
0.561388
-0.768487
0.585070
-0.926328
-0.859066
0.851375
0.451277
0.793573
0.976318
0.804010
-0.828120
-0.156468
0.267312
-0.884640
0.446211
0.504624
-0.643178
0.272866
0.231239
-0.971252
0.510117
0.097995
-0.921384
0.279153
0.497848
-0.350078
0.431257
0.600146
-0.372112
-0.760430
0.167760
0.001190
-0.521714
-0.110141
0.197180
-0.650563
0.426435
-0.519944
-0.207495
0.943663
-0.903439
0.872921
0.492538
-0.646474
-0.219764
-0.416242
-0.827448
-0.956114
0.968078
0.910825
-0.130955
-0.000092
0.088229
-0.291055
0.915403
-0.281045
0.148839
0.844356
-0.638539
0.143223
0.635914
-0.015107
-0.351054
0.918455
0.655995
0.170507
-0.021760
-0.437971
-0.067782
0.943052
0.644215
0.375896
-0.774773
-0.890622
0.330363
0.167577
0.472579
0.835444
-0.610340
-0.738762
-0.946104
-0.389813
0.114475
0.971007
0.838191
0.855281
-0.945738
-0.487838
-0.625416
-0.120823
0.798334
-0.608203
0.139134
-0.680349
-0.924070
0.150853
-0.544176
-0.814631
0.466231
-0.426435
-0.830622
-0.777215
-0.224036
-0.362285
0.931394
0.268654
-0.524277
0.679495
-0.677908
-0.658681
-0.583422
0.442305
0.737968
-0.100436
-0.476424
-0.859737
-0.892087
0.923460
-0.739128
0.564928
0.052461
0.379681
-0.497971
-0.431196
0.729972
0.108615
0.435530
-0.364116
-0.459212
-0.329875
-0.157628
0.245399
0.759697
0.243629
-0.095126
-0.291726
-0.451338
-0.073763
0.442610
0.442244
-0.510544
0.537217
0.376568
0.222205
-0.336772
0.547594
0.871517
0.488754
-0.406964
-0.080660
0.386883
-0.088961
-0.863460
-0.057039
-0.882504
-0.409833
-0.909604
-0.770745
-0.301859
0.546068
0.484176
0.701956
-0.810053
0.016083
-0.731254
0.009186
-0.052217
-0.491989
0.198035
0.299112
-0.436934
0.977172
0.547899
-0.769646
0.075900
-0.757500
-0.898068
0.239357
-0.972533
-0.316202
0.173009
0.969359
-0.402142
0.756645
0.344157
0.860775
0.653859
-0.365337
-0.037141
0.070528
0.864132
-0.559008
0.032868
0.042207
-0.886959
0.250710
-0.115635
0.137364
0.204138
0.352519
0.464400
0.828608
0.059542
-0.954588
0.920408
-0.696097
0.403729
-0.602466
-0.876583
0.650929
0.251625
-0.812860
0.268410
-0.249489
-0.412702
-0.404157
0.382366
0.877804
0.738273
0.759697
-0.375042
-0.437727
-0.752922
-0.785455
0.843928
-0.809076
-0.879940
-0.304483
-0.377056
-0.723380
-0.958983
-0.000702
-0.163610
-0.799249
-0.238746
0.948729
-0.930845
0.787225
0.433515
0.713370
-0.948851
0.462752
-0.562059
0.395978
-0.618702
0.621998
-0.484725
0.506699
0.492904
-0.109836
-0.939268
0.871212
-0.035798
0.671316
0.401349
0.100864
0.164769
0.498398
-0.846065
-0.963683
-0.992492
-0.367962
-0.842708
-0.231239
0.248817
-0.961058
-0.266884
0.739494
0.161596
-0.021638
0.118381
-0.579028
-0.243263
-0.306803
0.648671
0.289224
0.966735
0.784051
-0.369671
-0.786431
0.099277
0.579150
0.730766
0.181677
-0.409223
-0.801874
-0.508164
0.592822
-0.981262
0.991028
-0.493027
0.061556
-0.926389
0.312906
0.527024
-0.908872
-0.584216
-0.230323
-0.060579
0.784600
-0.145482
0.329875
-0.686575
-0.766289
0.903928
0.558214
0.188635
0.219581
-0.626453
-0.625111
-0.209998
-0.369243
0.891232
0.172643
-0.886166
0.256142
0.314371
-0.039521
-0.881222
0.975829
0.968444
0.817621
-0.839473
-0.099277
-0.352519
-0.895322
-0.365276
-0.649464
-0.829707
0.459517
-0.996582
-0.715995
-0.835444
0.510544
-0.007965
0.258889
0.162694
0.752434
0.566881
-0.864071
-0.404523
-0.437300
0.269448
0.105319
0.207190
0.622913
0.062288
-0.796869
-0.243446
0.433760
0.492111
-0.387921
0.928220
0.108005
-0.698294
0.414899
0.141087
-0.862545
0.190283
0.601672
0.265053
0.534715
0.636708
-0.730888
-0.687735
-0.681631
0.486312
-0.653859
-0.577258
0.505417
-0.713065
0.857784
0.699087
-0.621632
0.407636
0.673635
0.328104
0.119663
0.418806
-0.084750
-0.136326
-0.722526
-0.747978
-0.880428
0.545030
0.840327
-0.210242
-0.453841
0.919187
-0.900449
-0.370708
-0.820124
-0.970580
-0.220130
0.414594
-0.835810
0.774163
0.597827
-0.096225
-0.354289
-0.709220
-0.084506
0.391644
0.921812
0.934935
0.077731
0.483200
-0.364299
-0.701041
-0.394024
-0.023530
-0.585864
0.778436
0.991455
0.549608
0.030183
-0.277444
0.710379
-0.086276
0.537461
0.056551
0.204505
-0.604480
-0.149022
-0.185095
0.268044
-0.999817
-0.497909
0.128330
0.668935
-0.707694
0.722465
-0.089816
0.798883
0.046724
0.308939
-0.871639
0.610828
0.113193
0.462691
-0.798639
-0.490646
0.128941
0.764702
-0.972472
0.497055
-0.862239
-0.157628
-0.073641
0.755486
-0.811274
-0.445357
0.691580
-0.857295
0.430403
0.715934
0.479904
0.335795
-0.482894
0.654408
0.771661
-0.013092
0.799921
0.783685
-0.102878
0.976806
0.759758
-0.760613
-0.661000
0.867489
0.469222
0.828669
0.179968
-0.405255
-0.441084
-0.902036
-0.945921
-0.266457
0.715934
0.615772
-0.215857
0.368206
-0.931700
0.682180
0.407392
0.037690
0.582080
-0.107944
-0.805536
0.925291
-0.607410
-0.809320
0.077792
0.609180
0.386883
-0.696036
0.027924
0.967772
-0.716239
-0.417280
-0.415876
-0.065584
-0.983764
-0.705985
-0.158544
-0.802301
-0.172460
-0.612964
0.473006
0.675100
0.678335
-0.327250
-0.639454
-0.264443
-0.459517
0.338420
-0.292520
0.108921
0.165990
-0.819391
-0.797296
0.188208
0.081881
0.518479
-0.500412
0.764153
-0.055513
0.131077
0.505600
0.723319
-0.750908
-0.657094
-0.519944
-0.817988
-0.086947
0.171972
0.030610
-0.394574
-0.014801
-0.777825
-0.579577
-0.264809
0.585314
0.662160
0.683218
0.110263
-0.973388
-0.793817
-0.981017
0.647450
-0.774163
-0.941343
-0.652699
-0.294656
0.308145
-0.286172
-0.058809
0.166906
-0.762810
-0.395428
-0.878658
-0.414838
0.933958
0.265175
-0.971557
-0.962462
-0.961913
-0.598437
-0.352580
-0.501328
0.245643
0.824885
0.304971
0.950926
-0.333293
-0.542589
-0.213904
0.690481
0.551439
-0.200903
0.094638
-0.500229
-0.584887
-0.143712
0.743950
0.287393
-0.030671
-0.240211
-0.560656
-0.230079
0.819758
0.665761
-0.761345
0.005951
0.033052
-0.245582
-0.036348
0.722221
-0.971862
0.525559
0.780816
0.145299
-0.659597
-0.191687
-0.882382
0.320231
0.833674
0.755608
0.440046
0.416608
-0.277627
0.543870
-0.559557
-0.858943
-0.078829
0.037507
-0.191198
-0.249245
0.477035
-0.583850
0.041475
0.264138
0.013703
-0.190954
0.256508
0.168310
-0.913999
-0.614978
-0.571703
0.953917
-0.123020
-0.284951
-0.282327
0.501755
0.528306
-0.483749
-0.645009
0.677602
-0.099704
0.162511
-0.804926
-0.251198
-0.596484
0.487228
0.806330
-0.328104
-0.951292
0.330180
-0.075533
-0.602954
-0.140782
-0.282144
0.756523
0.365215
0.502853
0.008942
-0.979125
0.790582
-0.072726
-0.554552
-0.376873
0.887143
0.325602
-0.254738
-0.172216
-0.284829
-0.276833
-0.861629
0.233375
0.130284
-0.928770
-0.416120
0.722037
-0.890133
0.935789
0.934507
0.554735
0.015656
-0.733512
-0.044099
-0.821589
0.528672
-0.324259
0.793878
-0.272744
-0.804010
-0.773064
-0.662770
-0.398114
0.943175
0.374493
0.715384
0.887265
0.435041
-0.482406
0.752373
-0.608020
-0.390912
0.059420
-0.251198
-0.182043
0.208960
0.287454
-0.745231
0.530992
0.183630
0.983947
-0.456893
0.440352
-0.865535
-0.504990
0.895199
-0.344829
0.283547
-0.605762
-0.441694
0.444746
0.565416
0.347880
-0.323893
0.992370
0.687063
-0.174352
0.535142
0.612476
-0.543443
0.469649
0.817499
-0.705496
-0.118625
-0.901669
0.478744
0.382305
-0.805170
-0.338664
-0.785821
-0.021577
-0.455672
-0.221595
-0.349162
0.309305
0.416242
-0.893063
-0.819880
-0.075167
-0.572985
-0.397565
0.430403
-0.867122
0.721671
-0.908506
0.040681
-0.842341
0.791986
0.060518
-0.053438
0.517258
0.589831
0.707633
-0.142491
-0.905576
-0.837947
-0.280313
-0.569811
-0.065828
-0.586901
-0.273537
-0.280679
0.298990
-0.342570
-0.542772
0.806879
-0.211707
-0.438643
0.713187
0.061190
-0.275674
0.577074
0.519517
0.591845
0.024018
-0.402814
0.001373
-0.103793
-0.432783
-0.188025
-0.484298
-0.955138
0.634205
0.630360
-0.105869
-0.872738
0.946837
-0.681509
0.909421
-0.501938
0.824152
0.009857
0.154881
0.256508
-0.019929
-0.677114
0.329386
-0.579394
-0.234718
-0.159276
0.817133
-0.846065
0.121128
-0.830439
-0.886837
0.321940
-0.632740
-0.543199
-0.417890
-0.359233
-0.644948
-0.591418
-0.386029
0.586779
-0.149083
0.698904
-0.554491
-0.943419
0.134983
0.580004
-0.958922
-0.296609
-0.522935
0.591601
0.109470
-0.824152
-0.408612
0.291665
0.807672
-0.583666
-0.339274
0.564867
-0.668386
0.597766
-0.226112
-0.302591
-0.162328
0.473434
-0.369549
-0.664968
0.071749
0.283303
-0.731559
0.229286
-0.123630
0.272744
-0.891964
0.915464
0.639698
-0.695425
0.694266
0.153844
-0.465987
-0.764946
-0.717887
-0.580981
0.731742
-0.166478
0.959227
0.656667
-0.723502
0.286538
0.398114
0.001068
0.508347
-0.972228
0.376385
-0.216285
-0.156224
-0.070040
-0.179479
0.935484
0.006317
-0.913755
0.037996
-0.966124
0.497848
0.923704
-0.752556
0.496017
-0.242225
0.658132
-0.196631
-0.103488
-0.296243
0.942137
0.716178
0.343181
0.762139
0.074862
-0.902585
-0.496811
-0.025605
-0.374248
-0.806391
0.383099
0.170263
0.704215
-0.103122
-0.056185
-0.246315
0.300699
0.387371
-0.649037
-0.958861
0.500595
-0.653005
-0.791498
0.263344
-0.638478
-0.298074
0.148473
-0.889401
-0.431257
-0.154393
-0.952208
-0.751762
0.771844
0.074190
-0.488449
-0.319681
-0.690725
0.463057
-0.233619
0.116245
-0.300699
-0.951109
-0.332072
0.210120
0.623218
-0.277139
0.327067
0.687551
0.126438
0.788018
-0.294229
-0.126499
-0.324931
-0.519822
-0.121311
0.326090
0.346171
0.829707
0.932676
0.161962
-0.364177
0.022675
-0.725333
-0.707144
-0.204627
0.151524
-0.929258
0.801202
0.749931
0.578478
0.500168
-0.647328
-0.433454
0.016449
-0.769341
0.218055
-0.026276
-0.403485
0.690054
0.825739
0.089877
0.437178
0.973205
0.105869
-0.158788
0.329875
0.440291
-0.392193
-0.425031
0.846187
-0.219275
0.900571
-0.686697
0.908139
0.177526
0.669973
-0.748344
-0.604907
0.746635
0.015900
-0.712333
-0.538011
-0.098544
-0.703177
-0.211158
0.233070
-0.211341
0.911740
0.553453
0.979369
0.328043
0.312845
0.155370
0.917417
-0.648305
0.192358
0.044221
0.481368
-0.875668
-0.047456
-0.559496
-0.161412
0.091403
-0.934629
-0.839167
-0.075961
0.653737
0.772637
-0.579882
-0.077120
0.011505
0.304239
0.582080
0.061190
0.102329
0.109470
0.489059
-0.275063
-0.318522
-0.783624
0.035676
-0.958861
0.389386
-0.870052
0.943480
0.456648
-0.371136
-0.003876
-0.030976
-0.799738
0.028047
0.623218
-0.380657
-0.653371
-0.240944
-0.413495
0.110996
-0.858150
-0.016083
0.317118
-0.262856
-0.263283
-0.295328
0.065523
-0.707999
0.844234
-0.071932
-0.007721
0.881893
0.151097
0.611072
-0.470565
0.309244
-0.841975
-0.228004
0.522935
-0.899838
-0.288491
0.412397
0.969359
-0.069002
0.146214
0.734672
0.658620
0.713736
-0.466353
0.909360
0.984252
-0.849239
0.084506
0.266030
-0.869442
-0.323527
-0.820795
-0.328227
0.528428
-0.322489
0.982482
0.328654
0.004364
0.561266
-0.621021
0.908444
-0.663991
0.275246
0.871456
0.792657
-0.461653
0.696219
-0.799921
-0.029084
0.281777
-0.367901
-0.223853
-0.702322
-0.425581
0.441877
-0.692740
0.760674
-0.474044
0.084811
-0.438765
0.462264
-0.811396
0.605090
0.922422
-0.870907
0.821284
0.432783
0.750359
0.843135
-0.307840
0.895749
0.531175
0.460677
0.030915
-0.683096
0.319376
-0.981628
0.284219
0.028230
-0.623402
0.232887
0.259255
0.677114
-0.661061
0.006134
0.138707
0.830866
0.682180
0.457015
-0.378765
-0.970824
0.937132
-0.556078
0.038179
-0.573046
-0.958617
0.333964
-0.080966
0.669790
0.232521
0.238807
-0.753044
-0.553636
-0.672048
0.982238
0.752434
0.414899
0.384930
0.072115
0.535447
-0.859859
-0.847407
0.838252
0.302225
-0.239418
0.208655
-0.771355
0.712821
0.085360
0.631825
0.157506
-0.804682
-0.336894
-0.722953
-0.072909
0.965453
0.529466
0.834468
-0.862728
0.357402
0.650868
-0.431013
-0.153722
0.858211
0.282327
0.098544
0.319559
-0.924558
0.436079
0.739677
0.975036
-0.348064
-0.258034
-0.112156
-0.288064
0.756279
-0.943236
-0.176061
0.741935
0.711112
-0.282327
-0.614368
-0.816218
-0.088961
-0.278054
0.995727
-0.594897
-0.048311
-0.844417
0.593005
0.614246
-0.041414
-0.709769
0.253151
0.265297
-0.715629
0.684194
0.249916
0.020478
0.576525
0.914121
-0.232521
0.446333
-0.117893
-0.468612
-0.203467
0.192785
0.548875
0.304178
0.293802
0.010773
0.806452
-0.470687
-0.385296
0.204688
0.529527
-0.752007
0.314432
0.243995
0.228980
-0.013764
-0.676443
0.125278
-0.751335
-0.748650
-0.032197
0.350688
0.600635
-0.356487
-0.996094
-0.553331
0.580126
-0.886654
0.139256
-0.987854
-0.625660
0.597156
0.047334
0.738151
-0.982910
0.309732
0.119602
-0.281350
0.605823
-0.352702
-0.382122
0.627857
-0.339213
0.074313
-0.517258
0.575915
0.174169
0.616871
-0.650014
-0.337626
-0.171117
-0.685476
-0.458724
0.952513
-0.498032
-0.840815
0.889035
0.222877
0.090915
0.784234
0.320353
-0.635426
0.261818
-0.520798
-0.348796
-0.488998
-0.907651
0.378094
-0.921812
-0.349528
-0.715995
0.835505
0.828303
0.334758
-0.385784
0.756523
0.041902
0.650563
-0.964904
-0.372600
0.050386
0.553514
-0.537034
-0.170202
-0.011689
-0.120701
-0.476180
-0.966308
-0.971984
-0.880490
-0.851619
-0.074984
0.620472
0.093905
0.166173
-0.966674
-0.561510
-0.411359
-0.590991
0.506760
-0.031770
-0.765740
0.298807
0.414533
0.718436
-0.268899
-0.157262
-0.793512
0.386212
-0.093417
-0.244911
-0.731864
-0.664296
-0.457747
-0.087130
-0.061251
0.353557
0.345561
0.418378
0.571703
0.670644
0.076266
0.494552
0.624317
-0.331278
-0.961913
-0.666189
0.998047
-0.882870
0.945982
-0.301614
-0.644215
0.674917
-0.372356
0.346477
-0.677908
-0.813410
-0.914243
0.977783
-0.143712
-0.656484
0.825556
-0.445540
-0.113254
0.239906
-0.132115
0.255776
-0.466720
-0.797967
-0.579394
-0.244240
-0.362346
0.906674
-0.043306
-0.985107
-0.245949
-0.023408
-0.104648
-0.602161
-0.661916
0.204932
0.269875
0.936155
0.966735
0.111667
0.658742
-0.058626
-0.338908
-0.305643
-0.187353
0.371075
0.332499
0.342814
-0.893918
0.852901
-0.925596
0.255959
0.791009
-0.370952
0.103183
-0.162816
0.796625
-0.516465
-0.298990
0.423383
-0.064730
-0.534959
-0.920896
-0.246864
-0.396344
0.413373
-0.652150
0.610096
0.956297
0.803034
-0.778314
0.666128
0.415387
-0.496689
0.393536
-0.880673
0.439802
0.546251
-0.193823
-0.937742
0.496506
-0.873470
0.226539
-0.530442
0.722526
0.746330
0.967406
0.013398
-0.195532
-0.273232
0.902951
0.932188
-0.469588
0.901669
-0.503037
-0.089877
0.304361
-0.521714
-0.639821
-0.228248
-0.211524
0.642933
0.975707
-0.525254
0.491501
0.869320
-0.639332
0.468551
0.020173
-0.895627
-0.410077
-0.773186
0.905026
0.629261
0.785211
-0.453963
0.044954
0.916868
0.961974
0.267617
0.969237
0.441694
0.347148
0.498642
-0.291604
-0.130955
-0.066256
0.501328
-0.788446
-0.273293
0.892453
0.662526
0.441145
-0.893490
0.447615
0.314249
0.109409
0.752861
-0.604602
0.789972
-0.658071
-0.007538
0.878414
-0.928098
-0.590075
-0.439070
-0.133091
0.023347
0.868404
-0.877499
0.153539
-0.403851
0.552477
-0.720939
-0.531602
0.761773
0.710135
0.208716
0.671560
-0.342143
0.644642
0.848140
-0.577685
0.013825
0.532640
-0.920408
-0.845882
0.122898
-0.782220
0.301187
0.802484
0.588794
-0.164892
0.546251
0.162755
0.334269
-0.980834
-0.894589
-0.032441
0.729728
0.036164
0.715201
-0.049104
0.688650
-0.384442
0.141392
-0.185644
0.710135
0.883480
0.411664
0.772271
-0.317972
0.907041
0.871029
-0.440046
0.380352
-0.729118
-0.277261
-0.446028
0.997314
-0.328715
-0.197974
-0.605335
-0.751213
0.773064
-0.232521
0.873470
-0.029267
-0.406903
0.867306
0.609119
0.467086
-0.012421
0.866817
-0.486190
0.558519
0.187475
-0.590320
-0.714652
-0.554613
0.944639
-0.232215
0.080538
-0.991577
-0.307901
0.169164
-0.647450
0.162084
-0.446516
-0.970336
-0.975768
0.277932
-0.133518
-0.685598
0.000641
0.540269
0.354411
0.451155
-0.215186
-0.357646
0.307657
0.643849
0.147923
-0.907407
0.718925
0.317850
-0.213050
0.555589
0.820673
-0.361919
-0.707633
-0.127964
0.789117
0.008026
0.363018
-0.399030
-0.450056
-0.407758
0.621937
-0.800287
-0.785699
-0.969543
-0.545030
0.740410
0.169286
-0.982177
-0.883419
0.604236
0.867489
-0.001556
-0.684500
-0.525132
-0.372112
-0.723807
0.517624
0.085299
-0.625904
0.210242
-0.644704
0.810663
-0.690725
0.563524
0.269936
0.842769
0.657704
0.046724
0.878903
0.105686
0.755486
0.386029
0.473006
-0.372417
0.576769
0.324259
-0.574816
0.556749
-0.168126
0.090487
-0.182104
-0.233802
0.767327
0.031709
-0.011628
0.044893
0.019257
