-0.403546
0.082064
-0.314920
0.974670
-0.157872
0.952269
0.903317
-0.888180
0.845943
0.973754
0.875668
-0.066988
0.045808
-0.761711
0.034944
0.017304
-0.342814
-0.479904
0.359600
-0.188330
-0.593066
0.394086
-0.023225
-0.499313
0.519883
0.555589
0.577685
0.165624
0.323099
-0.674245
-0.887448
0.389752
0.726005
-0.199377
-0.922727
-0.415326
0.703055
-0.277017
0.899411
-0.418683
-0.716178
-0.266823
0.616749
0.818598
0.356731
0.005097
-0.571398
0.961852
0.469771
0.432173
0.676199
-0.867733
0.613758
0.304910
0.812311
-0.034150
-0.013215
-0.610279
-0.378094
0.360332
0.485824
0.810236
0.981506
-0.897885
-0.288858
0.941832
0.972106
0.685842
0.204016
-0.912961
-0.858760
-0.169042
-0.352519
0.573840
-0.756096
-0.681387
0.833491
-0.171178
0.782952
-0.444258
0.389325
0.973998
0.433088
0.233924
0.426252
-0.956359
0.752678
-0.938169
0.218116
-0.787713
0.817560
0.287088
0.416791
-0.131138
-0.644215
0.864620
0.146519
0.557848
-0.996643
-0.619312
0.810785
-0.734367
0.741935
-0.696585
-0.496261
-0.053621
0.729484
0.823603
-0.224525
0.330119
0.837275
-0.602222
0.122410
0.959777
0.168126
-0.541795
-0.683645
0.791681
-0.184118
0.012970
0.655507
-0.872005
-0.439436
0.314249
0.913144
-0.796442
0.746330
-0.312296
0.990844
0.061983
0.213904
0.825007
-0.087863
0.919309
0.194189
-0.812006
-0.637684
-0.913694
0.527390
-0.254006
0.432478
0.093905
-0.308206
-0.948668
0.283792
-0.335551
-0.380047
0.938292
0.054720
-0.422407
0.763604
-0.811701
0.010834
-0.023347
0.583728
-0.556017
-0.289529
-0.614673
0.809015
0.864864
-0.998474
-0.823786
0.415387
0.461715
-0.516282
0.956420
-0.110263
0.361553
0.442366
0.058321
0.492294
0.072359
-0.569811
0.095248
-0.821284
-0.892026
0.621265
0.478927
0.283853
0.549425
-0.409528
0.069369
-0.779290
-0.349101
-0.324564
-0.782098
0.235817
0.175146
0.121677
-0.111179
-0.129307
-0.857295
0.980163
-0.957457
-0.769341
-0.947752
0.761467
0.362651
-0.514939
-0.015473
-0.505356
0.857967
-0.907468
-0.987060
0.955809
-0.700491
-0.207984
0.252113
-0.286111
-0.208106
-0.978454
0.921323
0.640980
0.992737
0.747490
-0.547777
0.401654
0.405805
0.879818
-0.805353
-0.839717
-0.256813
0.483932
0.163488
0.356609
-0.592639
0.080844
-0.239113
0.034822
0.903928
-0.578600
0.572802
0.179235
0.344951
0.500107
-0.120640
-0.886654
-0.151280
0.671010
-0.692251
-0.065279
0.749016
-0.901303
-0.369060
-0.996338
-0.847468
0.840144
0.941588
0.136753
0.764885
-0.370647
-0.837092
-0.113804
-0.971007
-0.614246
0.728324
-0.132969
0.120823
0.443587
-0.028230
-0.293069
0.647633
-0.055574
-0.944334
-0.218909
-0.699759
0.316874
0.607105
-0.221778
0.415693
-0.640675
-0.984069
-0.698843
0.964904
-0.308390
-0.968322
-0.528001
0.398907
0.254616
0.767632
0.603320
-0.133457
0.873165
0.722770
-0.680044
-0.702322
-0.583361
-0.823664
0.812311
0.383343
-0.343974
0.667898
-0.859798
0.856624
0.434492
-0.777459
-0.720389
-0.458296
-0.487228
0.276833
0.038545
0.850520
0.086764
0.760674
-0.235817
-0.624744
0.074679
0.940123
-0.842402
0.469344
-0.101596
0.627308
0.949278
-0.457564
0.942564
-0.907163
-0.805719
0.327616
0.191931
-0.625721
0.041597
0.515488
-0.681997
-0.513169
0.737785
-0.975646
-0.835749
0.401593
0.514267
-0.946409
-0.831172
-0.975341
0.837336
-0.726920
-0.973144
-0.323954
0.060701
-0.924802
0.802728
0.652272
-0.964293
-0.843013
0.939879
-0.039277
-0.828730
0.521836
-0.102512
0.875790
-0.330180
-0.147435
-0.243263
-0.917051
-0.121616
0.234169
-0.789789
0.552171
0.543748
0.555345
-0.711478
0.691153
0.156896
0.970336
0.234779
0.794977
-0.323588
0.849544
-0.683950
-0.053377
-0.887570
0.085482
-0.911069
0.734306
-0.271950
0.698294
-0.183752
-0.837580
0.661794
-0.262001
-0.948363
-0.745170
0.135899
-0.696097
-0.956542
-0.319437
0.832698
0.228675
0.004303
0.499619
0.958678
0.494491
-0.456893
-0.569262
-0.103977
-0.759697
-0.424604
-0.722953
0.661550
0.454695
-0.894223
-0.463912
0.942259
0.469893
-0.370586
-0.608020
0.626576
-0.829524
-0.106235
0.530320
0.526170
0.066622
0.577258
0.384625
0.226844
-0.558275
0.822932
-0.352397
-0.903684
0.877987
0.285806
0.600208
0.699576
0.175329
0.740410
0.897702
-0.135105
-0.018708
-0.703482
-0.188879
-0.904843
-0.700613
-0.655568
-0.419965
-0.231544
0.511887
-0.169469
0.288430
0.374554
0.654042
0.152379
-0.985412
0.866695
0.765130
-0.941282
-0.856929
0.301859
-0.136448
0.250343
-0.382855
-0.750603
0.855831
0.403180
0.887753
0.740654
0.644032
-0.963073
-0.539781
0.791742
-0.183081
-0.291177
-0.805780
0.432722
-0.159276
0.825922
-0.924131
-0.056551
0.059420
0.564074
0.310465
-0.597156
-0.224769
-0.655995
-0.602588
0.666372
0.122288
-0.343913
-0.896786
0.842463
0.723441
0.380840
0.305338
-0.683157
-0.211219
0.959777
0.859004
0.855159
0.225501
-0.045930
-0.822260
0.830805
0.031281
-0.256325
-0.586962
-0.284463
-0.540757
0.377056
0.158361
-0.789789
-0.479537
-0.813349
-0.874630
0.634449
-0.671926
0.812433
-0.859981
0.153478
0.830378
0.061373
-0.100742
0.661367
-0.807672
0.813410
0.886349
0.393109
-0.378704
0.182897
-0.950865
0.187658
0.511032
-0.858028
-0.051424
-0.516648
-0.070711
-0.651845
-0.464583
-0.100803
-0.348979
-0.580676
-0.516037
-0.902524
0.482467
-0.350993
0.329936
0.862117
-0.380840
-0.075900
0.589526
-0.036348
-0.546861
-0.557787
-0.648854
0.514023
-0.700430
-0.616932
-0.909177
0.927549
-0.062960
0.483322
-0.384381
0.060945
-0.006806
0.801141
-0.809809
-0.746025
0.329936
0.272317
-0.994629
-0.634877
-0.355571
-0.873959
0.572619
-0.589831
0.942259
-0.528916
-0.584948
0.119175
-0.105930
0.265297
0.434675
-0.620350
-0.607959
-0.398907
0.511521
-0.545824
-0.871517
0.764580
0.268654
0.996338
0.232215
0.513291
0.464095
-0.283242
0.849116
0.665578
-0.996765
-0.988220
-0.924619
-0.835749
-0.580187
-0.600146
0.155675
0.149449
-0.032258
-0.095920
-0.059053
0.070650
-0.485580
-0.569384
0.401715
0.060030
0.316507
-0.911191
0.299661
-0.354717
-0.202551
-0.260781
-0.955382
-0.992798
-0.938047
0.871639
0.748833
-0.341350
-0.266762
0.895077
-0.854610
0.443587
0.799127
0.413190
0.588122
0.627918
-0.195227
-0.694876
-0.236549
0.661122
-0.922300
-0.828913
0.193274
-0.427473
-0.469893
-0.680532
-0.376446
0.989807
-0.073702
-0.118137
-0.437300
0.515427
-0.627003
-0.378643
-0.262856
-0.815973
-0.558580
-0.074496
0.782037
0.154515
0.571398
0.669668
-0.231605
-0.051973
-0.482589
-0.174108
-0.252846
-0.738578
-0.239662
0.386578
-0.042451
0.019868
0.888913
-0.834529
-0.131321
-0.997620
0.505783
-0.592639
-0.848750
-0.819391
0.595874
-0.716361
-0.779839
-0.423566
0.806757
0.051363
-0.858516
-0.475997
0.353496
0.893002
-0.271096
0.908994
-0.292825
0.227088
0.215674
0.928831
-0.846431
0.827387
-0.784356
0.531602
-0.037080
0.263527
0.326640
-0.313578
0.453047
0.200049
-0.511399
-0.610889
0.790155
-0.488571
-0.147008
-0.589648
-0.111362
-0.304727
0.315958
0.692312
-0.906674
0.047639
0.291238
-0.648793
-0.106723
-0.082369
-0.002838
0.507004
0.971435
0.401654
0.354717
0.986450
-0.860347
-0.733634
-0.748650
-0.264016
-0.571093
-0.702994
-0.298135
0.819330
-0.055147
0.725150
0.741874
0.786798
-0.042268
0.537767
-0.599170
0.004486
-0.279824
-0.010407
-0.981750
-0.747368
0.201514
0.783441
0.118137
-0.520249
-0.957640
-0.721549
-0.220313
0.248695
-0.007660
0.272378
-0.655751
0.310282
0.776727
0.115207
0.660512
-0.875912
0.766411
-0.846919
0.683645
-0.227271
-0.390057
-0.167516
-0.815729
0.471541
0.919614
0.002960
-0.751701
0.825068
0.981567
-0.430342
0.931883
0.515915
-0.883053
-0.735221
-0.273232
-0.020600
0.785699
0.630970
0.861568
-0.562304
0.332133
0.102878
0.060823
-0.040681
0.377667
0.815607
-0.673208
0.162938
-0.314066
-0.517136
-0.325297
-0.306314
-0.232398
0.877377
0.645985
0.425336
0.959777
-0.777459
-0.447554
0.273965
-0.328471
-0.530198
0.279641
0.464644
-0.443770
0.916196
0.491501
0.295145
-0.658620
-0.084628
-0.090487
0.744743
-0.228675
0.272561
0.100436
-0.084262
0.156957
0.399945
0.714103
-0.471114
0.201575
0.226661
0.619922
-0.040010
-0.726127
0.570605
0.003143
-0.252907
0.254677
-0.197790
0.123875
0.187597
-0.984985
0.173803
-0.845454
0.997070
0.641896
0.617847
0.152989
0.418867
0.924497
0.749748
0.757134
0.792535
0.262673
0.314737
-0.261330
-0.599475
0.104709
-0.002106
-0.958007
-0.031953
-0.385968
-0.409284
-0.299356
0.042940
-0.107517
0.511338
-0.618397
0.085482
-0.509568
-0.105808
0.070284
-0.551012
0.126255
-0.164159
-0.789422
-0.369549
0.184179
-0.282815
-0.216834
-0.059114
0.208655
0.190710
0.135594
0.950438
-0.469283
-0.179052
0.324625
-0.959044
-0.494430
-0.955260
-0.602710
0.794183
-0.575365
-0.030427
-0.168188
0.870663
-0.651051
-0.916196
-0.048982
-0.600818
0.318033
0.908444
0.441694
0.211219
0.227882
0.575854
0.286294
-0.055208
0.776727
0.420698
-0.141881
0.994690
-0.851253
0.474166
-0.739921
-0.722465
-0.757073
-0.536851
0.280862
0.866573
-0.644581
-0.010468
-0.593310
-0.549120
-0.256386
-0.231300
-0.356059
-0.096042
-0.285257
-0.940855
-0.778497
0.882321
0.674001
-0.374310
0.494125
-0.840022
0.901364
0.424421
-0.478256
0.109653
-0.521287
0.594226
0.029389
-0.716910
-0.481552
0.052889
-0.703787
-0.067660
-0.793756
0.455123
-0.045076
-0.053926
-0.138768
-0.364910
0.537278
0.701224
-0.119175
0.447188
0.054415
-0.725883
0.084384
0.521043
0.628895
0.565844
0.565355
0.492172
-0.229347
-0.416608
-0.569933
-0.464705
-0.296060
0.490280
-0.556322
-0.098483
0.393414
-0.458296
-0.828364
-0.259865
-0.580065
-0.143101
0.728385
-0.207007
0.869930
0.481124
0.095248
0.991577
-0.524766
-0.522935
0.492843
-0.238441
-0.526780
-0.150731
0.197363
-0.577258
-0.477035
-0.440352
0.433576
-0.774285
-0.494186
-0.208411
-0.584155
-0.913938
-0.449019
-0.159032
0.535386
0.460067
-0.523362
0.292154
-0.403912
0.123997
-0.597400
-0.428327
-0.786431
0.208533
0.857356
-0.303140
0.941038
0.145909
0.043123
-0.177221
-0.773309
0.811396
-0.352458
0.747429
-0.877865
-0.229347
-0.996277
-0.694876
0.767510
-0.099338
-0.771599
0.929258
-0.426923
0.503769
-0.107273
-0.243812
-0.619861
0.185705
0.306375
0.532823
-0.545946
-0.157079
-0.141087
-0.488571
0.202857
0.019990
-0.136937
-0.170324
0.384991
-0.732658
-0.061861
-0.241737
-0.772210
0.274209
-0.890072
0.669607
0.879086
0.471969
-0.840205
-0.391400
0.826167
0.060457
0.563524
-0.584826
-0.289712
-0.820124
0.669790
0.430280
-0.034639
-0.202918
-0.638234
0.009919
-0.432295
0.833064
-0.784722
0.458052
0.978088
-0.594104
0.603626
0.367962
-0.297769
-0.876705
-0.000763
-0.542283
-0.636280
0.405805
-0.996277
0.908811
-0.975890
0.507797
-0.844172
-0.734916
0.956359
0.095920
0.261330
-0.301675
-0.484970
0.221229
-0.454268
-0.924131
-0.667470
0.852168
0.057649
-0.632801
-0.881039
-0.800104
0.066195
-0.084811
-0.977172
-0.280801
0.125217
-0.090365
0.742790
-0.612171
-0.967772
0.488021
-0.124973
0.742485
0.906735
0.926389
-0.117893
-0.619556
0.120762
0.865413
-0.695608
-0.390179
0.532640
-0.062777
-0.323405
-0.868587
0.600574
-0.859676
-0.100497
-0.168126
0.500534
0.937254
0.437727
-0.192846
0.853084
-0.433943
-0.497604
0.348125
-0.141331
-0.130589
-0.376995
0.153294
-0.722404
-0.211707
-0.684378
0.409833
0.593677
-0.148045
0.236366
-0.449263
-0.370891
-0.386700
-0.898862
0.645375
-0.893674
0.335429
-0.664296
0.488144
-0.657582
-0.164953
-0.796197
0.370769
0.856624
-0.242225
-0.994079
0.869259
0.320170
-0.984497
0.796503
-0.223060
-0.367656
0.316568
0.666250
0.053865
0.979614
-0.643666
-0.934141
0.009308
0.338481
0.710868
0.649220
0.482833
-0.202002
-0.780267
-0.042756
-0.694998
-0.102512
-0.030854
0.901852
-0.954527
0.300211
-0.737724
-0.132054
-0.522752
0.624012
-0.513047
0.532090
-0.973022
0.543565
0.240516
0.673086
-0.615406
0.324992
0.668813
0.825312
-0.804804
0.456221
-0.249062
0.486801
0.715079
0.271584
0.081576
-0.086825
0.192114
0.301309
0.955626
-0.450362
-0.493637
0.031098
-0.069552
0.634266
-0.294595
-0.181127
-0.629749
-0.859920
-0.667409
0.280190
0.439802
-0.071749
-0.237709
-0.258156
-0.465560
-0.746941
0.184668
0.840938
-0.330973
0.053072
-0.431806
-0.424116
0.718131
-0.096713
-0.099033
0.010895
0.126743
0.079806
0.625050
-0.476119
0.861812
-0.992370
0.550707
-0.762444
0.538133
0.672781
0.653066
0.486801
0.166417
-0.712699
0.934141
-0.955077
-0.378765
-0.675344
0.082614
0.302286
0.747734
-0.641896
-0.789178
0.492721
-0.891903
-0.546007
0.513230
0.835566
0.492538
0.063509
-0.098117
0.462569
0.856075
-0.480026
-0.193701
-0.471297
-0.727042
-0.830500
-0.357158
0.773064
-0.339213
0.462813
-0.766045
-0.414411
-0.173254
0.716971
-0.015839
-0.314310
0.009919
-0.922300
0.513291
0.255104
0.466536
0.746574
-0.156590
0.685110
0.016449
-0.978454
-0.007294
0.687124
-0.220496
-0.608448
-0.092929
0.883053
0.718558
0.328776
-0.410993
-0.396832
0.572008
-0.496933
0.314066
0.588183
-0.049348
-0.265664
-0.998108
0.907651
0.802240
0.661245
0.769158
-0.263649
-0.531358
0.237098
-0.506272
0.680960
-0.038423
-0.766655
0.783929
0.575854
-0.073885
-0.156407
0.359966
0.533616
0.013215
-0.888363
-0.541063
0.864376
-0.440229
0.150670
-0.222755
0.215430
-0.700064
0.831599
-0.569994
-0.886410
-0.925535
-0.559069
0.857173
0.499496
0.727653
-0.639943
-0.633961
-0.791437
0.572985
-0.355022
-0.634510
0.153233
-0.749870
0.844478
0.284219
0.503525
-0.153661
0.229102
-0.257851
-0.944823
-0.913327
0.534043
-0.205542
-0.448775
-0.913938
-0.642079
-0.261513
0.507614
-0.573168
0.930601
0.995178
0.544786
-0.156896
0.511887
-0.239662
-0.238319
0.424482
0.421247
0.322123
0.015168
-0.246498
0.149205
0.415021
0.961852
0.415876
-0.030671
-0.893735
0.520066
0.639088
0.935850
-0.238624
-0.846309
-0.411969
-0.150548
-0.780755
-0.412763
-0.503159
0.951476
0.333598
0.110752
0.377606
0.373760
0.683157
-0.055940
0.649770
0.131443
-0.596057
-0.030366
-0.846736
-0.830622
-0.541673
-0.841853
0.993835
0.747917
0.335063
0.879330
0.269204
-0.228797
-0.625050
-0.472518
-0.490341
-0.031770
0.018586
0.368877
-0.844478
-0.126133
-0.915036
0.385113
-0.949583
0.200537
0.910886
0.371685
-0.622791
0.829157
-0.169347
0.922483
-0.491562
-0.040803
-0.919004
0.084201
-0.522507
0.670339
0.446944
-0.179052
0.262246
-0.975951
-0.354778
0.308756
0.021699
0.540819
0.048616
-0.222449
-0.259621
0.588672
-0.510117
0.263833
0.924558
-0.625599
0.264870
-0.390057
0.517258
0.222755
-0.121982
0.314982
0.471236
-0.319864
0.360881
0.170019
-0.443709
0.558153
-0.127537
-0.361126
-0.183813
-0.648793
-0.785943
0.522507
-0.036531
0.213477
0.003265
-0.906003
-0.564684
0.255898
-0.333903
-0.731193
-0.401227
0.006806
0.390301
-0.579028
0.722404
-0.630360
-0.017853
0.796197
-0.149693
0.934019
0.823847
-0.722831
-0.352031
0.399701
-0.764885
-0.883908
-0.029206
-0.484542
0.220679
0.039705
0.773309
0.843806
-0.224158
-0.919675
-0.939329
0.087924
0.314127
0.226112
-0.671133
-0.444746
-0.880428
-0.568163
-0.572008
-0.700858
0.821345
0.748100
0.108554
0.791253
-0.003876
0.009430
0.489669
0.191809
-0.531846
-0.014313
0.655141
0.323588
-0.593738
0.412091
0.051729
0.230506
-0.212500
0.136998
-0.336833
0.946593
0.168004
-0.767571
-0.588977
0.628956
0.647877
0.486373
-0.906003
0.007721
-0.484664
0.763421
-0.972228
-0.013886
-0.293985
-0.810541
0.955321
0.108860
0.412763
-0.785577
-0.948119
0.587573
0.316385
-0.693777
-0.688772
-0.577929
0.536058
-0.813898
0.567248
0.797357
0.019623
-0.725883
-0.913450
-0.078158
-0.077059
-0.169836
0.886349
-0.077731
-0.045442
-0.492538
0.779412
-0.295022
0.622120
0.933531
-0.882260
-0.303018
-0.063875
0.446150
-0.937193
-0.334147
-0.267006
0.342143
0.369488
0.697012
0.742119
0.055330
0.938536
0.057466
-0.489792
-0.308695
0.117832
0.862911
-0.264626
-0.192785
-0.609729
-0.843562
0.203833
0.725883
-0.203345
0.030183
