-0.638539
0.305582
0.635914
-0.015107
0.112461
0.918455
0.655995
-0.210181
-0.021760
-0.644520
-0.067782
-0.318827
0.644215
0.375896
0.142552
-0.890622
0.330363
-0.470443
0.972289
0.835444
-0.574633
-0.972839
-0.946104
0.911557
0.251076
0.971007
0.838191
0.717154
0.779290
-0.487838
-0.625416
0.859371
-0.945433
0.326640
0.139134
-0.680349
-0.336528
0.705374
-0.544176
-0.814631
0.466231
0.626331
0.640919
0.687857
0.209143
-0.362285
0.931394
0.268654
0.517441
0.679495
0.287454
-0.658681
-0.583422
0.252846
0.737968
0.058870
-0.476424
-0.859737
-0.892087
-0.994079
0.493881
0.546983
-0.142735
-0.432173
0.299722
-0.431196
0.729972
0.108615
0.850581
0.295328
-0.459212
0.661733
-0.157628
-0.838374
0.788568
0.929380
-0.746086
-0.291726
0.219947
-0.073763
0.442610
-0.500168
-0.510544
0.537217
0.376568
0.246742
-0.336772
0.547594
-0.053255
-0.147740
-0.406964
-0.381695
0.890011
-0.088961
-0.863460
-0.057039
-0.882504
-0.409833
0.659291
-0.770745
-0.816034
-0.372356
-0.882992
0.701956
0.358684
0.286782
0.062166
0.009186
-0.052217
-0.268227
0.198035
-0.394757
-0.305460
0.553819
0.547899
-0.769646
0.131626
-0.715201
-0.898068
0.239357
-0.972533
-0.316202
0.173009
-0.536180
-0.402142
0.756645
0.344157
0.860775
0.975524
0.142186
-0.037141
0.070528
0.106967
-0.357341
0.215064
0.042207
-0.874264
0.250710
0.759270
0.137364
0.204138
-0.293313
0.054842
0.828608
0.059542
-0.954588
0.920408
-0.696097
0.403729
-0.879940
-0.846492
0.650929
0.200781
-0.812860
0.268410
-0.249489
-0.412702
-0.404157
0.382366
-0.643788
0.809687
-0.353862
-0.375042
0.377972
-0.752922
-0.785455
0.843928
0.650197
-0.879940
-0.304483
-0.377056
0.922727
0.614917
-0.000702
0.195166
-0.799249
-0.238746
0.948729
-0.930845
0.621632
0.710929
-0.304849
-0.948851
-0.966491
-0.562059
0.395978
0.855892
0.621998
0.784722
0.506699
0.474166
-0.109836
0.468795
0.364422
-0.906125
0.742973
0.599963
-0.670766
0.164769
0.498398
-0.846065
0.481735
-0.992492
-0.789178
-0.842708
0.908078
0.798029
0.735527
0.623890
-0.613453
0.162877
-0.021638
-0.384686
-0.579028
0.711112
-0.306803
0.648671
0.289224
-0.603626
0.045198
0.382366
0.210608
0.099277
-0.419172
0.730766
0.964415
0.589831
-0.801874
0.020295
0.592822
-0.981262
-0.185583
0.965148
0.061556
0.046785
0.312906
-0.761345
-0.908872
-0.057466
-0.230323
-0.060579
0.784600
-0.145482
0.329875
0.255959
-0.803583
0.903928
0.558214
0.222816
0.219581
-0.626453
-0.625111
-0.209998
-0.369243
0.174169
0.172643
0.458480
0.256142
-0.706290
0.603992
0.601367
0.975829
0.367473
0.225562
-0.796503
-0.099277
0.377728
-0.895322
-0.021638
-0.649464
-0.486801
0.459517
-0.996582
-0.882321
-0.835444
0.510544
-0.007965
0.258889
0.162694
0.752434
0.566881
0.003815
0.691580
0.522019
0.521653
0.105319
0.207190
0.622913
0.062288
0.433882
-0.243446
0.808710
-0.722159
0.359600
0.474654
0.108005
-0.256874
0.414899
0.082308
-0.237587
0.286477
0.601672
0.458113
0.534715
-0.417951
-0.856990
-0.687735
-0.402203
0.745964
-0.653859
-0.613697
0.126621
-0.539598
0.857784
0.281533
0.922849
0.407636
0.673635
0.018342
0.833857
0.418806
-0.651112
0.272317
-0.722526
-0.747978
-0.927610
-0.929014
-0.507248
0.217139
-0.800226
0.310282
-0.900449
-0.370708
-0.820124
-0.970580
-0.220130
0.150365
-0.835810
0.774163
0.597827
-0.705557
-0.354289
-0.709220
-0.570238
0.391644
0.989013
0.934935
-0.358135
0.540941
-0.364299
-0.701041
0.263833
0.394879
-0.492477
0.778436
0.991455
-0.188513
0.030183
-0.277444
-0.868160
0.234596
0.537461
0.056551
0.083102
-0.604480
-0.338847
-0.185095
0.268044
-0.999817
0.191870
-0.309305
-0.616016
-0.707694
0.401288
-0.677786
-0.191748
-0.994812
0.308939
-0.871639
0.281350
0.113193
0.462691
-0.798639
-0.179296
0.128941
0.764702
-0.626576
0.066378
0.550829
-0.947813
-0.073641
-0.444136
0.339763
0.551988
-0.810968
0.645741
-0.773003
-0.627674
-0.363506
0.335795
-0.482894
0.426435
0.771661
-0.013092
-0.087924
0.783685
0.210669
0.976806
0.759758
-0.760613
-0.661000
-0.884457
0.469222
0.605090
0.179968
0.639943
0.354045
-0.902036
-0.959716
-0.266457
-0.475448
0.615772
0.531785
0.368206
-0.931700
0.747368
0.770623
0.037690
0.033906
-0.848323
-0.949522
0.823115
-0.607410
0.581408
0.077792
-0.192053
0.386883
0.758415
-0.851314
0.967772
-0.716239
0.113193
-0.883358
-0.620289
-0.983764
-0.705985
-0.158544
0.693167
0.222755
-0.612964
-0.872005
0.677419
0.678335
-0.327250
0.464644
-0.474776
-0.459517
0.338420
-0.292520
0.108921
0.165990
-0.819391
0.786615
0.530198
0.205054
0.518479
-0.500412
0.764153
-0.055513
-0.023408
-0.661122
0.180334
-0.750908
0.782586
0.081271
0.165136
-0.086947
0.840999
0.220679
0.837886
-0.014801
0.379803
-0.452376
0.272011
0.585314
0.662160
0.683218
0.110263
-0.973388
-0.225684
-0.981017
0.647450
0.847957
-0.861202
-0.451033
-0.294656
0.247230
-0.174352
-0.058809
0.166906
0.613514
-0.395428
-0.126133
-0.414838
0.933958
0.265175
-0.317118
-0.599048
-0.961913
-0.084811
-0.589038
-0.501328
0.421247
-0.551378
-0.098056
0.950926
-0.333293
-0.542589
0.284158
0.439070
0.551439
-0.827021
0.094638
-0.500229
0.195715
-0.143712
0.058016
-0.032685
0.661306
-0.240211
-0.560656
-0.024567
0.819758
-0.130222
-0.687002
0.176122
-0.806085
-0.245582
-0.036348
-0.237465
-0.971862
0.525559
0.780816
-0.154637
0.429670
-0.324320
-0.882382
-0.631092
-0.258095
0.755608
0.440046
0.642140
0.764580
-0.409528
-0.559557
-0.858943
-0.078829
0.037507
-0.191198
-0.249245
0.487777
-0.583850
0.342021
0.264138
0.013703
-0.190954
0.670156
0.168310
0.241981
-0.614978
-0.844417
0.953917
0.731620
-0.005768
-0.596728
0.501755
0.641041
0.481613
0.263894
0.677602
-0.099704
0.162511
-0.338481
0.781121
-0.596484
-0.336833
0.806330
-0.328104
-0.951292
0.330180
-0.075533
-0.602954
0.818598
0.419538
-0.296304
0.365215
0.464949
-0.046480
0.313211
0.790582
0.006073
0.507004
-0.257363
0.100558
-0.281045
-0.254738
0.488693
-0.284829
-0.276833
0.611072
-0.569933
-0.058687
-0.928770
0.423627
-0.500961
-0.695669
0.115329
-0.069369
0.755608
-0.861324
-0.733512
-0.304788
-0.034211
0.528672
-0.324259
0.810663
-0.272744
-0.804010
-0.274758
-0.662770
-0.398114
0.943175
0.374493
0.715384
0.796503
0.435041
-0.482406
0.752373
-0.608020
-0.390912
0.059420
-0.431440
0.175146
0.208960
0.391156
0.179907
0.530992
0.102329
0.510056
-0.456893
0.440352
-0.614612
-0.504990
0.895199
-0.344829
0.283547
-0.576342
-0.441694
-0.651540
0.565416
0.347880
-0.323893
-0.946898
-0.066439
-0.174352
-0.305094
-0.587207
-0.943846
0.469649
-0.309793
0.636952
0.246864
-0.513474
0.940306
-0.460799
-0.512436
0.605823
0.238868
-0.021577
-0.455672
0.840327
-0.349162
0.309305
0.416242
0.011567
0.762505
0.863521
0.569140
-0.397565
0.424787
-0.387555
0.589770
-0.908506
0.713187
-0.770379
-0.154271
0.060518
-0.843196
-0.211707
0.976318
0.707633
-0.309244
-0.905576
-0.837947
0.089328
-0.569811
-0.717826
-0.586901
-0.173193
0.840083
0.020173
-0.342570
-0.542772
0.806879
0.500717
-0.438643
0.397992
-0.530198
0.148534
0.799249
-0.660573
0.319132
0.024018
-0.491623
-0.281350
0.064730
-0.432783
-0.188025
-0.484298
-0.955138
0.634205
-0.182958
-0.105869
-0.316446
0.440352
-0.681509
-0.993408
-0.501938
0.824152
0.009857
0.154881
0.276284
-0.479659
-0.677114
-0.645924
-0.579394
0.412763
0.370830
0.817133
-0.537950
0.121128
-0.830439
-0.886837
0.321940
-0.632740
-0.543199
0.606738
-0.942991
-0.745170
-0.452925
0.900510
0.586779
0.208777
-0.711966
-0.554491
0.019135
-0.707755
-0.562731
-0.193945
-0.296609
-0.522935
0.995972
-0.627552
-0.367290
-0.408612
0.953307
0.807672
-0.312784
-0.339274
0.487594
0.213477
0.597766
-0.481735
-0.302591
0.657155
0.473434
-0.513230
-0.706839
0.071749
0.283303
0.056673
0.842891
-0.846797
0.799493
0.404462
0.915464
0.639698
-0.024384
-0.983581
0.925474
-0.465987
-0.764946
-0.717887
-0.580981
-0.513047
-0.866878
0.959227
0.656667
0.514084
0.286538
-0.176611
0.002228
0.508347
-0.972228
0.534410
0.642689
-0.156224
0.632008
0.428083
0.935484
0.006317
0.485397
0.037996
0.488449
-0.134922
0.923704
0.471603
0.496017
-0.242225
-0.852168
-0.196631
-0.103488
-0.093966
0.638966
-0.869686
0.638173
0.762139
-0.161718
0.474288
-0.496811
-0.025605
-0.450240
-0.042879
0.697501
0.718619
0.704215
-0.961852
-0.366008
0.193213
-0.391888
-0.873348
0.263710
-0.958861
-0.501694
-0.653005
-0.791498
0.124546
-0.638478
-0.298074
0.148473
-0.328532
-0.431257
-0.154393
-0.741020
-0.418989
-0.972655
0.074190
-0.488449
-0.319681
0.254921
0.463057
-0.233619
0.116245
0.818659
-0.951109
0.431501
-0.338237
-0.764092
-0.851253
-0.390790
-0.393902
0.126438
0.022492
-0.984497
0.621509
-0.468368
0.911130
-0.121311
0.326090
0.346171
-0.964415
0.932676
0.161962
-0.044649
-0.003937
-0.725333
0.647389
-0.204627
0.293985
-0.929258
-0.908444
0.749931
0.791864
0.500168
-0.647328
-0.433454
-0.035676
-0.769341
-0.492477
-0.915098
-0.403485
0.951170
0.171361
0.089877
0.750603
0.973205
-0.778924
-0.158788
0.329875
0.440291
-0.392193
0.396832
0.566637
0.547533
0.900571
-0.686697
-0.667348
0.177526
-0.736564
0.569506
-0.604907
-0.852657
0.015900
-0.767754
-0.538011
-0.098544
0.898984
-0.876217
0.233070
-0.602893
0.911740
-0.326395
0.979369
0.328043
0.312845
0.155370
-0.273049
0.395550
0.192358
0.044221
0.985351
-0.855342
-0.047456
0.868160
-0.141942
0.596484
0.121128
-0.839167
-0.075961
0.009735
0.772637
-0.579882
0.740165
0.011505
0.572741
-0.121189
0.061190
0.186132
0.109470
0.489059
-0.275063
-0.984985
-0.783624
0.035676
-0.958861
0.717887
-0.797784
0.915281
0.157811
-0.371136
0.348857
-0.030976
-0.799738
0.033174
0.623218
-0.151524
0.523057
-0.260720
0.014557
-0.682180
-0.858150
-0.016083
0.317118
-0.550645
-0.263283
0.807978
0.065523
-0.457930
-0.464217
-0.071932
-0.007721
0.881893
-0.301187
-0.571093
-0.470565
-0.834590
0.752678
-0.061617
0.522935
-0.899838
-0.288491
0.452071
0.969359
-0.069002
0.146214
0.561083
0.406049
0.631031
-0.466353
0.909360
-0.449202
-0.238319
-0.179724
0.266030
0.817255
0.138279
-0.754570
-0.328227
0.528428
0.097629
0.932493
-0.383709
0.004364
-0.121494
-0.782830
0.908444
-0.663991
0.275246
-0.474288
-0.181799
-0.378155
-0.996948
0.482162
-0.029084
0.281777
-0.367901
0.206946
-0.702322
-0.425581
0.754631
-0.666311
0.963988
-0.474044
0.614490
-0.438765
0.190039
0.519639
0.605090
0.922422
-0.076754
0.821284
-0.622791
-0.850093
-0.786431
-0.307840
0.064241
0.531175
0.460677
0.030915
-0.683096
0.319376
-0.838191
0.284219
0.028230
-0.623402
0.192785
0.999329
0.401593
-0.661061
0.006134
-0.077792
0.867794
0.682180
0.457015
0.344279
-0.970824
0.937132
-0.556078
0.038179
-0.866451
-0.915830
0.333964
0.782281
0.669790
0.232521
0.781610
-0.753044
0.426984
-0.672048
0.982238
0.752434
0.077303
0.384930
0.072115
0.079318
-0.859859
0.149388
0.838252
0.302225
-0.239418
0.208655
0.481735
0.983154
0.092929
0.892331
-0.340739
-0.804682
-0.086947
-0.634388
-0.072909
-0.593677
0.171972
0.834468
-0.862728
0.357402
-0.761711
-0.431013
-0.939329
-0.923948
0.282327
0.400555
-0.878475
-0.924558
0.436079
-0.822871
0.975036
-0.403119
-0.967711
0.242531
-0.592822
0.756279
-0.943236
0.656789
0.741935
0.711112
-0.071688
-0.614368
0.762017
-0.893063
0.340983
0.143773
-0.936583
-0.492782
0.537828
0.981506
0.614246
-0.833613
-0.709769
0.253151
-0.540880
0.502609
0.684194
0.082614
0.020478
0.261025
0.914121
-0.232521
0.446333
-0.117893
-0.468612
-0.203467
0.192785
-0.729667
0.304178
0.708060
0.010773
0.999145
0.343669
-0.941465
0.829157
0.980712
-0.564623
0.314432
-0.222755
-0.846858
0.597766
-0.465255
-0.540269
-0.751335
-0.748650
0.327006
0.350688
-0.928892
-0.955138
-0.930784
-0.485336
0.088595
-0.886654
0.495041
0.169469
-0.625660
0.284890
-0.084567
-0.006134
-0.982910
0.309732
0.988098
-0.281350
0.605823
-0.214087
0.193030
0.627857
0.363872
0.074313
-0.745842
-0.961608
0.174169
0.616871
-0.650014
-0.337626
-0.171117
-0.685476
0.514695
0.080905
-0.498032
-0.840815
0.889035
-0.495407
0.126804
-0.564867
-0.074435
0.889340
0.881527
-0.520798
-0.348796
0.292642
-0.527940
0.378094
-0.986938
-0.546129
-0.883297
0.835505
-0.643971
0.950499
0.946471
0.903989
0.041902
0.650563
-0.964904
0.022858
0.050386
0.553514
0.154881
0.806207
-0.413739
-0.120701
0.279397
-0.966308
-0.971984
0.548509
0.670095
0.090060
0.455061
-0.405866
0.166173
-0.482284
-0.561510
0.559679
-0.590991
0.506760
-0.031770
-0.434065
0.298807
0.414533
0.718436
-0.268899
-0.709037
-0.793512
0.386212
-0.093417
0.462630
0.219947
-0.664296
-0.457747
-0.087130
0.225867
-0.690970
0.552171
-0.621876
0.571703
0.670644
0.341960
0.494552
0.624317
-0.574694
-0.961913
-0.209693
0.998047
-0.240150
-0.080599
-0.327189
0.717826
0.674917
-0.372356
-0.774834
-0.677908
-0.813410
0.682180
-0.184851
-0.125401
0.809809
0.593677
-0.445540
-0.113254
0.262856
0.168004
-0.028230
0.110385
0.406964
-0.579394
-0.244240
-0.362346
0.906674
-0.900449
-0.985107
-0.245949
-0.480697
0.318827
-0.365398
0.757134
0.204932
0.269875
0.936155
0.966735
0.111667
0.658742
-0.572130
-0.338908
0.300638
-0.187353
0.371075
-0.281045
0.123386
-0.893918
0.852901
-0.925596
0.255959
0.791009
-0.370952
0.246193
-0.677847
0.614978
-0.516465
0.979186
-0.446089
-0.064730
-0.066317
-0.920896
-0.246864
-0.376202
-0.013215
-0.569384
-0.518906
0.776055
0.663930
-0.778314
0.666128
0.415387
-0.496689
-0.406720
-0.880673
0.439802
-0.505905
-0.546068
0.932493
0.496506
-0.232032
0.226539
0.136570
0.697073
0.576220
0.967406
0.895627
0.711295
-0.273232
0.357280
-0.921140
-0.607532
0.901669
0.701773
0.452681
0.245094
-0.521714
-0.764214
-0.228248
-0.211524
0.642933
0.288186
-0.525254
0.491501
0.216834
-0.639332
0.468551
-0.773919
-0.895627
-0.496567
-0.848811
0.905026
0.629261
0.785211
0.195227
0.044954
0.916868
-0.510239
0.267617
0.969237
0.441694
0.347148
0.498642
-0.291604
-0.068026
0.665517
0.501328
-0.340861
-0.033296
-0.379925
0.940794
0.441145
-0.893490
0.631581
0.777703
0.109409
0.153050
-0.000885
0.958861
-0.658071
-0.007538
-0.367962
-0.928098
-0.348857
-0.439070
0.011139
0.023347
0.673757
-0.877499
0.347148
-0.403851
-0.571825
0.860775
-0.531602
0.761773
0.710135
0.208716
-0.589953
-0.342143
0.644642
0.848140
0.939207
0.001251
0.532640
-0.920408
-0.030549
0.122898
-0.919858
0.301187
0.594348
0.588794
0.770440
0.546251
0.162755
0.349345
0.864071
-0.251930
0.338298
0.729728
-0.408551
0.715201
-0.845943
-0.438215
-0.221290
-0.294656
-0.185644
0.710135
0.883480
0.411664
0.772271
-0.317972
0.986877
0.871029
-0.766900
-0.136265
-0.729118
-0.277261
0.130406
0.997314
-0.328715
-0.197974
-0.486251
-0.542589
0.108554
0.504807
0.873470
0.051363
0.517075
0.618519
0.609119
-0.388165
-0.012421
-0.073885
0.113620
0.558519
0.204321
-0.590320
-0.331767
-0.786370
0.944639
-0.611805
0.080538
-0.991577
0.048067
0.169164
-0.872372
-0.047578
-0.949950
-0.970336
-0.627430
0.577136
0.364177
-0.646901
0.000641
0.567186
0.354411
-0.821467
0.058321
-0.357646
0.307657
-0.903317
0.147923
-0.907407
0.718925
-0.686392
-0.213050
0.034944
0.820673
0.968444
-0.707633
-0.642201
-0.131748
0.350261
-0.547838
-0.076632
0.575671
-0.407758
0.621937
-0.800287
-0.785699
-0.162633
0.565722
-0.414472
0.551378
-0.982177
0.449019
0.604236
0.082247
-0.268410
0.720084
-0.525132
0.154393
-0.723807
0.243751
-0.550829
-0.625904
0.210242
-0.247841
0.810663
-0.690725
0.395184
0.269936
-0.623096
0.657704
0.046724
-0.977905
0.727531
-0.068331
0.386029
0.380657
0.668630
-0.542772
0.324259
0.206458
0.556749
-0.598071
-0.408063
0.710013
-0.233802
0.767327
0.246925
-0.376751
0.044893
0.352886
