0.584338
-0.403790
0.524583
0.715690
-0.237526
0.081149
-0.122715
-0.410382
0.281167
0.701712
0.564196
-0.205359
-0.169530
-0.876400
-0.691092
-0.098910
0.097201
0.404035
-0.289407
0.549425
-0.615223
-0.223304
-0.803949
-0.929624
-0.224952
-0.469405
0.670400
-0.644704
0.022858
-0.072970
-0.966491
-0.080599
0.750969
-0.286721
-0.612415
0.061739
0.898801
-0.143406
-0.796381
0.234962
0.008087
0.821650
-0.932432
0.948424
-0.673147
-0.445784
0.501205
0.255715
0.511521
0.281472
0.627735
-0.904538
-0.552538
0.151769
0.205542
0.359172
0.873287
0.903623
-0.411054
-0.795587
0.827082
-0.344035
-0.765191
0.305216
0.903806
0.980590
0.182958
-0.175573
0.527390
0.244667
-0.246132
0.158971
0.734306
-0.823420
0.709952
-0.238075
-0.593127
-0.402326
-0.597888
0.725761
-0.715201
0.838557
-0.733451
0.366680
-0.831111
0.543199
0.532090
-0.938047
-0.956603
-0.005219
0.116428
-0.586535
0.730583
0.489364
0.372967
0.132664
0.927549
0.464278
0.705313
-0.619312
0.127537
0.618152
-0.366802
0.493332
-0.134922
0.573534
-0.157567
-0.055818
-0.173681
0.955931
0.198035
-0.659780
-0.424055
0.103183
-0.819575
-0.769646
-0.405744
0.932310
0.413617
-0.184362
-0.326518
0.006500
0.687307
0.841426
0.232826
0.323893
-0.148228
0.634999
-0.605884
0.165319
-0.830683
-0.025178
0.402264
-0.116245
-0.903806
-0.977721
0.424482
-0.734184
-0.449019
-0.045503
-0.365337
0.973632
-0.743278
0.425336
-0.407025
0.714896
0.063387
0.292398
0.171728
0.898190
-0.331278
-0.677175
0.905454
0.939451
-0.202124
0.773675
-0.683584
0.372967
0.931761
-0.856014
0.755058
-0.938108
-0.830195
-0.380047
0.371258
0.406232
-0.860591
-0.814203
-0.879940
0.675893
0.628834
0.772942
-0.555040
-0.149083
0.391461
-0.387555
-0.661428
-0.632435
0.061617
-0.073580
-0.435652
0.579638
-0.650990
0.193396
-0.099155
-0.320109
-0.419172
0.431867
0.443098
-0.838435
0.936399
0.801508
-0.334635
-0.331462
0.458113
-0.526658
0.129734
0.129368
0.416059
0.909665
0.296121
0.475021
-0.775323
-0.632008
0.842830
-0.646779
-0.514451
0.677908
-0.193030
0.018281
-0.775262
-0.416181
-0.963073
-0.286966
-0.562426
0.850093
-0.353984
0.861812
0.399030
-0.281838
-0.330241
-0.078097
0.278237
0.356914
-0.474227
0.525620
0.889340
0.610950
0.032991
0.251747
0.407941
0.022065
-0.008881
-0.041658
0.927610
0.755364
-0.886654
-0.934324
0.969665
0.372417
-0.555651
0.708243
0.981994
0.387371
0.140599
-0.672170
0.891903
-0.249489
-0.667470
0.504990
-0.223670
0.951476
0.393170
0.424360
-0.401288
0.728324
0.263100
-0.571947
-0.927610
-0.532456
0.020234
0.796075
-0.812189
0.753349
-0.056124
0.862789
0.017792
-0.227332
-0.027497
0.670827
-0.486801
0.731376
-0.597156
0.512070
-0.337382
-0.802606
0.804071
-0.147313
0.244789
-0.999084
0.980285
-0.784967
-0.899167
0.301859
0.220252
-0.030732
0.973937
0.910215
-0.339030
0.871456
0.856197
0.933409
0.848994
0.707633
-0.541124
0.978149
0.097812
0.406537
0.808527
-0.011689
-0.783319
0.950499
0.658010
-0.616321
0.215369
0.870968
-0.465438
0.346416
-0.132664
0.098239
0.468429
-0.041963
0.720695
0.508652
-0.377178
0.967162
-0.454512
-0.957091
-0.410504
0.189062
-0.373760
-0.678457
0.512070
-0.722526
0.733573
0.213965
0.042451
-0.818232
-0.523789
-0.790704
-0.418134
0.849910
-0.129124
0.900571
0.503708
-0.220130
-0.968627
-0.529588
0.802728
-0.854976
-0.798761
-0.068331
0.921995
0.499313
-0.597949
0.268166
-0.383526
0.301187
0.945921
-0.364299
-0.992370
-0.673940
-0.551622
0.051546
0.063509
-0.427961
0.528062
-0.119419
0.941771
-0.014008
0.588794
-0.837764
0.285684
-0.180883
0.790948
0.210547
0.695181
0.028291
-0.992553
-0.737419
-0.142369
0.056185
0.190771
0.361431
-0.530808
0.946593
-0.537217
0.529893
-0.367229
0.405316
-0.762810
0.925108
-0.845332
0.705435
0.056429
0.874142
0.489486
0.223853
-0.981628
-0.092013
0.887936
0.912168
-0.822199
0.945250
-0.308817
-0.572558
-0.744011
0.810480
0.069552
-0.546251
-0.534043
-0.643239
0.136814
0.329814
0.939207
0.738701
-0.727409
0.868526
-0.762078
-0.605945
0.577258
0.598865
-0.632374
0.294046
0.258950
0.486740
0.661611
-0.348491
-0.153905
0.813166
-0.088168
0.227577
0.656545
-0.393231
-0.463790
0.183996
0.233070
-0.299539
-0.695669
-0.950316
0.959288
-0.392132
-0.485397
0.468062
0.556444
-0.500595
0.033784
0.726005
-0.650319
0.069369
0.469893
-0.322489
-0.124058
0.469527
0.896970
0.341655
0.251320
0.969787
0.292764
0.152867
-0.242347
0.555406
-0.665090
-0.983032
-0.988220
-0.539781
-0.968688
-0.183081
-0.357707
-0.805780
-0.884396
-0.526597
-0.296793
-0.832453
-0.688589
0.074984
0.590442
0.712333
0.259316
0.596912
-0.106662
0.910947
0.176000
0.782586
-0.662404
-0.580004
-0.750908
-0.744072
-0.139256
-0.156957
0.208594
-0.085116
0.011261
0.087130
0.541856
-0.264016
0.259926
-0.587024
-0.792474
0.399091
-0.790704
-0.945677
0.109348
-0.565172
-0.357830
-0.806269
-0.215186
-0.128574
-0.943541
0.741752
0.792962
-0.057772
-0.396893
0.458357
0.505478
0.108737
0.447127
-0.548936
0.811518
0.991272
-0.266030
0.828364
-0.314798
-0.095614
-0.742912
0.243629
-0.042268
-0.808832
-0.652882
0.694143
-0.815851
0.192175
0.209449
-0.537461
-0.389691
0.931028
0.167760
-0.177831
0.682363
0.091891
0.180517
-0.020539
0.994079
-0.365337
-0.640126
0.589526
-0.857356
0.377911
-0.053133
-0.298318
-0.382122
-0.637013
0.942808
0.089755
0.443525
0.217750
-0.434065
-0.032136
-0.300150
-0.850459
-0.479293
-0.398236
0.564806
-0.232704
-0.939817
-0.994629
0.105564
-0.616932
-0.504440
0.834773
0.257973
-0.060823
-0.334758
0.264138
0.917783
0.210425
0.735466
-0.101169
0.531541
-0.051607
-0.164708
-0.000763
0.575793
0.928037
0.632740
-0.574694
0.179601
0.052583
0.206824
0.205054
-0.895993
-0.744255
-0.089694
-0.904782
0.870296
0.192602
0.348552
-0.692068
-0.102695
0.191748
-0.079134
-0.420392
0.527879
-0.731132
-0.772881
-0.506943
0.260231
-0.046480
-0.492172
-0.007660
0.454878
-0.229652
-0.580248
0.360027
-0.753594
0.270058
0.213172
0.695853
0.709098
0.507248
-0.548509
0.414777
-0.849666
0.898740
-0.931700
-0.447798
-0.258217
-0.256081
-0.430403
-0.041231
0.600757
0.778619
-0.060762
-0.032807
0.780633
0.764824
-0.085116
-0.895016
0.487472
-0.048250
0.571276
-0.532640
0.288797
-0.011994
-0.478317
-0.371380
-0.780206
0.167455
-0.080660
0.841426
0.624195
0.225745
-0.937925
0.346721
0.076815
-0.192724
-0.583300
-0.472518
0.882565
-0.380291
-0.842158
-0.544176
-0.017487
-0.106479
-0.344829
-0.152623
-0.172216
0.255287
0.882565
-0.056185
0.473922
-0.347453
0.063875
-0.969115
-0.123325
-0.357646
-0.423566
0.127232
-0.803095
-0.817377
0.798761
-0.307352
0.628224
-0.293619
-0.124668
-0.147984
-0.859066
-0.049593
-0.419294
-0.138157
-0.878658
-0.304056
0.673452
0.950987
-0.106845
0.284097
0.427473
0.536302
-0.544298
-0.265908
0.241615
-0.935362
-0.239479
0.694571
-0.650746
-0.251320
0.562914
-0.594104
-0.188879
0.763848
-0.034333
-0.225074
0.157140
0.495895
-0.430525
0.346721
0.906247
-0.841487
-0.915525
0.462874
0.809259
0.715140
-0.389813
0.838069
-0.175878
0.774407
0.184545
-0.940611
0.827570
0.079684
0.298990
-0.578906
0.297647
0.340617
-0.503098
0.003937
0.305643
0.765252
-0.006745
-0.134434
-0.457564
0.664296
0.783441
-0.048799
0.933287
-0.639088
0.038911
-0.021943
-0.765923
-0.987609
0.810541
-0.558153
0.583483
-0.763970
-0.611560
-0.796625
0.240150
0.687246
-0.393353
0.729911
0.293008
0.359416
-0.188757
-0.909970
-0.926817
-0.054781
-0.417890
-0.349528
0.394696
0.260353
-0.740165
-0.101230
0.722953
0.977111
0.425459
-0.273232
-0.810053
0.809320
0.728507
0.765557
-0.772454
-0.946471
0.461043
-0.545701
0.550645
-0.903378
0.719718
-0.586108
-0.524949
0.787591
-0.421613
0.382122
0.325236
-0.960570
-0.389569
-0.811945
0.776666
-0.668630
0.508286
-0.812067
0.956542
-0.028962
0.702078
0.666494
0.719901
-0.516953
-0.118015
-0.952818
0.260781
-0.924619
-0.524644
0.539109
0.132237
0.961974
0.822077
-0.023103
-0.148900
-0.708426
-0.190283
0.167760
-0.053072
-0.423994
-0.783441
-0.504868
-0.748589
-0.102451
0.570605
0.291360
0.420270
0.161351
0.511032
0.123875
0.773797
-0.677175
0.981628
0.342753
-0.092990
0.551866
0.920713
0.546556
0.201697
0.943968
-0.894162
0.071932
0.920774
0.634571
0.366924
-0.263649
0.026093
-0.769585
-0.002106
0.607654
0.929624
0.072726
0.555956
-0.398236
-0.453413
-0.413495
-0.707938
-0.618397
0.472823
-0.686758
0.440535
-0.819575
-0.615772
0.920225
-0.417463
-0.104770
0.261696
0.637745
0.315592
-0.885861
-0.166784
-0.720023
0.497665
-0.806635
0.950438
0.678762
0.588977
0.486251
-0.220008
-0.273904
-0.484420
0.030610
-0.254555
-0.544786
0.110019
-0.183569
-0.043916
0.874264
0.066622
0.741081
-0.143162
-0.003937
-0.311563
0.718131
-0.326456
-0.107089
-0.935667
-0.690237
0.900693
0.120579
0.973571
-0.933348
0.672720
-0.481918
0.286416
0.632801
-0.497482
0.115207
-0.443831
0.810114
-0.251259
0.555528
0.536241
0.436445
-0.061617
0.257912
-0.167150
0.083712
-0.075900
0.951170
-0.400250
-0.374310
0.878414
0.539842
0.139988
-0.265542
0.175024
-0.083773
0.123936
-0.773064
0.510361
-0.322062
0.085665
0.752922
-0.378643
-0.647206
0.944884
0.377606
-0.636158
0.079440
0.775140
0.902036
0.860714
0.955870
-0.404096
0.116916
0.909421
0.960143
0.317301
0.710990
-0.284158
0.144566
0.900571
0.662160
-0.387555
0.659413
0.455061
0.487289
0.831538
-0.443281
-0.520066
0.261879
-0.243263
-0.489975
0.843867
0.218238
-0.468429
-0.034516
0.332438
0.464888
-0.725394
-0.541673
0.561693
-0.052095
0.135289
0.624073
-0.871395
-0.389264
-0.419294
-0.591479
-0.916623
-0.943785
0.327982
0.993591
-0.570482
-0.248146
-0.036409
-0.269875
-0.813776
0.824458
-0.198035
-0.290201
-0.913938
0.014008
-0.100070
-0.450179
0.800287
-0.501755
0.617176
0.163610
-0.170507
-0.472091
-0.273049
0.842647
-0.709342
0.299905
0.191748
-0.541795
-0.610096
0.333842
-0.502548
-0.050447
-0.629261
-0.910520
0.989380
0.655568
-0.073214
0.956359
-0.288491
0.790033
0.349712
-0.842036
-0.023408
0.256752
-0.202551
0.274941
0.888607
0.521104
0.511887
0.119297
-0.192602
-0.293374
-0.299112
0.490463
0.312906
-0.495407
0.421125
0.660451
-0.678701
0.234657
-0.974609
0.202124
-0.191748
0.655629
0.188818
-0.533250
0.481491
-0.162755
0.687918
0.456526
-0.042695
0.412702
-0.328349
-0.163366
-0.498337
0.994018
0.725333
-0.460921
0.083895
-0.040315
-0.801325
-0.278603
-0.809381
-0.212012
-0.616382
0.298013
0.193457
0.429609
-0.976073
0.603626
-0.429182
-0.316813
0.598498
-0.156529
-0.581286
0.054781
0.138401
0.964599
0.097079
-0.070650
0.491440
0.380352
0.083346
-0.046419
-0.156041
0.587939
0.249245
0.494675
0.909116
-0.747185
-0.977477
-0.076205
0.757500
0.312235
0.320353
-0.226112
-0.713492
0.380413
0.470870
-0.030427
0.165685
0.657460
0.340251
-0.837214
0.393170
0.263894
0.908139
0.992676
-0.694571
0.139134
0.537339
0.572497
0.394940
0.434248
-0.003021
0.048433
0.022248
0.696402
0.079562
-0.289163
0.937803
0.819514
0.089084
-0.031037
-0.379376
-0.363262
0.276406
0.976318
-0.563829
-0.337260
0.862911
-0.371990
0.027070
-0.299295
-0.655934
-0.035249
-0.211524
0.630360
-0.994079
-0.535325
-0.924558
0.913083
-0.213294
0.643422
-0.778558
-0.285623
-0.559618
0.391644
-0.963256
0.225990
-0.255104
0.541368
0.636097
0.347697
0.249062
0.050691
-0.336161
0.046236
-0.450789
-0.540757
-0.512436
0.275124
-0.623646
-0.799127
0.477889
-0.922422
-0.898984
0.265297
-0.566820
-0.061556
0.300882
-0.696219
-0.556871
-0.565661
0.036531
0.631336
0.000397
-0.386151
0.051912
0.258339
0.001251
0.350017
-0.850459
-0.460067
0.300211
0.017731
-0.683279
-0.333110
-0.946532
0.353923
0.823542
0.479476
0.713981
0.253639
-0.185522
-0.933409
-0.408063
0.901975
0.703299
-0.582385
0.585498
0.046175
0.213904
0.974609
0.462569
-0.881344
-0.487350
0.974548
0.140294
-0.123142
0.765252
0.929136
0.377056
-0.568041
-0.495285
0.789117
0.612476
0.860897
0.874569
0.351421
0.662343
-0.490036
0.077914
-0.367229
0.174169
-0.573473
-0.528245
0.577990
-0.127049
-0.873714
0.340373
0.786187
0.626637
-0.400311
0.916623
-0.232215
0.566088
0.677969
0.804254
-0.635426
-0.916929
0.450423
0.554003
-0.200781
-0.859859
0.681692
0.662343
-0.086520
-0.976745
-0.700064
-0.076205
0.522568
0.495651
0.682119
0.438765
-0.993103
-0.044099
0.804010
0.464217
-0.322611
0.054720
0.633961
0.133091
-0.600574
0.485824
-0.172033
-0.934751
0.855464
-0.221778
0.994690
0.908444
0.738151
-0.573962
0.702994
-0.790338
0.548936
0.666372
-0.398968
-0.121006
0.279946
-0.959838
0.677725
-0.005585
-0.510483
-0.000336
0.821589
-0.847957
0.240638
0.818598
0.189550
0.107517
-0.881283
0.121982
-0.156224
-0.679922
0.186193
-0.011322
0.330058
-0.796564
0.234046
0.143223
-0.380230
-0.743034
0.922239
0.538560
-0.579821
-0.131687
-0.420270
0.508408
0.880734
0.496506
-0.161657
0.830927
-0.923887
-0.593493
-0.768365
-0.159825
-0.033540
0.471175
0.173132
-0.061495
-0.120518
0.158300
-0.021271
0.275307
0.785272
-0.383465
0.392804
0.327494
0.254128
-0.694327
0.686758
-0.543138
0.105564
0.109165
0.841426
0.800714
-0.332377
-0.131382
-0.725150
-0.308390
-0.225135
0.349040
-0.025727
0.249794
-0.983215
-0.984069
-0.252663
0.275491
-0.103000
0.123386
-0.212134
-0.825617
-0.160375
-0.651357
0.231178
-0.435896
-0.594470
-0.375713
-0.156407
0.590136
0.648061
-0.078097
0.368145
-0.943602
0.439558
-0.766778
-0.675344
0.423750
-0.422346
-0.883908
-0.298196
-0.621754
-0.392560
-0.294595
-0.625721
-0.950743
0.549486
-0.213294
0.329142
-0.025605
0.932737
-0.450606
0.838313
0.473739
-0.996399
0.394452
-0.130528
-0.576464
0.559801
-0.532701
0.935850
-0.786920
-0.597705
0.743767
-0.071566
0.029145
0.792291
0.013215
0.649281
0.176672
0.772759
-0.164953
0.505600
-0.780572
0.478561
-0.261330
0.468978
0.698660
0.055513
-0.191382
0.459456
0.267251
0.623280
-0.912351
0.667531
0.144017
-0.749016
0.871395
-0.273476
0.957091
0.674795
0.567675
-0.291177
-0.747795
-0.752373
-0.404828
-0.341533
0.908994
-0.154942
0.856746
-0.365215
-0.977233
-0.842463
0.422956
0.098849
0.630543
0.235084
0.314249
0.271706
-0.147923
-0.604602
-0.028169
-0.010529
0.574572
-0.100497
-0.899411
-0.458357
0.646718
0.804926
0.525132
-0.847224
-0.455550
0.461104
-0.844600
0.768975
-0.615101
0.541368
-0.798822
0.989563
0.800104
0.296915
-0.078280
-0.210059
-0.459334
0.422468
0.712760
0.394391
0.213660
-0.988586
-0.079257
-0.561876
-0.289285
-0.247108
0.626453
0.891659
-0.048189
-0.554125
0.285134
-0.146519
0.332743
0.250710
0.367901
0.576464
-0.596484
0.013092
0.398907
0.358989
-0.523423
-0.280862
-0.387310
0.347942
-0.893368
0.656850
0.226539
0.203162
-0.120823
0.419111
-0.672292
-0.729118
-0.490768
0.194128
-0.374981
-0.737724
0.538743
-0.645192
-0.029206
-0.713797
-0.834712
-0.427107
0.682119
0.905210
0.719840
0.195471
0.649648
0.049715
0.879940
-0.934019
-0.870113
-0.430464
0.821345
0.441877
0.564806
-0.413862
0.706351
0.696524
0.974548
-0.973022
-0.405011
-0.721366
-0.208533
-0.860042
-0.166051
0.233314
-0.858394
0.722037
0.715262
-0.771905
-0.394513
-0.283731
0.217627
0.383587
-0.336650
0.452376
-0.345439
0.835994
-0.443037
0.824946
-0.345805
-0.130222
0.600696
-0.424360
0.872311
0.067415
-0.456221
0.027619
-0.799310
0.278481
-0.978515
-0.845149
-0.147069
-0.512131
0.900815
-0.136814
-0.064852
0.879879
0.211768
0.962096
-0.166540
-0.926756
-0.997803
0.914731
0.221107
-0.076876
0.714103
0.750359
-0.541429
-0.113071
0.643788
-0.524644
-0.766167
0.663076
-0.882260
-0.921140
-0.814753
-0.922422
-0.937193
0.184851
-0.113559
0.610401
-0.290689
-0.038362
-0.332560
-0.564440
0.668630
0.758599
-0.156529
-0.618152
0.568041
0.867122
0.544725
-0.352702
-0.013764
0.568468
0.829768
-0.788629
-0.044038
0.520188
