-0.698904
-0.700491
-0.570849
0.216956
-0.754265
-0.238868
-0.736625
-0.861263
-0.620289
0.958800
0.203467
0.308451
0.671010
0.085116
0.922544
-0.798883
-0.398419
-0.156774
0.962279
0.103000
0.837519
-0.865291
0.529588
0.978271
0.404950
0.482162
-0.545030
0.173681
0.148045
0.971313
0.766839
0.833552
0.861263
-0.792901
-0.861873
0.167882
-0.634327
0.110141
-0.542222
-0.647389
0.074923
-0.142491
0.425092
-0.194250
-0.469955
0.139500
0.820673
0.683401
-0.113498
0.258950
0.415876
0.048860
0.885556
0.326456
0.239235
-0.690359
-0.888424
-0.215491
0.960570
-0.404828
0.375652
0.546739
-0.276040
-0.375164
0.934812
0.069369
0.649037
0.519333
-0.136082
-0.309183
-0.630238
0.557299
0.898923
0.220618
0.287210
-0.295511
0.287332
0.566271
-0.026276
-0.961241
-0.565294
0.542039
-0.628162
-0.508591
0.681509
-0.225684
0.132603
-0.972594
-0.789178
0.163305
0.413190
-0.201025
0.808283
0.489242
-0.703665
0.699026
0.862178
-0.754570
-0.820856
0.894833
0.111606
-0.167943
-0.857356
0.859249
0.924924
0.694449
0.635975
0.681753
-0.250282
-0.847163
0.043306
-0.727775
-0.299722
0.734733
-0.728141
-0.363079
-0.683645
0.641408
-0.355876
0.253456
0.048250
-0.676931
0.244057
0.885739
-0.786615
-0.723197
-0.624866
-0.298257
-0.940489
0.260231
-0.805719
-0.605762
0.124851
0.318461
-0.181677
0.952208
0.468917
-0.631092
0.520127
-0.754021
0.816584
0.691702
-0.308206
-0.402448
0.043001
-0.643849
-0.124912
0.500900
-0.787225
-0.806207
0.167272
0.732475
0.140721
0.442610
-0.309610
-0.995117
-0.063387
0.924314
-0.784722
-0.518845
-0.419233
0.350871
-0.387188
0.293313
-0.985412
0.132298
0.571581
-0.149876
-0.640187
-0.178930
-0.923093
-0.890683
-0.857051
-0.024384
0.871700
-0.320536
0.508286
0.566332
-0.624195
0.164892
-0.399152
-0.763237
-0.952452
-0.548936
-0.951415
-0.816889
-0.271462
0.679617
-0.451033
-0.510544
0.496078
0.266213
0.278481
0.844478
0.275857
0.181188
0.533982
-0.113804
0.516831
-0.052522
-0.214148
-0.038179
0.340312
-0.471603
0.752617
-0.214698
0.204016
0.333293
-0.438215
-0.419843
-0.933287
0.023652
-0.642506
-0.310953
-0.572924
-0.617542
-0.090304
-0.255959
-0.613880
-0.488754
-0.490768
-0.398541
-0.906735
-0.879147
-0.711112
-0.041108
0.743400
-0.377606
-0.358074
-0.799860
0.058138
-0.628956
-0.536668
0.528428
-0.242103
0.008209
-0.751335
-0.040193
-0.971984
0.246620
0.127720
0.767998
0.873348
0.786065
0.271645
0.194250
0.499619
-0.411786
-0.455061
-0.982788
-0.527940
-0.263161
-0.234413
-0.972533
0.794610
0.966002
-0.438826
0.553331
-0.754448
-0.556993
0.971435
-0.849361
-0.438215
0.174841
-0.288858
0.246559
-0.260964
-0.340251
0.809809
0.955260
-0.162328
-0.868587
0.119114
0.821406
0.588916
0.749504
0.865963
-0.969665
0.369182
0.542955
-0.439253
-0.614124
-0.420820
-0.054659
-0.675039
0.142674
-0.867306
0.466048
-0.600818
0.343608
-0.757988
0.431806
0.492172
0.285684
-0.724235
0.316141
-0.217689
-0.997803
0.237831
0.174047
-0.946593
0.705435
0.943663
0.293191
0.777825
0.555712
0.404096
-0.467513
0.179113
0.775323
0.523484
-0.049837
0.739372
0.847102
0.984313
-0.476669
0.909116
0.280618
0.141087
-0.937315
-0.646352
-0.701224
0.767693
-0.473128
-0.184301
-0.528794
-0.825312
-0.518418
-0.269082
0.454146
-0.605457
0.518662
-0.532334
0.819269
0.510544
0.506211
0.288064
-0.319315
0.303995
-0.086642
-0.820429
-0.199683
0.388348
-0.561876
0.767571
0.795831
0.026643
0.651479
-0.814386
-0.581957
-0.433027
-0.844111
0.147740
0.678945
-0.860408
0.842830
0.543748
-0.233070
-0.129002
0.364483
-0.192724
0.587939
0.049837
-0.072054
0.183203
0.916440
0.934263
-0.989196
-0.406476
0.349406
-0.701102
0.824946
-0.850703
0.542589
-0.562548
-0.576708
0.856380
-0.220191
-0.604968
-0.049654
0.594714
0.505173
-0.990783
-0.000275
0.692434
0.614124
0.407575
-0.871761
0.199988
-0.175146
0.184362
0.029023
-0.450606
-0.951415
-0.123936
-0.187780
0.262368
-0.375774
-0.986999
-0.411115
0.517441
0.651479
0.488266
-0.545213
0.863704
0.268166
0.048799
-0.944029
0.746879
0.066622
0.280557
-0.746513
-0.264931
0.150426
-0.609363
0.272073
0.293252
0.225929
0.175695
0.363323
0.692434
0.022370
-0.710318
-0.800714
0.451643
0.788934
0.609058
0.281350
-0.515061
-0.280618
0.373760
-0.892819
-0.558763
-0.845943
0.947203
-0.519028
-0.071993
0.734855
0.260659
-0.240822
0.927854
0.384869
0.329386
-0.680166
0.044527
-0.850642
-0.023408
-0.324686
-0.325297
-0.145665
0.925047
0.862239
0.868221
-0.704276
-0.482101
0.062899
-0.468368
0.615101
-0.752739
-0.525132
-0.707083
0.274941
-0.505478
0.268777
0.636341
-0.524155
-0.410321
0.758110
-0.427900
-0.270241
0.751579
-0.843989
0.714347
0.122288
-0.828608
-0.081820
-0.604602
0.329814
-0.240028
-0.008576
0.266335
-0.142552
-0.456771
-0.089450
0.452376
0.429365
-0.857601
0.931700
-0.011139
0.540696
-0.234474
-0.236549
0.181738
0.807733
0.196081
-0.102451
-0.017853
0.437727
-0.392499
-0.503525
-0.228980
0.714530
-0.892148
-0.260598
0.538987
-0.765252
0.304178
0.751213
-0.970214
0.549852
0.718863
-0.486312
-0.707144
0.763543
0.182897
0.836482
0.246010
0.038240
0.893124
-0.995239
-0.404035
-0.125278
0.498276
0.750542
0.007538
0.054720
-0.969848
-0.087741
0.744377
-0.687063
0.892026
0.472213
0.085971
0.730155
0.833613
0.631703
0.792474
0.460433
0.807611
-0.474776
-0.677541
0.643239
0.428266
0.478927
-0.860042
-0.995911
-0.721610
0.687551
-0.607166
-0.941954
-0.494064
-0.034883
0.881222
-0.719901
0.434065
-0.870968
-0.963256
0.289834
-0.911374
0.903256
0.554918
0.220374
0.118442
0.517930
0.820551
-0.915220
0.945677
-0.630177
0.635670
0.778985
0.515488
0.361919
0.782281
-0.736137
-0.098788
0.172277
-0.568285
0.248756
0.231727
0.157018
-0.943541
0.766717
0.285134
-0.452437
-0.955565
-0.858760
-0.700430
-0.277017
0.338237
0.933653
-0.811090
0.964171
-0.275246
0.413007
-0.754448
-0.453291
-0.597766
0.403668
0.568529
-0.703604
0.627125
0.171300
0.607837
0.980834
-0.427351
0.886715
-0.023713
0.123325
0.510727
0.631642
-0.572985
0.653615
0.030427
0.184057
0.847530
0.657155
0.817743
-0.820185
-0.350200
-0.932371
0.606433
-0.057833
-0.145482
0.361431
-0.405255
0.397748
-0.121067
0.098483
0.584033
-0.734733
-0.243873
-0.677297
-0.628285
-0.027009
-0.790216
-0.388409
0.208228
-0.379498
0.771905
-0.172155
0.846858
0.164403
-0.372967
-0.179296
-0.069857
-0.109958
0.583728
0.297342
0.129124
0.877804
-0.938353
-0.696158
0.388104
-0.809503
-0.235267
-0.955443
0.752068
0.817377
0.506394
-0.540513
-0.670766
0.421247
-0.880734
0.562243
0.553209
0.413373
-0.896847
-0.662954
0.186560
-0.473067
0.413190
-0.006745
0.575365
-0.645619
-0.012848
-0.822260
-0.828608
-0.194922
-0.191015
0.472762
-0.804559
0.065645
0.701041
0.706473
0.204199
0.461348
-0.498459
0.414106
0.012848
0.447432
0.323649
-0.225562
-0.472762
-0.095737
-0.451094
0.611133
-0.981445
-0.880978
-0.474471
0.901303
-0.144017
0.882015
0.885372
0.510178
0.168737
-0.897763
0.818171
-0.570788
0.453963
0.475875
0.174902
-0.500351
0.307230
-0.401837
-0.975768
-0.204566
-0.750114
0.866451
0.722098
0.499191
0.509201
0.704031
0.507675
-0.064730
-0.738517
0.814447
0.907834
-0.037385
0.611805
0.014191
-0.123386
0.864986
0.529405
0.349345
-0.060091
-0.110752
0.666250
-0.729484
-0.028230
0.603320
0.242042
-0.681875
-0.462813
-0.490463
-0.318888
-0.845027
0.890866
-0.049104
-0.504440
0.709281
-0.214148
0.553148
0.608203
0.249794
0.911618
-0.271828
0.877255
0.336955
0.425886
-0.668020
-0.422163
-0.703299
-0.807978
0.958922
0.007660
0.555101
0.489242
0.526414
-0.657521
-0.469222
-0.605945
0.035615
0.902219
-0.419294
-0.315592
0.064547
0.471725
-0.108676
-0.242347
0.577441
0.203772
-0.901791
0.369060
0.761834
-0.809015
-0.613453
0.726615
-0.267312
-0.985168
0.670827
0.041536
0.063692
0.380535
0.281411
-0.223365
0.290750
-0.273476
0.090732
-0.902768
0.975219
-0.061922
0.089022
0.291116
-0.897275
-0.276833
0.551134
-0.742912
0.670583
-0.415571
-0.975097
0.866024
0.761223
-0.798090
0.625050
-0.508286
0.930540
0.071566
-0.609119
-0.946104
-0.309915
0.430525
-0.304605
0.899106
0.561754
-0.764336
-0.793939
0.345866
0.537523
-0.887509
0.544237
0.084323
-0.584582
-0.435530
0.505722
-0.067843
0.035920
-0.640736
0.765740
-0.987976
-0.780450
-0.255348
0.589953
0.559801
-0.697012
-0.696768
0.757500
-0.695975
0.029084
0.924009
-0.765618
-0.486129
0.214881
-0.822748
-0.924070
0.619068
0.839595
0.760063
0.817927
-0.533433
0.211768
0.846797
0.039766
-0.892331
0.648366
-0.645070
-0.287210
0.750175
0.991760
-0.584887
0.438520
0.214576
-0.408002
-0.995788
-0.672964
0.415510
0.384198
-0.361736
0.345683
0.906980
0.292947
-0.218787
0.418683
0.001312
-0.608570
0.908444
-0.327433
-0.836604
0.440474
0.759392
-0.609607
0.134434
0.082430
0.871517
-0.262551
0.343181
-0.301248
0.687857
-0.175939
-0.034333
0.204627
-0.807428
0.985107
0.098910
-0.405316
0.970946
0.957091
0.255959
0.657399
-0.719535
-0.711661
-0.664846
0.743217
0.236915
-0.538621
-0.480209
0.314920
-0.163793
-0.165807
0.265114
0.177160
0.944212
-0.197974
0.242531
-0.691275
0.476974
0.596789
-0.753716
0.004364
0.021027
0.078280
0.838252
-0.044893
-0.477279
0.620594
0.574206
-0.918271
0.954344
0.325907
-0.794977
-0.814753
0.439314
-0.824396
-0.445479
0.620655
0.439314
-0.323832
0.805597
0.062105
0.370525
-0.193030
-0.772393
0.861141
0.548021
-0.655507
0.295633
0.184851
0.332621
0.043550
0.587756
-0.723685
0.481735
-0.609241
0.312662
0.063265
-0.967040
-0.986084
-0.524827
-0.071566
0.906858
0.973266
-0.146702
-0.330607
-0.023713
0.612781
0.347880
0.790033
-0.577258
-0.322977
0.614368
0.735527
0.486862
0.585437
0.217322
0.778741
0.611133
-0.013215
-0.144139
0.644581
-0.452559
-0.546190
-0.576891
-0.734672
0.029756
0.546617
-0.509140
-0.903684
0.495956
0.634754
0.290689
0.968566
0.969237
0.973632
0.170019
-0.809442
-0.592883
0.598682
0.945616
-0.730766
0.565844
0.068148
0.339885
0.855831
-0.050142
0.008576
-0.013092
-0.228431
0.059175
0.200049
-0.232582
-0.797967
0.786920
0.659230
0.343730
-0.976196
0.737297
-0.099704
0.469466
0.756523
0.868282
-0.329814
-0.094333
0.328104
-0.652821
0.290628
0.309977
-0.962951
0.681509
-0.505478
0.320048
-0.287332
0.450789
-0.492965
0.376141
0.667653
-0.749992
-0.964110
-0.934507
-0.221351
-0.083163
-0.949705
0.848872
-0.602588
-0.827204
-0.910520
-0.671804
-0.715323
0.361858
-0.425703
0.465682
0.058321
-0.383404
-0.275979
-0.711966
-0.510483
-0.249428
-0.999451
-0.399274
0.597400
0.014863
0.728446
-0.378094
-0.437544
0.015107
0.018342
0.023164
0.608325
0.879635
0.554613
0.304910
0.841365
-0.665517
-0.978393
-0.161290
0.215552
0.379803
0.917478
-0.437361
0.192541
-0.697806
0.856746
-0.179785
-0.955016
-0.356120
0.125217
0.886166
-0.841487
0.777947
-0.455184
0.193091
-0.896115
0.159215
0.032197
0.470382
-0.948607
0.407453
0.377850
0.987304
-0.735771
0.483993
0.301431
-0.891415
-0.443037
0.215064
-0.198401
-0.412641
-0.738517
-0.618213
0.500534
-0.186560
0.961791
-0.648000
0.812555
-0.973083
-0.131870
0.831355
0.393292
0.290262
0.733024
-0.387432
0.540941
-0.188574
-0.645131
0.151585
0.034516
0.511216
-0.667165
-0.284036
0.079928
0.397076
-0.689322
0.713065
-0.023957
-0.147923
0.275246
0.719535
0.035737
0.244484
-0.496811
0.474654
0.972411
-0.895260
0.759331
0.940611
-0.781671
-0.088839
-0.514512
-0.343974
0.058260
-0.359722
-0.717643
0.375835
0.848567
-0.642384
-0.412702
-0.940550
0.731559
0.330729
0.081576
-0.176000
-0.070284
-0.066195
0.334025
-0.594897
-0.651357
0.508042
-0.502487
-0.841182
0.913999
-0.815363
-0.738945
-0.658742
0.528611
0.011139
-0.884335
0.789605
0.992920
0.672720
-0.601611
-0.969115
0.333476
0.628834
0.600085
-0.683584
-0.213477
0.012543
0.120029
-0.083407
-0.899594
-0.351970
-0.199377
-0.972900
0.553148
-0.346232
0.898434
-0.284829
-0.704947
0.252541
0.779534
-0.270119
0.315409
-0.830561
-0.289407
0.633900
-0.070467
0.859615
-0.926267
-0.982788
-0.949339
-0.654897
-0.638295
-0.864864
0.404157
-0.467574
-0.224647
0.283486
0.681753
-0.342021
0.239723
0.718619
0.843501
0.313761
-0.162999
0.673696
0.942930
0.197180
-0.064608
0.997131
-0.746574
-0.774468
-0.918577
-0.424116
0.601733
0.202918
0.790399
-0.870968
0.510849
0.241127
0.662404
-0.563036
-0.402631
-0.875179
-0.572130
0.646046
0.212195
0.877071
-0.160558
-0.539476
0.986023
-0.949095
-0.469649
0.706046
-0.673940
-0.398724
-0.922178
-0.687796
-0.068026
0.248756
-0.627613
-0.690664
0.008820
-0.375652
-0.170568
0.709098
0.546739
0.249489
-0.744865
0.820612
0.268960
0.187841
0.180273
0.391644
-0.026582
-0.259743
0.350383
-0.006256
-0.627857
-0.044160
-0.511826
-0.533189
0.454817
-0.190222
-0.382305
0.207556
-0.449507
-0.008209
0.688955
0.029878
-0.759636
0.847102
-0.358135
0.850948
0.851497
-0.203711
0.241127
0.800714
0.222388
0.011505
-0.749748
0.616260
-0.465011
-0.367473
0.820307
0.600085
0.776238
0.947630
-0.116977
0.832392
0.837031
0.488327
-0.276284
-0.436750
-0.783929
0.701590
-0.105136
0.019257
0.812006
-0.531785
0.311808
0.317484
0.232765
0.772698
0.926695
-0.217872
-0.859493
0.975219
-0.496933
-0.108005
0.706534
-0.971862
-0.004852
0.358989
0.005585
0.765679
-0.396039
0.059114
0.043794
-0.426191
-0.814203
0.797235
-0.302713
0.327738
0.351726
0.085482
0.169164
0.302591
-0.220801
-0.066622
-0.914792
-0.064730
0.636341
0.015839
-0.478378
-0.521226
-0.181738
0.907346
-0.710379
-0.704764
-0.850642
0.160924
0.112278
0.193884
0.710318
0.648854
-0.817255
0.233924
-0.168920
-0.441023
0.896603
0.382305
-0.217811
0.787835
0.927976
0.802728
-0.347575
0.698172
0.689627
0.248390
0.058809
0.698721
-0.311441
-0.154149
0.171422
-0.168676
-0.731193
-0.162511
-0.267800
-0.223792
-0.952879
-0.739799
-0.049593
0.961669
-0.190954
-0.255837
0.703848
-0.719596
0.000885
0.073214
0.344096
-0.683218
0.484725
0.332499
-0.991882
0.216163
-0.339030
-0.793451
-0.318155
-0.144871
0.778558
-0.534715
0.995422
0.445967
-0.469405
0.608081
0.405866
-0.388043
0.529710
-0.920957
-0.237342
-0.355449
-0.199316
-0.296976
-0.680593
-0.335490
-0.647877
0.793573
-0.996216
0.332499
0.924863
-0.105197
0.262062
-0.354778
0.976562
-0.578600
-0.194067
0.132542
0.863338
0.156102
0.888302
0.009308
0.331523
-0.816034
-0.308451
0.401288
0.594226
0.699759
0.148595
-0.828730
0.224830
-0.352947
-0.427656
-0.219275
-0.163244
0.767327
-0.674490
-0.318949
-0.761101
0.463729
-0.619373
0.574633
0.170141
0.892331
0.469832
-0.182897
-0.014557
0.199255
0.165685
-0.919492
-0.040559
-0.697867
-0.871029
-0.149327
0.648549
0.876156
-0.467940
0.373150
-0.413617
0.751640
0.063936
0.833918
0.606983
-0.545213
-0.897153
-0.055757
-0.777520
0.119419
-0.255654
-0.629444
0.261391
0.077731
-0.259072
-0.456099
-0.663930
-0.166234
0.465682
0.981140
0.584643
-0.306558
-0.839351
-0.080294
-0.837825
-0.992737
-0.154149
-0.556688
-0.658010
0.299722
0.158238
0.282815
0.308267
-0.207434
-0.320780
-0.873959
0.185949
-0.757988
-0.955321
-0.916807
0.114719
0.796014
-0.422651
0.947264
0.602588
0.922849
0.892758
-0.003265
0.124485
-0.575976
-0.045076
-0.761528
0.082369
-0.755791
-0.762200
-0.122044
-0.730583
0.613208
0.833491
0.758782
-0.300089
-0.567980
-0.709952
-0.373577
-0.415265
-0.971801
-0.938902
0.473495
-0.208289
0.470504
0.833857
0.025605
0.049104
0.953856
0.765313
0.861385
-0.206519
0.247475
0.842586
-0.545579
0.212134
-0.543016
0.674368
0.298196
0.206763
0.460005
0.676626
-0.938597
-0.135899
-0.357280
-0.365459
-0.565722
0.564135
0.848079
-0.262246
0.618824
-0.239051
-0.545274
0.952940
0.167211
0.132054
-0.460860
-0.424665
0.417463
-0.054048
-0.154759
-0.882199
0.773064
-0.411176
-0.655507
-0.969909
-0.464949
0.732047
0.401166
-0.860530
