-0.698904
-0.700491
-0.570849
0.216956
-0.754265
-0.238868
-0.736625
-0.861263
0.138401
0.958800
0.309793
0.415265
0.671010
0.085116
0.502365
-0.798883
-0.398419
-0.934019
0.962279
0.103000
0.837519
-0.865291
0.529588
0.978271
0.404950
0.482162
-0.545030
0.173681
0.148045
0.971313
0.766839
0.833552
0.861263
-0.792901
-0.861873
0.571093
-0.634327
0.110141
-0.542222
-0.647389
0.074923
0.167211
0.425092
-0.194250
-0.469955
0.139500
0.820673
0.683401
-0.113498
-0.815363
0.415876
0.048860
0.885556
0.326456
0.239235
-0.690359
-0.888424
-0.215491
0.960570
-0.404828
0.375652
0.988952
0.874386
-0.344829
0.934812
0.069369
0.649037
0.519333
-0.171361
-0.309183
-0.879757
0.606311
0.898923
0.220618
0.287210
-0.295511
-0.809748
-0.062349
-0.026276
-0.987732
-0.565294
0.542039
-0.628162
-0.508591
0.681509
-0.225684
0.132603
-0.972594
0.313334
0.163305
0.413190
-0.201025
0.808283
0.489242
-0.703665
0.699026
0.862178
-0.754570
-0.820856
0.894833
0.111606
-0.167943
0.374371
0.859249
0.924924
0.694449
0.635975
0.681753
-0.250282
-0.847163
0.196509
-0.727775
-0.299722
0.734733
-0.728141
-0.363079
-0.683645
0.641408
-0.355876
0.253456
0.048250
-0.676931
0.244057
0.885739
-0.786615
-0.723197
-0.624866
-0.691580
0.501511
0.260231
-0.805719
-0.605762
0.124851
0.318461
-0.181677
0.952208
0.468917
-0.631092
0.520127
-0.754021
0.342387
0.691702
-0.308206
-0.402448
0.043001
-0.643849
-0.124912
-0.908139
-0.787225
-0.806207
0.167272
0.732475
0.140721
-0.300638
-0.867611
-0.995117
0.789300
-0.401288
-0.784722
-0.518845
-0.419233
0.350871
-0.387188
0.293313
-0.985412
0.132298
0.571581
-0.132420
-0.640187
-0.178930
-0.923093
-0.890683
-0.857051
-0.024384
0.871700
-0.320536
0.508286
0.566332
-0.624195
-0.005280
-0.399152
0.750664
-0.952452
-0.548936
-0.951415
-0.816889
-0.271462
0.638112
-0.451033
-0.510544
0.496078
0.266213
0.278481
0.844478
0.275857
0.960692
0.533982
-0.446272
0.516831
-0.052522
-0.214148
0.816584
0.340312
-0.471603
0.752617
-0.214698
0.204016
0.333293
-0.438215
-0.686758
-0.658681
0.023652
0.997314
-0.310953
-0.572924
-0.617542
-0.090304
-0.888241
-0.613880
-0.513413
-0.490768
-0.398541
-0.925718
-0.879147
0.035920
-0.041108
0.743400
-0.238258
-0.358074
-0.799860
0.058138
-0.628956
-0.536668
0.528428
-0.242103
0.544542
-0.751335
-0.040193
-0.971984
0.246620
0.505173
0.767998
0.873348
0.786065
0.271645
0.194250
0.499619
-0.411786
-0.455061
-0.982788
-0.527940
-0.263161
-0.234413
-0.972533
0.794610
0.220374
-0.438826
0.553331
-0.754448
-0.556993
0.971435
-0.849361
-0.438215
0.174841
-0.288858
0.246559
-0.260964
-0.340251
0.809809
0.955260
-0.162328
-0.868587
0.119114
0.821406
0.588916
0.749504
0.865963
0.277383
0.369182
0.542955
-0.439253
-0.614124
-0.176489
-0.054659
-0.675039
0.142674
-0.867306
0.466048
-0.600818
0.343608
-0.809748
-0.435835
0.314005
0.285684
-0.724235
0.316141
-0.217689
-0.997803
0.237831
0.174047
-0.946593
0.705435
0.943663
0.293191
0.777825
-0.734245
-0.374554
-0.467513
0.179113
0.775323
-0.991272
-0.049837
0.739372
0.653249
0.984313
-0.476669
0.909116
0.280618
0.141087
0.898679
-0.646352
0.248817
0.767693
-0.473128
-0.184301
-0.906186
-0.825312
-0.518418
-0.269082
0.454146
-0.605457
-0.187963
-0.532334
0.819269
0.510544
0.506211
0.288064
-0.319315
-0.529954
-0.086642
-0.820429
-0.199683
0.388348
-0.561876
-0.549547
0.795831
0.026643
0.651479
0.178625
-0.581957
-0.433027
-0.844111
0.147740
0.678945
0.814142
0.842830
0.543748
-0.233070
-0.129002
0.364483
-0.192724
0.587939
0.049837
-0.072054
0.183203
-0.354656
0.934263
-0.989196
-0.406476
0.042634
-0.701102
0.824946
-0.683889
-0.515305
-0.562548
0.641408
0.856380
-0.220191
-0.897824
0.052339
0.594714
0.505173
0.891110
-0.003693
0.692434
0.963378
0.407575
-0.298685
-0.280190
0.006012
0.918760
0.029023
-0.450606
-0.780023
-0.176611
-0.187780
-0.244911
-0.375774
-0.986999
-0.105747
0.412946
0.651479
0.488266
-0.545213
-0.095859
0.289529
0.048799
-0.726676
0.746879
0.110508
0.791559
-0.746513
-0.268715
0.150426
-0.213416
-0.810724
0.293252
-0.087985
-0.778558
0.207434
-0.475448
0.022370
-0.003632
-0.978393
0.590503
0.788934
0.107883
0.281350
-0.430464
-0.280618
0.373760
-0.892819
-0.558763
-0.845943
-0.057588
-0.519028
0.761589
0.734855
0.260659
-0.240822
0.303323
0.384869
0.329386
-0.680166
-0.579516
-0.850642
-0.023408
-0.010773
-0.325297
-0.145665
-0.226295
0.862239
-0.382977
-0.704276
0.421430
0.062899
0.776238
0.615101
-0.531297
0.702567
0.849422
-0.169530
-0.505478
0.268777
-0.026643
-0.524155
-0.246254
0.758110
-0.967284
-0.270241
-0.400922
0.195715
0.714347
0.122288
-0.828608
0.970153
0.446699
-0.322611
0.332987
-0.262246
-0.298624
0.133213
0.958495
0.050264
0.455916
0.641713
-0.346355
0.931700
-0.011139
-0.070772
0.964476
-0.236549
-0.320231
0.807733
-0.151463
0.697867
0.443831
0.437727
-0.336650
-0.293069
0.481124
0.714530
-0.324870
0.038667
0.538987
0.641774
-0.416791
0.751213
-0.572985
0.062593
-0.443342
0.464095
0.958251
-0.549425
0.182897
0.647633
-0.649464
0.693838
0.893124
-0.995239
0.408002
-0.125278
-0.086886
0.095798
0.007538
0.054720
-0.230628
-0.087741
-0.076754
-0.725517
0.892026
-0.552477
0.507309
0.730155
0.833613
0.631703
-0.595935
0.418928
0.807611
0.026765
-0.023530
-0.975036
-0.449873
0.478927
-0.860042
-0.995911
-0.503769
0.687551
0.594287
-0.979675
-0.494064
-0.919370
-0.498337
0.201270
0.434065
-0.884457
-0.963256
0.832942
0.647267
0.903256
0.554918
0.984619
0.164586
0.517930
-0.491134
-0.958373
-0.888241
-0.630177
-0.643178
-0.065096
-0.600513
0.361919
0.782281
-0.736137
-0.098788
0.172277
-0.272195
-0.308023
0.231727
0.721000
-0.943541
0.516892
0.007721
-0.452437
-0.506394
-0.858760
-0.700430
-0.190527
0.338237
0.933653
-0.811090
-0.519150
-0.859554
-0.240394
-0.754448
-0.032807
0.752312
0.633106
0.568529
0.252663
0.627125
-0.421003
-0.994385
0.980834
-0.703787
-0.955382
0.193823
-0.659291
0.510727
-0.044893
-0.572985
0.653615
0.030427
0.184057
-0.298318
0.657155
0.817743
-0.068636
-0.350200
0.349590
-0.636708
-0.057833
-0.145482
0.361431
-0.405255
0.397748
-0.207373
0.098483
0.584033
-0.734733
-0.950194
-0.225257
-0.638356
0.616993
0.932920
0.452010
0.208228
0.076144
0.771905
-0.172155
-0.136265
0.224708
0.736564
-0.179296
-0.069857
-0.109958
-0.922422
0.297342
-0.410260
0.877804
-0.938353
0.693838
0.388104
0.500168
-0.235267
0.444990
0.752068
0.079012
0.223670
-0.072726
-0.670766
0.421247
0.270241
0.562243
0.030854
0.413373
0.413190
-0.662954
0.186560
-0.473067
0.804498
-0.214393
-0.379254
-0.645619
-0.012848
-0.822260
0.993469
-0.194922
0.506149
0.239967
-0.804559
-0.287759
0.701041
-0.487716
0.583056
0.515488
0.505539
0.414106
0.012848
0.989319
0.966552
-0.709891
0.274514
-0.095737
-0.451094
0.189184
-0.399030
0.964843
-0.474471
0.901303
-0.950255
-0.246315
0.495773
0.510178
0.168737
-0.548814
-0.719840
-0.570788
0.512253
0.732109
0.326823
0.248390
0.307230
0.941038
-0.975768
-0.625904
-0.750114
0.866451
-0.760491
0.499191
-0.338176
-0.217689
0.529038
-0.064730
-0.738517
0.056978
0.907834
0.521836
0.928770
0.014191
-0.312906
0.719535
0.529405
0.349345
-0.060091
-0.110752
0.666250
-0.729484
-0.028230
0.603320
-0.762139
-0.681875
0.664541
-0.556810
-0.318888
0.293924
-0.337138
-0.049104
-0.504440
0.709281
-0.214148
0.553148
0.608203
0.249794
0.367046
-0.271828
0.877255
-0.100925
0.545213
0.196265
-0.422163
-0.703299
-0.807978
0.189184
0.309427
0.555101
-0.677847
0.831904
0.470321
-0.978088
-0.807978
0.307047
0.265969
-0.419294
0.186987
0.064547
0.471725
-0.000824
-0.429365
0.577441
-0.367718
-0.901791
0.704825
-0.902097
-0.814631
-0.613453
-0.295755
-0.267312
0.587085
-0.079196
0.041536
-0.333781
0.639393
0.236549
-0.223365
-0.628712
-0.273476
-0.176122
-0.953063
0.975219
-0.061922
0.094882
-0.957396
0.095065
-0.222022
-0.811335
-0.742912
0.156957
-0.092929
-0.758721
0.866024
0.761223
-0.798090
0.625050
-0.600024
0.930540
-0.885372
-0.609119
-0.755303
0.560045
0.430525
-0.555284
0.899106
0.561754
-0.764336
0.028474
0.345866
-0.912412
0.898129
0.973693
0.084323
-0.776543
-0.955809
0.505722
0.072359
0.844295
-0.795404
0.765740
0.131199
-0.780450
-0.143773
0.082369
0.559801
-0.220557
-0.664785
0.645985
-0.695975
0.029084
0.924009
-0.765618
0.529344
0.214881
-0.822748
-0.047090
0.619068
0.404035
0.760063
0.574023
-0.864925
0.211768
0.846797
0.039766
0.966063
0.235206
-0.645070
-0.287210
-0.912961
0.991760
0.106479
-0.767327
-0.465682
-0.408002
-0.802057
-0.672964
0.415510
0.238319
-0.361736
0.345683
0.906980
0.292947
-0.576647
-0.272805
-0.761589
-0.608570
0.609668
0.378826
-0.836604
-0.953001
0.468429
0.159886
0.134434
-0.595019
0.871517
-0.262551
0.343181
-0.576159
-0.435652
0.720695
-0.034333
-0.656911
-0.807428
-0.614673
0.098910
-0.405316
0.970946
0.948790
0.136143
-0.294168
0.570299
-0.711661
-0.664846
0.395428
0.236915
-0.664418
-0.733940
0.314920
0.472091
-0.034883
0.265114
0.448042
-0.468673
-0.144627
0.195410
-0.691275
-0.437239
0.035615
-0.753716
0.204749
0.095614
0.078280
0.838252
-0.044893
-0.068026
0.620594
0.574206
0.249367
0.954344
0.376202
0.632923
-0.814753
-0.824274
-0.824396
-0.599780
-0.135105
0.439314
-0.323832
0.805597
-0.273782
0.263161
-0.193030
0.948119
0.309610
0.548021
-0.222388
-0.316324
0.688589
-0.192114
0.126560
-0.588855
0.041536
0.481735
-0.609241
0.415571
0.973083
-0.620411
-0.986084
-0.524827
0.744804
-0.601672
0.765801
0.832026
-0.330607
0.938902
0.612781
0.641285
0.790033
-0.577258
-0.322977
-0.435774
0.326090
0.486862
0.585437
0.217322
0.778741
0.283609
0.857112
-0.144139
0.644581
-0.452559
-0.606555
-0.576891
0.083102
-0.381024
-0.439192
-0.931333
-0.903684
-0.922239
0.634754
-0.980346
-0.349956
0.969237
0.302774
0.170019
-0.809442
0.063204
0.598682
0.945616
-0.730766
0.565844
0.068148
0.302286
0.855831
-0.050142
0.208777
-0.013092
0.413739
0.059175
0.200049
-0.232582
-0.797967
0.016266
-0.858882
-0.754204
-0.976196
-0.991638
0.425275
-0.035493
0.607166
0.868282
-0.329814
0.038545
-0.368023
-0.652821
0.290628
0.309977
0.551805
-0.957518
0.158116
0.320048
-0.287332
0.599658
-0.163488
-0.893307
0.667653
-0.748650
-0.964110
0.096408
-0.262612
-0.083163
-0.949705
-0.686087
0.251503
-0.827204
0.833247
-0.060213
-0.715323
0.361858
-0.425703
-0.907590
0.058321
0.598437
-0.934385
0.261391
-0.680044
0.028108
-0.190405
0.622669
0.504257
0.866207
0.728446
0.441084
0.652394
-0.745720
-0.950011
-0.779473
0.733879
-0.860103
0.440779
0.304910
0.339091
-0.769707
0.780938
-0.008393
0.215552
0.379803
0.089267
0.450362
0.192541
-0.697806
-0.777215
-0.447676
-0.902158
0.772881
-0.388226
0.886166
-0.841487
-0.191321
-0.754204
-0.795770
0.305033
0.159215
0.032197
0.470382
-0.948607
0.407453
0.888668
0.987304
-0.735771
-0.000702
-0.264870
-0.422346
-0.443037
-0.574816
-0.610950
-0.412641
-0.738517
-0.618213
0.500534
0.610828
0.961791
-0.282327
0.812555
-0.721244
0.205908
0.919553
0.212317
0.290262
0.733024
-0.676565
0.540941
-0.027558
-0.645131
0.151585
-0.495407
0.187963
-0.665883
0.806146
0.079928
-0.928526
0.724418
-0.618946
-0.248085
-0.799371
0.275246
0.719535
-0.209449
0.346416
-0.496811
0.605090
-0.403729
-0.895260
0.759331
0.369366
-0.781671
-0.944456
-0.897519
-0.343974
0.058260
-0.359722
0.260842
0.375835
0.577136
-0.642384
-0.412702
-0.940550
0.731559
-0.405255
-0.823115
0.744987
-0.070284
-0.513108
-0.466109
-0.478256
0.863338
0.873531
-0.502487
0.378460
0.913999
-0.815363
-0.738945
-0.658742
-0.389874
0.640004
-0.884335
0.789605
-0.724113
0.672720
-0.601611
-0.969115
-0.787835
0.763115
0.600085
-0.923276
0.924986
-0.614429
0.120029
0.583666
0.586962
-0.520127
-0.527879
-0.972900
0.553148
-0.346232
0.898434
-0.324503
0.033418
0.252541
-0.432600
-0.594348
0.808222
-0.182958
-0.643544
-0.009125
-0.473373
-0.027741
-0.926267
0.613575
0.736930
0.653737
-0.894223
-0.864864
-0.714164
-0.467574
0.202063
0.283486
-0.113498
0.786248
-0.991272
0.718619
0.843501
0.313761
-0.162999
0.291116
-0.570666
0.406598
-0.347087
0.997131
-0.190283
0.571520
-0.918577
0.456038
-0.153905
0.923460
0.331767
0.830073
0.510849
0.241127
0.662404
0.623035
-0.402631
-0.211707
-0.156102
-0.076388
0.212195
0.877071
-0.160558
-0.081271
-0.143651
-0.949095
0.517258
-0.834590
-0.673940
-0.398724
-0.784173
-0.687796
0.526048
-0.579943
-0.627613
-0.361187
0.008820
-0.317301
-0.170568
-0.750237
-0.203772
0.249489
0.451460
0.418134
0.623157
0.187841
0.004059
0.391644
0.982604
0.661184
0.350383
-0.124973
-0.627857
-0.720573
-0.511826
-0.932676
0.454817
-0.190222
0.319010
-0.537950
-0.449507
-0.008209
-0.109165
0.029878
0.578906
0.847102
-0.650502
-0.365764
-0.528428
-0.203711
-0.098178
-0.444380
0.450056
0.011505
0.285379
0.616260
-0.657582
-0.367473
0.820307
0.023896
-0.223060
0.947630
-0.116977
-0.933592
0.112339
-0.581469
-0.714042
-0.030000
-0.783929
0.701590
-0.105136
0.166417
0.147557
-0.531785
0.966369
0.317484
0.739494
0.772698
0.926695
-0.249367
-0.447920
-0.539476
0.430708
-0.108005
0.324931
-0.769280
-0.358562
0.358989
-0.540391
0.765679
-0.396039
0.059114
0.043794
-0.103732
0.764397
0.797235
-0.143406
-0.294412
0.810663
0.967895
0.169164
-0.154637
-0.220801
0.512131
0.816034
-0.064730
0.636341
-0.324870
0.992126
-0.357707
-0.181738
0.371319
-0.710379
0.517197
-0.850642
-0.405133
-0.746330
0.492416
0.710318
0.401837
-0.817255
0.233924
0.413373
-0.441023
0.289224
-0.547227
-0.217811
0.787835
0.927976
0.802728
-0.347575
-0.109409
0.689627
0.954283
0.058809
0.698721
-0.311441
-0.624073
0.371929
-0.168676
0.254616
-0.162511
0.994140
-0.223792
0.624378
-0.739799
-0.049593
-0.412397
0.558763
-0.255837
0.703848
-0.578478
-0.139866
0.517808
0.174413
-0.683218
-0.788263
0.923338
0.405744
-0.169408
0.579760
0.888363
0.444319
-0.144871
0.985839
-0.534715
0.846553
0.445967
0.118564
0.608081
0.787530
-0.388043
0.529710
0.490036
-0.237342
0.719535
-0.450728
-0.296976
0.377056
-0.604724
-0.647877
-0.542467
-0.996216
0.332499
0.375469
-0.105197
0.053072
-0.354778
0.976562
0.788263
-0.194067
0.292520
0.863338
0.195349
0.617725
0.884701
0.331523
-0.816034
-0.308451
-0.151219
0.769890
0.699759
-0.733757
-0.828730
0.224830
0.928220
0.429426
-0.219275
-0.163244
-0.344707
-0.890378
-0.207617
0.127720
0.463729
-0.913388
0.574633
0.170141
-0.059725
0.469832
0.853633
-0.014557
-0.059236
-0.451033
-0.420698
0.078219
-0.697867
0.027741
-0.991394
0.648549
-0.627003
-0.806757
0.373150
-0.413617
-0.590869
0.063936
0.833918
0.594836
0.027375
-0.905271
-0.764885
-0.777520
0.889645
-0.201636
0.517014
0.128330
-0.109165
-0.259072
-0.456099
-0.663930
-0.166234
0.465682
0.981140
0.584643
0.718497
-0.111179
-0.080294
0.667348
-0.992737
-0.154149
-0.085421
-0.658010
0.299722
-0.739006
0.282815
-0.660817
0.966979
-0.320780
-0.772942
0.596545
0.880184
-0.955321
-0.916807
-0.521104
0.165380
0.898007
0.063265
0.602588
0.922849
-0.785882
0.292459
0.124485
-0.575976
-0.045076
0.903562
0.082369
-0.492477
-0.260537
-0.122044
0.572314
0.613208
0.833491
0.421918
0.005829
-0.567980
-0.453841
0.039277
-0.415265
0.195898
-0.938902
-0.608203
-0.208289
0.470504
0.833857
0.025605
0.485214
0.953856
-0.499008
-0.730094
-0.206519
0.247475
0.842586
0.459517
0.045564
-0.526719
-0.774041
-0.368511
0.009186
-0.595019
-0.128513
-0.938597
-0.474288
-0.200293
0.451582
0.856807
0.564135
0.848079
-0.842769
0.428571
-0.239051
0.906858
0.952940
0.167211
0.657155
-0.460860
0.943113
0.417463
0.144810
-0.636525
0.792230
0.773064
-0.764153
-0.655507
0.085055
-0.464949
0.906796
0.401166
-0.860530
