-0.698904
0.500839
-0.570849
0.216956
-0.754265
-0.238868
-0.394330
-0.861263
0.138401
0.958800
0.309793
0.723075
0.098605
0.085116
0.502365
-0.798883
-0.398419
-0.156774
-0.847896
0.103000
0.837519
-0.865291
0.227760
0.978271
0.404950
0.482162
-0.545030
0.173681
0.148045
0.971313
0.766839
0.833552
0.861263
-0.792901
-0.861873
0.571093
-0.634327
0.921751
-0.975707
-0.314798
0.074923
-0.142491
0.425092
-0.194250
-0.469955
-0.110691
0.820673
-0.745048
0.056368
0.258950
0.415876
0.048860
0.930418
0.326456
0.199622
-0.541246
-0.888424
-0.215491
0.960570
-0.404828
0.375652
0.546739
0.874386
-0.375164
-0.598071
0.110141
-0.024689
0.611316
-0.136082
-0.309183
-0.879757
-0.383099
0.898923
0.763787
0.287210
-0.295511
0.287332
-0.062349
-0.499191
-0.961241
-0.565294
0.542039
-0.813349
-0.508591
0.775872
-0.225684
-0.365947
-0.972594
0.313334
0.163305
0.413190
-0.201025
0.808283
0.489242
-0.703665
0.699026
0.862178
-0.754570
-0.820856
-0.550890
0.111606
-0.167943
0.374371
0.859249
0.924924
0.694449
0.635975
0.681753
-0.250282
-0.847163
0.043306
-0.727775
-0.299722
0.959777
-0.728141
-0.363079
-0.683645
0.641408
-0.024812
0.253456
0.048250
-0.362163
0.244057
0.369243
-0.786615
-0.723197
-0.415632
-0.298257
0.501511
0.260231
-0.805719
-0.605762
0.124851
0.754814
-0.181677
-0.888180
0.468917
-0.397443
0.520127
-0.754021
0.342387
0.691702
-0.308206
-0.402448
0.043001
-0.643849
-0.124912
-0.908139
-0.787225
-0.806207
0.167272
0.732475
0.140721
-0.005585
-0.527635
-0.995117
-0.063387
-0.001373
-0.003265
-0.305887
-0.419233
0.298074
-0.082308
0.293313
-0.985412
-0.861751
0.571581
-0.149876
-0.640187
-0.178930
-0.923093
-0.890683
-0.857051
-0.024384
0.871700
-0.320536
0.508286
0.566332
0.953673
0.164892
0.819208
-0.763237
-0.952452
-0.548936
-0.951415
0.271767
-0.271462
0.679617
0.921140
-0.510544
0.496078
0.266213
0.278481
-0.023286
0.275857
0.181188
0.533982
-0.113804
0.516831
-0.648610
-0.505356
-0.038179
-0.621448
-0.312784
0.752617
-0.214698
0.204016
0.333293
-0.438215
0.239479
0.789056
0.023652
-0.121738
-0.310953
0.381512
-0.617542
-0.090304
0.254311
-0.613880
-0.488754
-0.490768
-0.398541
-0.906735
-0.879147
-0.888913
-0.171361
0.743400
-0.238258
0.564745
-0.799860
0.058138
0.256386
-0.536668
0.528428
-0.242103
0.544542
-0.811518
-0.040193
-0.971984
0.246620
0.127720
0.335490
0.873348
0.786065
0.271645
-0.862911
0.499619
-0.411786
-0.373577
-0.982788
-0.527940
-0.263161
-0.234413
-0.972533
0.764214
0.220374
-0.438826
0.516037
-0.754448
-0.556993
0.971435
-0.849361
0.952757
0.503708
-0.288858
0.246559
-0.260964
-0.340251
0.554918
0.955260
-0.162328
0.675344
0.119114
0.821406
0.588916
0.749504
0.865963
0.684378
0.369182
0.267678
-0.439253
-0.614124
-0.383953
-0.054659
0.830378
0.162206
-0.867306
0.214087
-0.600818
-0.714530
-0.093173
-0.435835
-0.859798
0.143468
-0.724235
0.316141
-0.028291
-0.997803
-0.664968
0.174047
-0.946593
0.705435
0.943663
0.293191
0.777825
0.555712
0.404096
-0.679617
0.916379
0.775323
-0.991272
0.111972
-0.497787
-0.069185
0.984313
-0.476669
0.909116
0.280618
0.141087
0.898679
0.847407
-0.701224
0.767693
-0.473128
-0.184301
-0.528794
-0.825312
-0.518418
-0.269082
0.454146
-0.605457
-0.526048
-0.532334
-0.165868
0.988281
0.506211
0.288064
0.786431
0.349834
-0.086642
-0.820429
-0.199683
0.388348
-0.561876
0.140294
0.965819
0.618091
-0.363567
-0.814386
-0.581957
-0.433027
-0.844111
0.147740
0.678945
-0.860408
0.842830
0.166723
-0.233070
-0.129002
0.364483
-0.192724
0.587939
0.049837
-0.072054
0.183203
0.916440
0.934263
0.372600
-0.406476
0.042634
-0.701102
0.824946
0.987976
-0.515305
-0.562548
-0.377422
0.856380
-0.220191
-0.280496
0.052339
-0.368755
0.505173
0.891110
-0.003693
0.692434
0.963378
0.407575
0.332865
-0.280190
-0.175146
0.184362
0.029023
-0.450606
0.207862
-0.123936
-0.187780
-0.244911
-0.375774
-0.986999
-0.227699
0.412946
0.651479
-0.132969
-0.545213
-0.095859
0.606983
0.048799
-0.726676
0.746879
0.110508
0.258827
-0.746513
-0.268715
0.150426
-0.213416
-0.810724
0.293252
-0.087985
-0.778558
0.207434
-0.475448
0.123081
-0.003632
-0.800714
-0.246742
0.788934
-0.331706
0.281350
-0.515061
-0.280618
0.373760
-0.892819
-0.558763
-0.845943
0.235023
-0.519028
0.761589
0.734855
0.260659
-0.815607
0.303323
0.384869
-0.052156
-0.680166
-0.579516
-0.948180
-0.023408
-0.009674
-0.325297
-0.145665
-0.226295
0.862239
-0.382977
-0.704276
-0.482101
-0.173376
0.776238
0.891720
0.482894
0.702567
0.849422
-0.169530
-0.309610
0.268777
0.636341
-0.524155
-0.246254
0.758110
-0.967284
0.125584
-0.400922
-0.843989
0.533921
0.122288
-0.934385
0.970153
0.446699
-0.322611
0.332987
-0.262246
-0.298624
0.147252
0.958495
-0.089450
0.455916
0.641713
-0.346355
0.931700
-0.011139
-0.070772
0.174108
-0.236549
0.945067
0.807733
-0.151463
0.697867
-0.017853
0.644948
-0.336650
-0.293069
-0.228980
0.714530
0.112522
-0.122044
0.538987
-0.080905
-0.416791
0.751213
-0.572985
0.062593
-0.443342
-0.029328
0.958251
0.763543
0.178564
0.647633
-0.649464
0.693838
0.893124
-0.995239
-0.404035
-0.125278
-0.086886
0.095798
-0.064608
0.054720
-0.230628
-0.087741
-0.076754
0.212989
0.892026
0.472213
0.507309
-0.539842
0.833613
0.631703
-0.595935
0.418928
0.807611
-0.794794
-0.677541
-0.975036
0.240455
0.478927
-0.597034
0.475204
0.404828
-0.716239
0.594287
-0.979675
-0.494064
-0.919370
-0.498337
0.201270
0.434065
-0.884457
-0.963256
0.832942
-0.911374
0.903256
0.554918
0.220374
-0.000580
0.517930
-0.865658
-0.958373
-0.888241
-0.630177
0.635670
-0.065096
-0.600513
0.361919
0.782281
-0.736137
-0.098788
0.172277
-0.251137
-0.308023
0.231727
0.157018
-0.943541
0.766717
0.007721
-0.452437
-0.404950
0.729301
-0.386090
0.239784
0.338237
0.933653
0.099643
0.964171
-0.755547
-0.240394
-0.754448
-0.032807
0.752312
0.633106
0.568529
0.252663
0.627125
-0.421003
-0.994385
0.980834
-0.703787
-0.955382
0.193823
0.123325
0.510727
0.068331
-0.572985
0.653615
0.030427
0.184057
0.409833
0.657155
-0.777154
-0.068636
-0.350200
-0.332865
-0.375347
-0.057833
-0.569262
0.361431
-0.405255
0.397748
0.323405
0.098483
0.584033
-0.734733
-0.950194
-0.225257
-0.995483
-0.027009
0.932920
0.452010
0.208228
0.076144
0.771905
-0.172155
0.039216
0.164403
0.736564
-0.179296
-0.069857
-0.109958
0.501267
0.297342
0.440596
0.877804
-0.938353
0.693838
-0.480941
-0.996704
-0.235267
0.444990
0.752068
-0.476180
0.223670
0.720573
-0.570666
0.421247
-0.187963
0.562243
-0.474837
0.413373
-0.078219
-0.662954
0.283853
-0.473067
-0.598071
-0.214393
-0.379254
-0.645619
-0.012848
-0.822260
0.993469
0.755242
0.506149
-0.465987
-0.804559
0.541734
-0.442061
0.146397
0.893063
0.515488
0.505539
0.414106
0.012848
0.989319
0.966552
-0.528733
0.936277
-0.095737
-0.451094
0.133335
-0.981445
-0.880978
-0.474471
0.901303
-0.950255
-0.246315
0.495773
-0.707694
0.168737
-0.548814
-0.719840
-0.570788
0.221046
0.732109
0.174902
-0.500351
0.307230
0.941038
-0.975768
-0.679312
-0.750114
0.866451
-0.750359
0.499191
0.509201
-0.788934
0.402875
-0.064730
-0.738517
0.814447
-0.876461
0.521836
-0.479843
0.528306
0.337260
0.719535
0.529405
0.349345
-0.060091
-0.110752
0.666250
-0.729484
-0.028230
0.603320
-0.762139
-0.681875
-0.987609
-0.556810
-0.318888
0.293924
-0.941588
-0.686148
-0.504440
0.709281
-0.214148
0.553148
0.241249
0.249794
0.911618
-0.432051
0.877255
-0.100925
0.425886
0.196265
-0.815729
-0.289529
-0.807978
0.958922
-0.929380
0.555101
-0.677847
0.831904
-0.657521
-0.978088
-0.605945
0.307047
-0.820246
-0.419294
-0.315592
0.064547
0.471725
-0.000824
-0.429365
0.577441
-0.367718
-0.901791
0.369060
0.761834
-0.814631
-0.613453
-0.295755
-0.267312
0.026948
-0.049104
0.041536
-0.333781
0.639393
0.281411
-0.223365
-0.628712
-0.273476
-0.265358
-0.953063
0.975219
-0.061922
0.388958
-0.229713
0.504868
-0.222022
0.551134
-0.742912
-0.986084
-0.092929
0.822077
0.652394
0.761223
-0.131565
0.625050
-0.600024
0.930540
0.071566
-0.609119
-0.848140
-0.218970
0.645619
-0.555284
-0.679800
0.561754
-0.764336
-0.557726
0.345866
0.985168
0.898129
0.973693
-0.384625
-0.776543
-0.400250
-0.715690
-0.067843
0.363384
-0.956175
0.765740
0.131199
-0.780450
-0.143773
0.082369
0.559801
0.651540
0.262856
0.645985
-0.695975
0.531053
0.924009
-0.765618
-0.905087
0.214881
-0.822748
-0.924070
0.619068
0.404035
0.760063
0.574023
-0.864925
0.211768
0.846797
0.039766
-0.046052
0.235206
-0.645070
0.941771
0.205054
0.991760
0.106479
-0.767327
-0.465682
-0.408002
-0.802057
-0.672964
0.415510
0.238319
-0.361736
0.345683
0.906980
0.292947
-0.576647
0.418683
-0.761589
-0.608570
0.609668
0.378826
-0.836604
0.440474
0.468429
-0.609607
0.134434
-0.595019
0.871517
-0.262551
0.343181
-0.301248
0.687857
0.720695
-0.925962
0.204627
-0.807428
0.599963
-0.090670
-0.405316
0.970946
0.957091
-0.517014
0.657399
0.570299
-0.711661
-0.664846
0.743217
0.236915
-0.664418
-0.452132
0.314920
-0.665090
0.447249
0.265114
-0.331889
-0.797418
-0.144627
0.242531
0.990844
-0.953307
0.035615
-0.753716
0.204749
0.095614
0.078280
0.838252
-0.044893
-0.477279
-0.125462
0.412152
-0.927366
0.954344
0.376202
-0.039521
-0.484054
0.439314
-0.824396
0.928159
-0.135105
0.439314
-0.323832
-0.175268
-0.517747
0.370525
-0.193030
-0.772393
-0.485885
-0.073702
-0.185278
0.702261
-0.976562
-0.192114
0.126560
-0.588855
-0.554918
0.481735
-0.609241
0.415571
-0.601856
-0.620411
-0.986084
-0.524827
0.744804
-0.601672
0.973266
0.832026
-0.330607
0.938902
0.387127
0.641285
-0.198462
-0.577258
-0.322977
-0.435774
0.326090
0.486862
0.668691
0.217322
0.778741
0.283609
0.857112
-0.144139
0.743034
-0.452559
-0.606555
-0.576891
0.083102
-0.381024
-0.439192
-0.509140
-0.903684
0.495956
0.634754
-0.980346
0.968566
0.969237
0.302774
0.170019
-0.809442
-0.592883
0.598682
0.945616
-0.730766
0.565844
-0.791253
0.783624
0.855831
-0.760552
0.008576
-0.013092
0.828303
0.059175
0.200049
-0.232582
-0.812677
0.016266
-0.858882
-0.754204
-0.976196
0.206214
-0.099704
-0.035493
0.282815
-0.428877
-0.329814
-0.094333
-0.324808
-0.848079
0.290628
0.490707
0.551805
-0.957518
0.158116
0.320048
-0.287332
-0.041353
-0.492965
-0.893307
0.667653
-0.748650
-0.964110
0.096408
-0.262612
-0.042085
-0.949705
-0.686087
0.251503
-0.827204
-0.910520
-0.190588
-0.715323
0.361858
-0.425703
-0.907590
0.058321
0.598437
-0.934385
-0.711966
-0.680044
-0.249428
0.214087
0.622669
0.153111
0.866207
-0.649159
0.441084
-0.033784
-0.745720
0.509445
0.023164
0.188879
-0.109348
0.440779
0.304910
0.841365
-0.373333
0.522263
-0.557848
0.215552
0.379803
0.089267
0.450362
0.192541
-0.697806
0.856746
-0.447676
-0.902158
0.772881
-0.388226
0.886166
-0.841487
-0.191321
-0.754204
-0.795770
-0.576891
0.159215
0.032197
0.470382
-0.948607
0.407453
-0.435652
0.987304
-0.735771
-0.000702
0.066012
-0.422346
-0.443037
-0.574816
0.976806
-0.412641
-0.738517
-0.618213
0.500534
0.610828
0.961791
-0.282327
0.812555
-0.721244
0.205908
0.617420
0.910031
0.290262
0.733024
-0.676565
0.540941
-0.027558
-0.645131
0.151585
-0.495407
0.187963
-0.665883
0.806146
-0.413434
-0.180334
0.724418
-0.618946
-0.827265
-0.799371
0.275246
-0.203589
-0.209449
0.346416
-0.496811
0.605090
-0.403729
-0.895260
0.759331
0.369366
-0.781671
-0.944456
-0.897519
-0.343974
0.058260
-0.359722
-0.717643
-0.405988
0.577136
-0.642384
-0.412702
-0.940550
0.731559
-0.405255
-0.823115
0.744987
-0.070284
-0.513108
-0.194128
-0.478256
-0.651357
0.873531
-0.502487
0.931028
0.913999
-0.815363
-0.738945
-0.030854
-0.114658
0.640004
-0.884335
0.999207
0.077242
0.672720
-0.601611
-0.969115
-0.529893
0.763115
0.600085
-0.923276
0.924986
0.012543
-0.326762
0.583666
-0.637928
-0.351970
-0.527879
-0.972900
0.553148
-0.346232
0.898434
-0.324503
0.033418
0.252541
-0.432600
0.092685
-0.868770
0.774529
-0.289407
0.633900
-0.070467
0.859615
-0.926267
0.584094
0.736930
-0.961058
-0.638295
0.329630
0.404157
-0.455733
-0.224647
0.283486
0.140599
0.786248
0.577502
0.718619
0.843501
0.313761
-0.162999
0.673696
0.593982
0.197180
-0.064608
0.223121
-0.415143
-0.774468
-0.918577
-0.424116
-0.172826
0.923460
-0.793268
-0.726493
0.510849
0.241127
0.064364
-0.018097
0.428877
-0.987854
-0.572130
0.646046
0.212195
0.877071
-0.160558
-0.100253
0.986023
-0.949095
-0.864132
-0.834590
0.235878
-0.398724
-0.922178
-0.687796
-0.068026
0.248756
-0.341472
-0.690664
0.008820
-0.375652
0.155065
-0.469161
0.125340
0.249489
0.451460
0.820612
0.268960
0.187841
0.004059
0.391644
-0.026582
-0.259743
0.350383
-0.006256
-0.627857
-0.044160
-0.511826
-0.533189
0.454817
-0.190222
-0.382305
0.207556
-0.449507
0.921079
-0.220923
0.934202
-0.759636
0.847102
-0.358135
0.242103
0.794488
-0.203711
0.241127
0.800714
0.450056
0.011505
-0.749748
0.616260
-0.657582
-0.367473
0.576952
-0.865352
0.776238
0.947630
-0.116977
0.832392
0.112339
0.488327
0.560167
-0.030000
-0.783929
0.701590
-0.105136
0.019257
0.805048
-0.531785
0.966369
0.317484
-0.331889
0.772698
0.926695
-0.217872
-0.859493
-0.915952
-0.496933
-0.108005
0.875179
0.771599
0.278542
0.358989
0.005585
0.765679
-0.396039
0.194372
-0.241798
-0.426191
0.764397
0.797235
-0.302713
-0.839839
0.990356
0.085482
0.169164
-0.154637
-0.220801
-0.461837
-0.914792
-0.447432
0.636341
0.242653
-0.478378
-0.521226
0.609790
0.907346
-0.710379
-0.924741
-0.850642
0.160924
-0.048250
0.193884
0.710318
0.648854
-0.817255
0.233924
-0.168920
0.453841
0.896603
-0.547227
-0.217811
0.787835
0.927976
0.802728
-0.347575
0.698172
0.689627
0.954283
0.058809
0.698721
-0.311441
-0.455306
0.171422
0.781121
-0.731193
-0.162511
-0.267800
-0.880551
0.901852
-0.739799
-0.049593
0.961669
-0.190954
-0.813898
0.703848
-0.719596
0.674978
0.073214
-0.811274
-0.683218
-0.788263
0.332499
-0.991882
-0.965514
-0.339030
-0.793451
-0.318155
-0.144871
-0.382183
-0.534715
0.846553
0.445967
-0.469405
0.608081
0.405866
-0.388043
0.529710
-0.920957
-0.237342
0.976623
-0.199316
0.792413
0.211524
-0.335490
-0.647877
-0.808954
-0.996216
0.332499
0.201697
-0.105197
0.262062
-0.354778
0.361126
0.399823
-0.194067
-0.281594
0.863338
0.156102
0.636769
0.609607
0.331523
-0.816034
0.474776
0.401288
0.594226
-0.639698
0.148595
-0.828730
0.224830
-0.352947
0.429426
-0.219275
-0.163244
-0.344707
-0.674490
-0.235389
0.127720
0.463729
0.729484
0.574633
0.170141
0.892331
0.469832
0.228187
-0.014557
0.199255
0.165685
-0.380169
-0.719108
-0.697867
-0.871029
0.191015
0.648549
-0.186254
0.132115
-0.309000
-0.635975
-0.120090
0.063936
-0.752617
-0.308817
0.027375
0.053438
-0.764885
-0.532823
0.119419
-0.201636
0.139988
0.261391
-0.755852
-0.259072
-0.235755
-0.013886
-0.262551
0.359539
0.981140
0.218543
-0.273904
-0.868221
-0.080294
0.147374
-0.992737
-0.154149
0.462264
-0.658010
-0.749321
0.697684
0.282815
0.668691
-0.409650
-0.320780
-0.681143
-0.025788
-0.757988
-0.955321
-0.916807
0.718863
-0.206519
0.212561
0.063265
0.602588
0.922849
0.660817
-0.003265
0.124485
-0.212745
-0.045076
-0.761528
0.082369
-0.135044
-0.553758
-0.122044
-0.730583
-0.880856
0.833491
0.758782
-0.702506
-0.791498
-0.643361
0.115390
-0.415265
0.195898
-0.052461
-0.145909
0.862728
0.470504
0.833857
-0.150731
0.049104
0.024628
0.279458
-0.730094
0.493454
0.247475
0.922422
0.459517
0.002960
-0.526719
-0.774041
-0.888791
0.009186
-0.595019
-0.128513
-0.938597
-0.474288
-0.479720
0.451582
0.856807
0.564135
0.848079
-0.842769
0.428571
-0.239051
0.906858
0.952940
0.167211
0.132054
-0.460860
0.943113
0.417463
0.144810
-0.636525
0.792230
0.773064
-0.764153
-0.655507
0.085055
-0.464949
0.906796
0.401166
-0.860530
