-0.403546
0.082064
-0.314920
0.882443
-0.157872
-0.684378
-0.434675
-0.900693
0.248817
0.973754
-0.445418
0.224036
0.378216
-0.761711
0.034944
0.017304
-0.342814
0.137547
0.359600
-0.188330
-0.593066
0.394086
-0.023225
-0.499313
0.489059
0.809931
-0.520493
-0.479659
0.323099
0.271767
0.259377
-0.693045
-0.779168
-0.199377
0.555834
0.602893
0.703055
-0.040315
-0.386578
-0.418683
0.903256
-0.723930
0.061312
-0.769707
0.356731
0.005097
-0.571398
0.961852
0.204871
0.879696
0.676199
-0.734306
0.613758
0.304910
-0.345012
-0.755119
-0.013215
-0.610279
-0.378094
-0.909848
0.852474
0.810236
0.304910
-0.897885
0.106113
0.941832
0.972106
0.685842
0.962218
-0.570299
-0.283120
0.912839
0.567980
0.573840
-0.420698
-0.681387
0.772210
-0.171178
0.977783
0.539476
0.140172
-0.302774
-0.733451
0.233924
0.426252
-0.956359
0.752678
-0.217322
0.574816
0.380474
0.817560
-0.324992
0.416791
-0.131138
-0.644215
0.431867
-0.077548
0.557848
-0.996643
-0.996643
-0.598560
-0.064913
0.153783
-0.154576
-0.496261
0.352519
0.401593
-0.277749
-0.224525
0.330119
-0.068209
-0.151219
0.122410
-0.692679
0.855708
-0.847224
-0.683645
0.791681
-0.184118
0.012970
0.088107
-0.872005
0.443281
0.314249
0.636830
0.984558
0.336772
-0.312296
0.915891
-0.523362
-0.244606
-0.172948
-0.790216
0.796197
0.194189
-0.812006
-0.244545
-0.913694
0.527390
-0.195166
0.511765
0.093905
0.634022
-0.211768
-0.407941
-0.632801
-0.380047
-0.009980
-0.526414
-0.422407
-0.451399
0.381512
0.905454
-0.023347
0.583728
0.614368
0.512131
0.956603
0.149205
0.864864
-0.773125
0.284341
0.868954
0.461715
-0.516282
0.075106
0.360881
0.889523
0.442366
0.880062
0.273476
-0.480148
-0.317667
-0.180456
-0.821284
0.523057
0.621265
0.478927
0.283853
0.446394
-0.549669
-0.848811
0.022919
0.972167
-0.324564
-0.814142
0.235817
0.229347
0.121677
-0.111179
-0.129307
-0.857295
0.980163
-0.957457
0.296609
-0.947752
0.761467
-0.107944
0.639882
-0.015473
0.445051
-0.174657
0.537523
0.257241
-0.968566
-0.556810
-0.924863
-0.976257
0.045442
-0.208106
0.308206
0.194739
0.640980
0.969787
0.747490
-0.547777
0.642079
0.118198
0.879818
-0.147435
-0.839717
-0.199072
0.032136
0.163488
0.356609
0.473373
0.512986
-0.239113
-0.834712
-0.947264
-0.578600
0.154088
0.240150
0.344951
-0.340251
-0.120640
-0.886654
0.096896
-0.281961
-0.804071
-0.065279
0.749016
-0.901303
-0.093844
-0.996338
-0.973693
0.840144
0.941588
0.997070
-0.036164
-0.370647
-0.837092
-0.110630
-0.971007
-0.614246
0.728324
-0.883847
0.510849
0.443587
-0.028230
-0.429731
0.647633
-0.055574
-0.134800
-0.218909
0.541917
-0.790582
-0.872188
0.174963
0.095065
0.383282
-0.984069
-0.709769
0.964904
-0.371441
-0.968322
-0.528001
0.398907
-0.911557
0.767632
-0.064669
0.942686
0.560045
-0.495102
0.582324
-0.077975
0.614002
0.211097
-0.112827
0.431196
-0.774163
-0.363689
0.508957
-0.802057
0.434492
-0.739067
0.960143
0.367168
-0.039827
0.276833
0.915098
0.850520
-0.797479
0.760674
-0.742363
-0.951842
-0.832087
-0.880612
-0.842402
-0.186926
0.184484
0.627308
0.949278
-0.457564
-0.324992
0.878658
-0.805719
-0.119663
0.252358
0.677114
0.054170
-0.012299
-0.114170
-0.513169
0.737785
-0.534532
0.345561
-0.587573
-0.079867
-0.423688
-0.810297
-0.975341
0.604724
-0.726920
-0.973144
-0.411054
-0.909055
0.469039
0.802728
0.652272
0.120518
0.150792
0.555223
0.624989
-0.767022
-0.998962
0.049837
0.301187
0.685171
-0.862972
-0.078463
-0.917051
-0.240516
0.603931
0.094211
0.552171
0.691336
0.361126
-0.007599
-0.816340
-0.089999
-0.240028
0.234779
0.271157
0.676321
-0.799799
-0.683950
0.614307
0.181188
0.211402
-0.425886
0.922971
-0.271950
-0.004791
0.039216
-0.425153
-0.919919
-0.262001
-0.948363
0.030061
0.135899
-0.696097
-0.596118
-0.766472
-0.686758
0.228675
-0.103488
-0.315348
0.295267
0.216468
-0.456893
-0.861934
0.456648
-0.759697
0.269021
-0.722953
0.661550
-0.445296
-0.077364
-0.880184
-0.231788
0.765069
0.049226
0.407514
0.927976
-0.228431
-0.991699
-0.087008
0.086703
0.066622
0.577258
-0.792352
-0.374065
-0.866512
-0.810297
0.505478
0.320475
0.877987
0.285806
-0.947142
0.889462
0.175329
0.160375
0.897702
-0.135105
0.586169
0.469039
-0.337931
-0.069491
-0.439436
-0.655568
0.735771
-0.148412
0.511887
-0.485763
0.288430
0.374554
-0.367840
-0.060335
-0.530808
-0.272927
0.132237
-0.941282
0.233680
0.301859
-0.573229
0.184240
-0.093234
0.720817
-0.343364
-0.158177
0.021760
0.740654
0.644032
-0.851314
-0.660939
0.791742
-0.183081
0.285440
-0.805780
0.096164
-0.159276
0.825922
0.647633
-0.766961
-0.302103
0.564074
0.161718
-0.597156
0.117161
0.921079
-0.966430
0.378094
0.122288
0.530931
-0.896786
-0.915525
0.723441
0.380840
-0.608570
-0.213111
-0.211219
0.410871
0.859004
0.855159
0.535142
-0.045930
0.121982
-0.716666
0.426984
-0.256325
-0.586962
-0.284463
-0.778253
0.728690
0.446394
-0.953673
-0.479537
-0.813349
-0.874630
0.652638
-0.671926
0.812433
-0.659169
0.153478
0.830378
-0.555528
-0.847591
-0.594836
-0.807672
0.933775
0.886349
0.393109
-0.712577
0.569445
-0.950865
0.717826
0.511032
-0.683096
-0.051424
-0.232582
0.372173
-0.223670
-0.942564
-0.561205
-0.105808
-0.580676
-0.516037
-0.902524
0.414960
-0.626698
0.329936
0.862117
-0.380840
-0.075900
0.589526
-0.036348
0.954588
0.586962
-0.648854
0.514023
0.331523
-0.616932
-0.965941
-0.081088
0.315714
-0.573901
-0.384381
0.488021
0.288491
0.801141
-0.294290
-0.746025
0.329936
0.272317
-0.994629
0.511521
-0.355571
0.869503
-0.625782
-0.589831
0.942259
-0.844234
-0.584948
0.119175
-0.374432
-0.242347
-0.484970
-0.920042
0.233863
-0.398907
-0.444319
-0.545824
0.788751
0.612964
0.268654
-0.140172
0.992553
0.869076
-0.534715
0.313028
-0.585864
-0.225135
-0.837092
0.103244
-0.924619
-0.835749
-0.580187
-0.600146
-0.217017
0.452193
-0.420392
-0.452315
-0.754509
0.943236
-0.485580
-0.155736
0.401715
0.060030
0.316507
0.588610
0.696829
-0.925413
-0.202551
0.600452
-0.955382
-0.555284
-0.938047
-0.044710
0.748833
0.910520
-0.266762
0.977355
0.397565
0.443587
0.445235
0.413190
-0.637867
0.627918
-0.195227
0.364971
0.778619
-0.324747
-0.619984
-0.828913
0.971801
0.951964
-0.233070
0.919126
-0.578234
0.989807
-0.073702
-0.118137
-0.437300
0.515427
-0.721183
0.302042
-0.929502
-0.815973
-0.558580
-0.074496
0.904599
0.154515
-0.973632
0.669668
0.630238
-0.285379
-0.482589
0.573168
-0.619984
-0.738578
0.706046
0.240577
-0.042451
0.521836
-0.129246
0.550462
0.668386
0.882565
0.505783
0.649403
-0.848750
-0.118381
-0.969115
-0.716361
-0.779839
-0.423566
0.806757
0.051363
-0.858516
-0.475997
-0.196509
-0.821833
-0.505539
-0.574938
-0.292825
0.227088
0.403180
0.928831
0.161229
0.014863
0.089450
0.531602
-0.037080
0.705069
0.756279
0.234779
0.472640
0.200049
0.124973
-0.480209
-0.576769
-0.726066
-0.147008
-0.383099
0.219764
-0.662343
-0.004120
-0.907834
0.513535
0.047639
-0.671743
0.697623
-0.106723
-0.082369
0.164281
0.507004
-0.979980
0.467208
-0.906674
0.650197
-0.860347
-0.423566
-0.179235
-0.264016
-0.571093
0.828120
-0.298135
0.695608
-0.379376
0.725150
0.262856
-0.502243
-0.042268
-0.083834
0.066439
0.617786
-0.980651
-0.059725
-0.079073
0.801447
0.201514
0.783441
0.324320
-0.960509
-0.199927
-0.721549
-0.823054
0.248695
-0.200354
-0.521592
-0.941893
0.181005
0.483749
0.744560
-0.924131
0.910581
0.174841
-0.426557
0.015717
-0.227271
-0.390057
-0.167516
-0.815729
0.471541
-0.491745
-0.600452
0.179785
0.825068
-0.298807
-0.430342
0.917173
0.515915
-0.883053
0.252785
-0.273232
0.092563
0.785699
0.341899
-0.364971
-0.562304
-0.110508
-0.275613
0.060823
-0.040681
0.532334
-0.408307
0.474044
0.225074
-0.602161
0.795709
-0.360759
-0.306314
-0.159581
0.877377
0.645985
-0.574206
0.341960
-0.777459
-0.447554
-0.022370
-0.546129
-0.530198
-0.299783
-0.420026
-0.443770
0.916196
-0.188574
0.295145
0.050508
-0.927610
-0.919187
0.744743
-0.227332
0.272561
0.100436
-0.586169
0.588488
0.399945
0.714103
-0.471114
0.175207
-0.573717
-0.217566
-0.040010
-0.726127
0.570605
0.261147
-0.252907
-0.444380
0.173925
0.123875
0.187597
0.326823
-0.321329
0.378094
0.076388
0.161901
-0.103366
0.546556
-0.843074
0.924497
0.204749
-0.686697
0.792535
0.262673
0.314737
-0.578356
-0.474532
0.235206
-0.002106
-0.958007
-0.031953
-0.385968
-0.747978
-0.384808
0.042940
-0.107517
-0.574023
-0.618397
0.085482
-0.572069
0.177648
0.352580
0.827937
0.583972
-0.164159
-0.491562
0.591113
0.389508
0.773492
-0.216834
0.372173
0.331584
-0.187780
0.105441
0.950438
-0.043672
-0.301981
-0.010834
0.322672
-0.986694
0.480270
-0.602710
0.426984
-0.992981
0.649342
0.266945
0.095309
0.154393
-0.231300
-0.048982
-0.600818
0.573656
0.272622
0.441694
0.257485
-0.092196
-0.668142
0.286294
-0.261757
0.776727
-0.457320
-0.141881
0.994690
0.401288
0.474166
0.507370
-0.183935
-0.578784
0.228370
0.280862
0.866573
-0.209815
-0.397870
-0.302225
-0.960814
0.854244
0.415998
-0.298257
-0.096042
0.951170
-0.987854
-0.778497
-0.028291
0.903317
-0.084445
-0.840266
-0.828181
0.901364
0.424421
-0.689505
0.109653
-0.901120
0.594226
0.029389
-0.716910
-0.481552
0.052889
0.161901
0.635731
0.724967
0.455123
-0.045076
-0.053926
0.964110
-0.364910
0.537278
0.701224
-0.016022
0.447188
0.054415
-0.725883
0.207678
0.900571
0.628895
-0.178625
0.828181
0.492172
0.646657
0.390240
-0.177343
0.937376
-0.525559
0.490280
0.384991
-0.758843
-0.825007
0.850642
0.425153
-0.825922
-0.580065
-0.034028
0.728385
0.261635
0.145116
0.074801
-0.869320
-0.335490
-0.524766
-0.522935
0.159886
-0.189795
-0.526780
-0.150731
0.197363
-0.414167
0.368328
-0.647328
0.433576
-0.774285
-0.586108
-0.691763
-0.584155
0.793390
-0.243812
-0.752739
0.535386
-0.207984
0.823542
0.412397
-0.278787
0.222694
-0.597400
-0.428327
-0.786431
0.208533
0.857356
0.725211
0.941038
-0.840693
0.043123
-0.120701
-0.557787
-0.288553
0.743461
-0.330363
0.673879
0.311319
-0.972777
-0.694876
-0.683157
-0.099338
-0.842036
0.874142
0.638417
0.069124
-0.107273
-0.243812
0.695914
-0.212195
-0.294534
0.934507
-0.214393
-0.250038
-0.141087
0.720450
0.202857
0.297220
-0.136937
-0.170324
0.384991
-0.732658
0.225379
-0.304483
-0.472213
0.618213
0.473922
0.669607
0.879086
-0.894345
-0.362468
-0.870479
0.826167
-0.731132
-0.403790
-0.584826
0.667470
-0.820124
-0.658437
0.831782
-0.114292
-0.202918
-0.204749
0.985412
-0.823298
-0.269509
0.041780
0.458052
-0.645436
-0.603809
0.603626
0.646901
-0.297769
-0.876705
0.154393
-0.542283
-0.884884
0.405805
0.243141
0.908811
-0.070650
-0.229774
-0.053743
0.787774
0.956359
-0.959655
0.261330
0.904782
0.411115
0.430097
-0.454268
0.769829
-0.667470
0.852168
-0.145238
-0.322123
-0.881039
-0.404218
-0.025544
-0.588427
-0.977172
-0.757500
0.125217
0.651296
-0.591968
-0.612171
-0.761528
-0.864315
-0.124973
-0.621998
-0.199561
0.825556
-0.117893
0.170568
0.120762
0.878780
0.182714
-0.351848
0.657277
0.897519
-0.696585
-0.333964
0.600574
-0.878658
-0.594531
-0.168126
-0.544908
0.937254
0.437727
-0.563829
0.546373
-0.433943
0.108432
-0.021271
-0.141331
-0.130589
-0.376995
0.153294
-0.722404
-0.211707
-0.347880
-0.913388
0.593677
-0.148045
0.236366
0.737663
-0.465438
-0.062227
-0.365947
0.645375
0.420698
0.335429
0.638112
-0.341044
-0.568285
-0.164953
0.605152
0.370769
0.309671
-0.497604
-0.994079
0.560106
0.161718
-0.556017
-0.174841
-0.223060
-0.367656
0.341594
0.666250
-0.907468
0.979614
-0.643666
-0.934141
-0.222266
-0.171545
0.810297
0.649220
0.482833
-0.476302
-0.780267
-0.042756
-0.694998
-0.102512
-0.030854
0.901852
-0.954527
0.300211
-0.737724
-0.132054
-0.522752
0.624012
-0.481185
0.532090
-0.965453
0.543565
-0.705130
-0.605579
0.880612
0.713187
-0.587512
-0.390057
-0.022614
0.456221
-0.249062
-0.199072
0.715079
-0.268899
0.081576
0.561266
0.192114
0.301309
0.494003
0.381390
-0.493637
0.031098
0.394147
-0.792169
-0.294595
0.988281
-0.629749
0.268715
0.956053
0.280190
-0.978515
-0.071749
0.031709
0.584643
0.389508
0.803766
0.184668
-0.679373
-0.330973
-0.001129
0.544176
-0.424116
-0.487594
0.535203
0.577990
0.553148
0.126743
0.252235
-0.183569
-0.922605
0.861812
-0.268166
0.550707
0.524827
0.538133
0.672781
0.651906
0.240211
0.188940
-0.740654
0.455672
-0.040071
-0.268532
-0.675344
0.082614
0.011689
0.747734
-0.866085
0.134922
0.497787
0.800348
-0.797845
-0.503159
0.835566
0.492538
0.008820
-0.397992
0.462569
-0.065218
-0.480026
0.645985
-0.009613
-0.727042
-0.419172
0.001801
0.645802
0.814020
0.462813
-0.766045
-0.414411
-0.173254
-0.510483
-0.015839
-0.551317
0.009919
-0.990295
0.199011
0.905820
0.466536
-0.019745
-0.671499
0.620838
-0.504440
-0.773370
0.625233
0.958800
0.065462
-0.608448
-0.954649
0.074129
0.454451
0.328776
-0.446394
-0.314127
-0.704764
0.869198
-0.301737
0.658376
-0.049348
-0.265664
-0.998108
-0.654164
0.802240
0.520493
0.769158
0.074007
0.985229
0.989196
-0.440291
0.680960
0.891598
-0.766655
0.783929
0.575854
-0.468978
-0.156407
0.490951
0.533616
-0.611927
0.053743
-0.541063
0.864376
0.306009
0.150670
-0.005829
0.036836
0.711295
-0.457320
-0.983520
-0.710257
-0.215491
-0.240089
0.857173
-0.107639
-0.391522
0.087252
-0.633961
-0.791437
-0.469344
0.400555
0.387066
0.343364
-0.279336
-0.897641
-0.865780
0.104892
-0.266030
0.733940
-0.301614
-0.263588
-0.610645
-0.668020
0.631520
-0.714225
-0.091830
-0.642079
-0.261513
0.281106
-0.573168
0.930601
0.226783
0.544786
-0.950011
0.511887
-0.239662
-0.719230
0.581469
-0.913022
0.236244
-0.228065
0.696951
-0.742607
0.415021
0.856014
0.415876
-0.780572
0.095126
-0.014435
0.849849
0.935850
-0.238624
-0.717399
0.801996
-0.641774
-0.141331
0.986328
-0.235206
0.877316
0.856258
0.174352
-0.361064
-0.439863
0.683157
0.984497
0.649770
-0.233375
-0.596057
0.614429
0.561998
-0.830622
-0.541673
-0.841853
0.458052
0.747917
-0.775628
-0.722648
-0.643178
-0.780023
-0.625050
-0.472518
0.278542
0.871029
-0.957396
-0.322489
-0.276528
-0.126133
-0.915036
0.552355
0.470321
-0.355754
0.910886
-0.648427
-0.711295
0.829157
-0.169347
-0.601794
0.940611
0.898862
-0.756279
0.084201
-0.522507
0.436995
0.446944
-0.444990
0.931394
-0.975951
-0.316568
0.085910
-0.040010
0.540819
0.928465
-0.875118
-0.259621
0.157689
0.323283
-0.606189
-0.880612
-0.625599
0.688284
-0.570788
0.517258
0.222755
-0.365764
-0.271828
0.471236
-0.319864
-0.272439
-0.632374
-0.752556
0.558153
-0.288247
0.527451
0.289529
0.497299
-0.785943
0.299661
0.050386
0.213477
-0.505417
-0.906003
-0.564684
-0.909848
-0.328654
-0.731193
-0.203467
0.006806
0.390301
-0.312662
0.583728
-0.027009
-0.017853
-0.652333
-0.214209
0.934019
0.823847
0.551439
-0.352031
0.167089
-0.220008
-0.746452
-0.029206
-0.273721
0.220679
0.039705
-0.782525
0.825678
0.817682
0.107517
-0.939329
-0.807917
-0.369060
0.587268
-0.789727
0.584033
0.836177
-0.568163
-0.027558
0.382061
0.821345
0.748100
0.360759
-0.887448
0.661184
0.009430
0.489669
0.024751
0.881710
-0.287332
0.340068
-0.068270
-0.654530
0.488144
0.265847
0.230506
0.096652
-0.767144
0.277993
0.245155
0.168004
-0.809687
-0.588977
-0.269021
0.647877
0.835994
0.961119
0.007721
-0.484664
-0.252052
0.216163
0.918027
-0.293985
0.852351
0.955321
-0.836665
0.862850
-0.960326
0.391705
0.587573
0.316385
-0.693777
-0.481246
-0.543687
0.536058
0.716178
0.211768
0.094455
0.019623
-0.756706
0.088107
-0.078158
0.677236
-0.169836
-0.288430
-0.635121
-0.045442
-0.492538
0.779412
-0.278359
0.622120
-0.058992
-0.882260
0.868282
-0.063875
0.721122
-0.937193
0.403607
0.970031
0.342143
0.591479
0.838252
-0.691275
0.927000
0.577807
-0.053743
-0.220923
0.609424
0.117832
0.424604
-0.264626
0.577136
-0.609729
0.568468
0.203833
0.725883
-0.800836
0.544969
