-0.843013
0.091525
-0.067354
0.374126
0.933897
0.818598
-0.714835
-0.094516
0.963683
-0.463301
-0.787042
-0.191687
0.449019
-0.559191
0.371075
0.046541
0.669057
0.570177
-0.095309
0.180273
-0.283242
-0.609241
-0.452742
-0.601306
-0.863521
0.054292
0.696646
0.164953
-0.563280
0.990234
0.716239
-0.791559
-0.801630
-0.362957
0.690542
-0.078585
-0.488876
0.926206
0.073946
-0.321329
-0.985900
-0.085849
-0.901852
0.157628
0.864620
-0.877438
0.991272
-0.138340
0.025666
-0.224281
-0.669790
0.617603
0.200110
-0.746941
0.754143
0.456709
-0.126988
-0.591174
0.102145
0.073946
0.227149
-0.884701
-0.082797
0.634327
-0.697256
0.194861
0.512131
-0.081027
0.235694
0.536180
0.264199
-0.238685
0.348552
-0.430464
-0.639454
0.078219
0.515244
-0.931028
-0.711600
0.993408
0.384869
0.728690
0.321696
0.133396
-0.296121
0.233070
0.943419
-0.483016
-0.065157
-0.912473
0.020661
0.851497
-0.908322
0.919797
0.618763
-0.782037
-0.831904
0.701895
0.566210
0.140477
0.404401
0.843074
0.730033
0.425214
0.842402
-0.922361
0.389447
0.733024
0.501083
0.964660
0.688528
0.420759
-0.174841
-0.062166
0.492660
-0.499435
0.251747
-0.797418
-0.212867
-0.752617
0.732719
-0.755791
0.112339
-0.097934
0.712821
-0.033662
-0.668996
-0.571886
-0.814203
0.639760
-0.648610
0.848445
0.714286
0.440962
0.480331
-0.350261
-0.625111
0.160558
0.976440
0.821772
-0.090915
0.202490
0.747063
-0.406964
0.151524
0.413800
0.726798
0.373455
0.115146
0.443403
-0.039033
0.012787
0.434553
-0.037812
0.286111
0.119968
0.485885
0.052400
-0.600818
0.453780
0.488266
-0.297647
-0.580554
0.401288
-0.291055
0.399213
-0.568102
-0.570238
-0.174963
0.418073
-0.461653
0.725639
0.041047
0.138340
-0.356304
-0.111240
0.500168
0.422468
-0.071932
0.604724
-0.880367
0.889096
0.438276
0.173498
0.545396
0.248451
0.431806
-0.988403
0.687918
0.031892
-0.928892
-0.028779
0.192541
-0.299905
0.159581
-0.290933
0.389935
0.590442
-0.386273
0.101962
-0.513169
0.475448
0.512436
0.424421
-0.665761
0.770684
-0.928343
-0.345378
-0.459273
0.569567
0.952513
-0.506088
0.879513
0.404950
-0.471847
0.922727
0.068758
-0.869015
-0.454146
-0.030122
0.424970
-0.077853
0.119968
0.510849
-0.297647
-0.507981
-0.848750
-0.398175
-0.751396
-0.225135
0.180883
0.782647
0.463729
0.876644
-0.610401
0.194067
-0.744133
-0.098910
-0.415143
-0.236000
0.755364
-0.630421
0.322245
0.889889
0.191626
-0.901608
0.569445
-0.848994
0.935850
0.170751
0.972533
0.305826
0.195044
0.922849
0.177099
0.890988
-0.879757
0.694571
0.920103
-0.239357
0.566759
-0.263222
-0.968017
0.936949
-0.987548
-0.232521
-0.444685
-0.960814
-0.207862
-0.212622
0.815302
0.871029
0.430830
-0.561449
0.745293
-0.275185
-0.871517
-0.126621
-0.915464
0.304178
0.505112
-0.198889
-0.950377
-0.817866
-0.076510
-0.324076
0.568590
0.631153
-0.895932
-0.066683
0.407270
0.066988
0.982360
-0.769524
0.336711
0.482467
-0.956114
0.290811
-0.005158
0.617481
0.468978
0.964904
0.473556
0.076510
0.378338
0.458602
0.932798
-0.674429
-0.956542
-0.392193
0.042390
-0.251442
0.846309
0.185888
-0.342448
-0.348369
-0.922300
-0.407697
-0.786920
-0.507736
-0.640126
-0.937681
0.521714
0.712943
-0.075289
-0.417646
-0.436140
0.035066
0.836604
-0.643117
-0.772820
-0.366070
0.504990
0.446516
-0.924070
-0.810114
-0.041047
0.247475
0.639454
-0.840144
-0.826289
-0.390362
-0.928587
-0.145482
-0.587634
-0.872982
0.005524
0.596362
-0.197913
0.972777
0.130039
-0.238746
-0.886166
-0.693045
0.550584
-0.136876
-0.113071
0.502060
0.790216
0.700552
0.317789
0.268715
0.720084
-0.979614
0.104282
-0.694815
0.278848
-0.311747
-0.605823
-0.728629
0.175146
0.795038
-0.551317
0.608448
-0.360332
0.565966
0.669179
0.118625
0.667714
-0.211158
-0.838984
0.041108
-0.457991
-0.520554
0.887509
0.794671
-0.983642
-0.899228
0.878842
0.744804
-0.333720
-0.561022
-0.778069
0.308512
0.345622
0.742119
0.266030
-0.855831
0.835261
-0.729850
0.422163
0.007294
0.813776
0.340922
0.436811
-0.694510
-0.958068
0.333048
-0.924741
-0.468123
-0.153356
-0.565722
-0.047761
-0.384808
-0.658986
0.908017
-0.119053
0.039521
-0.723624
-0.550157
0.293680
-0.361126
0.824274
-0.455123
0.250038
-0.498276
0.285623
0.098178
0.665029
0.261940
-0.496445
-0.611927
0.707572
0.636647
-0.732841
0.279092
0.486618
-0.313944
-0.074862
-0.323588
-0.404645
-0.875851
-0.283425
-0.657521
-0.083956
0.745415
0.566332
0.918210
-0.174474
0.610340
-0.833186
-0.995239
0.471541
0.540880
0.834773
0.424177
-0.753838
-0.487167
0.279763
0.113987
0.397320
0.864132
0.969787
-0.327982
0.793451
-0.010468
-0.711295
0.782098
-0.171789
-0.159337
0.372478
0.944029
-0.331767
-0.863277
-0.211707
0.884640
-0.914670
-0.394757
-0.775201
-0.788812
-0.001679
-0.597339
-0.999207
0.843684
-0.998291
0.395489
-0.955992
-0.723258
0.957518
-0.654958
0.020783
-0.518357
0.724845
-0.112705
-0.266091
-0.520432
-0.204138
0.523240
-0.223975
0.731803
-0.442915
0.113559
-0.904965
-0.791375
0.959777
0.628712
-0.632374
0.186377
0.012238
0.956481
0.596850
0.978698
0.220008
-0.037812
-0.182409
-0.209082
-0.786798
-0.780145
0.396710
0.294717
-0.345012
-0.770196
-0.866878
0.777642
0.635304
0.251381
-0.020905
0.281961
-0.810846
0.839839
0.114841
0.574755
0.461348
-0.596179
-0.284646
0.260842
0.461348
-0.794000
-0.819025
0.989563
-0.034761
-0.045747
0.480697
0.126682
-0.665151
-0.184973
0.399335
0.191687
0.836238
-0.178503
0.829646
0.591052
-0.304910
0.007843
-0.895016
0.926511
0.157628
0.249733
-0.504685
0.538560
0.725578
0.042024
-0.528733
0.234596
-0.019318
0.427046
0.325053
-0.688101
-0.974425
0.234657
-0.916562
0.501450
-0.240028
0.791742
0.215613
0.853206
0.582934
-0.592578
0.877194
0.363201
-0.963866
0.280801
0.216102
-0.720756
-0.468673
-0.490036
0.872616
-0.930235
-0.667104
-0.202368
0.868099
-0.796686
0.686270
-0.765801
-0.421979
0.424360
0.123753
-0.357219
-0.655141
0.401410
-0.381146
0.038972
0.067293
-0.065035
0.084384
-0.725822
0.925779
0.100314
0.652333
0.327921
0.416730
0.000641
-0.939879
0.300150
0.780572
0.647511
-0.265786
-0.046419
-0.373760
0.691885
-0.618763
-0.805170
0.295083
0.254738
0.131382
0.467330
-0.126194
0.426069
-0.090060
0.395550
-0.228309
-0.292398
0.378460
-0.014374
-0.225501
-0.493637
-0.627491
-0.543504
-0.996216
-0.698904
-0.504013
-0.152074
0.965148
-0.988403
0.455367
-0.891537
-0.100620
-0.829524
-0.736930
0.880978
0.545396
0.151769
0.387616
0.673879
-0.324625
-0.498276
-0.738578
0.359905
-0.989990
0.568590
0.500473
0.503891
-0.125340
-0.268288
0.986755
0.548631
-0.085665
0.366436
-0.143773
0.456771
-0.323649
-0.185339
-0.466659
-0.813471
0.600391
0.208289
-0.690298
-0.388897
0.597705
-0.444868
0.425764
0.916379
0.459456
0.957823
-0.308023
-0.188574
-0.934507
-0.531785
-0.371929
0.875057
-0.535142
-0.549974
0.374920
0.446699
0.676199
0.325541
0.618030
0.356975
-0.923276
-0.603198
0.814875
-0.918882
-0.612659
-0.972228
0.151769
-0.806146
0.291299
0.974425
-0.814081
0.195532
0.904904
0.054048
0.530503
-0.613269
-0.802240
0.637684
-0.349834
0.312357
-0.514817
-0.407392
-0.423078
-0.201636
0.690542
0.764153
0.222449
0.866939
0.997436
0.055513
0.538011
0.698660
-0.950621
-0.603381
-0.806574
-0.757805
-0.775018
0.511277
-0.952025
0.437910
0.652028
0.974670
0.438765
0.866634
0.615711
-0.322611
0.130406
-0.787774
-0.638844
-0.783990
-0.464888
-0.499435
0.300089
0.539171
-0.885922
0.291971
-0.108737
-0.271340
-0.438826
0.863582
-0.902219
-0.266823
-0.670156
-0.249123
-0.473678
-0.009796
-0.982421
0.937193
0.966796
0.217444
-0.502487
0.681997
0.290445
-0.086703
0.712027
0.386578
0.315226
0.598560
-0.702322
-0.917600
0.637379
-0.428694
0.730399
0.010651
-0.403607
0.446516
0.086154
-0.410810
-0.100009
-0.707266
0.244972
0.409284
-0.490646
0.972167
-0.373333
-0.021760
-0.842830
0.948302
-0.589709
0.283731
0.105136
-0.211219
-0.468917
0.899899
-0.698172
0.018159
-0.636341
-0.120518
-0.579089
-0.819391
0.371197
0.313578
0.959716
0.977172
-0.811884
-0.967528
0.006073
-0.683706
-0.103488
0.413251
-0.970336
0.119114
-0.094577
0.395062
-0.470321
-0.753838
-0.484298
-0.791375
0.268044
0.666982
-0.258278
0.982299
0.688772
-0.091281
-0.991089
-0.008881
-0.496445
0.205542
0.623341
-0.277749
-0.362712
-0.940367
0.091098
-0.937376
0.731132
-0.053438
0.239784
0.914609
-0.076693
0.087619
0.982360
0.615955
-0.128758
0.291910
-0.482284
-0.703177
0.226051
-0.490341
-0.939512
-0.402753
-0.791192
-0.410627
-0.508469
-0.856441
-0.293619
-0.345866
0.122288
0.198645
0.007172
-0.213111
-0.858394
-0.167150
-0.681692
0.770013
-0.295694
-0.525193
-0.102939
-0.501083
0.198096
0.886044
0.700552
-0.192175
-0.128636
-0.328166
0.043916
-0.019623
-0.969970
-0.962523
-0.072420
0.300333
0.109653
-0.756401
-0.301859
-0.628712
0.789483
0.846492
0.158788
0.538926
0.286721
0.369182
0.658742
-0.541002
0.218543
0.700308
0.500961
-0.406171
-0.775628
0.401959
-0.046541
-0.257851
0.028047
0.877255
-0.062471
-0.608448
0.213294
-0.916929
-0.038850
-0.154088
0.393902
0.562731
-0.444929
0.689932
0.334574
-0.729118
-0.643971
0.591723
0.854488
0.126255
-0.307108
-0.699393
-0.157018
0.174291
0.581225
0.264504
0.787164
0.607044
-0.502609
-0.511155
-0.864498
-0.416303
0.313028
0.974242
-0.515610
0.748772
0.023408
-0.064302
0.144688
0.082125
0.003571
0.730888
-0.165929
0.161596
0.155492
-0.071810
0.317545
-0.841182
-0.189673
0.201331
0.027741
0.558519
0.844356
0.412580
0.055696
-0.465316
-0.195288
0.414899
0.421369
-0.428388
-0.089389
0.488571
-0.900815
0.789056
-0.285257
0.311930
0.979858
0.216468
0.254555
-0.798273
0.165746
0.079745
0.237770
0.457137
-0.205603
0.863704
-0.397992
0.951842
0.001129
-0.436384
-0.372417
-0.004364
0.598071
-0.121921
0.629810
0.882015
-0.440229
-0.322977
-0.691702
0.653737
0.282449
-0.359050
0.348613
0.139378
0.798578
-0.397443
-0.883297
0.862545
-0.151952
0.257729
-0.728507
0.649464
-0.519639
0.158238
0.755913
-0.582080
-0.390423
0.137242
-0.922971
-0.339763
0.677725
0.247291
-0.804682
-0.636647
-0.632496
-0.985656
0.419965
0.937071
-0.645314
-0.915220
0.028962
0.167333
-0.025300
-0.608142
0.323588
0.867428
-0.220618
0.350871
0.874569
0.081332
-0.093173
-0.057711
-0.881893
-0.135716
0.439070
-0.674856
-0.782159
0.641469
0.836177
-0.968261
-0.668935
-0.021271
-0.625965
-0.728202
-0.728446
-0.713126
0.625233
0.095981
-0.606006
0.836238
-0.243385
-0.772759
-0.016083
0.576464
0.034455
-0.549852
-0.449507
0.223853
0.244911
0.295022
0.883053
0.507797
-0.614978
0.922544
0.460372
0.013581
-0.055757
-0.141453
-0.622791
0.779534
-0.729240
-0.459212
0.930113
0.195288
0.036470
-0.982299
0.275674
0.062593
-0.235389
-0.665029
-0.218970
0.228126
0.979553
0.713797
-0.119663
-0.510117
-0.151769
-0.475692
0.618641
0.314005
0.729789
0.895688
-0.319559
0.002167
-0.880367
0.608936
-0.026521
-0.091464
0.943358
-0.875423
-0.859859
-0.303262
-0.441023
-0.823847
0.115024
-0.894406
0.906247
-0.374371
0.940184
-0.849239
0.361370
-0.227821
0.997497
-0.619678
-0.390179
0.154210
0.726737
-0.414533
0.159276
-0.514389
-0.527940
-0.603381
-0.965331
-0.040925
-0.827998
-0.362651
-0.070345
0.140049
0.804682
0.099521
0.388653
0.245460
-0.873043
0.733024
0.287637
-0.323344
-0.179846
-0.779656
-0.864010
-0.120029
0.273904
-0.633839
0.688040
0.541124
-0.483993
0.716056
0.435224
-0.047273
-0.717887
0.874630
-0.422040
0.766655
-0.747307
0.200354
-0.515366
-0.577380
-0.093722
0.093112
0.065279
0.895016
0.990539
-0.809870
-0.625111
-0.330302
-0.678274
0.723075
0.531053
0.595508
-0.346171
-0.208716
-0.048921
0.275735
-0.904355
0.964782
0.044832
0.129429
0.681509
0.610584
-0.198523
0.357646
-0.450972
-0.576281
-0.663076
0.404096
-0.977477
0.828059
-0.839595
-0.593127
-0.575488
0.093295
-0.733390
0.285257
-0.935789
-0.421186
-0.728568
0.788202
-0.739006
-0.310648
0.382672
-0.400067
-0.399518
0.185461
-0.514756
0.617725
-0.813288
0.770501
0.711966
0.459517
0.400189
0.064302
0.921567
0.129856
-0.660939
0.147069
-0.391217
0.782342
0.784478
-0.698111
0.288308
0.496689
0.619739
0.602954
-0.418622
-0.223609
-0.377606
-0.247597
-0.254189
-0.505234
-0.307779
0.988647
-0.450911
0.015290
-0.042634
-0.199683
-0.852290
0.569933
-0.577502
-0.376751
0.884030
-0.337443
0.414411
-0.196081
0.697012
0.069124
0.969054
0.287515
-0.408979
0.313761
0.994140
0.194739
-0.300577
-0.660756
0.235145
-0.588672
0.411847
-0.015534
0.894528
0.285440
-0.039460
-0.977294
0.532212
-0.794549
-0.376873
-0.345866
0.091220
-0.048616
0.142552
0.645619
-0.802728
-0.977233
0.950072
0.208899
0.225135
0.421552
-0.921873
-0.580554
0.966918
-0.938963
-0.266091
-0.374187
0.888180
0.762444
-0.882443
-0.186438
0.434980
-0.765435
-0.173559
-0.546861
0.285989
0.806635
0.666005
0.355876
-0.093234
-0.746818
-0.143284
0.443953
0.500473
0.890927
-0.866390
-0.609241
0.303446
-0.564928
0.191809
-0.304422
0.880306
-0.182592
0.524888
-0.794061
-0.520371
-0.331034
0.115452
0.029328
0.560106
-0.084994
0.628590
0.749077
-0.195715
-0.920774
-0.720267
0.115085
-0.943358
-0.587939
-0.157994
0.729484
-0.169042
0.177709
-0.717887
-0.083163
0.126316
-0.433454
-0.296121
0.306925
0.727348
-0.621143
-0.670827
0.175756
0.673757
0.761162
-0.073824
0.476485
-0.312540
0.360881
0.977660
-0.410871
-0.619068
-0.302835
-0.825190
-0.087985
-0.378033
0.134495
0.928587
0.574816
-0.536729
0.918882
-0.384991
0.552355
-0.575671
0.412702
0.376263
-0.894528
0.432295
-0.257302
0.241066
-0.575243
-0.748039
-0.424421
-0.736747
-0.022004
-0.842830
-0.365093
-0.322855
0.460128
-0.289773
0.418989
-0.076632
0.154149
-0.732780
0.730216
0.181860
0.805658
0.068941
0.584216
0.316446
0.477523
-0.656911
-0.376995
-0.290445
0.739189
-0.053438
-0.466170
0.933409
0.545885
0.399945
0.633656
-0.686880
0.382916
0.843196
-0.494430
-0.232826
-0.428816
-0.684439
0.417219
0.363872
0.610889
-0.444929
0.724357
0.930662
0.865902
0.030915
0.348369
-0.926817
0.615528
0.706534
0.982360
-0.992676
0.802789
0.326823
-0.990173
-0.240211
0.915647
-0.733695
0.634205
-0.443098
0.032746
-0.757927
-0.055086
-0.222755
-0.161168
-0.285073
-0.309305
-0.429792
0.298013
0.143956
0.652394
0.787347
-0.605945
0.380535
0.352275
-0.333537
-0.891842
-0.791314
0.918332
-0.840327
-0.566576
-0.390545
0.911008
0.689383
0.876095
0.775811
0.683096
-0.071932
-0.094150
-0.825678
-0.029511
0.638478
-0.903623
0.373943
0.527024
-0.128086
-0.330485
0.815912
0.320414
0.449812
-0.687979
-0.712455
-0.269326
-0.846919
-0.213965
-0.761101
-0.368084
-0.393597
0.939390
-0.282937
-0.745109
-0.221900
0.815851
-0.724479
-0.680105
-0.431013
0.900510
0.731986
0.274697
0.366802
-0.091586
-0.384686
-0.140904
0.483993
0.163305
0.595569
-0.969359
0.937620
0.872311
-0.628224
-0.026826
0.216590
0.802301
-0.091403
-0.818720
-0.535936
-0.027253
-0.324076
-0.711539
-0.200659
0.246010
0.959655
0.060030
0.568896
0.933470
0.884457
-0.178381
0.861446
0.064669
0.910703
-0.665639
0.242042
0.794916
-0.483383
0.253151
0.201514
0.500656
-0.004730
-0.438093
-0.929197
-0.594592
-0.160558
0.446150
0.591540
-0.435530
-0.216407
0.926145
-0.317606
-0.568468
-0.628956
-0.951109
-0.814020
0.815912
-0.348125
0.370098
0.491562
0.614307
0.434065
-0.612659
0.452071
0.145726
-0.887631
-0.224158
0.070406
-0.988159
0.405927
-0.470870
0.275613
-0.370952
-0.222571
-0.823298
0.677969
0.990722
0.510117
0.245705
-0.719108
0.784356
0.203284
-0.780328
0.664052
0.509873
-0.984313
-0.660634
0.467879
-0.653859
-0.316507
-0.274453
0.868038
0.726859
-0.933103
0.467330
-0.266579
-0.343974
-0.739738
-0.460067
0.607410
-0.646474
0.581286
-0.070406
0.019745
-0.891842
0.186621
0.900388
-0.865413
-0.938536
0.767693
0.150731
-0.637623
-0.847102
-0.355693
-0.169897
0.652333
0.919675
0.900876
0.075228
-0.495285
0.647206
0.655995
0.999817
-0.505600
0.530320
0.745293
0.978942
0.718986
-0.475814
0.371746
0.593249
-0.827021
-0.863887
0.218482
0.529099
-0.726371
-0.641591
0.861751
-0.440840
-0.673452
-0.240516
0.403302
0.268349
-0.401227
-0.587756
-0.221412
0.185827
0.851924
0.896420
0.582324
0.151769
0.422651
-0.478011
-0.191259
-0.814631
0.917844
-0.704215
0.275735
-0.470687
0.843013
0.881405
-0.693472
0.268654
0.582141
0.168737
0.512375
0.271706
-0.635853
0.791009
0.737968
0.241493
0.505173
-0.960631
0.749565
-0.847774
0.832698
0.241066
-0.542711
-0.566942
-0.045320
-0.238929
-0.431867
0.843196
0.375469
0.223853
-0.418195
0.880673
0.968566
-0.365459
0.336589
-0.544176
0.095676
0.200537
-0.381390
-0.053682
0.129002
-0.897458
0.206458
-0.563036
0.766289
-0.304666
0.960875
0.570116
-0.487716
0.859737
0.964049
-0.746513
0.965148
0.757256
-0.083468
-0.057039
0.348308
-0.761345
0.838557
0.435469
0.304117
-0.979614
0.484176
-0.874325
-0.291543
0.062166
-0.314798
0.540086
0.663625
-0.602405
-0.512375
0.253883
0.204505
0.959105
0.022370
0.106845
0.464705
-0.857906
-0.325358
0.911557
-0.241310
0.326823
0.852596
-0.478927
-0.402142
0.627308
0.543382
-0.860897
-0.624561
0.872982
-0.253090
0.981384
-0.573840
0.173742
-0.691580
-0.112461
0.890439
0.922422
-0.028962
0.006623
0.458846
0.438398
0.827570
-0.770074
0.624866
0.455855
-0.313456
-0.398358
-0.873836
-0.890316
-0.526597
-0.151097
-0.154942
-0.464644
-0.969420
-0.802362
0.970519
-0.066439
-0.351299
0.900266
-0.818354
-0.341350
-0.620655
-0.816034
-0.387799
0.887997
0.696768
0.650197
0.893735
0.997986
0.848994
-0.606372
0.578112
0.717338
-0.671010
-0.754753
-0.080416
-0.301126
-0.064364
-0.457930
0.433515
-0.389874
-0.314554
-0.274819
-0.377483
-0.701224
-0.638722
0.621998
0.013642
-0.216956
0.492904
0.324808
0.305948
0.547288
0.077486
0.177404
0.761589
-0.866512
-0.228126
-0.351115
-0.439253
-0.499130
0.578539
-0.207373
-0.227638
-0.572008
-0.237709
0.566271
0.070406
0.715995
-0.705618
0.986694
-0.169408
0.262612
0.838618
0.367290
0.367656
-0.280190
-0.713553
0.538255
0.218421
-0.128819
0.479659
-0.479659
0.317789
0.155126
-0.416425
0.615162
-0.631397
0.692007
0.252907
-0.889523
-0.580920
-0.302408
0.616321
0.802484
-0.572436
0.250221
-0.990417
0.807550
-0.988891
0.784600
0.636586
0.674062
-0.532640
-0.342998
-0.563768
0.210791
-0.413800
0.510666
0.884396
-0.000275
0.307352
-0.054659
0.855647
0.355083
0.165685
0.293069
0.894833
-0.677664
0.709281
0.078341
0.570116
-0.579394
-0.537645
0.770684
-0.619861
0.013886
0.137364
-0.324381
-0.877804
0.221351
0.527573
-0.275552
-0.612842
0.473983
-0.858699
0.059969
-0.152562
0.793390
0.154393
0.521348
0.765252
0.000641
-0.722648
0.614734
-0.174230
-0.017548
0.009125
-0.854244
0.103183
0.065828
0.706046
0.913999
0.877194
-0.084567
0.003754
-0.155736
-0.009552
-0.162938
-0.754265
0.013031
0.513962
-0.033479
0.310099
-0.760918
-0.028596
0.972411
0.294351
0.650136
-0.001251
0.505417
-0.071871
0.270730
0.792230
-0.539415
-0.399518
-0.399396
-0.431928
-0.651601
-0.936399
-0.499496
0.335917
-0.955321
0.569140
0.451155
0.610645
-0.326029
0.792779
-0.096835
-0.111850
0.033906
0.045686
-0.820124
0.082308
-0.914853
0.365398
0.889828
-0.345805
-0.595386
-0.014618
0.905087
0.351970
0.690298
0.432478
0.322123
0.594226
0.231300
-0.640370
-0.040864
-0.791375
0.414777
-0.229713
-0.639027
-0.522202
0.991455
-0.171422
-0.180700
0.534349
0.903867
-0.369610
0.112461
0.778558
-0.224830
-0.244484
-0.115513
-0.471358
-0.001068
0.324870
0.011139
0.125706
-0.659474
0.539537
-0.999878
0.349834
-0.790155
-0.231178
0.555589
0.275491
0.046602
-0.474776
-0.356059
-0.501999
-0.496872
-0.073763
0.592029
-0.130833
0.072848
0.463485
-0.993164
0.199438
-0.971374
-0.648305
0.503586
0.282815
-0.931394
-0.435102
-0.384991
-0.592334
0.859493
0.438520
0.613147
0.827570
-0.282693
-0.807855
0.699087
0.656667
-0.959227
-0.301737
-0.760613
-0.608509
0.867489
0.563524
-0.705863
0.458541
0.804987
0.267495
0.460128
0.452986
0.778741
-0.529771
-0.812189
-0.572741
-0.507859
-0.376263
0.306436
0.537034
-0.145177
0.711783
-0.802850
0.222510
-0.693838
0.232154
0.371685
0.910337
-0.230995
-0.913755
-0.868892
-0.771905
0.967772
0.386761
-0.393536
-0.257179
0.834956
-0.146641
0.870724
-0.673818
0.451460
-0.874813
0.743156
-0.567248
0.747917
0.892331
0.352886
-0.014801
-0.257363
-0.445662
0.008881
-0.292520
-0.595996
0.426313
0.526109
-0.999145
-0.058565
-0.022797
-0.111606
-0.325236
-0.172948
-0.328837
0.133274
-0.469588
-0.866634
0.030732
-0.596789
0.229041
-0.811518
0.748405
-0.277505
0.193701
-0.884213
0.982665
-0.945799
0.542528
-0.340434
-0.116489
0.365886
0.577074
0.048555
-0.202734
0.434004
0.897275
0.527940
0.655263
0.373272
0.219581
0.717948
-0.000946
-0.362163
0.949095
-0.260598
0.255226
-0.962523
-0.593188
-0.294473
-0.662404
-0.639210
-0.266030
0.640614
0.880917
-0.447981
0.051119
0.600146
-0.894955
0.811457
-0.410627
-0.049593
-0.333293
0.855464
-0.420270
0.111728
-0.267556
0.092380
-0.620045
-0.984313
-0.641041
-0.604175
0.343791
0.023347
0.009857
0.126560
0.110569
-0.230079
-0.680898
-0.661428
-0.603320
0.719047
0.500656
-0.630604
-0.975036
-0.246742
0.896664
-0.752800
-0.275246
0.857967
-0.723502
0.617847
-0.089206
0.125095
-0.783074
-0.022126
-0.554125
0.416608
-0.860042
0.702567
0.233924
0.807184
-0.078829
0.555040
-0.588366
0.377606
-0.712455
0.294839
-0.093417
0.193152
0.345317
0.712516
-0.502121
0.483932
0.807428
-0.637623
-0.571703
0.291604
0.066134
-0.783624
-0.282327
-0.627613
-0.144200
0.946226
0.809320
0.675649
-0.028840
0.070894
0.984985
0.966796
0.888058
0.696158
0.236061
0.753166
0.508591
-0.589404
-0.531419
0.978271
-0.106174
-0.291055
-0.271828
0.336833
-0.235389
-0.193518
0.455489
0.806391
-0.446089
0.823908
-0.550707
-0.090426
-0.537156
0.705802
0.731742
-0.652821
0.571947
-0.448164
-0.456221
-0.492355
0.060945
-0.035310
-0.521897
0.812067
0.110202
0.657521
0.071444
-0.561327
0.311625
-0.179479
0.124729
-0.789117
-0.180883
0.479537
0.580248
-0.596484
0.353008
-0.972655
-0.953978
0.452071
-0.125034
0.797723
0.887265
-0.992370
0.415143
-0.660390
0.334696
-0.110630
-0.580065
0.489486
-0.071993
-0.318583
-0.289956
-0.013459
0.100192
0.508469
-0.655629
0.972777
0.562243
-0.765679
0.019318
0.447005
-0.449263
0.227515
0.873653
-0.691580
-0.382061
-0.022370
-0.961730
-0.418195
0.081332
-0.201025
0.904782
0.653676
0.509568
-0.459517
0.816462
0.136021
-0.705496
-0.240272
0.086337
0.017426
-0.033845
-0.242836
0.361187
-0.785821
-0.184423
-0.371319
0.881527
-0.349162
0.865719
-0.220740
0.457320
0.172826
-0.296182
-0.621876
-0.927000
0.485336
-0.000885
0.721671
-0.835994
-0.681936
-0.444990
-0.776360
-0.277078
-0.877987
-0.493149
0.589831
-0.472091
0.722159
-0.905576
0.996643
-0.544786
0.547594
-0.555284
-0.647023
0.031465
0.554247
0.873226
0.314737
0.734489
0.806879
-0.991089
-0.273965
-0.529527
0.935240
-0.363384
0.106418
0.029633
0.308939
0.731132
-0.623829
-0.930601
0.264687
-0.286721
0.676382
0.356670
-0.355510
0.270302
0.630360
-0.801019
0.077914
-0.290872
0.715018
0.362285
-0.485275
-0.457869
0.296304
0.237342
0.116794
-0.073031
-0.339457
-0.532029
-0.850032
0.867122
0.416486
0.019623
-0.664357
-0.293680
-0.121067
0.960448
0.131870
0.803522
-0.073092
-0.574450
-0.255409
-0.644948
-0.163488
0.003998
0.867306
0.752495
-0.595264
-0.554491
0.936888
-0.892514
0.878109
0.119419
0.192785
0.440901
0.295877
-0.822138
0.023652
0.149510
0.254250
0.603687
0.163854
-0.027009
-0.571581
-0.408368
0.358806
-0.555834
-0.996887
-0.117832
-0.263527
-0.647267
0.499741
-0.304178
-0.033662
0.853938
-0.431318
-0.793451
0.570055
-0.891964
0.757378
0.608448
-0.684256
-0.869503
-0.136265
-0.368267
0.955138
-0.216407
0.691641
0.775323
-0.515183
-0.244667
0.733940
0.154088
0.286538
-0.695486
0.131809
0.852596
0.590075
0.167882
-0.191321
-0.575793
0.771477
0.029084
-0.385846
-0.740959
0.534959
0.295145
-0.847102
0.313028
-0.785821
0.632130
-0.369488
0.538621
0.164342
-0.625599
0.447615
-0.828974
0.843440
0.716178
0.366314
-0.335856
-0.539476
-0.259987
-0.513169
0.499802
0.301920
-0.274026
0.890072
0.718619
0.181066
-0.397259
0.517075
-0.251442
0.207068
-0.172704
0.830683
0.636830
-0.585742
0.702750
-0.720878
0.263344
0.132298
-0.342509
0.106662
-0.469588
0.678274
0.426618
0.629017
0.565844
0.185095
-0.122776
-0.005585
0.091037
0.930540
0.799921
0.049471
-0.671743
-0.008454
0.382366
-0.539781
0.906064
-0.776238
-0.181127
-0.954833
-0.676443
-0.050020
0.788018
-0.084445
-0.408307
0.663747
-0.775750
-0.580676
0.298929
0.567553
0.547777
-0.027802
-0.273110
0.790216
-0.019135
0.046602
0.641896
-0.637318
0.016572
-0.090854
-0.186804
-0.376019
0.583544
0.073397
0.036531
-0.433454
-0.771233
-0.142796
-0.750603
0.237831
-0.940367
0.455123
-0.569445
0.051607
0.378399
-0.757683
0.389935
-0.770867
-0.395001
-0.243690
-0.418134
0.554369
0.846187
-0.586535
0.931944
-0.773431
0.441084
0.916684
-0.768914
-0.660207
0.325724
-0.456771
0.592761
-0.429853
-0.554247
0.351726
-0.811884
-0.155919
0.488388
-0.673086
0.498093
-0.772454
0.010895
-0.371746
0.701895
-0.600452
-0.771538
-0.317789
0.118809
0.467818
0.791192
0.115940
0.782159
-0.014679
-0.072665
0.263710
-0.718986
-0.839167
-0.981017
0.235084
0.897763
0.148534
-0.077120
-0.525071
0.911313
-0.474654
0.549242
0.743828
-0.160802
0.892026
-0.752251
0.774346
-0.054842
-0.445723
-0.767144
-0.822260
-0.870052
0.650441
0.456648
-0.434797
-0.368694
-0.504501
0.447798
0.933226
-0.986328
0.508530
-0.827265
0.981506
0.824702
0.764214
-0.450179
-0.937193
-0.031648
-0.065279
0.980773
-0.300882
0.441389
0.867306
0.312296
-0.691885
0.916440
-0.113315
0.825983
0.041658
-0.035615
-0.140965
0.408429
0.821345
-0.357952
0.524888
-0.059053
-0.471664
-0.827631
-0.361309
-0.498398
-0.160192
-0.016572
0.633717
-0.308206
-0.377850
0.984252
-0.849239
-0.986511
-0.445601
-0.647023
-0.293191
-0.490646
-0.643544
0.528428
0.465987
0.831904
0.119236
0.699149
0.444502
-0.564074
-0.475570
-0.878292
0.140294
0.153783
-0.949522
0.299051
-0.996948
-0.799921
-0.029084
0.878292
-0.340739
-0.612598
-0.579760
-0.618824
-0.816950
0.585009
0.264504
-0.761345
0.084811
-0.213172
-0.858211
-0.164037
-0.296304
-0.898190
0.637745
0.123264
0.175939
-0.382488
-0.558641
-0.307840
-0.585986
-0.362346
-0.077303
0.140660
0.145421
0.827204
-0.981628
0.284219
-0.028901
-0.876888
0.148595
-0.652211
-0.926511
0.774590
0.892819
0.604541
0.284219
-0.466964
-0.557360
0.019196
-0.660207
0.922727
-0.314920
-0.822443
-0.947386
-0.582324
0.412702
-0.499313
-0.104404
0.232521
-0.901730
-0.753044
0.124424
0.125828
0.816767
0.631031
0.463485
0.339274
-0.671682
-0.793573
-0.346110
-0.847407
-0.894711
0.296304
-0.965148
-0.203833
0.116489
0.896725
0.807550
-0.158849
-0.233131
-0.239357
-0.753105
-0.735160
-0.072909
0.636097
0.806940
0.314615
0.003082
0.570177
-0.465438
0.564989
0.798944
0.503342
-0.208228
0.400555
0.796442
-0.924558
0.141758
0.739677
0.461043
0.471908
-0.438765
0.735343
-0.973449
0.035188
-0.496933
-0.176061
-0.326151
0.503525
0.929380
0.703848
0.452986
0.265725
0.037812
-0.063265
0.501267
-0.184606
0.280251
-0.762993
-0.559313
-0.966124
0.625172
-0.114353
0.485275
-0.715629
0.387249
-0.462203
0.214698
-0.610584
0.023347
-0.179113
0.446333
-0.005158
-0.948363
-0.680715
-0.993042
0.609729
-0.192663
0.388043
-0.657582
0.726310
0.536607
-0.582751
-0.522446
-0.619190
-0.319010
0.526719
0.402020
0.967833
-0.636280
-0.676443
-0.408673
-0.574450
0.782037
0.952269
-0.987121
-0.589587
-0.416486
-0.792840
0.629322
0.359722
-0.194617
-0.372295
-0.856685
-0.272927
0.178198
-0.491562
0.804254
0.431196
0.598560
0.372784
0.236549
-0.706717
-0.288797
-0.329630
0.627857
0.466292
-0.166845
0.514939
0.575915
0.424848
0.107150
0.965941
0.141148
-0.104587
0.983215
-0.228004
-0.328898
-0.536058
0.493515
0.129673
-0.676443
-0.126988
-0.321940
-0.719901
-0.239601
-0.105319
0.729789
0.888180
0.562548
0.427290
-0.648854
0.054598
-0.484542
-0.789850
0.835505
0.122410
0.939024
-0.385784
0.085788
-0.070650
0.982299
0.166234
0.022858
0.471358
0.171728
0.674306
-0.682485
0.188086
0.675771
0.942869
0.431501
-0.726371
-0.010102
0.332011
-0.934080
-0.100803
-0.641102
-0.194555
-0.360271
0.618702
0.019135
-0.479720
0.359783
-0.389264
0.444929
0.428877
-0.745354
0.400861
0.824335
-0.583422
-0.576769
0.080477
-0.837947
-0.244911
-0.358074
-0.219459
0.666372
-0.087130
0.072970
0.273843
-0.995666
-0.469466
0.889523
-0.875729
0.076266
0.494552
0.624317
0.209876
-0.911557
0.413312
0.998047
-0.345622
0.001740
0.864681
-0.532029
-0.227515
0.292337
-0.849788
-0.899594
-0.783807
0.262673
-0.912046
0.910947
-0.978942
-0.905637
0.782769
0.195349
-0.639149
0.398663
-0.384381
0.061983
-0.451033
0.235084
0.867855
-0.172582
-0.205603
0.752861
-0.101962
-0.245949
0.135594
-0.104648
0.447981
-0.661916
0.045320
-0.272317
-0.538438
0.558763
0.111667
0.851375
0.371197
0.782220
-0.134373
0.891964
0.153966
-0.956297
0.509812
-0.282632
0.031281
0.629688
0.637745
0.306070
-0.781426
0.687796
0.658681
-0.278481
0.655934
-0.185217
-0.391400
0.767571
-0.783990
0.643422
-0.230934
-0.052095
0.569689
-0.053560
-0.555040
0.939695
-0.443525
-0.644276
0.713187
0.229347
0.919065
0.243629
0.724906
0.750969
0.914731
0.163732
0.058504
0.496506
-0.828425
0.321329
-0.056734
0.722526
0.463485
0.047578
-0.324015
-0.161657
-0.464766
0.429365
0.402631
-0.469588
-0.301187
-0.008942
-0.594104
0.258950
0.542100
-0.821833
0.623096
-0.687246
0.457869
0.478561
0.449812
0.416425
0.619312
-0.585498
-0.325297
0.000580
-0.810785
-0.693655
-0.643788
-0.712821
-0.084384
-0.532823
0.162145
-0.727103
0.696768
0.216590
-0.004975
-0.900143
-0.175878
0.320597
0.624805
-0.529160
-0.130955
-0.735710
0.646352
0.109165
-0.862423
-0.596606
-0.158300
-0.830561
0.557848
0.841609
-0.918638
0.121860
-0.059542
0.074496
-0.821406
-0.504318
-0.582385
0.949278
-0.363262
-0.694266
-0.070772
0.675100
-0.876888
0.636586
0.650563
0.447066
0.726676
-0.229286
-0.494858
-0.531602
0.743950
0.368389
-0.694205
-0.681997
0.083102
-0.197790
-0.834956
-0.577685
-0.007965
-0.644093
0.880306
-0.832698
0.550523
0.393292
0.199805
-0.294107
-0.080294
0.252297
0.698416
-0.961241
0.475448
-0.082614
-0.290872
0.730766
0.764580
-0.007782
0.681265
0.537034
0.572802
0.161473
0.218299
-0.655263
0.790826
0.469344
-0.319742
0.171789
-0.832636
-0.607837
-0.357036
-0.626881
-0.829035
-0.729118
-0.898679
0.391522
-0.010773
0.997436
-0.734184
0.598132
-0.014618
0.577624
-0.683645
0.348186
0.545885
-0.763054
0.354289
0.007843
-0.919614
-0.012421
0.008393
-0.943846
0.910642
0.257363
0.004120
0.310282
0.168371
-0.497665
0.792108
0.085665
-0.968993
0.279824
0.421979
0.471969
-0.955687
0.419599
0.312601
-0.254494
-0.798395
0.251503
-0.902951
0.207495
0.679678
-0.470199
0.496139
-0.474227
0.265786
-0.317606
-0.796869
-0.839900
-0.155614
-0.597339
0.317850
0.951964
0.592090
-0.831294
-0.114536
-0.057161
-0.896908
-0.640614
-0.495285
0.913511
-0.235023
0.220069
0.532029
-0.248329
-0.680410
0.963622
0.425642
-0.512864
0.364849
0.452132
-0.528794
-0.350505
-0.429975
0.202307
-0.001556
0.620594
0.984924
0.411359
0.196570
0.222083
0.835383
-0.374248
-0.729789
-0.501389
0.984863
-0.241798
-0.353191
-0.221656
0.842769
-0.313150
0.223365
-0.977905
0.345805
0.755486
0.937437
-0.421674
-0.270669
0.507370
0.366008
0.384503
0.953734
-0.168126
-0.845759
0.233680
-0.363811
-0.807184
0.874264
-0.971679
0.972289
0.140843
