0.472884
0.919675
-0.148839
0.574145
-0.495285
-0.651296
0.655995
0.999817
0.434492
0.530320
-0.778069
-0.305704
-0.042268
-0.475814
0.371746
0.808649
0.500168
-0.232826
-0.895383
-0.785150
-0.726371
-0.147801
-0.792352
0.817377
-0.673452
-0.816340
0.196814
0.893490
-0.401227
-0.587756
-0.221412
0.185827
0.851924
0.461226
-0.927427
0.281961
-0.615284
-0.928953
-0.191259
0.807001
0.703055
0.696280
0.275735
-0.470687
0.687368
0.658437
-0.693472
0.268654
-0.758538
-0.549120
-0.948119
0.271706
-0.635853
0.791009
0.737968
0.241493
0.505173
-0.859737
-0.083590
0.923460
-0.477950
0.520615
-0.542711
-0.566942
-0.513840
-0.238929
-0.431867
0.213294
0.375469
0.607593
0.119480
0.880673
0.968566
0.627491
0.336589
0.245643
0.095676
0.200537
-0.381390
0.807672
-0.251991
-0.897458
0.954833
-0.926756
0.567553
-0.332621
-0.968444
0.570116
-0.487716
0.859737
-0.698294
-0.359050
0.965148
-0.193274
0.300699
-0.057039
0.348308
0.367779
0.896481
0.335856
0.875668
-0.874935
0.113865
-0.874325
-0.419050
0.062166
-0.314798
0.540086
0.663625
0.240577
-0.512375
0.253883
0.405499
0.959105
0.022370
0.488144
0.464705
-0.120701
-0.731681
0.911557
-0.142796
0.326823
0.173009
-0.093112
-0.402142
-0.763237
0.543382
-0.860897
-0.624561
-0.199499
-0.388531
0.981384
0.574633
0.173742
0.160924
0.010590
0.595141
0.922422
0.790765
0.006623
0.910947
-0.336039
0.464400
-0.770074
0.000763
0.455855
0.866512
0.030732
0.265114
-0.295816
-0.455306
-0.134861
-0.686270
0.672414
-0.969420
-0.674062
0.772637
-0.465804
-0.388897
0.461348
0.829707
-0.400189
-0.620655
-0.578478
-0.387799
-0.357036
0.696768
0.650197
-0.108615
-0.532701
-0.096896
0.926572
0.764458
-0.434614
-0.127293
0.395184
-0.226783
-0.301126
0.817438
0.787225
0.323099
0.098300
-0.314554
-0.274819
0.438032
-0.701224
-0.638722
0.621998
0.013642
-0.216956
0.982299
0.324808
-0.416181
-0.718253
0.077486
0.177404
0.606067
0.480270
-0.228126
-0.351115
-0.439253
-0.499130
0.608264
-0.207373
0.829585
-0.572008
0.951109
0.263222
0.070406
-0.037568
0.127720
0.804804
0.601245
0.262612
0.838618
-0.738395
0.135289
0.590320
0.952208
0.160314
0.218421
0.985046
-0.123203
-0.856929
-0.615345
0.044282
0.242164
0.585742
0.194006
0.692007
-0.981262
-0.889523
-0.455428
0.429975
0.239479
0.802484
0.528855
-0.908872
-0.873714
-0.052156
-0.988891
-0.765313
0.636586
-0.614429
-0.532640
-0.231849
-0.563768
0.558214
-0.388226
-0.430952
-0.335551
-0.397015
0.092074
-0.054659
0.616077
0.355083
0.165685
-0.846797
0.894833
0.716056
0.527818
0.962767
-0.382427
-0.117771
-0.547655
0.616810
0.832881
0.752739
0.137364
-0.324381
0.866695
0.212622
-0.171361
-0.228553
-0.612842
0.675710
-0.858699
-0.297525
0.640309
0.793390
0.154393
0.253456
0.093722
0.592822
-0.722648
0.382916
-0.263894
0.171300
0.009125
0.226661
-0.374859
0.065828
-0.672658
-0.587756
0.743400
-0.084567
-0.698294
0.661122
0.134861
-0.162938
-0.754265
0.013031
0.265053
-0.033479
0.310099
0.273049
-0.370830
0.972411
0.294351
-0.902463
0.283181
0.505417
-0.071871
-0.661794
0.792230
-0.539415
-0.399518
-0.399396
-0.977599
0.697378
-0.936399
-0.268044
0.418256
0.539109
0.970275
0.042451
-0.078585
-0.326029
-0.361492
-0.910337
0.845576
-0.150365
-0.250160
0.340739
0.082308
0.737602
0.365398
-0.835810
-0.345805
-0.116855
0.774529
-0.354289
-0.816523
0.690298
0.432478
0.916379
0.934935
-0.664602
-0.314249
-0.040864
0.467574
0.377056
0.346965
-0.700247
-0.630116
0.991455
-0.479659
0.346599
0.835078
0.457625
-0.369610
-0.769829
0.817866
-0.436995
-0.244484
-0.149022
-0.155492
-0.420637
0.324870
0.370525
0.125706
-0.751274
-0.524888
-0.821467
0.919309
0.661367
0.894833
0.597156
-0.869808
0.046602
0.719108
0.128574
0.965453
-0.496872
0.128941
-0.378155
0.005524
-0.295877
0.463485
-0.283609
0.199438
0.865169
-0.648305
0.705374
0.021332
0.204321
-0.714225
-0.134800
-0.592334
0.859493
-0.034883
0.926572
-0.516770
0.320963
-0.807855
0.699087
-0.161901
-0.959227
0.829279
-0.760613
-0.608509
0.867489
0.864498
-0.322977
0.458541
0.566149
0.267495
0.460128
0.452986
0.797174
-0.647267
-0.896298
-0.572741
-0.683279
-0.376263
-0.662343
0.537034
0.037690
0.711783
-0.970214
-0.854244
-0.145604
0.698477
0.996460
0.910337
0.445051
-0.099460
0.342753
-0.771905
-0.287332
0.386761
-0.027497
-0.898190
0.834956
-0.983764
0.358867
-0.118625
0.202429
0.554796
0.743156
0.438215
0.410932
0.892331
-0.623341
0.575243
-0.769951
-0.683157
0.542772
0.898923
-0.595996
0.426313
0.543199
-0.999145
0.837031
-0.963561
0.246498
-0.325236
0.928953
-0.328837
0.133274
-0.469588
-0.866634
0.535386
-0.925291
-0.119480
0.376873
-0.265908
0.329203
0.193701
-0.884213
-0.014801
-0.594348
0.542528
-0.892697
-0.305704
0.460982
-0.199194
-0.741203
-0.902158
0.250710
0.493698
0.222388
0.900510
0.373272
0.675405
0.717948
-0.000946
-0.982788
0.733329
-0.260598
0.771722
-0.997253
-0.522568
-0.294473
0.369610
0.521714
-0.971557
-0.269997
0.057161
-0.751396
-0.291482
0.601794
-0.099338
0.811457
-0.410627
-0.049593
-0.333293
-0.341655
0.103732
0.986633
0.431684
0.106418
-0.680898
-0.491379
-0.641041
-0.604175
0.343791
0.023347
-0.340190
0.030793
0.110569
-0.230079
0.985046
-0.701956
-0.603320
0.719047
0.500656
0.490158
0.392804
-0.246742
0.896664
-0.752800
0.910337
-0.260659
-0.723502
0.617847
-0.263833
-0.602161
-0.987609
-0.022126
-0.554125
0.416608
-0.860042
-0.233009
0.233924
0.807184
-0.078829
0.555040
0.138462
-0.590869
-0.712455
0.020234
-0.962035
-0.659719
0.345317
-0.815851
-0.502121
0.483932
-0.986633
0.441694
-0.936827
0.388226
-0.537889
-0.118442
-0.282327
-0.135594
0.758782
0.946226
-0.930479
0.675649
0.813105
-0.324625
-0.306864
-0.276406
0.888058
-0.781854
-0.604297
-0.877377
0.346477
-0.980773
-0.531419
0.978271
-0.754204
0.872311
-0.271828
-0.122532
-0.909482
-0.193518
0.455489
0.806391
0.717887
0.823908
-0.550707
-0.225074
0.816279
0.705802
0.731742
-0.652821
-0.276833
-0.448164
-0.389142
0.130284
0.060945
-0.832698
-0.521897
0.484420
0.441939
-0.485580
0.071444
-0.445235
-0.326945
-0.055757
0.239601
0.482345
0.631092
-0.224525
0.069674
-0.050203
0.353008
-0.220435
-0.953978
0.452071
0.098910
0.797723
0.385907
0.869991
-0.482406
-0.748772
0.334696
-0.731376
-0.580065
0.489486
-0.616688
-0.318583
0.633168
0.100131
0.100192
-0.197913
0.142308
-0.063448
0.896237
0.521104
0.170812
0.168920
-0.631703
0.524705
0.168249
-0.691580
-0.276406
-0.022370
-0.961730
-0.418195
-0.883847
-0.201025
0.655385
0.833064
0.509568
0.106967
-0.158177
-0.610828
-0.705496
-0.433699
0.314676
0.974425
-0.782159
-0.242836
-0.577929
-0.785821
-0.828852
-0.371319
0.841182
-0.349162
0.811823
0.553087
-0.771233
-0.819880
0.236427
-0.797540
0.057283
0.485336
-0.152318
0.721671
-0.385540
-0.681936
0.367107
-0.776360
-0.788873
-0.877987
-0.516160
-0.382550
0.925230
0.722159
-0.905576
-0.546495
-0.544786
-0.569811
-0.555284
-0.303751
0.031465
-0.659658
0.873226
-0.721976
0.734489
0.806879
-0.991089
0.439863
-0.529527
-0.792779
-0.363384
-0.426069
0.029633
0.579882
-0.162877
0.795587
0.462935
0.264687
0.770684
-0.907041
0.356670
-0.355510
0.606433
0.630360
0.956236
0.541307
0.596912
0.611866
0.404157
0.928404
-0.303018
0.185766
-0.669424
-0.692007
-0.073031
0.704093
-0.788568
0.378887
0.867122
0.981201
0.019623
-0.020905
0.437544
-0.542528
0.342204
0.143590
0.803522
0.517380
-0.180395
0.246986
-0.177648
0.961486
0.413495
-0.193091
0.752495
0.354656
-0.554491
0.514573
-0.892514
0.521043
0.633351
0.005646
0.782342
0.229896
0.637745
0.859737
-0.123447
0.420515
-0.391705
0.338115
-0.263222
0.808466
-0.009430
0.647511
-0.555834
0.480697
0.218665
-0.263527
0.466048
0.499741
0.706473
0.803278
-0.538682
-0.431318
-0.998779
-0.817682
-0.891964
-0.282632
-0.360515
-0.684256
0.479049
0.052767
-0.368267
0.050508
0.909055
-0.648549
0.775323
0.269997
0.795282
0.733940
0.351115
0.286538
0.240822
-0.960326
-0.787347
0.590075
0.167882
-0.191321
-0.575793
0.680349
0.029084
0.562609
-0.740959
0.534959
0.485275
-0.847102
0.313028
-0.280313
0.632130
-0.369488
0.538621
0.544542
0.891964
0.447615
0.680288
0.843440
0.716178
0.542222
-0.335856
-0.645985
0.985900
-0.513169
-0.492294
0.415693
-0.274026
0.990051
0.718619
0.181066
-0.961852
0.621693
0.594470
0.207068
-0.172704
0.830683
0.636830
0.495224
0.005402
-0.720878
0.263344
0.132298
-0.342509
-0.813654
-0.469588
-0.043489
-0.891598
-0.776116
-0.834162
0.185095
-0.244850
-0.465072
0.091037
0.691641
0.799921
-0.569506
0.977233
-0.008454
0.402387
-0.445418
-0.263283
-0.776238
-0.181127
0.867183
0.098605
-0.050020
0.604724
0.857295
-0.706290
0.663747
-0.273965
-0.971740
0.298929
-0.820673
0.612415
-0.027802
-0.273110
0.876827
0.567614
0.046602
-0.745231
-0.637318
-0.202063
-0.090854
0.264870
-0.376019
0.583544
0.073397
0.036531
-0.433454
-0.350688
-0.142796
0.218055
0.533616
0.855220
0.455123
0.909421
0.421308
-0.533921
0.199988
0.171850
0.144322
-0.912595
-0.243690
-0.418134
0.554369
0.990539
-0.586535
0.931944
0.562548
0.569079
0.916684
-0.768914
-0.418439
0.922117
-0.456771
0.592761
0.830073
-0.554247
0.351726
-0.811884
0.807062
-0.342570
0.688955
0.993042
-0.772454
0.010895
-0.371746
0.701895
-0.600452
-0.771538
-0.317789
0.118809
0.467818
0.911313
-0.388653
-0.738151
-0.014679
0.481796
0.263710
-0.718986
-0.242836
0.769402
-0.317301
0.912473
0.148534
-0.300638
0.306864
0.819575
-0.474654
0.549242
0.968932
-0.160802
0.892026
-0.840449
-0.532395
-0.618885
0.704276
0.632801
0.537461
-0.586840
0.650441
0.917295
-0.371136
-0.368694
-0.935240
0.858516
0.933226
-0.986328
0.508530
-0.243812
-0.610706
0.518723
0.764214
-0.450179
-0.937193
-0.031648
0.585437
0.499924
-0.300882
0.441389
-0.707999
0.184484
-0.691885
0.916440
0.693167
0.825983
0.041658
-0.035615
-0.929624
0.763237
-0.887753
-0.116794
-0.185705
-0.059053
-0.471664
-0.827631
0.512253
0.574084
-0.825251
-0.016572
-0.108066
-0.308206
-0.377850
0.984252
-0.849239
-0.986511
-0.445601
0.515915
-0.293191
0.229102
-0.643544
0.528428
-0.657399
0.831904
-0.180212
-0.063448
0.085238
-0.564074
-0.475570
-0.562609
0.140294
0.153783
0.238563
0.458296
0.740165
-0.289956
-0.405805
0.265297
-0.340739
-0.487838
-0.579760
0.874264
0.441877
-0.791986
0.264504
-0.101535
0.068392
-0.495468
-0.541002
0.787774
0.406964
0.922422
-0.098666
-0.059664
0.175939
-0.057955
0.790643
0.394879
-0.585986
-0.358623
0.880490
-0.246925
-0.683096
0.827204
-0.981628
-0.175512
-0.028901
-0.876888
-0.291726
-0.652211
-0.926511
0.774590
0.351238
0.637684
0.284219
-0.466964
-0.125828
0.628285
-0.752861
0.748833
0.885434
-0.822443
0.619129
-0.587451
0.412702
0.252663
-0.104404
0.641408
-0.901730
-0.753044
0.124424
-0.900510
0.816767
0.631031
-0.137303
-0.674795
0.763665
0.698782
0.543992
0.052828
-0.894711
0.942869
-0.965148
0.320780
0.073031
0.752678
0.807550
-0.158849
-0.531114
-0.239357
-0.753105
-0.929685
-0.072909
0.636097
0.806940
0.314615
-0.917661
0.570177
0.308512
-0.079928
0.798944
0.360881
0.921140
0.208838
-0.222388
-0.924558
0.141758
0.739677
-0.372417
-0.330241
-0.438765
-0.112156
-0.973449
0.418134
-0.859859
-0.176061
-0.326151
-0.838496
0.257424
-0.748894
0.452986
0.265725
0.037812
0.455550
0.501267
-0.184606
0.280251
-0.762993
-0.559313
-0.966124
-0.546068
-0.114353
0.637867
0.049593
0.387249
-0.462203
0.020478
0.851497
0.023347
0.604541
0.446333
-0.005158
0.954649
-0.107517
-0.476241
0.448653
0.843623
-0.102939
-0.416120
0.726310
0.536607
-0.661061
-0.352641
0.515549
0.860103
0.526719
0.402020
0.967833
0.814447
-0.676443
-0.408673
-0.727775
0.782037
0.952269
0.350688
-0.345256
0.166784
0.948485
-0.672964
-0.540269
0.140110
-0.372295
0.450911
-0.272927
-0.551439
-0.491562
0.804254
0.431196
0.598560
0.372784
0.236549
-0.706717
-0.148106
-0.668996
0.627857
-0.924741
0.743400
0.514939
0.575915
-0.675283
0.101962
-0.839656
0.141148
0.789727
0.983215
0.085177
-0.793390
0.899472
0.493515
-0.404828
0.967284
-0.059969
0.025849
-0.719901
-0.239601
-0.105319
0.729789
0.508225
0.562548
0.427290
-0.070223
0.898434
0.801202
-0.789850
0.835505
0.122410
-0.945677
-0.385784
-0.913572
-0.314676
0.982299
-0.954955
0.022858
0.471358
0.171728
-0.497971
0.556200
0.188086
0.096103
0.942869
-0.912595
0.405133
-0.010102
0.741264
-0.934080
-0.100803
0.761895
-0.194555
-0.360271
-0.442061
0.004547
-0.112217
0.359783
-0.389264
0.444929
0.671255
-0.292154
0.400861
0.375958
-0.583422
-0.576769
0.080477
0.496261
0.493088
0.453963
0.219703
0.666372
-0.425214
0.072970
-0.881954
-0.995666
-0.469466
0.889523
-0.875729
-0.119724
0.007294
0.624317
-0.331278
-0.911557
0.191137
0.998047
-0.753105
0.001740
0.764641
-0.532029
0.788446
0.292337
0.606067
0.984191
0.285318
-0.755669
0.127354
0.984619
-0.460860
-0.905637
0.782769
0.195349
-0.533250
-0.352824
-0.402875
0.061983
-0.451033
0.235084
0.867855
-0.172582
-0.418012
0.634083
0.189062
-0.245949
-0.784661
-0.104648
-0.960021
0.443098
-0.401227
0.132481
0.227577
0.558763
0.111667
-0.479659
-0.058626
0.299234
-0.134373
0.891964
0.153966
-0.956297
0.509812
-0.062654
-0.541917
-0.681814
0.637745
0.306070
-0.266823
0.200964
0.658681
0.186804
0.958495
-0.185217
-0.391400
0.719047
-0.783990
0.769524
-0.230934
0.938658
0.569689
-0.538804
-0.555040
0.939695
-0.443525
-0.644276
0.713187
0.229347
-0.833857
0.243629
0.724906
0.539476
0.914731
0.163732
0.058504
0.496506
-0.391949
0.227149
-0.056734
0.722526
0.463485
0.047578
-0.098849
0.249245
-0.464766
-0.803522
0.402631
0.821650
-0.441694
-0.741142
-0.594104
0.566698
0.619922
-0.821833
0.623096
-0.687246
0.457869
-0.964293
0.907163
0.078341
0.619312
0.103183
-0.796503
-0.652150
-0.810785
-0.693655
-0.643788
-0.712821
-0.084384
-0.315714
-0.442305
-0.831965
0.886959
0.216590
-0.294839
-0.900143
-0.175878
0.320597
0.087069
-0.529160
0.301370
0.009613
-0.863643
0.109165
-0.862423
-0.596606
0.230201
0.441145
0.919004
0.841609
-0.427595
0.589709
-0.059542
0.074496
-0.821406
-0.504318
0.261391
-0.366985
-0.551439
-0.694266
-0.070772
0.675100
-0.876888
-0.772271
0.650563
0.447066
0.378216
-0.229286
-0.494858
-0.799860
0.743950
-0.845210
-0.694205
-0.681997
0.003632
-0.111484
-0.834956
-0.996094
-0.007965
-0.337138
-0.935240
-0.697623
0.588305
0.393292
0.199805
-0.294107
0.516770
0.652882
0.698416
0.065218
0.475448
-0.746757
-0.064425
-0.878414
0.764580
-0.492965
-0.414289
0.537034
-0.429975
-0.822077
0.218299
0.398663
0.403180
-0.701834
-0.319742
-0.532579
-0.832636
0.943541
0.493271
0.924192
0.532090
-0.729118
-0.817377
-0.629322
-0.010773
0.426862
-0.734184
0.857051
-0.784234
0.109043
-0.683645
0.146275
0.051363
-0.763054
0.354289
0.007843
-0.919614
-0.012421
0.824519
-0.943846
0.728874
0.259072
-0.683035
0.310282
-0.681021
-0.497665
0.422163
0.085665
-0.968993
0.279824
-0.286843
0.471969
-0.955687
0.419599
0.312601
0.908017
-0.798395
-0.699820
0.349284
0.207495
0.272744
-0.470199
0.496139
-0.474227
-0.660512
-0.317606
0.760613
-0.839900
-0.732658
-0.597339
0.317850
0.951964
0.592090
0.518723
-0.583666
-0.057161
-0.896908
-0.640614
0.008026
0.913511
-0.235023
0.096957
0.027070
-0.345012
-0.680410
0.963622
0.580065
-0.649159
0.131993
0.452132
-0.528794
-0.839351
-0.297647
0.974731
-0.965941
0.620594
0.984924
0.929502
0.196570
0.222083
0.835383
-0.618702
-0.729789
-0.660573
-0.904477
-0.977660
-0.353191
-0.221656
0.842769
-0.313150
0.223365
-0.977905
0.050691
0.980529
0.225257
-0.421674
-0.270669
-0.254189
-0.656911
0.782769
0.551195
0.115574
0.915098
-0.585009
-0.363811
0.111118
0.581591
-0.971679
0.972289
0.459639
