-0.313334
0.496078
0.642262
-0.150609
-0.109592
-0.812983
0.019440
0.294961
0.964537
-0.811701
0.718497
0.588488
-0.725639
0.284646
0.449385
0.043855
-0.469710
-0.171056
-0.370647
-0.971068
0.087069
0.828913
0.850764
0.975524
0.964904
-0.482162
0.804376
0.895016
0.122837
-0.052644
-0.997620
0.433699
-0.346538
0.152989
0.282815
-0.890500
0.214393
0.327799
-0.492843
-0.517685
0.297464
0.126194
0.935240
-0.620655
0.756890
0.277444
-0.414716
-0.426984
-0.851619
0.215918
-0.623585
-0.484848
0.167516
0.556871
-0.120945
0.964171
-0.348796
0.894467
0.473434
0.474349
-0.693533
-0.634632
-0.542711
0.655385
-0.253212
-0.469832
-0.552782
0.273843
0.990783
-0.127659
-0.056856
-0.916623
-0.930113
-0.663442
0.555895
-0.268410
-0.964110
-0.344035
0.979553
-0.782281
0.318339
0.932798
0.312601
0.340922
0.637440
0.622303
0.746879
-0.012848
0.429731
-0.633778
0.080721
0.528977
-0.371136
-0.367351
0.449690
0.949278
0.015900
0.164342
0.991760
-0.267800
0.771905
-0.880306
-0.227760
0.455245
0.570605
0.856380
-0.885556
0.238380
-0.441511
-0.342448
0.080294
0.015961
0.929807
0.377911
-0.260964
0.350627
0.237892
0.095370
-0.813288
0.088107
-0.437910
0.136143
0.053072
0.357768
-0.439741
-0.422651
0.363689
-0.540086
0.207251
-0.209632
-0.805231
0.589831
-0.378277
0.727653
-0.691580
-0.350322
-0.222633
0.358379
-0.897885
0.584521
-0.408795
0.700552
-0.962828
-0.334574
0.333537
0.455855
0.472579
-0.841182
-0.770623
-0.653371
-0.526597
-0.203345
-0.589892
0.118809
-0.044099
1.000000
-0.496811
-0.488937
0.263283
-0.697928
-0.115879
0.703421
-0.620655
-0.029328
0.297403
-0.225562
0.740776
-0.572924
-0.014740
-0.856380
0.972411
0.183569
0.395795
0.910764
0.399579
-0.754753
-0.050020
0.772332
-0.239296
0.528733
0.775018
-0.580493
-0.478988
0.688955
-0.367718
0.582018
0.184851
-0.111911
0.013642
-0.486496
-0.020356
0.736137
0.715018
-0.493393
-0.259682
-0.078280
0.964782
-0.626453
0.106357
-0.971068
0.568224
-0.499130
-0.257729
0.674368
-0.877010
0.612293
0.951109
0.452132
-0.553392
-0.849727
-0.705618
-0.346660
0.924314
-0.695364
-0.937193
0.956725
-0.307718
0.466597
0.901425
-0.587817
0.142796
-0.818842
0.848506
0.071993
-0.615345
0.706351
-0.013459
0.863460
0.753410
-0.917722
0.917600
-0.272683
-0.484603
-0.766045
0.279397
-0.096469
-0.171239
0.921628
-0.990417
-0.282632
0.461898
0.558214
0.259560
-0.203833
0.598621
-0.456709
-0.555651
0.210791
-0.413800
0.286966
0.787408
0.061556
0.291299
-0.469832
-0.327555
0.501999
0.950560
0.118686
0.237037
-0.663747
0.561022
-0.002777
0.619922
0.422040
0.515427
-0.000031
-0.860714
0.597766
-0.861995
-0.242103
-0.332316
0.212622
-0.629933
-0.292459
-0.666494
0.233863
0.373455
-0.706656
-0.252297
0.206885
0.484664
-0.483261
0.335185
-0.889828
-0.674612
0.614734
-0.038301
-0.689261
0.498581
-0.980651
0.217627
0.936216
-0.381207
0.049776
-0.408490
0.666311
0.933714
0.219092
-0.065035
0.574267
-0.581225
-0.477950
-0.096408
-0.870968
-0.194739
-0.972228
0.913144
0.905393
-0.707999
-0.747734
-0.001251
0.057039
-0.848079
-0.800409
0.792230
-0.140416
0.159093
0.780694
-0.770562
-0.865719
0.660939
-0.499496
0.252541
-0.307413
-0.935789
-0.862423
-0.691275
0.524033
0.291787
0.911924
0.851314
0.676199
0.656056
-0.264931
0.310709
0.592334
-0.980651
0.573351
-0.560717
-0.826228
0.475753
-0.697073
0.859493
0.131993
-0.854488
0.127842
0.993164
0.769158
0.889523
-0.610950
-0.150243
-0.385052
0.645497
0.631764
0.463363
0.177953
-0.004364
-0.549364
0.557115
0.472762
0.218726
-0.353923
0.832392
-0.209387
-0.276467
-0.707999
0.603687
0.576159
0.324870
-0.933714
-0.376751
-0.628285
-0.979858
-0.999878
0.709952
0.186438
-0.083895
0.119053
-0.728019
-0.341288
0.803278
0.686331
0.838679
0.742729
-0.073763
0.792657
-0.074129
0.829463
0.103244
-0.947569
-0.508713
0.317484
0.129551
-0.984069
0.339640
0.558275
0.795343
0.213477
-0.411969
0.814142
0.704825
0.487472
-0.936155
-0.742973
-0.807855
0.699087
0.798395
-0.706290
0.234596
-0.760613
-0.333964
0.201514
-0.440596
0.857234
0.511093
0.472030
0.737419
-0.359905
0.491134
0.392804
-0.250649
0.090793
-0.853938
-0.703909
-0.143284
0.306436
-0.077059
-0.777886
-0.691641
0.770196
0.957213
-0.091586
0.259743
-0.876766
0.910337
0.084567
0.674184
-0.875423
0.357952
-0.828181
-0.235267
-0.348369
-0.925779
0.390667
0.077242
0.500107
0.109775
0.414838
0.792657
0.231910
-0.695059
0.982482
0.681265
0.986999
-0.636708
0.744865
-0.969176
0.167333
-0.192236
0.862789
-0.810053
0.219886
-0.504685
0.596973
0.699637
-0.096225
-0.150914
-0.184729
0.489303
-0.374187
-0.469588
-0.866634
-0.734916
0.665212
0.716056
0.356792
-0.650807
-0.480880
0.741020
-0.809381
0.810175
0.353313
-0.143895
0.336833
0.315714
-0.515488
-0.942930
0.557115
0.317911
-0.988769
-0.452010
0.488205
-0.066927
0.465804
-0.722098
0.844905
0.978027
0.897580
-0.697867
0.085482
0.426923
-0.178747
0.567980
0.376019
-0.260781
-0.917905
-0.233497
-0.269997
0.839900
-0.597400
-0.207923
-0.458663
0.817316
0.897336
-0.081149
0.735649
0.250710
0.644154
0.419233
0.045137
0.119358
0.139256
0.008332
-0.432661
-0.641041
-0.694143
-0.639393
-0.812922
-0.909665
0.965514
0.264626
0.909238
-0.680898
0.351054
0.359966
-0.175207
0.357646
0.495102
0.431196
0.225135
-0.110996
-0.009552
-0.275246
0.240577
0.075716
-0.438887
-0.649770
0.177831
-0.466292
0.397992
0.077364
0.729789
-0.473678
0.173376
-0.678091
0.545274
0.412030
0.003571
-0.972411
0.750053
0.120151
-0.224830
0.642140
0.688711
0.952818
0.944151
0.722831
-0.816401
0.656301
0.477157
-0.503403
0.307352
-0.423505
-0.922178
-0.440657
-0.609363
-0.762017
-0.514756
-0.939451
-0.198706
-0.183325
-0.968139
0.984985
-0.032991
-0.641591
0.826228
0.795404
-0.909543
0.452559
-0.639393
0.494613
0.620777
0.774163
-0.978454
-0.957762
-0.806513
-0.235389
0.947752
0.455489
-0.016694
0.901730
0.289163
0.967528
0.573168
-0.690298
0.254555
-0.748222
-0.761162
0.994263
-0.738639
-0.456221
-0.732353
0.710135
-0.513962
0.553941
0.812067
-0.310038
-0.994018
-0.882565
-0.772576
-0.326945
0.343974
0.018036
0.848262
0.436323
-0.898862
0.674245
-0.700003
0.353008
0.864010
0.924436
0.680166
0.541490
0.856075
0.940794
-0.330119
-0.577441
0.379559
0.092563
0.212928
0.224708
0.625477
-0.493210
0.087374
0.538560
-0.182714
0.100192
0.988830
0.502487
0.527879
-0.666372
-0.292703
0.926695
0.915891
0.579882
-0.970275
0.168249
-0.386700
0.042085
-0.889706
0.372600
0.236549
0.808161
0.082614
0.049715
-0.138951
0.847591
-0.184912
-0.932432
-0.239479
0.711417
-0.243568
-0.359539
-0.491928
0.814631
-0.242836
0.701163
-0.041963
-0.565111
-0.485031
-0.256935
0.496811
-0.564501
0.835505
0.947447
0.187353
-0.650685
0.909299
0.809320
0.793878
-0.148595
0.004669
-0.835994
0.397443
-0.444990
-0.222571
-0.928343
-0.639454
0.517258
0.689322
0.373394
-0.234474
0.500595
0.300455
-0.775323
-0.569811
-0.345073
-0.647023
0.774163
-0.659658
0.445296
0.385968
-0.105075
-0.947447
0.835017
0.577013
-0.163915
-0.492111
-0.835200
-0.270119
0.029633
0.421674
-0.589709
-0.019990
0.359783
-0.770135
0.272195
0.601856
0.521958
-0.355510
-0.159337
0.912412
0.956236
0.912168
-0.455611
0.929807
0.108921
0.646779
-0.858089
-0.189001
-0.096713
-0.451460
0.667165
0.065889
0.747551
0.222022
0.131809
0.683218
0.800287
0.081210
-0.456709
0.722892
0.278115
0.143590
-0.839961
0.638112
0.216529
0.661184
0.649709
-0.150914
-0.924009
-0.721854
0.943602
-0.901242
-0.872433
0.514573
0.906858
0.878109
0.338420
0.356670
-0.790704
0.227210
-0.348613
0.008332
0.149510
0.196142
-0.391705
-0.867733
-0.361736
0.419111
-0.440229
-0.195837
-0.385907
0.552721
-0.534227
-0.850581
0.777947
0.745598
0.184668
-0.592639
0.841121
-0.325541
0.500656
-0.009186
-0.876278
-0.561876
-0.131138
-0.984619
0.594226
-0.037019
0.618274
-0.894894
0.905881
0.556627
0.851375
-0.185339
0.877682
-0.864376
0.745903
-0.516709
-0.292642
0.345195
0.766472
-0.475265
-0.583911
-0.446760
-0.777154
-0.760430
0.029389
-0.110141
-0.924192
0.264504
-0.642506
-0.256874
-0.283364
0.337626
0.168188
0.250282
0.474227
-0.556139
0.442366
0.407575
0.161229
0.704459
0.279519
-0.099887
-0.242836
-0.539476
0.371624
0.642201
0.282449
0.369427
-0.177404
-0.276406
0.919675
-0.266762
0.651234
-0.657094
0.190466
0.073336
-0.797174
-0.290811
0.776482
-0.297342
0.846736
-0.714591
-0.942869
0.068209
-0.177587
0.406354
-0.856868
0.155919
-0.684500
-0.025666
0.001740
0.841243
-0.004059
0.643971
-0.099826
0.097140
-0.429182
-0.598560
-0.129673
-0.372600
-0.643971
-0.191565
0.555651
-0.313456
0.630238
-0.692251
0.350322
0.506394
0.273537
0.640431
-0.417707
0.368938
0.987243
-0.580676
0.298929
0.567553
-0.450850
-0.481796
-0.611866
0.095492
0.271035
0.808710
-0.630421
-0.637379
0.822199
-0.430036
-0.558336
0.393597
-0.374676
-0.253517
0.016755
-0.609119
0.551927
0.892758
-0.465804
0.643361
0.950621
0.903317
-0.569445
-0.626576
0.759819
-0.633717
0.577013
-0.249306
0.944517
-0.656728
0.059969
-0.775445
0.179540
0.008881
0.739250
0.055879
-0.135899
0.391278
-0.534532
-0.368328
0.290262
0.233253
0.846919
-0.601123
-0.331156
-0.988159
0.106235
-0.816340
0.273782
-0.747185
0.558397
0.705252
0.010895
-0.660085
-0.056551
0.645558
-0.734001
-0.465743
0.289834
0.549730
-0.853145
-0.502853
0.788202
-0.867977
0.159520
0.263710
-0.718986
-0.218848
0.590564
0.616565
-0.635487
-0.184484
0.825007
0.458541
-0.304056
0.977111
0.549242
-0.623585
-0.160802
-0.987060
-0.263222
-0.340556
0.079806
-0.445723
0.396405
-0.874752
0.198828
0.650441
0.456648
-0.434797
0.411237
0.194494
0.447798
-0.351543
-0.997864
0.701712
0.406049
-0.972900
0.226905
0.087558
-0.353496
-0.367290
-0.031648
0.147801
0.363506
0.378826
-0.565722
0.681814
0.312296
0.349223
0.708914
-0.841548
0.951659
0.041658
0.535752
-0.178076
0.153050
0.821345
-0.357952
-0.774407
0.930784
-0.961364
-0.374248
-0.447005
0.581835
0.389019
-0.016572
0.810724
-0.691824
-0.377850
0.984252
-0.477340
-0.532701
-0.918516
-0.647023
-0.407025
0.281961
-0.684133
0.310770
-0.911496
0.308573
0.119236
0.699149
0.619434
-0.149327
-0.527573
0.526048
0.471664
0.450301
0.879208
0.909665
-0.053011
0.734428
0.845820
0.777520
-0.139805
0.369915
-0.579760
-0.046541
-0.816950
-0.449019
-0.829157
0.245338
0.084811
-0.665090
0.250038
-0.953124
0.258278
0.705618
-0.377667
0.828303
-0.612110
-0.795160
0.869625
0.330912
-0.400067
-0.094516
-0.077303
-0.392987
0.145421
-0.510483
-0.981628
-0.532579
-0.634816
-0.876888
0.590136
-0.685537
0.871151
0.713675
-0.957884
0.389325
0.449202
-0.300821
0.723380
0.616993
-0.998840
0.069308
-0.295572
-0.822443
-0.028779
-0.582324
0.074740
0.057161
0.606006
0.997681
-0.522080
-0.753044
0.309977
-0.413862
0.816767
-0.054659
-0.413739
0.339274
0.231422
0.667470
-0.608875
-0.436079
-0.336772
0.828974
-0.374737
-0.725211
-0.297952
0.355937
-0.987671
0.074129
-0.531114
0.181127
0.450423
0.376507
-0.325175
0.773309
0.124302
0.855159
-0.680960
0.570177
-0.023530
-0.109165
-0.824946
-0.038118
0.640187
0.400555
-0.518479
0.822748
0.141758
0.041169
-0.113559
0.763237
-0.303934
-0.516770
-0.431990
0.762017
-0.978454
-0.697562
-0.274697
-0.811884
0.257424
-0.748894
0.713065
0.116184
0.534471
-0.063265
0.501267
0.507248
-0.896725
0.473983
-0.907407
-0.874142
0.915403
-0.473739
-0.965758
-0.152684
0.387249
0.791314
0.214698
-0.775140
0.072176
0.092318
0.227454
0.590930
-0.270302
-0.340739
0.213660
0.435896
-0.982543
-0.239723
-0.890683
-0.939756
-0.738456
0.575488
-0.352641
-0.810175
-0.427839
-0.252052
0.595325
0.967833
-0.464400
0.212134
-0.072115
-0.393170
0.021882
-0.698050
-0.339396
0.811640
0.188513
-0.079440
0.629322
-0.099765
0.661550
0.193823
0.402875
-0.817255
0.178198
-0.263405
0.804254
0.593432
0.377300
0.032746
0.286355
-0.905515
0.501633
0.782647
-0.113987
0.466292
0.339763
-0.400372
-0.426435
0.787469
-0.949522
-0.854183
0.620106
0.971923
-0.470016
0.984436
-0.719901
0.341716
0.493515
0.328898
0.076876
-0.255043
-0.230995
0.545763
0.966369
0.129673
-0.159154
0.888180
0.959960
0.551500
0.108921
0.941404
-0.427778
0.894711
-0.061495
-0.546434
0.723319
-0.385784
0.085788
0.823298
0.319254
0.479720
-0.645070
0.471358
0.519028
-0.745354
-0.464034
0.615223
-0.796381
0.942869
-0.401959
-0.528428
-0.264565
-0.558458
-0.934080
-0.543260
0.922910
-0.224097
0.932066
0.563768
-0.013215
-0.725089
0.359783
-0.835749
-0.832575
-0.967101
-0.292154
-0.763115
0.824335
-0.583422
-0.576769
0.913205
-0.837947
-0.244911
0.849727
-0.219459
-0.114475
-0.744499
0.454451
0.322123
-0.995666
-0.163610
-0.995605
0.906186
0.361736
-0.669546
0.199744
-0.815424
-0.293313
-0.699026
-0.216346
-0.764275
0.001740
-0.731620
0.567614
-0.074862
0.513779
0.623341
-0.907773
0.355083
0.968688
-0.250710
0.395062
0.946043
0.966918
0.297952
-0.311197
-0.476730
-0.859066
0.375225
0.164525
-0.908200
0.369304
0.867855
0.597217
0.307840
0.672353
-0.905942
0.424055
-0.771233
0.555101
0.447981
-0.082186
0.596850
0.904599
-0.657460
-0.998474
0.699026
-0.346171
-0.054964
-0.048250
0.712394
-0.071383
-0.421735
0.742546
0.509812
-0.569079
0.171667
-0.455794
-0.251503
0.432173
0.128147
-0.824213
0.398846
-0.342692
-0.207923
-0.284219
-0.426679
0.028657
-0.783990
0.459883
-0.014740
-0.052095
0.569689
0.430830
-0.778253
-0.144566
-0.443525
0.353679
0.030610
-0.338542
-0.707266
0.171484
-0.293558
0.750969
-0.309854
-0.948363
-0.213660
0.881466
-0.887265
0.751762
-0.179418
0.177465
-0.616443
0.858272
0.588061
-0.937254
-0.696097
0.429365
0.507859
-0.337687
-0.301187
0.111728
0.278054
0.373577
-0.876278
-0.682730
-0.218360
-0.359111
0.955321
-0.017975
-0.251198
-0.820734
-0.856563
0.233070
0.479720
-0.482223
-0.810785
-0.038484
0.998718
-0.817011
0.036164
-0.532823
0.592761
-0.803522
-0.566149
0.716483
-0.004975
0.084078
-0.044710
0.941588
-0.779046
-0.529160
-0.605518
0.783441
-0.984985
-0.523484
0.248085
-0.596606
0.628346
-0.876949
-0.611744
-0.182165
0.366680
0.895993
0.189611
0.827082
-0.895444
0.110691
-0.368755
0.465804
0.286355
-0.713858
-0.936827
-0.792718
-0.453413
0.636586
-0.662709
-0.840632
-0.445479
-0.416669
-0.728751
-0.531602
-0.955443
-0.769890
0.517930
0.323099
0.328837
-0.843318
-0.834956
-0.577685
-0.007965
0.510849
0.429121
0.046236
0.670644
0.569506
0.913633
-0.294107
0.670217
0.252297
-0.771966
-0.961241
-0.837764
-0.137608
-0.061739
-0.936522
0.214576
-0.092013
0.323405
-0.109775
-0.045442
0.182714
-0.964721
-0.659841
-0.007965
0.543626
-0.919492
0.269631
-0.407697
-0.519089
0.871029
-0.800775
0.972716
-0.237953
-0.898679
0.366314
0.286905
0.282144
0.809565
0.850764
-0.067598
0.716056
-0.683645
0.915891
-0.370342
-0.994079
-0.502487
-0.386456
0.382305
-0.012421
0.008393
0.868954
-0.626637
-0.608570
0.774773
0.310282
-0.046663
-0.180517
-0.883419
-0.868831
0.065035
0.962584
0.468795
0.989929
-0.955687
0.419599
0.468978
0.738456
-0.934263
0.575793
-0.077853
0.207495
0.366314
-0.470199
0.894162
-0.372051
0.390728
0.320902
-0.996338
-0.893124
-0.482955
-0.661794
0.360454
-0.846187
-0.556749
0.765618
-0.366619
0.435224
-0.377422
-0.928770
-0.565111
0.896237
-0.278115
-0.769707
-0.401776
0.476363
-0.680410
-0.022492
-0.516526
0.870785
0.190771
0.198462
-0.342509
0.192907
-0.429975
0.106296
-0.187048
0.620594
0.984924
-0.092074
0.196570
-0.140965
-0.640553
0.434614
0.009430
-0.248390
0.883602
-0.241798
-0.632618
-0.221656
0.842769
0.368816
0.223365
0.759941
0.175512
0.755486
-0.979186
0.478500
0.702078
0.507370
-0.903928
0.384503
0.896603
-0.687796
0.986877
0.176611
-0.838557
-0.476974
-0.049043
-0.021882
-0.757500
-0.139866
