-0.554247
-0.885311
0.067232
-0.056368
0.402814
-0.032685
0.838313
-0.093173
0.515305
-0.724296
-0.304239
-0.793695
-0.495529
0.633717
0.331889
0.239845
0.669057
-0.309854
-0.095004
0.132786
0.610096
0.753716
-0.581652
-0.601306
-0.185705
0.699698
-0.265786
-0.564745
-0.563280
-0.008759
0.716239
-0.791559
0.858577
-0.876827
-0.899350
-0.913144
0.531846
0.208106
0.073946
-0.321329
0.190954
0.229347
-0.314859
-0.246498
-0.645741
-0.684133
-0.827754
0.202429
-0.763665
-0.011383
-0.181494
-0.937620
0.301614
-0.746941
0.063692
0.027436
-0.480392
0.826106
-0.666189
0.073946
0.915525
0.966735
-0.411054
-0.542222
-0.649281
0.194861
0.452620
-0.218665
-0.388531
-0.981384
0.308634
-0.739921
-0.378521
0.985351
0.915159
0.176366
0.231788
-0.248024
0.943113
-0.619495
-0.899289
0.738090
-0.334452
0.159398
-0.075838
-0.594836
-0.409101
0.780816
-0.756157
-0.458968
-0.656789
-0.916135
0.633900
0.198462
-0.786676
-0.633839
0.863399
0.366619
0.968566
-0.092990
-0.962767
-0.210791
-0.393414
-0.966674
-0.327616
-0.922361
-0.095248
-0.037446
-0.404035
-0.840022
-0.408734
-0.747612
0.000031
0.640736
-0.705191
0.416120
-0.251015
0.598071
0.005768
-0.283059
-0.602832
-0.900815
0.384198
0.391400
-0.370647
-0.055147
0.583544
-0.294351
-0.034516
0.790643
0.990356
0.107578
0.951476
-0.255104
-0.908139
0.974975
-0.975402
0.020295
0.149632
0.189795
0.110508
-0.134007
0.475631
0.843318
-0.561205
-0.552171
-0.796808
-0.217139
0.178991
0.516099
-0.507614
-0.489059
0.045686
-0.714774
0.002899
0.785638
0.949095
-0.080050
-0.557237
0.620289
0.891964
-0.297647
-0.987793
-0.188879
-0.440779
-0.428510
0.278420
0.141331
-0.504868
0.027192
-0.980651
0.500595
0.795099
-0.692984
0.056734
0.479293
-0.225806
0.408490
0.254494
0.580187
-0.948302
-0.707389
-0.070650
0.420148
0.706412
-0.295022
0.431806
-0.828364
0.524033
0.221046
0.169591
0.420698
-0.555406
0.780023
-0.919126
0.808100
-0.097995
-0.766655
0.814997
0.020966
-0.423017
0.874386
0.300699
0.621693
0.666860
0.278115
0.845393
0.356487
-0.760857
-0.695975
-0.225990
0.830012
-0.832270
0.685781
-0.287454
0.922727
-0.774834
-0.048128
-0.520920
-0.183447
0.816218
0.354106
-0.824030
-0.681936
-0.064974
0.882443
0.510605
-0.357158
-0.984863
-0.126621
-0.656728
-0.776482
0.463729
-0.820795
-0.337199
0.570299
0.894406
0.985046
-0.415143
0.811090
-0.642506
0.595264
-0.765191
-0.645863
0.534288
-0.100558
0.350261
0.021638
0.573717
-0.005646
0.972533
0.740043
-0.239784
-0.818598
0.810846
0.465621
-0.879757
0.512803
0.336772
0.850093
0.566759
0.723502
0.758538
-0.515122
0.014740
-0.773980
0.871517
-0.098972
0.477035
-0.608997
0.279763
0.380596
-0.831599
-0.541673
0.543260
-0.310526
-0.134861
0.671621
-0.848323
0.497482
0.340007
-0.198889
0.245766
-0.678152
0.955260
-0.423139
0.024812
0.912900
-0.919919
0.132969
0.407270
0.724662
-0.574694
-0.251137
0.740349
-0.662526
0.038911
-0.813349
0.818110
0.836726
-0.506394
0.964904
-0.136265
0.413862
0.174963
0.480941
-0.613147
0.381756
-0.850948
-0.524827
0.372112
-0.713187
0.663320
-0.817560
-0.756340
0.611194
0.755669
-0.601978
-0.597888
-0.507736
0.190710
0.912900
0.613819
0.699454
0.681936
0.037446
0.551805
0.035066
0.122349
-0.941527
-0.915342
0.422102
0.504990
-0.454085
-0.956542
-0.491012
0.618580
0.897275
-0.631031
0.077364
-0.109836
0.166784
-0.237098
0.325785
-0.603748
0.391339
-0.458968
0.575793
0.382183
-0.951598
0.130039
0.803217
-0.849361
-0.331706
-0.187841
0.334758
0.129917
0.171056
0.911924
-0.058321
-0.989135
0.598376
-0.224769
0.076632
0.560717
0.449751
-0.932127
0.134251
0.130711
-0.727103
-0.315958
0.878658
-0.551317
-0.573473
-0.668020
0.534410
-0.319010
0.310587
-0.591418
0.635853
0.833552
-0.292337
-0.631397
-0.341105
0.294412
0.124790
0.235817
-0.995727
-0.923826
0.763359
-0.723746
-0.561022
-0.687002
-0.001312
-0.668264
-0.322550
0.650746
-0.753899
-0.750481
-0.445418
-0.245766
-0.180944
0.682730
-0.658559
-0.907285
-0.960875
-0.471908
0.536790
-0.635060
0.702017
0.094028
0.899045
0.840693
-0.217872
-0.430219
-0.718925
-0.715995
-0.254189
-0.602100
0.300699
0.658010
-0.535569
0.841426
-0.101291
0.404340
0.616565
-0.805902
0.427107
0.829035
-0.097324
0.480941
-0.447005
0.535081
-0.238563
-0.142186
-0.790094
-0.999695
0.218787
0.762139
0.872188
0.211646
-0.727958
-0.411908
0.182775
-0.083956
-0.794244
-0.082919
-0.140110
-0.978271
0.610340
0.620716
0.460005
-0.853877
0.540880
-0.149998
-0.841548
0.857234
0.855098
-0.809626
0.288553
-0.026521
0.948424
0.304971
0.645192
0.438948
0.515610
-0.262062
-0.696341
0.043611
-0.904965
0.928831
-0.771538
0.860714
0.605274
0.546495
0.991882
0.865902
-0.503220
-0.694143
-0.319437
-0.372417
-0.622547
-0.353374
0.259926
0.909909
0.250282
-0.553758
0.277993
-0.591662
-0.608264
-0.753716
0.618091
-0.437178
0.702567
-0.881222
0.405072
0.361309
0.920896
-0.049837
0.817499
-0.788629
0.132237
0.764458
0.880612
0.634144
0.115146
0.696951
-0.021638
0.550829
-0.348857
-0.531724
0.926328
0.220008
0.025971
-0.552293
0.092380
-0.463973
0.588061
-0.132786
0.516343
0.722526
0.098239
0.510361
-0.371807
0.943297
0.665700
-0.006134
-0.823237
-0.115513
0.183691
-0.137486
0.693045
0.482467
-0.596179
0.731498
-0.550584
-0.541063
-0.288675
-0.928709
-0.977599
0.095798
0.507065
0.042329
0.280801
-0.665151
0.274880
0.370586
0.191687
-0.785760
0.427290
0.906247
-0.736869
0.122288
-0.916684
-0.287698
-0.902036
0.456465
0.861263
0.927549
0.441023
0.725578
0.042024
-0.113865
-0.348430
-0.761834
0.668996
0.107761
-0.581957
-0.357036
-0.001495
0.401044
0.244057
0.830988
0.835200
0.192358
0.112033
0.315470
0.962584
-0.511155
0.911435
-0.564745
0.187475
0.461043
-0.548143
-0.313761
-0.561144
-0.325968
-0.141453
0.473067
-0.212867
-0.797906
-0.591601
-0.132298
0.803949
-0.547227
-0.387249
-0.753899
-0.357219
0.964904
0.936827
-0.030732
0.038972
-0.093783
-0.065035
-0.748650
-0.028474
0.037507
0.901303
-0.104099
0.327921
-0.270852
0.411176
-0.939879
-0.214393
-0.799249
0.269265
-0.580126
0.539293
0.551805
0.016205
0.369976
0.619861
-0.077548
0.744377
0.635426
0.167516
0.216163
0.369366
-0.117527
-0.324137
-0.106113
-0.292398
-0.190649
0.797357
0.639821
0.233863
0.722709
-0.326518
-0.427961
-0.841487
-0.504013
-0.938902
-0.463607
-0.194617
0.540452
0.275185
0.314798
-0.005341
-0.958556
0.308084
-0.176855
-0.007416
0.564562
0.803156
0.075594
0.840754
-0.590014
-0.514451
-0.989990
-0.284158
-0.004791
0.290139
0.745720
-0.377544
-0.491623
0.458296
-0.752739
0.740776
-0.669668
0.133641
-0.323649
0.566881
0.014252
-0.170263
0.893918
-0.945372
-0.690298
0.809442
-0.894284
0.659658
0.239784
0.558763
0.893185
-0.059175
-0.621387
-0.344218
-0.760002
-0.551317
-0.335124
-0.840083
-0.931883
0.530015
0.370464
0.653005
0.701895
0.325541
0.960082
0.205481
-0.811579
-0.574511
-0.616749
-0.900876
-0.507065
-0.603565
0.151769
0.427595
-0.026887
-0.040193
0.191259
-0.406354
-0.867672
-0.534165
0.530503
-0.613269
-0.621387
0.894406
0.916807
-0.423078
0.539476
0.451033
-0.645924
-0.925962
-0.456832
-0.561510
0.154759
-0.731925
0.321512
0.039094
0.424238
0.377544
0.969481
-0.603381
-0.806574
-0.873836
0.716666
-0.782708
-0.486923
0.837214
-0.443525
-0.672903
0.438765
0.213294
-0.655446
-0.519150
-0.221290
-0.787774
0.911679
-0.039399
0.660573
0.354961
-0.195654
-0.198767
-0.232215
-0.917783
0.210364
0.620899
-0.438826
-0.538011
-0.554674
-0.266823
-0.670156
0.339152
-0.473678
-0.009796
-0.292581
0.246803
-0.128880
0.493027
0.583911
0.796136
0.507370
-0.673757
-0.277261
0.711966
0.211463
0.598560
-0.727165
0.765984
0.426069
-0.700491
0.978881
-0.338176
-0.156407
0.575793
-0.520981
-0.923521
-0.628895
0.114963
-0.457869
0.406354
-0.103793
0.972167
-0.149083
-0.238014
-0.246681
-0.137852
0.174291
0.018586
-0.902158
0.733512
0.532029
0.853145
0.253945
-0.330546
0.114536
0.948912
0.435408
0.741142
0.790155
0.092685
-0.337016
0.706412
0.444929
-0.250587
-0.642140
0.533189
-0.103488
-0.868831
-0.660329
-0.575243
0.616565
0.718192
0.656606
-0.548326
0.975219
0.829157
-0.620472
0.044404
0.324992
-0.631520
-0.593799
-0.401227
0.273782
0.562914
0.130650
0.494552
-0.987487
-0.272622
0.810297
-0.478195
-0.615223
-0.603320
0.245399
-0.406049
0.033052
-0.279580
-0.777581
0.330790
0.443709
0.207923
-0.614612
-0.912473
-0.686514
-0.319376
0.938292
0.990478
-0.939512
0.635792
-0.396039
-0.432600
0.146336
-0.708792
-0.842830
-0.999512
0.245949
0.198645
-0.264138
-0.293924
-0.347148
-0.913083
-0.359905
0.770013
-0.333537
-0.932127
0.969115
0.047334
0.198096
0.485336
0.248756
0.600330
-0.381329
0.482223
-0.182531
0.371197
-0.229163
-0.364116
-0.072420
-0.831477
-0.215735
-0.999634
0.078158
-0.930296
0.153539
0.846492
-0.949889
0.320292
0.478133
0.156163
0.776055
0.454085
0.776727
0.250526
0.500961
0.384381
-0.870907
0.173193
0.409955
-0.898984
0.577013
0.039583
0.269021
0.254616
0.781182
0.156529
0.752800
-0.145421
-0.120212
-0.012909
0.251259
0.917112
0.761223
0.138157
0.936522
0.201209
0.407392
-0.488083
-0.846492
-0.990600
-0.907651
0.572680
0.313089
-0.395489
-0.687063
0.135289
0.047395
-0.285684
-0.226966
0.937437
0.037324
-0.297159
0.804559
0.079928
-0.572497
-0.608509
-0.348857
-0.456709
0.710868
0.918027
-0.358501
-0.556444
-0.342326
-0.748589
-0.997192
-0.732536
-0.516831
-0.523301
0.773125
-0.434858
0.844356
-0.495590
0.055696
0.657949
-0.972839
0.147801
-0.181188
-0.239906
-0.870418
-0.938719
0.335124
0.459151
-0.285257
-0.984375
-0.270486
-0.326762
0.523667
-0.798273
-0.754387
0.663930
-0.205481
0.572985
0.739128
0.617481
0.299966
-0.933470
-0.663930
-0.316568
0.079623
0.799982
-0.835688
0.413862
0.034028
0.988769
0.679922
0.309977
0.142125
-0.490036
0.077670
-0.359050
0.516709
0.595325
0.094211
0.822504
-0.883297
0.502182
-0.753594
0.010468
-0.579394
0.755058
0.017243
0.976012
0.079989
0.795587
-0.390423
0.582873
-0.736808
0.905026
-0.296487
0.247291
0.042451
0.968505
0.896786
0.909238
0.608997
0.794183
-0.645314
-0.920530
-0.524094
0.444990
0.752739
-0.312113
0.331828
0.576891
0.070956
-0.683218
-0.090732
-0.709830
-0.669790
0.043245
0.053804
0.602710
-0.228980
0.168493
0.661061
0.538255
0.995178
0.083102
0.970275
-0.204138
0.985290
-0.728202
-0.514634
-0.707938
0.037507
0.095981
-0.606006
0.953734
-0.243385
0.526109
-0.016083
-0.588794
-0.515366
-0.152684
0.680898
-0.040193
-0.666494
-0.229835
-0.968200
0.693716
-0.614978
-0.741630
-0.677786
-0.388165
0.171728
-0.007355
0.689627
0.115085
-0.471541
0.417158
0.573168
0.195288
-0.731864
-0.447615
0.294534
0.225562
0.535813
-0.192846
-0.960936
-0.315714
-0.555040
0.247658
-0.845576
0.841792
0.916807
-0.475692
-0.261513
0.142857
-0.116672
-0.319010
-0.064364
0.833796
-0.338237
0.710623
0.322123
0.932371
0.640004
-0.251381
-0.860225
0.984802
0.062838
-0.415876
-0.897397
0.508164
0.332377
0.032014
0.004608
-0.752068
0.361370
-0.227821
-0.851131
0.134007
-0.390179
0.116062
-0.402570
0.098727
0.086703
-0.458541
-0.050935
-0.549547
0.868160
-0.005524
-0.917356
-0.362651
0.382977
0.203894
0.995361
0.696890
-0.423322
0.490036
-0.484298
-0.582568
-0.998413
0.793085
-0.392865
-0.479965
0.834468
0.361919
0.635121
0.343364
0.688040
-0.826228
0.436689
-0.591845
0.578722
0.693960
0.249062
-0.078585
-0.802667
0.042695
0.768670
0.488510
-0.515366
-0.870235
-0.643544
-0.326029
0.635731
0.895016
0.136753
0.907651
0.488754
0.301431
-0.366314
-0.893063
-0.584521
0.131077
-0.346171
-0.790460
0.407514
0.098666
-0.327799
0.066622
-0.355754
0.700430
0.128636
-0.106113
0.681326
-0.918638
-0.114536
0.078585
-0.869869
-0.567064
0.802545
-0.528916
0.982788
-0.904294
0.711966
-0.762993
-0.839228
0.627125
0.823664
0.480453
0.191931
-0.115268
-0.773247
0.241310
0.569628
-0.696341
-0.441633
-0.087313
0.403974
-0.642445
-0.381085
0.574389
0.466292
0.089450
0.108127
0.588244
0.613880
0.129856
-0.989807
0.147069
-0.219703
-0.139744
0.791864
-0.759819
0.390667
0.693350
0.829951
-0.945677
0.555284
0.513352
-0.172277
-0.197851
0.699393
-0.455916
-0.854549
0.380902
0.796991
0.959838
0.605579
-0.865780
-0.949156
0.181005
-0.510666
0.444746
0.884030
0.095431
0.631581
-0.209876
-0.399274
0.394269
0.311441
-0.573168
-0.141026
-0.298929
-0.362529
0.344279
-0.351238
-0.660756
0.640248
-0.400372
0.058931
0.034700
0.039460
0.483810
-0.818476
-0.007660
0.532212
0.227088
0.737785
0.845943
-0.971068
-0.128147
-0.380047
0.770013
-0.802728
-0.887631
-0.750786
-0.141575
-0.156590
-0.842402
-0.768792
0.314066
0.545274
0.484725
-0.883297
-0.893857
0.061434
-0.381573
-0.106357
-0.818476
-0.628040
-0.143956
0.196387
-0.105991
-0.626453
0.599841
-0.974364
0.355876
-0.694693
0.401471
-0.959532
-0.055696
0.143651
0.142613
-0.168859
0.214331
-0.193640
-0.692373
0.327433
0.347880
-0.964721
-0.062654
0.161840
0.797296
0.618885
-0.843501
0.115452
-0.044343
0.775872
0.592273
0.500839
0.531785
0.160558
0.557482
-0.459822
0.115085
0.314188
-0.587939
-0.287942
0.996216
0.346294
0.793634
-0.708182
0.663198
-0.782403
-0.433454
-0.643483
-0.955443
0.330119
-0.314615
0.639943
0.418317
-0.873836
0.531785
-0.073824
0.127781
-0.611560
0.360881
-0.235633
-0.410871
0.944273
0.189673
0.403668
0.399518
-0.985290
0.061739
0.852657
0.293802
-0.392682
0.918882
0.940428
0.278603
0.784051
-0.119114
0.941221
-0.631520
0.928098
0.631458
0.236366
-0.312662
-0.293558
-0.811090
-0.561876
-0.442610
0.555345
0.428449
-0.219337
-0.352641
-0.696463
0.144505
0.140355
-0.394696
-0.488144
0.169408
0.181860
-0.331889
-0.377361
-0.065096
0.369976
-0.704398
0.163854
-0.371075
-0.897885
-0.366314
0.142247
-0.105564
-0.581652
0.543443
0.616749
0.207373
-0.379254
0.400311
-0.600269
0.241676
0.755181
0.848994
-0.292520
0.972045
-0.684439
0.483932
0.647023
0.724357
-0.552477
0.231849
0.944334
0.996277
0.902707
0.207862
-0.119480
-0.567980
0.197119
-0.067232
-0.012787
0.524644
-0.799554
-0.817560
-0.716910
-0.339579
-0.200781
0.032746
0.953490
-0.416486
-0.397137
0.639576
0.003937
-0.828608
-0.935179
0.272317
0.659291
-0.488998
-0.745659
0.648244
0.085726
-0.243751
-0.225379
0.854427
-0.007294
-0.153417
-0.003265
-0.918210
0.340373
0.779839
-0.870846
-0.722037
0.301187
0.667287
-0.205969
-0.822443
0.350810
0.524277
0.638478
-0.559984
-0.760796
0.273965
0.593799
0.865230
0.375896
-0.848262
0.804010
0.745842
-0.553331
-0.960875
-0.846919
-0.213965
-0.890255
0.556810
-0.559374
0.030793
-0.138768
-0.831477
-0.129551
0.213538
0.738884
0.543626
-0.680044
-0.636952
0.325236
-0.231056
0.800104
0.504868
0.549852
-0.140904
0.556566
0.705008
-0.858150
-0.762505
0.515427
0.223060
-0.037751
0.112827
-0.416669
0.098605
0.964171
-0.765007
0.883724
-0.572924
0.224158
-0.711539
0.998108
0.787347
0.644215
-0.279824
0.013825
0.287332
0.350078
-0.303629
0.587329
0.987487
-0.594043
-0.665639
0.611255
-0.408490
-0.356059
0.244423
0.861568
-0.439009
0.598804
-0.586657
-0.193335
0.892758
-0.370342
0.644520
0.745720
0.015900
-0.216407
-0.447798
0.376690
-0.568468
0.218787
0.524583
-0.613697
0.484970
-0.548814
0.772027
-0.366619
0.616688
0.434065
-0.629749
0.068636
0.382427
0.170263
-0.424421
0.675222
0.896786
-0.761101
-0.175024
0.028596
0.716666
-0.160131
-0.817560
0.226417
0.990722
0.542039
-0.226051
-0.186377
0.938231
0.392376
0.214637
0.833613
0.010346
-0.575304
0.308573
0.680471
-0.641224
-0.029633
0.784967
-0.564806
-0.999695
0.359600
-0.577563
0.945860
-0.937559
-0.981567
0.368877
0.647023
-0.646474
0.223487
-0.476119
-0.324442
-0.121921
-0.669179
0.769707
-0.609851
0.287332
0.829585
-0.776666
0.486862
0.773675
0.186010
-0.765496
0.715079
-0.746574
-0.926328
0.539415
-0.109592
0.388043
-0.172704
0.294961
0.232826
0.530320
0.718497
0.133030
0.105014
-0.894223
-0.684072
0.227454
-0.694021
-0.162206
-0.450850
-0.971068
0.087069
-0.781549
0.850764
0.620716
0.964904
-0.304605
0.804376
-0.904172
0.122837
-0.052644
-0.997620
0.433699
0.659047
0.152989
-0.746696
-0.539476
0.128208
0.327799
-0.191259
-0.517685
-0.275613
-0.704215
-0.793695
0.746635
-0.460494
-0.140904
0.584887
-0.426984
-0.494064
-0.274514
-0.364727
-0.484848
-0.906247
-0.553148
-0.077120
0.304117
0.600513
-0.542100
-0.721549
0.474349
-0.693533
0.494980
-0.542711
0.419538
-0.253212
-0.469832
-0.378033
0.220557
0.977905
0.073519
-0.696036
0.834101
0.968566
-0.410932
0.712333
-0.268410
-0.091464
-0.344035
0.979553
0.152745
-0.696219
0.791986
0.312601
0.340922
-0.810480
-0.332621
0.746879
-0.012848
0.429731
-0.633778
0.080721
0.528977
-0.371136
-0.367351
0.449690
0.266335
0.578478
0.164342
0.032380
0.880123
0.771905
0.969115
-0.109653
0.545457
0.570605
0.293008
-0.885556
-0.574999
-0.441511
-0.258705
-0.512375
0.015961
0.929807
0.525803
-0.110263
-0.280923
0.125584
0.095370
-0.813288
0.088107
-0.721000
-0.551134
0.852596
-0.489914
-0.849178
-0.268044
0.363689
-0.540086
0.054720
-0.209632
-0.753349
0.589831
-0.853328
0.727653
-0.679861
0.035432
-0.799432
0.064302
0.431379
0.584521
0.986755
0.700552
-0.962828
-0.334574
-0.665883
0.455855
0.486679
-0.199194
-0.770623
-0.544359
-0.526597
-0.203345
-0.384747
0.816950
-0.797235
1.000000
-0.496811
0.836970
-0.954955
0.569384
0.630787
0.703421
-0.620655
-0.029328
-0.387799
-0.499619
0.986084
0.391888
-0.539109
0.726554
0.589404
-0.091464
-0.128758
0.910764
0.768914
-0.754753
0.317789
-0.797967
0.210608
-0.457930
0.187963
-0.580493
-0.444685
-0.720695
-0.367718
0.582018
0.234718
-0.111911
0.013642
0.801263
0.824213
-0.452437
0.715018
-0.493393
-0.259682
-0.352702
0.964782
0.091037
0.495468
0.116550
0.568224
-0.499130
0.946959
0.674368
-0.563097
0.612293
0.951109
0.452132
0.070406
-0.965087
-0.705618
-0.346660
0.460311
-0.586352
0.588244
-0.643361
-0.884762
0.466597
0.073519
-0.587817
-0.679373
-0.818842
0.848506
-0.479659
0.556627
0.230689
-0.013459
-0.653432
0.753410
-0.917722
-0.445967
-0.272683
-0.484603
0.350261
0.279397
-0.885617
0.092013
-0.537034
-0.990417
-0.747612
0.927000
0.558214
0.782464
-0.203833
0.353435
-0.342998
-0.852351
-0.302164
-0.413800
0.279824
0.787408
0.083834
-0.879086
-0.469832
-0.111362
0.501999
-0.009919
-0.153233
0.237037
-0.721244
0.561022
0.717215
-0.817988
0.078646
0.515427
-0.415815
-0.607898
0.597766
0.197913
-0.242103
-0.332316
0.212622
-0.418622
-0.292459
0.854549
-0.245033
-0.573229
-0.706656
-0.899106
0.206885
0.154393
-0.483261
0.200781
-0.165441
-0.722648
0.614734
-0.038301
-0.689261
0.498581
-0.544908
0.261452
-0.314371
-0.671255
-0.215430
0.558824
0.666311
0.933714
-0.232215
-0.065767
0.167394
-0.581225
0.349345
0.088900
0.554796
-0.194739
0.961425
0.913144
0.905393
-0.707999
0.093234
0.460799
-0.397687
0.413312
-0.650807
0.792230
0.891598
0.159093
0.430464
-0.770562
-0.725761
0.660939
-0.499496
-0.545518
-0.307413
-0.935789
-0.862423
-0.691275
0.425398
-0.224464
-0.648122
0.851314
0.759514
-0.304422
0.672536
-0.204932
0.406476
0.365398
0.829585
-0.203223
0.961058
0.475753
-0.697073
0.859493
0.868648
-0.854488
-0.908994
0.993164
0.769158
0.889523
-0.040864
-0.427351
0.776177
0.645497
0.275674
0.463363
0.177953
-0.004364
-0.210608
0.185583
0.569018
0.820307
-0.835505
-0.839228
-0.657216
0.233497
-0.115513
0.603687
-0.069002
0.324870
0.011139
-0.376751
0.489608
-0.135350
-0.809076
0.709952
0.186438
-0.232521
0.119053
0.170690
-0.943052
0.803278
0.997620
0.568834
0.742729
-0.073763
0.962401
0.404035
0.829463
-0.401898
0.437666
0.340129
-0.971374
0.351787
0.995056
0.141209
-0.906796
0.823542
-0.145177
0.643300
0.501572
0.704825
0.487472
-0.320597
-0.742973
-0.807855
0.047273
0.785333
-0.860714
0.234596
-0.760613
0.588916
0.077975
0.396466
0.857234
-0.894894
0.578600
-0.003937
0.057711
-0.615711
0.080844
-0.250649
-0.296793
0.381634
-0.703909
-0.376263
0.306436
-0.077059
-0.777886
-0.691641
0.770196
0.957213
0.148839
0.990112
0.371685
0.013703
0.084567
-0.913755
-0.287210
0.045442
0.437788
-0.235267
-0.348369
-0.925779
0.390667
0.077242
0.500107
0.630970
0.202429
0.792657
0.231910
-0.695059
0.549852
0.681265
0.986999
-0.636708
0.352031
0.575732
-0.692312
-0.192236
-0.488327
-0.810053
-0.958312
-0.504685
0.596973
-0.963561
-0.213721
0.537278
-0.826289
0.389386
-0.646718
-0.469588
-0.866634
0.911618
-0.945189
0.229041
0.356792
-0.650807
-0.166478
-0.026826
-0.015717
-0.714713
0.353313
-0.143895
0.336833
0.315714
-0.299112
-0.942930
0.557115
0.505478
-0.988769
0.716300
0.527940
-0.896603
-0.364788
-0.722098
-0.515244
-0.315531
-0.322245
-0.216834
0.085482
0.146519
-0.178747
0.632984
0.376019
-0.260781
0.459334
-0.989013
-0.269997
0.549974
-0.597400
-0.391217
0.600146
0.188635
0.811457
-0.081149
0.735649
0.305521
0.644154
0.329875
0.045137
-0.257851
-0.370525
0.015656
-0.432661
-0.641041
-0.027497
-0.639393
-0.588427
-0.387860
0.590442
0.264626
-0.230079
-0.680898
0.351054
-0.892453
0.178076
0.357646
0.593860
-0.623646
0.274697
-0.110996
0.899899
-0.275246
0.240577
0.075716
0.909543
0.806207
-0.383343
-0.047456
0.397992
-0.537217
0.992370
-0.406720
0.173376
0.233924
-0.479965
-0.745293
0.003571
-0.044832
0.750053
0.120151
-0.031831
0.642140
0.431318
0.345317
0.052461
-0.016144
0.483932
0.208228
-0.103671
0.243263
0.307352
0.994690
-0.462630
-0.794183
-0.217994
-0.762017
-0.514756
-0.939451
-0.198706
-0.183325
0.086337
0.984985
-0.791620
-0.641591
0.448714
0.795404
0.972289
0.658071
0.095309
-0.531419
-0.889523
-0.442793
-0.978454
0.254250
-0.004913
-0.235389
-0.099277
0.455489
0.446089
0.901730
0.823908
0.967528
0.573168
-0.537156
0.254555
0.731742
-0.868831
0.571947
0.657216
0.475570
0.982116
0.710135
0.492172
0.255226
0.812067
0.671133
-0.160863
-0.882565
-0.772576
-0.326945
0.790094
0.018036
-0.309122
0.436323
0.486984
0.069674
-0.596484
0.353008
-0.277993
0.120396
-0.441633
-0.232154
0.856075
0.887265
-0.330119
-0.406232
0.063082
0.816889
0.636402
-0.162633
0.625477
0.182348
0.957152
0.678579
-0.562731
-0.571764
-0.350444
-0.125401
-0.309061
0.448958
-0.821589
0.643117
0.580981
0.579882
-0.970275
0.168249
-0.386700
-0.114597
-0.889706
-0.670827
-0.537156
0.307169
0.740654
0.049715
-0.497177
0.847591
-0.478256
-0.248878
0.653432
-0.491989
0.604236
-0.359539
-0.491928
0.001373
-0.242836
0.361187
0.091342
-0.202490
-0.371319
-0.826350
0.403729
-0.162023
0.835505
-0.932066
0.187353
0.640431
0.909299
0.809320
0.224830
-0.658437
0.766839
0.404828
-0.681936
-0.444990
-0.222571
-0.201880
-0.639454
0.517258
-0.896908
0.993835
0.531114
0.500595
0.300455
-0.775323
-0.569811
-0.885372
0.368816
-0.846126
0.986938
-0.279946
0.060762
-0.103427
0.575793
-0.128697
0.445845
-0.163915
-0.600757
0.987732
-0.270119
0.432966
0.421674
-0.589709
0.351909
0.842097
-0.756951
0.497665
-0.529893
0.356670
-0.355510
0.732231
0.630360
0.956236
-0.975524
-0.871578
-0.106967
0.108921
-0.537217
-0.420576
0.006378
0.884457
0.770867
0.667165
0.422773
-0.990478
-0.634571
0.131809
0.416486
0.667226
-0.769280
-0.456709
0.662160
0.278115
0.143590
0.803522
0.528977
0.216529
0.930601
0.649709
-0.825556
0.800958
-0.718497
-0.563646
-0.250465
-0.554491
0.514573
-0.057466
0.878109
0.042634
0.672964
0.174108
0.395428
-0.651479
-0.838618
0.149510
-0.397137
-0.391705
0.801874
0.283425
0.419111
-0.440229
0.358806
-0.385907
0.472945
-0.534227
-0.850581
0.777947
0.745598
0.886532
-0.935911
0.841121
-0.325541
-0.066744
0.570055
0.673269
-0.561876
-0.131138
0.847835
0.089999
0.011567
0.746330
-0.894894
-0.027009
0.297647
-0.697073
0.436201
0.975951
0.622303
0.745903
-0.132542
0.363994
0.345195
0.766472
0.209021
0.062349
0.619984
-0.777154
-0.493637
0.519211
-0.110141
0.029939
0.264504
-0.642506
0.028169
-0.415021
-0.785821
0.870724
0.250282
-0.071810
-0.581469
0.442366
0.051119
0.161229
0.704459
0.031648
-0.219825
-0.758721
-0.539476
0.608936
0.642201
-0.984191
0.369427
0.438276
-0.276406
0.919675
-0.266762
-0.046907
-0.657094
0.477035
-0.003754
-0.370342
-0.466781
0.776482
-0.297342
0.846736
-0.714591
-0.874447
0.132298
-0.228370
0.583300
-0.856868
0.155919
-0.684500
0.174169
0.553209
0.505783
0.421918
0.643971
-0.099826
0.065645
-0.429182
-0.598560
0.951048
-0.028779
-0.403912
-0.983520
-0.918455
-0.207434
0.362407
-0.053804
0.700613
0.583972
0.273537
0.640431
-0.417707
0.770318
0.057527
-0.580676
0.512192
-0.567675
0.767937
-0.383221
-0.924497
0.790216
0.691397
0.046602
0.085971
-0.005951
-0.202063
-0.430036
0.943724
0.393597
-0.225135
0.073397
0.047884
-0.609119
0.320231
0.892758
-0.465804
0.446760
0.950621
0.755486
-0.569445
0.479598
0.759819
-0.310099
0.577013
0.107639
-0.122105
0.852657
0.059969
-0.775445
0.179540
-0.228370
0.931944
0.055879
-0.135899
0.391278
-0.534532
-0.931394
-0.370708
-0.050874
0.011505
0.541368
0.616260
-0.988159
0.642323
-0.931333
0.273782
-0.735221
0.450850
-0.963439
0.010895
0.434187
0.078280
0.489303
0.294107
-0.312052
0.118809
0.825495
-0.643849
-0.502853
0.232826
-0.867977
0.159520
0.263710
-0.718986
-0.514878
0.283303
-0.715629
-0.635487
-0.184484
-0.675649
-0.315592
-0.603442
-0.474654
0.406537
0.350627
-0.160802
-0.987060
0.753044
0.249794
0.079806
-0.445723
0.396405
-0.874752
0.198828
0.650441
-0.929502
-0.434797
0.411237
0.220069
0.447798
-0.957274
-0.997864
0.701712
0.406049
0.988281
0.226905
0.466781
-0.353496
0.057222
-0.254921
-0.836421
0.363506
0.508225
0.649098
0.681814
0.568957
-0.654653
0.708914
0.153722
0.951659
-0.650746
0.535752
-0.624989
0.153050
0.821345
-0.017609
-0.774407
-0.913327
0.908689
-0.374248
-0.447005
0.914914
-0.160192
-0.469100
0.810724
-0.219398
0.802973
0.602527
0.216346
-0.532701
-0.918516
0.825373
-0.067782
0.666066
-0.684133
0.310770
-0.440901
0.308573
0.119236
0.147374
0.444502
0.150121
-0.527573
-0.626392
0.140294
-0.921384
0.680349
0.475082
-0.847591
-0.829646
-0.967040
-0.788324
-0.482345
0.369915
-0.579760
-0.046541
0.363323
-0.646229
0.932615
-0.125889
0.051363
-0.011139
0.140172
-0.456648
-0.877071
0.064669
-0.958068
0.650990
-0.736686
-0.795160
0.869625
0.761773
-0.505966
0.850337
0.793695
-0.392987
0.145421
-0.268838
-0.060884
-0.972716
-0.729362
-0.747124
0.838496
-0.685537
-0.940916
0.713675
-0.616077
0.389325
-0.439802
-0.231849
-0.890622
0.616993
-0.709342
0.125340
-0.295572
-0.794305
0.214087
-0.582324
0.074740
0.197302
0.987915
0.131382
-0.413373
0.389142
0.309977
-0.413862
-0.838252
0.904782
0.913694
-0.228797
0.500168
0.667470
0.567736
-0.490341
-0.336772
0.828974
-0.227821
0.598682
0.321207
0.450728
-0.885800
0.074129
-0.531114
0.760979
0.450423
-0.918699
-0.404767
-0.198767
0.823176
0.855159
0.298074
0.570177
-0.023530
0.493332
-0.824946
-0.038118
0.640187
0.400555
-0.645985
0.822748
0.141758
-0.753471
-0.113559
-0.849727
-0.303934
-0.531724
0.479843
0.762017
-0.441023
-0.697562
-0.274697
0.098788
-0.987915
0.667531
0.713065
0.701224
0.059847
-0.698477
0.501267
0.648915
-0.896725
0.473983
-0.907407
-0.198462
-0.042207
-0.038423
-0.965758
-0.288003
0.387249
0.791314
0.372356
-0.451277
-0.180151
-0.179113
0.603992
0.590930
-0.535081
0.111118
0.213660
0.455733
-0.982543
0.136082
0.256874
-0.939756
0.188574
0.575488
-0.352641
0.588305
-0.599780
0.522507
0.595325
0.967833
0.980285
-0.049104
-0.072115
-0.393170
-0.915708
-0.698050
0.436995
-0.722953
-0.165868
-0.224891
0.281167
-0.587512
-0.919370
0.193823
-0.987609
0.304117
0.667531
0.379681
0.242958
-0.603748
0.024140
-0.976928
-0.645009
-0.905515
-0.344584
-0.594714
-0.113987
0.071139
0.339763
0.256142
-0.426435
0.787469
-0.789666
-0.854183
0.623646
0.257241
0.999390
0.992798
-0.488937
0.341716
0.493515
0.906308
-0.441755
0.088351
-0.230995
0.853633
-0.990356
-0.470565
-0.159154
-0.951720
0.484603
-0.351604
0.957396
-0.266091
-0.427778
0.393963
-0.674734
0.320170
0.423383
-0.385784
-0.117405
0.823298
0.319254
-0.868892
0.929991
-0.565477
0.519028
-0.474471
-0.464034
0.656056
-0.796381
-0.244057
0.029511
0.017365
-0.264565
-0.558458
-0.934080
0.889340
0.922910
-0.748466
-0.761101
0.349467
-0.013215
0.986755
-0.485397
0.241981
0.444929
0.867061
0.475936
-0.421796
-0.945433
-0.076571
-0.576769
-0.829035
-0.889401
-0.621021
0.621632
0.828425
-0.114475
-0.432417
0.616138
-0.523423
-0.651784
0.581103
-0.995605
0.906186
-0.312601
0.845454
-0.267129
-0.790704
-0.293313
-0.227454
-0.655812
-0.087313
0.001740
-0.731620
-0.762871
0.311747
0.513779
-0.938169
0.922056
-0.118686
-0.776238
-0.250710
0.921079
0.309244
-0.186010
0.297952
-0.813776
-0.476730
-0.001801
0.972228
0.685659
-0.258705
-0.053560
0.437117
0.570727
0.307840
-0.219092
-0.905942
0.878170
-0.771233
0.055696
0.021821
-0.288430
-0.737724
-0.967833
0.412580
-0.224281
-0.714225
0.991272
-0.054964
0.888485
0.903867
-0.946776
0.005646
-0.765618
0.509812
-0.980956
0.402448
0.741203
0.033906
0.432173
0.128147
0.463912
-0.803339
-0.597278
-0.207923
-0.284219
-0.095004
0.522935
0.728813
0.432417
-0.038606
0.806391
-0.665212
0.610584
-0.530808
0.229102
-0.443525
0.702689
0.030610
-0.006989
-0.707266
0.171484
-0.293558
-0.626881
-0.309854
-0.725333
-0.213660
-0.269265
0.987915
0.014435
-0.179418
0.956053
-0.912412
0.147557
0.588061
-0.937254
0.453047
0.810785
0.143773
-0.337687
-0.301187
0.111728
0.135533
0.903745
-0.780816
-0.082003
-0.218360
-0.819086
-0.304056
-0.017975
-0.387188
-0.157994
-0.155309
0.321940
0.479720
-0.911557
0.537339
-0.602954
0.178747
-0.712821
-0.084384
-0.532823
0.610889
-0.909665
0.203711
-0.444868
0.363018
-0.233497
-0.635487
-0.924986
-0.855647
-0.111179
0.906674
0.783441
-0.794977
-0.014985
0.248085
-0.596606
0.628346
0.913633
0.372723
0.166845
0.459029
0.424787
-0.351787
0.675283
0.681570
-0.672964
-0.213355
0.033479
-0.067293
-0.713858
0.838801
0.941710
0.342814
-0.165258
-0.795221
-0.556932
-0.546617
-0.416669
-0.542405
0.486007
-0.955443
-0.663625
0.517930
0.323099
0.899960
-0.197790
0.403974
0.702994
-0.785089
-0.644093
-0.720267
0.046236
-0.943785
0.569506
0.593799
0.549059
-0.804682
0.283853
-0.943113
-0.107334
-0.837764
-0.137608
-0.061739
-0.078280
0.214576
-0.599597
0.323405
-0.550401
-0.240150
0.108737
0.812311
-0.399457
-0.269143
0.543626
0.246132
0.269631
0.869747
0.329264
-0.217444
0.221473
0.972716
-0.237953
0.985656
-0.591357
0.615467
0.282144
0.809565
-0.228004
-0.014618
-0.989685
-0.825617
0.394086
0.807489
-0.994079
-0.574816
-0.111057
0.205420
-0.754814
-0.773553
-0.142430
-0.827509
-0.608570
0.595080
0.310282
0.860652
-0.327433
-0.437117
-0.203955
-0.891964
0.739494
0.018708
-0.058077
-0.955687
0.905698
0.408429
0.738456
0.598804
0.707450
0.793695
0.317301
0.965697
-0.470199
-0.860836
-0.372051
0.497055
0.999756
0.969298
-0.893124
-0.089755
-0.804376
-0.674123
0.218360
0.633229
0.423200
-0.366619
0.435224
-0.377422
0.203406
0.539781
-0.360088
-0.979858
0.293558
0.246498
-0.916623
-0.188086
-0.418195
-0.516526
-0.229408
0.223731
0.198462
0.226417
-0.145787
0.546373
-0.105136
-0.187048
0.620594
0.984924
-0.092074
0.296609
0.110263
0.285989
-0.113437
-0.301675
-0.248390
-0.593738
-0.035554
-0.353191
-0.221656
-0.828303
0.368816
0.223365
-0.829279
0.175512
-0.460555
-0.161290
-0.762871
-0.056429
0.534288
0.250343
0.741813
0.617115
0.765191
-0.382672
0.176611
-0.311380
0.121128
0.482589
-0.045442
-0.136937
-0.184790
