-0.823725
-0.885311
0.067232
-0.070162
-0.757683
-0.032685
0.838313
-0.093173
0.515305
-0.724296
-0.787042
-0.793695
-0.559862
-0.559191
0.331889
0.239845
0.669057
-0.309854
-0.095004
0.132786
0.610096
0.753716
-0.581652
-0.783868
-0.294595
0.699698
-0.265786
-0.002716
-0.563280
0.990234
0.716239
-0.791559
-0.968932
-0.876827
-0.749077
-0.913144
0.431684
0.208106
0.073946
-0.321329
-0.370708
-0.648305
-0.314859
-0.246498
-0.645741
-0.684133
-0.657949
0.202429
-0.298868
-0.011383
-0.181494
0.822199
-0.086337
-0.746941
0.063692
-0.233070
-0.480392
0.826106
-0.666189
0.073946
0.915525
0.966735
0.449019
-0.542222
0.554735
0.194861
0.452620
-0.218665
-0.451949
-0.032014
0.308634
0.205603
0.496384
0.455000
0.540147
-0.757439
0.676138
-0.248024
0.943113
-0.619495
0.538255
0.661611
-0.334452
-0.653066
-0.075838
-0.594836
-0.409101
-0.512558
-0.756157
0.444075
-0.123325
0.634510
0.681021
-0.827509
-0.786676
0.197363
0.301492
0.366619
-0.295206
-0.248695
0.004547
0.843074
0.730033
-0.966674
-0.327616
0.482528
0.389447
-0.106174
-0.404035
-0.840022
-0.546983
-0.747612
0.542344
0.040132
0.080172
0.989380
-0.251015
0.323160
0.005768
-0.634266
-0.384625
-0.900815
0.384198
0.391400
-0.370647
-0.055147
0.583544
0.183386
-0.034516
0.790643
-0.225196
-0.797357
0.951476
-0.401776
-0.691031
0.078646
-0.068880
0.020295
0.149632
0.189795
-0.963622
-0.134007
0.475631
0.356731
-0.338725
-0.607593
-0.796808
0.373455
-0.573656
0.443403
0.536851
-0.712333
0.045686
-0.714774
0.002899
0.831477
0.949095
-0.080050
-0.910215
0.620289
0.433271
-0.297647
-0.450911
0.704764
-0.440779
-0.805780
0.278420
-0.127598
0.689566
0.593677
0.487167
0.744926
0.914609
0.775018
-0.356304
-0.111240
0.104648
0.408490
-0.519517
-0.960814
0.497971
-0.707389
-0.070650
-0.561205
-0.951231
-0.295022
0.431806
0.702567
0.049287
0.460616
0.169591
0.420698
-0.555406
-0.216590
0.159581
0.681326
0.966247
0.228980
0.778497
0.020966
-0.423017
0.372784
0.300699
0.621693
0.666860
0.278115
-0.143406
0.356487
-0.719352
-0.876766
-0.225990
-0.422956
-0.832270
0.428571
-0.161412
0.840632
0.068758
0.855098
-0.520920
0.122898
0.221107
-0.067782
-0.824030
-0.681936
-0.064974
0.882443
0.510605
0.951292
-0.570666
0.968383
0.035066
-0.086764
0.463729
-0.820795
-0.687429
0.570299
0.119480
0.601611
-0.415143
-0.442305
-0.642506
0.595264
-0.765191
-0.645863
-0.192236
-0.788079
0.350261
0.021638
0.573717
-0.999207
0.972533
-0.223731
-0.239784
0.397259
-0.411237
0.609851
-0.879757
0.746208
0.474166
0.279946
0.566759
0.559069
-0.752190
-0.515122
0.399762
-0.773980
0.871517
-0.635731
0.477035
-0.608997
0.279763
0.316324
0.629994
0.087497
-0.855403
-0.271401
-0.065035
0.392193
-0.417341
0.497482
-0.298990
-0.198889
0.818171
-0.678152
0.955260
0.294839
0.024812
0.631153
-0.919919
0.132969
0.407270
0.227393
0.372112
-0.014740
0.740349
0.397015
0.038911
-0.813349
0.818110
0.674734
-0.203772
0.964904
0.473556
0.413862
0.174963
0.835200
-0.613147
0.381756
0.568224
-0.067049
0.927732
-0.713187
0.744865
-0.781732
0.335246
0.611194
-0.298074
-0.601978
-0.597888
-0.507736
0.416181
0.762871
-0.871700
0.699454
0.937620
-0.490524
-0.961547
0.290994
0.862117
0.308634
0.569689
0.805414
0.504990
-0.454085
-0.956542
-0.175451
-0.314676
-0.995422
0.639454
-0.973632
-0.109836
0.166784
-0.237098
0.339702
0.907651
0.786859
-0.458968
0.575793
0.382183
-0.951598
0.130039
0.803217
-0.849361
-0.849116
0.809809
-0.780999
0.129917
0.902280
0.088473
-0.058321
-0.989135
0.436811
-0.477157
0.288797
0.560717
0.449751
-0.932127
0.134251
0.130711
-0.727103
-0.315958
-0.695608
-0.551317
-0.258827
-0.846614
0.458846
-0.319010
0.310587
-0.126499
0.635853
0.292825
0.683157
0.153356
0.369915
-0.340251
0.124790
0.235817
-0.995727
-0.923826
0.676626
-0.846553
-0.561022
-0.091342
-0.001312
-0.668264
-0.128269
-0.845637
-0.753899
-0.750481
-0.674123
0.422163
0.326701
0.682730
-0.941404
0.162511
-0.960875
-0.892392
-0.796747
0.107395
0.086215
0.094028
0.899045
-0.716117
-0.217872
-0.430219
0.908017
-0.715995
-0.254189
-0.374126
0.061617
0.658010
0.344035
0.618641
-0.101291
0.404340
0.611621
0.217261
0.455672
-0.186010
0.261940
0.791192
-0.447005
-0.204505
-0.374859
-0.142186
-0.909543
0.610218
-0.964843
0.475875
-0.323588
0.211646
-0.727958
-0.983398
-0.474044
-0.083956
-0.794244
-0.082919
0.077059
-0.145726
0.610340
0.620716
0.460005
-0.183203
0.540880
-0.149998
0.201392
0.885739
0.855098
-0.418561
0.279641
-0.026521
-0.330241
0.856990
0.645192
-0.302713
-0.325968
-0.262062
-0.696341
0.043611
-0.904965
-0.953001
-0.617847
0.860714
0.129795
0.546495
0.884640
-0.780633
-0.503220
-0.997253
-0.319437
-0.372417
-0.597339
-0.692373
0.750481
0.909909
0.250282
-0.753655
0.816828
-0.181310
-0.714713
-0.034639
0.618091
-0.437178
0.699576
-0.823359
-0.898312
0.782586
0.920896
-0.049837
0.731803
-0.788629
-0.032075
-0.839106
0.880612
-0.097079
0.115146
-0.280679
-0.469161
0.817133
-0.348857
-0.531724
-0.296670
0.220008
0.696585
0.138218
-0.083468
-0.463973
0.588061
-0.132786
0.516343
-0.931944
0.098239
-0.866878
-0.371807
-0.197058
0.299234
-0.006134
-0.823237
-0.115513
0.183691
0.520493
-0.625233
-0.912168
-0.596179
0.731498
-0.550584
-0.541063
0.213233
0.050996
-0.977599
0.346965
0.507065
0.042329
0.280801
-0.665151
0.274880
0.370586
0.191687
-0.785760
-0.944395
0.906247
-0.736869
-0.163915
0.797784
-0.287698
-0.902036
0.456465
0.861263
0.927549
0.231544
0.725578
0.042024
-0.113865
-0.348430
-0.761834
0.668996
0.325053
-0.581957
-0.384747
-0.001495
0.547227
-0.228492
0.830988
0.835200
0.192358
0.767937
0.027314
0.962584
-0.511155
0.911435
0.574389
0.187475
0.461043
0.173925
-0.313761
-0.561144
-0.838069
-0.141453
0.650990
0.624500
-0.797906
0.976440
-0.132298
0.803949
-0.547227
-0.387249
-0.753899
-0.357219
0.964904
0.936827
-0.030732
0.038972
-0.093783
-0.065035
0.084384
0.023225
0.441816
0.100314
0.838435
0.327921
-0.270852
0.411176
-0.939879
-0.214393
-0.799249
0.269265
-0.580126
0.539293
0.606250
0.016205
0.369976
0.619861
0.631275
-0.347819
0.635426
0.167516
0.216163
-0.648610
-0.117527
-0.406415
-0.106113
-0.292398
0.378460
0.797357
0.893796
0.233863
0.722709
-0.326518
-0.427961
0.632008
-0.504013
-0.579821
-0.463607
-0.194617
0.540452
-0.891537
-0.714652
-0.005341
0.027009
0.308084
-0.176855
-0.007416
0.022004
0.267067
0.075594
0.840754
-0.590014
-0.514451
-0.989990
0.527207
-0.315775
0.290139
0.745720
-0.268288
0.660024
-0.450606
-0.752739
0.740776
0.001373
0.176183
-0.323649
-0.185339
0.014252
0.006623
-0.137669
-0.945372
-0.690298
0.809442
-0.624439
0.659658
0.239784
0.558763
0.893185
-0.059175
-0.308023
-0.344218
-0.603504
-0.551317
-0.335124
-0.840083
-0.931883
0.689993
0.370464
0.653005
0.701895
0.325541
0.960082
0.880490
-0.811579
-0.672231
0.814875
-0.900876
0.814508
-0.603565
0.151769
0.427595
0.277688
-0.040193
-0.814875
-0.614368
-0.655629
-0.534165
0.530503
-0.613269
0.341044
0.894406
-0.988464
-0.423078
0.539476
0.451033
-0.645924
-0.925962
-0.456832
0.649709
0.154759
-0.064119
0.321512
0.039094
0.424238
0.377544
0.969481
-0.603381
-0.806574
-0.873836
0.716666
0.808588
-0.486923
-0.483932
-0.443525
-0.672903
0.438765
-0.440474
-0.655446
-0.531297
0.130406
-0.787774
0.703726
-0.039399
-0.015107
0.354961
-0.195654
-0.198767
0.180578
0.392132
-0.108737
0.620899
-0.523667
-0.538011
-0.554674
-0.266823
-0.670156
0.339152
-0.473678
-0.009796
-0.292581
-0.831111
-0.128880
0.493027
0.257485
-0.719535
0.507370
-0.673757
-0.277261
0.070162
0.211463
0.598560
-0.702322
0.765984
-0.885006
0.528184
0.978881
0.836238
-0.156407
-0.997925
-0.520981
-0.923521
-0.628895
-0.344218
-0.457869
0.409284
-0.103793
0.972167
-0.149083
-0.238014
-0.246681
-0.137852
0.174291
0.018586
-0.902158
0.704215
0.532029
0.853145
0.253945
-0.454573
0.114536
-0.494430
0.320658
-0.152257
0.790155
0.092685
-0.183630
0.914853
0.444929
-0.250587
-0.642140
0.619861
0.828730
-0.586840
0.999573
-0.063143
-0.443281
0.718192
0.656606
-0.823969
0.975219
-0.791375
0.121311
0.044404
0.324992
-0.428694
-0.593799
-0.091281
0.567248
0.562914
-0.496445
0.790033
-0.987487
0.367046
0.810297
-0.478195
-0.852718
-0.603320
0.226905
-0.406049
-0.023103
0.819086
-0.777581
0.330790
0.950316
0.207923
-0.614612
0.997925
-0.686514
-0.319376
0.938292
0.784783
-0.939512
0.635792
-0.396039
0.845088
0.486984
-0.708792
-0.842830
-0.999512
0.122288
0.198645
-0.264138
-0.055330
-0.347148
0.996094
-0.359905
0.854183
-0.605945
-0.932127
0.969115
0.047334
-0.544420
-0.704276
0.248756
0.600330
0.558641
0.482223
-0.182531
0.371197
-0.229163
0.853694
0.253639
-0.831477
-0.215735
-0.999634
0.078158
-0.930296
0.153539
0.846492
-0.949889
-0.579943
0.961913
0.156163
0.776055
0.454085
0.776727
0.250526
0.500961
0.384381
0.362346
0.173193
0.409955
-0.898984
0.577013
0.135716
0.269021
0.526597
0.026215
0.156529
0.752800
0.288430
0.015168
0.990478
0.251259
0.917112
0.510239
0.138157
0.262490
-0.662465
0.813471
0.483993
-0.846492
-0.117893
-0.907651
-0.741508
0.313089
-0.078463
-0.687063
0.135289
0.155065
-0.285684
-0.226966
-0.399274
0.037324
-0.297159
0.804559
0.079928
0.003571
-0.608509
-0.348857
-0.456709
-0.315714
0.918027
-0.358501
-0.556444
-0.342326
-0.850703
-0.657033
-0.732536
0.589160
0.038179
-0.581042
0.370586
0.844356
-0.495590
0.055696
0.657949
-0.767510
0.807184
-0.181188
-0.239906
-0.870418
-0.032258
-0.900815
0.459151
-0.285257
-0.081881
-0.270486
-0.326762
-0.929075
-0.798273
-0.754387
-0.902951
0.038057
0.572985
-0.617176
0.617481
0.299966
-0.933470
-0.663930
-0.333171
0.079623
0.799982
-0.835688
-0.477889
0.034028
0.988769
0.981750
0.596118
0.142125
-0.490036
0.077670
-0.359050
0.348613
0.595325
0.094211
0.822504
-0.883297
0.502182
-0.753594
0.010468
-0.579394
0.755058
0.017243
0.109165
0.755913
0.795587
-0.390423
-0.849788
-0.736808
-0.677053
-0.296487
0.247291
-0.443648
0.968505
0.896786
0.909238
0.608997
0.794183
-0.645314
-0.920530
-0.524094
0.444990
0.752739
-0.312113
0.331828
-0.555406
0.070956
-0.683218
-0.090732
-0.709830
-0.669790
0.043245
0.053804
0.602710
-0.228980
0.168493
0.661061
0.538255
0.995178
-0.217811
0.970275
-0.204138
0.985290
-0.045503
-0.514634
-0.893429
-0.826350
0.095981
-0.606006
0.953734
0.221900
0.526109
-0.016083
0.891476
-0.515366
-0.152684
0.680898
-0.040193
0.244911
-0.894528
-0.215918
0.858699
-0.614978
0.241249
-0.677786
-0.388165
0.171728
-0.764824
0.689627
0.115085
-0.471541
0.417158
-0.188269
0.195288
-0.731864
-0.447615
0.294534
0.147435
0.535813
-0.192846
-0.943480
0.478927
-0.287332
0.247658
-0.845576
0.841792
0.916807
-0.475692
-0.261513
0.142857
-0.116672
-0.319010
-0.178381
0.833796
-0.338237
0.877316
0.322123
0.932371
-0.409955
-0.251381
0.727775
0.984802
-0.714530
-0.415876
-0.897397
0.508164
0.026704
0.687735
0.004608
-0.752068
0.361370
-0.227821
-0.851131
0.134007
-0.027436
-0.322367
-0.402570
0.438826
0.086703
-0.458541
-0.050935
-0.549547
0.868160
-0.375652
-0.917356
-0.362651
-0.936888
0.203894
0.995361
0.696890
-0.728385
0.490036
-0.898923
0.327921
-0.998413
-0.598437
-0.392865
-0.080233
0.834468
0.361919
0.635121
0.102634
0.688040
-0.841792
0.730277
-0.591845
0.578722
0.693960
-0.605518
-0.078585
-0.802667
0.042695
0.868404
0.200354
-0.515366
-0.870235
-0.643544
-0.754082
0.635731
0.895016
0.136753
0.907651
0.488754
0.301431
-0.366314
-0.893063
-0.584521
0.905637
-0.346171
-0.790460
0.407514
0.098666
-0.327799
0.066622
-0.355754
0.700430
0.128636
-0.106113
0.681326
-0.918638
-0.114536
0.078585
-0.869869
-0.567064
-0.977477
-0.130528
0.982788
-0.904294
0.711966
-0.117405
-0.839228
0.627125
0.823664
0.480453
0.191931
-0.115268
-0.773247
0.241310
-0.967345
-0.696341
-0.668813
-0.511948
0.403974
-0.513413
-0.381085
0.574389
0.466292
0.089450
0.108127
0.588244
0.613880
0.129856
-0.189184
0.147069
-0.219703
-0.139744
0.791864
-0.759819
0.390667
-0.694815
0.829951
-0.945677
0.555284
0.513352
-0.172277
-0.197851
-0.254189
-0.342082
-0.854549
0.380902
0.796991
0.130955
0.605579
0.178991
-0.949156
0.181005
-0.510666
0.444746
0.884030
0.630909
-0.384198
-0.133885
0.684805
0.394269
-0.008759
-0.573168
-0.141026
-0.298929
0.055940
0.865596
-0.351238
-0.660756
0.235145
-0.400372
0.058931
-0.015534
0.039460
0.483810
-0.818476
-0.007660
-0.043733
0.227088
0.737785
0.845943
-0.971068
-0.128147
0.655507
0.770013
-0.802728
-0.091586
-0.750786
-0.141575
-0.179357
0.456954
-0.768792
0.314066
0.295755
-0.660268
-0.883297
-0.893857
0.888180
0.766900
0.121982
-0.818476
0.276833
-0.143956
0.196387
-0.105991
-0.902707
0.599841
-0.974364
0.355876
-0.750298
-0.746818
-0.959532
0.301553
0.511704
-0.637623
-0.168859
0.794794
0.194494
-0.692373
0.961974
-0.760613
-0.964721
0.194983
-0.010590
0.797296
0.618885
-0.390851
0.115452
-0.044343
0.775872
0.592273
-0.232643
0.531785
-0.020600
0.557482
-0.459822
0.115085
0.314188
-0.587939
-0.287942
0.042451
-0.460005
0.793634
-0.028108
0.663198
-0.782403
-0.433454
-0.643483
-0.955443
0.330119
-0.314615
-0.717521
0.418317
-0.873836
0.439436
-0.073824
0.127781
-0.055330
0.360881
0.480331
-0.410871
0.486984
0.115757
0.340190
0.399518
-0.378033
0.061739
-0.969543
0.293802
0.625599
0.918882
0.940428
0.278603
0.784051
-0.060274
0.941221
-0.631520
0.928098
0.631458
0.236366
-0.483261
-0.293558
-0.811090
-0.561876
-0.442610
0.555345
0.428449
-0.219337
-0.352641
-0.696463
-0.518540
0.506088
-0.394696
-0.488144
0.169408
0.181860
-0.331889
-0.377361
0.452498
0.369976
-0.210669
0.163854
-0.454756
0.786981
-0.366314
-0.380108
-0.975036
-0.581652
0.543443
0.805780
0.343669
-0.407208
0.400311
-0.600269
0.241676
0.783807
-0.866146
0.264931
0.972045
0.263894
0.483932
-0.251198
0.724357
-0.552477
-0.473556
0.944334
0.996277
0.902707
-0.968993
-0.715323
-0.567980
0.197119
0.085299
-0.012787
0.151585
-0.366070
-0.817560
-0.716910
-0.339579
0.918394
0.032746
0.953490
-0.342448
-0.397137
0.639576
0.358318
-0.828608
0.465804
0.755181
0.659291
-0.425459
-0.076937
0.648244
0.085726
0.930540
-0.225379
0.854427
0.839473
0.877438
-0.003265
-0.918210
0.340373
0.779839
-0.870846
-0.722037
0.064852
0.650319
-0.205969
0.340617
0.350810
0.524277
0.638478
-0.559984
-0.760796
0.273965
0.593799
0.865230
0.375896
-0.848262
0.804010
0.745842
-0.553331
-0.960875
-0.846919
-0.213965
-0.890255
0.592151
-0.559374
0.030793
-0.138768
-0.831477
-0.129551
-0.605396
-0.724479
-0.653127
0.213965
-0.636952
0.325236
0.342265
0.800104
-0.147435
-0.661855
0.875668
-0.444502
-0.195532
-0.858150
-0.762505
0.515427
0.223060
-0.037751
-0.026826
-0.416669
0.405377
0.964171
-0.765007
0.883724
-0.280923
0.224158
0.627491
0.998108
0.787347
0.281777
-0.074068
0.013825
0.908811
-0.329936
-0.649342
0.983520
0.987487
-0.594043
-0.665639
0.611255
0.012482
0.779473
-0.927976
0.861568
-0.439009
0.598804
0.178564
-0.193335
0.892758
0.650929
-0.036714
0.745720
-0.227332
-0.216407
-0.447798
0.376690
-0.568468
-0.797357
0.524583
-0.613697
0.484970
-0.554064
0.772027
-0.366619
-0.553819
0.434065
-0.629749
0.068636
-0.850032
0.170263
-0.424421
-0.631520
-0.634388
-0.761101
-0.972961
0.239113
0.716666
-0.761101
-0.817560
0.226417
0.990722
0.820978
-0.226051
-0.186377
-0.819330
0.203284
0.214637
0.833613
0.010346
-0.575304
0.308573
0.680471
-0.641224
-0.029633
0.784967
-0.564806
-0.999695
0.359600
-0.379437
0.945860
-0.937559
-0.981567
0.368877
0.647023
-0.646474
0.223487
-0.476119
-0.324442
-0.121921
0.658437
-0.832331
-0.609851
-0.021577
0.829585
-0.776666
0.486862
0.773675
-0.454390
0.656117
-0.896420
-0.746574
-0.926328
-0.237220
0.138401
0.388043
-0.172704
0.294961
0.232826
-0.611255
0.227210
-0.649709
-0.266091
-0.956053
-0.215430
-0.767449
0.600635
-0.162206
-0.450850
-0.102145
0.087069
-0.781549
0.850764
0.620716
0.547472
-0.304605
0.703360
-0.904172
0.318705
0.053499
-0.997620
0.337565
-0.727958
0.152989
0.130222
-0.275552
0.111301
0.327799
-0.191259
0.848994
0.301248
-0.704215
-0.793695
0.746635
0.013337
-0.140904
0.584887
0.667776
-0.494064
-0.274514
-0.623585
-0.979675
-0.906247
-0.917417
-0.077120
0.964171
0.600513
-0.542100
0.931455
0.474349
0.345134
0.635487
-0.542711
0.230323
0.897580
0.386944
-0.378033
0.309671
0.977905
0.073519
-0.696036
0.834101
0.533433
-0.410932
0.712333
-0.268410
0.683584
0.122776
0.979553
0.152745
-0.696219
-0.198157
-0.554003
0.340922
0.543626
-0.332621
0.323038
-0.984497
0.429731
-0.633778
0.080721
0.528977
-0.371136
-0.817499
-0.349834
0.296121
0.015900
-0.061495
0.815424
0.880123
0.771905
0.969115
-0.198401
-0.512070
0.570605
0.293008
0.722343
0.043794
-0.441511
-0.563829
-0.147374
0.015961
0.601062
0.525803
-0.110263
-0.280923
-0.146092
-0.054292
-0.813288
0.540025
0.314493
0.483139
0.852596
-0.489914
-0.477157
0.900998
0.363689
-0.540086
0.054720
-0.209632
0.230506
0.589831
-0.618091
0.727653
0.129917
0.705252
-0.088168
0.064302
0.431379
0.584521
0.215247
-0.218909
0.586535
-0.335856
-0.102390
0.589282
0.486679
-0.802179
-0.770623
-0.544359
-0.526597
-0.203345
-0.725761
0.816950
-0.295083
0.790826
-0.496811
-0.627491
-0.954955
-0.657460
0.630787
-0.055391
-0.620655
-0.029328
-0.387799
-0.499619
0.986084
0.755913
0.125095
0.726554
0.614612
-0.337443
0.785882
-0.274209
0.768914
-0.645741
-0.000153
-0.797967
0.210608
0.757561
0.187963
-0.580493
-0.444685
-0.262429
-0.367718
0.582018
-0.466659
-0.678945
-0.258400
0.949034
0.358257
-0.912168
0.948851
0.624378
-0.639027
0.176183
-0.289041
-0.590686
-0.028230
-0.168920
0.766167
-0.499130
0.946959
0.674368
-0.563097
0.612293
-0.697134
0.721610
0.165441
-0.602649
-0.044465
-0.617603
0.765740
-0.674429
0.417524
-0.643361
-0.857906
-0.266030
-0.370586
-0.865108
-0.679373
-0.818842
0.473373
-0.479659
-0.189062
0.744804
0.209265
-0.653432
0.753410
0.306070
-0.445967
-0.272683
-0.009430
0.652760
0.279397
-0.256630
-0.236671
0.180273
-0.990417
-0.162633
0.927000
0.558214
0.512680
-0.203833
0.598621
-0.636891
0.502243
0.043306
-0.131199
0.016083
-0.971557
0.407453
0.494919
-0.283853
-0.520493
0.025910
-0.873348
-0.153233
0.237037
-0.721244
-0.336222
0.717215
0.619922
-0.147923
0.515427
-0.415815
-0.607898
0.597766
0.197913
-0.794183
-0.332316
0.308817
0.514573
-0.292459
-0.112217
-0.519639
0.063753
-0.706656
0.009003
0.206885
-0.565905
-0.483261
0.200781
-0.165441
-0.722648
0.614734
-0.038301
-0.689261
0.104099
-0.436323
0.261452
-0.314371
-0.671255
0.049776
0.558824
0.666311
0.933714
0.093051
0.768548
-0.269143
0.982421
0.497482
0.088900
0.210364
-0.194739
-0.677602
0.613269
0.905393
-0.707999
0.093234
-0.001251
-0.397687
-0.574999
-0.650807
-0.374004
0.891598
-0.269082
0.430464
-0.539903
-0.725761
0.276406
0.287088
-0.545518
-0.993713
-0.935789
-0.862423
-0.691275
-0.372356
0.963439
-0.953856
0.716605
0.315470
-0.304422
-0.068392
-0.204932
-0.706717
0.365398
-0.438765
-0.203223
-0.642323
-0.894040
-0.261330
0.460738
0.868648
-0.382061
0.098178
0.993164
0.769158
-0.742058
-0.040864
-0.150243
-0.385052
0.645497
-0.988830
0.463363
0.177953
0.968871
-0.627125
0.185583
0.584826
0.820307
-0.127232
-0.611866
-0.657216
0.233497
-0.115513
-0.381939
-0.069002
0.324870
0.011139
0.922544
0.489608
-0.979858
0.026460
0.709952
0.186438
-0.232521
0.678213
0.557176
-0.943052
0.679189
0.997620
0.568834
-0.493698
-0.073763
0.962401
0.404035
0.829463
-0.401898
-0.457930
-0.067049
0.686148
0.351787
0.363689
0.141209
0.520615
0.554552
-0.217994
0.643300
0.501572
-0.077609
0.487472
-0.699026
-0.229835
0.542100
0.699087
0.403241
-0.860714
-0.185949
-0.760613
0.034028
0.077975
0.396466
0.144139
-0.894894
0.836238
-0.003937
0.057711
0.676809
0.204199
-0.250649
-0.296793
-0.496323
-0.703909
-0.376263
0.306436
-0.077059
-0.619129
0.518784
0.770196
0.957213
0.148839
0.738945
-0.974303
0.013703
-0.725700
-0.913755
-0.287210
0.045442
-0.296426
-0.485641
0.388897
-0.925779
-0.529160
0.193152
-0.766655
0.630970
-0.838740
0.634816
0.231910
-0.695059
0.888424
0.681265
0.986999
-0.574816
0.352031
0.575732
-0.752312
-0.192236
0.097629
-0.810053
-0.958312
-0.504685
0.596973
0.221351
-0.213721
-0.245094
-0.248817
0.389386
-0.646718
-0.469588
-0.866634
0.911618
0.599475
-0.496933
0.356792
-0.845210
0.309854
-0.026826
-0.809381
-0.075533
0.364360
-0.849300
-0.340617
-0.032014
-0.669912
-0.850337
0.557115
-0.615345
-0.988769
-0.761834
0.527940
-0.143651
-0.364788
-0.722098
-0.607532
-0.315531
0.897580
0.008576
0.563097
-0.088839
-0.315348
0.201941
0.376019
-0.260781
0.266701
-0.174535
-0.269997
-0.936705
-0.597400
0.135472
-0.932432
0.891720
-0.768181
-0.081149
0.735649
0.305521
0.644154
0.329875
0.045137
0.751213
-0.776727
0.857906
-0.432661
-0.641041
0.681082
-0.639393
-0.588427
0.077975
0.590442
0.264626
0.914304
0.800592
0.351054
-0.359661
-0.328227
0.357646
0.080294
0.766594
-0.272805
0.061983
0.899899
-0.275246
0.240577
-0.435102
0.909543
0.126865
-0.383343
-0.047456
-0.115635
0.611682
-0.958068
0.453291
0.173376
0.233924
-0.823420
-0.745293
0.335063
-0.044832
0.750053
0.120151
0.871090
0.642140
0.688711
0.345317
0.052461
-0.724479
0.483932
0.208228
-0.057588
0.976501
-0.517930
-0.639149
-0.476058
-0.794183
-0.272317
0.745537
-0.514756
-0.939451
0.260598
-0.183325
0.086337
0.984985
0.540147
0.318522
0.169347
0.795404
0.972289
0.658071
-0.639393
-0.531419
0.998840
-0.442793
-0.978454
-0.125034
-0.947935
-0.235389
-0.099277
-0.230018
-0.909055
0.586779
0.845759
0.967528
0.573168
-0.844600
0.977905
0.731742
-0.761162
-0.205542
0.657216
-0.456221
-0.886166
0.710135
0.492172
0.255226
0.160558
0.671133
0.345256
-0.447066
-0.984863
0.413068
0.790094
-0.391278
-0.309122
-0.273721
0.486984
0.069674
0.262307
0.353130
0.694754
0.814875
-0.441633
-0.489792
-0.137059
0.806940
-0.330119
-0.944823
0.063082
-0.934874
0.212928
-0.162633
0.625477
0.298074
0.555895
0.538560
-0.562731
-0.571764
-0.529710
-0.125401
0.921995
0.448958
-0.912839
0.643117
-0.353618
-0.723685
-0.970275
0.168249
-0.386700
-0.114597
-0.889706
-0.670827
-0.537156
-0.683035
0.740654
0.049715
0.049104
0.847591
-0.478256
-0.248878
0.914975
0.948607
0.604236
-0.359539
-0.786065
0.001373
-0.242836
0.361187
0.919126
-0.202490
-0.035981
0.810785
0.403729
-0.162023
-0.250404
0.416364
0.187353
0.841853
0.909299
0.809320
0.224830
-0.892941
0.766839
-0.762200
-0.681936
-0.653676
-0.923765
-0.063936
0.637074
0.854854
-0.896908
0.993835
0.605579
0.378399
-0.327189
-0.775323
-0.569811
0.895383
0.807123
0.334574
0.844905
-0.101474
0.679617
-0.219703
0.946348
-0.128697
0.445845
-0.831172
-0.549852
-0.267983
-0.270119
0.023164
0.421674
-0.876339
0.558458
-0.955199
0.656301
0.497665
0.267739
0.356670
0.543443
-0.598987
-0.627674
0.956236
0.600391
-0.871578
-0.178930
-0.892270
-0.537217
-0.420576
-0.189001
0.879940
0.770867
0.667165
0.422773
-0.234718
-0.634571
0.131809
0.416486
-0.162389
-0.769280
-0.456709
-0.012177
0.056307
0.143590
0.803522
0.528977
0.216529
0.930601
0.649709
-0.825556
0.800958
-0.718497
-0.122349
0.995239
-0.554491
0.514573
-0.857845
0.776605
0.987487
0.672964
0.174108
-0.502548
-0.112339
-0.838618
0.771477
-0.397137
0.226844
0.801874
0.283425
0.419111
-0.440229
0.358806
-0.385907
-0.147008
0.361126
-0.796686
0.777947
-0.324503
0.886532
-0.566393
0.841121
-0.325541
-0.237037
0.708365
-0.604602
-0.561876
-0.131138
0.847835
0.089999
0.011567
0.672597
-0.894894
-0.650990
0.297647
-0.947325
0.436201
0.975951
0.272134
0.745903
-0.132542
-0.684927
0.761345
-0.095187
-0.475265
0.062349
0.433027
-0.777154
-0.437971
0.519211
-0.110141
0.029939
0.264504
-0.294229
-0.944639
0.007111
-0.078524
0.012360
0.250282
-0.071810
-0.581469
0.442366
0.040498
0.161229
-0.088595
0.031648
-0.055879
0.929136
-0.539476
0.608936
0.960204
-0.984191
0.369427
0.438276
-0.276406
-0.386639
0.510971
-0.046907
-0.657094
0.477035
-0.003754
-0.370342
-0.466781
0.776482
-0.297342
0.846736
-0.510788
0.297708
-0.247169
0.607410
0.583300
0.699759
0.155919
-0.684500
0.174169
0.553209
-0.268349
0.679495
-0.866207
-0.131565
0.065645
-0.092380
0.815363
-0.109958
0.694021
0.938597
0.488266
-0.918455
-0.207434
0.362407
-0.135533
-0.463668
0.511155
-0.244606
0.640431
-0.417707
0.770318
0.056734
-0.580676
0.512192
0.567553
0.767937
-0.288858
-0.796991
0.790216
0.235572
-0.513535
0.085971
-0.005951
-0.202063
-0.430036
0.170141
-0.961425
0.271218
0.073397
0.914914
0.561022
0.320231
0.889584
-0.465804
0.031159
0.950621
0.755486
0.936949
0.479598
0.759819
-0.436262
-0.061495
0.484176
0.360576
0.852657
0.059969
-0.775445
0.815424
-0.449324
-0.027558
0.315958
-0.566637
-0.970153
-0.682791
0.214087
0.254799
0.833003
0.011505
0.228797
-0.331156
-0.988159
0.810846
0.514267
0.273782
0.385601
-0.785333
0.248573
0.010895
-0.370647
0.078280
0.489303
0.294107
-0.711295
0.425886
0.118931
0.127659
-0.502853
0.094333
-0.867977
0.238990
0.263710
-0.718986
-0.514878
-0.994690
0.782952
-0.498886
0.691580
-0.675649
0.106052
-0.603442
-0.474654
-0.048006
0.350627
0.678152
-0.047761
-0.565538
0.249794
-0.982116
-0.445723
0.396405
-0.874752
0.198828
-0.972289
-0.929502
-0.434797
0.841365
0.220069
0.651479
-0.957274
-0.997864
0.701712
-0.866756
0.981506
-0.723991
-0.990112
-0.353496
0.057222
-0.031648
-0.836421
0.534165
0.378826
0.649098
-0.802484
0.568957
-0.654653
0.708914
0.153722
0.951659
-0.650746
0.701407
-0.113315
0.153050
0.948851
-0.017609
-0.774407
-0.913327
0.908689
-0.374248
0.123386
0.914914
-0.160192
-0.469100
0.938719
0.613453
-0.607715
0.455672
0.216346
-0.823664
-0.334025
0.731925
-0.067782
0.026032
-0.684133
-0.755058
0.763421
0.308573
-0.557665
0.095309
0.444502
0.150121
-0.527573
-0.626392
0.171972
0.506211
0.680349
0.475082
0.337748
-0.910825
-0.325846
-0.186071
0.610767
0.369915
-0.892697
-0.046541
0.363323
-0.109714
0.258583
-0.125889
0.051363
-0.564257
-0.376995
-0.456648
-0.877071
-0.020112
-0.958068
0.062288
-0.736686
0.402020
0.869625
0.272011
0.860103
0.850337
-0.359478
0.184362
-0.468795
-0.268838
-0.060884
-0.657704
-0.729362
-0.143590
0.838496
-0.685537
-0.940916
0.713675
0.145482
0.389325
-0.978149
0.934019
-0.890622
-0.623768
-0.973449
0.356426
0.877865
-0.794305
0.214087
-0.376141
-0.999145
0.197302
0.987915
0.131382
0.712638
0.054903
0.143345
-0.413862
-0.838252
0.904782
0.913694
0.808527
0.500168
0.667470
0.567736
-0.958922
-0.336772
0.828974
-0.248817
-0.683218
-0.297952
0.450728
-0.885800
0.747795
-0.905087
0.187048
0.434370
0.909116
0.141636
0.773309
0.510727
0.855159
0.298074
0.570177
-0.023530
0.493332
-0.824946
-0.038118
0.640187
0.400555
0.254921
0.822748
0.141758
-0.753471
-0.113559
-0.849727
-0.303934
-0.531724
0.479843
-0.871822
-0.215064
0.563097
-0.274697
0.139439
0.460738
0.667531
-0.587024
0.116184
0.059847
0.474532
-0.521348
0.648915
-0.896725
0.473983
-0.907407
-0.198462
-0.042207
-0.038423
-0.310892
-0.288003
0.243324
0.639088
0.001617
0.841365
-0.180151
-0.179113
-0.642384
0.590930
-0.022187
-0.783807
-0.603565
0.606738
-0.636402
0.136082
0.181799
-0.939756
0.705741
0.575488
-0.352641
-0.723502
-0.918149
0.707511
0.513413
0.967833
0.980285
0.129856
-0.072115
-0.393170
-0.915708
0.504807
-0.273293
-0.349956
0.188513
-0.079440
0.460616
-0.587512
-0.919370
0.193823
-0.987609
0.304117
-0.266274
0.379681
0.242958
-0.603748
-0.986389
0.957884
-0.702994
-0.905515
-0.344584
0.024384
-0.113987
-0.970275
0.339763
-0.400372
-0.426435
-0.211829
0.840876
-0.854183
-0.645924
-0.195410
0.999390
0.992798
-0.734611
0.983337
-0.411908
0.906308
-0.441755
0.088351
-0.230995
0.853633
-0.990356
-0.470565
-0.159154
0.670217
0.252785
-0.351604
0.648732
0.705679
-0.354900
-0.759697
-0.439070
0.714103
0.423383
-0.385784
0.284463
0.823298
0.319254
-0.868892
0.929991
0.824519
0.519028
-0.474471
0.351665
0.656056
-0.796381
-0.244057
-0.074862
0.017365
-0.264565
0.816828
0.928587
0.889340
0.922910
-0.748466
-0.474593
0.185644
-0.809259
0.986755
-0.485397
0.847346
-0.194128
0.792962
-0.476424
0.429853
-0.633351
-0.592944
0.224403
0.913205
0.587207
0.404096
0.041780
-0.710807
0.863338
0.263710
-0.929075
0.888180
0.322794
0.581103
-0.995605
0.906186
0.182226
0.845454
0.176305
-0.815424
0.802911
-0.227454
-0.384075
0.715445
0.001740
-0.924497
-0.762871
0.865413
0.513779
-0.938169
-0.907773
-0.118686
0.351176
-0.015839
0.921079
-0.321207
0.628101
0.297952
-0.813776
-0.401898
-0.001801
-0.184118
0.864986
-0.258705
-0.298502
0.437117
-0.318766
0.307840
-0.219092
-0.905942
0.878414
-0.771233
0.055696
0.447981
-0.288430
0.596850
-0.605152
0.412580
-0.437910
-0.428022
0.042024
-0.054964
-0.048250
0.712394
-0.946776
-0.421735
0.742546
0.509812
0.934996
0.402448
0.205725
-0.028657
0.432173
-0.219459
-0.434431
0.242286
-0.597278
-0.176794
-0.284219
0.407270
-0.396283
0.728813
-0.293802
0.752007
-0.075594
-0.665212
0.610584
-0.530808
0.264016
-0.431013
0.774529
0.030610
0.908567
-0.707266
0.656972
-0.293558
0.157323
0.586718
-0.635121
-0.213660
0.001984
-0.411847
0.014435
0.634877
-0.507248
-0.912412
0.543382
0.588061
-0.937254
0.453047
0.810785
0.143773
-0.337687
-0.301187
0.111728
0.135533
0.373577
-0.876278
-0.682730
-0.218360
-0.819086
-0.057894
-0.170141
-0.899106
-0.157994
0.029878
-0.585498
0.479720
-0.953856
0.537339
-0.602954
0.108554
-0.571154
-0.084384
-0.532823
0.610889
0.748039
0.203711
0.716483
-0.218604
0.100314
-0.635487
-0.022553
-0.855647
-0.426679
0.906674
0.783441
-0.794977
-0.014985
0.248085
-0.596606
0.628346
0.913633
0.372723
0.588122
-0.678335
0.424787
-0.351787
0.675283
0.681570
0.832636
-0.213355
0.153172
-0.067293
0.621815
0.838801
-0.139073
0.342814
0.888302
-0.662709
-0.991699
-0.445479
-0.416669
-0.542405
0.486007
-0.955443
0.741386
0.517930
0.134983
0.899960
-0.197790
-0.189062
0.702994
-0.027741
-0.021943
-0.163182
0.046236
-0.943785
0.569506
-0.604602
-0.736198
-0.952635
0.252297
-0.771966
-0.083468
-0.837764
0.768731
-0.061739
-0.078280
-0.883114
0.307779
0.630970
-0.550401
-0.240150
-0.481185
0.812311
0.258827
-0.828425
0.543626
0.246132
0.573595
-0.830927
0.357585
0.871029
0.095676
0.703543
-0.237953
0.985656
-0.591357
0.286905
0.282144
0.809565
-0.228004
-0.014618
-0.534227
-0.825617
0.915891
0.764153
-0.994079
-0.574816
0.684561
0.886776
-0.754814
0.008393
-0.142430
-0.708975
-0.288186
0.595080
0.310282
0.860652
-0.327433
0.920896
-0.203955
-0.891964
0.739494
0.018708
0.140294
-0.955687
0.197974
0.468978
0.738456
0.131687
0.575793
-0.498093
0.317301
0.965697
-0.470199
-0.860836
-0.372051
-0.975524
0.999756
-0.603442
-0.385052
0.842524
-0.876339
-0.674123
0.218360
0.201514
0.765618
-0.290139
-0.456343
-0.377422
-0.332316
0.539781
-0.894467
-0.979858
0.293558
0.246498
-0.056001
-0.188086
0.537278
-0.516526
-0.229408
0.095920
-0.030427
0.226417
0.993530
-0.697989
-0.853084
-0.187048
0.620594
-0.286721
0.395734
-0.791620
0.110263
0.450179
0.434614
-0.301675
0.793085
0.883602
-0.890744
-0.353191
-0.221656
0.964049
0.368816
0.223365
0.346599
0.175512
-0.899350
-0.685354
-0.762871
-0.882015
0.507370
0.707327
0.384503
0.617115
0.937498
0.770867
0.176611
-0.335612
-0.674612
0.451704
-0.326456
-0.757500
-0.184790
