0.437422
0.035127
0.067232
-0.070162
-0.458663
-0.032685
-0.442244
-0.093173
0.515305
-0.838313
-0.626270
-0.793695
-0.559862
-0.559191
0.331889
0.239845
0.669057
-0.309854
-0.095004
-0.105930
0.597827
-0.791620
-0.295755
-0.601306
0.989807
0.699698
0.348979
-0.002716
-0.563280
0.928282
0.716239
-0.791559
-0.646168
-0.876827
0.592456
-0.048555
-0.517685
-0.347270
0.547472
-0.321329
0.676870
-0.367168
-0.314859
-0.246498
0.814325
0.374493
0.512619
0.418317
0.450117
-0.011383
0.876522
0.213538
0.301614
0.356731
-0.021332
0.734855
-0.929014
-0.955809
-0.192358
0.919004
0.915525
0.621021
-0.178014
-0.542222
-0.649281
0.292154
0.452620
-0.218665
0.585681
0.809748
0.002716
-0.739921
-0.378521
-0.849116
0.540147
0.176366
0.231788
-0.248024
0.943113
-0.619495
0.890500
0.738090
-0.334452
0.159398
-0.075838
-0.594836
0.678701
-0.045503
-0.756157
-0.458968
-0.656789
-0.916135
0.244972
0.198462
-0.786676
-0.011444
-0.721061
0.705008
-0.076937
-0.894162
-0.962767
-0.210791
-0.393414
-0.966674
-0.327616
-0.922361
-0.095248
-0.678091
-0.404035
-0.966552
-0.408734
-0.207129
0.542344
-0.589953
-0.705191
0.989380
-0.607532
0.598071
0.005768
-0.674123
-0.602832
-0.900815
0.384198
0.391400
-0.370647
-0.283547
0.583544
-0.294351
-0.034516
0.790643
-0.722892
0.107578
0.951476
-0.255104
-0.908139
-0.098972
-0.068880
0.020295
0.149632
0.189795
0.200110
0.610645
0.475631
0.843318
-0.561205
-0.552171
-0.237342
0.373455
-0.573656
0.943419
0.536851
-0.489059
0.045686
-0.714774
0.002899
0.785638
0.216834
-0.080050
-0.557237
-0.819025
0.891964
-0.297647
0.307474
-0.188879
-0.440779
-0.428510
0.278420
0.141331
-0.504868
-0.391156
-0.980651
-0.469100
0.795099
0.775018
0.056734
0.479293
-0.225806
0.408490
-0.653554
-0.489608
-0.267617
-0.707389
-0.070650
0.420148
-0.951231
-0.295022
-0.716971
-0.828364
-0.216285
-0.350505
0.169591
0.420698
-0.555406
-0.709342
-0.919126
0.308634
-0.097995
-0.075961
0.814997
0.020966
-0.423017
-0.041108
0.300699
0.621693
0.666860
0.278115
-0.143406
0.356487
-0.719352
-0.876766
-0.225990
-0.422956
-0.832270
0.685781
-0.161412
0.922727
0.068758
-0.048128
0.429243
0.122898
0.784845
-0.067782
-0.824030
-0.681936
0.530442
0.882443
0.510605
-0.088900
-0.570666
0.968383
0.765496
-0.708060
0.463729
0.681936
-0.687429
0.570299
0.119480
-0.961730
-0.415143
-0.236000
-0.642506
0.784845
-0.765191
-0.645863
-0.192236
-0.788079
0.350261
0.021638
0.573717
-0.999207
0.972533
-0.223731
0.165075
0.949644
-0.411237
0.609851
-0.879757
0.746208
0.474166
-0.170812
0.566759
0.559069
0.925474
-0.515122
0.399762
-0.773980
0.871517
-0.635731
0.477035
-0.608997
0.279763
-0.316996
-0.831599
0.087497
0.543260
-0.271401
-0.065035
0.392193
0.728324
-0.342570
-0.298990
-0.198889
0.818171
-0.678152
0.955260
0.294839
0.024812
0.631153
-0.919919
0.132969
0.407270
0.227393
0.982360
0.911496
0.740349
0.397015
0.038911
-0.813349
0.818110
0.617481
-0.506394
0.647206
0.473556
0.413862
0.174963
0.480941
-0.613147
0.381756
0.568224
-0.067049
0.927732
-0.713187
0.744865
-0.781732
0.335246
0.611194
0.755669
-0.601978
-0.597888
-0.507736
0.416181
0.762871
-0.871700
0.699454
0.681936
-0.417646
-0.961547
0.035066
0.862117
0.308634
-0.915342
-0.681082
0.504990
-0.454085
-0.956542
-0.810114
-0.314676
0.897275
0.639454
-0.973632
-0.109836
0.166784
-0.237098
0.998352
-0.961791
0.786859
0.665761
0.575793
0.382183
-0.951598
0.130039
0.803217
-0.849361
-0.849116
0.809809
-0.780999
0.129917
0.902280
0.703726
-0.058321
-0.989135
0.598376
-0.477157
0.288797
0.560717
0.449751
-0.932127
0.134251
0.130711
-0.727103
-0.315958
-0.695608
-0.551317
0.685537
-0.846614
0.458846
-0.319010
-0.844295
-0.126499
0.635853
0.292825
-0.292337
0.153356
0.917722
-0.340251
0.124790
0.914121
-0.995727
-0.921628
0.676626
-0.846553
-0.561022
-0.091342
-0.001312
-0.250771
0.766472
-0.845637
0.944761
-0.750481
-0.674123
0.422163
-0.180944
0.682730
-0.055025
0.162511
-0.960875
-0.892392
-0.796747
0.107395
0.086215
0.094028
0.899045
0.840693
-0.820978
-0.430219
0.908017
-0.715995
-0.254189
-0.374126
0.061617
0.658010
0.344035
0.618641
-0.824274
0.404340
0.611621
0.217261
-0.076876
-0.186010
-0.525254
0.791192
-0.447005
0.102084
-0.374859
0.200537
-0.909543
0.610218
-0.964843
0.475875
-0.323588
0.753471
-0.727958
-0.983398
0.182775
-0.083956
-0.794244
-0.082919
0.077059
0.069063
0.610340
0.620716
0.460005
-0.183203
0.540880
-0.017060
-0.446455
0.885739
0.855098
-0.418561
0.279641
-0.026521
-0.330241
0.304971
0.645192
-0.302713
0.561144
0.444685
-0.696341
0.043611
-0.904965
-0.953001
-0.617847
0.860714
-0.450301
0.546495
0.884640
0.785272
-0.503220
-0.997253
-0.319437
-0.372417
-0.597339
-0.692373
0.750481
0.909909
0.250282
-0.753655
0.816828
-0.181310
-0.714713
-0.595996
0.618091
-0.437178
0.699576
-0.823359
-0.898312
0.782586
0.920896
-0.049837
0.731803
-0.788629
-0.032075
-0.839106
0.880612
-0.097079
-0.043733
-0.280679
-0.469161
0.407086
-0.348857
-0.531724
-0.296670
0.220008
0.696585
0.975829
-0.072481
-0.463973
0.588061
-0.132786
0.516343
-0.931944
0.098239
-0.866878
-0.371807
-0.197058
0.665700
-0.006134
-0.823237
-0.115513
0.183691
0.520493
-0.625233
0.482467
-0.596179
0.731498
-0.550584
-0.541063
0.213233
-0.928709
-0.977599
0.095798
0.507065
0.042329
0.280801
-0.665151
0.274880
0.370586
0.191687
-0.785760
-0.944395
0.906247
-0.736869
-0.163915
-0.916684
-0.287698
-0.902036
0.456465
0.861263
0.927549
-0.968810
0.725578
0.042024
-0.113865
-0.348430
-0.761834
0.668996
0.325053
-0.581957
-0.130955
-0.001495
0.963256
-0.228492
0.830988
0.572192
0.192358
0.647389
0.027314
0.962584
-0.511155
0.911435
0.574389
0.187475
-0.799371
0.173925
-0.313761
-0.561144
-0.838069
-0.141453
0.650990
0.624500
-0.797906
0.976440
-0.132298
0.803949
-0.547227
0.984985
-0.753899
-0.357219
0.964904
0.936827
-0.030732
0.038972
-0.093783
-0.065035
0.084384
0.023225
0.441816
0.100314
0.838435
0.327921
-0.270852
0.178503
-0.939879
-0.214393
-0.799249
0.269265
-0.580126
0.539293
0.606250
0.016205
0.369976
0.619861
0.631275
-0.347819
0.635426
0.167516
0.216163
0.369366
-0.117527
0.265114
-0.106113
-0.292398
0.378460
0.797357
0.893796
0.233863
0.722709
-0.326518
-0.427961
-0.841487
-0.504013
-0.579821
-0.463607
0.749809
0.260720
-0.891537
-0.921751
-0.005341
0.027009
0.308084
-0.051302
0.625172
0.022004
0.723380
0.075594
0.840754
-0.590014
-0.514451
-0.989990
-0.284158
-0.136998
-0.994324
0.745720
-0.014496
0.660024
0.577746
-0.752739
0.740776
0.001373
0.133641
-0.323649
-0.185339
0.014252
0.006623
-0.137669
-0.945372
-0.690298
0.809442
-0.894284
0.659658
0.239784
0.558763
0.893185
-0.059175
-0.308023
-0.344218
-0.603504
-0.551317
-0.335124
-0.840083
-0.931883
0.530015
0.370464
0.653005
0.701895
0.325541
0.960082
0.880490
-0.811579
-0.672231
0.814875
-0.900876
-0.452620
-0.603565
0.151769
0.427595
-0.026887
-0.040193
-0.814875
-0.614368
-0.867672
-0.678823
0.530503
-0.613269
0.495102
0.894406
0.916807
-0.423078
0.539476
0.451033
-0.645924
-0.925962
-0.456832
0.649709
0.154759
-0.064119
-0.137303
0.039094
0.424238
0.377544
0.969481
-0.603381
-0.765374
-0.873836
0.716666
0.808588
0.255776
0.837214
-0.443525
-0.672903
0.438765
-0.440474
-0.655446
-0.531297
0.130406
-0.787774
0.703726
-0.039399
0.660573
0.354961
-0.195654
-0.198767
0.180578
0.392132
-0.108737
0.620899
-0.438826
-0.538011
0.510056
-0.266823
-0.670156
0.339152
-0.473678
-0.009796
-0.292581
-0.252785
-0.128880
0.493027
0.257485
0.590075
0.507370
0.520554
-0.277261
0.070162
0.211463
0.598560
-0.702322
0.765984
-0.885006
0.528184
0.978881
-0.338176
-0.156407
-0.997925
-0.520981
-0.923521
-0.628895
-0.344218
-0.457869
0.409284
-0.103793
0.972167
-0.149083
-0.189367
-0.246681
-0.137852
0.174291
0.018586
-0.902158
0.704215
0.532029
0.853145
0.253945
-0.454573
0.114536
0.948912
-0.864620
-0.152257
0.790155
0.092685
-0.183630
-0.898007
0.444929
-0.250587
-0.642140
0.619861
-0.103488
-0.586840
-0.970336
-0.575243
-0.598071
0.718192
0.656606
-0.823969
0.975219
-0.791375
0.121311
0.090182
0.324992
-0.428694
-0.593799
-0.091281
0.273782
0.562914
-0.496445
0.494552
0.306925
0.367046
0.810297
-0.478195
-0.615223
-0.603320
0.226905
-0.406049
-0.023103
0.819086
-0.777581
0.330790
0.443709
0.207923
-0.614612
0.997925
-0.686514
-0.319376
0.938292
0.990478
-0.939512
0.635792
-0.396039
0.984375
0.486984
-0.708792
-0.842830
-0.999512
0.122288
0.198645
-0.264138
-0.293924
-0.347148
0.996094
-0.359905
0.770013
-0.605945
-0.932127
0.969115
0.047334
-0.684194
-0.824458
0.248756
0.600330
-0.128636
0.482223
-0.182531
-0.293313
-0.229163
0.853694
-0.072420
-0.831477
-0.215735
-0.999634
0.078158
-0.930296
0.153539
0.846492
-0.949889
-0.579943
0.199805
0.156163
0.776055
0.454085
0.776727
0.250526
0.500961
0.384381
-0.849605
0.173193
0.409955
-0.898984
0.577013
0.135716
0.269021
0.526597
-0.336955
0.156529
0.752800
0.883786
-0.120212
0.990478
0.251259
0.917112
0.510239
0.138157
0.262490
-0.662465
0.407392
-0.488083
-0.846492
-0.117893
-0.907651
-0.741508
0.313089
0.534227
-0.687063
0.135289
0.155065
-0.285684
-0.226966
-0.399274
0.037324
-0.297159
0.804559
0.079928
0.003571
-0.608509
-0.348857
-0.456709
-0.315714
0.918027
-0.358501
-0.556444
-0.342326
-0.748589
0.938108
-0.732536
-0.516831
-0.804926
-0.581042
-0.015107
0.844356
-0.495590
0.055696
0.657949
-0.767510
0.807184
-0.181188
-0.239906
-0.870418
-0.032258
-0.900815
0.459151
-0.285257
-0.081881
-0.270486
-0.326762
-0.929075
-0.798273
-0.754387
-0.902951
0.038057
0.572985
0.739128
0.617481
0.299966
-0.933470
-0.663930
-0.316568
0.079623
0.799982
-0.835688
-0.477889
0.034028
0.988769
0.981750
0.596118
-0.166051
-0.490036
0.077670
-0.359050
0.348613
0.805841
0.094211
0.822504
-0.883297
0.173376
-0.753594
0.010468
-0.579394
0.755058
0.017243
0.109165
0.755913
0.795587
-0.450667
-0.849788
-0.736808
0.905026
-0.296487
0.247291
-0.443648
0.968505
0.896786
0.909238
0.608997
0.794183
-0.645314
-0.920530
-0.524094
0.444990
0.752739
-0.312113
0.331828
0.576891
0.070956
-0.683218
-0.090732
-0.709830
-0.669790
0.043245
0.053804
0.602710
-0.228980
0.168493
0.661061
-0.173864
0.995178
-0.217811
0.783624
-0.204138
0.985290
-0.728202
-0.514634
-0.893429
0.037507
0.095981
-0.606006
0.953734
0.221900
0.526109
-0.016083
-0.588794
0.531541
-0.152684
0.680898
0.372234
0.244911
-0.894528
-0.968200
0.858699
-0.614978
-0.741630
-0.677786
-0.388165
0.171728
-0.702750
0.689627
0.115085
-0.471541
0.417158
0.863216
0.195288
-0.731864
-0.447615
0.294534
0.147435
0.535813
-0.192846
-0.943480
0.478927
-0.692923
0.247658
-0.845576
0.841792
-0.145238
-0.475692
-0.261513
0.142857
-0.116672
-0.319010
-0.178381
0.833796
-0.338237
0.877316
0.322123
0.932371
-0.409955
0.178320
0.727775
-0.928526
-0.441023
-0.415876
-0.897397
0.508164
0.332377
0.687735
0.004608
-0.752068
0.361370
-0.227821
-0.851131
0.134007
-0.390179
-0.441389
-0.402570
0.438826
0.086703
-0.458541
-0.050935
-0.549547
0.868160
-0.375652
-0.917356
-0.362651
0.382977
0.203894
0.995361
0.696890
-0.728385
-0.034333
-0.898923
-0.582568
-0.998413
0.171972
-0.392865
0.284829
0.834468
0.361919
0.635121
0.102634
0.688040
-0.841792
0.730277
-0.591845
0.578722
0.693960
0.249062
-0.078585
-0.802667
0.042695
0.868404
0.200354
-0.515366
-0.870235
-0.643544
-0.326029
0.635731
0.895016
0.136753
0.907651
0.488754
0.301431
-0.366314
0.244484
-0.584521
0.131077
-0.346171
-0.790460
0.407514
0.098666
-0.327799
0.066622
-0.355754
0.700430
0.128636
-0.106113
0.270486
-0.918638
-0.313761
0.078585
-0.869869
-0.567064
-0.977477
-0.130528
0.982788
-0.904294
0.711966
-0.117405
-0.839228
0.627125
0.823664
0.340251
0.191931
-0.115268
-0.773247
0.241310
-0.522874
-0.696341
-0.668813
-0.511948
0.403974
-0.513413
-0.381085
0.574389
0.466292
0.089450
0.108127
0.588244
0.613880
0.129856
-0.189184
0.147069
-0.219703
-0.139744
0.791864
-0.759819
0.390667
-0.694815
0.829951
-0.945677
0.555284
0.513352
-0.172277
-0.197851
-0.254189
0.906369
-0.854549
0.380902
0.796991
0.959838
0.605579
0.178991
-0.949156
-0.318094
-0.510666
0.444746
0.884030
-0.293191
-0.384198
-0.133885
-0.399274
0.394269
-0.008759
-0.573168
-0.141026
-0.298929
0.757439
0.865596
-0.351238
-0.660756
0.235145
-0.400372
0.058931
-0.015534
0.039460
0.547227
-0.818476
-0.007660
-0.043733
0.227088
0.737785
0.845943
-0.003632
-0.128147
0.655507
0.770013
-0.802728
-0.091586
-0.750786
-0.141575
-0.179357
0.456954
-0.768792
0.314066
0.545274
-0.660268
-0.883297
-0.542833
0.888180
0.766900
-0.653310
-0.818476
0.439070
-0.143956
0.196387
-0.105991
-0.902707
0.599841
-0.974364
-0.902646
-0.509384
-0.746818
-0.959532
0.301553
0.511704
-0.637623
-0.168859
0.794794
0.194494
-0.692373
0.961974
-0.760613
-0.964721
-0.113437
-0.010590
0.797296
0.618885
-0.843501
0.115452
-0.044343
0.775872
0.592273
-0.232643
0.531785
-0.020600
0.557482
-0.459822
0.115085
0.314188
-0.587939
-0.287942
0.042451
-0.460005
0.793634
-0.028108
0.663198
-0.782403
-0.433454
-0.643483
-0.955443
0.330119
-0.370830
-0.717521
0.853389
-0.873836
0.627735
-0.616016
0.127781
-0.611560
0.360881
0.480331
0.153966
0.944273
0.064974
0.340190
0.399518
-0.378033
0.061739
-0.494491
0.293802
-0.329447
0.918882
0.940428
0.278603
0.784051
-0.119114
0.941221
-0.631520
0.928098
-0.306131
0.236366
-0.312662
-0.293558
-0.811090
-0.561876
-0.442610
-0.647755
0.428449
-0.219337
-0.352641
-0.696463
-0.518540
0.506088
-0.394696
-0.488144
-0.414411
0.181860
-0.331889
-0.377361
0.452498
0.369976
-0.704398
0.163854
-0.371075
-0.290445
-0.366314
-0.380108
-0.105564
-0.581652
0.543443
-0.217322
-0.742302
-0.407208
0.400311
-0.600269
0.241676
0.783807
0.848994
0.264931
0.972045
-0.684439
-0.358867
-0.251198
0.724357
-0.552477
-0.473556
0.944334
0.996277
0.902707
0.207862
-0.715323
-0.567980
0.197119
-0.067232
-0.012787
0.524644
-0.799554
-0.817560
-0.866695
-0.339579
0.918394
0.918332
0.953490
-0.342448
-0.397137
0.677847
0.358318
-0.828608
0.465804
0.336955
0.659291
-0.416791
-0.745659
0.648244
0.085726
0.930540
-0.225379
0.854427
-0.007294
0.373028
0.770257
-0.918210
0.340373
0.779839
-0.870846
-0.116123
0.064852
0.650319
-0.205969
0.340617
0.350810
0.524277
-0.528123
-0.559984
-0.760796
0.273965
-0.251015
0.865230
-0.016388
-0.848262
0.804010
0.745842
-0.553331
-0.960875
-0.846919
-0.213965
-0.890255
0.387982
-0.559374
0.030793
0.180639
-0.831477
-0.251259
0.524461
-0.724479
0.543626
0.213965
-0.636952
-0.578600
0.342265
0.800104
-0.147435
-0.631886
-0.140904
-0.444502
0.705008
-0.858150
-0.244240
0.515427
0.223060
-0.037751
0.447859
-0.416669
0.098605
0.964171
-0.765007
0.883724
-0.280923
0.224158
-0.589038
0.998108
0.787347
0.281777
-0.144444
0.013825
-0.058687
-0.329936
-0.649342
0.983520
0.987487
-0.594043
-0.665639
0.611255
0.382733
0.779473
-0.927976
0.861568
-0.439009
0.598804
-0.586657
-0.610767
0.892758
0.650929
-0.036714
0.745720
-0.227332
-0.216407
-0.447798
0.376690
-0.568468
0.218787
0.524583
-0.351360
0.484970
-0.548814
0.772027
0.641469
0.616688
0.142247
-0.629749
0.068636
-0.850032
0.170263
-0.424421
-0.496506
-0.988159
-0.761101
0.943968
0.239113
0.716666
-0.761101
-0.817560
-0.305704
0.990722
-0.032807
0.339152
-0.186377
0.938231
0.203284
0.214637
0.833613
0.010346
-0.575304
0.308573
0.680471
-0.641224
-0.029633
0.784967
-0.564806
0.300211
0.359600
-0.577563
0.945860
-0.937559
-0.981567
0.368877
0.647023
-0.646474
0.223487
-0.040620
0.505417
0.138768
-0.669179
-0.832331
-0.609851
-0.021577
0.023713
-0.004364
0.486862
0.773675
0.737663
-0.765496
0.715079
0.741691
-0.926328
0.539415
-0.109592
0.388043
-0.172704
0.294961
0.232826
0.530320
0.718497
0.379009
0.105014
-0.958495
-0.684072
0.227454
-0.694021
-0.162206
0.099277
-0.971068
0.087069
-0.781549
0.850764
0.620716
0.964904
-0.304605
0.804376
-0.904172
0.122837
-0.052644
-0.997620
0.433699
0.851924
0.152989
-0.746696
-0.539476
0.128208
0.327799
-0.191259
-0.517685
0.952635
-0.704215
0.840938
0.746635
0.756890
-0.140904
0.584887
-0.426984
-0.494064
-0.274514
-0.623585
-0.026826
-0.906247
-0.553148
-0.077120
0.964171
0.600513
-0.542100
0.363384
0.474349
-0.693533
0.494980
-0.542711
0.655385
-0.253212
-0.469832
-0.378033
-0.787286
0.990783
0.073519
-0.696036
0.834101
0.968566
-0.410932
0.712333
-0.268410
-0.971740
-0.344035
0.979553
0.152745
-0.696219
0.791986
0.312601
0.340922
-0.164159
-0.332621
0.557054
0.111789
0.673635
-0.633778
0.080721
-0.958556
-0.371136
-0.367351
0.449690
-0.051424
0.015900
0.164342
-0.249489
0.880123
0.771905
-0.880306
-0.109653
-0.512070
0.098422
-0.550096
-0.885556
-0.574999
-0.441511
-0.258705
-0.512375
0.015961
0.199438
0.525803
0.317789
-0.280923
-0.457991
0.095370
-0.813288
-0.888668
-0.241310
0.778985
0.852596
-0.078951
-0.849178
-0.268044
0.363689
-0.540086
0.054720
-0.209632
-0.753349
0.589831
-0.853328
0.727653
-0.691580
0.035432
-0.799432
-0.331767
-0.897885
0.584521
0.986755
0.700552
-0.730461
-0.334574
-0.665883
0.455855
0.486679
-0.704520
0.876827
-0.544359
-0.526597
-0.203345
-0.384747
0.816950
0.838130
1.000000
0.871273
-0.946593
-0.954955
0.569384
0.630787
0.703421
-0.620655
-0.029328
-0.387799
-0.499619
0.986084
0.731010
0.829157
0.726554
0.589404
-0.091464
0.574145
0.910764
0.768914
0.953978
0.317789
-0.797967
0.210608
0.757561
0.187963
-0.580493
-0.444685
-0.262429
-0.367718
0.582018
-0.099277
0.575610
-0.767266
0.949034
-0.811518
-0.912168
-0.980895
-0.180517
0.857234
0.443098
0.964782
-0.590686
-0.028230
-0.246742
0.568224
-0.499130
0.946959
0.674368
-0.563097
0.612293
0.951109
0.452132
0.145482
-0.328227
0.226722
-0.758965
0.765740
-0.586352
0.588244
-0.643361
-0.884762
-0.266030
0.073519
-0.804071
-0.146702
-0.818842
0.848506
-0.479659
-0.189062
0.744804
-0.950316
0.659963
0.753410
-0.917722
-0.445967
0.798090
-0.484603
0.652760
-0.698660
-0.256630
0.092013
-0.198767
-0.990417
-0.488571
-0.980163
0.663808
0.616321
-0.241432
0.917234
0.139317
0.502243
0.043306
-0.131199
0.016083
0.787408
-0.548143
-0.879086
-0.283853
0.848445
0.934507
-0.009919
-0.153233
0.237037
-0.132969
-0.336222
0.717215
0.619922
-0.863338
0.515427
-0.415815
-0.607898
0.039583
0.197913
-0.242103
0.712699
0.212622
0.514573
-0.292459
0.849849
-0.519639
0.058687
-0.706656
-0.291849
0.551744
0.154393
-0.483261
0.200781
-0.165441
-0.722648
0.614734
-0.038301
-0.689261
-0.528123
-0.434492
-0.958312
0.373943
-0.671255
0.049776
0.558824
0.666311
0.933714
0.093051
0.453841
-0.384503
0.982421
0.516465
-0.841853
0.210364
-0.194739
-0.706168
0.613269
0.905393
-0.707999
0.093234
-0.001251
-0.397687
0.981567
-0.650807
0.792230
0.891598
-0.269082
-0.781549
-0.539903
-0.725761
0.660939
0.287088
-0.545518
-0.993713
-0.935789
-0.862423
0.958556
-0.372356
0.223548
-0.648122
0.851314
-0.681509
-0.304422
-0.522813
0.631947
0.053499
0.455184
0.829585
-0.733024
0.376995
0.475753
0.097568
0.859493
0.868648
-0.382061
-0.908994
0.993164
0.769158
0.290262
-0.040864
-0.150243
-0.385052
-0.343547
0.539537
0.463363
-0.732597
-0.559801
-0.908139
0.185583
-0.900082
0.820307
0.632862
-0.361858
-0.880856
0.233497
-0.115513
-0.381939
0.026948
0.324870
0.011139
-0.376751
0.489608
-0.979858
0.026460
0.709952
0.186438
-0.232521
0.678213
0.557176
-0.943052
0.803278
0.997620
0.568834
-0.493698
-0.406903
0.962401
0.404035
0.829463
-0.401898
0.638783
0.340129
0.686148
0.351787
0.363689
0.141209
0.520615
0.554552
-0.714286
0.643300
0.501572
-0.510727
0.487472
-0.699026
-0.600085
0.542100
0.699087
0.849727
-0.860714
0.234596
-0.760613
0.588916
0.077975
0.396466
0.144139
-0.894894
0.419172
-0.003937
0.057711
0.421369
0.080844
-0.250649
-0.296793
0.465255
-0.506760
-0.376263
-0.540941
-0.077059
0.086764
0.073397
0.770196
0.957213
0.148839
-0.281899
-0.974303
-0.790277
-0.107944
-0.913755
-0.300333
0.045442
0.437788
-0.485641
0.388897
-0.925779
0.292276
0.193152
0.768609
-0.753716
-0.021760
0.892636
0.360759
-0.695059
0.549852
0.681265
0.986999
-0.566149
0.352031
0.575732
-0.692312
-0.192236
-0.488327
-0.810053
-0.182226
0.293741
0.780328
-0.963561
-0.213721
-0.764641
-0.248817
0.389386
0.921873
-0.469588
-0.866634
0.911618
-0.945189
-0.496933
0.356792
-0.845210
-0.097629
-0.026826
-0.809381
-0.075533
0.353313
-0.143895
0.336833
0.521165
-0.954955
-0.942930
-0.871090
-0.615345
-0.988769
-0.304849
0.527940
-0.143651
-0.364788
0.238990
-0.186499
-0.315531
0.897580
0.008576
-0.108798
-0.088839
-0.178747
0.632984
0.488571
-0.260781
0.266701
-0.174535
-0.269997
-0.936705
-0.597400
0.450911
0.600146
0.188635
-0.768181
-0.081149
0.735649
-0.239662
0.644154
0.329875
0.045137
0.912290
-0.776727
0.754692
-0.432661
-0.641041
0.755547
-0.069857
-0.588427
-0.312967
0.590442
0.223670
0.415143
0.800592
-0.747429
-0.359661
-0.328227
0.357646
0.080294
0.766594
-0.272805
-0.110996
0.243873
-0.275246
0.095431
0.075716
0.909543
0.126865
-0.383343
-0.965514
-0.115635
0.438581
-0.958068
-0.566576
0.406598
0.233924
-0.085299
-0.745293
-0.782037
-0.044832
0.750053
0.120151
-0.031831
0.642140
0.688711
0.345317
0.052461
-0.724479
0.483932
0.208228
0.005890
0.976501
0.426008
0.837764
0.168004
0.116062
-0.272317
-0.762017
-0.514756
0.013947
0.495773
0.656728
0.086337
0.984985
0.440352
-0.985595
0.043489
-0.583544
-0.967772
-0.251015
-0.639393
-0.531419
-0.889523
-0.442793
-0.978454
0.226722
0.704520
-0.235389
-0.099277
0.455489
-0.909055
0.586779
0.823908
0.967528
0.573168
0.148595
0.977905
0.731742
0.065218
0.619495
0.657216
-0.456221
-0.886166
0.710135
-0.248512
0.365093
0.160558
-0.600085
0.345256
0.542344
-0.922239
0.413068
0.790094
-0.391278
-0.309122
-0.273721
0.397198
0.191198
-0.596484
0.353008
0.694754
0.814875
-0.441633
-0.489792
0.856075
0.887265
-0.330119
-0.321268
0.063082
0.092563
0.212928
-0.162633
-0.957518
-0.099521
0.075594
0.538560
-0.138157
-0.571764
-0.086093
-0.125401
-0.067049
0.462874
-0.821589
0.356426
0.505173
-0.723685
-0.970275
0.754753
0.986572
-0.114597
0.452132
-0.670827
-0.537156
-0.683035
0.740654
0.049715
0.049104
-0.910459
-0.478256
-0.248878
-0.119419
0.948607
0.604236
-0.359539
0.407880
0.001373
-0.242836
0.361187
0.091342
-0.202490
-0.035981
0.865535
0.403729
-0.162023
-0.250404
0.694998
0.187353
0.841853
0.909299
0.809320
0.224830
-0.730522
-0.178686
-0.020661
-0.681936
-0.014374
-0.923765
-0.201880
-0.639454
0.517258
-0.896908
0.993835
0.531114
0.500595
0.300455
-0.775323
0.809137
-0.885372
0.368816
0.334574
0.045015
-0.101474
-0.625477
-0.146825
0.946348
0.701895
0.445845
-0.163915
0.613575
0.987732
-0.270119
0.881222
0.421674
-0.218055
0.558458
-0.711356
-0.756951
0.497665
0.267739
-0.647633
-0.523362
-0.598987
0.630360
-0.161962
-0.975524
0.728751
0.084750
-0.096286
-0.537217
-0.420576
-0.189001
0.879940
0.770867
0.667165
0.422773
-0.234718
-0.634571
0.576464
0.416486
-0.162389
-0.769280
0.506149
-0.012177
-0.186499
0.143590
-0.156590
0.528977
0.216529
0.930601
0.649709
-0.801752
0.800958
-0.718497
-0.122349
0.638050
-0.371258
0.514573
-0.857845
0.776605
0.987487
-0.893429
0.174108
0.395428
0.812983
-0.838618
0.149510
-0.397137
0.226844
0.801874
0.740898
0.419111
0.678152
0.358806
-0.385907
0.600146
-0.534227
-0.796686
0.791559
0.745598
0.119419
-0.566393
0.813044
-0.325541
-0.066744
0.790826
-0.604602
-0.561876
0.722648
0.847835
0.089999
-0.440229
0.746330
-0.894894
-0.027009
0.297647
-0.947325
0.436201
0.975951
0.272134
-0.051180
-0.512375
-0.282083
0.761345
0.231971
-0.475265
0.062349
0.619984
-0.777154
-0.437971
0.519211
-0.110141
0.029939
0.264504
-0.742363
-0.944639
0.007111
-0.418012
-0.716178
0.250282
-0.071810
-0.044221
0.442366
0.051119
0.819025
-0.088595
0.031648
-0.219825
0.929136
-0.539476
0.608936
0.625721
-0.044221
0.954527
0.582202
-0.276406
-0.386639
0.510971
-0.046907
-0.657094
0.477035
-0.003754
0.455245
-0.547960
0.776482
0.737480
0.846736
-0.510788
-0.493332
0.132298
0.607410
0.583300
-0.259987
-0.068392
-0.684500
-0.460189
0.553209
-0.268349
0.679495
0.247719
-0.190466
0.065645
-0.092380
0.815363
-0.647694
-0.442061
0.861690
-0.983520
-0.918455
-0.207434
0.362407
-0.135533
0.377422
-0.497177
-0.849300
0.640431
-0.417707
0.770318
0.056734
-0.580676
0.512192
0.602710
0.767937
-0.288858
-0.796991
0.790216
0.235572
-0.513535
0.086398
0.849971
0.246864
0.871151
0.170141
-0.961425
0.271218
0.073397
0.047884
0.561022
0.320231
0.892758
-0.589709
-0.757866
0.950621
0.755486
-0.569445
0.479598
0.759819
-0.436262
0.496200
0.571520
0.360576
0.852657
0.724845
0.765435
0.815424
-0.449324
0.931944
0.055879
-0.566637
-0.970153
-0.534532
-0.931394
0.254799
-0.050874
-0.462447
-0.536607
-0.577197
-0.988159
0.810846
-0.588061
-0.139927
-0.735221
0.450850
0.248573
0.846370
-0.370647
0.078280
0.489303
0.215674
-0.312052
0.118809
0.118931
-0.181066
-0.502853
-0.460555
-0.867977
0.238990
0.263710
-0.718986
-0.514878
0.412580
-0.947264
-0.635487
0.554125
-0.675649
-0.644154
-0.603442
-0.474654
-0.048006
0.350627
0.678152
-0.987060
0.792291
0.249794
-0.982116
-0.445723
0.396405
-0.874752
0.198828
-0.972289
-0.929502
-0.434797
0.351482
0.220069
0.447798
-0.957274
-0.997864
0.701712
0.406049
0.981506
-0.474715
-0.990112
-0.353496
0.057222
-0.031648
-0.836421
0.363506
0.289407
0.649098
-0.802484
-0.165136
-0.654653
0.708914
0.153722
0.951659
-0.650746
0.130894
-0.113315
0.153050
-0.119663
-0.017609
-0.774407
-0.913327
0.908689
-0.374248
-0.497604
0.411847
-0.595080
-0.469100
0.810724
-0.496872
-0.607715
0.238990
0.216346
-0.532701
0.091098
0.731925
0.912229
0.666066
-0.336711
0.310770
0.819269
0.109653
-0.866939
0.095309
0.444502
0.150121
-0.735099
-0.626392
0.171972
-0.921384
-0.518662
0.475082
-0.847591
-0.910825
-0.967040
-0.186071
-0.851741
0.369915
0.581713
0.390606
0.363323
-0.716544
0.932615
-0.125889
0.972594
-0.564257
-0.376995
-0.441023
-0.877071
0.064669
-0.126133
-0.050447
-0.177770
-0.224769
0.869625
0.490890
0.860103
0.850337
-0.229713
-0.392987
-0.068392
-0.268838
-0.965087
-0.972716
-0.729362
-0.114048
0.838496
-0.685537
-0.940916
-0.276406
0.145482
0.389325
-0.978149
-0.617176
-0.890622
-0.623768
-0.973449
0.762566
-0.295572
-0.794305
0.214087
-0.376141
0.074740
0.197302
-0.007477
0.131382
0.812494
0.007050
-0.553087
-0.413862
-0.838252
-0.956053
0.913694
0.808527
0.230445
0.667470
-0.818110
-0.958922
-0.336772
0.334208
-0.227821
-0.683218
-0.297952
-0.511643
-0.885800
0.074129
-0.531114
0.782769
0.450423
-0.918699
0.141636
0.773309
0.823176
0.159581
-0.839900
0.570177
-0.023530
0.493332
-0.824946
-0.038118
0.640187
0.400555
-0.645985
0.822748
0.000641
0.294534
-0.113559
-0.849727
-0.286294
-0.531724
0.479843
0.762017
-0.215064
-0.697562
-0.274697
0.849422
-0.609912
0.302591
0.713065
0.116184
0.059847
0.474532
0.501267
0.648915
-0.896725
0.473983
0.146825
-0.198462
-0.146031
-0.038423
-0.423200
-0.288003
0.080538
0.791314
0.001617
0.841365
-0.180151
-0.179113
-0.642384
-0.315165
-0.022187
0.111118
0.213660
0.590197
-0.207617
0.136082
0.181799
-0.939756
-0.342448
0.342998
-0.352641
0.455245
-0.020234
0.707511
0.324747
0.782098
0.669607
0.129856
-0.072115
-0.393170
-0.915708
-0.698050
-0.273293
-0.349956
0.542161
-0.079440
-0.408368
-0.587512
-0.919370
0.193823
-0.987609
0.304117
-0.266274
0.379681
0.242958
0.554247
-0.986389
0.027131
-0.130894
-0.905515
-0.344584
-0.594714
-0.113987
0.466292
0.866512
-0.053072
-0.426435
0.787469
0.840876
-0.854183
0.623646
-0.354900
0.999390
0.992798
-0.488937
-0.884579
-0.411908
0.906308
-0.441755
0.088351
-0.230995
0.853633
-0.990356
-0.470565
-0.159154
0.670217
0.987426
-0.351604
-0.695120
0.062777
0.915342
0.745659
0.240272
0.714103
0.423383
-0.385784
0.284463
0.823298
0.582507
-0.868892
0.929991
-0.030427
0.519028
-0.474471
0.182531
-0.161412
0.470870
-0.244057
-0.603565
0.017365
-0.264565
-0.558458
0.928587
0.889340
0.922910
-0.748466
0.187963
0.185644
-0.856868
0.986755
-0.485397
0.847346
0.444929
0.792962
0.858028
0.429853
-0.614124
-0.592944
-0.576769
0.913205
0.720328
-0.621021
0.041780
-0.262734
0.863338
0.639393
-0.929075
0.167638
0.322794
0.581103
-0.995605
0.906186
-0.437422
0.598987
-0.825861
0.270791
0.170934
-0.681814
-0.384075
-0.059603
0.001740
0.385052
0.131077
0.311747
0.513779
0.131321
0.681570
-0.118686
0.154637
-0.250710
0.921079
-0.258705
-0.451765
0.297952
-0.813776
-0.476730
0.324137
0.402020
0.685659
-0.258705
-0.053560
0.437117
-0.662770
0.307840
-0.219092
-0.905942
0.878170
-0.771233
-0.816401
0.447981
0.025544
0.596850
-0.967833
0.412580
-0.264321
-0.428022
0.042024
-0.054964
0.897214
0.712394
-0.946776
0.005646
0.742546
0.509812
-0.569079
-0.866878
0.336833
-0.251503
0.432173
0.966857
0.463912
-0.803339
-0.597278
-0.207923
-0.284219
-0.949644
-0.194067
0.728813
0.459883
-0.038606
0.033662
-0.665212
0.610584
-0.530808
0.871395
-0.307962
0.568834
0.030610
-0.006989
-0.707266
0.171484
0.161779
0.196570
-0.309854
-0.725333
-0.213660
0.492111
0.987915
0.014435
-0.179418
0.956053
-0.912412
-0.667104
0.588061
-0.937254
0.453047
0.810785
0.030427
0.839045
-0.638234
0.111728
0.135533
-0.709769
-0.780816
-0.155492
-0.218360
-0.819086
-0.619617
0.222144
-0.387188
-0.157994
-0.815729
0.239174
0.479720
-0.953856
0.537339
0.340373
0.178747
-0.649159
-0.084384
-0.532823
0.610889
-0.909665
-0.140843
0.716483
-0.218604
0.677969
-0.635487
-0.924986
-0.855647
-0.426679
0.906674
0.783441
-0.794977
-0.207556
0.138401
-0.596606
0.628346
0.913633
0.372723
0.166845
-0.427046
-0.399091
-0.351787
0.675283
0.681570
-0.504318
-0.213355
0.033479
-0.726493
-0.713858
0.838801
-0.014740
0.342814
-0.165258
-0.795221
-0.816950
-0.546617
-0.416669
-0.480026
0.486007
-0.955443
-0.315043
-0.447066
0.323099
-0.011139
-0.197790
0.403974
0.702994
-0.785089
0.243629
-0.641591
0.969787
-0.943785
0.569506
0.936399
-0.891293
-0.712821
-0.848262
-0.943113
-0.083468
-0.837764
-0.137608
-0.061739
-0.078280
-0.381695
-0.599597
0.323405
-0.550401
0.913450
0.108737
0.812311
-0.399457
0.603076
0.543626
0.246132
0.867244
-0.001495
0.329264
-0.970946
0.511582
0.972716
-0.237953
0.985656
-0.591357
0.286905
0.282144
0.231483
-0.228004
-0.014618
-0.989685
-0.311197
-0.002045
0.764153
-0.994079
0.037873
-0.386456
0.205420
-0.754814
0.008393
-0.142430
-0.827509
-0.608570
0.595080
0.310282
0.860652
-0.327433
0.920896
-0.203955
-0.236610
0.739494
0.018708
-0.058077
-0.749626
0.197974
-0.234107
0.738456
0.598804
0.882076
-0.498093
0.317301
0.965697
-0.470199
-0.860836
-0.372051
-0.975524
0.999756
0.969298
-0.893124
0.539964
-0.804376
-0.772271
-0.951170
0.633229
0.765618
-0.325419
0.435224
-0.377422
0.203406
0.539781
-0.360088
-0.979858
0.293558
0.246498
-0.916623
-0.188086
-0.418195
-0.516526
-0.514634
0.095920
0.198462
-0.298441
-0.145787
0.546373
-0.105136
-0.187048
0.620594
0.984924
-0.092074
0.296609
-0.968627
-0.414167
-0.113437
-0.301675
-0.248390
-0.674917
0.555895
-0.353191
-0.417035
-0.828303
0.368816
-0.333048
-0.587573
0.579089
0.755486
-0.161290
-0.762871
-0.056429
0.568590
0.250343
0.741813
0.617115
0.617847
-0.382672
0.176611
-0.742973
0.121128
0.482589
0.882687
-0.136937
-0.184790
