-0.188757
0.452437
-0.851985
-0.145116
-0.050325
0.694632
0.935301
0.908261
-0.673940
0.466353
0.009674
0.386944
-0.623951
-0.687918
-0.156163
-0.787225
-0.723258
0.674368
-0.432905
-0.322367
0.819147
-0.505234
-0.447798
-0.651051
-0.726005
0.143956
0.045198
-0.560595
0.939512
-0.209510
-0.996826
0.237587
-0.259926
-0.555040
0.812799
0.964599
0.374065
0.677602
-0.096164
0.376934
-0.596606
-0.041108
0.582263
0.270486
0.864620
-0.289163
0.284829
-0.188208
-0.751762
-0.440413
-0.890072
0.346355
0.048250
-0.358684
0.406964
-0.829829
0.341960
-0.156285
-0.583666
-0.207007
-0.454146
0.556932
-0.310831
-0.629017
0.478317
-0.654714
0.380963
-0.396832
-0.431074
-0.050630
0.813349
0.377056
0.721366
0.981079
-0.350261
-0.957152
-0.348247
0.687674
-0.131932
-0.352702
0.329569
-0.789789
-0.203223
-0.891598
-0.472152
0.315836
0.893490
-0.148412
-0.069918
0.152318
0.153966
-0.627674
0.966552
-0.183142
0.238197
0.106052
-0.947264
-0.995605
0.761467
-0.269936
-0.571337
0.710562
0.572558
-0.372784
-0.899716
-0.228248
-0.447615
0.066378
0.055330
-0.823664
-0.081820
-0.375591
-0.682546
0.547716
0.071871
0.341960
-0.315836
-0.793817
0.902707
-0.240883
0.097812
0.610950
0.150426
0.466903
0.038789
-0.173742
0.480453
0.932676
-0.210974
-0.207678
-0.913816
0.053072
0.002411
0.734733
-0.394208
0.189184
0.672781
-0.703055
-0.166295
-0.125462
0.756157
-0.698233
0.027924
0.855953
-0.936033
-0.853694
0.269143
0.184179
0.080416
-0.326334
0.434797
0.745903
-0.994263
-0.636769
-0.939573
0.602222
0.663747
0.254250
0.839778
0.865352
0.191198
0.556261
-0.041841
-0.742546
-0.131443
0.046968
-0.047029
-0.948668
-0.677847
0.801935
-0.994201
0.275430
0.887082
-0.843196
-0.549852
0.823054
-0.202490
-0.449019
-0.063509
0.214881
0.267006
0.402814
-0.326334
-0.012482
0.459273
-0.152196
-0.590014
-0.385052
0.507065
0.213660
-0.251076
0.902219
-0.024873
0.722648
0.849788
0.802484
-0.818171
-0.932493
0.795343
0.550340
-0.972045
0.071383
-0.830134
0.839900
-0.735954
-0.893307
-0.505966
-0.735588
0.691824
-0.438704
-0.108921
0.121738
-0.838679
-0.112949
-0.298135
0.585009
0.619373
-0.744926
-0.299478
-0.930906
-0.633656
-0.636769
0.991882
-0.496261
-0.115329
-0.601245
0.666494
-0.317728
-0.751762
-0.654775
-0.355388
0.874996
0.166417
0.041108
-0.550096
0.889706
-0.344340
0.261513
-0.131138
-0.183813
0.755364
0.432783
-0.647694
0.076022
-0.817499
-0.060762
-0.776421
0.101657
0.181127
-0.451277
0.256508
0.701590
0.414045
0.421369
0.199072
-0.869015
-0.437239
0.522385
0.738639
-0.918760
-0.577746
0.080294
-0.066744
-0.172338
-0.464522
0.895199
0.817072
-0.239967
0.293619
0.421003
0.801141
0.924558
-0.719047
0.760796
-0.271828
-0.712149
-0.596545
-0.460799
-0.040254
-0.373821
0.574328
-0.731925
-0.326945
-0.194128
0.335551
0.451949
0.134312
-0.559557
-0.204688
-0.915464
-0.613453
0.850337
0.299112
-0.876339
-0.796686
0.747368
-0.835261
-0.623707
-0.835139
0.109348
0.718863
0.070650
-0.168920
-0.184729
-0.634083
-0.732047
0.609668
-0.095676
0.874996
0.009308
0.558397
0.504440
-0.427900
0.063265
-0.852229
0.441694
0.507431
0.882199
-0.657704
-0.659230
0.948729
-0.324503
0.523484
0.077059
-0.373943
0.016694
0.737541
0.903562
-0.962828
0.546800
-0.778985
0.944334
0.496078
-0.851375
0.348430
-0.741691
-0.957884
-0.277749
-0.328043
-0.331217
0.413739
-0.134739
-0.057711
0.717582
-0.792047
0.359294
0.324503
-0.706900
-0.592761
0.231117
-0.775201
-0.073885
-0.296731
0.630909
-0.605152
-0.589587
-0.977111
0.502060
0.790216
-0.637379
-0.161657
0.120334
0.737175
0.497482
0.579882
-0.068331
0.780206
0.970946
0.818842
0.471786
-0.669790
0.806146
0.972472
-0.029023
0.690115
0.730461
0.720878
0.144139
-0.768731
0.518479
-0.664968
0.217322
-0.352153
-0.319437
0.810846
-0.610340
0.561815
0.020539
0.167516
0.986206
-0.737907
-0.537889
0.152074
0.988830
0.589770
-0.398602
-0.971679
0.377239
0.541490
0.295450
-0.619556
-0.044343
-0.332987
0.365459
-0.508225
-0.455855
0.157018
0.479232
0.288858
-0.323222
0.375225
0.507431
-0.670034
-0.780084
0.118320
-0.062410
-0.191565
0.832575
-0.798578
0.720817
0.488205
-0.155736
0.236061
-0.751823
-0.059908
-0.464522
0.451765
-0.470382
0.513291
0.789178
-0.426618
0.749931
0.505539
0.881161
-0.131077
0.279092
0.784234
0.481552
0.511887
0.391095
0.672048
-0.494430
-0.920713
0.885372
0.182958
0.947569
-0.155126
0.754204
0.268288
-0.572558
-0.373577
-0.530931
-0.545030
0.183691
-0.332987
-0.666494
-0.980834
0.584155
0.213721
-0.587573
-0.192541
-0.320963
-0.836299
-0.807123
-0.982910
-0.476608
-0.034883
-0.302713
-0.897214
-0.856563
-0.995056
0.410077
0.860714
0.643300
0.145787
0.221595
0.296976
0.333842
-0.408734
-0.505722
0.821284
-0.533372
-0.069063
-0.844478
0.560900
-0.268960
0.421857
0.999145
-0.592456
-0.020234
0.706717
0.954588
-0.921873
0.969481
0.418867
-0.926145
0.930357
0.437300
-0.861080
0.119053
0.016022
-0.542711
-0.731925
-0.511521
0.419050
0.144749
-0.541917
-0.244728
-0.603687
-0.250526
-0.792535
-0.635304
-0.052889
-0.161046
0.913388
-0.965026
-0.075289
-0.900754
-0.681265
0.106357
0.344157
0.392438
-0.974181
0.195349
0.771722
0.251381
0.089999
0.641957
-0.494064
0.200049
0.613025
-0.748222
0.195898
0.410993
0.200354
-0.350566
0.676931
-0.631642
-0.133946
-0.503891
-0.540757
-0.450545
-0.161168
-0.775994
-0.072115
-0.780023
0.120151
-0.044893
-0.310587
-0.318583
0.020356
0.250404
0.298135
0.822504
-0.027924
0.432600
0.077425
-0.487045
0.944456
0.873043
0.559435
-0.412946
0.898129
0.866329
0.190771
-0.036103
0.287027
0.981628
-0.488266
-0.925474
0.439253
-0.879147
-0.171484
-0.992309
-0.161473
0.574572
0.430097
-0.628224
0.977721
0.081393
0.695242
0.258583
0.351238
-0.720756
-0.542711
-0.430525
0.061495
-0.689871
-0.574938
-0.879635
0.431806
0.544237
0.191382
0.339702
-0.299234
-0.692495
-0.909787
-0.945677
-0.742973
0.945616
0.982177
0.196509
-0.034150
-0.514756
-0.260109
-0.136876
-0.096835
-0.772271
0.563402
0.863338
-0.171911
-0.204688
-0.912839
-0.946348
-0.952208
-0.239174
-0.457930
-0.049409
-0.363140
0.691885
-0.132420
-0.465194
0.602893
-0.072054
-0.290994
0.402264
0.877194
-0.192175
-0.982116
0.399213
-0.201636
0.704337
0.128819
0.330546
-0.420759
0.713981
-0.670339
0.606983
-0.746147
-0.177404
0.516526
-0.469527
0.798212
-0.836543
0.519578
0.199499
0.004608
0.441755
-0.975097
0.405560
-0.473556
0.834468
-0.521592
-0.050874
0.702689
0.684133
-0.081088
-0.807917
-0.627857
-0.734367
0.667592
0.832636
-0.413312
0.564074
-0.113559
-0.293313
0.584887
0.394024
0.920042
0.091952
-0.425214
0.553209
-0.326640
-0.331523
0.081027
0.202673
-0.204260
0.546007
0.986694
-0.207862
0.877804
-0.170080
0.346721
0.724052
-0.856685
-0.794000
-0.059175
-0.531785
-0.676687
0.012848
0.005829
0.078402
-0.457808
-0.503159
0.898740
-0.063570
0.554735
0.233070
-0.999023
0.615345
0.151097
-0.269692
-0.252174
-0.743095
0.719291
0.382672
0.076144
0.253639
-0.160192
-0.460555
-0.906552
0.878536
0.631947
-0.230323
-0.622547
0.337870
-0.349834
0.312357
0.702506
0.061373
0.994079
0.226844
-0.682058
0.169652
0.181188
0.200476
-0.884274
0.303140
0.696097
-0.742424
-0.837214
0.735466
-0.806574
-0.373333
-0.019379
0.082125
0.836421
-0.523728
0.936766
0.908200
-0.634083
-0.096469
-0.546983
0.090243
-0.531358
0.493210
0.715201
0.640553
0.138890
-0.285318
0.463668
-0.561815
0.877743
0.885922
-0.369793
-0.583605
0.859004
-0.785089
-0.263710
-0.233192
-0.902524
0.844417
0.249550
-0.510117
-0.610462
0.476730
0.944884
0.051546
0.697073
-0.691641
-0.555162
0.311930
-0.958251
-0.433943
0.167577
-0.502487
0.661672
0.153661
0.736198
-0.539171
0.469710
0.116062
-0.637196
-0.361064
0.577136
0.957945
0.018220
-0.504868
-0.314798
0.106845
0.329386
0.268410
-0.689871
0.809259
-0.598376
-0.193152
-0.539964
-0.154454
-0.070589
-0.120273
0.738273
-0.862667
-0.654469
-0.032258
0.020356
0.015656
0.896420
0.141209
0.502060
-0.468917
0.728446
-0.244789
-0.367351
-0.720573
-0.678823
0.316324
0.909726
0.078463
-0.970336
-0.096164
0.560350
-0.549486
-0.057405
0.350993
-0.285623
-0.709342
-0.112888
-0.937925
-0.003815
0.394086
0.013215
0.554186
-0.912046
0.041963
-0.617481
0.363323
0.245766
-0.741997
0.800165
0.097201
0.580065
0.777520
0.514451
0.149327
0.336283
0.242897
0.663381
0.724906
-0.383099
-0.585437
-0.762871
0.741020
-0.123936
-0.383892
-0.883175
0.394269
0.196692
-0.322672
0.586047
0.069918
-0.390851
-0.541856
-0.551195
-0.144627
0.572985
-0.037568
-0.617847
0.805048
-0.210181
-0.478011
-0.700735
0.163060
0.490768
-0.554491
-0.800958
0.752434
-0.836299
-0.732109
0.004486
-0.147801
0.698233
0.070345
0.429243
0.272439
0.061068
-0.497543
0.925779
-0.168188
-0.196997
-0.421796
-0.953978
-0.962218
-0.545640
-0.235572
-0.327494
-0.127720
0.098972
0.632557
-0.463240
-0.901975
0.747490
0.186010
0.792291
-0.507797
-0.882565
0.842830
-0.601856
-0.769768
-0.558641
-0.455184
0.664235
-0.149815
-0.191748
0.392743
0.306864
0.860714
0.435774
0.036897
-0.395856
-0.790033
0.389447
-0.039766
-0.079073
-0.089022
0.213233
0.082736
-0.840083
-0.233131
0.386883
0.531053
-0.219459
-0.886288
-0.294534
0.064791
0.666311
0.173803
0.664785
-0.567797
0.803217
0.507614
0.994446
-0.616260
-0.959105
-0.711173
-0.723502
-0.643605
0.160680
0.043794
0.704520
0.385662
0.864559
-0.685415
0.028840
-0.958983
-0.888485
0.106357
-0.229347
-0.856624
0.608753
-0.665578
-0.604724
0.327250
0.407025
0.162023
-0.965575
-0.824091
0.535508
-0.777459
0.176000
-0.884091
0.812189
0.339091
-0.353313
-0.180883
-0.893490
-0.181860
-0.359783
0.033601
-0.057649
-0.924741
0.060823
-0.414472
0.737968
0.279458
0.392926
0.071078
0.502182
-0.722587
-0.770074
-0.233985
0.625782
-0.672658
-0.046785
0.226356
-0.820917
-0.788812
0.216468
-0.847041
0.430158
-0.510544
0.521409
0.891293
-0.330851
0.355022
0.541795
-0.118137
-0.893674
-0.378826
-0.744133
-0.748039
0.554552
0.600452
-0.049348
0.924436
-0.383404
-0.073946
0.444441
-0.180212
-0.604785
-0.863704
-0.403302
-0.138890
-0.377422
0.517075
-0.157201
-0.397931
0.360698
0.860408
-0.193396
-0.686209
-0.770074
-0.170202
0.269814
-0.096469
-0.245460
0.020112
-0.491867
0.891171
-0.292276
0.688894
0.073702
-0.680410
0.338481
-0.416791
-0.298074
-0.374187
-0.980529
-0.812067
0.841670
0.781732
0.284890
0.928709
0.092624
0.117161
-0.193152
0.020722
0.856136
0.410566
-0.579394
-0.668325
-0.651479
-0.549852
-0.919736
-0.138157
-0.670522
0.972350
0.480514
-0.276772
0.829829
0.511460
0.474044
0.051119
0.212500
-0.857418
0.461776
-0.442610
-0.789666
0.357768
-0.228919
0.062960
-0.258095
0.258889
0.867794
0.115268
-0.308390
0.509873
0.728019
-0.918271
0.804498
0.975097
0.629261
0.672781
-0.157323
0.968688
-0.110080
-0.871639
-0.012421
-0.229652
0.833125
-0.165441
-0.151158
0.067721
-0.063814
0.022858
-0.228431
-0.543443
-0.552782
-0.398053
-0.919736
-0.165563
0.390912
0.983947
-0.049959
0.819636
0.169774
0.793756
-0.755974
-0.176000
0.647938
-0.304117
-0.464278
0.376629
0.673208
0.582202
0.865902
0.432539
-0.677908
0.448897
-0.735527
0.656484
-0.788018
-0.267739
-0.153111
-0.767083
-0.068575
-0.260475
-0.325419
0.088839
0.246193
-0.596850
-0.476730
-0.585192
0.068026
-0.134800
0.535264
0.631520
-0.949644
-0.259926
0.581164
-0.019623
-0.335856
-0.388531
0.191015
-0.018097
-0.185034
0.293924
-0.388836
0.752007
0.510727
-0.407392
0.918210
0.987304
-0.532273
0.641408
0.371563
-0.544237
-0.654775
-0.567675
0.917112
-0.680227
0.850642
-0.428510
0.100864
0.609973
0.910825
-0.361736
-0.847285
0.690298
-0.737358
-0.253945
-0.193396
-0.557115
0.802850
0.384625
0.648976
0.883053
-0.505722
0.690298
-0.132298
0.888424
0.085604
-0.127720
-0.815363
-0.222633
0.380352
-0.328471
0.586230
0.260537
0.552416
-0.358318
-0.241798
-0.580004
0.285257
0.721244
-0.992859
0.969054
0.199011
-0.714957
0.457259
-0.953673
-0.804254
0.797418
0.787957
0.711173
-0.565844
-0.646840
0.251625
0.656911
0.045503
-0.498093
0.110630
0.754753
-0.127537
-0.981323
-0.796075
0.104587
-0.579638
-0.567919
0.148167
-0.711905
-0.331828
0.099094
-0.548875
-0.532212
0.566271
0.558336
-0.549669
-0.423933
-0.083468
0.033906
-0.770928
0.649953
-0.568468
-0.051607
0.592883
-0.631642
0.363689
0.491134
0.095614
-0.962096
-0.644765
-0.478072
-0.521409
0.782525
0.024323
0.861019
-0.475387
0.030122
-0.821467
0.591968
-0.166845
0.415876
-0.160802
0.721488
0.047945
0.762017
0.755974
-0.639027
0.547349
-0.617298
0.358318
0.266579
0.528306
-0.197424
-0.474410
0.704703
-0.214393
-0.730522
-0.633045
-0.799921
-0.163610
-0.833857
-0.640736
0.289773
-0.817011
-0.731681
-0.294351
0.707938
0.603076
0.186682
-0.045015
-0.097262
0.662648
-0.494858
-0.255287
-0.950682
0.740471
-0.314859
-0.188940
0.554918
-0.317484
-0.012177
0.860408
-0.269448
-0.060213
-0.139012
0.823176
0.779229
0.104526
-0.951903
0.877194
-0.683401
-0.193091
-0.172765
-0.579089
0.124912
0.979675
-0.940489
-0.642018
-0.425459
0.185339
0.881893
-0.323466
-0.706351
-0.063082
-0.794916
-0.911069
0.956908
-0.422590
-0.417646
0.157872
0.443098
-0.367107
0.302164
-0.541063
-0.385174
0.353740
-0.491501
-0.632069
0.505356
-0.442000
-0.411847
-0.405377
0.494797
-0.161412
-0.760002
0.251808
0.415815
-0.327921
0.573229
-0.502182
-0.777520
0.119785
0.539659
0.832759
-0.664968
-0.166295
-0.436445
-0.113987
-0.124119
-0.335368
0.767510
-0.535691
-0.830988
-0.881039
-0.412580
0.110752
-0.218116
0.665273
-0.555895
0.599048
0.168737
0.420698
0.254738
-0.539720
0.935789
-0.449263
0.260842
-0.651418
0.841365
0.373211
-0.394818
0.323099
0.075838
0.672903
0.439192
-0.811579
0.161168
-0.583422
-0.549181
-0.978576
0.298929
0.186010
-0.808100
0.438948
-0.761773
-0.831294
-0.149693
0.343486
0.244484
0.097018
0.726554
-0.408673
0.788018
0.738639
0.785089
0.704215
-0.506638
0.182470
0.905698
-0.539232
0.809809
0.776238
0.449324
0.941954
0.251259
-0.273476
-0.562120
-0.443464
-0.886532
0.793756
-0.055940
-0.672048
0.609119
-0.840083
-0.141514
0.976562
0.566576
0.660512
-0.116184
0.311808
0.329081
-0.816279
0.740043
0.161657
0.667226
0.626942
0.149998
0.425398
0.503708
0.597156
0.444258
-0.640309
-0.653249
0.833247
-0.043611
0.882260
0.691092
-0.207251
-0.166051
-0.795831
-0.827021
-0.178076
0.126072
-0.378887
-0.297037
0.938292
0.881405
-0.786737
-0.630665
-0.602466
-0.720695
0.465438
0.392132
0.125401
-0.271706
-0.201453
0.108066
-0.146886
0.624500
-0.435408
0.046541
0.792840
-0.661000
-0.268166
0.819941
0.821589
-0.925657
0.825312
-0.653737
-0.279153
0.646290
-0.430097
-0.420087
-0.626209
-0.280068
0.177221
0.210669
-0.595874
-0.932066
0.395550
-0.152501
0.009674
-0.576708
-0.374248
0.958434
0.974609
0.296182
-0.295511
0.457015
-0.645558
-0.020112
0.665029
-0.433576
0.248451
-0.292398
-0.895993
-0.168615
0.241005
0.896481
0.298196
0.643971
-0.536729
0.767815
0.901669
0.915403
-0.200354
-0.467574
-0.406598
-0.665639
0.651845
0.953246
0.201575
0.266091
0.327860
0.034455
-0.719474
0.796808
-0.790887
0.181921
0.893124
0.080050
0.169408
-0.973632
0.525925
0.188147
-0.529954
0.931639
0.449324
-0.874508
0.296915
-0.552904
-0.242958
-0.372600
0.585070
0.330668
0.327799
0.086825
0.917966
-0.024018
0.283242
0.364483
-0.836238
-0.005402
0.267312
0.128269
-0.306558
-0.439314
-0.016877
0.272866
0.955199
0.184973
0.245460
0.868038
-0.921384
0.489608
-0.576464
0.716300
0.697134
-0.903012
-0.662832
0.243751
0.119175
-0.200964
-0.521714
0.665822
0.241371
-0.102268
0.846065
-0.821711
0.764397
-0.872005
-0.964049
0.370037
0.492538
-0.646474
0.472945
-0.116428
0.429914
0.612659
-0.387860
0.143590
0.657155
-0.686880
0.398236
-0.291055
-0.933409
0.840693
0.382733
-0.880428
-0.638539
0.913205
0.873714
0.527573
-0.237526
0.918455
0.018097
-0.210181
-0.632801
-0.437971
-0.716300
-0.318827
-0.961425
-0.320536
-0.728080
0.428205
0.919065
-0.577624
-0.491379
-0.205542
-0.460494
-0.972839
-0.495224
0.911557
-0.139866
0.971007
0.322672
0.855281
0.744865
-0.487838
0.335307
-0.662465
0.798334
0.326640
-0.058138
-0.663686
-0.041108
0.687002
-0.544176
0.322916
0.466231
0.626331
0.106784
0.687857
0.209143
0.841243
0.931394
-0.762932
-0.907346
-0.615833
0.287454
0.275185
-0.583422
0.252846
-0.548509
-0.809748
0.416974
-0.606922
0.486557
0.923460
0.527085
-0.895077
-0.131077
-0.432173
0.893368
0.968383
-0.405988
-0.265297
0.921934
0.295328
-0.335978
-0.101657
-0.157628
0.868099
0.965148
-0.890988
0.247841
-0.530198
-0.125156
-0.073763
0.668142
0.423078
0.727348
-0.802545
0.376568
-0.910031
-0.604297
-0.143040
0.319010
-0.147740
0.287027
0.495590
0.890011
0.805292
-0.440291
-0.069552
0.551073
0.463179
0.639393
-0.770745
-0.985412
-0.372356
-0.153722
-0.015534
-0.991699
-0.250710
-0.188818
0.009186
-0.052217
0.500412
0.198035
0.299112
-0.316202
0.096530
0.547899
-0.769646
-0.754875
-0.715201
-0.898068
0.239357
-0.998962
-0.316202
0.953001
0.969359
0.577868
-0.637806
0.344157
0.860775
-0.673086
-0.365337
-0.037141
0.452864
-0.987060
-0.357341
-0.183081
0.055940
-0.650868
0.857051
-0.452071
-0.706534
-0.465499
0.660573
0.464400
0.820917
0.059542
-0.954588
0.920408
-0.696097
0.403729
0.070406
0.604480
-0.573778
-0.373760
0.181921
0.511338
-0.249489
-0.412702
-0.223060
0.310770
-0.876095
0.809687
0.754204
-0.375042
0.221473
0.620472
0.620716
-0.526963
-0.917417
-0.879940
-0.543504
0.849422
-0.208106
0.614917
-0.000702
-0.238685
0.984863
-0.238746
0.948729
-0.930845
0.621632
0.710929
0.713370
0.212622
0.540635
0.288430
0.395978
0.506333
0.903989
-0.397443
0.987487
-0.180212
-0.109836
0.468795
-0.687735
-0.035798
0.295206
-0.200171
-0.670766
0.456648
0.839839
-0.846065
-0.509445
0.121677
-0.789178
-0.842708
0.908078
0.059542
0.534104
-0.145482
0.018281
-0.626331
-0.898740
-0.536058
-0.579028
0.889767
-0.622303
0.551683
0.289224
-0.145726
0.045198
-0.546312
0.799615
-0.528062
-0.676382
-0.556078
0.525620
0.261757
-0.801874
-0.407025
-0.897580
-0.981262
-0.185583
-0.546617
0.358013
0.196326
-0.120762
-0.391461
-0.908872
0.237037
-0.230323
0.381817
-0.768914
-0.995361
0.723991
0.693350
-0.672170
0.356548
0.633595
0.874813
0.786248
-0.223670
-0.625111
0.393170
-0.721061
0.167638
0.172643
-0.886166
0.967223
0.314371
0.152501
-0.881222
0.621021
0.968444
0.817621
0.424421
-0.099277
0.377728
-0.895322
0.679312
0.462874
-0.486801
0.876766
-0.996582
-0.007294
0.947813
0.260048
-0.131138
0.228736
-0.828242
0.752434
0.237526
0.482467
0.135960
0.522019
-0.460494
-0.190100
-0.838496
0.808893
-0.865108
-0.950194
-0.570055
0.369671
-0.722159
-0.387921
-0.607166
-0.201086
-0.256874
0.406537
0.327128
0.984375
-0.210852
0.601672
0.265053
-0.570055
-0.217994
-0.608936
-0.687735
0.033052
0.745964
-0.653859
0.263344
-0.643727
0.720695
0.875729
-0.891476
0.967162
-0.757988
-0.444136
0.840388
0.536607
0.418806
-0.097507
-0.498947
0.503403
0.068026
-0.822260
-0.943968
0.783746
-0.264992
-0.800226
0.904965
0.849910
-0.823786
-0.820124
-0.970580
-0.220130
-0.968627
-0.835810
-0.967467
0.597827
-0.700064
-0.717460
0.283975
0.436934
0.880917
0.592700
-0.750725
0.358318
-0.324198
-0.364299
0.456526
0.935484
-0.660451
0.444319
0.778436
-0.077425
0.549608
0.030183
-0.725517
0.312540
0.282876
0.470748
-0.047395
0.111789
-0.079562
-0.706778
0.239418
0.030122
-0.439802
0.717215
-0.721305
0.784417
-0.707694
-0.357707
0.254189
-0.153539
0.421430
0.308939
-0.871639
0.610828
-0.104099
-0.609302
-0.717154
-0.221961
-0.326395
0.764702
0.845943
0.497055
0.365276
0.928220
-0.073641
-0.860591
0.564318
0.285684
0.289407
-0.856075
-0.558702
0.715934
0.181005
0.514634
0.416608
0.654408
0.886593
-0.301981
-0.946654
0.783685
0.057222
0.248451
0.529893
-0.760613
-0.661000
0.089633
0.469222
0.563402
-0.354106
0.092074
-0.023103
0.656606
0.108005
-0.266457
0.898740
-0.482467
0.051973
0.368206
-0.931700
0.183996
-0.412458
0.899350
0.033906
-0.088900
-0.805536
0.925291
0.774468
0.581408
0.426435
0.980468
0.981079
0.515183
0.027924
-0.321451
-0.522935
0.685049
-0.286416
0.001617
-0.983764
-0.705985
-0.329752
0.969787
0.920469
0.925840
0.190588
0.558763
-0.851009
-0.285195
-0.498398
-0.264443
-0.815851
-0.052095
-0.292520
0.466964
0.165990
0.139561
0.786615
-0.170324
0.081881
0.537706
-0.500412
0.269265
-0.055513
-0.023408
0.023957
-0.597461
-0.302530
0.782586
0.717032
-0.068941
-0.086947
0.134068
0.114475
-0.932066
-0.479720
0.863704
0.148228
0.168432
0.722098
-0.292520
0.683218
0.177953
-0.579821
0.703299
-0.981017
0.268410
0.847957
-0.929075
-0.044771
-0.294656
0.049776
0.044588
-0.058809
0.624744
0.834407
0.579699
0.690664
-0.409833
0.933958
0.265175
0.213843
0.414167
-0.257973
0.941832
-0.221595
-0.584460
0.642201
0.824885
-0.503769
-0.143895
-0.333293
-0.542589
-0.053987
0.002838
-0.846736
-0.194861
0.094638
0.550645
-0.292459
0.678274
0.743583
-0.302347
0.661306
0.354045
0.698599
0.920103
-0.814508
-0.458724
0.938231
0.005951
-0.581347
0.327860
-0.073702
0.722221
0.720756
0.785333
-0.881954
-0.019562
0.429670
0.665151
-0.447676
-0.476119
0.963500
-0.464522
-0.451033
0.642140
-0.426618
0.226783
-0.382000
-0.858943
-0.078829
-0.683828
0.047823
-0.442793
0.865291
-0.583850
-0.781121
0.264138
0.013703
0.208106
0.256508
0.168310
-0.986633
0.377422
0.315348
0.401044
0.177587
-0.284951
-0.282327
0.501755
-0.928953
-0.116733
0.651051
0.677602
0.352886
0.162511
0.079501
-0.745415
-0.596484
0.340983
-0.577624
0.472640
-0.951292
0.330180
-0.075533
-0.602954
-0.140782
0.651784
0.631214
0.673330
0.756401
-0.046480
-0.979125
0.790582
0.437544
0.688650
0.123203
0.393780
0.325602
-0.056856
0.297769
0.877316
-0.276833
0.902402
-0.078768
-0.981567
0.956236
-0.552782
0.581713
-0.695669
0.115329
0.482894
-0.867428
-0.274270
-0.796869
-0.304788
-0.060762
0.528672
-0.808954
-0.291055
-0.272744
-0.804010
-0.812006
0.990173
-0.398114
0.190832
0.374493
0.715384
-0.033906
0.924131
-0.482406
0.178442
0.174413
-0.390912
0.528550
-0.820368
-0.182043
-0.337382
0.287454
0.455611
-0.243995
0.666433
0.510056
0.803705
-0.643666
0.702078
0.549364
0.024384
-0.344829
0.906247
0.214270
-0.441694
0.882565
0.565416
0.927427
0.118259
0.992370
-0.844600
-0.349528
0.535142
0.612476
-0.331645
0.469649
-0.574755
0.636952
0.246864
-0.258827
0.478744
-0.460799
-0.512436
0.019074
-0.517685
0.161534
-0.455672
0.840327
0.438154
-0.723930
-0.055940
0.598926
0.655934
-0.009369
-0.071749
-0.397565
-0.954100
0.203467
0.721671
-0.707999
0.821894
-0.529160
-0.906552
0.060518
0.149388
-0.859554
0.589831
0.562792
0.663686
0.697623
-0.837947
0.080294
0.416730
0.513718
-0.586901
0.325968
-0.512741
-0.770257
-0.649953
0.423688
0.806879
-0.198706
0.820124
-0.252541
0.298441
-0.275674
-0.467635
0.519517
-0.120212
-0.033113
-0.916318
0.569628
0.493332
-0.432783
0.522202
0.063021
0.466720
0.904843
-0.662465
-0.105869
-0.048799
0.440352
-0.388714
-0.623218
-0.501938
0.604114
0.267739
0.154881
0.536668
-0.510178
0.916868
0.574084
-0.871212
0.816828
0.370830
-0.393353
0.729911
0.367290
-0.098544
0.068514
-0.103610
-0.925291
-0.391278
-0.805231
0.299844
-0.225990
-0.452925
0.900510
0.979064
0.308145
0.698904
0.621693
-0.986999
-0.415387
-0.562731
-0.958922
0.018403
0.579211
0.591784
-0.163305
0.801569
-0.408612
-0.625416
0.802484
-0.687857
0.048494
0.336161
-0.981140
-0.202002
-0.226112
-0.302591
0.657155
0.067049
-0.513230
-0.166723
-0.849116
0.283303
-0.731559
0.229286
0.183691
0.799493
0.874264
0.915464
0.639698
-0.024384
-0.574633
-0.051057
-0.750420
-0.764946
-0.717887
0.314676
0.652516
-0.166478
0.951476
-0.597217
0.511338
0.286538
-0.176611
0.002228
-0.411786
0.815851
-0.790826
-0.434187
0.839290
0.632008
0.428083
0.935484
0.840754
0.485397
-0.383465
0.271523
-0.134922
-0.992920
-0.760979
0.509140
0.920713
0.586352
0.272256
-0.103488
0.296854
0.660024
0.716178
0.980895
0.762139
-0.161718
-0.902585
-0.496811
-0.025605
0.973693
-0.042879
-0.389142
-0.431990
-0.352580
-0.627979
-0.366008
0.190710
-0.291665
-0.538316
0.263710
-0.284951
-0.992615
-0.653005
-0.842769
0.180456
-0.638478
-0.430036
0.148473
0.813593
-0.803156
0.726676
-0.039766
0.654347
0.191748
0.744194
0.741386
0.822138
-0.819636
0.395917
-0.233619
0.131504
0.818659
0.846736
0.841914
-0.338237
0.095431
0.690847
-0.390790
-0.805231
-0.702811
-0.407270
-0.517563
0.621509
-0.734123
0.414777
-0.121311
-0.935667
-0.690237
-0.141697
0.223792
-0.335368
0.138768
0.973266
0.028657
-0.830195
-0.204627
0.293985
-0.929258
-0.908444
-0.452376
0.578478
0.251137
-0.932737
0.436445
-0.903867
-0.816828
-0.315104
-0.793573
-0.118625
0.951170
-0.259987
0.928037
0.750603
-0.250160
-0.778924
0.733940
0.329875
0.440291
-0.392193
-0.888730
-0.891903
0.703787
0.900571
0.847530
0.038301
0.177526
0.500534
0.569506
-0.343608
-0.852657
-0.344279
-0.709891
-0.538011
0.635121
0.898984
-0.541307
0.331095
-0.602893
-0.393353
-0.973693
0.782403
-0.742729
0.887387
0.152257
-0.273049
0.395550
-0.143406
0.044221
0.985351
-0.564318
-0.047456
-0.559496
-0.243263
0.596484
0.810053
-0.448225
-0.075961
0.527268
-0.531053
-0.405560
0.122532
-0.842219
0.494064
-0.108982
0.524339
0.867489
0.714164
0.489059
-0.187292
-0.984985
-0.783624
0.035676
-0.875179
0.638844
-0.198035
0.812067
-0.060152
0.879208
-0.003876
-0.235511
-0.065340
-0.205298
0.417768
0.897397
0.886410
-0.073946
-0.413495
-0.919370
-0.645680
-0.921934
0.317118
-0.550645
0.181494
0.151524
0.065523
-0.866024
0.191748
-0.071932
0.609424
0.881893
-0.301187
-0.083895
-0.653066
0.007416
0.314982
0.676870
0.486740
-0.899838
-0.288491
0.452071
0.444624
-0.387249
0.817621
0.561083
0.270058
0.844783
0.841182
0.909360
-0.449202
0.624256
0.857112
0.869808
0.319010
0.846675
-0.890744
-0.328227
0.675954
-0.171667
-0.021577
-0.533433
-0.211585
0.765191
-0.297647
-0.894955
0.784906
0.167516
-0.931639
0.454451
-0.319498
-0.996948
0.482162
-0.029084
0.639088
-0.923399
0.727470
0.886715
0.877682
0.754631
-0.666311
0.760674
0.395428
0.522141
-0.438765
0.293374
-0.854183
0.298013
0.922422
-0.067537
-0.920225
0.655812
-0.850093
-0.786431
-0.743034
0.895749
0.531175
-0.497238
0.030915
-0.683096
0.749077
0.840571
-0.582324
-0.360393
-0.623402
0.222571
0.343913
0.401593
-0.463607
-0.678701
0.138707
0.830866
0.682180
0.457015
0.314676
-0.542528
0.721000
0.567492
0.038179
-0.866451
0.482345
0.572497
-0.080966
0.669790
0.232521
-0.371136
0.320780
-0.892392
-0.672048
0.810907
0.752434
-0.982971
0.384930
-0.445845
0.215674
-0.859859
0.896420
-0.740959
0.160314
0.279458
0.830012
0.598010
-0.397809
0.085360
-0.890683
-0.421369
0.431928
-0.086947
0.060274
-0.038423
-0.088229
0.764702
-0.453047
0.369854
0.969726
0.650868
-0.431013
-0.332804
0.714286
0.295022
-0.991394
-0.648549
-0.924558
0.436079
0.641591
0.261879
-0.623707
-0.267434
0.247902
0.889706
-0.457442
-0.573229
0.314005
0.741935
-0.485275
0.013153
-0.177465
0.762017
-0.586169
0.471480
-0.253090
0.941221
-0.048311
-0.623768
-0.611255
-0.192602
0.942137
0.850642
-0.702628
0.265297
-0.715629
-0.610828
0.209815
-0.925962
0.576525
-0.087130
-0.232521
0.132115
0.400739
-0.278481
-0.885861
-0.170263
0.138768
0.965880
0.400678
0.010773
0.999145
0.558458
-0.385296
0.204688
-0.293863
0.423627
-0.174902
-0.404767
-0.846858
0.597766
0.029023
0.593738
-0.738823
-0.748650
-0.707450
-0.670522
0.622608
-0.955138
0.889157
0.245827
0.088595
-0.355388
0.960936
-0.987854
-0.625660
0.904599
0.047334
-0.419782
-0.019501
0.405805
0.993286
0.593188
0.605823
-0.618397
0.989380
0.299783
0.048677
0.900571
-0.110508
-0.447432
0.174169
-0.804010
-0.650014
0.963439
-0.171117
0.352397
0.514695
0.184484
-0.542100
-0.840815
-0.872250
0.262062
0.422651
-0.316263
-0.042390
-0.635426
0.881527
-0.249489
-0.348796
-0.488998
0.596118
0.378094
0.234535
-0.424421
0.773858
0.835505
0.830805
0.950499
0.946471
-0.579211
0.527757
0.102329
0.782281
0.022858
-0.334086
-0.987732
0.677419
0.724296
-0.011689
-0.120701
-0.598071
-0.409040
-0.698965
0.305826
0.176061
-0.140233
-0.974303
-0.726432
-0.881771
-0.721915
-0.305521
0.092685
-0.282571
0.506760
-0.031770
0.375286
0.048433
-0.228065
0.718436
-0.268899
-0.855892
-0.247414
0.969115
-0.093417
-0.244911
0.219947
-0.050996
-0.457747
0.321451
-0.553148
-0.132969
-0.626759
0.327860
0.571703
-0.692679
0.076266
0.494552
0.438093
-0.574694
-0.850703
-0.632008
0.872005
0.304788
0.945982
-0.327189
0.051057
0.756890
0.074984
-0.021516
-0.677908
-0.813410
-0.346721
0.977783
0.014924
-0.767449
0.161473
0.259438
0.722648
0.735588
0.168004
-0.806452
-0.466720
0.848384
0.674673
0.434370
-0.362346
0.906674
0.959899
-0.985107
0.105564
-0.480697
-0.751701
0.316630
-0.661916
0.845210
-0.203284
0.936155
0.966735
0.111667
0.838435
0.886898
-0.338908
-0.006867
-0.967101
-0.619495
0.602893
-0.470504
-0.120029
0.852901
-0.925596
0.692862
-0.289773
-0.370952
0.103183
-0.162816
0.614978
0.190283
-0.130467
0.342021
-0.924375
0.577807
0.789422
-0.393292
-0.666250
0.413373
-0.691885
0.610096
0.549425
0.663930
-0.778314
0.666128
-0.034944
0.655812
-0.406720
0.627796
0.439802
-0.505905
-0.546068
0.932493
-0.358013
-0.390728
-0.255348
-0.355937
0.697073
-0.994140
0.434492
0.035859
0.711295
-0.275979
0.902951
0.003204
-0.607532
0.901669
0.121860
0.457259
0.129063
-0.521714
0.196020
0.633473
0.983215
-0.008881
0.478561
-0.525254
-0.855525
0.109409
-0.091586
0.320170
0.041780
0.919736
0.915647
-0.422407
0.644093
0.629261
0.255776
0.283731
0.435591
0.916868
-0.133030
0.267617
0.322611
0.441694
0.023835
-0.628162
0.909238
0.031098
0.771172
0.142186
0.273171
-0.977233
-0.450972
0.940794
0.696951
0.931822
-0.936522
0.314249
-0.069124
-0.720695
0.246193
0.871395
-0.261879
-0.724540
0.878414
-0.928098
-0.348857
-0.439070
0.011139
0.287698
-0.020051
-0.877499
0.347148
-0.403851
-0.571825
0.860775
-0.230873
-0.378277
0.710135
0.174841
-0.880856
-0.342143
-0.081637
0.848140
0.759819
-0.145726
0.532640
-0.790704
0.784722
0.226844
-0.782220
-0.241676
0.594348
-0.868404
0.653005
0.546251
-0.021455
0.349345
-0.496139
-0.912656
0.219886
-0.684805
-0.408551
0.715201
0.976867
-0.601062
-0.221290
-0.294656
-0.185644
-0.647206
-0.852290
0.270180
0.772271
-0.317972
-0.958617
-0.792352
-0.766900
0.444502
-0.729118
-0.277261
0.130406
0.997314
-0.753716
-0.197974
0.091159
-0.009003
0.108554
-0.232521
0.644704
0.051363
-0.131748
-0.672231
0.393841
-0.388165
-0.012421
-0.073885
0.426618
-0.078829
-0.983398
-0.590320
-0.331767
0.123753
0.734977
0.978698
-0.050203
0.786431
-0.816462
-0.405011
-0.872372
-0.047578
-0.441023
-0.836665
0.720267
-0.805475
-0.835505
0.076266
0.000641
0.540269
0.354411
-0.867977
0.609607
-0.336650
0.307657
-0.903317
-0.593860
-0.907407
0.718925
0.317850
-0.213050
-0.638050
0.820673
0.968444
-0.707633
0.159093
-0.131748
-0.528916
0.363018
-0.609790
-0.235389
0.659474
0.621937
-0.800287
-0.785699
-0.162633
-0.230262
0.287576
-0.195227
-0.982177
0.952086
-0.997803
0.082247
-0.268410
-0.684500
-0.449507
0.154393
-0.897641
-0.301675
-0.372662
0.354472
0.210242
-0.247841
0.038240
-0.562853
0.584338
0.199683
0.410932
-0.070284
0.046724
0.575426
0.727531
0.633534
0.448286
0.380657
0.668630
0.576769
0.324259
-0.646535
-0.439741
-0.598071
-0.595508
-0.442671
-0.233802
0.459395
0.923215
0.628101
0.044893
0.352886
