0.155309
-0.403790
0.524583
-0.629810
0.903684
0.749199
0.680837
-0.410382
0.281167
0.701712
0.226356
-0.944884
-0.067965
0.499374
-0.691092
-0.098910
0.097201
0.404035
0.123325
0.549425
-0.571215
-0.457686
-0.454573
-0.929624
-0.224952
0.762322
0.128330
-0.804315
-0.130100
-0.353130
-0.521409
-0.546007
0.064852
0.757378
0.307291
0.061739
-0.556688
-0.143406
0.342692
-0.281106
-0.390973
0.311930
0.871029
0.893857
-0.165502
-0.531480
0.501205
0.030549
0.511521
0.002350
0.989624
0.760979
-0.047639
0.151769
-0.935850
0.129490
0.873287
0.288675
-0.519395
0.012238
0.885983
-0.344035
-0.137059
0.841182
0.774651
0.980590
0.182958
0.144261
0.949034
-0.040498
0.815424
-0.917844
-0.080050
-0.278115
0.415937
-0.048433
0.597400
-0.402326
0.253151
-0.960143
-0.845637
-0.030610
0.281167
0.366680
0.518418
-0.663442
-0.545457
-0.938047
-0.760063
-0.548875
0.116428
-0.586535
-0.771172
-0.781976
-0.801874
0.520066
0.927549
0.118320
-0.681997
0.191931
0.127537
-0.371624
-0.366802
0.397076
-0.991699
0.818720
0.979431
-0.349956
-0.464644
0.235328
-0.314676
0.544420
-0.296609
0.606067
-0.819575
-0.769646
0.652394
0.121250
0.413617
0.891232
0.235939
0.006500
0.687307
0.841426
0.979125
0.323893
-0.148228
0.353801
-0.605884
0.165319
0.632008
-0.025178
0.928892
0.875301
-0.903806
-0.977721
-0.405805
-0.384991
0.264260
-0.045503
-0.170385
0.145970
0.769036
-0.123569
-0.407025
-0.635487
-0.553758
0.292398
0.316324
-0.283242
-0.487960
-0.677175
0.905454
0.939451
-0.992676
0.773675
-0.683584
0.584216
0.121677
-0.947020
0.755058
0.656972
0.632191
0.019807
0.371258
0.406232
0.603381
-0.814203
-0.879940
-0.898618
-0.153661
0.693411
-0.556993
-0.149083
-0.622791
-0.387555
-0.661428
-0.248573
-0.709891
-0.073580
-0.344890
-0.833369
-0.650990
0.415693
-0.099155
0.777581
0.598621
0.431867
0.943052
0.271035
-0.796503
-0.920225
-0.334635
-0.687735
0.598743
-0.526658
0.129734
0.129368
0.416059
0.909665
0.902036
0.475021
-0.775323
0.242042
0.842830
-0.646779
0.438032
0.991272
-0.137181
0.618946
0.519822
-0.416181
-0.963073
0.778680
-0.562426
0.300943
-0.353984
0.861812
0.399030
-0.281838
-0.330241
-0.784173
0.278237
0.264809
-0.474227
0.525620
-0.622120
-0.670095
-0.407025
0.116245
-0.609546
0.022065
-0.439070
-0.041658
0.927610
-0.557299
-0.886654
-0.339030
0.969665
-0.251869
0.318522
0.708243
0.981994
0.387371
0.140599
-0.672170
0.891903
-0.249489
0.618091
0.504990
-0.223670
0.154027
0.393170
-0.875179
-0.401288
0.728324
-0.883847
-0.288064
-0.927610
-0.532456
0.020234
0.976012
-0.303812
0.753349
0.992370
0.206702
-0.362896
-0.227332
-0.027497
0.670827
0.506455
0.731376
0.296365
0.512070
-0.337382
0.950194
-0.434553
-0.991272
0.244789
0.792779
0.980285
0.657765
-0.899167
0.522019
-0.950926
-0.030732
0.973937
0.910215
-0.460250
0.871456
-0.170202
0.933409
0.848994
0.547411
0.736930
-0.964843
0.097812
0.406537
0.808527
0.528611
-0.783319
0.950499
0.122837
0.899594
0.215369
-0.977905
-0.465438
0.346416
0.225745
0.564501
-0.307169
-0.041963
0.720695
0.000092
0.716666
0.967162
-0.962951
-0.774041
-0.410504
-0.270363
0.712394
-0.678457
0.512070
-0.722526
0.733573
0.213965
0.129429
0.690054
0.846309
0.588000
-0.418134
0.849910
-0.129124
-0.250832
0.503708
-0.220130
-0.968627
-0.529588
0.802728
-0.195105
0.932798
-0.068331
-0.341594
-0.927061
-0.990539
-0.667348
-0.383526
0.462569
0.770440
-0.364299
-0.389386
0.869564
-0.551622
0.051546
-0.047151
-0.427961
-0.627491
-0.119419
0.941771
0.312540
-0.567125
-0.344157
0.958556
-0.074374
0.790948
0.830317
0.695181
-0.790033
-0.992553
0.375469
0.303446
0.492843
0.190771
-0.874996
-0.732109
0.923887
-0.370403
0.308939
-0.367229
0.728751
-0.762810
-0.425581
-0.845332
0.242531
0.056429
0.534959
-0.003815
0.223853
0.454024
-0.092013
0.887936
-0.635975
0.742790
-0.927000
-0.414167
-0.092685
-0.596362
-0.231727
0.629505
0.017304
-0.534043
-0.425153
-0.194678
0.836482
-0.946654
-0.033174
-0.449751
0.167211
-0.124546
-0.247658
0.987304
0.963012
0.021821
0.294046
0.258950
-0.700735
0.661611
-0.855464
-0.153905
0.813166
0.031770
0.227577
0.656545
-0.650380
-0.463790
0.183996
0.837825
0.626148
-0.546861
0.966552
0.959288
-0.728446
-0.396283
0.240699
0.556444
-0.500595
-0.767449
0.515183
0.236610
0.069369
-0.365398
0.606494
-0.124058
0.172338
0.554125
0.164525
0.251320
0.969787
0.292764
-0.846614
0.631031
0.762383
-0.851009
-0.983032
-0.988220
-0.978210
0.535203
0.361980
-0.357707
0.784051
-0.884396
0.950621
-0.296793
-0.832453
0.359783
0.074984
0.590442
-0.970153
0.259316
0.596912
-0.106662
0.910947
0.176000
0.782586
-0.662404
0.766533
-0.584948
0.383343
-0.139256
-0.156957
0.208594
-0.085116
0.011261
0.450911
0.541856
0.091586
0.259926
1.000000
-0.792474
0.703299
-0.790704
-0.945677
0.109348
0.468734
0.736198
-0.806269
0.778741
-0.128574
-0.943541
-0.113620
0.348430
-0.057772
0.964721
0.458357
0.341594
0.108737
0.447127
0.121372
0.811518
0.991272
-0.266030
0.828364
0.642201
0.972777
0.435469
0.243629
-0.042268
-0.808832
-0.652882
0.143345
0.366558
-0.241127
0.209449
0.299661
-0.176000
-0.351909
0.846065
-0.036225
0.261513
0.095676
-0.668447
-0.759697
-0.685415
-0.631336
-0.648915
0.589526
-0.857356
-0.062899
-0.053133
0.232154
0.116672
-0.637013
-0.527207
-0.734184
0.443525
0.217750
-0.434065
-0.927427
-0.523789
0.874264
-0.479293
-0.398236
-0.426923
-0.297830
0.719901
0.721000
0.143101
-0.398358
-0.504440
-0.381207
0.257973
-0.060823
-0.781121
0.264138
0.495041
0.067110
0.035615
-0.101169
0.531541
-0.051607
-0.393963
0.785882
0.575793
-0.007111
0.632740
-0.933287
-0.950743
0.226417
0.384991
0.205054
-0.895993
-0.484359
-0.089694
-0.904782
0.870296
-0.858577
0.348552
-0.306253
0.981750
-0.579211
0.963073
0.887936
0.527879
-0.731132
0.325541
0.617237
0.260231
-0.046480
-0.292093
-0.007660
-0.982604
-0.229652
0.555406
0.693533
-0.902280
-0.958190
-0.671621
0.811762
-0.486679
0.507248
0.133824
-0.920164
0.059053
-0.544115
-0.931700
-0.447798
-0.245033
-0.256081
-0.430403
-0.041231
0.591784
0.237587
-0.060762
-0.160558
-0.206091
0.005890
-0.894467
-0.286294
0.487472
-0.181433
-0.794733
-0.532640
0.288797
-0.533250
-0.478317
-0.371380
-0.146947
-0.804743
-0.859981
0.841426
0.624195
0.878964
-0.937925
0.346721
-0.428083
-0.192724
0.931516
-0.472518
-0.032014
-0.380291
-0.842158
-0.086093
-0.599902
-0.021210
-0.344829
-0.152623
-0.979553
0.554003
0.882565
0.300638
0.473922
-0.347453
-0.562487
-0.969115
-0.123325
-0.357646
0.199866
-0.420942
0.108676
-0.817377
-0.592700
-0.048799
0.049898
-0.293619
-0.124668
-0.147984
0.475509
0.331889
0.993835
-0.138157
-0.302469
-0.754082
0.673452
0.950987
0.580676
0.357707
-0.918577
0.536302
-0.494919
0.525010
-0.536546
0.891354
-0.608875
0.695242
-0.650746
-0.251320
0.785150
-0.594104
-0.398602
0.548448
0.047639
-0.665334
0.697623
0.495895
-0.430525
0.346721
0.906247
0.233985
0.345073
-0.500534
0.809259
-0.026887
0.423688
-0.464705
-0.217200
0.774407
0.730033
0.502487
0.827570
0.510849
-0.127354
-0.862545
0.297647
0.340617
0.491379
0.541917
-0.663015
0.213233
-0.006745
-0.134434
-0.457564
0.812922
-0.512741
-0.048799
-0.678335
-0.639088
-0.065340
-0.057283
-0.172521
-0.217139
-0.755547
0.945494
0.583483
-0.763970
-0.611560
0.403790
-0.396222
0.687246
-0.393353
0.729911
-0.271340
0.359416
0.053987
-0.909970
-0.926817
-0.162999
-0.652455
-0.349528
-0.122044
-0.847774
-0.740165
-0.383099
0.141514
0.743889
-0.023041
-0.273232
0.064425
0.420820
0.152928
0.765557
-0.772454
-0.946471
0.461043
0.604663
-0.944639
-0.903378
0.449080
-0.509690
-0.333476
0.165807
0.567064
0.382122
0.325236
-0.960570
-0.389569
-0.811945
0.776666
0.314676
0.508286
-0.536668
0.773431
0.669485
0.599475
0.666494
0.719901
0.896603
-0.180761
-0.952818
0.521165
-0.640919
-0.224525
-0.068270
0.132237
0.961974
0.312235
-0.023103
-0.148900
0.096347
-0.302042
0.167760
-0.053072
0.052034
0.789727
-0.504868
0.629933
-0.155980
0.570605
0.291360
0.434492
0.381268
-0.938169
-0.059603
0.773797
-0.677175
0.981628
0.173925
-0.298990
-0.813959
0.920713
0.546556
0.547227
0.064180
0.321329
-0.075045
0.716178
0.634571
0.800104
-0.161718
0.026093
-0.889096
0.181310
-0.535508
-0.299722
0.072726
0.555956
-0.398236
-0.453413
-0.413495
-0.707938
0.132115
0.445845
-0.686758
0.440535
0.845149
0.565355
-0.676321
0.180456
0.553209
-0.731498
0.637745
0.315592
-0.634388
-0.166784
-0.720023
0.340739
-0.246193
0.231483
0.961852
0.730094
0.486251
-0.220008
0.603076
-0.632435
0.030610
-0.616871
0.864742
0.110019
-0.183569
-0.837397
0.874264
-0.473189
0.694693
0.220985
0.072115
-0.358013
-0.022004
-0.342204
-0.660634
-0.935667
-0.690237
0.900693
0.526292
-0.008454
-0.044649
0.672720
0.532395
0.286416
0.596912
-0.002777
0.993225
-0.443831
0.171361
0.604785
0.555528
-0.071688
0.436445
-0.017304
-0.180639
0.299356
0.083712
-0.075900
0.951170
-0.400250
-0.627674
0.878414
-0.496750
0.013215
0.547227
0.329875
-0.113926
0.123936
-0.773064
0.214026
-0.246376
0.085665
-0.393048
-0.378643
-0.975524
0.944884
0.377606
0.184912
0.079440
0.775140
0.299905
-0.776788
0.955870
-0.404096
0.013031
0.597095
0.960143
0.317301
0.710990
-0.284158
-0.545946
0.900571
0.484115
-0.256691
-0.555651
-0.314371
0.487289
-0.241554
-0.443281
-0.598621
0.261879
-0.243263
-0.828669
-0.210730
-0.178137
0.873592
0.410199
-0.514817
0.464888
-0.863704
-0.961608
0.561693
-0.052095
0.135289
0.624073
0.274453
-0.389264
-0.943480
-0.591479
0.683645
-0.943785
0.748222
0.993591
0.128391
-0.969726
-0.554735
-0.844050
-0.300455
-0.235511
-0.198035
0.669362
-0.913938
-0.879147
-0.100070
-0.807794
0.491440
0.044099
0.617176
0.163610
-0.170507
0.881222
-0.582873
0.780633
-0.709342
0.299905
0.191748
-0.116184
-0.610096
0.333842
0.441572
-0.928098
-0.629261
-0.636402
0.989380
0.655568
-0.073214
0.956359
0.394940
-0.488327
0.984375
-0.842036
0.144261
0.256752
-0.680776
0.274941
0.888607
-0.185278
0.909055
-0.189489
-0.919126
-0.293374
-0.580920
-0.227454
0.312906
-0.495407
0.421125
0.660451
-0.678701
-0.123753
0.367962
0.202124
-0.191748
0.655629
0.913388
0.638478
0.203284
-0.162755
0.224708
0.456526
-0.234657
0.913144
-0.638661
-0.163366
-0.498337
-0.416181
-0.252602
-0.637257
-0.666311
-0.109897
-0.468856
0.007172
0.798578
0.979614
0.927976
-0.365459
-0.855220
0.928831
-0.074923
-0.920835
0.367290
-0.579699
0.598498
-0.156529
0.531175
0.749504
0.744194
0.405927
-0.169408
-0.068087
0.397137
-0.603748
0.083346
-0.046419
-0.156041
0.303568
-0.483810
0.494675
-0.622364
-0.029939
-0.400983
-0.866634
0.314676
0.987732
-0.518906
-0.192969
0.739494
-0.257546
-0.536973
0.366253
0.973388
0.399030
0.110080
0.695364
0.787103
0.710807
-0.200415
0.992676
-0.694571
0.139134
-0.850093
0.135716
0.389325
0.709098
-0.101108
0.586962
0.682546
0.309366
0.742973
0.295389
-0.008698
0.894040
0.172887
-0.444685
-0.379376
0.629749
0.276406
0.174169
-0.563829
-0.861446
0.862911
-0.371990
-0.686636
0.435408
0.520310
-0.479720
-0.273904
0.995239
-0.949644
-0.402570
-0.924558
0.217811
-0.213294
0.643422
-0.778558
-0.285623
-0.780816
0.391644
0.990967
0.225990
-0.255104
-0.617908
0.856624
-0.591479
0.273782
0.050691
-0.336161
-0.095614
-0.704154
0.156346
-0.512436
0.275124
-0.623646
0.452864
-0.640431
0.817560
-0.501877
-0.917844
-0.935972
0.012970
0.300882
-0.925962
0.596484
-0.798517
-0.927305
-0.765618
0.396649
0.967772
0.051912
0.258339
0.001251
0.350017
0.894772
-0.568651
-0.602954
0.280923
-0.683279
-0.333110
-0.454024
-0.164953
0.823542
-0.802667
0.713981
-0.462264
-0.731498
0.424299
-0.294473
-0.699576
0.282876
0.034639
0.035249
0.046175
0.576952
-0.210669
-0.535997
-0.881344
-0.764092
-0.231788
0.140294
0.401654
-0.846370
0.929136
0.975463
-0.502670
-0.716117
0.693228
-0.530869
0.860897
0.874569
-0.704764
-0.977721
-0.005768
0.077914
-0.367229
0.174169
0.616871
-0.528245
0.474410
-0.523362
-0.873714
-0.788446
-0.843257
-0.769341
-0.014008
-0.597339
0.936399
0.566088
-0.338054
-0.619495
-0.635426
0.394208
-0.722587
0.353557
0.921140
0.380657
0.681692
0.081515
-0.369060
0.790887
0.380596
-0.076205
0.522568
0.255776
0.804498
0.960326
0.756218
-0.044099
0.804010
-0.500534
0.123203
0.766228
0.863826
0.326334
-0.600574
0.697562
-0.172033
0.927183
0.093966
-0.899655
0.222205
-0.119175
0.869076
0.296670
0.477706
-0.790338
-0.131260
-0.778191
0.047578
-0.121006
0.487899
-0.959838
0.239845
0.872005
-0.092746
-0.027741
-0.534410
0.124546
0.240638
0.499863
0.242653
0.282510
-0.881283
-0.729911
-0.566149
-0.679922
0.665334
0.393231
-0.978942
-0.796564
-0.651723
0.143223
-0.760369
-0.743034
0.559984
-0.632008
0.747063
-0.517502
0.858516
0.483077
0.880734
-0.863582
-0.258827
-0.949950
-0.190954
0.530381
-0.947752
-0.159825
0.921140
-0.256508
0.173132
-0.691885
-0.844050
-0.461715
-0.775079
-0.188025
-0.832026
-0.720328
-0.053804
-0.193579
0.768365
-0.694327
0.553758
-0.543138
-0.738029
0.130467
-0.616138
-0.758660
-0.661916
-0.122593
0.473128
-0.308390
-0.022736
-0.108554
-0.151097
-0.139317
-0.983215
0.973998
0.943297
0.026154
-0.103000
0.123386
-0.558702
-0.846431
-0.769768
-0.639698
-0.660573
0.208045
-0.594470
0.527940
-0.156407
0.590136
0.648061
-0.831538
-0.917966
-0.610034
0.439558
0.624317
0.284036
0.423750
-0.422346
-0.883908
-0.807123
-0.621754
-0.392560
-0.654225
-0.625721
-0.539048
0.651479
-0.468490
-0.391156
-0.025605
-0.901364
-0.575426
-0.246010
-0.448347
0.801508
-0.355937
-0.845271
-0.100192
0.739555
0.097629
0.935850
0.643910
-0.801386
-0.020295
0.198523
0.197974
0.792291
-0.087802
0.181555
-0.683035
0.617664
-0.164953
0.983215
0.303201
0.478561
-0.146092
0.141270
-0.503403
-0.644154
-0.750114
0.585253
0.384320
0.623280
-0.587268
-0.529588
0.139866
-0.749016
0.871395
-0.273476
-0.906064
-0.535936
0.614429
-0.291177
0.477889
-0.752373
-0.404828
-0.210181
-0.731010
-0.154942
0.856746
0.942625
-0.977233
0.943846
0.165075
0.098849
0.630543
0.235084
0.314249
0.010285
0.996460
-0.604602
-0.527573
-0.010529
0.451827
-0.100497
0.733695
-0.458357
0.646718
-0.758049
0.520310
-0.847224
-0.527757
-0.550707
-0.844600
-0.305826
0.406964
-0.531602
-0.397992
0.989563
-0.950926
0.505722
-0.271645
0.868954
0.306497
0.701956
-0.798090
0.526536
0.213660
-0.988586
-0.680593
-0.561876
0.301187
0.539232
0.626453
0.657704
-0.048189
-0.868770
0.777459
-0.496139
-0.058748
0.302835
0.630360
0.576464
-0.596484
-0.686453
-0.833918
0.358989
-0.523423
-0.864559
-0.568773
0.680349
0.290323
0.656850
-0.876705
0.802118
-0.792352
0.419111
-0.843989
-0.729118
0.290933
0.194128
-0.374981
0.314310
0.538743
-0.645192
-0.483016
0.108554
-0.834712
0.461715
0.794000
0.219398
0.719840
0.195471
-0.231788
0.404889
-0.073885
-0.573717
-0.361980
-0.636402
-0.259194
-0.151158
-0.080416
-0.413862
-0.021332
0.255104
-0.276162
-0.743522
-0.405011
-0.070956
0.727775
-0.860042
-0.166051
0.720267
0.693228
-0.875729
0.715262
0.898312
-0.394513
0.065401
0.217627
0.893307
-0.336650
0.406903
0.246986
0.835994
-0.260659
0.718925
-0.345805
-0.130222
0.600696
-0.424360
-0.634999
0.067415
-0.456221
-0.450423
-0.799310
0.278481
-0.978515
-0.845149
0.090915
-0.322245
0.900815
-0.936827
-0.064852
0.879879
-0.840938
0.962096
-0.680593
-0.926756
-0.997803
-0.098117
0.619922
-0.076876
0.714103
0.412152
-0.541429
-0.901181
-0.587756
-0.524644
-0.766167
0.795587
-0.882260
-0.921140
-0.293313
-0.378460
0.839045
0.576281
-0.092196
0.610401
-0.290689
0.977844
-0.332560
-0.564440
-0.790765
0.758599
-0.156529
-0.618152
-0.822138
-0.184118
0.544725
-0.352702
-0.363689
0.568468
0.829768
-0.788629
-0.044038
-0.635914
