0.055757
0.649220
-0.035615
-0.466231
-0.110141
-0.357402
-0.784600
-0.991455
0.391339
0.042390
-0.787042
-0.992859
-0.559862
-0.559191
-0.827998
0.887020
0.669057
0.638661
-0.554979
0.180273
-0.106662
0.155370
-0.452742
-0.601306
0.398480
0.054292
0.696646
-0.002716
-0.563280
-0.554613
0.716239
-0.791559
-0.968932
-0.362957
-0.571642
-0.913144
-0.703116
0.877560
0.073946
-0.321329
-0.376629
0.703726
-0.314859
0.891964
-0.337931
0.066134
0.991272
-0.138340
0.697134
0.615955
0.114597
0.791803
-0.074679
-0.746941
-0.484054
0.456709
0.004791
0.070956
0.761467
0.478011
-0.825312
-0.884701
-0.459639
-0.542222
-0.214209
0.194861
0.452620
0.674917
-0.451949
-0.496445
0.771905
-0.658315
0.777459
-0.430464
-0.294717
0.078219
-0.136204
-0.056368
0.640675
0.388531
0.770440
0.772393
0.216041
0.702261
-0.296121
0.450179
0.829829
-0.512558
-0.065157
-0.180456
0.020661
0.634510
-0.195715
0.919797
0.839534
-0.864925
0.776177
0.404889
0.758538
0.140477
0.348674
0.843074
0.730033
0.351543
0.842402
-0.922361
0.389447
-0.876034
0.501083
-0.216773
-0.477157
0.420759
-0.174841
-0.062166
0.968749
0.751579
0.263283
-0.405683
0.130589
-0.227271
0.732719
-0.900815
0.112339
0.391400
0.579211
-0.055147
-0.668996
0.183386
-0.235633
0.492050
0.501083
-0.636647
0.549547
-0.401776
0.480331
-0.350261
-0.592639
0.319376
-0.380474
0.228675
-0.963622
-0.429182
0.806269
0.356731
0.269631
-0.976989
0.726798
0.373455
-0.774285
0.443403
-0.716117
-0.678823
0.045686
-0.709525
-0.896603
0.199316
0.485885
-0.080050
0.872372
0.620289
0.488266
-0.297647
-0.450911
0.401288
-0.937864
0.302286
-0.797052
0.255654
0.922300
0.593677
-0.475753
0.744926
0.385418
0.775018
-0.356304
-0.111240
0.104648
-0.198157
0.673452
-0.292764
-0.880367
0.177770
-0.165258
0.173498
0.907285
-0.297281
0.431806
-0.300333
-0.022553
0.046907
-0.014740
0.345683
0.192541
0.763482
0.159581
0.681326
-0.162450
0.228980
0.778497
0.020966
-0.513169
0.372784
-0.681875
0.424421
-0.187536
0.961547
-0.928343
-0.345378
-0.719352
0.999451
-0.225990
-0.422956
0.418867
0.404950
-0.161412
0.922727
0.068758
0.409040
0.478622
0.612415
-0.945372
-0.164098
-0.418317
0.986206
-0.072054
0.090121
-0.848750
0.287393
-0.751396
-0.225135
0.180883
0.065889
0.463729
-0.820795
-0.692923
0.570299
0.300516
-0.587451
-0.415143
-0.236000
0.584155
-0.920591
-0.508713
-0.645863
0.502243
0.352763
0.531663
-0.848994
-0.125889
0.170751
0.972533
-0.572924
0.195044
-0.689016
-0.411237
0.177343
-0.879757
0.803644
0.474166
-0.239357
0.566759
-0.263222
0.870663
-0.194922
0.087313
-0.232521
-0.641957
-0.960814
-0.207862
-0.212622
0.815302
0.582385
-0.713065
0.087497
-0.290689
-0.722159
0.552782
0.043916
0.220923
0.304178
0.505112
-0.198889
-0.557909
-0.817866
-0.082369
0.484115
0.024812
-0.945067
-0.919919
0.641896
0.407270
0.066988
0.982360
0.078890
-0.974853
-0.421430
0.038911
-0.813349
0.818110
0.617481
0.468978
0.964904
-0.746391
0.861080
0.174963
0.139744
0.932798
-0.674429
-0.956542
0.163976
0.042390
-0.097690
0.846309
-0.648610
-0.342448
-0.348369
0.970702
-0.439375
-0.821955
-0.507736
0.441389
0.762871
0.280496
0.660207
-0.531053
-0.135594
-0.961547
0.035066
-0.869503
-0.521348
0.279214
-0.421186
0.504990
-0.454085
0.538804
-0.810114
-0.041047
0.897275
0.639454
0.358867
-0.700919
0.861019
-0.237098
0.164586
-0.258705
0.057161
0.005524
0.596362
0.743278
-0.951598
0.130039
-0.257790
-0.886166
-0.849116
0.640431
-0.136876
-0.661916
0.502060
0.591235
0.700552
0.103366
0.594653
0.720084
-0.979614
-0.239418
0.861019
-0.063570
0.134251
-0.269509
-0.727103
-0.315958
-0.103977
0.066927
0.685537
-0.820063
-0.133763
0.408673
0.118625
0.667714
-0.316446
0.292825
-0.292337
-0.394391
0.917722
-0.661245
0.794671
0.198401
0.573962
0.830012
0.981567
-0.333720
-0.561022
0.736076
-0.908383
0.345622
0.742119
-0.363140
0.522691
-0.750481
-0.729850
0.422163
-0.180944
-0.628101
-0.760796
0.162511
0.165075
-0.958068
-0.601550
-0.924741
0.825922
-0.153356
-0.565722
0.456771
-0.313761
-0.658986
0.399518
-0.373089
-0.871578
-0.374126
-0.550157
-0.968261
0.344035
-0.665090
-0.455123
0.250038
0.611621
-0.678518
0.098178
-0.547777
0.261940
0.791192
0.289590
0.102084
0.629566
-0.342387
0.279092
0.267495
-0.146641
-0.611927
-0.323588
0.971007
-0.727958
-0.850398
-0.537645
-0.083956
0.539109
0.566332
0.918210
-0.174474
0.610340
-0.734916
0.338115
-0.981384
0.540880
-0.149998
-0.442671
0.885739
-0.487167
0.279763
-0.290201
-0.371441
-0.845332
0.969787
-0.079684
0.506272
0.561144
-0.336528
-0.696341
0.030915
-0.783990
0.811029
-0.617847
0.860714
0.885434
-0.211707
0.884640
0.453047
-0.394757
-0.775201
-0.788812
0.410138
-0.597339
0.261635
0.843684
0.122288
0.395489
-0.753655
-0.723258
0.957518
0.838435
0.254555
-0.409345
-0.557421
-0.112705
-0.823359
-0.874935
-0.165929
-0.130528
-0.049837
0.731803
-0.065950
-0.328898
-0.839106
-0.325175
0.959777
-0.842036
-0.632374
0.535508
0.301004
0.089022
-0.531724
-0.296670
0.220008
0.206641
-0.182409
0.009491
-0.968200
0.588061
0.186865
0.294717
-0.529038
0.375408
-0.866878
0.777642
-0.197058
0.251381
-0.630299
0.262490
-0.810846
-0.143468
-0.949583
0.975646
0.461348
-0.596179
-0.474227
0.021393
-0.270791
0.268532
-0.437483
-0.977599
-0.607715
-0.045747
0.572130
0.280801
0.331828
-0.184973
-0.886959
-0.362346
-0.785760
-0.562975
0.906247
-0.584643
0.406232
-0.916684
-0.895016
-0.902036
-0.021821
0.861263
-0.504685
0.538560
0.725578
0.042024
-0.113865
-0.180273
-0.761834
-0.669790
0.325053
-0.397565
0.807123
0.098727
-0.237526
-0.228492
0.830988
0.835200
0.321635
-0.653310
-0.615345
-0.592578
0.630665
-0.474715
0.574389
-0.181188
0.461043
-0.720756
-0.468673
0.784845
0.951659
-0.930235
-0.667104
0.624500
0.868099
0.188208
0.686270
0.803949
-0.421979
-0.252663
0.710623
-0.357219
0.682669
0.401410
-0.030732
0.038972
0.996216
-0.065035
0.084384
-0.023286
-0.743828
0.100314
-0.204016
-0.060152
0.575976
-0.894711
-0.939879
-0.214393
-0.799249
0.647511
0.107944
-0.046419
-0.039705
0.691885
0.369976
0.667165
0.295083
0.254738
0.131382
-0.472884
0.216163
0.585986
-0.090060
0.265114
-0.228309
-0.292398
0.378460
-0.025666
-0.527573
0.565783
-0.627491
-0.490219
-0.996216
-0.841487
-0.504013
-0.152074
-0.644093
-0.988403
0.455367
-0.891537
-0.100620
-0.142918
0.027009
0.880978
0.576464
-0.062105
0.387616
-0.845454
-0.324625
-0.498276
-0.738578
0.882321
-0.989990
0.568590
-0.600208
0.540147
0.007355
-0.268288
0.041536
0.577746
-0.224158
-0.891232
-0.346355
0.456771
-0.323649
-0.185339
-0.360759
-0.813471
-0.433515
-0.967101
-0.690298
0.809442
0.246803
0.659658
-0.891232
0.916379
0.459456
-0.633595
-0.308023
-0.188574
0.309854
0.408979
-0.074923
-0.840083
-0.535142
0.844600
0.374920
0.446699
0.676199
0.325541
0.007538
0.356975
-0.317423
-0.026276
0.814875
0.460677
-0.779839
-0.972228
0.151769
0.144810
0.291299
0.220191
-0.856807
0.195532
0.904904
-0.953429
0.530503
-0.613269
-0.605945
-0.321024
-0.349834
0.312357
-0.514817
0.871334
-0.645924
-0.201636
-0.708426
-0.119785
0.343425
-0.189978
-0.309122
-0.183813
-0.967162
0.698660
-0.611194
-0.603381
-0.806574
0.884701
-0.683096
-0.215552
-0.789911
0.321574
0.194433
0.974670
0.438765
0.925474
-0.655446
-0.322611
0.130406
-0.787774
0.703726
0.699454
-0.642079
-0.499435
0.592151
0.070833
-0.885922
0.726737
-0.108737
-0.271340
-0.438826
0.863582
-0.554674
-0.266823
0.757195
0.118076
-0.473678
-0.009796
0.864376
0.780206
0.966796
-0.526841
-0.842524
0.681997
0.276894
0.287271
0.712027
0.990661
-0.537156
0.730033
-0.702322
-0.164464
0.676870
0.450911
0.730399
0.772149
0.510117
0.446516
-0.246925
0.831721
-0.100009
-0.344218
0.353435
0.409284
-0.490646
0.972167
-0.149083
-0.238014
0.959166
-0.111789
-0.589709
0.692434
0.499680
-0.211219
0.610767
0.853145
0.253945
0.093844
0.114536
-0.646352
-0.579089
0.460860
0.790155
-0.543870
0.959716
-0.534410
-0.811884
-0.967528
0.193945
0.619861
-0.103488
-0.586840
-0.970336
0.006500
-0.598071
0.718192
-0.914853
-0.823969
-0.668630
-0.791375
0.930662
0.044404
0.034700
-0.618580
0.688772
-0.091281
0.087374
-0.008881
-0.496445
-0.036164
-0.312235
0.367046
-0.553758
-0.940367
0.701590
-0.793390
0.314432
-0.442244
-0.023103
0.914609
-0.777581
-0.972839
0.443709
0.615955
-0.128758
-0.145665
-0.415265
-0.703177
0.935057
0.080111
-0.939512
-0.727592
0.856014
0.261818
0.198889
-0.856441
-0.737602
-0.087924
0.122288
0.976440
-0.020783
0.649281
-0.104892
-0.167150
0.782342
0.770013
-0.295694
0.478317
-0.333720
-0.529466
0.198096
0.111484
0.248756
0.600330
-0.128636
-0.803522
-0.587024
0.052828
-0.969970
-0.675161
0.291421
-0.831477
0.848140
-0.002960
0.078158
-0.628712
0.153539
0.846492
0.158788
-0.995117
0.286721
0.003449
-0.671194
0.214576
-0.478500
-0.761040
0.500961
-0.614856
0.229591
-0.563219
-0.336100
-0.257851
-0.187048
-0.875790
0.670949
0.526597
0.213294
0.156529
-0.653554
-0.154088
-0.120212
0.398175
-0.444929
0.473739
0.334574
-0.729118
0.262490
-0.940672
-0.977233
-0.836543
-0.128452
0.074679
0.980651
-0.741508
0.921751
-0.241981
0.928343
0.005463
0.129368
0.081210
-0.360332
-0.303873
0.313028
0.183081
0.804559
-0.299600
-0.468429
-0.608509
0.144688
-0.540269
-0.315714
0.963317
-0.165929
0.161596
-0.164708
-0.748589
0.317545
-0.841182
-0.491928
-0.322794
-0.581042
0.150853
-0.710440
-0.577441
0.055696
-0.465316
0.255531
0.272195
0.421369
0.534410
0.177282
0.488571
-0.900815
0.528550
-0.285257
-0.060030
-0.270486
-0.360698
0.545701
-0.798273
-0.941771
-0.902951
0.890988
0.040437
-0.025971
0.863704
0.299966
-0.933470
0.001129
-0.436384
-0.757500
-0.667043
-0.835688
0.307596
0.034028
0.976073
-0.702872
0.596118
0.142125
0.653737
0.077670
-0.359050
0.348613
0.139378
0.798578
-0.928098
-0.883297
0.827631
0.496933
-0.316568
-0.579394
-0.130345
0.680715
0.886715
0.755913
-0.582080
-0.807245
0.137242
0.738762
0.898373
-0.336344
0.247291
-0.796747
0.056612
0.896786
0.909238
0.608997
0.937071
-0.645314
-0.915220
0.169347
-0.563158
0.601672
-0.608142
0.065706
-0.125950
0.275185
-0.683218
-0.656728
0.139622
0.689505
0.935728
0.053804
0.945311
-0.228980
-0.875912
0.227454
0.836360
-0.091586
-0.217811
0.970275
-0.399945
0.802118
-0.728202
0.284890
-0.522385
0.625233
0.095981
0.224769
-0.168859
0.382794
-0.772759
-0.016083
-0.489608
0.917417
-0.319315
-0.732963
-0.040193
0.244911
0.295022
0.883053
0.507797
-0.614978
-0.741630
-0.636219
-0.388165
-0.116977
-0.196142
0.829707
0.426618
-0.471541
-0.329875
0.163305
0.195288
-0.863643
0.522874
-0.784112
0.147435
-0.318033
-0.192846
0.316935
0.478927
0.979553
0.951353
-0.119663
-0.101474
0.666372
-0.475692
0.618641
0.861263
0.531358
0.895688
-0.558641
0.002167
-0.880367
-0.016083
-0.487594
-0.091464
0.648549
-0.251381
-0.285623
0.109470
-0.441023
-0.415876
0.485580
-0.894406
0.332377
0.757439
-0.812128
-0.710562
0.361370
-0.227821
-0.851131
-0.619678
-0.390179
0.154210
-0.249001
-0.158605
0.086703
-0.514389
-0.443648
0.575976
-0.626514
-0.446394
-0.917356
-0.362651
0.890622
-0.641285
0.804682
0.341105
0.708670
0.464705
-0.110324
-0.582568
0.287637
-0.323344
-0.392865
-0.779656
0.834468
-0.429243
0.635121
-0.633839
0.688040
0.453230
-0.166051
-0.173559
0.528001
0.488815
-0.868221
0.874630
-0.337687
0.644642
-0.121677
0.200354
-0.515366
-0.870235
0.959288
0.921201
0.635731
0.895016
0.206824
-0.493393
0.345378
-0.330302
0.776116
0.723075
-0.584521
0.595508
-0.346171
-0.208716
0.407514
0.275735
0.997681
0.368755
-0.355754
0.863948
0.128636
0.298013
0.681326
0.357646
-0.319864
-0.576281
0.127232
0.118442
-0.977477
0.828059
0.982788
-0.831416
0.711966
0.398602
0.520249
-0.539232
0.150731
0.480453
0.931333
-0.115268
-0.739006
-0.310648
-0.725700
0.112217
0.110508
-0.869869
-0.792474
0.361980
-0.813288
0.436995
-0.583178
-0.351543
0.522629
0.588244
0.921567
0.129856
-0.189184
0.147069
0.395489
-0.868587
0.522446
-0.418134
0.590686
0.409772
0.994507
-0.950438
-0.418622
0.698538
0.084872
-0.117771
-0.254189
-0.689016
0.513840
0.988647
-0.450911
0.015290
-0.158483
-0.199683
-0.949156
-0.293069
-0.148106
-0.376751
0.884030
0.099338
-0.963256
-0.304056
-0.399274
0.656178
0.311441
-0.573168
-0.846675
0.675466
0.994140
0.987671
0.187048
-0.660756
0.235145
0.877804
-0.992737
-0.015534
0.039460
0.285440
-0.516831
-0.977294
0.876461
-0.794549
-0.378521
-0.401654
0.091220
-0.068148
0.142552
0.645619
-0.802728
0.403241
0.017914
-0.052278
0.230506
0.421552
-0.523789
0.314066
0.966918
-0.938963
0.777520
-0.374187
0.888180
0.766900
-0.882443
-0.186438
-0.463118
-0.143956
0.207862
-0.105991
0.066256
-0.718863
-0.254372
0.355876
-0.530259
-0.746818
0.003571
0.429365
0.988281
0.142613
0.678396
-0.609241
0.303446
-0.564928
0.327433
-0.147557
0.880306
0.336100
0.524888
-0.794061
-0.520371
-0.843501
0.115452
0.029328
-0.957518
-0.564440
0.628590
-0.979125
0.274148
-0.134800
0.846736
0.115085
0.314188
-0.587939
-0.157994
0.135350
0.411237
0.521287
-0.028108
-0.382122
-0.465133
-0.433454
-0.582934
0.306925
0.363811
0.395795
-0.717521
0.175756
0.922361
0.761162
0.939390
-0.247047
-0.411420
0.360881
0.480331
-0.884396
-0.619068
0.676199
-0.279946
-0.087985
-0.735954
-0.753471
0.928587
0.293802
-0.936155
0.918882
0.474837
-0.393902
0.784051
-0.158361
-0.661367
-0.868954
0.798212
-0.257302
0.241066
-0.114170
-0.153539
-0.424421
-0.736747
-0.124302
-0.842830
-0.365093
0.436750
-0.041597
-0.696463
-0.969543
-0.358440
0.077792
0.493576
0.519211
0.181860
-0.472091
0.445296
0.584216
0.316446
-0.506149
-0.656911
-0.371075
-0.290445
0.739189
-0.234107
-0.103610
-0.352458
0.543443
-0.643422
-0.770135
-0.407208
-0.459395
0.843196
0.241676
-0.232826
0.981017
-0.949461
0.417219
-0.684439
0.483932
-0.956114
0.724357
0.930662
0.319498
-0.787347
0.957884
-0.926817
0.615528
0.706534
-0.053865
0.682730
-0.494064
-0.539903
0.252907
-0.535813
0.217078
0.147496
-0.339579
0.062044
0.032746
0.703543
0.123630
-0.095248
-0.595813
-0.110630
-0.828608
-0.536302
-0.417096
0.074923
0.652394
0.794244
-0.012299
0.478256
0.352275
-0.333537
-0.891842
0.656484
-0.503037
0.385601
0.384014
0.636891
0.260537
-0.290445
-0.656423
0.775811
-0.455733
-0.071932
0.616016
0.350810
0.540269
0.638478
0.407147
0.373943
-0.964537
-0.511338
0.977172
0.180944
-0.848262
-0.766045
0.311747
-0.452132
-0.204627
-0.846919
-0.213965
-0.890255
0.136814
-0.638966
0.030793
0.891415
-0.831477
-0.006439
0.815851
0.253883
-0.863704
-0.915525
0.900510
0.759453
0.274697
-0.483261
-0.817621
-0.384686
-0.140904
-0.499008
0.247780
0.416364
-0.821467
-0.653249
-0.729179
0.611682
-0.026826
0.216590
-0.154271
0.318949
0.003998
0.883724
0.729362
-0.492233
-0.711539
0.998108
0.787347
0.281777
0.981323
0.568896
0.933470
-0.247902
0.910520
0.304422
-0.122959
-0.594043
-0.665639
0.611255
0.210913
0.332377
0.253151
-0.264870
0.500656
-0.846980
-0.237342
0.659291
0.328104
0.461226
-0.767815
0.745720
-0.435530
-0.216407
0.789300
0.376690
-0.568468
0.755303
-0.951109
0.200598
0.815912
-0.348125
-0.999207
-0.989807
0.614307
0.282998
-0.629749
0.758232
-0.797479
0.170263
-0.424421
0.718070
-0.988159
0.827448
-0.470870
0.275613
-0.497238
0.740593
-0.823298
0.677969
0.990722
-0.032807
0.923521
-0.269326
0.217017
0.203284
0.229286
-0.142186
0.177160
-0.709159
-0.660634
-0.872677
0.317911
0.784234
-0.076632
-0.487167
-0.015229
-0.119114
-0.674184
-0.973083
-0.728385
-0.938963
0.429426
0.607410
0.623768
0.223487
0.866451
-0.324442
0.912595
-0.064058
0.732475
-0.865413
-0.938536
-0.078463
0.150731
0.734367
0.365825
-0.058870
-0.057772
0.715079
-0.746574
0.900876
0.036348
-0.109592
0.647206
0.655995
0.277200
0.742119
0.530320
0.745293
0.379009
0.105014
-0.997497
0.286172
0.744438
-0.138646
-0.863887
-0.450850
0.529099
0.087069
-0.290994
0.861751
-0.440840
-0.673452
-0.602588
0.403302
-0.904172
0.089145
0.025056
-0.997620
-0.375408
0.851924
-0.172582
0.282815
0.651234
0.422651
0.327799
-0.191259
-0.814631
0.917844
-0.704215
0.688284
0.048860
0.843013
-0.961119
0.584887
0.909848
-0.787469
-0.679312
0.041475
0.751213
-0.779107
-0.573473
-0.709586
0.241493
0.505173
-0.960631
-0.905942
0.262307
0.832698
0.241066
-0.542711
-0.566942
-0.253212
0.853511
0.072237
0.107395
-0.708853
0.578784
-0.308329
0.027863
0.968566
-0.365459
-0.528916
0.209082
0.095676
-0.992126
-0.381390
0.641102
-0.696219
0.026093
0.312601
0.340922
-0.164159
-0.416608
0.164708
0.404950
-0.487716
0.337565
0.964049
-0.746513
-0.371136
-0.014863
0.530320
-0.376873
0.371014
0.913511
-0.705130
0.075838
0.494613
-0.979614
0.232521
-0.874325
0.570605
-0.270608
-0.885556
0.540086
-0.441511
0.493698
-0.512375
0.533860
0.204505
-0.686514
0.022370
0.079501
0.289163
-0.857906
-0.414960
-0.907407
0.893490
-0.662221
0.852596
0.683035
-0.272134
0.256508
-0.220740
-0.860897
-0.043550
-0.813166
0.237953
0.198157
-0.679312
0.342448
-0.691580
0.339946
0.890439
-0.186743
-0.702322
0.584521
0.578356
0.438398
0.353984
0.721305
-0.665883
0.455855
-0.026582
-0.433882
0.265114
-0.544359
-0.526597
-0.773125
0.459944
0.455489
-0.969420
-0.674062
-0.480026
0.437910
0.822748
-0.499069
0.603015
-0.341350
-0.540147
0.099704
-0.626453
-0.398907
-0.612781
0.650197
0.990539
-0.592151
-0.700247
-0.658010
0.578112
0.717338
-0.671010
-0.754753
-0.080416
-0.663869
-0.764946
-0.457930
0.433515
0.816218
-0.444685
-0.274819
0.770440
-0.701224
0.184851
0.621998
0.013642
-0.216956
0.263955
0.053621
-0.416181
0.547288
0.077486
-0.078280
0.318094
0.100864
-0.512558
0.714469
-0.583544
-0.499130
0.578539
0.209082
-0.563097
0.916807
0.951109
-0.324625
0.070406
0.030915
-0.705618
-0.346660
-0.173193
-0.586352
-0.587207
0.367290
0.339824
0.590320
-0.326151
0.982116
-0.842647
0.985046
-0.587207
-0.479659
-0.615345
-0.405255
0.137669
0.615162
0.753410
-0.358928
-0.445967
-0.889523
-0.484603
-0.302408
0.606738
0.537461
-0.572436
0.626759
-0.990417
-0.273171
-0.187048
-0.683584
-0.600574
-0.659352
-0.552171
-0.342998
-0.183813
-0.425459
-0.413800
-0.430952
-0.380474
0.900754
-0.209998
-0.054659
-0.111362
0.636036
-0.350627
-0.732475
-0.930418
0.926878
0.561022
0.990722
0.570116
-0.579394
0.230140
-0.245033
0.953368
0.013886
0.137364
-0.324381
-0.877804
0.212622
-0.221839
0.423933
0.854549
0.665883
-0.858699
-0.341227
-0.970885
0.962157
0.154393
0.253456
-0.365459
0.000641
-0.722648
0.614734
-0.585925
-0.017548
-0.593921
0.190405
0.417280
0.065828
0.706046
0.397320
0.877194
0.666311
0.094760
0.016144
-0.012665
0.060335
0.507920
-0.397931
0.265053
-0.662282
-0.513047
0.112583
0.913144
0.972411
-0.707999
0.650136
-0.001251
-0.096957
0.917051
-0.661794
0.792230
-0.236854
-0.284402
-0.431318
-0.431928
0.234413
-0.936399
-0.499496
-0.154271
0.939695
0.569140
0.598010
-0.691275
-0.326029
0.792779
-0.648122
-0.111850
0.033906
0.045686
-0.465133
0.082308
0.700186
0.658498
0.573351
-0.659963
-0.642323
0.774529
-0.636464
-0.971923
0.690298
-0.472213
0.267190
-0.749443
0.586718
-0.640370
-0.040864
-0.150243
0.245643
-0.229713
-0.639027
0.463363
-0.567003
-0.822138
-0.180700
0.534349
0.903867
-0.369610
0.112461
0.778558
0.306436
0.233497
-0.115513
0.603687
-0.069002
0.324870
0.490402
0.125706
-0.862850
-0.979858
-0.999878
0.650746
-0.321268
-0.232521
-0.789789
0.275491
0.046602
-0.564623
-0.356059
-0.501999
-0.496872
-0.073763
0.020112
0.404035
0.849910
0.463485
0.416791
-0.123508
-0.971374
-0.445235
0.427290
-0.893918
0.070894
0.384564
-0.384991
0.643300
0.859493
0.438520
0.487472
-0.606616
-0.756951
-0.807855
0.699087
0.157628
-0.968688
-0.911863
-0.760613
-0.299112
0.711661
-0.440596
0.857234
0.511093
0.472030
0.976135
-0.359905
0.136265
-0.219275
0.413800
-0.068880
0.381634
-0.703909
0.687124
0.306436
-0.647267
0.114353
0.306619
-0.294046
0.957213
0.435957
0.259743
0.371685
-0.059053
0.084567
-0.769158
0.314249
0.357952
0.375774
-0.909665
0.970580
-0.455855
0.340373
0.544969
0.500107
0.109775
0.918760
0.792657
0.231910
0.346660
-0.452864
0.858516
-0.235817
-0.533494
0.744865
0.729118
0.167333
0.944517
0.079012
-0.810053
0.491256
-0.192236
0.596973
0.699637
0.346232
-0.506088
-0.184729
0.741142
-0.078036
-0.469588
-0.866634
-0.734916
0.665212
0.457259
0.086032
-0.276650
-0.480880
0.741020
-0.809381
0.457381
-0.184973
0.216285
0.491134
0.299844
-0.515488
-0.942930
0.766778
0.966674
-0.525803
0.941710
0.283303
-0.066927
0.865535
0.571642
-0.877438
0.103000
0.057649
-0.583361
0.085482
-0.285379
-0.178747
0.567980
0.376019
-0.931211
0.123386
-0.233497
-0.395672
-0.027680
-0.597400
-0.446089
-0.410932
-0.436262
0.897336
-0.081149
0.131260
0.250710
-0.584887
0.761650
0.697195
0.119358
0.317606
0.015656
-0.921690
-0.065035
-0.311197
-0.683584
-0.812922
0.305704
0.965514
0.264626
-0.041902
-0.680898
0.351054
-0.082858
-0.445418
0.357646
-0.940672
-0.536607
0.225135
-0.110996
0.729667
-0.275246
0.665761
-0.123142
-0.015107
-0.649770
-0.397809
-0.056429
-0.162206
-0.210425
0.638600
-0.055635
0.173376
-0.018342
-0.479965
0.412030
0.058809
-0.972411
0.750053
0.120151
-0.106174
0.625355
-0.228919
-0.086032
-0.045869
0.722831
-0.816401
0.442305
0.241859
0.005646
-0.822504
-0.423505
0.531968
-0.158605
-0.609363
0.866695
-0.585376
-0.939451
0.224342
-0.183325
0.024506
0.606983
-0.032991
-0.641591
-0.856624
-0.247108
-0.089022
0.819147
-0.639393
0.824458
0.354106
0.659413
-0.636830
0.319559
0.766472
-0.235389
0.980102
0.381939
-0.016694
0.901730
-0.676016
0.967528
0.263771
-0.537156
0.201270
0.264870
-0.761162
0.759941
0.157506
-0.456221
-0.147984
0.710135
-0.513962
0.127415
0.470992
-0.816095
-0.994018
-0.241310
-0.772576
-0.326945
0.343974
0.018036
-0.486068
-0.874264
-0.898862
0.811945
-0.313272
-0.163366
-0.005951
0.778924
0.991394
0.541490
0.871273
0.940794
0.227027
-0.807428
0.418867
0.092563
0.436689
0.224708
-0.487960
0.850215
0.826106
0.836238
-0.182714
0.100192
0.237831
0.892880
0.725700
-0.666372
-0.821589
0.738823
0.915891
0.579882
0.135105
0.168249
0.874386
-0.114597
-0.624439
0.372600
0.015412
-0.632069
-0.165441
0.049715
-0.138951
0.847591
0.633534
-0.932432
0.739494
0.321635
-0.925291
0.270058
-0.574999
0.001373
-0.642262
0.701163
-0.041963
0.284829
-0.687735
0.493149
-0.885861
-0.564501
0.150304
-0.015412
0.187353
0.105441
-0.762932
0.809320
0.753349
0.234962
0.002167
-0.306742
0.397443
-0.007843
-0.222571
-0.928343
-0.639454
0.293619
0.689322
0.024567
0.657277
-0.564745
0.300455
-0.775323
-0.569811
0.920835
-0.030305
-0.167333
-0.654286
0.279763
0.585864
0.936033
-0.947447
0.778497
-0.600635
-0.402509
-0.600757
-0.308329
-0.270119
-0.848628
-0.897946
0.087619
-0.019990
0.359783
-0.770135
-0.964293
0.601856
0.521958
0.951903
0.258339
-0.961180
-0.846126
0.917478
-0.455611
0.929807
0.704154
0.646779
-0.858089
-0.189001
0.933409
0.770867
0.667165
0.578845
-0.709403
0.881344
0.131809
-0.562426
0.813044
0.837092
-0.456709
-0.359539
0.278115
0.143590
-0.522935
0.638112
0.748650
0.139561
-0.866817
-0.342387
0.698965
0.274575
0.441572
-0.901242
-0.521043
0.893246
-0.095248
0.878109
-0.437422
0.672964
-0.803217
0.388897
-0.534043
-0.959960
0.149510
0.642628
-0.391705
-0.541246
-0.361736
0.419111
-0.440229
-0.195837
0.957396
0.263894
-0.534227
-0.850581
0.777947
-0.187231
0.960814
-0.592639
0.229102
-0.512009
0.907712
0.402326
-0.338481
-0.561876
-0.131138
0.713675
0.594226
0.628162
-0.329447
-0.894894
-0.519944
-0.057955
0.780999
-0.620289
0.667837
0.257851
0.745903
0.850093
0.363994
0.345195
0.766472
-0.475265
-0.583911
-0.446760
-0.777154
0.783624
-0.312540
-0.110141
-0.924192
0.450667
-0.327311
0.028169
0.098483
0.337626
0.168188
0.250282
-0.071810
-0.261940
-0.324625
0.407575
-0.901914
0.704459
0.279519
0.052705
0.649281
-0.539476
0.371624
0.642201
0.713370
-0.770318
0.472396
-0.276406
0.919675
-0.266762
-0.808771
-0.657094
0.705008
0.073336
-0.370342
-0.830927
-0.682119
-0.297342
-0.599597
0.115268
-0.942869
0.523667
-0.802789
-0.630543
-0.856868
0.117100
-0.684500
-0.025666
-0.155309
0.683584
-0.915525
-0.278970
-0.099826
-0.709403
-0.429182
0.537461
-0.129673
0.219703
-0.403912
-0.191565
-0.096774
0.632923
-0.280618
0.696951
0.136387
-0.353557
0.791742
0.832636
-0.417707
0.368938
0.987243
-0.879879
0.433760
0.070162
-0.450850
-0.343547
-0.611866
0.095492
0.501633
-0.386578
0.294961
-0.005951
0.822199
-0.430036
-0.558336
0.393597
-0.225135
-0.253517
-0.502487
-0.537767
0.551927
-0.496017
-0.465804
0.446760
-0.421918
-0.230995
0.127964
-0.180029
0.759819
0.998474
0.577013
-0.249306
-0.001862
0.095859
0.059969
-0.777581
0.179540
0.008881
0.295450
0.210486
-0.135899
0.391278
-0.534532
-0.368328
0.290384
0.474899
0.846919
-0.601123
-0.342021
-0.988159
-0.712760
-0.468551
-0.876034
0.066561
0.558397
0.705252
-0.267067
0.503037
0.554735
0.276467
0.147862
-0.465743
-0.493759
0.394940
-0.853145
-0.502853
-0.190954
-0.867977
-0.189001
0.263710
-0.718986
-0.721915
0.590564
0.014130
-0.635487
-0.184484
0.825007
0.137669
0.075106
-0.474654
0.549242
0.623280
0.202979
-0.987060
-0.263222
-0.340556
-0.145604
-0.445723
0.480026
-0.874752
0.198828
0.650441
0.456648
-0.462935
0.411237
-0.569384
0.721244
-0.351543
-0.997864
0.701712
0.406049
0.981506
0.226905
-0.045503
-0.319193
-0.937193
-0.848750
0.147801
0.857112
0.378826
0.431074
-0.837397
0.312296
-0.508591
0.742729
0.183752
-0.004608
-0.238380
0.535752
-0.246498
0.198645
0.821345
0.706961
0.911679
0.930784
0.170629
-0.374248
-0.447005
0.581835
-0.931700
-0.670339
-0.668630
-0.391278
-0.377850
0.984252
0.216346
0.766778
-0.918516
-0.647023
-0.221656
0.168981
-0.684133
0.310770
-0.070650
0.743217
0.119236
0.699149
0.836787
-0.149327
-0.527573
0.526048
-0.359416
0.450301
0.879208
0.909665
-0.009919
0.734428
-0.980773
0.672903
-0.139805
0.369915
-0.682669
-0.043123
-0.816950
-0.638539
-0.726188
0.245338
-0.539842
-0.277810
0.250038
0.018097
0.319254
0.705618
-0.188879
0.870846
-0.612110
0.811884
0.869625
-0.785516
-0.833613
0.483200
-0.077303
-0.392987
0.145421
-0.510483
0.528733
-0.972716
-0.601794
-0.876888
-0.630177
-0.685537
-0.940916
0.713675
-0.957884
0.389325
0.215064
-0.300821
0.723380
0.616993
0.331217
-0.632679
-0.295572
-0.066561
0.214087
-0.582324
0.074740
0.839351
-0.082125
-0.620716
0.439985
0.909970
-0.959655
0.125828
0.431074
-0.054659
-0.413739
0.225440
-0.671682
0.667470
0.329020
0.325358
-0.894711
-0.647755
-0.367473
-0.725211
0.116489
-0.318522
-0.987671
0.074129
-0.673025
0.887692
0.450423
-0.026215
0.669790
-0.119053
-0.509507
0.855159
0.116062
0.570177
-0.481063
-0.790094
-0.824946
0.503342
0.640187
0.400555
-0.645985
0.521714
0.141758
0.667165
0.433088
-0.330241
-0.109958
-0.136570
-0.431990
0.405683
-0.978454
0.572436
-0.326151
-0.302042
0.659597
-0.748894
0.713065
0.110080
-0.262246
-0.063265
0.501267
0.976318
0.621265
0.473983
-0.907407
-0.558519
-0.058992
-0.473739
-0.181555
0.574877
-0.931333
0.791314
-0.021699
-0.451277
0.072176
-0.179113
0.227454
0.590930
-0.948363
0.111118
0.213660
0.551439
-0.192663
-0.650197
-0.417768
-0.469588
0.536607
-0.582751
-0.352641
0.129368
0.105319
0.799249
0.595325
0.967833
0.259682
0.016999
0.191443
-0.727775
-0.915708
-0.698050
0.908200
-0.589587
0.512131
0.698843
0.629322
0.545457
-0.194617
0.508530
-0.814447
-0.834590
0.178198
-0.263405
0.804254
-0.822687
0.109592
-0.376507
-0.157079
0.326945
-0.288797
0.782647
-0.820063
0.413129
0.860897
-0.977355
-0.154576
0.787469
-0.949522
0.664480
0.770135
-0.518174
0.536790
0.357830
-0.719901
0.341716
0.493515
0.328898
-0.441755
0.959838
-0.666494
-0.045442
-0.978454
-0.806574
-0.950621
0.888180
0.755181
0.427290
-0.653981
0.054598
0.344523
0.679617
0.960936
0.820124
0.423383
-0.385784
0.085788
0.245033
0.319254
0.479720
-0.905271
0.471358
-0.396954
-0.397015
-0.464034
0.809259
0.444136
0.942869
-0.249062
-0.166417
0.684439
-0.724418
0.274270
-0.543260
-0.423933
0.228919
-0.360271
0.563768
-0.013215
-0.479720
0.359783
0.309977
0.444929
0.432478
0.368816
-0.052461
0.824335
-0.583422
-0.576769
0.913205
-0.837947
-0.244911
-0.066561
0.917112
-0.614978
-0.087130
0.072970
0.322123
-0.995666
-0.163610
-0.995605
0.906186
0.332865
0.007294
-0.174291
-0.815424
-0.348247
-0.481429
-0.390973
-0.337382
-0.395917
-0.731620
0.567614
0.144139
0.292337
0.348979
-0.899594
0.355083
0.262673
-0.250710
0.407880
-0.978942
0.966918
0.297952
-0.202185
-0.476730
-0.859066
0.375225
0.164525
0.390667
-0.852840
0.867855
0.002533
0.652516
-0.219092
-0.905942
-0.245949
-0.771233
0.633473
0.447981
0.319498
0.904050
0.112583
0.728263
0.659413
0.699026
0.042024
-0.054964
0.810175
-0.783441
0.792535
-0.421735
0.010468
0.509812
-0.435530
0.418928
1.000000
-0.251503
-0.527268
0.128147
-0.187414
0.398846
0.884640
0.580798
-0.747063
-0.949644
0.483627
-0.783990
0.459883
-0.569811
-0.052095
-0.278237
0.655934
-0.007111
-0.308390
-0.979858
-0.944212
0.541490
0.908567
-0.314920
-0.813044
-0.441755
0.750969
-0.309854
-0.948363
-0.213660
0.170324
-0.887265
0.751762
-0.179418
0.177465
-0.912412
0.047578
0.588061
-0.937254
-0.696097
-0.441023
-0.744987
-0.337687
-0.301187
-0.001679
0.278054
0.373577
-0.876278
-0.682730
-0.218360
-0.359111
-0.026704
-0.017975
-0.251198
-0.783929
-0.036409
-0.585498
-0.725089
0.367534
-0.810785
0.984802
0.998718
-0.116855
-0.084384
-0.532823
0.592761
0.704642
-0.566149
0.216590
-0.059359
-0.858394
-0.643178
0.941588
-0.779046
-0.529160
0.906674
0.783441
0.490280
0.728385
-0.168798
-0.596606
0.628346
-0.876949
-0.611744
-0.790704
-0.754265
0.121860
0.526170
0.074496
0.098483
-0.504318
-0.351299
-0.923154
0.284158
-0.727165
0.952757
-0.561449
-0.876888
-0.277383
0.198279
0.997131
-0.445479
-0.229286
-0.728751
-0.002167
-0.955443
-0.769890
0.517930
-0.281472
0.083102
-0.197790
-0.834956
-0.577685
-0.007965
-0.644093
0.429121
0.523545
0.550523
0.063875
0.593799
-0.294107
0.834895
0.252297
-0.390179
-0.961241
0.614124
-0.137608
-0.162328
-0.999756
-0.593005
-0.945860
-0.299722
0.441267
-0.045442
-0.175817
0.218299
0.919431
0.255409
-0.031404
-0.919492
0.269631
-0.407697
-0.519089
0.871029
0.605335
0.296731
0.599109
-0.894955
-0.542711
0.180639
-0.795526
0.809565
-0.916135
-0.014618
0.431867
-0.683645
0.915891
-0.680837
-0.994079
0.331645
-0.386456
-0.398846
-0.546739
0.008393
0.051851
-0.626637
0.257363
0.004120
0.377117
-0.692740
0.080599
-0.415265
0.554674
0.065035
0.739494
0.468795
-0.116184
-0.955687
0.419599
0.468978
-0.984130
-0.934263
0.251503
-0.404035
0.110508
-0.462691
-0.470199
0.581164
-0.474227
0.390728
-0.720878
-0.796869
0.173132
-0.607715
0.742851
-0.280923
0.188086
0.063692
-0.683462
0.855953
0.435224
-0.377422
-0.640614
-0.145604
0.896237
-0.278115
-0.769707
0.246498
-0.916623
-0.680410
-0.699149
0.201636
0.455428
-0.549669
0.198462
-0.528794
0.808405
-0.429975
-0.929136
-0.806513
0.620594
0.984924
0.427229
0.196570
-0.138585
0.574511
0.056063
0.895810
-0.248390
-0.881405
-0.241798
-0.246742
-0.221656
0.842769
-0.396100
0.223365
0.759941
-0.592883
0.152440
-0.067843
0.478500
0.981506
0.997925
0.612842
0.384503
-0.259499
0.293863
0.986877
-0.124180
-0.335612
-0.476974
0.131138
0.667287
-0.430769
0.140843
