-0.339579
-0.403790
0.524583
0.715690
-0.237526
0.749199
0.680837
-0.410382
0.281167
0.701712
0.226356
-0.944884
0.313883
0.973388
-0.691092
0.221778
0.097201
0.404035
-0.289407
0.540635
-0.642018
-0.223304
-0.454573
-0.929624
-0.224952
0.364299
0.731132
-0.804315
0.499496
-0.157201
-0.966491
-0.546007
-0.782647
0.757378
0.483077
-0.179357
-0.556688
-0.143406
0.342692
0.234962
-0.390973
0.858943
-0.247047
0.687857
-0.165502
-0.531480
0.501205
-0.613941
0.511521
0.182043
0.227577
0.495346
0.981445
0.151769
0.130711
0.359172
0.873287
0.288675
0.727958
-0.308329
-0.368938
-0.344035
-0.075411
0.500351
0.903806
0.980590
0.899167
0.719596
0.949034
-0.623035
0.319254
-0.917844
-0.080050
0.113254
0.415937
0.013276
0.597400
-0.402326
-0.772820
-0.153600
-0.845637
0.838557
-0.733451
0.366680
-0.831111
-0.663442
-0.545457
-0.938047
0.168004
-0.548875
0.116428
-0.586535
-0.964232
-0.781976
-0.801874
0.520066
-0.053621
0.172399
-0.198706
0.191931
0.127537
-0.055269
-0.153722
0.397076
-0.991699
0.818720
-0.559801
-0.349956
-0.464644
0.408918
-0.342509
-0.659780
-0.211707
-0.156163
-0.598865
-0.769646
0.652394
0.310831
0.413617
0.891232
0.235939
0.056551
0.687307
0.969359
-0.904355
0.323893
-0.148228
0.353801
-0.605884
0.165319
0.187292
-0.025178
0.928892
0.875301
-0.903806
-0.977721
-0.956053
0.857051
-0.132420
-0.045503
0.692434
0.660573
0.940306
-0.123569
0.943541
-0.635487
0.017060
0.292398
-0.119175
-0.666555
-0.331278
-0.677175
-0.256935
0.939451
-0.202124
-0.027619
0.011811
0.228919
-0.132542
-0.254250
0.755058
0.402692
-0.375042
0.386395
0.371258
0.406232
-0.674184
-0.343852
-0.879940
-0.898618
0.351176
0.693411
-0.490890
-0.149083
0.690298
-0.387555
-0.620716
-0.248573
-0.838313
0.621632
-0.859249
-0.833369
-0.650990
0.324808
-0.099155
0.777581
0.598621
0.490951
-0.030854
0.545335
-0.821223
-0.920225
-0.334635
-0.687735
-0.134800
0.454390
0.129734
-0.206763
-0.251930
-0.802484
0.902036
0.475021
-0.285806
0.242042
0.700308
0.298807
0.780267
0.991272
-0.137181
0.018281
0.301675
0.917234
-0.963073
0.778680
0.403180
0.300943
-0.353984
0.861812
0.985778
-0.446516
-0.330241
-0.784173
0.745170
-0.676382
0.000946
0.525620
-0.622120
-0.801325
-0.407025
-0.988769
0.367290
0.022065
-0.439070
-0.041658
0.328104
-0.557299
-0.671987
-0.339030
0.969665
-0.251869
-0.083468
0.708243
0.981994
0.387371
0.140599
-0.672170
0.891903
-0.249489
0.618091
0.504990
-0.223670
-0.835932
0.011628
0.000763
-0.879757
0.728324
-0.545274
0.967223
-0.786431
-0.532456
0.020234
0.976012
-0.303812
0.865230
0.992370
-0.099277
0.077486
-0.227332
-0.027497
0.981994
-0.486801
0.731376
0.296365
0.512070
-0.337382
0.950194
-0.434553
-0.991272
0.244789
-0.836543
0.980285
0.876705
-0.899167
0.522019
0.121128
-0.175451
0.973937
0.910215
-0.460250
0.891415
-0.170202
0.933409
0.528672
0.547411
0.177648
-0.964843
-0.529221
-0.025300
0.808527
0.847224
-0.567736
0.950499
0.658010
-0.587695
-0.670644
-0.673086
-0.367168
0.346416
0.225745
-0.863643
-0.307169
-0.041963
0.720695
-0.968261
0.203101
-0.934996
0.228553
0.501267
0.086398
-0.270363
0.682608
-0.678457
-0.699087
-0.979675
0.733573
0.394269
0.129429
-0.856380
0.089206
-0.074923
-0.397504
0.165746
0.916501
0.900571
0.503708
-0.220130
-0.588488
-0.529588
-0.375469
-0.286721
0.932798
-0.068331
-0.089022
-0.927061
0.966796
0.202551
0.626331
0.601306
0.945921
-0.364299
-0.227271
0.935484
-0.277383
0.734123
-0.528794
-0.744255
-0.871761
0.316507
0.941771
0.312540
-0.567125
-0.892148
0.958556
-0.074374
0.303079
0.830317
0.695181
-0.790033
0.512253
0.375469
0.303446
-0.551622
0.455000
-0.171361
0.003510
0.866390
0.978393
0.308939
-0.367229
0.405316
-0.762810
-0.528550
-0.845332
0.242531
0.056429
0.534959
-0.003815
0.223853
-0.981628
-0.092013
-0.727042
-0.351299
0.742790
-0.927000
0.411542
-0.250710
-0.596362
0.810480
0.629505
0.017304
-0.534043
-0.227638
-0.194678
0.845759
-0.946654
0.830927
-0.449751
0.818659
-0.124546
-0.247658
0.987304
-0.956542
-0.799371
-0.952208
0.258950
0.981689
-0.671926
-0.348491
-0.153905
0.870113
-0.211524
-0.051485
0.656545
0.958678
-0.463790
0.183996
-0.979369
0.626148
0.166662
0.966552
0.959288
-0.728446
-0.485397
0.240699
0.556444
-0.609851
0.510483
0.515183
0.236610
0.069369
-0.365398
-0.990295
-0.992309
0.650746
0.165319
0.335490
0.251320
0.969787
0.292764
0.622547
0.186499
0.555406
-0.851009
-0.285195
0.799432
-0.978210
0.535203
0.361980
-0.357707
0.605029
-0.884396
-0.729850
-0.296793
0.010529
-0.314737
0.074984
0.346782
-0.970153
-0.762871
0.596912
0.782281
0.910947
0.176000
0.782586
-0.402753
0.942320
-0.584948
0.383343
0.030610
-0.156957
0.201209
-0.437239
-0.636586
0.934812
0.541856
-0.583117
0.259926
1.000000
-0.792474
0.703299
-0.790704
-0.945677
0.732047
0.468734
0.041719
-0.806269
-0.854671
-0.128574
-0.943541
-0.113620
0.080966
-0.294229
-0.346721
0.039521
0.341594
0.108737
0.447127
0.889157
0.811518
0.991272
0.762139
0.828364
0.642201
-0.095614
0.206641
0.243629
-0.042268
0.530259
0.427595
0.143345
0.366558
-0.268410
0.554125
0.299661
-0.170934
-0.351909
0.167760
0.192175
0.104465
0.091891
0.353984
-0.829096
-0.826167
-0.062593
-0.679800
0.589526
-0.857356
-0.945067
-0.053133
-0.418989
0.151952
-0.540391
-0.311625
-0.607166
0.443525
0.217750
-0.434065
-0.855403
-0.648732
-0.850459
-0.479293
0.521653
-0.335734
-0.375652
0.488754
-0.077242
0.602588
0.342387
-0.504440
0.596606
0.257973
-0.060823
0.996826
0.264138
0.495041
0.067110
0.035615
-0.906064
-0.021271
-0.283486
-0.381451
0.553209
0.575793
-0.908628
-0.213904
-0.820124
0.046602
0.226417
0.384991
0.205054
-0.550645
-0.261574
0.321635
-0.904782
0.870296
0.956359
0.856258
-0.306253
0.981750
0.238868
-0.239967
0.887936
0.527879
-0.731132
0.325541
0.617237
0.260231
0.778619
-0.292093
-0.007660
0.454878
-0.808039
0.555406
-0.714957
0.835566
-0.958190
0.501572
0.259804
-0.276833
0.264748
0.133824
-0.563890
0.059053
-0.544115
-0.931700
-0.447798
0.115329
-0.256081
-0.430403
-0.041231
-0.906735
-0.206580
-0.060762
-0.160558
-0.206091
0.005890
0.122593
-0.286294
0.487472
0.168981
-0.794733
-0.532640
-0.086093
0.940733
0.004913
-0.778436
-0.581957
-0.804743
-0.859981
0.841426
0.641041
-0.820368
-0.447005
-0.348064
-0.958678
-0.242286
-0.583300
-0.612232
0.917783
0.216346
-0.842158
-0.086093
-0.599902
0.477706
-0.344829
-0.152623
0.842036
-0.630726
0.882565
0.300638
-0.995483
-0.347453
0.864803
0.687063
-0.123325
-0.357646
0.612476
0.344890
-0.803095
-0.817377
-0.592700
0.881832
0.151646
-0.293619
-0.997559
-0.147984
0.371563
-0.977905
0.993835
0.766167
-0.302469
0.486984
0.673452
0.950987
0.019868
0.556871
0.724540
0.536302
-0.494919
0.816706
0.405683
0.891354
-0.875607
0.694571
0.039644
-0.251320
0.592334
-0.594104
-0.398602
0.763848
0.629749
0.663686
0.697623
0.495895
0.850154
0.346721
0.906247
0.935911
0.325968
-0.500534
0.809259
-0.649953
0.423688
-0.464705
-0.175878
0.774407
-0.220679
-0.275552
0.827570
-0.268471
-0.087985
-0.671987
0.909726
0.340617
-0.503098
-0.310282
-0.279214
0.296976
-0.597644
0.795282
-0.457564
0.846553
-0.512741
-0.048799
0.933287
-0.965087
-0.150182
-0.316568
-0.811701
0.499313
0.252480
0.945494
-0.215064
-0.763970
-0.611560
0.907529
-0.140538
-0.198340
-0.393353
0.729911
0.355937
0.359416
0.053987
0.470992
-0.926817
-0.481307
-0.922239
-0.349528
-0.884945
-0.847774
-0.740165
-0.383099
0.722953
0.743889
-0.023041
-0.273232
0.064425
0.420820
-0.092563
0.765557
-0.772454
-0.765007
0.461043
0.604663
-0.944639
-0.903378
-0.214270
-0.062593
-0.680654
0.165807
-0.168188
0.219520
0.217872
-0.960570
-0.389569
-0.221412
-0.807855
0.314676
0.508286
-0.091708
0.773431
-0.028962
0.235511
-0.600085
0.719901
-0.516953
-0.180761
0.075716
0.594958
-0.640919
-0.224525
-0.068270
-0.717887
0.961974
-0.282449
-0.023103
0.951476
-0.708426
-0.302042
0.167760
-0.292093
0.052034
-0.053194
-0.504868
-0.748589
-0.637013
0.062105
0.291360
0.420270
0.161351
-0.656301
-0.793268
0.773797
0.271523
0.981628
0.071871
0.613086
-0.050752
-0.935850
0.546556
0.144749
-0.169713
-0.894162
-0.075045
0.883480
0.634571
-0.464339
0.938963
0.712638
-0.039705
0.052644
-0.535508
0.037629
0.918088
0.555956
-0.398236
-0.453413
-0.413495
-0.866451
-0.138768
0.445845
-0.686758
0.305460
-0.024201
-0.457808
-0.676321
0.180456
-0.652760
-0.967895
0.638356
0.405683
-0.634388
-0.602283
-0.720023
-0.868221
-0.246193
0.950438
-0.142796
0.588977
0.486251
-0.754509
-0.354472
-0.632435
-0.007965
-0.616871
-0.727592
0.540086
-0.264687
-0.837397
0.874264
-0.534959
0.694693
-0.919309
0.072115
-0.358013
-0.022004
-0.342204
-0.107089
-0.935667
-0.690237
-0.991272
0.875362
0.124485
0.946776
0.672720
0.532395
0.286416
-0.558092
0.506516
-0.815058
-0.443831
0.171361
0.151524
0.555528
-0.071688
0.436445
0.220618
0.933287
-0.167150
0.083712
-0.075900
0.951170
-0.400250
-0.921934
0.878414
-0.752129
0.013215
0.547227
-0.490402
-0.113926
-0.368633
-0.773064
0.214026
-0.675954
0.422102
-0.393048
-0.378643
0.487228
0.944884
-0.862239
-0.961119
0.079440
0.775140
-0.853145
-0.019440
0.955870
0.699026
0.013031
0.293435
-0.271035
0.317301
0.334696
0.452986
-0.765496
0.900571
0.155370
-0.256691
-0.555651
-0.314371
-0.076937
-0.172643
-0.443281
-0.598621
0.261879
-0.243263
-0.896298
-0.210730
-0.178137
0.873592
0.322916
-0.514817
0.379437
-0.863704
-0.961608
0.561693
-0.052095
0.135289
0.469222
-0.499924
0.302835
-0.038789
-0.591479
0.683645
-0.066683
-0.722648
0.856624
0.128391
-0.248146
-0.950316
0.974853
-0.300455
-0.235511
-0.198035
0.795404
0.368267
0.014008
-0.127354
-0.482101
-0.013825
0.451460
-0.439314
0.163610
-0.170507
-0.472091
-0.582873
0.780633
-0.482040
0.598682
0.191748
-0.116184
-0.610096
0.333842
0.837153
-0.928098
-0.629261
-0.910520
-0.334025
-0.986206
-0.073214
0.637989
0.750420
-0.622974
-0.707266
0.011567
0.174718
0.799066
-0.416242
0.274941
0.288736
0.521104
-0.551866
-0.189489
-0.029206
-0.744072
-0.022126
-0.234474
0.312906
-0.495407
0.186254
-0.247963
-0.678701
0.234657
0.367962
0.202124
-0.191748
0.655629
-0.187536
0.665090
0.400372
-0.162755
0.224708
-0.398785
-0.850826
-0.788629
0.681509
-0.163366
-0.498337
0.699149
0.767754
-0.212928
-0.666311
-0.109897
-0.650014
-0.741630
0.798578
-0.356548
0.927976
0.298013
-0.855220
0.928831
-0.916379
-0.920835
0.883663
0.360088
0.598498
-0.259743
0.258339
0.986755
0.679556
-0.548875
0.394696
-0.466048
0.815546
-0.121616
0.083346
-0.046419
-0.658803
-0.785089
0.190100
0.494675
-0.606738
0.115940
0.145177
0.409162
0.314676
-0.282388
-0.952147
-0.558519
0.739494
0.709281
0.774346
-0.979186
0.209387
-0.678579
-0.851680
-0.371136
0.787103
-0.718070
0.250221
-0.073763
0.866329
0.867000
0.692373
0.135716
0.394940
-0.515549
-0.101108
0.120090
0.316080
0.279458
-0.561144
0.481735
0.470199
0.894040
-0.890683
0.702750
-0.379376
-0.363262
0.276406
0.511155
-0.563829
-0.407392
0.862911
-0.371990
-0.686636
0.435408
0.520310
-0.479720
-0.296182
-0.987243
0.340861
-0.374981
-0.155980
-0.928037
-0.213294
0.194189
-0.778558
-0.285623
-0.435102
0.391644
0.728385
-0.022248
-0.255104
-0.635731
-0.485519
-0.591479
0.273782
-0.411969
-0.336161
-0.095614
0.706107
0.156346
-0.797296
0.456587
-0.525376
0.090548
0.477889
-0.540269
-0.702628
0.265297
-0.830561
-0.996521
0.300882
0.359294
0.552293
-0.798517
0.757073
0.631336
0.227638
-0.488876
0.247658
-0.211158
-0.074557
0.350017
0.453352
0.266640
0.956481
0.898801
-0.683279
0.902036
0.848323
-0.164953
0.602344
-0.404767
0.713981
0.253639
0.657399
-0.280068
-0.408063
0.343974
-0.830317
-0.351360
0.568712
0.867672
0.511216
0.548143
-0.535997
-0.486435
0.325907
-0.036836
0.140294
0.780999
-0.483444
-0.079379
0.020966
0.103000
-0.495285
0.593188
0.612476
-0.245643
0.195593
-0.413434
-0.977721
0.319987
-0.554979
0.309122
0.505234
0.616871
-0.528245
-0.222510
0.430158
0.558763
-0.554369
-0.843257
0.626637
0.430097
0.554369
0.851863
0.566088
0.066683
-0.619495
-0.635426
-0.923826
-0.249489
0.121677
0.975524
0.050508
0.681692
-0.270791
-0.369060
0.790887
0.380596
0.071200
0.522568
-0.009491
-0.659719
-0.838374
0.814142
0.403974
0.804010
0.553026
-0.671926
0.766228
-0.681570
-0.409528
-0.898068
0.198218
-0.186621
-0.101108
0.450789
-0.221778
-0.467818
-0.119175
-0.549791
0.552232
0.477706
-0.858638
0.548936
0.440657
-0.398968
-0.067598
-0.614673
0.544969
0.840022
-0.010224
0.944517
-0.817988
-0.982543
0.124546
0.240638
0.499863
0.107212
0.827082
0.105136
-0.729911
0.044038
0.531114
-0.305338
0.327860
-0.391949
0.391156
0.011689
-0.325907
0.695547
-0.743034
0.941221
-0.632008
0.747063
0.944945
-0.691885
0.164281
0.050874
-0.606128
-0.811823
0.365520
-0.923887
0.373272
-0.154271
0.782708
0.956481
0.989990
-0.846797
0.445845
-0.165990
-0.085849
0.806269
0.489853
-0.116245
-0.720328
-0.053804
-0.193579
-0.217505
0.066012
-0.935789
-0.543138
-0.036775
0.054964
0.360515
-0.435896
-0.661916
0.833430
0.473128
-0.057039
0.966735
-0.546434
-0.151097
0.818537
-0.983215
-0.495956
0.349040
-0.103610
-0.103000
0.123386
-0.558702
0.398968
-0.030488
0.951109
-0.660573
-0.416486
-0.594470
-0.449263
-0.156407
0.590136
0.171117
-0.078097
-0.924375
0.577807
0.795282
-0.766778
0.803705
0.423750
0.547105
0.322184
0.215552
-0.719108
-0.778314
-0.781671
-0.625721
0.501938
-0.120090
-0.468490
-0.391156
0.290811
-0.072359
-0.752251
-0.657643
-0.448347
-0.135044
-0.714042
-0.845271
-0.876034
0.739555
0.226112
-0.624744
-0.920835
-0.251564
-0.025239
-0.661245
0.009064
0.792291
-0.868709
-0.629505
0.404706
-0.575854
0.092746
0.188452
-0.279153
0.478561
-0.146092
-0.097018
0.047884
-0.076632
-0.328104
0.918516
0.542711
0.623280
-0.587268
-0.615650
0.234291
0.891476
-0.333293
-0.634571
0.993530
0.154515
-0.571337
-0.991028
0.477889
-0.721732
-0.845637
-0.591479
-0.255287
0.034211
0.143468
-0.903256
-0.977233
-0.732414
0.840938
-0.758904
0.931822
-0.781243
-0.943236
0.195898
-0.067476
0.644704
0.710013
0.967772
0.574572
0.239418
0.733695
0.454329
0.465072
-0.758049
0.355815
-0.933287
-0.527757
-0.772088
-0.058687
-0.571825
-0.456404
0.989319
-0.259987
0.203711
0.707144
-0.317850
0.609729
0.074862
0.306497
0.439436
0.712760
0.394391
0.843379
0.236427
-0.068087
-0.782220
0.301187
-0.163976
0.626453
0.687551
-0.048189
-0.868770
-0.814142
-0.496139
0.916807
0.302835
0.367901
0.576464
-0.256020
0.013092
-0.986023
-0.836909
-0.523423
-0.185644
-0.002716
-0.154149
0.536851
0.656850
0.234596
0.073214
-0.792352
-0.895505
-0.843989
-0.729118
-0.004852
0.554735
-0.764702
0.519944
-0.123753
-0.793573
0.914670
0.108554
-0.232521
-0.427107
0.682119
-0.472335
0.719840
-0.149876
-0.226600
-0.733757
-0.073885
0.282388
-0.361980
-0.077425
-0.820124
0.375958
0.297220
0.588244
0.821100
-0.366314
0.955992
-0.273782
-0.189306
0.340983
0.749443
-0.860042
-0.166051
0.802057
0.693228
0.193884
0.715262
0.898312
0.540269
-0.365215
0.217627
0.383587
-0.336650
0.406903
0.305948
0.835994
-0.467025
0.908444
-0.158910
-0.130222
0.724967
-0.424360
-0.973083
0.856258
-0.456221
0.415876
-0.528916
0.085116
-0.609790
-0.845149
0.090915
-0.322245
-0.305399
-0.533067
0.718986
0.867733
0.075900
0.592578
-0.680593
-0.926756
-0.997803
-0.577258
-0.440962
-0.076876
0.122044
0.412152
0.355876
-0.901181
-0.587756
-0.524644
-0.564135
0.926023
-0.882260
-0.921140
-0.233680
-0.378460
0.839045
0.688101
-0.020112
0.673452
-0.290689
0.857662
-0.462630
-0.054903
-0.224403
-0.557054
0.147008
-0.282815
-0.896908
0.666250
0.544725
0.590442
0.878903
0.568468
0.829768
-0.669240
-0.810114
0.596057
