-0.823725
-0.885311
0.067232
-0.070162
0.402814
-0.484115
0.265603
0.524094
0.515305
-0.838313
-0.787042
-0.793695
-0.559862
-0.559191
0.331889
0.239845
0.669057
-0.309854
-0.095004
0.132786
-0.131016
0.753716
0.340068
-0.601306
0.989807
0.699698
-0.899167
-0.002716
0.061129
-0.827021
-0.470321
-0.791559
-0.646168
0.234718
-0.749077
-0.404828
-0.131993
0.208106
0.349040
0.168920
0.649525
-0.648305
0.775811
-0.246498
-0.645741
-0.684133
-0.827754
0.976623
-0.298868
-0.011383
-0.181494
-0.936705
0.301614
-0.796014
-0.021332
0.734855
-0.929014
0.826106
-0.963134
0.073946
0.915525
-0.019135
-0.178014
0.673452
-0.649281
-0.834346
0.452620
-0.218665
0.657826
-0.032014
0.308634
-0.739921
-0.378521
-0.849116
0.540147
0.866329
-0.626331
0.123753
0.943113
-0.569018
0.538255
0.738090
-0.334452
0.159398
-0.075838
-0.386944
-0.409101
0.780816
-0.756157
-0.458968
0.772515
0.647816
0.015107
0.198462
-0.730155
0.355266
0.208472
0.366619
-0.076937
-0.894162
-0.538133
-0.817133
0.973754
-0.966674
-0.327616
-0.922361
0.100314
-0.678091
-0.404035
0.676931
-0.408734
-0.747612
0.542344
-0.062166
-0.705191
0.989380
-0.251015
0.598071
-0.460860
-0.281838
-0.602832
-0.900815
0.384198
0.391400
-0.819269
-0.055147
-0.755730
0.183386
-0.034516
0.790643
0.990051
-0.109592
0.951476
-0.255104
0.985595
-0.409894
-0.068880
0.020295
0.149632
0.189795
-0.963622
-0.134007
0.475631
-0.558092
-0.561205
-0.552171
-0.796808
0.373455
-0.573656
0.090182
0.536851
-0.535386
0.045686
-0.744194
0.002899
0.659230
0.949095
0.736320
-0.557237
0.620289
0.713004
-0.297647
-0.987793
-0.216224
-0.440779
-0.428510
0.278420
-0.127598
0.922300
-0.391156
0.076510
0.837825
0.795099
0.775018
-0.356304
0.479293
-0.225806
0.408490
-0.729972
-0.960814
-0.948302
-0.707389
-0.070650
0.420148
-0.951231
-0.295022
0.431806
-0.484848
0.524033
0.460616
0.169591
-0.085055
-0.555406
0.174474
0.159581
0.854976
0.049593
0.162450
0.778497
0.020966
-0.423017
-0.694632
0.300699
0.621693
0.666860
0.278115
0.845393
0.356487
-0.719352
-0.629444
-0.225990
-0.608264
-0.832270
0.685781
-0.287454
0.922727
0.068758
-0.048128
-0.520920
-0.183447
0.349406
-0.267678
-0.104953
-0.681936
-0.064974
0.882443
-0.925291
-0.357158
-0.240883
-0.126621
0.357097
0.195593
0.463729
-0.820795
-0.687429
0.496445
0.119480
0.985046
-0.415143
0.811090
-0.642506
0.595264
-0.765191
-0.645863
-0.192236
-0.242836
0.342265
0.021638
0.573717
-0.999207
0.972533
0.740043
-0.239784
-0.818598
-0.236488
-0.160558
-0.879757
0.234107
-0.665822
0.279946
0.566759
0.946165
0.758538
-0.515122
0.889462
0.885739
0.871517
-0.635731
0.477035
-0.608997
0.279763
-0.316996
-0.831599
0.087497
0.543260
0.430586
-0.065035
-0.883541
0.884335
-0.625294
-0.298990
-0.198889
0.818171
-0.678152
0.955260
0.294839
0.024812
0.631153
-0.919919
0.132969
-0.728385
0.227393
0.464461
-0.251137
0.380230
-0.662526
0.038911
-0.813349
0.818110
0.836726
-0.506394
0.964904
0.473556
0.413862
0.174963
-0.994446
-0.613147
0.381756
-0.850948
-0.067049
0.110691
-0.594714
0.744865
-0.461653
-0.756340
0.611194
0.755669
-0.601978
-0.597888
-0.507736
0.416181
-0.888852
0.044221
0.699454
-0.358989
-0.417646
-0.961547
-0.473983
0.356670
-0.941527
-0.915342
0.422102
-0.325968
-0.449080
-0.956542
-0.810114
-0.662404
-0.718863
-0.667226
-0.973632
-0.109836
0.166784
-0.237098
-0.451827
-0.961791
0.391339
-0.468429
0.575793
0.382183
-0.951598
0.130039
0.803217
0.733268
-0.849116
0.638295
-0.871456
0.129917
0.171056
0.703726
-0.058321
-0.989135
0.598376
-0.224769
0.076632
-0.587329
0.449751
-0.932127
0.134251
0.764092
-0.727103
-0.852229
-0.706534
-0.627918
-0.573473
-0.766289
-0.160985
-0.319010
0.310587
-0.425825
0.635853
-0.019379
-0.292337
0.153356
0.968078
0.219398
0.907956
0.591784
-0.288980
-0.923826
-0.368145
0.625355
-0.252358
0.648488
-0.001312
-0.580920
-0.847468
-0.028291
-0.753899
-0.024384
-0.609119
0.422163
0.616626
0.724052
-0.658559
0.770928
-0.230567
0.614795
-0.796747
0.052767
0.702017
-0.404462
-0.661306
0.023286
-0.806513
-0.308329
0.301920
-0.715995
-0.254189
0.965331
-0.355022
0.730888
-0.608753
0.841426
-0.101291
0.404340
-0.861812
-0.805902
-0.813288
0.914609
0.261940
0.480941
-0.223731
0.102084
0.082125
-0.248817
-0.790094
0.573901
-0.964843
0.762139
-0.676809
0.211646
-0.727958
0.310038
-0.522996
0.245643
-0.743095
-0.851009
-0.371380
-0.123875
0.610340
0.620716
-0.515427
0.254433
0.540880
-0.673574
-0.841548
-0.043428
0.855098
-0.367779
0.487045
-0.310343
0.948424
0.856136
-0.090854
0.438948
0.432356
0.453902
-0.912961
-0.269448
-0.157689
0.169652
0.650807
0.687613
0.605274
-0.144932
0.621998
1.000000
0.350139
0.827937
-0.616688
-0.316202
0.551683
0.804865
0.673818
-0.592212
0.250282
-0.258461
0.535875
-0.584521
-0.963012
-0.150792
-0.845454
-0.122349
0.561754
-0.976012
0.373394
0.727836
-0.611194
-0.049837
0.588733
-0.551195
-0.546373
-0.080416
0.880612
-0.202246
0.242103
0.107578
0.823298
0.458052
-0.937254
-0.742302
-0.988708
0.218421
-0.950499
0.138218
-0.964904
-0.463973
0.029939
-0.132786
-0.022492
-0.931944
0.490280
-0.647511
0.973754
0.539964
-0.427961
-0.255348
-0.428510
-0.784173
0.921201
0.800226
0.968810
-0.672353
-0.406171
0.731498
0.970641
-0.541063
0.669179
-0.928709
0.045808
0.648610
0.702261
0.042329
0.654775
0.815058
0.932127
0.370586
-0.588183
-0.785760
0.714835
-0.209326
0.008332
-0.898556
-0.902097
0.600452
-0.747734
0.678701
-0.672231
0.927549
0.307047
0.783074
-0.901791
-0.113865
-0.017304
0.971923
-0.186926
0.431257
-0.975402
-0.750847
0.093783
0.963256
0.189978
-0.516831
0.939695
-0.430708
0.174291
-0.080172
0.962584
0.652211
0.861446
0.994751
0.187475
0.227271
-0.366863
-0.096042
-0.353984
-0.325968
-0.584643
0.247047
0.892209
0.686575
-0.203772
0.377056
0.803949
0.348064
0.552416
-0.469100
-0.491562
0.827448
0.180334
0.259804
0.941465
-0.908811
0.703116
-0.831355
-0.028474
-0.224769
0.540757
0.838435
0.327921
0.770379
0.411176
0.295450
-0.088839
-0.657033
0.269265
0.547288
-0.056490
0.919004
0.364971
0.668691
-0.167699
-0.904477
-0.621021
0.590320
0.774285
0.175512
-0.309000
-0.194739
0.265114
-0.861446
-0.292398
0.434736
-0.031709
-0.108127
-0.639271
0.513901
-0.908506
0.323588
0.975402
-0.504013
-0.116367
-0.463607
-0.810358
0.540452
0.525559
0.881710
0.469466
0.633229
-0.350078
-0.176855
-0.007416
0.023774
-0.387982
0.114170
-0.103610
0.651967
-0.410138
0.896908
-0.284158
-0.616749
-0.137364
-0.144139
-0.268288
0.939573
-0.243141
-0.752739
0.517441
0.480697
0.121799
-0.838069
-0.269143
-0.307596
0.413129
-0.468917
-0.239296
-0.039460
0.809442
0.004303
-0.817927
0.539537
0.599841
0.893185
-0.059175
-0.147618
0.948973
0.725517
-0.551317
-0.335124
-0.457137
-0.001679
-0.099277
-0.327677
0.653005
0.701895
0.886593
-0.039399
0.880490
-0.947569
0.996765
0.733573
-0.900876
0.639882
-0.475814
-0.126072
0.427595
-0.026887
-0.931700
-0.493576
-0.614368
0.660573
0.034761
0.143162
-0.336528
0.530869
0.602466
0.916807
0.516709
0.539476
-0.917783
0.402203
0.698538
-0.402570
-0.300089
-0.772088
-0.509140
0.212012
0.260170
-0.645802
0.008087
0.518296
0.407880
-0.806574
0.527512
-0.605274
0.808588
-0.039460
-0.062105
-0.443525
0.332804
0.392621
0.516221
-0.431928
-0.531297
-0.472945
0.928770
0.895566
0.371075
-0.511521
-0.979553
-0.195654
0.252785
-0.232215
-0.541551
-0.342021
0.620899
0.884884
-0.036348
0.320048
-0.921995
-0.670156
-0.312235
-0.473678
0.831294
0.232337
0.294961
-0.128880
0.433882
0.803705
0.186254
-0.815485
0.628834
-0.277261
-0.012787
-0.995972
0.587939
-0.727165
-0.454207
0.362041
-0.365459
0.589892
0.537339
-0.156407
-0.692740
-0.520981
-0.732902
0.358745
0.358928
0.221778
-0.591845
-0.103793
0.338664
-0.866756
-0.238014
0.694266
0.470748
0.174291
0.018586
0.852901
-0.718253
-0.596667
0.666189
-0.127720
0.501877
-0.717399
0.734001
-0.759575
-0.752861
0.521653
0.092685
0.419843
-0.875790
-0.723441
-0.250587
0.748833
-0.826167
0.094516
-0.818903
-0.970336
-0.622547
0.500961
0.940855
-0.141270
-0.823969
0.975219
0.858272
-0.740410
0.511704
-0.896786
-0.466292
-0.593799
0.624012
0.686331
0.309183
0.130650
-0.534165
-0.987487
-0.114048
-0.070040
0.134678
-0.322611
-0.521775
0.484909
0.571154
-0.406049
0.094394
-0.644948
0.330790
0.443709
0.254982
0.614368
-0.912473
0.850032
0.657582
0.213843
0.990478
0.105441
0.867000
-0.887570
-0.939634
0.469283
-0.008393
-0.214759
0.278726
0.245949
-0.867122
-0.264138
-0.293924
-0.497665
0.602588
-0.176428
-0.513901
0.458052
0.223975
0.746391
-0.280068
-0.758843
-0.824458
0.248756
0.891659
0.004364
0.482223
0.711234
-0.171606
-0.367534
0.853694
0.121006
0.999756
-0.215735
-0.335368
0.078158
0.571947
0.153539
0.846492
0.649281
0.142979
0.775811
0.111728
-0.665639
0.454085
-0.835994
0.993408
-0.898679
0.384381
-0.859676
0.506333
0.409955
-0.955077
0.522263
-0.701407
0.388348
0.985717
-0.995911
0.626637
-0.976928
-0.613453
-0.838313
0.679189
0.095492
0.647816
0.209815
0.417890
-0.359050
-0.336833
0.407392
0.626148
0.195410
-0.914548
0.484970
-0.741508
0.313089
0.534227
0.275979
-0.805536
-0.895932
0.293924
0.750237
0.360149
-0.175817
-0.062349
0.767571
0.860286
0.487167
-0.991821
0.081515
-0.761406
-0.461653
0.089511
-0.131748
-0.515244
0.727836
0.053682
0.371502
-0.732536
-0.516831
-0.676016
0.764397
-0.541246
0.034883
0.023591
0.055696
-0.380657
-0.499863
-0.889523
-0.181188
-0.239906
0.684256
-0.938719
-0.034822
-0.157262
0.431013
-0.823786
0.814203
0.801691
0.998901
-0.489608
0.296548
0.898251
0.373577
-0.126499
-0.617664
0.367656
0.981567
-0.933470
-0.663930
0.900998
-0.719901
-0.414838
-0.594104
-0.692740
0.613758
-0.737236
0.045869
0.644215
-0.581042
-0.490036
0.077670
0.845454
0.671926
-0.211646
-0.121372
0.659597
-0.587573
0.997009
0.413190
0.851253
-0.187414
0.652577
0.327250
0.430097
0.684561
-0.961974
-0.511338
0.582873
-0.736808
0.905026
0.500839
0.217017
-0.443648
0.232521
-0.027802
-0.266213
0.608997
0.794183
-0.645314
-0.920530
-0.028657
0.177709
0.000946
-0.030976
0.706595
0.576891
-0.772515
0.536973
0.488266
-0.709830
-0.669790
0.453719
0.564440
0.097812
-0.259987
0.070223
-0.980651
0.538255
0.767998
-0.667959
-0.233924
-0.204138
-0.920530
-0.728202
-0.514634
-0.382061
-0.171178
0.436140
0.127781
-0.593066
0.010468
0.526109
0.597339
-0.630299
-0.006073
-0.152684
0.680898
0.209510
0.775384
0.246864
-0.968200
0.186987
-0.541124
0.075838
-0.135228
-0.388165
0.569628
0.750481
0.844356
-0.194922
-0.390545
-0.437605
0.199255
0.006134
-0.731864
0.186316
-0.922605
0.147435
0.535813
0.507981
-0.358440
0.536546
-0.174963
0.247658
-0.142491
0.841792
0.831782
-0.475692
-0.261513
-0.408979
0.912778
-0.071383
-0.375103
0.868526
-0.934812
0.877316
-0.673757
-0.821955
-0.067110
-0.239906
0.723807
0.297708
-0.190283
0.199866
0.796503
0.508164
0.496872
0.221046
-0.261086
0.701407
0.361370
-0.325236
-0.851131
-0.480941
0.901547
0.923276
-0.554613
-0.738029
0.151158
-0.458541
0.154942
0.816889
0.212867
-0.005524
-0.917356
0.682546
-0.958312
-0.165929
0.995361
-0.315470
0.025178
0.571398
0.724174
0.652516
0.378094
0.185522
0.751152
0.608814
0.300699
0.278726
-0.726737
0.515915
0.688040
-0.841792
0.436689
-0.765252
0.243019
-0.792596
0.410810
0.271584
0.945311
0.638478
-0.530259
0.001007
0.641285
-0.894955
-0.201453
0.132298
0.982849
-0.542161
0.235511
0.907651
0.293252
0.301431
0.195959
-0.893063
-0.657949
0.742119
-0.480392
0.651479
0.069735
-0.064302
0.673757
-0.375042
0.464705
0.666982
0.549120
-0.106113
0.681326
-0.909299
-0.487472
-0.393048
-0.869869
-0.567064
-0.977477
-0.028596
-0.155614
0.428083
0.711966
-0.117405
0.554369
0.627125
-0.234657
0.480453
0.260414
0.989563
-0.760552
-0.402875
0.721000
0.551683
-0.441633
-0.235511
-0.046480
0.407147
-0.634144
-0.964660
0.466292
0.089450
0.932249
0.780572
0.595691
0.471603
-0.593677
-0.234107
0.976318
-0.302042
0.814814
0.763787
0.042451
0.693350
-0.788141
-0.945677
0.194800
-0.899960
0.473251
-0.906125
-0.680105
-0.262368
0.957457
0.338054
-0.456587
-0.309793
0.605579
0.947142
0.383221
-0.069674
-0.146336
0.444746
0.551439
-0.560045
-0.384198
0.078768
-0.399274
-0.323222
0.311441
-0.284463
0.234657
0.668508
0.905576
-0.285806
-0.351238
0.882443
-0.789727
-0.068453
0.058931
-0.550279
0.039460
-0.176244
-0.818476
-0.903745
-0.269326
-0.030549
-0.079928
0.138340
-0.566332
0.361919
-0.896298
0.056612
-0.802728
-0.091586
-0.750786
0.957640
-0.213721
0.437788
-0.768792
-0.881588
-0.171972
0.045320
-0.883297
-0.082492
0.888180
-0.205481
0.753777
-0.532579
-0.200293
0.707755
0.196387
0.105869
-0.875301
0.203528
0.900754
-0.278359
0.939268
0.598926
-0.959532
-0.055696
0.524583
-0.579638
-0.168859
-0.102634
-0.703543
0.535752
0.180883
0.681753
0.897824
0.369243
-0.504501
0.797296
-0.345195
-0.290017
0.115452
0.196692
0.775872
0.097140
-0.311502
-0.066988
-0.020600
0.557482
0.431440
0.115085
0.314188
-0.838191
-0.997742
0.996216
-0.066988
-0.042390
-0.835749
0.663198
-0.875057
0.075838
-0.141148
-0.957213
0.950194
-0.652760
-0.717521
0.418317
0.509812
0.529588
0.044710
0.127781
-0.929563
0.360881
0.154210
0.870479
-0.137303
0.115757
0.629994
0.158727
-0.632374
0.282510
-0.339763
0.293802
-0.408246
0.918882
-0.001251
0.430830
-0.486496
0.650685
-0.726920
0.774529
-0.757134
0.033540
-0.410260
-0.473739
-0.293558
-0.686697
-0.561876
-0.442610
-0.169286
0.230201
0.703604
0.922605
-0.696463
-0.442061
-0.666005
-0.970702
-0.488144
0.169408
0.181860
0.766961
0.336100
-0.633717
0.369976
0.394269
0.163854
0.436384
-0.290445
0.903378
0.404401
-0.819086
0.807672
0.365764
-0.561571
-0.742302
-0.363079
-0.496567
-0.600269
-0.545457
-0.131077
0.574206
0.396283
-0.219092
-0.684439
0.425520
-0.777337
0.724357
0.740898
0.736015
0.547838
0.996277
0.902707
0.207862
-0.715323
-0.567980
-0.234046
-0.314432
-0.012787
-0.152257
-0.211951
-0.334147
-0.696768
0.308573
-0.732719
0.147801
0.256325
-0.315165
0.861690
0.146092
0.680715
-0.828608
-0.213355
0.279641
0.715262
0.333110
-0.745659
-0.663076
-0.294412
0.584277
0.664113
0.854427
0.196692
0.294290
-0.003265
0.959349
0.340373
0.779839
-0.221168
0.651296
0.480026
0.753166
-0.205969
0.885128
-0.456832
0.807367
0.638478
0.538926
-0.760796
0.760857
-0.017792
0.775750
0.230445
-0.848262
0.804010
0.745842
0.339213
0.788385
-0.846919
-0.213965
-0.283975
-0.091952
-0.559374
0.715262
-0.514451
0.847591
0.680776
-0.650502
-0.724479
0.543626
-0.870296
-0.539659
-0.097995
0.342265
0.672292
0.221473
-0.349651
-0.140904
-0.299844
-0.271096
-0.857173
0.403668
-0.907834
0.223060
-0.973327
0.646168
-0.416669
0.114719
0.260292
-0.394330
-0.105930
-0.753166
-0.958495
0.682424
-0.887204
-0.435041
0.157445
-0.831904
-0.884579
0.957518
0.414899
-0.571215
0.586474
0.606433
0.181799
0.105564
-0.480758
0.808466
-0.528184
-0.675344
0.704642
0.740654
0.598804
-0.586657
-0.193335
0.710318
-0.574633
-0.152318
-0.206275
0.745659
-0.216407
-0.566393
0.376690
-0.446699
0.552477
-0.956542
-0.587024
-0.224586
-0.369366
0.748650
-0.366619
0.343608
0.434065
-0.051851
0.247108
0.297464
0.646901
-0.424421
0.675222
-0.988159
-0.761101
0.350810
-0.147496
0.716666
-0.761101
0.786248
0.226417
0.759392
-0.032807
-0.333476
-0.186377
0.412336
0.464217
0.214637
0.833613
0.010346
0.103183
0.308573
0.680471
-0.025056
0.520676
0.333354
-0.564806
-0.999695
0.141270
-0.869015
0.945860
0.819025
-0.981567
0.368877
0.327860
-0.291787
0.900632
0.509445
0.029572
-0.121921
0.450484
0.020112
0.591845
-0.021577
0.829585
-0.776666
0.170568
-0.622669
0.737663
-0.936949
0.715079
0.390973
0.911069
0.539415
-0.688162
0.388043
0.091403
-0.281777
0.262246
0.007660
0.718497
0.379009
0.879086
-0.956053
-0.684072
-0.112339
0.600635
-0.162206
-0.450850
-0.721610
-0.645314
-0.781549
0.850764
0.620716
0.964904
0.562426
0.804376
-0.971984
0.289834
-0.052644
-0.997620
-0.756096
0.851924
0.811640
-0.746696
-0.280862
0.111301
0.327799
-0.191259
0.961608
-0.089145
-0.688772
-0.793695
-0.893307
0.756890
0.683340
-0.977599
-0.426984
0.176122
0.929197
0.800897
-0.979675
-0.503342
-0.553148
0.664480
0.964171
0.827082
-0.262795
-0.913877
-0.271035
0.580432
-0.052217
0.841792
0.230323
0.550951
0.087924
-0.855342
0.309671
-0.677480
-0.244850
0.242653
0.834101
-0.344462
-0.468856
-0.267739
0.176672
-0.249794
-0.344035
-0.069002
0.152745
-0.696219
-0.557543
-0.772332
0.342875
0.155919
0.868160
0.603259
-0.569506
0.429731
-0.633778
-0.835078
0.528977
-0.371136
-0.367351
0.595630
0.266335
0.015900
0.164342
0.195654
-0.205420
0.973449
0.969115
0.564867
-0.512070
0.570605
0.280129
-0.885556
-0.574999
-0.441511
-0.258705
0.634571
0.015961
0.601062
0.707450
-0.110263
-0.280923
0.125584
0.095370
0.605274
-0.528184
-0.740898
-0.551134
-0.254677
-0.489914
0.256142
0.044771
0.363689
0.719352
0.383770
-0.209632
-0.753349
0.589831
-0.853328
0.526658
-0.679861
0.705252
0.863094
-0.498093
0.431379
0.584521
0.986755
-0.006378
-0.855708
-0.334574
-0.665883
0.589282
-0.978942
-0.704520
-0.770623
-0.544359
0.897580
-0.203345
-0.725761
0.816950
-0.797235
0.643666
0.641469
0.836970
-0.954955
-0.657460
0.166723
0.703421
0.365825
-0.029328
-0.387799
-0.499619
0.960265
-0.104709
0.829157
-0.218543
0.619861
-0.091464
0.081881
-0.404828
0.261147
0.807794
0.317789
-0.797967
0.210608
-0.457930
0.187963
0.838618
-0.444685
0.934019
0.055574
0.582018
-0.411969
-0.111911
0.094211
0.801263
-0.811518
-0.912168
-0.056490
-0.493393
-0.259682
-0.352702
0.964782
-0.590686
-0.028230
0.116550
0.568224
-0.499130
0.946959
0.674368
-0.563097
0.612293
0.951109
0.452132
0.145482
0.405438
0.226722
-0.346660
0.765740
-0.586352
0.064364
-0.643361
0.466414
0.288980
0.073519
-0.587817
-0.679373
0.756096
-0.496750
-0.479659
-0.588305
0.744804
0.209265
-0.653432
0.753410
0.129917
-0.445967
-0.272683
-0.484603
0.652760
0.279397
-0.256630
0.092013
0.834773
0.581103
-0.162633
0.927000
0.558214
0.082919
-0.203833
0.110141
-0.342998
-0.852351
0.043306
-0.413800
-0.458907
0.787408
0.083834
-0.879086
-0.283853
-0.111362
-0.433027
-0.009919
0.699576
0.237037
-0.721244
0.561022
0.717215
0.619922
-0.147923
0.515427
-0.528855
-0.607898
0.597766
0.197913
-0.242103
0.494430
0.212622
0.514573
-0.292459
-0.023225
-0.470138
0.732963
-0.706656
-0.899106
0.206885
0.396283
-0.483261
0.500595
-0.165441
-0.722648
0.600391
-0.038301
-0.338786
-0.698477
-0.434492
0.261452
-0.314371
-0.671255
0.049776
-0.759453
0.666311
0.933714
-0.642811
-0.065767
0.898190
0.982421
0.349345
0.088900
0.210364
-0.194739
0.961425
0.613269
0.223182
0.422346
-0.977538
-0.197913
-0.397687
0.119175
-0.650807
0.792230
0.891598
-0.269082
0.430464
0.149815
-0.296060
0.660939
0.287088
-0.545518
-0.952696
-0.935789
-0.862423
0.854671
0.690542
0.553880
-0.648122
0.851314
0.315470
-0.203162
-0.760430
0.339946
0.620838
0.365398
-0.956420
-0.209449
-0.642323
0.475753
-0.261330
0.859493
0.868648
-0.382061
-0.160375
0.993164
0.769158
0.290262
-0.040864
-0.150243
-0.385052
0.645497
0.275674
-0.945616
0.180273
-0.004364
0.423200
0.185583
0.584826
0.820307
-0.835505
-0.611866
-0.172887
0.394757
-0.115513
0.603687
-0.069002
0.324870
0.011139
-0.376751
0.489608
0.132847
-0.589404
0.709952
0.624256
0.464644
0.119053
0.557176
-0.943052
0.803278
0.325419
0.568834
0.742729
-0.073763
0.962401
0.404035
0.829463
-0.401898
0.638783
0.340129
0.686148
-0.451277
-0.347453
0.141209
-0.906796
0.554552
-0.217994
0.643300
0.501572
0.001556
0.487472
-0.320597
-0.229835
-0.807855
0.699087
0.403241
-0.614917
-0.841243
-0.760613
0.588916
0.077975
0.396466
0.144139
-0.894894
0.578600
-0.003937
-0.780755
-0.615711
0.080844
-0.643422
-0.296793
0.381634
0.716239
-0.376263
-0.029084
-0.077059
-0.520493
-0.691641
0.770196
0.957213
0.148839
0.990112
-0.974303
0.013703
-0.107944
-0.913755
-0.287210
0.045442
0.437788
-0.235267
-0.970580
-0.925779
-0.974059
0.077242
-0.136143
0.630970
0.202429
-0.018159
0.231910
-0.695059
0.549852
0.303873
-0.113498
-0.636708
0.352031
0.081820
-0.712760
-0.192236
-0.488327
-0.810053
0.285440
-0.504685
0.596973
-0.963561
-0.213721
-0.764641
-0.496384
0.449812
-0.646718
-0.469588
-0.866634
0.443037
-0.945189
-0.106662
0.686697
-0.513535
-0.166478
-0.026826
-0.809381
-0.714713
0.353313
0.107456
0.336833
0.521165
0.378338
-0.942930
0.557115
-0.660756
-0.988769
-0.761834
0.527940
-0.896603
0.485702
-0.722098
-0.607532
0.100131
-0.831660
-0.216834
0.085482
-0.959899
0.631153
-0.483688
-0.402936
-0.260781
0.266701
-0.548875
-0.269997
0.549974
0.787103
0.135472
-0.423872
0.034089
-0.768181
-0.081149
0.735649
0.305521
0.644154
0.329875
-0.426191
0.084628
-0.992309
0.015656
-0.889340
0.103488
-0.694143
-0.639393
-0.588427
-0.387860
0.590442
0.264626
-0.230079
0.800592
0.351054
-0.359661
-0.328227
0.357646
0.074923
0.419599
-0.272805
-0.110996
0.899899
-0.275246
0.363872
0.075716
-0.286843
0.126865
-0.383343
-0.047456
-0.115635
0.611682
-0.325846
-0.564440
0.438459
0.233924
-0.342143
-0.158238
0.335063
-0.044832
0.750053
0.120151
-0.031831
0.516831
0.688711
0.345317
0.052461
-0.413190
0.653127
0.208228
-0.174047
0.976501
0.307352
0.479598
-0.462630
0.085299
-0.272317
-0.494430
-0.514756
-0.939451
0.495773
-0.183325
0.793085
0.984985
0.440352
-0.641591
0.043489
0.795404
0.972289
0.658071
-0.741630
-0.947386
-0.889523
-0.440229
-0.978454
0.226722
-0.004913
0.557665
-0.099277
0.455489
-0.909055
0.901730
0.823908
0.967528
0.573168
-0.485580
0.977905
-0.616443
-0.761162
-0.205542
0.657216
-0.456221
-0.886166
0.710135
0.258827
0.255226
0.812067
0.671133
0.345256
-0.882565
-0.772576
0.413068
0.790094
-0.689261
-0.309122
-0.273721
0.318339
0.069674
-0.596484
0.353008
0.646901
0.814875
-0.441633
-0.604846
0.856075
0.887265
-0.330119
-0.392865
0.063082
0.092563
0.927000
-0.475875
0.625477
-0.099521
0.075594
-0.507309
-0.562731
-0.571764
-0.086093
-0.125401
0.877438
0.448958
-0.821589
0.643117
-0.582507
0.579882
-0.970275
0.168249
-0.386700
-0.114597
-0.889706
-0.670827
0.463118
-0.683035
0.740654
0.049715
-0.470077
0.847591
-0.472335
-0.248878
0.653432
0.112705
0.604236
-0.359539
-0.491928
-0.677175
-0.242836
0.361187
0.091342
-0.202490
-0.035981
-0.826350
0.403729
-0.162023
-0.250404
0.694998
0.187353
-0.846919
0.909299
0.809320
-0.013764
-0.730522
0.766839
-0.793756
-0.445784
-0.653676
-0.314798
-0.201880
0.357158
0.517258
-0.896908
0.993835
0.531114
0.589892
-0.440535
-0.775323
-0.569811
-0.885372
0.326395
-0.846126
0.045015
-0.279946
0.650624
-0.258583
-0.215186
-0.128697
-0.001862
-0.163915
0.563829
0.987732
-0.270119
0.881222
0.421674
-0.589709
-0.019990
0.842097
-0.756951
0.497665
0.267739
0.356670
-0.355510
-0.598987
0.630360
0.803217
-0.205664
-0.871578
-0.106967
0.108921
-0.537217
-0.420576
-0.189001
0.879940
0.770867
-0.963195
0.422773
0.448897
-0.634571
-0.625599
0.416486
-0.162389
0.452010
-0.456709
-0.547716
0.278115
0.143590
0.427961
-0.012238
0.216529
-0.033479
0.649709
-0.825556
0.800958
0.320902
-0.122349
-0.250465
0.024567
0.514573
-0.473128
-0.252663
0.639821
0.672964
0.384198
-0.239051
0.812983
-0.838618
0.149510
-0.397137
0.226844
0.801874
0.283425
0.419111
-0.440229
0.358806
-0.385907
0.472945
-0.534227
0.239723
0.777947
0.745598
0.886532
0.967162
-0.262612
0.177465
-0.066744
0.708365
-0.205359
-0.561876
-0.131138
0.847835
-0.381085
0.011567
0.217627
-0.894894
-0.928892
0.297647
0.368633
0.436201
-0.054903
0.272134
0.047029
-0.132542
-0.282083
0.345195
0.766472
-0.475265
0.062349
-0.218848
-0.777154
-0.268105
0.640126
-0.110141
0.550218
0.264504
-0.010285
0.028169
0.007111
-0.078524
0.870724
0.250282
-0.071810
-0.581469
-0.726005
0.051119
0.161229
-0.088595
0.031648
-0.219825
0.929136
-0.539476
0.608936
0.192541
-0.984191
0.369427
0.438276
-0.276406
0.498520
0.510971
-0.046907
-0.657094
0.477035
-0.003754
-0.370342
-0.466781
0.776482
-0.297342
0.846736
-0.510788
-0.942869
0.132298
0.607410
0.583300
-0.856868
-0.478378
-0.684500
0.174169
0.553209
-0.268349
0.679495
-0.866207
-0.099826
-0.007660
-0.075350
0.399030
-0.109958
-0.028779
0.938597
-0.983520
-0.516892
-0.207434
0.362407
-0.135533
0.377422
-0.497177
-0.244606
0.640431
-0.086032
-0.926634
0.987243
-0.580676
0.512192
0.567553
0.767937
-0.846248
-0.110691
0.591845
0.235572
-0.513535
0.085971
-0.005951
-0.569567
-0.430036
0.943724
0.336222
-0.225135
0.073397
0.047884
0.561022
0.320231
0.892758
-0.465804
0.527268
0.950621
0.755486
-0.569445
-0.062777
0.359783
-0.436262
0.577013
0.107639
0.360576
0.567614
0.059969
-0.775445
0.179540
-0.449324
-0.286233
0.992615
-0.566637
0.391278
-0.534532
-0.931394
0.254799
-0.655629
0.011505
-0.536607
-0.331156
-0.988159
0.642323
-0.931333
-0.945921
-0.735221
0.450850
0.248573
0.010895
-0.370647
0.078280
0.489303
0.294107
-0.312052
0.118809
0.261391
0.465072
0.301248
0.211097
-0.000824
0.238990
0.263710
-0.709952
-0.324686
-0.269387
-0.827326
-0.635487
-0.184484
0.839167
-0.481429
-0.603442
-0.474654
-0.048006
0.350627
0.678152
-0.987060
-0.565538
0.249794
-0.982116
-0.445723
0.396405
-0.874752
0.198828
0.650441
0.399152
-0.434797
0.826899
0.220069
0.633229
-0.957274
-0.997864
0.701712
0.199622
0.128758
0.823359
-0.990112
-0.353496
0.057222
-0.031648
0.377361
0.595141
0.378826
-0.060335
0.681814
0.568957
-0.654653
0.708914
-0.666189
0.951659
-0.650746
0.535752
-0.113315
0.153050
-0.119663
0.082492
0.328166
-0.894589
-0.785699
-0.374248
-0.287027
0.914914
-0.160192
-0.469100
0.810724
-0.018647
-0.607715
0.238990
0.216346
-0.532701
-0.918516
0.632923
-0.067782
0.666066
-0.684133
0.310770
-0.911496
0.308573
-0.951720
0.095309
0.300333
0.762383
-0.527573
-0.626392
0.171972
-0.921384
-0.781121
0.551500
-0.847591
-0.910825
-0.967040
-0.186071
-0.359844
0.524094
0.817743
-0.092380
0.363323
-0.716544
0.932615
-0.719718
0.051363
0.799493
-0.376995
-0.456648
0.861568
0.024201
-0.644276
0.156285
0.147008
-0.795160
0.869625
-0.008637
0.996704
-0.406232
-0.359478
-0.392987
-0.068392
-0.268838
-0.904233
-0.972716
-0.729362
-0.747124
0.838496
-0.685537
-0.940916
0.713675
0.145482
0.389325
0.953856
-0.617176
-0.890622
-0.623768
0.382000
0.069308
-0.295572
-0.794305
0.518113
-0.376141
0.074740
0.197302
0.987915
0.131382
0.450056
-0.245766
-0.121921
-0.413862
-0.838252
0.904782
0.913694
0.808527
0.500168
0.667470
-0.845027
-0.958922
-0.619800
0.828974
0.499496
-0.683218
-0.297952
-0.722037
0.246620
0.074129
-0.531114
0.158544
0.450423
-0.918699
0.141636
0.773309
-0.987304
0.855159
0.555101
0.570177
-0.023530
0.493332
-0.824946
-0.038118
0.640187
0.400555
-0.645985
0.822748
0.141758
0.121494
-0.113559
-0.849727
-0.313761
-0.217444
0.479843
0.762017
-0.215064
-0.697562
-0.274697
0.098788
0.167272
0.667531
0.713065
0.116184
0.912290
0.221412
0.501267
0.648915
-0.896725
0.473983
0.920042
-0.198462
-0.042207
0.397015
-0.965758
-0.288003
0.243324
0.791314
0.001617
0.049715
-0.180151
0.747917
0.829890
0.590930
0.258217
0.111118
0.213660
-0.172155
-0.982543
0.136082
-0.502670
-0.467513
0.705741
0.807489
-0.352641
-0.810175
-0.599780
-0.001679
-0.205969
0.975158
0.721610
0.129856
0.138157
0.190466
-0.056734
-0.698050
-0.273293
-0.349956
0.188513
0.551195
0.460616
-0.587512
-0.919370
0.193823
-0.987609
0.304117
-0.616749
0.379681
0.242958
0.770379
0.115390
-0.076510
0.017426
-0.905515
-0.344584
-0.594714
-0.113987
0.466292
0.339763
-0.400372
-0.426435
0.787469
0.840876
-0.854183
0.623646
0.257241
-0.037324
0.185644
-0.236000
0.341716
-0.704642
0.906308
-0.441755
0.284158
-0.230995
0.853633
-0.990356
0.755669
-0.159154
-0.951720
-0.631031
-0.351604
0.108921
-0.266091
-0.554186
-0.759697
-0.674734
0.714103
0.423383
-0.385784
-0.117405
-0.383343
0.319254
-0.868892
0.929991
-0.565477
-0.643300
-0.474471
0.714835
0.662832
0.617298
-0.244057
0.500412
-0.745354
-0.280496
-0.558458
-0.934080
-0.711722
0.922910
-0.179540
-0.761101
-0.613697
-0.809259
0.986755
0.148228
-0.822077
0.444929
-0.087924
-0.644032
0.692068
-0.633351
-0.614307
-0.576769
-0.168615
0.444624
-0.621021
0.849727
-0.262734
0.863338
-0.149571
-0.929075
0.888180
-0.995666
-0.494552
-0.995605
0.906186
0.361736
0.196387
-0.267129
-0.815424
-0.293313
-0.227454
-0.384075
0.116855
-0.044343
0.385052
-0.762871
0.311747
0.513779
-0.938169
-0.102634
-0.118686
0.262673
-0.250710
0.582324
0.946043
0.137181
-0.959227
-0.896298
-0.476730
-0.001801
-0.184118
0.285989
-0.258705
-0.555040
0.437117
0.570727
0.130100
-0.219092
-0.905942
0.273354
0.485641
0.055696
0.447981
-0.288430
0.596850
-0.232521
0.412580
-0.224281
-0.034516
0.042024
-0.938963
-0.048250
0.712394
-0.946776
-0.421735
-0.599109
0.509812
-0.569079
-0.473617
-0.558275
-0.251503
0.432173
0.128147
-0.335368
0.116367
-0.597278
-0.207923
-0.284219
-0.830683
-0.396283
0.728813
0.459883
-0.038606
-0.052095
-0.665212
0.917600
-0.292520
0.871395
-0.983154
0.774529
-0.506882
-0.006989
0.818415
0.171484
-0.293558
0.994568
-0.309854
-0.966918
0.181249
0.324381
0.672536
0.858150
-0.355327
0.956053
-0.912412
0.543382
0.588061
-0.937254
0.453047
0.810785
0.143773
-0.337687
-0.301187
0.111728
0.135533
0.098300
0.990112
-0.682730
-0.218360
-0.819086
-0.304056
-0.017975
-0.387188
-0.084689
0.029878
-0.585498
0.479720
-0.953856
0.537339
-0.602954
-0.422834
-0.712821
-0.084384
0.464217
0.610889
-0.355693
0.203711
0.716483
-0.218604
0.363323
-0.635487
-0.324564
-0.855647
0.931883
0.906674
0.783441
-0.982727
0.115513
0.248085
-0.934263
0.628346
0.913633
0.372723
0.166845
0.366680
0.424787
-0.351787
-0.563280
0.681570
-0.504318
-0.213355
0.033479
-0.152989
-0.115329
0.838801
0.952025
0.342814
-0.165258
-0.662709
-0.991699
-0.445479
-0.416669
0.685659
0.486007
-0.955443
-0.315043
0.517930
0.323099
-0.183203
-0.197790
-0.189062
0.702994
-0.679312
-0.644093
-0.796625
0.046236
-0.943785
0.569506
0.593799
0.469466
-0.804682
-0.848262
-0.943113
0.022248
-0.837764
-0.081515
0.353496
-0.078280
-0.097690
0.307779
0.323405
-0.550401
-0.240150
0.108737
0.812311
-0.399457
-0.828425
0.543626
0.246132
0.269631
0.869747
0.329264
0.871029
0.221473
-0.006684
0.866817
0.985656
0.869503
0.286905
0.282144
0.883602
-0.228004
0.109409
-0.989685
-0.244301
-0.640431
0.764153
-0.994079
-0.574816
-0.386456
0.205420
0.991699
0.106418
0.455916
-0.708975
0.448592
0.595080
0.310282
0.860652
-0.615162
0.920896
-0.203955
-0.891964
0.739494
0.018708
-0.058077
-0.149876
-0.877987
0.874142
0.738456
0.598804
0.231666
-0.498093
0.317301
0.965697
-0.628407
-0.860836
-0.372051
-0.194617
0.814264
0.831538
-0.891232
0.772210
-0.661794
0.416730
0.218360
-0.144383
0.651967
-0.366619
0.435224
-0.377422
0.203406
0.539781
-0.360088
0.482772
-0.790277
0.538072
-0.916623
-0.188086
-0.418195
-0.516526
-0.229408
-0.233985
0.970885
-0.043977
-0.145787
-0.697989
-0.105136
-0.187048
0.620594
-0.564928
-0.092074
0.296609
0.110263
0.718925
0.434614
0.552599
-0.248390
0.876888
0.933958
-0.353191
-0.221656
0.964049
0.368816
0.223365
0.395611
0.175512
0.755486
-0.161290
-0.762871
-0.503769
0.059236
0.189062
0.741813
0.617115
0.937498
0.155736
0.215247
-0.742973
0.078585
0.482589
0.864742
-0.757500
0.553331
