-0.080905
0.091525
0.580859
-0.053804
0.819208
-0.557299
0.029939
0.378826
0.315348
-0.948729
-0.834895
-0.850398
-0.041963
0.184301
-0.358440
-0.414960
0.740837
0.638661
-0.405866
-0.948729
-0.117954
0.707450
-0.452742
-0.645192
-0.863521
-0.063204
0.464583
0.029817
-0.595264
0.990234
0.684744
0.179235
0.343669
-0.421552
0.812799
-0.906980
0.705863
0.002106
-0.994751
0.106784
0.362163
-0.085849
0.617786
0.492538
0.864620
-0.735466
0.284829
-0.138340
0.025666
0.129551
0.394024
0.617603
-0.349895
0.855037
-0.157384
-0.507309
-0.126988
-0.591174
0.520188
-0.203345
0.087802
-0.884701
-0.703177
-0.365459
-0.697256
0.174413
0.512131
-0.775262
-0.840022
-0.496445
0.264199
-0.421979
0.412702
0.352458
-0.157445
0.078219
0.877194
-0.931028
0.460738
0.811151
-0.498093
0.554369
0.321696
0.750359
-0.502792
-0.282022
0.829829
0.762017
0.921079
-0.736991
0.020661
-0.839412
0.289346
-0.658315
0.839534
0.541124
0.166112
0.575060
0.545091
-0.042817
0.036531
-0.659352
-0.135838
0.425214
-0.730705
0.449995
0.389447
0.733024
0.501083
-0.771722
-0.385113
-0.375591
-0.174841
0.547716
0.492660
0.751579
0.746513
-0.119419
0.438215
0.989624
0.974731
0.587939
0.112339
0.048433
0.712821
0.553758
-0.149693
-0.289041
-0.814203
0.256874
-0.734916
0.027070
0.714286
0.105502
-0.348613
0.499008
0.722159
0.867916
0.257118
0.821772
0.129856
-0.359233
-0.290750
0.301248
-0.589038
-0.977721
0.726798
-0.281350
0.115146
0.443403
-0.716117
0.156713
0.959349
-0.533616
0.150426
0.804926
0.044404
0.037019
-0.600818
-0.867183
-0.799982
0.556261
0.231483
-0.742546
0.040681
-0.088900
0.806146
-0.570238
-0.256569
-0.896664
0.917112
0.202734
0.887082
0.775018
0.543138
0.484909
0.500168
-0.198157
0.916868
0.604724
0.699332
-0.427595
-0.247353
0.315836
-0.218177
-0.460189
0.466475
0.092318
0.288125
-0.075777
0.150304
0.446577
0.414289
0.240272
0.159581
0.208594
0.543443
0.590442
0.778497
0.271828
-0.790155
-0.470504
-0.429487
-0.520676
-0.735954
-0.047029
-0.928343
0.869869
0.644398
0.999451
-0.506638
0.004730
0.141453
0.404950
0.570360
0.395428
-0.913755
-0.869015
-0.329142
0.173742
-0.543809
0.411847
0.786187
-0.533372
-0.049532
-0.250343
0.915281
0.152745
-0.800531
-0.654775
0.180883
0.862117
0.264870
-0.963683
-0.066622
0.048555
-0.344340
-0.409955
0.672781
-0.910276
0.755364
-0.630421
-0.349712
0.234596
0.900143
-0.901608
0.513108
-0.403546
0.241798
0.170751
0.806269
0.642567
0.195044
-0.929197
0.943419
0.832942
-0.619190
-0.845149
0.449629
-0.999084
-0.902158
0.166234
0.689138
0.463790
-0.728690
-0.806330
-0.097140
-0.823237
-0.609119
-0.161718
-0.957213
0.451827
-0.194617
-0.114719
0.508774
0.950255
-0.817866
-0.358989
-0.030732
-0.413800
-0.159948
0.040742
0.143773
-0.246437
0.335551
-0.324076
0.134312
-0.713126
0.027192
-0.915464
0.407270
0.700552
-0.370220
-0.216163
0.336711
0.482467
-0.482406
0.263833
0.721610
0.888852
0.573473
0.964904
0.101779
-0.111606
-0.450728
-0.299356
-0.437483
-0.095676
-0.240028
0.163976
0.042390
0.243751
0.067660
0.297037
-0.690176
-0.100620
-0.184912
-0.359844
0.956175
-0.505966
0.280251
-0.333781
0.317606
0.052583
0.484787
-0.007050
-0.336650
-0.440535
0.746513
-0.643117
0.336833
0.649892
0.537828
0.619678
-0.970153
0.186987
0.393902
-0.818232
-0.673635
-0.840144
-0.786431
-0.078036
-0.342265
-0.703482
-0.587634
0.784783
-0.216163
0.295633
0.514084
0.045564
0.741874
-0.401898
-0.643239
-0.693045
-0.130711
-0.078890
-0.113071
0.502060
0.790216
0.700552
0.317789
0.268593
0.720084
0.417768
0.567431
-0.996399
0.278848
0.134251
0.025361
-0.727103
-0.895199
0.946715
-0.435774
0.685537
-0.356975
-0.187780
0.669179
0.118625
0.391461
0.474654
0.710379
-0.991028
0.366863
-0.749565
-0.512436
0.148839
-0.421308
0.853389
0.444441
0.744804
-0.333720
-0.383831
0.159825
0.308512
-0.630116
0.742119
0.811335
0.359844
0.835261
-0.175512
0.455916
0.052461
0.750114
0.545885
-0.314676
-0.144566
-0.596240
-0.878903
-0.242836
-0.323222
0.416547
-0.437849
0.005158
0.533128
-0.603015
-0.682241
-0.373089
0.321757
0.526780
-0.743400
0.181372
-0.155736
-0.100009
-0.134129
0.062166
0.867916
-0.378704
0.887692
0.222571
-0.876949
-0.830744
0.194617
0.505539
0.855342
-0.368511
0.279092
0.512436
0.539476
0.792535
-0.264870
-0.533311
0.999817
0.664480
0.003327
0.620106
0.100070
0.946348
0.263161
0.363445
-0.542650
-0.982849
0.546983
-0.981384
0.943113
0.049959
-0.327250
0.304361
-0.647450
0.652211
0.591723
0.020783
0.864132
0.369732
-0.549425
0.573412
0.312113
0.550707
0.054903
-0.881832
-0.975768
-0.882260
0.673208
0.860714
0.410321
0.671682
0.928526
-0.347942
-0.394757
-0.947813
-0.788812
-0.011567
0.489120
0.273232
-0.844478
0.623707
0.395489
-0.708914
-0.820063
-0.928831
-0.993835
-0.391339
0.954588
-0.616382
-0.112705
-0.570421
0.059908
-0.071444
0.151830
0.891842
0.731803
-0.836726
-0.170568
0.978210
-0.845943
0.227760
-0.842036
-0.074862
0.011322
-0.218787
-0.250526
-0.707022
0.554308
0.214209
-0.324503
0.096591
-0.965026
-0.978393
-0.908261
0.969420
0.294717
0.730583
0.003143
0.731376
0.477950
0.771722
0.251381
-0.020905
0.756951
0.859249
-0.143468
0.114841
0.268044
-0.377056
-0.843684
0.629261
-0.931211
-0.748650
-0.631642
0.980529
0.475997
-0.447371
-0.254982
0.966918
0.363018
0.346538
-0.725333
-0.033845
-0.948607
-0.556383
0.943907
0.580554
-0.242958
0.298135
0.675405
-0.895016
0.062227
0.623524
-0.610889
-0.397137
-0.724174
0.725578
0.238075
0.877010
0.234596
-0.019318
-0.036103
0.961791
0.373882
-0.568651
0.234657
0.250954
0.309366
0.406110
0.671499
0.427229
0.628712
-0.553148
-0.287027
-0.336711
-0.474715
-0.863094
-0.586413
0.292093
-0.720756
-0.809320
-0.192480
0.598926
-0.796136
0.918821
0.782830
0.868099
0.509140
0.391644
0.005036
0.749199
-0.697989
0.710623
-0.357891
-0.001984
-0.342326
-0.053621
0.196509
0.228797
-0.658376
-0.692434
-0.872860
0.925779
0.814142
0.652333
0.327921
0.457808
0.133763
0.310648
0.657094
0.664418
0.647511
0.493210
-0.046419
-0.623890
0.691885
-0.132420
0.649403
0.602893
-0.915036
-0.075961
0.185522
0.341716
-0.384808
-0.917600
-0.830073
-0.294473
-0.292398
0.378460
0.890683
-0.891598
-0.296304
-0.705130
-0.762078
-0.996216
-0.698904
0.955199
0.996216
0.537645
0.071444
0.066622
0.199499
0.994385
-0.214393
0.525315
0.880978
0.545396
0.836299
0.276101
0.862667
0.601733
-0.563036
0.424360
-0.503098
-0.989990
-0.936583
-0.245094
-0.281777
0.922056
-0.030061
0.288247
0.931089
0.031281
0.454512
-0.786004
-0.961974
-0.323649
-0.567309
0.744377
0.754326
0.600391
0.816706
-0.690298
-0.388897
-0.728141
-0.444868
-0.133274
0.916379
0.753594
0.724052
-0.308023
0.732963
0.634144
-0.531785
-0.362468
0.035188
0.295999
-0.549974
-0.554003
-0.270608
0.676199
-0.738395
0.554735
-0.885617
0.988342
-0.427961
0.814875
0.292520
-0.952025
0.417951
-0.456038
0.915525
0.427656
0.747856
-0.016266
0.079989
0.904904
-0.498703
0.574938
0.138157
-0.622547
-0.282327
-0.349834
0.757744
0.636097
0.426008
0.214881
0.226844
-0.991211
-0.230689
-0.055208
0.509812
0.826411
0.607410
-0.967162
-0.784234
-0.950621
0.472457
-0.806574
0.947813
-0.801630
0.369488
-0.917112
0.484909
-0.373699
-0.359539
0.438765
0.275369
0.902219
-0.715567
-0.705557
-0.787774
0.913205
0.640553
0.026154
-0.561022
-0.338847
-0.681570
-0.885922
0.392254
-0.353801
-0.660878
0.186438
-0.892392
-0.192785
0.928709
-0.800226
-0.555284
0.992615
0.618397
-0.610462
-0.084933
0.646474
0.790033
0.761895
0.681997
-0.075289
0.848201
0.712027
-0.399701
-0.478195
0.765679
-0.435713
-0.917600
-0.770013
-0.603687
-0.924314
-0.962889
0.512131
-0.085482
0.806391
-0.883297
0.766045
0.786554
-0.572069
-0.720634
0.048128
-0.090732
-0.900571
-0.671255
-0.000946
0.948302
0.087191
-0.188635
0.890927
-0.509018
0.711905
-0.846248
-0.670156
-0.874874
0.796625
0.324992
-0.664724
0.892575
0.126560
-0.468917
0.124424
0.004913
-0.563646
-0.460921
0.996826
0.123875
-0.103488
-0.016755
-0.970336
0.796808
0.972777
-0.210547
-0.391644
-0.890561
-0.484298
-0.778069
-0.564562
-0.937925
0.662465
0.594592
0.449141
-0.091281
-0.185278
-0.008881
-0.371380
-0.844417
-0.649281
-0.112278
-0.534227
-0.223975
-0.757317
-0.308817
-0.195166
0.272317
0.239784
-0.351909
-0.076693
-0.942442
-0.711112
0.150670
-0.762871
0.291910
0.562304
-0.703177
0.935057
0.539659
0.717032
0.261635
0.155248
0.198523
-0.508469
-0.856441
-0.551195
0.755547
0.122288
0.006928
0.615955
-0.682608
-0.842158
0.894955
-0.532579
0.770013
-0.049532
-0.525193
0.872188
-0.250404
0.198096
-0.301675
-0.374065
-0.701895
-0.796625
-0.865719
0.043916
0.371197
-0.633778
-0.009247
-0.946043
-0.164525
-0.420698
0.140416
-0.386883
0.909970
0.191259
0.846492
-0.487289
0.034211
0.012360
0.451338
-0.463240
0.936338
-0.014374
-0.761040
0.285073
-0.040254
-0.407147
-0.121677
-0.601856
0.820307
0.028047
0.088900
0.865535
0.526597
-0.994018
0.394147
-0.653554
-0.424604
0.435774
-0.431196
-0.444929
-0.790033
0.334574
0.505966
-0.114109
0.678091
-0.504624
0.126255
-0.934507
-0.699393
-0.068758
-0.671499
-0.435408
0.247230
0.910947
0.871883
0.945189
0.852351
-0.206030
-0.198157
0.803217
0.056246
-0.515610
0.176916
-0.689077
-0.064302
0.144688
0.806085
0.160680
-0.649709
-0.165929
-0.979675
0.154210
-0.071810
-0.126682
0.284890
-0.682180
0.597095
-0.699149
0.853816
0.919370
0.412580
0.055696
0.807428
0.060640
-0.125950
-0.427412
-0.428388
0.095370
0.488571
-0.434858
-0.099948
-0.863521
-0.072420
-0.287454
0.680105
0.875851
-0.810846
-0.697378
0.772515
0.237770
-0.924741
-0.205603
0.251503
-0.315592
-0.483200
0.119785
0.330058
0.957152
-0.766655
-0.707327
0.420026
0.362163
0.882015
-0.702872
0.359722
-0.620777
0.653737
-0.694449
-0.469893
-0.279458
0.572375
-0.338054
-0.979675
0.725089
0.683035
0.381756
-0.316568
0.175756
-0.378826
-0.519639
0.368267
-0.890500
-0.852046
-0.390423
0.351299
0.195898
-0.988952
0.495102
0.202734
-0.604785
-0.863704
-0.815607
0.648427
0.608997
0.460555
-0.645314
0.289773
0.522385
0.167333
-0.659597
-0.608142
0.346294
-0.074923
-0.711844
0.326518
-0.348552
0.139622
-0.491867
0.529771
-0.141881
0.398846
-0.221046
0.856563
0.295877
-0.416791
0.750725
0.540208
-0.269509
-0.082186
0.805231
-0.652150
0.284890
0.928709
0.850764
0.979919
0.049287
0.836238
0.017304
0.583728
-0.350871
0.576464
-0.252968
-0.549852
-0.348735
0.223853
0.654897
0.706961
0.366192
0.507797
0.882626
-0.357952
0.474044
0.013581
0.212500
-0.511521
-0.622791
0.565233
-0.616565
0.215796
-0.808466
0.195288
-0.744926
0.943846
-0.391888
0.062593
0.281167
-0.433821
0.090976
0.901364
0.022553
0.547166
0.767083
0.677480
-0.872494
-0.475692
-0.301126
-0.469222
-0.667165
-0.229652
-0.668386
0.415265
-0.151158
-0.342936
0.327616
0.318522
0.540880
0.433393
0.487533
-0.543260
-0.441023
-0.871273
-0.457076
-0.242958
0.332377
0.971007
0.169774
0.341533
0.361370
-0.227821
-0.460921
-0.304117
0.105991
0.154210
-0.152684
0.892148
0.526841
0.121128
-0.527940
0.465499
0.101962
-0.424421
-0.917356
0.565722
-0.186743
-0.841121
0.089267
0.209082
-0.322550
-0.362896
0.804804
0.953185
-0.970641
0.986938
0.484970
-0.134800
0.834468
-0.401898
-0.448958
-0.402203
0.079745
0.781365
-0.483993
0.716056
0.503342
-0.214820
0.994995
0.020966
-0.076266
0.985107
-0.490890
0.538011
-0.515366
0.955443
-0.534898
-0.586901
-0.042512
0.895016
0.990539
-0.877377
0.917112
-0.330302
0.510666
0.418195
-0.357341
0.150304
-0.346171
-0.537584
0.904172
0.156713
-0.904355
0.964782
0.725944
0.875423
-0.173193
0.610584
0.078341
0.357646
-0.150121
-0.945250
0.948363
0.888424
0.727348
-0.829768
0.590747
-0.593127
0.380352
0.285623
0.157811
-0.755791
0.191626
0.888363
0.286905
-0.009491
0.664296
0.294351
0.382672
0.127537
0.298624
-0.883480
0.270486
0.724113
0.436506
-0.402264
0.085421
0.459517
-0.309061
0.189123
0.174841
-0.645253
-0.189184
-0.298441
-0.759148
0.155858
0.748161
-0.761956
-0.091403
-0.125523
-0.157628
-0.046480
-0.795831
0.787347
-0.377606
0.806452
-0.433088
-0.505234
0.447493
0.988647
0.064669
-0.067965
-0.431990
0.956359
-0.949156
0.569933
0.691824
0.270852
0.884030
-0.917905
0.414411
0.104892
0.095614
-0.962096
0.969054
-0.080782
-0.228126
-0.254860
0.994140
-0.066317
0.392132
-0.120273
0.120273
-0.001251
0.434614
-0.236549
0.903806
0.075716
-0.648732
-0.977294
0.755974
-0.639027
0.437788
-0.093356
0.439192
0.502731
0.528306
0.051119
-0.892026
-0.977233
-0.618580
-0.234352
0.430525
-0.624989
-0.163610
0.876278
0.888241
-0.938963
-0.521165
-0.276101
0.662893
-0.669668
-0.882443
0.572680
-0.086154
-0.097262
-0.173559
-0.647938
0.285989
-0.508713
-0.787469
-0.934629
0.532212
-0.746818
-0.525010
0.312113
0.860408
0.530564
0.212073
-0.125034
-0.675588
-0.564928
-0.446333
0.457991
0.880306
0.611744
-0.393414
0.086093
-0.579089
0.695059
0.158055
0.056307
-0.324686
-0.040803
0.578967
-0.703238
-0.762261
-0.645741
0.722953
-0.968444
0.747490
-0.871517
-0.094516
0.729484
0.634388
0.644581
0.579272
0.569628
0.126316
0.563707
0.688528
-0.794977
0.700980
0.283425
-0.670827
0.432234
0.024934
0.777520
0.909482
-0.158849
-0.775933
0.360881
0.977660
0.018036
-0.533799
-0.316996
0.239967
0.755486
-0.231300
-0.664968
0.928587
0.574816
0.216834
0.431257
-0.271828
-0.544603
0.431806
0.838191
0.217444
-0.868954
0.432295
-0.257302
-0.132237
-0.727958
-0.440474
0.636464
-0.423505
0.254738
0.507920
-0.442732
0.160985
-0.273171
0.339457
0.446272
0.246803
0.363994
-0.354778
-0.955016
0.007172
-0.511093
0.532334
-0.170812
0.316446
-0.678335
-0.656911
-0.076937
-0.057100
-0.028657
0.942625
-0.265786
0.081820
-0.659291
0.648366
-0.764275
0.097018
0.382916
0.392193
0.788018
-0.689566
-0.949339
0.978881
0.704093
0.363872
-0.742180
-0.311930
0.635304
0.930662
0.091342
0.077120
0.727042
-0.926817
-0.211646
-0.304666
0.059481
-0.003021
0.140233
-0.987365
0.885556
-0.240211
0.582018
-0.817438
-0.630238
-0.864071
-0.285928
-0.103366
-0.185217
0.372051
-0.161168
0.684683
-0.453108
0.626942
0.146153
-0.410199
-0.601123
0.597156
0.444258
0.476608
0.008148
-0.776299
-0.623585
-0.381634
0.418195
-0.226417
-0.550035
-0.736076
-0.738701
0.060579
-0.575304
0.684439
-0.596606
0.109348
0.460616
-0.825678
0.454512
0.887326
-0.022492
-0.558763
0.009125
0.857540
0.644948
-0.520066
0.164525
-0.334086
0.713309
0.355754
-0.544053
0.174291
-0.973693
0.022797
0.247291
-0.393597
0.030793
-0.718253
-0.745109
-0.221900
0.815851
0.414838
-0.420087
0.069002
-0.473739
0.731986
-0.407208
-0.590503
-0.091586
-0.074190
-0.152501
0.009674
-0.576708
0.595569
-0.762505
0.974609
-0.101108
-0.628224
0.786126
0.170690
-0.734550
0.409711
0.003998
-0.653188
-1.000000
-0.492233
0.024445
0.551256
0.246010
-0.966308
-0.099887
-0.830561
0.990112
-0.647206
-0.184362
0.808771
-0.223487
-0.107456
-0.665639
0.501205
0.242286
0.779473
-0.336772
-0.506088
0.364910
-0.719474
0.662954
-0.896237
-0.221656
0.047517
0.176611
0.450728
-0.865658
0.997925
0.789300
-0.848506
0.045625
0.876095
0.594714
0.293863
0.207617
-0.016938
-0.911740
0.818964
-0.334513
-0.535875
0.851375
0.451277
-0.988342
-0.887631
0.208960
0.919736
0.913266
-0.662648
-0.470870
0.786737
-0.137913
0.431501
-0.908383
0.845698
-0.134739
0.510117
0.245705
0.141575
0.279153
0.497848
0.223121
0.431257
-0.581713
-0.372112
0.514695
0.389691
-0.653859
-0.259255
-0.807306
0.197180
-0.014924
0.611438
-0.674184
0.656667
-0.011628
0.123936
0.653188
0.607410
-0.646474
-0.757317
-0.596057
-0.962889
-0.929075
0.029878
-0.488266
0.657155
0.606128
0.390057
0.150731
-0.933409
0.406049
0.294656
0.366558
0.044160
-0.994018
-0.435041
0.249550
0.927427
0.647206
0.655995
-0.547472
0.434492
-0.459090
0.109714
-0.226234
0.644215
0.972106
0.371746
0.808649
-0.221351
-0.863887
0.576830
0.840938
0.390973
-0.290994
0.017975
-0.027558
-0.139866
-0.816340
-0.938719
0.855281
0.779290
-0.313272
0.754692
0.118931
0.749382
-0.718741
0.236732
-0.680349
-0.536668
0.150853
-0.191259
-0.814631
-0.928159
-0.704215
-0.984802
-0.470687
-0.429060
-0.531541
-0.132603
0.268654
-0.101413
0.220618
-0.677908
0.271706
0.606067
0.985839
0.737968
-0.761467
-0.779290
-0.859737
-0.449751
0.923460
0.413434
-0.818659
0.437727
0.395062
-0.513840
-0.238929
0.996216
0.371258
0.650990
0.568957
-0.455061
-0.356914
0.968566
0.397870
-0.259438
0.243629
0.777703
-0.540391
0.931700
-0.834773
-0.815424
-0.897458
-0.510544
-0.563036
0.170690
-0.390667
0.170629
0.670888
-0.487716
-0.550707
0.499924
0.048189
0.824824
-0.088961
-0.083468
-0.057039
0.348308
-0.409833
-0.909604
0.960997
0.533128
0.546068
0.400128
0.701956
-0.035249
-0.887753
-0.506027
-0.231849
0.669424
-0.199194
-0.512375
0.299112
-0.993103
-0.040315
0.397626
-0.088168
-0.918088
-0.120701
-0.898068
0.911557
-0.163121
0.326823
0.173009
-0.093112
-0.402142
0.046358
0.344157
0.414411
-0.624561
-0.199499
-0.037141
0.981384
-0.882260
-0.569140
0.060335
-0.865474
0.890439
0.250710
0.543870
0.006623
0.204138
-0.325541
0.464400
0.828608
0.059542
0.447981
-0.313456
-0.540208
0.403729
-0.364360
0.510544
-0.134861
-0.227332
0.672414
0.268410
-0.794366
-0.642018
-0.404157
0.322611
-0.091769
-0.902890
-0.341350
-0.620655
0.315043
-0.387799
-0.879513
-0.420392
0.650197
0.489547
0.088534
0.848994
0.947874
0.116062
0.717338
0.823725
0.008393
-0.153478
-0.549608
-0.568346
0.787225
0.433515
-0.917295
-0.795038
0.672475
-0.820429
0.028352
0.611316
0.621998
-0.862545
-0.913755
0.492904
0.313822
0.933470
0.871212
-0.921690
0.177404
0.113315
0.100864
0.164769
-0.845943
-0.986633
-0.499130
0.749443
0.704764
0.058687
-0.775384
-0.680837
0.263222
0.514023
-0.608448
-0.762200
-0.594165
0.585803
-0.987548
0.838618
0.421796
0.046663
-0.426984
-0.300272
0.160314
-0.369671
0.985046
-0.066561
-0.482772
-0.627308
0.155126
-0.409223
0.615162
0.803522
0.316324
-0.058077
-0.351054
0.275430
-0.988464
-0.133091
0.802484
-0.424848
-0.908872
-0.471847
0.807550
-0.988891
0.784600
-0.145482
-0.111667
-0.663991
-0.338420
-0.979980
0.244545
0.492477
0.219581
-0.033357
-0.625111
-0.209998
0.532945
0.280862
-0.297647
0.673574
-0.452986
0.894833
0.555467
-0.881222
0.962767
0.649831
0.817621
-0.270669
-0.617359
-0.124424
0.013886
0.137364
-0.649464
-0.829707
0.110263
-0.287271
0.423933
0.398968
-0.466414
-0.236610
0.258889
-0.283547
0.769829
0.228187
0.305704
0.048616
-0.633290
0.927793
0.105319
-0.686331
0.171300
-0.284829
-0.418317
-0.754997
-0.288614
0.865963
0.913999
0.877194
-0.384075
-0.698294
-0.445601
-0.012665
-0.162938
-0.754265
0.601672
0.665822
0.534715
0.310099
0.273049
-0.211951
-0.252907
0.294351
0.319010
-0.401959
0.505417
0.384503
0.857784
0.699087
0.392865
0.501999
-0.399396
0.328104
0.630543
-0.999390
-0.268044
0.418256
0.539109
0.550401
0.042451
-0.047151
0.903623
0.134434
0.014191
0.624561
0.762993
-0.370708
-0.820124
-0.303568
-0.220130
0.365398
-0.835810
-0.564989
-0.764092
0.562853
-0.354289
-0.816523
0.690298
0.432478
0.641102
0.934935
-0.358135
0.252419
-0.040864
-0.701041
0.722953
-0.271035
0.869259
0.778436
0.991455
-0.479659
0.777459
-0.277444
0.457625
-0.369610
-0.547105
-0.460982
-0.516587
-0.244484
-0.149022
0.603687
-0.673147
-0.309244
0.950255
-0.659902
-0.751274
-0.707694
-0.999878
-0.840938
-0.713981
-0.619556
-0.804498
0.622913
0.046602
-0.618213
-0.356059
0.288736
-0.607166
0.128941
-0.626820
-0.593188
0.441389
0.327006
0.022553
0.343669
0.865169
-0.535813
-0.445357
-0.731437
-0.057405
-0.714225
0.715934
-0.772088
-0.542405
0.298624
-0.182348
0.429365
0.884457
-0.361492
0.541307
0.069857
-0.961547
-0.301737
-0.760613
0.948241
0.867489
0.328288
0.746818
0.458541
-0.081210
-0.775750
-0.787713
0.748955
0.797174
0.598193
-0.529099
-0.572741
-0.471541
-0.376263
-0.662343
0.407392
0.037690
0.711783
0.761223
-0.805536
0.158605
-0.922971
-0.982360
0.006806
0.609180
0.386883
0.538865
0.121555
0.967772
0.386761
-0.393536
-0.189428
0.834956
0.700797
-0.705985
0.024751
0.682058
-0.323344
0.019623
0.501694
-0.516343
0.892331
-0.074129
-0.627491
-0.519578
-0.459639
0.338420
-0.292520
0.428144
0.876705
0.269875
-0.999145
0.837031
-0.963561
0.518479
-0.325236
0.928953
-0.422834
-0.023408
-0.469588
-0.360637
0.535386
-0.065218
-0.119480
0.697012
0.976623
0.550035
0.193701
-0.180212
-0.014801
-0.945799
0.542528
-0.919492
-0.116489
0.331523
-0.199194
0.774895
-0.973388
-0.793817
0.513108
-0.017731
-0.425825
0.373272
0.675405
0.717948
0.189489
-0.286172
-0.058809
-0.863216
-0.684317
-0.488266
-0.104160
-0.414838
-0.904416
0.777703
-0.971557
-0.269997
-0.961913
-0.113437
-0.352580
0.043916
0.578295
-0.411847
-0.410627
0.210974
-0.333293
-0.542589
0.103732
0.453291
-0.319315
-0.200903
0.094638
0.869503
-0.882931
-0.604175
0.344584
-0.342814
0.393231
-0.240211
0.110569
-0.230079
-0.940977
0.694632
-0.611377
0.005951
0.320597
0.566088
0.455306
-0.246742
0.896664
-0.752800
0.780816
0.145299
-0.723502
-0.191687
-0.089206
-0.758904
-0.878353
-0.435408
0.606677
0.416608
-0.277627
0.543870
0.522080
0.807184
-0.078829
0.037507
0.138462
-0.249245
0.475692
-0.656362
-0.155797
-0.823176
0.345317
-0.784845
0.827387
0.483932
-0.986633
0.449751
-0.571703
0.953917
-0.749504
-0.284951
-0.282327
0.543138
0.157079
0.791681
0.260964
0.533616
0.009613
0.142369
0.656117
-0.251198
0.888058
0.461837
0.236061
-0.357280
-0.951292
-0.589404
-0.075533
0.978271
-0.754204
0.929746
0.211585
0.567858
0.609668
-0.377789
0.052828
0.806391
-0.072726
0.662038
-0.582018
0.429792
-0.537156
-0.254738
0.750420
-0.997497
-0.276833
-0.448164
0.438032
0.130284
0.060945
-0.081576
-0.129185
-0.591968
0.509568
0.934507
0.766289
0.688589
0.096713
0.396893
-0.821589
0.968200
-0.324259
0.793878
0.599414
-0.050203
-0.773064
-0.185400
0.114353
-0.005463
0.782891
0.797723
0.887265
0.869991
-0.482406
-0.326212
0.457198
-0.967650
-0.259133
0.675832
0.637196
0.199683
0.287454
0.350200
0.100192
0.744865
0.626087
-0.063448
0.428449
-0.051241
-0.320353
0.895199
0.958922
0.699087
-0.526414
-0.691580
-0.137242
0.650441
0.347880
-0.108860
0.570849
0.649037
-0.939024
0.801508
0.509568
-0.459517
-0.852229
0.817499
-0.705496
-0.433699
0.977050
0.478744
-0.935545
-0.903684
-0.577929
-0.785821
-0.819514
-0.371319
0.875057
-0.349162
0.397565
-0.138890
-0.581347
0.254494
0.362896
-0.061434
0.296915
-0.425398
-0.311502
0.721671
-0.385540
0.100375
-0.842341
0.791986
-0.875179
0.710196
0.353130
0.589831
0.468490
-0.081088
-0.905576
-0.546495
0.624500
-0.569811
-0.065828
-0.647023
-0.422590
-0.659658
0.513779
-0.942564
0.164281
0.806879
0.929685
-0.438643
-0.167089
-0.587756
-0.924131
0.349590
0.029633
-0.622181
0.993225
0.100558
-0.915281
-0.103793
0.117283
0.676382
-0.372967
-0.140538
0.155858
0.630360
0.956236
0.077914
0.946837
-0.681509
-0.160619
-0.561510
-0.457869
0.129734
-0.037263
0.098483
-0.497848
-0.677114
-0.788568
-0.579394
-0.234718
0.416852
-0.320231
-0.173803
0.926572
-0.121067
0.127476
0.321940
-0.632740
-0.526048
-0.644398
0.936338
-0.644948
0.521531
-0.386029
-0.604114
0.752495
-0.450056
0.972411
0.514573
0.433638
-0.559557
0.792535
0.064547
0.440901
0.591601
-0.269814
0.992553
-0.652272
0.420515
-0.391705
0.103305
0.607166
-0.019684
-0.443953
0.210364
-0.769097
-0.626942
-0.117832
-0.457198
-0.369549
-0.664968
0.706473
-0.204077
-0.457503
-0.718680
0.226600
0.272744
-0.891964
0.288247
0.639698
-0.684256
0.744926
0.153844
-0.230262
-0.229469
-0.816706
0.711417
0.363201
-0.893918
0.083651
0.214576
0.862850
0.286538
0.125156
-0.046541
0.508347
0.590075
-0.320109
0.823054
-0.575793
-0.175207
0.029084
0.935484
0.458480
0.534959
0.023469
-0.380352
0.497848
-0.785821
0.632130
-0.829951
0.547472
0.658132
0.891964
0.447615
-0.828974
-0.677297
0.042268
0.051973
0.870174
-0.161718
0.273843
0.182897
-0.773492
-0.374248
-0.114719
-0.421125
0.718619
0.561632
-0.961852
-0.869198
0.172887
-0.529283
0.145604
0.263710
-0.793817
0.213660
-0.314493
0.976562
0.726493
0.132298
0.133274
-0.813654
-0.469588
-0.336161
0.960021
-0.452071
0.464156
0.185095
0.067843
-0.917051
0.834468
-0.301737
0.589953
0.049471
0.693350
-0.341350
0.382366
-0.626698
0.224952
-0.591052
0.260292
-0.822138
0.007660
0.173254
0.788018
-0.488632
-0.191076
0.663747
0.668935
-0.715262
0.295022
-0.803522
0.875423
0.755730
-0.273110
-0.961730
0.567614
-0.639698
0.641896
-0.526414
-0.005463
-0.762383
-0.186804
0.818842
0.578478
-0.553514
-0.920774
-0.433454
0.822687
-0.769341
0.218055
0.533616
-0.940367
0.250526
-0.772027
0.421308
-0.129124
0.973205
0.105869
0.982482
0.631336
0.440291
-0.198889
-0.425031
0.846187
0.713981
0.931944
-0.686697
-0.667348
0.771111
0.344035
0.477462
-0.604907
0.144993
-0.933226
-0.803766
-0.538011
-0.597888
0.502548
-0.455428
0.344768
-0.141697
0.993042
0.915708
0.175512
-0.371746
0.933897
-0.673208
-0.771538
-0.402020
0.670278
-0.797357
0.686209
-0.512558
0.782159
-0.014679
-0.812738
0.078097
-0.718986
-0.839167
-0.804682
0.235084
0.809992
-0.885922
-0.077120
-0.337687
-0.417463
-0.026704
-0.836970
0.202246
-0.622852
0.489059
-0.724418
0.774346
-0.054842
0.567492
0.482162
-0.822260
-0.870052
-0.658498
0.456648
-0.271706
0.856075
-0.504501
0.545274
0.933226
-0.986328
0.508530
-0.316080
0.110569
-0.609424
-0.648732
-0.953673
0.567248
-0.968993
0.733573
0.499924
0.382550
0.343242
-0.707999
0.312296
0.604419
0.916440
0.693167
-0.295022
0.436018
-0.035615
-0.929624
-0.657460
0.706290
-0.293252
-0.809137
-0.347758
0.958983
0.837153
0.512253
0.923154
0.734672
-0.023347
0.196387
-0.466353
-0.957701
0.984252
-0.849239
-0.986511
0.499374
-0.775384
-0.323527
-0.827387
-0.643544
0.411603
-0.544725
0.982482
0.328654
0.699149
0.444502
0.516892
-0.475570
0.114902
0.275246
0.773980
-0.949522
0.774895
-0.996948
-0.799921
-0.029084
-0.550279
0.475021
0.298807
0.229408
-0.618824
0.441877
0.654897
-0.414350
0.689077
0.084811
-0.495468
0.462264
-0.664052
-0.845637
0.077242
0.967833
0.632923
0.052522
-0.396588
0.843135
-0.307840
-0.585986
-0.095737
0.739189
0.007416
-0.683096
0.605457
-0.981628
0.284219
-0.028901
-0.623402
-0.665944
0.172094
-0.147008
-0.155492
0.892819
-0.539842
0.284219
-0.382977
0.481918
-0.321818
-0.970824
-0.796381
0.888607
-0.705374
-0.861873
0.532823
0.412702
-0.080966
-0.104404
0.232521
-0.901730
-0.753044
-0.553636
0.607166
-0.966124
0.631031
0.414899
-0.615528
0.072115
0.698782
-0.930357
-0.847407
-0.894711
-0.945555
-0.965148
-0.251503
0.561205
0.962157
0.807550
0.631825
-0.531114
-0.239357
-0.882809
-0.403851
-0.072909
-0.267067
-0.132908
0.314615
0.311014
-0.543565
0.650868
-0.668691
-0.321146
0.503342
-0.897946
0.813837
0.796442
-0.924558
-0.774041
0.739677
0.461043
-0.330241
-0.110630
-0.112156
-0.296487
0.418134
0.395062
-0.176061
-0.853267
-0.459395
-0.588672
-0.614368
0.762017
-0.842341
-0.739799
-0.810236
0.113681
-0.370586
-0.747917
-0.193762
-0.474776
0.269509
-0.671316
0.253151
0.485275
-0.715629
-0.593188
0.249916
0.020478
-0.624439
0.500656
0.362163
0.053377
-0.136082
-0.948363
-0.203467
0.296609
0.461531
0.843623
-0.229957
-0.436323
0.806452
-0.470687
-0.452010
-0.352641
-0.552355
0.962584
0.314432
-0.986084
-0.558947
-0.083590
-0.676443
0.125278
0.644215
0.148106
-0.898618
0.350688
-0.589587
-0.416486
-0.792840
0.603626
-0.945128
-0.886654
-0.372295
-0.152440
-0.198889
0.597156
-0.491562
0.018708
0.160192
0.598560
0.762627
-0.353679
-0.649953
0.628346
0.817682
0.627857
0.431745
-0.166845
0.514939
0.575915
-0.260659
0.632923
-0.622730
-0.613758
-0.890744
0.029328
0.085177
-0.445784
-0.685049
0.110630
0.748405
-0.013031
-0.673391
0.859615
-0.918027
-0.239601
0.179968
0.422712
0.888180
-0.150182
0.065401
-0.507981
-0.520249
-0.631703
-0.715995
0.835505
0.409650
-0.524644
-0.385784
-0.409040
0.157018
-0.586657
0.005402
0.022858
-0.622181
-0.340495
0.926511
-0.628773
-0.495041
0.675771
0.129856
-0.923765
0.428266
-0.392743
-0.983276
0.068575
-0.294168
0.093905
-0.194555
-0.966674
0.618702
-0.411359
-0.590991
-0.331217
-0.389264
-0.280923
0.899777
0.414533
0.601489
-0.151830
-0.575732
-0.576769
0.418439
-0.093417
-0.244911
-0.286966
0.631581
0.666372
-0.087130
-0.061251
0.935728
-0.408368
-0.498398
0.094089
0.670644
0.379620
0.494552
0.624317
-0.331278
0.753471
-0.666189
0.998047
0.500107
-0.764824
-0.357097
-0.532029
0.788446
0.292337
0.853267
0.984191
-0.813410
-0.152074
0.572680
-0.073824
-0.377422
-0.905637
-0.153111
0.844844
-0.533250
-0.132115
0.863094
-0.466720
-0.305582
0.995117
-0.244240
0.568529
0.411908
0.634083
-0.101962
-0.245949
-0.921323
-0.104648
0.580554
0.518967
0.045320
0.112583
0.213233
-0.774773
0.111667
-0.910337
-0.058626
-0.761956
-0.189795
-0.261391
0.548265
-0.956297
0.509812
-0.835749
0.852901
-0.925596
0.637745
0.791009
-0.710685
-0.387127
0.547960
0.398602
0.655934
-0.370159
0.382733
0.719047
-0.324015
0.638295
-0.230934
-0.619434
-0.503708
-0.716727
0.109470
0.939695
-0.443525
-0.644276
-0.840571
-0.979308
0.919065
0.191504
-0.880673
0.750969
-0.269021
-0.493515
0.248939
0.496506
0.105625
-0.211646
-0.742668
0.722526
0.463485
0.967406
0.624989
-0.161657
-0.755547
-0.329325
-0.242103
-0.469588
-0.751396
-0.503037
-0.594104
0.096530
0.779351
-0.821833
0.047517
0.030671
0.457869
0.478561
0.449812
0.416425
0.619312
-0.776849
0.468551
-0.623951
0.743828
-0.410077
-0.493149
-0.157689
-0.487838
-0.532823
0.189856
0.044954
-0.188940
-0.984497
-0.004975
0.969237
0.346294
0.320597
-0.113559
-0.291604
-0.130955
0.880001
0.501328
0.862606
-0.068331
-0.379925
-0.467635
0.441145
0.957030
-0.224403
0.765557
-0.831538
-0.059542
0.037446
0.789972
0.824702
0.126499
-0.949950
0.770196
-0.351543
0.983337
-0.253883
0.834468
-0.905820
0.650563
0.153539
0.329264
-0.229286
0.682852
-0.531602
0.761773
0.339396
-0.910459
0.685171
0.583300
0.644642
0.848140
-0.577685
-0.007965
0.593188
-0.935240
-0.832698
-0.669790
0.602832
-0.067110
0.549730
0.516770
0.147008
0.698416
-0.961241
0.697501
0.247902
-0.897336
0.037446
0.764580
-0.092502
-0.718070
-0.176733
0.081027
0.708792
-0.902707
0.930662
0.790826
-0.545030
0.411664
0.266274
0.051607
0.229041
0.871029
-0.318583
-0.569201
-0.729118
-0.898679
-0.629322
-0.307047
-0.919431
-0.865963
0.598132
0.337382
-0.076632
-0.471358
-0.867122
-0.224647
0.655324
-0.672231
0.007843
-0.388165
-0.012421
-0.943785
0.415021
0.728874
0.171728
0.004120
-0.695120
0.296243
0.838984
0.049165
0.835505
-0.968993
-0.692557
-0.428083
-0.647450
0.282388
0.023041
-0.526109
-0.254494
0.856563
-0.254250
0.775018
0.733207
0.272744
0.562853
0.819880
-0.434065
-0.109226
0.312357
0.597095
0.914365
0.371197
-0.597339
0.317850
-0.672231
-0.009857
0.701163
-0.361919
-0.707633
-0.417341
0.789117
0.008026
-0.192602
0.752495
0.812189
-0.581652
-0.166540
-0.374615
0.341716
0.292764
-0.674123
0.740410
0.452132
0.528245
-0.350505
0.604236
-0.186987
-0.001556
0.620594
0.269265
-0.378338
-0.526902
0.056368
0.085299
-0.422895
0.210242
0.502853
0.810663
0.833369
-0.353191
-0.221656
0.258889
-0.257729
0.291971
-0.977905
0.345805
0.755486
0.163366
-0.687857
-0.372417
-0.872677
-0.656911
-0.609668
-0.978088
-0.168126
0.341899
-0.182104
-0.048006
-0.765130
-0.091403
-0.971679
0.044893
-0.592090
