-0.124790
0.802484
-0.314920
-0.476791
-0.008026
0.952269
0.057833
-0.900693
0.669912
-0.634205
-0.686880
0.851924
0.045808
-0.398175
0.570849
-0.743034
-0.381756
0.319864
-0.558519
-0.188330
0.126682
0.249001
-0.023225
-0.499313
-0.587268
0.944456
-0.726554
-0.473556
0.282571
-0.031220
0.259377
0.220008
-0.376995
0.389386
-0.679312
-0.050935
0.720206
-0.221351
-0.933348
-0.418683
-0.677297
-0.910459
0.061312
-0.769707
0.356731
0.202002
-0.571398
0.961852
0.204871
0.583178
0.943968
0.128330
-0.921018
0.920408
0.292703
-0.178991
-0.094638
-0.004975
0.502915
0.210913
0.855708
0.810236
0.981506
0.399518
-0.445112
-0.702689
0.993774
0.685842
-0.567736
0.746696
-0.028596
0.592822
-0.549730
0.507675
-0.420698
-0.420209
0.601550
-0.171178
0.352641
0.053804
0.140172
-0.884579
-0.733451
0.520554
0.426252
0.153172
-0.422956
0.740837
0.429121
-0.787713
-0.182409
-0.626148
-0.236976
0.924009
0.157079
0.673574
-0.077548
0.751762
-0.996643
-0.619312
-0.598560
-0.064913
-0.900632
-0.303873
-0.008148
-0.765252
0.485702
0.872005
0.331156
0.298196
-0.068209
-0.602222
0.122410
0.830073
0.855708
-0.529221
-0.222022
0.694510
-0.269570
-0.995056
0.482406
-0.830439
0.989380
0.314249
-0.050691
0.984558
-0.172582
-0.312296
0.915891
0.245399
-0.937925
-0.492904
0.358806
0.680654
0.194189
0.590442
0.512803
-0.913694
0.340617
-0.354106
-0.065950
0.973632
-0.374493
0.827143
0.975524
-0.334941
-0.380047
0.745170
-0.144261
-0.608264
-0.451399
0.812922
0.905454
-0.076022
-0.161229
0.324503
0.512131
0.956603
0.318644
0.903439
-0.094882
0.408368
-0.377361
0.461715
-0.734184
0.921201
0.812555
0.743400
-0.571093
0.531968
0.273476
-0.672781
0.939085
-0.768975
0.391461
-0.892026
0.640431
0.478927
0.283853
0.446394
0.493088
0.007111
-0.277627
-0.071688
-0.935606
-0.704764
-0.286721
-0.332255
0.121677
0.277139
-0.868587
-0.857295
0.980163
0.949767
-0.790582
-0.947752
0.174963
0.552599
-0.568285
-0.015473
-0.210242
-0.174657
0.153172
-0.358745
0.684194
-0.556810
-0.088290
0.209021
-0.815790
0.393170
0.054964
-0.322428
-0.419965
0.992737
0.747490
-0.547777
0.144932
0.992248
0.879818
-0.156529
-0.499313
-0.199072
0.205237
0.163488
0.973998
0.525620
-0.587329
-0.239113
-0.834712
-0.947264
0.070650
-0.779473
-0.002899
-0.905087
-0.014985
-0.048311
0.448164
-0.140538
0.597949
0.844600
-0.065279
-0.878964
-0.901303
0.472030
0.903989
-0.973693
0.840144
0.754204
0.568163
-0.036164
-0.370647
-0.470321
-0.113804
-0.323954
-0.750725
-0.986206
-0.379681
-0.270608
-0.791559
-0.028230
0.544603
0.647633
0.399091
-0.457259
0.601550
0.541917
-0.045137
-0.872188
0.803522
0.095065
0.383282
0.900143
-0.709769
-0.739494
0.222694
-0.968322
0.299966
-0.147313
0.617359
0.546922
-0.117466
-0.966552
0.369915
-0.495102
0.389508
-0.706961
-0.226539
0.391705
-0.116245
0.889279
0.517502
0.180090
0.200720
0.079379
0.600513
-0.739067
-0.033296
0.801996
0.541307
0.598132
0.546922
0.850520
-0.018281
-0.860958
0.744621
0.026704
-0.832087
-0.880612
-0.201575
0.752739
0.184484
0.627308
-0.906796
0.662282
-0.324992
0.357524
0.627430
0.027192
-0.096408
0.538133
-0.373760
-0.323283
-0.983947
-0.513169
0.737785
-0.534532
-0.357707
-0.818232
-0.467269
0.991394
-0.810297
-0.975341
-0.129124
0.443587
-0.973144
0.697745
-0.909055
-0.864376
0.802728
-0.431562
0.120518
-0.623280
0.633595
0.222327
-0.730155
-0.044465
-0.975219
0.899472
0.814081
0.129917
-0.828974
-0.917051
0.387005
-0.764885
0.890133
0.552171
0.571520
0.859432
-0.130528
0.878048
0.327494
-0.193030
0.592639
0.668325
-0.174474
-0.799799
-0.683950
-0.660451
-0.311197
-0.529527
-0.795953
-0.622303
-0.271950
-0.004791
0.068331
-0.945006
-0.919919
0.206519
0.429731
0.415937
0.135899
0.229591
-0.845332
-0.766472
-0.686758
0.228675
-0.496078
0.001740
0.190710
-0.364422
0.876461
-0.759087
-0.466109
-0.759697
-0.805231
0.407880
0.661550
-0.445296
-0.894223
-0.880184
-0.231788
-0.735771
0.306925
0.975219
0.626576
-0.311075
-0.235328
-0.087008
0.526170
0.066622
0.577258
0.950438
0.631703
-0.481491
-0.125828
0.897275
-0.413495
-0.282510
-0.103671
-0.947142
0.889462
0.733512
0.160375
-0.368572
-0.737602
-0.499985
0.469039
0.612415
-0.069491
0.955687
-0.655568
0.644154
-0.148412
0.167089
0.872311
0.288430
-0.738639
-0.780755
0.424055
0.506149
-0.636891
-0.708975
0.173254
0.562853
0.597888
-0.573229
0.184240
0.179479
0.720817
0.322733
0.103305
0.021760
-0.388287
-0.265725
0.689016
-0.539781
-0.968688
-0.183081
-0.904843
-0.805780
0.401166
-0.159276
0.742912
0.647633
0.952696
0.032014
0.627735
-0.595752
0.212134
0.117161
0.921079
-0.966430
0.162816
-0.300333
0.244545
0.465438
0.842463
0.661550
-0.351482
0.305338
-0.758232
0.910581
0.410871
0.859004
0.855159
-0.199927
-0.045930
-0.947996
-0.177770
0.758599
-0.256325
-0.586962
-0.284463
-0.778253
0.821100
-0.806269
-0.704703
0.069796
-0.813349
-0.165319
-0.118442
-0.671926
0.594165
0.647633
0.153478
0.830378
-0.143651
0.746330
0.756462
0.740837
-0.935667
-0.973449
-0.757683
-0.378704
0.569445
-0.622120
-0.765374
0.032258
0.498154
0.379376
-0.516648
-0.632191
-0.223670
-0.565844
-0.561205
0.690237
0.624439
-0.516037
0.999878
-0.850032
-0.626698
0.221229
0.862117
0.820307
-0.842463
0.589526
-0.207495
0.954588
-0.557787
0.691092
0.355754
-0.861812
-0.616932
0.420820
0.154759
-0.159032
0.151463
-0.060518
0.045686
0.281045
-0.558580
-0.294290
-0.746025
0.583483
-0.874142
0.366375
-0.193884
-0.355571
0.869503
0.624073
-0.589831
0.942259
-0.844234
0.797479
0.119175
-0.374432
-0.242347
-0.484970
-0.377789
-0.607959
-0.398907
-0.764397
-0.220923
0.788751
-0.580859
0.268654
0.338908
0.992553
0.513291
-0.580432
0.937498
-0.585864
-0.225135
0.154881
0.103244
0.113742
-0.835749
-0.869503
-0.222633
0.281594
0.843928
-0.420392
-0.641835
-0.731132
0.943236
0.940428
0.507309
-0.615772
0.060030
-0.007660
0.588610
-0.630238
0.487594
-0.202551
-0.766717
0.663076
0.232948
-0.938047
0.298196
-0.382855
-0.746208
-0.881100
-0.849666
0.397565
-0.082980
-0.930784
-0.016938
-0.637867
0.447432
-0.195227
-0.882015
0.778619
-0.324747
-0.165807
0.123753
-0.661855
0.830439
-0.233070
-0.356975
0.573840
0.164953
-0.073702
-0.477340
-0.437300
0.515427
-0.721183
0.572192
-0.779595
0.479720
-0.620167
-0.074496
-0.754692
0.192724
0.559618
-0.551988
0.630238
-0.006745
-0.992920
0.250160
0.606433
-0.942686
0.154820
0.240577
-0.665761
-0.533921
-0.129246
0.129612
-0.006561
0.882565
-0.859859
-0.642750
-0.499313
0.970153
-0.969115
-0.362163
-0.350078
-0.423566
0.806757
0.965880
-0.858516
0.675832
-0.196509
-0.272988
-0.271096
0.046663
-0.292825
0.227088
-0.078646
-0.245766
0.527207
0.827387
-0.989257
0.531602
-0.037080
0.060213
0.577746
-0.493027
-0.120579
-0.552904
-0.568896
-0.275613
-0.576769
0.612903
-0.147008
-0.991394
-0.619495
-0.662343
-0.004120
-0.907834
-0.225318
0.047639
-0.671743
0.697623
-0.706595
-0.082369
0.964049
0.507004
-0.979980
0.401654
-0.906674
-0.393902
-0.860347
0.745476
-0.179235
0.552782
-0.886959
-0.137059
-0.940611
0.695608
-0.379376
0.725150
0.262856
-0.657460
-0.042268
-0.083834
0.066439
0.617786
-0.615162
-0.251991
-0.134434
-0.749748
0.201514
0.783441
0.118137
0.615650
-0.693411
-0.721549
0.812555
0.083590
-0.820795
-0.521592
0.770989
0.181005
-0.680044
-0.007782
-0.924131
-0.300394
-0.596545
-0.846919
0.683645
0.479965
-0.390057
0.780267
-0.815729
0.259011
-0.491745
0.763176
-0.322184
-0.444075
0.591784
-0.430342
0.931883
0.478195
0.977111
0.425459
-0.273232
0.196570
0.785699
0.341899
0.368999
-0.109165
-0.110508
0.636525
-0.789361
-0.040681
0.532334
0.815607
-0.665578
0.476547
-0.602161
-0.834529
-0.360759
-0.306314
-0.159581
-0.628285
0.684622
-0.574206
0.925901
0.628346
-0.999573
-0.022370
-0.384503
-0.530198
-0.299783
0.719901
-0.277749
0.916196
0.541124
0.295145
-0.799677
-0.524644
-0.919187
-0.135105
-0.609607
-0.188879
-0.211219
-0.084262
0.407697
0.951415
0.714103
0.432844
0.501877
0.372234
-0.217566
-0.040010
-0.697806
0.570605
0.185278
0.420270
0.161351
0.456893
0.123875
0.326334
-0.994934
0.008148
0.861812
0.076388
0.641896
0.617847
0.546556
-0.843074
0.924497
-0.672170
-0.585437
0.249245
0.432234
-0.096530
-0.435591
-0.113315
-0.027741
-0.002106
0.837031
-0.031953
-0.385968
0.048555
-0.384808
0.042940
0.285440
0.563707
-0.618397
0.085482
-0.509568
-0.754082
-0.824824
0.827937
-0.126804
-0.164159
-0.731803
-0.527085
-0.985168
0.111850
-0.634388
0.201270
0.289102
0.527818
0.078463
0.950438
-0.154637
-0.589282
-0.010834
0.322672
-0.494430
0.480270
-0.602710
0.426984
-0.544786
0.867122
0.342326
-0.501267
-0.530808
-0.231300
-0.201575
-0.274697
0.573656
0.403058
-0.818293
0.257485
0.318339
-0.473312
0.286294
-0.261757
-0.871639
-0.511643
-0.862728
0.994690
0.401288
0.474166
0.184790
-0.183935
-0.578784
0.228370
0.010712
-0.686392
0.369304
-0.034700
-0.302225
-0.549120
-0.109287
0.457869
0.231300
-0.096042
0.951170
-0.940855
-0.778497
-0.028291
0.903317
0.804498
0.294290
-0.828181
-0.353923
0.424421
0.117527
0.109653
0.020295
0.129002
0.029389
-0.252907
-0.647206
-0.313822
-0.703787
-0.879452
0.379254
0.968871
-0.045076
-0.714103
-0.986633
-0.364910
0.641102
0.002655
0.985107
0.659963
0.857173
-0.725883
-0.255898
0.900571
0.628895
0.177404
0.422346
0.490768
-0.229347
0.390423
-0.301126
-0.947569
-0.930662
0.217689
0.384991
-0.528916
-0.608631
0.046297
0.425153
-0.825922
-0.580065
0.308023
0.728385
-0.835627
-0.090304
0.732963
-0.869320
-0.335490
-0.594165
0.816034
-0.582751
-0.238441
0.567980
-0.150731
0.197363
0.225745
0.368328
-0.140721
0.433576
0.320231
-0.765740
0.156713
-0.584155
-0.913938
-0.243812
0.997925
0.535386
-0.715201
0.823542
0.412397
0.129307
-0.552599
0.023591
-0.428327
-0.429487
0.208533
0.857356
0.611621
-0.276589
0.234107
0.239662
0.808893
-0.557787
-0.288553
0.743461
-0.435102
0.673879
-0.590869
-0.869625
-0.694876
0.001251
-0.099338
-0.842036
-0.555773
-0.943724
-0.723258
0.951598
-0.896176
0.798334
0.461898
0.434553
-0.966491
-0.545946
-0.250038
-0.141087
0.403974
-0.112644
-0.205115
-0.136937
-0.170324
-0.165746
0.375469
-0.598193
-0.304483
0.994079
0.618213
-0.809381
0.372539
0.892392
-0.894345
-0.328227
-0.811823
-0.549059
-0.479781
-0.403790
-0.822993
-0.289712
-0.539964
-0.658437
0.831782
-0.114292
0.369854
-0.955321
0.773309
-0.432295
-0.269509
0.363872
0.451399
-0.428999
0.302896
0.603626
-0.914243
-0.297769
-0.876705
0.154393
-0.542283
-0.511887
0.405805
0.243141
0.908811
-0.070650
-0.229774
-0.053743
0.787774
-0.066073
-0.353984
-0.199805
0.904782
-0.910092
0.723685
-0.454268
-0.521531
-0.667470
0.852168
0.057649
0.015534
0.582446
-0.644581
0.879818
-0.461409
0.362651
0.165685
0.125217
0.651296
-0.591968
-0.746818
0.905454
-0.187109
0.407636
-0.238319
-0.465987
0.825556
-0.117893
-0.491989
-0.845576
-0.003021
0.559252
0.623280
0.696402
0.079562
-0.783807
-0.844661
0.600574
0.941649
-0.423811
0.668630
-0.529160
0.937254
0.177953
0.540269
-0.047395
-0.233619
-0.371990
-0.782098
0.887448
-0.070589
-0.684439
0.453902
-0.278726
-0.211707
-0.705985
-0.128330
-0.941771
-0.640553
0.590869
-0.348735
-0.498581
-0.990356
-0.365947
0.347697
-0.787530
0.335429
-0.234901
0.455123
0.960082
-0.790765
-0.421857
0.673208
0.017792
0.668081
-0.502792
-0.844539
0.836726
-0.990356
-0.799127
0.992798
0.414716
0.316568
0.023164
0.963683
-0.612659
0.389569
-0.779962
-0.146702
0.182897
-0.592822
0.283975
0.482833
-0.476302
-0.780267
-0.829035
-0.543809
-0.583911
-0.850459
0.019379
-0.051057
-0.154820
-0.973144
0.402020
-0.823847
0.335307
0.034028
-0.142186
0.432051
0.913877
-0.185522
-0.475387
-0.615406
0.324992
-0.779901
-0.958068
0.008942
0.151402
0.666189
-0.199072
0.563829
-0.295877
0.504074
0.785760
-0.488388
0.742058
-0.679495
-0.731864
-0.422956
-0.227454
0.042329
0.886166
-0.294595
-0.266701
0.005646
0.683096
0.956053
-0.944212
0.439802
-0.071749
0.010407
0.402020
-0.597583
0.307230
-0.646413
0.426130
-0.619922
-0.372967
-0.109226
-0.927793
0.658925
-0.358257
0.566088
-0.599780
-0.956481
0.144200
-0.634205
-0.209693
-0.092929
0.726798
0.550707
-0.475448
0.667104
-0.516099
-0.606616
0.357768
-0.081393
-0.740654
0.240761
-0.231910
-0.458052
0.233375
0.341838
0.979308
-0.426740
0.536180
0.794916
-0.518967
-0.555773
0.415815
0.943968
-0.736076
0.492538
0.855464
-0.580615
0.068697
-0.121738
0.322916
0.645985
-0.798822
-0.727042
-0.244301
0.001801
-0.803095
-0.121006
-0.046480
-0.600085
0.179052
-0.173254
-0.510483
0.502670
0.597034
-0.839351
-0.919370
-0.544664
-0.667959
0.872127
-0.445845
0.370464
0.646168
-0.530259
-0.195044
0.297342
0.321879
-0.780267
0.948057
0.555956
-0.787408
-0.670888
-0.014008
-0.410993
0.126743
0.224952
-0.927732
0.462752
0.458907
-0.510300
0.874508
-0.998108
-0.281533
-0.753471
0.820002
0.993652
0.302530
-0.902524
0.968566
-0.440291
0.680960
0.013947
-0.606738
0.275307
0.770928
0.537156
0.499680
0.034150
0.152684
0.648671
-0.553819
0.344340
0.105564
-0.681875
-0.290872
-0.767876
-0.672658
-0.802728
-0.457320
-0.165441
0.935362
-0.202795
0.378277
-0.301309
0.540208
-0.391522
-0.882626
0.557054
0.827082
-0.682852
-0.561571
-0.634510
0.343364
0.452742
-0.291787
-0.797479
0.503525
-0.887875
-0.444014
0.563097
-0.263588
-0.016633
-0.824152
0.711295
-0.383221
-0.091830
-0.961486
-0.791681
-0.919980
-0.493210
0.930601
-0.485763
0.653798
0.082247
0.364483
-0.997742
-0.350017
0.029206
-0.913022
-0.316507
0.404706
-0.800836
-0.358501
0.167150
0.856014
0.157201
-0.155919
-0.651296
0.520066
0.309977
0.935850
-0.147252
0.104343
-0.381817
0.183508
0.972106
0.174535
-0.721915
-0.886898
0.141392
0.982360
0.377606
0.517136
0.401227
-0.929441
0.162328
-0.738395
-0.897458
0.805658
0.284768
0.288553
-0.027802
-0.753716
0.993835
0.677664
-0.063326
-0.439314
0.394757
0.871761
-0.344646
0.873287
0.881039
0.871029
-0.816034
-0.607837
0.153844
0.663991
0.621265
-0.003082
-0.239235
-0.409406
0.910886
-0.975768
-0.711295
0.163671
-0.572802
-0.601794
-0.491562
-0.440779
-0.756279
-0.604602
-0.020478
-0.612537
0.920774
0.799615
0.931394
-0.881893
-0.128636
0.508835
0.130589
0.098178
0.928465
-0.731681
-0.259621
-0.189123
0.323283
-0.044160
-0.880612
0.272866
-0.731925
0.834223
0.135655
-0.660634
0.228797
0.478683
0.845210
0.009125
-0.272439
-0.109287
0.567248
0.802850
-0.289285
0.126133
0.645558
0.959716
0.516037
0.229652
-0.454817
0.769341
0.297220
0.434675
0.739006
-0.483871
-0.689688
-0.322001
0.214270
-0.662465
0.230201
-0.079928
0.319987
-0.330546
-0.978515
0.826594
0.180090
0.703177
0.274087
-0.734916
0.992309
0.167089
-0.074618
-0.746452
0.262123
0.014435
-0.061068
0.891964
-0.782525
0.651173
-0.224158
0.147984
0.259682
-0.349712
-0.841243
0.195471
0.092502
-0.629444
-0.312723
-0.568163
-0.554430
0.920957
0.821345
-0.700552
0.195349
0.767876
0.082430
0.913450
0.489669
0.874325
-0.804621
0.164708
0.454756
0.062410
0.751946
0.059908
0.051729
0.821650
-0.080477
0.374676
0.486801
0.604724
-0.668813
-0.809687
-0.588977
-0.395795
0.538499
0.809809
-0.207617
-0.398358
-0.784478
0.644948
-0.259499
-0.568041
-0.591601
0.722343
-0.696890
0.637074
-0.799310
-0.960326
0.683706
-0.784906
0.009186
-0.603320
0.386517
-0.897031
-0.423383
0.692190
0.211768
0.301004
-0.801263
-0.059114
-0.960204
0.721976
-0.553697
-0.169836
-0.115085
-0.757927
-0.404828
-0.397198
0.018220
-0.085177
-0.120701
0.663076
-0.882260
0.393658
-0.293313
0.183386
-0.937193
-0.334147
0.706839
0.342143
0.866512
0.904294
0.742119
-0.849422
-0.842280
-0.954039
0.984008
-0.855770
0.117832
-0.124546
0.574938
-0.561205
0.405622
0.568468
0.135899
0.962889
-0.800836
-0.358196
