-0.403546
0.802484
-0.314920
-0.138157
-0.008026
0.952269
-0.836482
-0.900693
0.669912
-0.634205
-0.686880
-0.107273
0.045808
-0.761711
0.570849
-0.743034
-0.381756
0.204627
-0.558519
-0.188330
0.126682
0.249001
0.101413
-0.499313
-0.587268
0.944456
-0.520493
-0.950438
0.282571
0.741874
0.259377
0.220008
-0.376995
0.389386
-0.679312
0.602893
0.720206
0.997192
-0.933348
-0.418683
0.903256
-0.910459
0.061312
-0.769707
0.356731
0.202002
-0.571398
0.961852
0.204871
0.583178
0.943968
0.495346
-0.921018
0.920408
0.292703
-0.178991
0.144749
-0.004975
0.502915
-0.880490
0.855708
0.810236
0.981506
-0.897885
0.106113
-0.702689
0.993774
0.685842
-0.567736
-0.024262
-0.028596
0.592822
-0.549730
0.507675
-0.420698
-0.420209
0.601550
-0.171178
0.352641
0.053804
0.140172
-0.884579
-0.523850
-0.702445
0.426252
-0.969665
-0.422956
-0.185156
0.429121
-0.787713
-0.182409
-0.626148
-0.236976
0.924009
0.157079
0.673574
-0.077548
0.751762
-0.996643
-0.619312
-0.598560
-0.064913
-0.900632
-0.303873
-0.008148
-0.765252
0.485702
0.872005
0.331156
0.298196
-0.068209
-0.602222
0.871883
-0.201392
0.855708
0.508835
-0.222022
0.694510
-0.269570
-0.995056
0.482406
-0.830439
0.989380
0.314249
-0.314920
0.984558
-0.172582
-0.312296
0.915891
0.245399
-0.818720
-0.254006
0.253761
0.680654
0.194189
-0.655751
0.512803
-0.913694
0.340617
-0.354106
-0.065950
0.973632
-0.374493
-0.853450
-0.895199
-0.352458
-0.380047
0.745170
-0.689932
-0.608264
-0.451399
0.812922
0.905454
-0.076022
0.202673
0.324503
0.512131
-0.152745
0.318644
0.903439
-0.094882
0.408368
-0.377361
0.461715
-0.734184
0.921201
-0.001190
0.743400
-0.571093
0.531968
0.273476
0.882321
0.939085
-0.768975
0.391461
-0.892026
0.640431
0.478927
0.283853
0.446394
0.493088
0.007111
-0.277627
-0.071688
-0.935606
-0.431074
-0.286721
-0.332255
0.121677
0.277139
-0.868587
-0.857295
0.980163
0.949767
-0.790582
-0.947752
-0.351299
0.552599
-0.568285
-0.015473
-0.389142
-0.174657
0.153172
-0.358745
0.684194
-0.854915
-0.088290
0.016999
0.425825
-0.208106
0.582812
-0.322428
0.322794
0.992737
0.747490
-0.547777
0.144932
-0.166662
-0.339274
-0.156529
-0.753044
-0.199072
0.205237
0.163488
0.973998
0.525620
0.776605
-0.239113
-0.834712
-0.947264
0.070650
-0.779473
-0.002899
-0.905087
-0.014985
-0.120640
0.448164
-0.140538
0.597949
0.844600
-0.065279
-0.878964
-0.901303
0.472030
0.903989
-0.973693
0.840144
0.754204
0.568163
-0.036164
-0.370647
-0.470321
0.519272
-0.323954
0.426923
0.728324
-0.883847
-0.270608
-0.791559
-0.028230
0.544603
0.647633
0.095187
-0.457259
-0.218909
-0.433393
-0.045137
-0.872188
0.976745
-0.344523
0.383282
0.900143
-0.709769
-0.739494
0.222694
-0.968322
0.299966
-0.147313
0.617359
0.767632
-0.117466
-0.966552
-0.899167
-0.495102
0.352702
-0.706961
-0.226539
0.391705
-0.116245
0.889279
-0.428327
0.191321
0.200720
0.079379
0.588794
-0.687246
-0.033296
0.065889
0.541307
0.598132
0.546922
0.850520
-0.018281
-0.860958
0.744621
0.026704
-0.832087
0.324686
-0.201575
0.752739
0.184484
0.627308
-0.906796
0.662282
0.149998
0.357524
0.627430
0.027192
-0.096408
0.538133
-0.373760
-0.323283
0.873104
0.177282
0.737785
-0.534532
-0.357707
-0.818232
-0.467269
0.991394
-0.810297
-0.975341
-0.129124
0.443587
-0.973144
0.697745
-0.644765
-0.864376
0.802728
-0.431562
0.120518
-0.623280
-0.291665
0.222327
-0.730155
-0.580309
-0.975219
0.899472
0.814081
0.129917
-0.828974
-0.917051
0.387005
0.051546
0.890133
0.552171
0.571520
0.859432
-0.130528
0.878048
0.327494
-0.193030
0.592639
0.668325
0.557970
-0.799799
-0.683950
-0.660451
-0.311197
-0.529527
-0.795953
0.643178
-0.271950
-0.004791
0.039216
-0.945006
-0.919919
0.206519
0.429731
0.415937
0.135899
0.229591
-0.845332
-0.766472
-0.686758
0.228675
-0.496078
0.001740
0.190710
-0.364422
-0.202246
-0.759087
-0.466109
-0.759697
-0.805231
0.407880
0.661550
0.214881
-0.894223
-0.880184
-0.231788
-0.735771
-0.042695
0.975219
0.626576
-0.311075
-0.235328
-0.087008
0.526170
0.066622
0.577258
0.950438
0.631703
-0.481491
0.884152
0.897275
-0.640614
-0.282510
-0.103671
-0.947142
0.889462
0.175329
0.160375
-0.368572
-0.737602
-0.499985
0.469039
-0.224281
-0.069491
0.955687
-0.655568
0.644154
-0.148412
0.167089
0.872311
0.961852
-0.738639
0.120151
0.424055
0.506149
0.950255
-0.425642
0.173254
0.562853
0.597888
-0.573229
0.184240
0.179479
0.720817
0.238929
0.103305
0.021760
-0.388287
0.644032
0.689016
-0.539781
-0.968688
-0.629261
-0.904843
-0.805780
0.401166
-0.159276
0.485153
0.449080
0.604907
0.032014
0.627735
-0.595752
0.212134
0.117161
0.921079
-0.966430
0.162816
-0.300333
0.530931
0.465438
0.842463
0.723441
-0.351482
0.305338
-0.632313
0.910581
0.410871
0.859004
0.855159
-0.199927
-0.045930
-0.947996
-0.177770
0.758599
-0.256325
-0.586962
-0.284463
-0.778253
0.821100
-0.806269
0.350078
0.069796
-0.813349
-0.165319
-0.118442
-0.671926
0.594165
0.647633
0.153478
0.830378
-0.143651
0.746330
0.756462
0.740837
-0.935667
-0.973449
-0.757683
-0.378704
0.475753
-0.950865
-0.778741
0.032258
0.498154
0.379376
-0.516648
-0.632191
-0.223670
-0.849727
-0.561205
0.690237
0.442549
-0.516037
0.999878
-0.850032
-0.626698
0.221229
0.862117
-0.380840
-0.842463
0.589526
-0.207495
0.954588
-0.557787
0.691092
0.355754
-0.861812
-0.616932
0.420820
0.584216
-0.159032
0.133396
-0.564135
-0.861873
0.281045
-0.558580
-0.294290
-0.746025
0.583483
-0.874142
0.360637
0.511521
-0.355571
0.869503
0.624073
-0.589831
0.942259
-0.844234
-0.584948
0.119175
-0.374432
-0.242347
-0.484970
-0.377789
-0.607959
-0.398907
-0.764397
-0.799310
0.788751
-0.580859
0.268654
-0.472457
0.992553
0.513291
-0.580432
0.937498
-0.585864
-0.225135
0.154881
0.103244
0.113742
-0.835749
-0.869503
0.040986
0.281594
0.304117
-0.420392
-0.641835
-0.731132
-0.171911
0.940428
-0.845332
-0.615772
-0.042634
-0.007660
0.588610
-0.630238
-0.673086
-0.202551
-0.766717
0.663076
0.596118
-0.938047
0.298196
-0.382855
0.631397
-0.881100
-0.849666
0.397565
-0.082980
0.875362
-0.016938
-0.637867
0.911924
-0.195227
-0.882015
0.778619
-0.324747
-0.165807
0.123753
-0.661855
0.830439
-0.233070
-0.356975
0.573840
0.164953
-0.073702
-0.477340
-0.437300
0.515427
-0.721183
-0.564135
-0.236671
0.992431
-0.620167
-0.074496
0.657582
0.192724
-0.671987
-0.551988
0.630238
-0.006745
-0.992920
0.250160
0.606433
-0.942686
0.154820
0.240577
-0.554979
-0.533921
-0.129246
0.129612
-0.006561
0.882565
-0.859859
-0.642750
-0.499313
-0.118381
-0.969115
-0.362163
-0.350078
-0.423566
-0.926511
0.893918
-0.858516
-0.785821
-0.196509
-0.272988
-0.271096
-0.146519
-0.292825
0.227088
-0.078646
-0.245766
0.527207
0.790155
0.089450
0.531602
-0.037080
0.060213
0.561815
-0.493027
0.238075
-0.552904
0.348125
-0.275613
-0.576769
-0.726066
-0.147008
-0.991394
-0.619495
-0.662343
-0.004120
-0.907834
-0.225318
0.047639
-0.671743
0.697623
-0.706595
-0.082369
0.964049
0.507004
-0.979980
0.401654
-0.906674
-0.393902
-0.860347
-0.333720
-0.252358
0.552782
0.373882
-0.137059
-0.940611
0.695608
-0.379376
0.725150
0.262856
0.389080
-0.042268
-0.083834
0.066439
0.617786
-0.615162
-0.251991
-0.134434
-0.749748
-0.401715
0.783441
0.118137
-0.960509
0.254677
-0.721549
0.812555
0.083590
-0.820795
-0.521592
0.770989
0.181005
-0.680044
-0.007782
-0.924131
-0.676870
0.174841
-0.306314
0.683645
0.479965
-0.390057
0.572192
-0.815729
0.259011
-0.491745
0.763176
-0.322184
0.146092
0.591784
-0.430342
0.931883
0.478195
0.977111
0.425459
-0.230201
0.291971
0.785699
0.341899
0.368999
-0.109165
-0.110508
0.636525
-0.789361
-0.040681
0.532334
0.815607
-0.665578
0.476547
-0.602161
-0.834529
0.783502
-0.306314
-0.159581
-0.628285
-0.330302
-0.574206
0.925901
-0.541673
-0.661733
-0.022370
-0.384503
-0.530198
-0.568285
0.719901
-0.277749
0.916196
0.541124
0.295145
-0.799677
-0.223487
-0.919187
-0.135105
0.913388
-0.188879
-0.312967
-0.084262
0.407697
0.951415
0.714103
-0.707083
0.501877
0.372234
-0.217566
-0.851924
-0.697806
0.570605
0.185278
0.420270
-0.120945
0.456893
0.123875
0.326334
-0.994934
-0.933103
0.861812
0.076388
0.641896
0.949828
0.546556
-0.843074
0.924497
-0.672170
0.722648
-0.398236
0.432234
-0.096530
-0.435591
-0.113315
-0.027741
-0.002106
0.098910
-0.541612
-0.385968
0.048555
-0.384808
0.042940
0.285440
0.563707
-0.618397
0.085482
-0.509568
-0.754082
-0.824824
0.827937
-0.126804
-0.164159
-0.731803
-0.527085
-0.985168
0.111850
-0.634388
0.201270
0.289102
0.527818
0.772210
0.816279
-0.620594
-0.589282
-0.010834
0.322672
-0.494430
0.480270
-0.602710
0.426984
-0.544786
0.342631
0.342326
-0.501267
-0.530808
-0.231300
-0.201575
-0.274697
0.573656
0.403058
-0.818293
0.257485
0.318339
-0.473312
0.286294
-0.261757
-0.871639
-0.511643
-0.862728
0.994690
0.401288
0.474166
0.184790
-0.183935
-0.578784
0.228370
0.010712
-0.686392
0.369304
-0.034700
-0.302225
-0.549120
-0.109287
0.457869
0.231300
-0.096042
-0.561632
-0.940855
-0.778497
-0.028291
0.903317
-0.374310
0.294290
-0.828181
-0.353923
0.424421
0.995117
0.109653
0.020295
0.594226
0.029389
-0.252907
-0.647206
-0.108921
0.306619
0.635731
0.379254
0.968871
-0.045076
-0.714103
0.728996
-0.364910
0.641102
0.002655
0.985107
0.659963
0.857173
-0.725883
0.207678
0.900571
0.628895
0.177404
0.422346
0.490768
-0.229347
0.390423
-0.301126
-0.947569
-0.930662
0.217689
0.384991
-0.528916
-0.608631
0.046297
0.425153
0.019929
-0.580065
0.308023
0.728385
-0.835627
0.085360
0.732963
-0.869320
-0.335490
-0.594165
-0.522935
-0.582751
-0.238441
0.567980
-0.150731
0.197363
0.225745
0.368328
0.448958
0.941893
0.320231
-0.586108
0.156713
-0.584155
-0.913938
-0.243812
0.997925
-0.725822
-0.715201
0.823542
0.412397
0.129307
-0.552599
0.023591
-0.428327
-0.429487
0.208533
0.857356
0.611621
-0.276589
-0.370342
-0.999145
0.808893
-0.557787
-0.288553
0.743461
-0.435102
0.673879
-0.590869
-0.869625
-0.694876
0.001251
-0.099338
-0.842036
0.638905
-0.943724
0.132237
0.951598
-0.896176
0.763054
0.461898
0.434553
-0.966491
-0.595813
-0.250038
-0.141087
0.403974
0.202857
-0.205115
-0.136937
-0.170324
-0.165746
-0.679067
-0.598193
-0.304483
0.994079
0.618213
-0.809381
0.372539
0.892392
-0.894345
-0.328227
-0.811823
-0.549059
-0.479781
-0.403790
-0.822993
-0.289712
-0.820124
-0.658437
0.831782
-0.114292
0.369854
-0.955321
-0.855037
-0.432295
-0.269509
-0.923093
0.085665
-0.428999
0.302896
0.603626
-0.914243
-0.978149
-0.876705
0.154393
-0.308756
0.861995
0.405805
0.964599
0.908811
-0.350444
-0.229774
-0.053743
0.787774
-0.066073
-0.353984
-0.199805
0.174230
0.411115
-0.200293
-0.581042
-0.521531
0.408307
0.852168
0.057649
0.640675
-0.155248
-0.644581
0.879818
0.590197
0.362651
0.165685
-0.872494
0.651296
-0.591968
-0.746818
0.973998
0.908139
0.014435
0.385052
-0.465987
0.825556
-0.117893
0.170568
0.120762
0.799310
0.258889
0.984924
0.696402
0.875668
-0.138401
-0.162389
0.600574
-0.878658
-0.159154
-0.793695
0.982116
0.937254
0.550523
-0.563829
-0.999084
0.862911
-0.371990
0.119053
0.911924
-0.130589
-0.092074
0.439924
-0.512070
-0.211707
-0.347880
-0.913388
-0.873165
-0.640553
0.600879
0.032380
0.434553
0.367534
-0.365947
0.588610
-0.787530
0.335429
-0.234901
-0.341044
-0.657582
0.821100
0.284646
0.370769
0.285928
0.668081
-0.994079
0.729057
0.320170
-0.556017
-0.799127
0.992798
0.414716
0.316568
0.200110
-0.907468
0.979614
-0.103122
-0.925962
-0.561937
-0.171545
0.710868
0.489303
0.482833
-0.476302
-0.780267
0.322855
-0.873592
-0.075777
-0.850459
-0.951903
-0.018159
0.749260
-0.737724
0.337260
-0.946532
-0.873959
-0.327799
-0.142186
0.432051
0.913877
-0.414899
-0.475387
-0.615406
0.324992
-0.779901
0.710379
-0.696768
-0.615040
0.530076
-0.834895
-0.062227
-0.268899
-0.802240
-0.694754
0.140294
0.301309
0.439192
-0.708365
-0.338481
-0.789544
-0.120762
0.849422
-0.294595
-0.266701
-0.629749
-0.599841
0.665883
0.280190
0.439802
-0.071749
0.010407
-0.067415
-0.528245
0.307230
0.728141
-0.679373
0.518052
-0.372967
0.565416
0.664785
0.658925
0.927000
0.577990
0.335795
0.126743
0.144200
0.866878
0.641835
-0.440046
0.405927
0.550707
-0.441694
-0.651173
-0.516099
0.464278
-0.795770
0.188940
-0.740654
0.455672
-0.040071
-0.378765
-0.675344
-0.484298
0.011689
-0.426740
0.569933
-0.185583
-0.518967
0.180090
0.415815
-0.503159
-0.032624
0.492538
0.855464
-0.580615
0.462569
0.465072
-0.119785
0.645985
-0.541246
0.950133
-0.419172
0.001801
-0.286599
-0.121006
0.462813
0.346599
0.170629
-0.173254
0.048677
0.768975
-0.174291
0.009919
-0.990295
-0.544664
-0.667959
0.466536
-0.019745
0.564074
0.464888
0.016449
-0.621876
0.948180
0.958800
-0.253090
-0.658864
0.555956
0.534593
-0.439192
0.328776
0.855892
-0.396832
0.017914
-0.971801
0.462752
-0.904721
0.369549
0.874508
0.603809
0.769097
-0.985717
-0.768365
0.420209
0.058199
-0.902524
-0.073885
-0.440291
0.680960
-0.189489
-0.702200
0.458907
-0.574145
0.397626
-0.156407
-0.512680
0.533616
0.648671
0.053743
-0.541063
0.105564
0.981079
-0.917112
-0.320536
0.746269
-0.721488
-0.457320
-0.303751
-0.517624
-0.346294
-0.949400
0.857173
0.499496
-0.391522
-0.142369
0.557054
-0.816767
0.973327
0.940184
0.495041
0.343364
0.452742
-0.291787
-0.797479
0.503525
-0.887875
-0.959716
0.688101
-0.263588
0.565050
-0.754814
0.631520
-0.626820
0.951415
-0.961486
-0.261513
-0.731803
0.232398
0.930601
0.057955
0.544786
-0.950011
-0.301248
0.433760
-0.350017
0.029206
-0.913022
-0.316507
0.015168
-0.671865
0.640858
0.167150
0.856014
0.157201
-0.572130
-0.997681
0.520066
0.093478
0.935850
-0.238624
0.294351
0.743767
-0.641774
0.972106
-0.915891
-0.290445
0.951476
0.333598
0.174352
0.377606
0.368938
0.683157
0.984497
0.649770
-0.412397
-0.596057
0.614429
0.561998
0.587390
0.966369
-0.753716
0.993835
0.127659
0.225074
0.926572
-0.139378
0.871761
-0.625050
-0.629383
0.278542
-0.749260
-0.816034
-0.607837
-0.276528
0.200659
-0.915036
0.385113
-0.261330
-0.023896
0.910886
0.534471
-0.711295
-0.078280
-0.169347
-0.557299
-0.491562
-0.281289
-0.756279
-0.604602
-0.028169
0.670339
0.871700
-0.601672
0.931394
-0.881893
-0.316568
0.085910
0.130589
-0.637928
0.653554
-0.731681
-0.259621
-0.106723
0.323283
-0.044160
-0.880612
-0.322977
0.171239
-0.555773
0.517258
0.222755
-0.365764
-0.294595
-0.731498
-0.502853
-0.272439
0.897092
-0.228187
-0.686636
-0.246925
0.527451
0.645558
0.709647
0.516037
0.140904
-0.454817
-0.174413
0.190649
-0.906003
0.144566
-0.909848
-0.689688
-0.322001
-0.991272
0.602588
-0.180639
0.054109
-0.968383
-0.330546
-0.594043
0.826594
0.625477
0.805475
0.274087
0.551439
0.957091
-0.782220
0.252052
-0.746452
-0.029206
-0.771905
0.212989
0.891964
-0.782525
0.651173
-0.224158
0.107517
-0.939329
0.904660
-0.820551
0.195471
-0.789727
-0.624683
-0.312723
-0.568163
-0.923338
0.876461
0.821345
-0.700552
-0.442305
0.767876
0.082430
-0.454634
0.489669
0.276711
-0.868709
0.340983
-0.303079
0.674001
0.585986
0.059908
0.051729
0.722037
-0.080477
0.374676
0.156468
0.946593
0.168004
-0.303629
0.248817
-0.227393
0.538499
-0.859554
0.341350
-0.403668
0.494125
-0.269082
0.903256
0.918027
-0.591601
0.852351
-0.047334
0.637074
-0.799310
-0.960326
0.391705
0.583605
0.316385
-0.693777
0.658742
-0.136814
0.536058
0.692190
0.211768
0.163244
-0.859920
-0.059114
-0.516953
0.721976
-0.361126
-0.169836
0.786981
-0.757927
-0.045442
-0.492538
0.779412
-0.085177
-0.120701
-0.186804
-0.882260
0.734855
-0.063875
-0.782525
-0.937193
-0.334147
0.263527
0.766717
-0.054292
0.270547
0.742119
0.055330
0.577807
0.247841
0.984008
-0.081454
0.117832
0.209754
-0.264626
-0.817621
0.405622
0.568468
-0.667653
0.725883
0.860347
-0.206458
