-0.294351
-0.403790
-0.162938
0.715690
-0.536729
0.743034
0.167089
-0.561876
-0.821711
0.210730
0.789789
-0.205359
-0.169530
-0.628834
0.158177
-0.012787
0.560900
-0.889584
-0.289407
0.390179
0.126682
0.790521
0.198828
-0.523789
0.675954
0.443587
-0.520493
0.425336
-0.365459
-0.422346
-0.966491
0.562548
0.249123
0.844356
-0.981323
-0.988037
0.014008
-0.374798
0.134373
0.227882
-0.978271
-0.897092
-0.439619
0.948424
-0.165502
0.350444
0.213782
-0.908628
0.511521
0.483749
-0.696707
0.495346
0.981445
0.826960
0.205542
-0.178991
0.873287
-0.234840
-0.871334
-0.361187
-0.088717
0.447310
-0.263588
-0.825190
0.903806
-0.233558
0.182958
-0.175573
0.527390
0.092563
-0.505295
-0.325907
0.280923
-0.823420
-0.599780
-0.550707
-0.593127
-0.447249
0.794671
-0.810419
-0.715201
0.198584
-0.619129
0.282571
-0.102695
-0.148778
0.912900
-0.938047
0.020173
0.051241
0.590991
-0.586535
0.730583
0.896542
0.157079
0.746391
-0.851070
-0.384625
-0.004242
-0.655324
0.127537
0.618152
0.541185
-0.529466
0.171606
0.112705
-0.157567
0.060335
-0.593005
-0.280068
0.925840
-0.822993
-0.676687
-0.482223
-0.652699
-0.220801
0.208045
-0.890255
0.413617
-0.195654
-0.951720
0.074435
-0.733818
-0.487350
0.944639
-0.479476
0.110813
-0.312296
-0.605884
0.165319
-0.830683
-0.025178
0.928892
-0.095920
-0.903806
-0.412458
0.215796
0.026154
0.723563
0.541612
-0.812311
-0.090121
-0.314127
0.692923
0.065157
0.208533
0.857967
0.292398
-0.661306
0.898190
-0.092929
0.410688
0.676504
-0.668691
0.603687
0.654714
0.699087
-0.708914
0.798700
-0.865902
0.755058
-0.938108
-0.604358
-0.496261
0.831538
0.406232
0.743400
-0.814203
-0.073641
-0.737053
0.156468
0.791009
0.544481
-0.105380
0.181372
0.020173
0.128025
-0.106174
0.060762
-0.291360
-0.859249
0.988952
-0.650990
0.193396
-0.932310
0.839839
-0.419172
-0.985351
0.443098
-0.573778
-0.796503
-0.572985
0.980163
-0.235694
0.598743
-0.526658
-0.726310
-0.323344
-0.894345
0.131626
-0.451460
0.475021
0.483810
0.766350
0.268715
-0.385052
-0.964049
0.128697
-0.621387
0.018281
0.519822
0.528001
-0.550523
-0.286966
0.657888
-0.435163
-0.108921
-0.984130
-0.942137
0.937742
0.036714
0.918271
-0.310648
0.002655
0.329203
0.525620
-0.487167
-0.534837
-0.304910
-0.947264
0.771599
-0.356059
0.384442
-0.990295
-0.014985
-0.120640
-0.886654
-0.934324
0.597949
-0.532029
-0.857845
0.708243
-0.945860
0.387371
-0.988708
-0.672170
0.229774
-0.249489
-0.472030
-0.036164
0.906796
0.403180
-0.510605
-0.013581
0.426923
0.069613
-0.883847
-0.270608
-0.040498
-0.990478
0.816645
0.647633
0.205969
-0.456221
0.947874
-0.125156
-0.398053
-0.227332
-0.901730
-0.300027
0.535508
-0.320902
0.084078
-0.739494
-0.249855
0.950194
-0.581713
-0.147313
-0.288430
-0.999084
-0.070162
-0.495041
-0.899167
-0.495102
0.389508
0.818049
0.973937
0.910215
-0.460250
0.299295
0.944456
0.180090
0.501328
0.707633
-0.983581
-0.739067
-0.009003
-0.044038
0.219459
0.009857
-0.783319
0.581713
0.539109
-0.860958
0.039521
0.026704
0.156713
0.346416
-0.842402
0.160863
0.925169
0.627308
-0.589709
0.508652
-0.872677
0.357524
-0.454512
0.072237
-0.410504
-0.882321
-0.373760
-0.790216
0.982421
-0.069308
0.737785
0.689383
0.060091
-0.818232
-0.404279
-0.074923
-0.507920
0.849910
-0.129124
-0.378338
-0.087497
-0.352336
0.854915
-0.529588
-0.700125
-0.739433
-0.719779
-0.068331
0.633595
0.243690
-0.554003
0.601733
-0.905515
0.301187
0.814081
-0.085971
-0.437239
-0.673940
0.226905
0.051546
-0.085299
0.976379
0.769829
0.711295
-0.641408
0.794244
0.327494
-0.837764
-0.296487
0.807672
0.621632
-0.893246
-0.411725
0.028291
0.100986
-0.584643
-0.496200
-0.091830
0.190771
-0.004791
0.527024
0.946593
0.678701
0.529893
-0.424787
0.405316
-0.647267
0.229591
-0.845332
0.705435
0.266701
0.106723
-0.295145
0.963378
-0.981628
0.692495
0.605396
-0.759087
-0.822199
-0.759697
-0.448042
-0.572558
0.155004
0.961791
-0.206824
0.828425
-0.483322
-0.735771
0.269265
0.975219
0.939207
0.754692
-0.727409
0.470382
0.773247
0.066622
0.577258
0.222510
0.503037
0.294046
-0.125828
0.486740
-0.640614
-0.282510
-0.764763
-0.409772
0.033418
0.227577
0.702628
-0.393231
-0.286233
0.841975
-0.612964
-0.337931
-0.256630
-0.950316
-0.655568
-0.141575
-0.555284
0.167089
0.872311
0.146886
-0.171545
0.726005
-0.650319
0.069369
-0.059725
-0.422834
-0.124058
0.469527
-0.629017
-0.722343
0.251320
0.969787
0.944884
0.622547
0.960814
0.340556
-0.712943
-0.983032
0.386578
-0.539781
-0.968688
-0.183081
0.735832
-0.805780
-0.846919
0.030854
-0.296793
0.466964
-0.688589
-0.893796
-0.316630
-0.510910
0.212134
0.117161
0.976989
-0.966430
-0.322550
-0.374248
0.588855
0.912534
0.842463
0.723441
-0.939268
-0.695547
-0.063082
0.910581
0.011261
0.859004
0.962157
0.084445
0.259926
-0.947996
-0.177770
-0.249306
0.938353
0.157933
0.109348
-0.565172
-0.119419
-0.806269
-0.704703
0.998169
-0.350139
0.741752
-0.466597
-0.160131
0.166845
-0.174535
0.153478
0.830378
0.447127
0.746330
0.080050
0.991272
-0.266030
-0.184240
0.642201
0.094089
-0.741630
0.062899
-0.385418
0.832087
0.498154
-0.577380
-0.815851
-0.632191
-0.137059
-0.565844
-0.569323
0.690237
0.167760
0.526536
-0.863155
-0.850032
0.421125
0.221229
0.994079
0.950438
-0.407086
0.589526
-0.230018
-0.945067
-0.557787
0.691092
0.127232
-0.233558
-0.990967
-0.734184
0.803461
0.315714
-0.434065
-0.829768
0.677786
-0.850459
-0.558580
-0.294290
-0.616321
0.005524
-0.615406
-0.994629
0.945128
-0.355571
-0.289834
0.975585
-0.589831
-0.060823
-0.844234
-0.490158
0.060030
-0.374432
-0.218116
0.013703
0.419782
-0.051607
-0.164708
-0.000763
0.008942
-0.092990
-0.580859
-0.704520
0.338908
0.052583
0.513291
0.205054
-0.478561
-0.738639
-0.634632
-0.446150
0.870296
-0.103244
0.655202
0.052644
0.271767
-0.063509
0.553697
-0.420392
-0.096896
-0.731132
0.786493
-0.506943
-0.824946
-0.621265
-0.102573
-0.007660
0.454878
-0.630238
0.954344
0.360027
0.149327
0.129368
0.160314
0.695853
0.298196
0.507248
0.459578
0.414777
-0.849666
-0.638050
-0.556932
-0.008026
-0.497360
-0.637867
-0.430403
-0.144444
0.003571
0.778619
-0.060762
-0.165807
0.497482
0.732780
-0.575182
-0.233070
0.187963
0.841914
0.986084
-0.253029
-0.477340
-0.911557
0.048250
-0.371380
-0.505478
-0.804743
-0.174902
-0.757683
0.624195
0.873470
0.893551
-0.671987
-0.812616
0.343852
0.949278
-0.813349
0.250160
-0.380291
-0.920347
-0.544176
0.240577
0.686636
-0.449995
-0.129246
-0.148778
-0.377239
0.882565
0.632801
0.919370
0.779351
0.971801
-0.969115
-0.095981
0.460982
0.346355
0.127232
-0.803095
0.072176
0.736991
-0.307352
0.956114
0.244606
-0.271523
-0.138646
-0.566515
-0.078646
0.599963
0.988769
-0.915525
-0.304056
0.763726
0.680105
0.480453
0.544603
-0.493027
-0.162389
0.818598
0.517197
-0.240455
0.128574
0.127171
0.002472
-0.991394
-0.905637
-0.662343
-0.914609
-0.907834
-0.225318
0.047639
0.067232
0.697623
0.761895
0.267129
0.964049
0.507004
-0.888424
-0.915525
0.388043
0.809259
0.715140
-0.582263
-0.179235
0.552782
0.763970
-0.137059
-0.940611
-0.862362
-0.915830
0.725150
-0.578906
0.396649
-0.042268
0.054476
0.053011
-0.164525
0.765252
-0.251991
-0.937254
-0.871212
0.752373
0.783441
0.243690
0.155858
-0.639088
0.029878
0.477157
-0.158910
-0.820795
-0.534593
-0.558153
0.583483
-0.279153
-0.681753
-0.201514
-0.320109
0.169652
-0.393353
0.729911
0.774041
-0.966613
0.301187
-0.909970
0.517502
0.451765
0.763176
-0.322184
-0.807611
0.591784
-0.943846
0.931883
0.478195
0.977111
0.425459
-0.273232
-0.755181
-0.339213
0.341899
0.368999
-0.109165
-0.946471
-0.022736
-0.545701
-0.040681
-0.903378
-0.338542
-0.687368
0.476547
-0.280740
0.948302
0.382122
-0.373821
-0.328715
0.645985
-0.904965
0.520981
0.925901
0.628346
0.509201
0.887814
-0.752007
-0.530198
0.268715
0.719901
-0.874081
-0.181677
0.093600
0.260781
-0.252968
-0.524644
-0.919187
0.132237
-0.222144
-0.409467
0.100436
-0.084262
-0.026337
0.836177
-0.633045
-0.872494
0.894894
0.595141
0.607959
-0.040010
0.147923
0.570605
-0.964232
0.420270
0.161351
0.511032
0.123875
0.332499
-0.530198
0.031526
0.861812
0.750908
0.551866
0.920713
0.251930
0.518113
0.974364
-0.894162
0.708182
0.512864
0.181982
0.901547
-0.435591
0.026093
0.371014
-0.002106
0.607654
-0.396344
-0.448042
0.308817
-0.384808
0.403790
-0.336711
-0.048067
-0.618397
-0.265297
0.683340
0.440535
0.921445
-0.202063
-0.126804
0.446150
-0.557115
-0.527085
0.637745
-0.383892
-0.634388
0.474715
-0.092502
0.497665
0.327006
0.950438
0.678762
0.588977
-0.963073
0.670461
0.388714
-0.484420
-0.976379
0.833125
-0.544786
-0.806207
-0.183569
0.160741
-0.530808
0.386273
-0.672353
-0.714347
0.573656
0.403058
0.718131
-0.823237
-0.620167
-0.935667
-0.409101
-0.873165
-0.939879
0.973571
-0.188818
0.563646
-0.139500
0.789972
0.050935
0.289651
0.192053
-0.443831
0.878414
-0.948912
0.369304
0.980041
0.436445
-0.154332
-0.861446
0.687674
-0.681753
0.604358
0.951170
0.275185
-0.004364
0.138340
-0.752129
0.289407
-0.377361
0.175024
-0.113926
0.424421
-0.773064
0.032746
0.869442
0.085665
-0.010651
-0.045503
-0.647206
-0.900510
0.542528
-0.768975
0.379254
0.281045
-0.689932
-0.714103
-0.986633
0.228004
0.274209
0.471053
0.910337
0.237159
-0.084872
0.713858
0.207678
0.900571
0.628895
0.629078
0.593677
-0.066561
-0.756096
0.831538
0.555773
-0.477523
0.432051
-0.769524
0.384991
-0.528916
0.227088
0.873592
-0.107639
0.737358
-0.629017
-0.713065
0.728385
0.355388
0.169774
0.588794
-0.526963
-0.772027
-0.627796
-0.522935
0.283303
0.335063
-0.997436
0.425459
0.518113
-0.916807
-0.410443
-0.275430
0.112522
-0.300455
0.920408
0.163610
0.816523
-0.221412
0.000397
-0.100070
0.983947
0.253883
0.890439
0.617176
0.163610
0.869137
0.212683
0.348308
-0.614673
0.608448
0.266762
0.611621
0.294839
0.503342
0.333842
0.482711
-0.968993
-0.288553
-0.944090
0.989380
0.673879
0.551378
-0.869625
0.126133
0.790033
-0.192236
-0.842036
0.382733
0.256752
-0.695547
0.013825
-0.977477
0.662282
-0.563036
-0.189489
-0.966491
-0.449324
-0.299112
0.356243
-0.850948
0.202857
-0.350749
-0.461776
0.447371
-0.708914
0.375469
0.330058
-0.858211
0.655629
-0.132054
0.461226
0.203284
0.835261
-0.263710
-0.929258
0.933653
0.498337
-0.328349
-0.163366
0.356182
-0.078097
-0.973083
-0.460921
-0.767632
0.632130
0.867550
-0.955321
0.457869
0.169408
0.838496
-0.178381
-0.166723
-0.410749
-0.921445
0.603626
-0.561510
-0.215247
-0.876705
-0.806391
-0.542283
0.054781
0.837092
0.964599
0.232276
-0.070650
0.546251
0.248695
0.083346
-0.520310
0.229163
-0.199805
0.249245
0.494675
0.776666
-0.747185
-0.521531
0.008576
-0.343791
0.568346
0.027924
-0.574572
0.125767
-0.804559
-0.344218
-0.030427
0.165685
0.007050
0.116062
-0.084506
0.205908
-0.331584
0.908139
0.015168
-0.341166
-0.465987
-0.648183
-0.770562
-0.738762
0.120762
0.213172
-0.416608
-0.326762
0.696402
-0.671926
-0.289163
-0.162389
-0.799738
0.941649
0.733512
-0.417707
-0.363262
0.937254
0.177953
-0.563829
-0.999084
0.862911
-0.371990
-0.322916
0.710135
0.799677
-0.092074
0.439924
0.032258
-0.213843
-0.535325
-0.913388
-0.419782
-0.640553
0.643422
0.739006
-0.285623
-0.588610
0.391644
-0.718497
-0.270852
0.335429
-0.234901
-0.341044
-0.138462
0.249062
0.576342
-0.606067
0.661855
-0.434004
-0.502792
0.729057
0.836726
-0.084384
-0.799127
-0.493271
0.485519
-0.731437
0.456526
-0.566820
-0.061556
-0.417096
-0.925962
0.552293
0.150792
0.403729
0.283975
-0.773797
0.031343
-0.780267
0.841609
-0.751701
0.550768
-0.850459
0.019379
-0.162511
-0.287332
-0.683279
0.980468
-0.946532
0.509262
-0.415937
-0.493027
0.432051
0.188452
-0.185522
-0.475387
-0.615406
0.324992
-0.677419
0.710379
-0.084872
-0.384686
0.666189
0.184057
0.462569
-0.899350
0.504074
0.513474
0.140294
0.919004
-0.679495
-0.516343
0.256691
0.906064
0.437422
0.656667
-0.375164
0.354595
-0.629749
0.014435
-0.561876
-0.944212
0.439802
0.302408
0.857418
-0.417829
-0.528245
0.563036
0.184668
-0.676321
0.974792
-0.372967
-0.810480
0.235633
0.560289
0.655995
0.566088
-0.835810
0.255959
-0.635426
-0.916929
0.450423
0.554003
0.568041
0.550707
0.179846
0.667104
0.374859
0.790887
0.907712
0.462081
0.522568
-0.935606
-0.040071
-0.094516
-0.993103
0.952635
-0.437178
-0.872127
-0.409894
0.054720
-0.687857
0.133091
0.415815
0.337443
0.613330
0.388531
0.855464
-0.872494
-0.545213
0.908444
0.738151
0.811396
-0.541246
0.975890
0.828791
0.307718
-0.594775
-0.121006
-0.046480
-0.959838
-0.986572
-0.005585
-0.510483
-0.249428
-0.174291
-0.808832
-0.599963
0.142735
-0.725272
0.107517
0.031404
0.370464
0.646168
-0.679922
0.701468
0.041536
0.330058
0.537645
-0.658864
0.555956
0.139439
0.254738
0.922239
-0.135228
0.717704
-0.025544
-0.691885
-0.833186
-0.864010
0.621693
-0.161657
-0.934141
-0.043672
0.412763
-0.768365
0.244789
-0.779473
-0.902524
0.620106
-0.040437
0.967467
-0.093844
0.061251
0.314554
0.785272
0.397626
-0.285806
0.994873
0.034700
-0.811884
-0.332377
0.854610
0.105564
-0.695730
-0.290872
-0.189123
-0.672658
-0.278603
-0.457320
-0.308390
-0.225135
-0.202795
-0.949400
-0.182714
0.719840
-0.391522
-0.058687
-0.547472
-0.103000
-0.682852
-0.328532
0.318400
0.343364
0.515549
0.981933
0.081271
-0.594470
-0.242775
0.775506
0.564501
-0.263588
-0.078097
0.396832
-0.943602
0.439558
-0.091830
-0.961486
-0.181982
-0.012970
-0.493210
-0.640553
-0.727531
0.544786
-0.294595
0.501328
-0.950743
-0.197913
-0.728263
0.012543
-0.316507
0.932737
-0.340556
-0.436689
0.473739
0.322489
0.157201
-0.572130
-0.774407
-0.355754
0.309977
0.935850
-0.012055
0.749870
0.743767
0.770135
0.384381
-0.076937
-0.936216
0.322550
0.176672
0.892209
-0.799432
0.488815
0.683157
0.563524
0.614429
-0.395306
-0.897458
0.906613
0.937132
0.891354
-0.041231
-0.561815
-0.912351
0.334269
0.401532
0.246620
0.871395
0.871761
0.710257
0.873287
0.881039
0.871029
-0.500412
-0.752373
-0.276528
-0.648793
0.621265
-0.030061
-0.164159
-0.365215
-0.694632
0.510117
-0.711295
-0.840266
-0.993835
-0.843562
0.314249
-0.798456
0.581225
-0.604602
-0.028169
0.019868
-0.440413
0.562120
0.931394
-0.686880
-0.316568
0.026582
0.440474
-0.671072
-0.884457
0.657582
0.860103
-0.571825
0.323283
0.298013
-0.798822
0.192114
0.800104
0.614307
-0.078280
-0.926145
-0.159764
-0.294595
0.998840
0.394391
0.918638
0.753777
-0.213477
0.078890
-0.289285
0.126133
0.071505
0.709647
0.516037
-0.554125
0.578051
0.814020
-0.569201
0.355754
0.816645
0.150304
-0.596484
0.013092
0.410688
0.358989
-0.880612
-0.280862
-0.139805
-0.330546
-0.995788
-0.457137
0.378643
0.972655
0.274087
-0.175512
-0.170263
0.167089
0.604419
0.436262
-0.029206
-0.737724
0.538743
-0.645192
0.324381
0.651173
0.202185
0.708548
0.259682
0.504318
0.538194
0.195471
-0.335490
0.271340
0.384442
-0.568163
-0.923338
0.876461
0.415082
-0.870968
0.906980
-0.493576
0.330912
0.913450
0.489669
0.771966
0.079379
0.340983
-0.568590
0.449507
0.784295
0.762749
0.908933
0.722037
-0.153600
-0.067904
0.486801
0.946593
0.087863
0.383587
-0.336650
-0.227393
-0.020905
-0.769097
0.985534
0.293374
0.707450
-0.252052
-0.072726
-0.424360
0.651173
0.852351
0.573046
0.637074
-0.799310
-0.960326
0.499557
-0.845149
-0.832453
-0.512131
0.323160
-0.136814
-0.795709
0.692190
0.211768
0.616993
-0.801263
-0.633839
-0.906491
0.914731
-0.123875
0.215613
0.714103
0.750359
-0.070101
-0.492538
0.772515
0.806513
0.676382
0.663076
-0.882260
0.684011
-0.293313
0.118442
-0.937193
-0.349406
0.818110
0.610401
-0.054292
0.786798
0.990051
-0.223975
0.314737
0.270852
0.077731
0.364177
-0.961364
-0.360027
0.570788
0.577136
-0.013764
0.568468
0.829768
0.510727
-0.843501
0.956297
