-0.294351
-0.403790
0.103000
0.728263
-0.169774
0.743034
0.167089
-0.561876
0.753349
-0.981994
0.789789
-0.205359
-0.169530
-0.628834
0.158177
-0.502548
0.560900
-0.889584
-0.289407
0.390179
0.126682
0.790521
0.198828
-0.523789
0.675954
0.443587
-0.520493
-0.368816
-0.365459
-0.422346
-0.966491
-0.075411
-0.763970
0.844356
-0.981323
-0.988037
0.014008
0.653554
0.134373
0.227882
-0.978271
-0.439436
-0.439619
0.948424
-0.165502
0.350444
0.501205
0.315958
0.511521
0.483749
-0.696707
0.495346
-0.332377
0.826960
0.205542
-0.178991
0.873287
-0.234840
-0.871334
-0.361187
0.779595
0.447310
-0.263588
0.305216
0.903806
-0.233558
0.182958
-0.175573
0.527390
0.092563
-0.505295
-0.335307
0.280923
-0.823420
-0.599780
-0.550707
-0.593127
-0.447249
0.794671
-0.810419
0.473251
0.198584
-0.619129
0.282571
-0.102695
-0.385968
0.912900
-0.938047
0.020173
0.051241
0.590991
-0.586535
0.730583
0.896542
0.157079
-0.631825
-0.851070
-0.384625
-0.004242
-0.655324
0.127537
-0.901975
0.541185
-0.071932
0.171606
0.615650
-0.157567
0.060335
-0.593005
-0.280068
0.925840
-0.822993
-0.676687
-0.484359
-0.652699
-0.220801
0.208045
-0.890255
0.413617
-0.195654
-0.326518
0.611682
-0.294717
-0.487350
0.273171
-0.479476
0.110813
0.483383
-0.605884
0.165319
-0.830683
-0.025178
0.928892
-0.095920
-0.903806
-0.412458
0.215796
0.026154
0.723563
0.541612
-0.812311
-0.090121
-0.314127
0.692923
-0.407025
-0.088473
0.857967
0.292398
-0.661306
0.898190
-0.092929
0.410688
0.676504
0.939451
0.603687
0.654714
0.699087
-0.708914
0.433332
-0.073336
0.755058
-0.938108
0.311686
-0.496261
0.831538
0.406232
0.743400
-0.814203
-0.073641
-0.737053
0.156468
0.791009
0.544481
-0.105380
0.181372
0.020173
0.128025
-0.106174
0.060762
-0.291360
-0.859249
0.988952
-0.650990
0.193396
-0.932310
0.839839
-0.419172
-0.985351
0.443098
-0.595691
-0.796503
-0.572985
0.980163
-0.235694
0.598743
-0.526658
-0.726310
0.129368
-0.894345
0.131626
-0.451460
0.475021
0.483810
0.766350
0.268715
-0.385052
-0.964049
0.128697
-0.621387
0.018281
0.519822
0.528001
-0.550523
-0.286966
0.657888
-0.435163
0.122227
-0.984130
-0.942137
0.937742
0.036714
0.420270
-0.310648
0.002655
0.329203
0.525620
-0.487167
-0.534837
-0.304910
-0.947264
0.771599
-0.138707
0.384442
-0.990295
-0.014985
-0.120640
-0.886654
-0.934324
0.597949
-0.965880
-0.857845
0.708243
-0.945860
0.387371
0.190405
-0.672170
0.229774
-0.249489
-0.472030
-0.036164
-0.370647
0.403180
-0.510605
-0.013581
0.426923
0.728324
-0.883847
-0.270608
-0.040498
-0.990478
-0.009308
0.647633
0.205969
-0.721061
0.947874
-0.125156
-0.398053
-0.227332
-0.505722
0.095065
0.535508
0.494613
0.084078
-0.739494
-0.718314
0.950194
-0.581713
-0.147313
-0.288430
-0.999084
-0.070162
-0.449202
-0.899167
-0.495102
0.389508
0.818049
0.973937
0.910215
-0.460250
0.299295
0.944456
0.180090
0.501328
0.707633
-0.541124
-0.739067
-0.009003
-0.044038
0.219459
0.009857
-0.783319
0.581713
0.539109
-0.860958
0.215369
0.026704
-0.744682
0.009919
-0.842402
-0.936949
0.925169
0.627308
-0.589709
0.508652
-0.872677
0.357524
-0.454512
0.072237
0.496933
-0.882321
-0.373760
-0.790216
0.982421
-0.069308
0.737785
0.689383
0.060091
0.961791
-0.404279
-0.074923
-0.743034
0.849910
-0.129124
-0.378338
-0.973144
-0.352336
0.854915
-0.529588
0.802728
-0.739433
-0.719779
-0.068331
0.633595
0.402509
-0.554003
0.601733
-0.905515
0.301187
0.814081
0.430647
-0.437239
-0.673940
0.226905
0.051546
-0.085299
0.976379
0.769829
-0.119419
-0.641408
0.794244
0.327494
-0.837764
-0.296487
0.807672
0.621632
0.210547
-0.411725
0.028291
0.100986
-0.584643
-0.496200
-0.091830
0.294046
-0.004791
-0.368511
0.946593
-0.705374
0.529893
-0.367229
0.405316
-0.232643
0.229591
-0.845332
0.705435
0.266701
-0.113376
-0.295145
0.963378
-0.981628
0.692495
0.605396
-0.759087
-0.822199
-0.931211
-0.448042
-0.572558
0.661550
0.961791
-0.206824
-0.546251
-0.534043
-0.735771
0.269265
0.975219
0.435163
0.754692
-0.727409
0.470382
0.773247
-0.832392
0.577258
0.222510
0.503037
0.294046
-0.125828
0.486740
-0.640614
-0.282510
-0.340312
-0.002167
0.889462
0.227577
0.702628
0.679800
-0.286233
0.841975
-0.612964
-0.337931
-0.256630
-0.950316
-0.655568
0.644154
-0.555284
0.167089
0.872311
0.146886
0.774346
0.726005
-0.650319
0.069369
-0.059725
0.371624
0.846614
0.469527
-0.120334
-0.722343
0.251320
0.969787
-0.124302
0.581103
0.103305
0.340556
-0.712943
-0.983032
0.386578
-0.539781
-0.968688
-0.183081
0.735832
-0.805780
0.929197
0.030854
-0.296793
-0.832453
-0.688589
-0.893796
-0.316630
-0.510910
0.212134
0.117161
0.976989
0.380535
-0.322550
-0.374248
0.588855
0.912534
0.842463
0.723441
0.499619
-0.695547
-0.063082
0.910581
0.011261
0.859004
0.962157
0.084445
0.259926
-0.947996
-0.177770
-0.249306
0.938353
0.157933
0.109348
-0.565172
-0.119419
-0.806269
-0.704703
0.998169
-0.350139
0.741752
-0.466597
-0.160131
0.166845
0.824519
0.153478
0.830378
0.447127
0.746330
0.080050
0.991272
-0.266030
-0.184240
0.642201
0.094089
-0.741630
-0.950865
-0.385418
0.832087
0.498154
-0.577380
-0.815851
-0.632191
-0.137059
-0.565844
-0.569323
0.690237
0.167760
-0.523972
0.699087
-0.850032
0.421125
0.221229
0.307840
0.950438
-0.640126
0.589526
-0.230018
-0.214270
-0.557787
0.691092
0.127232
-0.233558
-0.990967
-0.734184
0.803461
0.315714
-0.434065
-0.829768
0.677786
0.912900
-0.558580
-0.294290
-0.375225
0.600635
-0.615406
-0.994629
0.945128
-0.355571
-0.289834
0.975585
-0.589831
-0.060823
-0.844234
-0.490158
0.217872
-0.374432
-0.218116
0.013703
0.419782
-0.051607
-0.164708
-0.000763
0.008942
-0.092990
-0.580859
0.959166
0.338908
0.052583
0.513291
0.205054
-0.517747
-0.738639
-0.634632
-0.446150
0.870296
-0.103244
0.655202
0.052644
0.271767
-0.063509
0.553697
-0.420392
-0.096896
-0.731132
0.786493
-0.506943
-0.054476
-0.621265
-0.102573
-0.007660
0.454878
-0.630238
0.954344
0.360027
-0.023408
0.129368
0.160314
0.695853
0.298196
0.507248
0.750664
0.414777
0.796503
-0.638050
-0.556932
-0.008026
-0.497360
-0.637867
-0.430403
-0.144444
0.003571
0.778619
-0.060762
-0.165807
0.123753
0.852779
-0.575182
-0.233070
0.187963
0.841914
0.986084
-0.253029
-0.477340
-0.911557
0.048250
-0.557299
-0.505478
-0.804743
-0.174902
-0.757683
0.624195
0.873470
-0.169042
-0.671987
-0.812616
-0.471664
0.949278
-0.201086
0.250160
-0.380291
-0.920347
0.541124
0.240577
0.686636
0.105930
-0.129246
-0.148778
-0.377239
0.882565
0.632801
0.473922
-0.499313
0.971801
-0.503647
-0.095981
0.460982
-0.423566
0.127232
-0.209387
0.072176
0.736991
-0.307352
0.956114
0.244606
-0.271523
-0.138646
0.354167
-0.078646
0.599963
-0.370708
-0.915525
-0.304056
0.763726
0.680105
0.888913
0.544603
-0.493027
-0.162389
-0.132481
0.517197
0.128025
0.128574
0.127171
0.446272
-0.991394
-0.905637
-0.662343
-0.914609
-0.907834
-0.225318
-0.438581
0.596179
0.697623
0.761895
-0.082369
0.370586
0.507004
-0.979980
-0.915525
-0.906674
0.874142
0.715140
-0.582263
-0.179235
-0.061556
0.763970
-0.137059
-0.940611
0.695608
-0.915830
0.725150
-0.578906
0.396649
-0.042268
-0.083834
0.053011
-0.164525
0.765252
-0.251991
-0.326456
-0.871212
0.752373
0.783441
0.686880
0.155858
-0.639088
0.029878
0.477157
-0.158910
-0.820795
-0.534593
-0.558153
0.583483
-0.279153
-0.681753
-0.201514
-0.320109
0.169652
0.950316
0.729911
0.774041
-0.966613
0.301187
-0.909970
0.517502
0.451765
0.763176
-0.322184
0.394696
0.591784
-0.430342
0.931883
-0.531175
0.977111
0.425459
-0.273232
-0.755181
-0.339213
0.341899
0.368999
-0.109165
-0.946471
-0.022736
-0.545701
-0.040681
-0.864925
0.719718
-0.687368
0.476547
-0.280740
-0.134739
-0.228370
0.325236
-0.328715
-0.091403
-0.766045
0.520981
0.925901
0.628346
0.509201
0.887814
-0.752007
-0.530198
0.268715
0.719901
-0.874081
-0.181677
0.093600
0.260781
0.955626
-0.524644
-0.919187
0.132237
-0.222144
-0.409467
-0.489364
-0.084262
-0.026337
-0.322733
-0.633045
-0.982727
0.894894
0.088656
0.607959
0.563829
-0.697806
0.570605
-0.964232
0.420270
0.161351
0.511032
0.123875
0.332499
-0.530198
-0.230506
0.861812
0.750908
0.551866
0.920713
0.546556
0.518113
0.974364
-0.623829
0.708182
0.807306
-0.818415
0.901547
-0.435591
0.026093
0.371014
-0.002106
0.607654
-0.396344
-0.448042
0.308817
-0.384808
-0.048250
-0.336711
-0.048067
-0.618397
-0.265297
0.683340
0.052095
0.921445
0.739250
-0.126804
0.180456
-0.557115
-0.527085
0.637745
-0.627735
-0.634388
0.474715
-0.092502
0.497665
0.327006
0.950438
0.678762
0.588977
-0.963073
0.481674
0.388714
-0.484420
-0.976379
-0.466842
-0.544786
-0.989013
-0.183569
0.160741
-0.478133
0.386273
-0.672353
-0.714347
0.573656
0.403058
0.718131
-0.823237
-0.620167
-0.935667
-0.409101
-0.873165
-0.871639
0.917051
-0.188818
0.563646
-0.139500
0.789972
0.050935
0.289651
0.192053
-0.443831
0.878414
-0.948912
0.369304
0.980041
-0.608570
-0.154332
-0.861446
0.687674
-0.865352
0.604358
0.951170
0.275185
-0.004364
0.582690
-0.752129
0.289407
-0.868343
0.175024
-0.113926
0.424421
-0.773064
0.032746
0.869442
0.085665
-0.010651
-0.045503
-0.647206
-0.378460
0.542528
-0.768975
0.379254
0.968871
-0.689932
-0.714103
-0.986633
0.228004
0.274209
0.918271
0.910337
0.237159
-0.084872
0.713858
0.207678
0.900571
0.628895
-0.801569
0.593677
-0.066561
-0.756096
0.831538
0.555773
-0.477523
0.611499
0.355144
0.384991
-0.528916
0.227088
0.873592
-0.107639
0.737358
-0.629017
-0.713065
0.728385
0.294839
0.169774
0.588794
-0.526963
-0.772027
-0.627796
-0.522935
0.283303
0.335063
0.821467
0.425459
0.957152
-0.916807
-0.410443
-0.275430
-0.390362
-0.300455
0.920408
0.163610
0.816523
-0.913938
0.000397
-0.100070
0.983947
0.253883
-0.743645
0.617176
-0.557360
0.869137
0.212683
0.348308
-0.614673
0.608448
0.266762
0.584155
0.294839
0.503342
0.333842
0.482711
-0.968993
-0.288553
-0.085726
0.989380
0.673879
0.853084
-0.869625
0.126133
0.790033
0.155492
-0.842036
-0.555773
0.256752
-0.695547
0.013825
-0.977477
0.662282
0.397931
-0.189489
-0.966491
-0.488144
-0.299112
0.356243
-0.850948
0.202857
-0.350749
0.479781
0.447371
-0.708914
0.375469
0.330058
-0.858211
0.655629
-0.132054
0.461226
-0.879269
0.835261
-0.263710
-0.929258
0.933653
0.498337
-0.328349
-0.163366
0.356182
-0.078097
-0.973083
-0.460921
-0.767632
0.632130
-0.099948
-0.955321
0.457869
-0.199683
-0.884213
-0.178381
-0.166723
-0.410749
-0.921445
0.603626
0.321574
-0.297769
-0.876705
-0.806391
-0.542283
0.054781
0.837092
0.964599
0.232276
-0.070650
0.535813
0.977599
0.083346
-0.046419
0.229163
-0.199805
-0.543443
-0.708060
0.776666
-0.747185
-0.521531
-0.034028
-0.343791
0.568346
0.027924
0.578478
0.125767
-0.804559
-0.507248
-0.030427
0.737175
0.007050
0.116062
-0.710929
-0.133702
-0.430097
0.908139
0.015168
-0.341166
-0.465987
-0.648183
-0.770562
-0.738762
-0.880184
-0.003021
-0.416608
0.634877
0.696402
0.079562
-0.106418
-0.162389
-0.799738
0.941649
0.866634
0.456221
-0.363262
0.937254
0.177953
-0.563829
-0.999084
0.862911
-0.371990
-0.322916
0.710135
-0.130589
-0.092074
0.439924
0.032258
-0.166417
-0.535325
-0.604053
0.802667
-0.640553
0.643422
0.739006
0.933287
-0.990356
-0.314432
-0.718497
0.833125
0.934507
-0.234901
0.304788
-0.138462
0.249062
0.576342
-0.606067
-0.602771
-0.434004
-0.502792
0.729057
0.836726
0.911924
-0.799127
-0.493271
-0.922422
-0.731437
0.456526
-0.566820
-0.061556
-0.417096
0.198218
0.552293
-0.034944
0.787286
0.283975
-0.773797
0.031343
-0.183996
0.718558
-0.751701
0.550768
-0.850459
-0.718619
-0.162511
0.017731
-0.683279
0.980468
-0.946532
0.509262
-0.415937
-0.256142
0.562304
0.188452
-0.185522
-0.475387
-0.615406
0.695303
-0.677419
0.710379
-0.084872
-0.384686
0.102939
-0.927549
0.462569
-0.899350
0.949034
-0.014191
0.805170
0.919004
-0.679495
-0.161351
-0.649525
0.282205
0.437422
0.656667
-0.375164
0.354595
0.515183
0.014435
-0.561876
-0.944212
-0.020539
0.302408
0.857418
-0.417829
-0.528245
0.781976
0.184668
-0.676321
0.340373
-0.372967
0.012116
0.235633
0.510239
0.655995
0.566088
-0.835810
0.255959
-0.635426
-0.626576
0.450423
0.554003
0.568041
0.550707
0.179846
0.667104
0.374859
0.790887
0.085238
0.462081
0.325297
-0.935606
-0.040071
-0.094516
-0.993103
0.952635
-0.437178
-0.872127
-0.409894
0.054720
-0.687857
0.133091
0.415815
0.337443
0.613330
0.388531
0.855464
-0.872494
-0.062899
0.654714
0.738151
0.811396
-0.541246
0.975890
0.828791
0.001801
-0.594775
0.179357
-0.797906
-0.959838
0.268410
-0.005585
0.073641
-0.685781
-0.174291
-0.808832
-0.243629
0.142735
-0.725272
0.107517
-0.123447
0.370464
0.646168
-0.679922
0.701468
0.041536
0.330058
0.537645
-0.658864
0.555956
-0.321207
0.254738
0.922239
0.538560
0.717704
-0.025544
-0.691885
-0.245949
-0.651540
0.621693
-0.161657
-0.934141
-0.043672
0.469588
-0.768365
0.244789
-0.151402
0.610096
0.620106
-0.040437
0.152562
-0.093844
0.061251
0.275307
0.785272
-0.176550
-0.633412
0.994873
0.034700
0.867000
-0.102268
0.143773
0.105564
0.616138
-0.610584
0.277139
-0.704093
-0.278603
0.044038
-0.359539
-0.225135
-0.202795
-0.949400
0.129490
0.719840
-0.391522
-0.711051
-0.547472
-0.103000
-0.682852
-0.328532
0.318400
0.343364
0.515549
0.193030
0.081271
-0.594470
-0.242775
-0.881100
0.564501
-0.263588
-0.078097
0.396832
-0.943602
0.439558
-0.091830
0.057039
-0.181982
0.052583
-0.493210
-0.721427
-0.626026
0.619861
-0.294595
0.501328
-0.950743
-0.197913
0.406659
0.012543
-0.316507
0.932737
-0.340556
-0.636647
0.473739
0.322489
0.157201
-0.386395
-0.774407
-0.355754
0.309977
0.935850
-0.012055
0.749870
0.289773
0.770135
-0.983764
0.792291
-0.936216
0.322550
0.176672
0.880978
-0.799432
0.488815
0.683157
0.563524
-0.767632
-0.395306
-0.897458
-0.814875
0.937132
0.752800
-0.027802
0.891476
-0.912351
0.667531
0.401532
0.246620
0.871395
0.871761
0.710257
0.873287
0.881039
0.871029
-0.500412
-0.752373
-0.276528
0.459029
-0.110446
-0.030061
-0.164159
-0.365215
-0.694632
0.510117
0.093905
-0.840266
-0.993835
-0.576037
0.314249
-0.798456
0.581225
-0.604602
-0.028169
-0.010529
-0.440413
-0.100497
0.931394
-0.686880
0.624866
-0.835261
0.440474
-0.671072
0.897275
0.657582
0.860103
-0.571825
0.323283
0.710135
-0.798822
0.989563
0.800104
0.686331
-0.379376
-0.926145
-0.135777
0.032075
-0.778069
0.394391
0.918638
0.960448
-0.635060
0.078890
-0.289285
0.126133
0.641591
0.709647
0.516037
-0.554125
0.578051
0.814020
-0.754265
0.234474
0.816645
0.427229
-0.596484
0.013092
-0.064547
0.358989
0.953856
-0.333964
-0.139805
-0.330546
-0.995788
-0.338176
0.967101
0.972655
0.117466
0.901486
-0.170263
0.167089
-0.038118
0.741020
-0.923154
-0.737724
0.538743
-0.645192
0.574511
0.651173
-0.224158
0.708548
0.507004
-0.365581
-0.516953
0.195471
-0.335490
0.077303
0.384442
-0.568163
-0.923338
0.086032
0.821345
0.173070
0.541246
-0.113437
0.330912
0.913450
0.489669
0.771966
0.050447
-0.342204
-0.568590
0.449507
0.920957
0.402203
0.908933
0.722037
0.297708
-0.067904
0.486801
0.947874
0.604846
0.383587
-0.336650
-0.227393
-0.020905
0.835994
0.439863
0.293374
0.707450
-0.824458
-0.072726
-0.424360
0.651173
0.852351
0.290384
0.637074
-0.799310
0.063692
0.499557
-0.845149
-0.832453
-0.512131
0.323160
-0.136814
-0.867122
0.692190
0.211768
0.685965
-0.801263
0.698538
-0.906491
0.914731
0.375042
0.215613
0.714103
0.750359
-0.070101
-0.492538
0.858882
0.806513
-0.766167
-0.843684
-0.882260
0.684011
-0.293313
0.118442
0.673391
-0.349406
0.818110
0.610401
-0.484054
0.617420
0.990051
-0.449690
0.668630
-0.522324
0.947020
0.897824
-0.350261
-0.360027
0.570788
0.577136
-0.013764
0.568468
0.829768
0.124058
-0.854854
0.041719
