-0.236061
0.091525
0.580859
0.190588
0.539293
-0.051546
-0.784600
-0.673208
-0.187109
0.145299
0.591174
0.350993
-0.054415
0.184301
-0.827998
0.046541
0.669057
0.638661
-0.095309
-0.948729
-0.117954
0.155370
-0.452742
-0.601306
-0.863521
0.054292
-0.901059
0.164953
-0.563280
0.990234
0.985290
-0.791559
0.343669
-0.421552
0.812799
-0.376690
0.240394
0.002106
-0.291787
-0.321329
0.407636
-0.085849
0.617786
0.492538
0.864620
-0.877438
0.752251
-0.138340
0.025666
-0.224281
0.114597
0.873165
-0.481368
-0.746941
0.754143
0.305094
-0.126988
-0.591174
-0.068880
-0.203345
0.087802
-0.884701
0.542772
0.916440
-0.697256
0.582446
0.512131
-0.081027
0.235694
-0.496445
0.264199
-0.145665
0.412702
-0.430464
0.984558
0.078219
0.184484
-0.931028
-0.711600
-0.649892
-0.498093
-0.879269
-0.843867
0.750359
-0.296121
0.251015
0.829829
-0.512558
0.266579
-0.912473
0.020661
0.851497
-0.258278
0.919797
0.839534
-0.023347
-0.489303
0.701895
0.758538
-0.737968
0.036531
-0.520676
0.730033
0.896420
0.411969
-0.599475
0.389447
0.733024
0.501083
0.964660
-0.760430
-0.375591
-0.174841
-0.062166
0.492660
0.751579
0.746513
-0.797418
0.924131
-0.752617
0.732719
0.587939
0.112339
0.889096
0.712821
-0.799921
-0.149693
0.043001
0.136387
0.256874
-0.648610
-0.597949
0.714286
0.440962
-0.063082
0.499008
0.785699
-0.744255
0.553758
0.821772
-0.963622
0.202490
0.747063
0.049532
0.338176
-0.968444
0.726798
0.373455
-0.035310
0.443403
0.070284
0.793268
-0.127049
-0.533616
0.298318
0.804926
0.485885
-0.361370
-0.600818
0.639454
0.488266
-0.297647
-0.273171
0.543138
-0.291055
-0.088900
0.383831
-0.570238
-0.256569
0.593677
0.917112
0.598010
0.887082
0.775018
-0.356304
-0.289224
0.500168
-0.198157
0.856563
0.604724
-0.880367
-0.233314
0.876034
0.173498
0.907285
0.248451
0.431806
-0.849727
-0.348491
0.245216
0.457930
0.446577
0.192541
0.240272
0.159581
-0.929441
0.625660
0.590442
0.778497
-0.953612
-0.513169
0.240211
-0.901914
0.424421
0.360210
0.770684
-0.928343
-0.596789
-0.459273
0.999451
0.952513
-0.422956
0.141453
0.404950
-0.884823
0.395428
0.068758
-0.869015
0.874081
0.173742
0.424970
-0.077853
0.239906
-0.533372
-0.049532
-0.507981
-0.848750
-0.398175
0.895383
0.872188
0.180883
0.065889
-0.349101
-0.301492
-0.066622
0.194067
-0.744133
-0.098910
-0.356670
-0.910276
0.755364
-0.630421
-0.765191
0.234596
-0.797174
-0.901608
0.569445
-0.848994
0.935850
0.170751
0.107639
-0.572924
0.195044
-0.012543
0.773614
0.398114
-0.879757
-0.558885
0.341227
0.379803
0.070650
0.917356
0.015351
0.420454
-0.987548
-0.729789
-0.446883
0.315714
-0.609119
-0.161718
-0.957213
-0.412824
0.101901
0.087497
0.220130
-0.275185
-0.713919
0.430891
0.673391
0.552171
0.460433
-0.847713
-0.587817
0.845759
0.154027
-0.324076
0.134312
0.631153
0.930723
-0.066683
0.407270
0.066988
0.391827
0.640553
-0.744804
0.482467
-0.482406
0.407514
-0.136326
0.620411
0.468978
0.346904
0.473556
-0.111606
-0.696219
-0.299356
-0.901608
-0.555528
0.037446
0.163976
0.042390
-0.713187
0.067660
0.185888
0.441145
0.635792
-0.922300
0.993347
-0.802057
-0.787164
-0.640126
0.762871
0.317606
0.032014
-0.436628
0.107761
-0.336650
0.035066
-0.869503
-0.643117
-0.200049
-0.424909
0.450911
-0.777337
-0.970153
-0.810114
-0.041047
-0.657033
-0.673635
-0.840144
-0.700919
0.525559
0.980285
-0.270241
-0.587634
0.057161
-0.216163
0.295633
-0.317972
0.972777
0.741874
-0.401898
-0.886166
-0.693045
-0.136814
-0.078890
-0.113071
0.502060
0.790216
0.700552
0.317789
-0.898312
0.720084
-0.979614
-0.239418
0.216895
0.278848
0.134251
0.025361
-0.727103
0.227454
0.821223
-0.551317
0.685537
0.389691
0.580004
0.669179
0.118625
-0.294839
0.104404
0.710379
-0.292337
0.889523
-0.749565
0.328043
0.794671
0.436018
-0.899228
-0.828303
0.744804
-0.333720
0.111484
0.159825
0.308512
-0.129246
0.742119
0.640004
0.359844
0.835261
-0.175512
0.422163
0.007294
0.162572
-0.189917
-0.314676
-0.694510
-0.958068
0.333048
0.451277
-0.323222
-0.153356
-0.914365
-0.047761
0.533128
-0.348552
-0.461226
-0.373089
0.321757
0.708975
-0.743400
-0.478927
-0.155736
0.824274
-0.134129
-0.967589
0.763787
0.285623
0.098178
-0.547777
0.261940
-0.830744
0.194617
-0.497299
-0.933103
-0.732841
0.279092
-0.640187
-0.313944
-0.497787
-0.264870
-0.533311
-0.727958
-0.131199
0.655873
0.734428
-0.258644
0.946348
0.918210
-0.174474
0.022553
-0.066439
0.544603
-0.981384
0.540880
-0.036958
-0.327250
-0.995972
-0.593066
0.279763
0.582751
-0.040986
0.864132
0.969787
-0.327982
0.573412
0.312113
-0.711295
0.562609
0.030915
-0.510483
0.644704
0.138585
0.860714
0.410321
-0.211707
0.884640
-0.914670
-0.548204
0.358440
-0.788812
-0.329447
0.433699
0.273232
-0.844478
0.623707
0.395489
-0.249489
0.778375
0.057161
-0.993835
0.020783
-0.409345
-0.956481
-0.112705
0.037629
0.059908
-0.071444
-0.601489
0.623035
0.731803
0.110935
-0.328898
-0.024995
0.883786
0.385540
-0.842036
-0.552599
0.805048
-0.088656
0.956481
-0.459334
-0.400494
0.220008
-0.143834
0.076144
0.009491
-0.961486
-0.932432
0.396710
0.294717
0.011750
-0.770196
-0.866878
-0.319742
0.157994
0.251381
0.300882
0.281961
-0.810846
-0.143468
0.114841
0.393475
-0.377056
-0.596179
-0.317545
0.751579
0.655629
0.998230
0.980529
-0.977599
-0.447371
0.034761
0.480697
0.073824
0.346538
0.710868
0.474715
0.640004
0.836238
-0.178503
0.052644
-0.584643
0.298135
0.190039
-0.895016
0.020417
0.701834
-0.610889
-0.397137
-0.206153
0.725578
-0.969237
0.373516
0.234596
-0.019318
-0.655873
0.285623
0.373882
-0.568651
0.234657
-0.916562
0.309366
0.406110
0.671499
0.092929
0.854732
0.582934
-0.592578
0.877194
-0.474715
-0.863094
0.280801
0.292093
-0.720756
-0.468673
-0.490036
-0.305094
-0.930235
0.918821
-0.202368
0.868099
0.559496
-0.214881
-0.601489
-0.421979
-0.707816
0.710623
-0.357219
-0.001984
-0.342326
-0.053621
0.315348
0.494675
-0.065035
-0.692434
-0.872860
0.925779
0.911863
0.652333
0.327921
0.416730
-0.913938
-0.803766
0.300150
-0.453902
0.647511
0.493210
-0.046419
-0.623890
0.691885
-0.618763
0.667165
0.602893
0.254738
0.131382
-0.737358
-0.126194
-0.182531
-0.090060
0.265114
-0.294473
-0.292398
0.378460
0.010773
-0.527573
-0.411725
-0.705130
-0.762078
-0.996216
-0.698904
0.955199
-0.152074
0.537645
-0.988403
0.455367
-0.891537
0.827387
0.641285
-0.288858
0.880978
-0.195288
0.867061
0.387616
-0.182653
-0.428755
-0.005463
-0.738578
-0.255226
-0.989990
0.568590
0.788446
0.466109
0.008271
-0.030061
0.041536
-0.720573
0.527818
0.454512
-0.786004
-0.961974
-0.323649
-0.185339
0.107273
-0.099643
0.600391
-0.672170
-0.690298
-0.388897
0.246803
-0.444868
-0.911374
0.916379
-0.304056
-0.633595
0.954161
-0.655080
-0.535020
0.399030
-0.905515
-0.840083
0.295999
-0.549974
0.232398
0.915952
0.676199
0.325541
0.618030
0.356975
-0.990173
-0.603198
0.814875
-0.918882
0.752678
-0.972228
0.151769
-0.806146
0.291299
0.747856
-0.293191
0.079989
0.904904
0.236122
0.574938
-0.613269
-0.230873
-0.775933
0.792901
0.312357
-0.514817
0.016327
0.214881
-0.054903
0.040559
0.401410
0.473922
0.866939
-0.075655
0.055513
0.739494
-0.784234
-0.950621
0.472457
-0.806574
-0.488937
-0.305582
0.369488
-0.219214
0.437910
0.449995
-0.359539
0.438765
0.866634
-0.457991
-0.649037
0.607471
-0.787774
0.927183
-0.866085
0.026154
-0.499435
-0.589770
-0.681570
-0.885922
0.291971
-0.108737
-0.271340
0.035066
0.999390
-0.902219
-0.699820
-0.010590
-0.479049
0.249550
-0.009796
-0.982421
0.937193
0.966796
0.800226
-0.803827
0.681997
-0.553453
0.287271
0.712027
-0.399701
-0.478195
0.055330
0.426862
-0.202490
-0.556200
-0.603687
0.101474
-0.655385
-0.392804
-0.246437
0.086154
-0.883297
0.766045
0.786554
-0.572069
0.852229
-0.490646
0.434065
0.730888
-0.671255
0.425153
0.948302
-0.187414
0.283731
-0.833064
-0.509018
-0.743400
-0.835078
0.253945
0.018159
0.330180
0.324992
-0.570116
-0.895322
0.371197
-0.332255
0.959716
0.977172
-0.811884
0.072054
0.996826
-0.106784
-0.103488
0.413251
-0.970336
0.119114
0.972777
0.348064
-0.381573
-0.890561
-0.484298
-0.791375
0.610767
0.666982
0.414838
0.982299
0.449141
-0.091281
0.087374
-0.008881
-0.155919
-0.844417
0.623341
-0.277749
-0.362712
0.284646
0.091098
-0.308817
0.030122
-0.880123
0.239784
-0.351909
-0.076693
-0.280129
-0.570971
0.150670
-0.762871
0.291910
0.562304
-0.703177
0.935057
0.466414
-0.939512
0.550829
0.155248
0.198523
-0.508469
-0.856441
0.522752
0.755547
0.122288
-0.526658
0.392926
0.649281
-0.713981
-0.167150
0.982360
0.770013
-0.295694
-0.525193
0.872188
-0.690603
0.198096
0.608997
0.700552
0.020783
-0.138829
-0.626881
0.331767
0.371197
0.392193
0.889706
-0.946043
0.300333
0.079012
-0.799677
-0.386883
0.909970
0.638844
-0.159642
0.158788
0.538926
-0.842280
0.369182
-0.463240
-0.582507
-0.388714
-0.761040
0.500961
-0.040254
-0.407147
0.124973
0.991089
0.945921
0.028047
0.088900
0.863582
0.526597
0.213294
-0.395489
-0.653554
-0.424604
0.015595
-0.490707
-0.444929
-0.790033
0.334574
0.840510
0.576952
0.591723
-0.521348
0.126255
0.845943
-0.699393
-0.156529
-0.508835
0.581225
0.251198
0.787164
0.287027
-0.399030
-0.511155
-0.206030
-0.570360
0.313028
-0.073397
-0.515610
0.748772
-0.468429
-0.064302
0.144688
-0.831050
-0.761528
-0.266396
0.951476
-0.979675
-0.542161
-0.071810
-0.028962
-0.594592
-0.682180
-0.140294
0.239296
0.150853
0.844356
0.412580
0.055696
-0.465316
0.278298
-0.125950
0.435469
0.490585
0.569933
0.488571
-0.042390
0.789056
-0.285257
-0.072420
-0.287454
-0.319498
-0.080599
-0.798273
-0.941771
-0.279031
0.237770
-0.924741
-0.205603
0.863704
-0.315592
-0.368755
0.001129
-0.436384
0.957152
0.325480
-0.707327
0.307596
0.395062
0.882015
-0.118748
-0.574938
0.776238
0.653737
-0.080782
0.654286
-0.279458
-0.503403
-0.338054
-0.979675
-0.883297
0.827631
0.381756
-0.316568
-0.893674
-0.569933
-0.519639
0.421735
0.755913
-0.582080
-0.390423
0.137242
0.512864
0.898373
-0.336528
0.202734
-0.796747
-0.636647
0.349162
0.648427
0.608997
0.460555
-0.645314
0.255226
0.028962
0.167333
-0.677419
-0.608142
0.323588
-0.074923
-0.711844
0.350871
0.874569
0.139622
-0.480148
-0.760125
-0.141881
0.946287
-0.221046
-0.674856
-0.782159
-0.416791
0.836177
-0.130955
0.970275
0.654347
0.318522
-0.364910
0.284890
0.102023
-0.802973
0.979919
-0.606006
0.836238
-0.243385
-0.772759
0.386517
0.576464
0.441145
0.206702
-0.732963
0.223853
0.244911
-0.428816
0.883053
0.507797
-0.614978
-0.357952
0.460372
0.013581
-0.055757
-0.141453
-0.622791
-0.796136
-0.352824
0.680776
-0.808466
0.195288
-0.744926
0.943846
0.472701
0.062593
0.281167
-0.665029
0.090976
0.228126
0.979553
0.713797
0.185156
-0.012665
-0.872494
-0.475692
0.618641
0.314005
-0.667165
0.696219
-0.084078
-0.300455
-0.880367
-0.342936
0.327616
0.318522
-0.189367
-0.875423
0.368755
0.109470
-0.441023
-0.823847
0.115024
-0.894406
0.332377
-0.374371
-0.812128
-0.849239
0.361370
-0.227821
0.997497
0.955382
0.105991
0.154210
-0.152684
0.256447
0.173864
-0.885372
-0.527940
0.116245
0.697928
-0.446394
-0.917356
-0.243568
-0.120212
-0.884396
0.089267
0.209082
0.765191
0.464705
0.977966
0.733024
0.102268
-0.323344
0.484970
-0.134800
0.834468
-0.401898
-0.784722
-0.633839
0.688040
0.453230
-0.483993
0.716056
0.815790
-0.047273
0.903745
0.792962
-0.386212
0.985107
-0.490890
0.200354
-0.515366
-0.577380
-0.140660
0.243629
-0.042512
0.895016
0.990539
-0.877377
-0.941160
-0.330302
-0.782708
0.723075
-0.357341
0.595508
-0.346171
-0.537584
0.464461
-0.670217
-0.904355
0.964782
0.044832
0.875423
-0.281961
0.630421
0.600757
0.357646
-0.584033
-0.335978
-0.835871
0.888424
-0.930845
0.690786
-0.226966
-0.593127
0.511521
0.398602
0.734367
0.452315
0.191626
-0.149388
0.463790
-0.683828
0.285257
-0.310648
0.382672
-0.400067
-0.739311
-0.788324
-0.308878
0.038850
-0.813288
0.349101
0.199622
-0.382488
-0.309061
0.389019
0.921567
0.129856
-0.189184
0.147069
-0.025605
-0.947874
0.748161
0.920896
0.288308
-0.125523
-0.157628
0.602954
0.084140
0.787347
-0.377606
0.806452
-0.433088
-0.505234
0.447493
0.988647
-0.223853
-0.067965
-0.158483
0.810358
-0.949156
0.569933
-0.083895
-0.376751
0.884030
-0.917905
0.414411
0.104892
-0.465499
0.722404
0.969054
-0.779473
-0.517258
-0.836970
0.994140
-0.215003
-0.300577
-0.660756
0.235145
-0.588672
0.745781
-0.189734
0.894528
0.747490
0.832942
-0.977294
0.532212
0.111301
0.437788
-0.283242
0.091220
0.502731
0.582568
0.744743
-0.896237
0.892270
0.950072
0.208899
0.776666
0.421552
-0.639210
-0.580554
-0.388653
-0.938963
-0.521165
-0.582263
0.833857
0.766900
-0.882443
0.256691
0.434980
-0.143956
-0.173559
-0.605029
0.285989
-0.771294
-0.250893
-0.934629
-0.243080
-0.746818
0.144261
0.443953
0.989257
0.733024
-0.274331
0.050630
0.303446
-0.564928
-0.446333
0.712333
0.880306
-0.484481
0.408063
-0.045320
-0.520371
-0.843501
0.158055
0.056307
0.983886
0.200903
-0.775140
-0.792413
-0.994018
-0.645741
0.722953
-0.433882
0.747490
0.454207
-0.094516
0.729484
-0.226905
0.177709
-0.717887
-0.382122
0.126316
-0.433454
-0.582934
0.895138
-0.617603
0.755852
-0.670827
0.175756
0.024934
0.761162
0.003815
0.476485
0.217200
0.360881
0.977660
-0.410871
-0.257790
-0.401898
-0.825190
-0.145116
-0.378033
-0.240333
0.928587
0.574816
-0.261269
0.431257
-0.271828
-0.393902
0.431806
0.706778
0.376263
-0.868954
0.432295
-0.257302
-0.132237
-0.575243
0.649464
-0.186010
-0.736747
0.254738
-0.842830
-0.229896
-0.492965
-0.453963
0.339457
-0.708914
0.465377
0.363994
0.368389
0.169408
0.181860
0.322794
-0.919553
-0.170812
0.316446
0.600330
-0.656911
-0.076937
-0.057100
0.739189
0.308145
-0.103610
0.890316
-0.659291
0.399945
-0.770135
-0.866634
0.382916
0.843196
0.787530
-0.689566
0.152013
-0.684439
0.704093
0.363872
0.288125
-0.311930
0.635304
0.930662
0.091342
0.077120
0.678091
-0.926817
0.952269
-0.304666
-0.623890
-0.559435
0.900510
-0.036042
0.779778
-0.240211
0.582018
-0.733695
-0.062044
0.688223
0.032746
-0.103366
-0.185217
-0.501328
-0.161168
0.684683
0.246864
0.499130
0.298013
0.363018
0.803461
0.597156
-0.073702
0.380535
0.352275
0.273293
-0.623585
-0.791314
-0.001617
-0.226417
-0.550035
0.843562
-0.738701
0.017670
-0.656423
0.775811
-0.089816
-0.071932
-0.094150
-0.825678
0.454512
0.638478
-0.954894
-0.558763
0.527024
0.425642
-0.896847
0.815912
0.723319
-0.572802
0.713309
-0.210425
-0.543626
0.621265
-0.973693
-0.693350
0.108921
-0.393597
0.030793
-0.669546
-0.745109
-0.221900
0.815851
-0.724479
-0.680105
0.069002
0.900510
0.731986
0.274697
0.366802
-0.091586
0.837092
-0.152501
-0.151036
0.673452
0.595569
-0.762505
0.974609
-0.101108
-0.628224
-0.742668
0.216590
0.802301
-0.479537
0.003998
-0.535936
-1.000000
-0.492233
-0.987243
0.551256
0.246010
-0.874935
0.981323
-0.830561
0.133763
-0.647206
-0.178381
0.808771
-0.680837
0.565966
-0.665639
-0.404218
0.845576
0.779473
0.225135
-0.125340
0.500656
-0.719474
-0.438093
-0.860286
-0.594592
0.047517
-0.966674
0.450728
0.106296
-0.067721
0.789300
-0.317606
0.045625
0.876095
0.594714
-0.308573
0.815912
-0.665456
0.370098
-0.266762
-0.334513
0.907773
-0.091342
0.114231
-0.797479
-0.887631
0.208960
0.718070
0.913266
0.477889
-0.470870
0.786737
0.256447
0.221534
-0.823298
0.530137
0.708609
0.510117
0.245705
-0.719108
0.784356
-0.895566
-0.780328
0.565416
-0.938475
-0.372112
-0.660634
0.389691
-0.653859
-0.231483
-0.514267
0.556383
-0.376446
-0.933103
-0.674184
-0.018036
0.879452
-0.599048
0.653188
0.607410
-0.646474
0.581286
-0.070406
-0.962889
-0.027741
0.029878
-0.408002
-0.865413
-0.938536
0.767693
0.150731
-0.637623
0.826838
-0.073946
0.629383
0.630970
0.919675
-0.148839
0.075228
-0.495285
0.647206
0.655995
0.999817
0.434492
-0.154454
-0.778069
-0.305704
-0.042268
-0.475814
0.371746
0.808649
0.500168
-0.232826
0.218482
-0.785150
-0.726371
0.334025
0.861751
0.286294
-0.673452
0.008637
0.403302
-0.507370
-0.401227
-0.587756
-0.221412
0.185827
0.851924
0.363750
-0.927427
0.281961
0.422651
-0.928953
-0.191259
-0.814631
0.703055
-0.704215
0.275735
-0.470687
0.687368
0.658437
-0.693472
0.268654
-0.758538
-0.549120
-0.821406
0.271706
-0.635853
0.791009
0.737968
0.241493
0.505173
-0.859737
-0.083590
0.110691
-0.477950
0.520615
-0.542711
-0.566942
-0.513840
-0.238929
-0.431867
0.107395
0.375469
0.607593
-0.494491
0.880673
0.968566
-0.470870
0.336589
0.245643
0.095676
0.200537
-0.381390
0.807672
-0.251991
-0.897458
0.954833
-0.563036
0.567553
-0.332621
0.051546
0.570116
-0.487716
0.859737
-0.698294
-0.746513
0.965148
-0.193274
0.826533
-0.057039
0.348308
-0.694937
0.896481
0.335856
0.304117
-0.979614
0.113865
0.981140
0.982543
0.062166
-0.314798
0.540086
0.663625
0.492233
-0.512375
0.253883
0.204505
0.959105
0.022370
-0.013703
0.464705
-0.120701
-0.731681
0.911557
-0.142796
0.326823
0.173009
-0.093112
-0.402142
0.256508
0.543382
-0.860897
-0.624561
-0.199499
-0.388531
0.981384
-0.624012
0.173742
0.901303
0.010590
0.595141
0.922422
0.099338
0.006623
0.647084
0.438398
0.464400
-0.770074
0.000763
0.455855
0.866512
-0.838862
0.265114
-0.890316
-0.526597
-0.134861
-0.686270
0.672414
-0.969420
-0.674062
0.772637
-0.066439
-0.388897
0.151524
0.829707
-0.341350
-0.620655
-0.890805
-0.387799
-0.357036
0.696768
0.650197
-0.108615
-0.532701
-0.096896
0.926572
0.764458
0.717338
-0.309305
-0.411481
-0.153478
0.860408
0.817438
0.787225
-0.926328
0.098300
-0.314554
-0.274819
0.438032
-0.701224
-0.638722
0.621998
0.013642
-0.216956
0.492904
0.324808
-0.416181
0.769890
0.077486
0.177404
0.606067
0.100864
-0.228126
0.289346
-0.439253
-0.499130
0.608264
-0.207373
0.829585
-0.572008
0.951109
0.263222
0.070406
-0.037568
0.127720
-0.594165
-0.169408
0.262612
-0.628651
-0.738395
0.046663
0.590320
0.952208
0.160314
0.218421
0.985046
-0.123203
-0.856929
-0.615345
0.155126
-0.409223
0.615162
0.194006
0.692007
-0.981262
-0.889523
-0.484603
-0.624378
0.239479
0.802484
0.528855
-0.908872
-0.873714
-0.052156
-0.988891
-0.765313
0.636586
-0.614429
-0.831294
-0.231849
-0.563768
0.558214
-0.388226
0.695975
-0.335551
-0.397015
0.092074
-0.054659
-0.688589
0.355083
0.165685
-0.846797
0.894833
-0.677664
0.527818
0.962767
-0.382427
0.817621
-0.547655
-0.639515
0.832881
0.752739
0.137364
-0.324381
-0.263161
0.212622
-0.171361
0.423933
-0.612842
0.675710
-0.858699
-0.297525
-0.152562
0.793390
0.154393
0.253456
0.344401
0.592822
-0.641591
0.614734
0.702078
0.171300
0.009125
0.226661
-0.837642
0.230262
0.706046
-0.587756
0.158849
-0.084567
-0.698294
0.661122
-0.012665
-0.162938
0.475021
0.013031
-0.514939
-0.033479
0.310099
0.273049
-0.370830
0.972411
0.294351
-0.369549
0.283181
0.505417
-0.071871
-0.888668
0.792230
-0.539415
-0.399518
-0.399396
-0.977599
-0.604480
-0.936399
-0.268044
0.418256
0.539109
0.970275
0.042451
-0.247108
-0.326029
0.792779
-0.910337
-0.111850
-0.150365
-0.831111
-0.820124
0.082308
0.737602
0.365398
-0.835810
-0.345805
-0.764092
0.774529
-0.354289
-0.816523
0.849788
0.432478
0.916379
0.934935
-0.664602
-0.314249
-0.729728
-0.701041
0.414777
0.346965
-0.639027
-0.630116
0.627003
-0.479659
-0.850520
0.202185
0.382488
-0.369610
-0.769829
0.778558
-0.436995
-0.244484
-0.149022
-0.155492
-0.420637
0.324870
0.011139
0.125706
-0.751274
0.539537
-0.999878
-0.817988
0.661367
-0.231178
0.555589
0.275491
0.874996
0.003449
-0.356059
0.288736
-0.496872
0.128941
0.020112
0.005524
0.441389
0.463485
-0.283609
0.343669
0.865169
-0.648305
0.845393
0.282815
-0.931394
0.467757
0.715934
-0.592334
0.509079
-0.034883
-0.182348
0.827570
0.320963
0.864315
0.655507
0.656667
-0.959227
-0.301737
-0.760613
-0.608509
0.867489
0.328288
0.746818
0.458541
-0.081210
0.267495
0.460128
0.452986
0.797174
-0.647267
-0.692495
-0.572741
-0.471541
-0.376263
-0.662343
0.407392
0.037690
0.711783
-0.970214
-0.854244
0.149571
-0.922971
-0.982360
0.910337
0.609180
0.781671
0.342753
-0.246620
0.967772
0.386761
-0.393536
-0.257179
0.241310
-0.983764
-0.891903
-0.690847
0.202429
-0.487045
0.743156
0.241981
0.410932
0.892331
0.352886
-0.209021
-0.519578
-0.459639
0.338420
-0.292520
-0.595996
0.334819
0.543199
-0.999145
0.837031
-0.963561
0.518479
-0.325236
0.928953
0.128269
0.133274
-0.469588
-0.566210
0.535386
0.568468
-0.119480
0.376873
0.748405
0.989257
-0.906796
-0.884213
-0.014801
0.549547
0.542528
-0.892697
-0.116489
0.460982
-0.199194
-0.935545
-0.394330
0.250710
0.897275
0.527940
-0.351970
0.373272
-0.748222
0.717948
0.618274
0.024506
-0.690909
0.801202
0.861507
-0.488266
-0.522568
-0.294473
-0.320231
-0.639210
-0.971557
-0.269997
0.057161
-0.751396
-0.352580
-0.016327
-0.894955
0.811457
-0.410627
-0.049593
-0.333293
-0.777459
0.103732
-0.046968
0.431684
-0.200903
-0.680898
0.102084
-0.641041
-0.604175
0.343791
-0.660146
0.785150
0.606189
0.110569
-0.230079
-0.624928
-0.661428
-0.603320
0.719047
0.500656
0.319803
-0.034455
-0.922056
0.896664
-0.752800
-0.275246
0.145299
-0.723502
-0.191687
-0.089206
0.125095
-0.987609
-0.022126
-0.554125
0.416608
-0.277627
-0.233009
0.233924
0.807184
-0.078829
-0.829829
-0.907468
-0.846736
-0.712455
0.601306
-0.093417
0.193152
0.345317
-0.784845
0.672842
0.483932
-0.986633
-0.386822
-0.571703
0.388226
0.066134
-0.953429
-0.282327
-0.135594
0.758782
0.946226
0.809320
0.675649
0.813105
-0.324625
0.656117
0.576464
0.888058
-0.227027
0.236061
-0.705435
-0.951292
-0.589404
-0.531419
0.978271
-0.754204
-0.675283
-0.271828
-0.122532
-0.909482
-0.193518
0.455489
0.806391
0.113804
0.823908
-0.550707
-0.225074
-0.537156
0.125645
0.731742
-0.191076
-0.276833
-0.448164
0.790521
0.130284
0.060945
-0.035310
-0.521897
-0.591968
0.110202
0.949583
0.200415
-0.289956
-0.326945
0.182836
0.326273
0.477035
-0.324259
0.986572
0.069674
-0.050203
0.026704
-0.242897
-0.953978
0.452071
0.782891
0.797723
0.887265
0.869991
-0.482406
0.014985
0.334696
-0.731376
-0.580065
0.675832
-0.148961
-0.820490
0.633168
0.952452
0.100192
0.704886
0.626087
-0.063448
-0.050691
-0.331645
0.019318
0.168920
-0.828913
0.699087
0.168249
-0.691580
0.441511
-0.022370
-0.090121
-0.418195
0.570849
-0.201025
0.904782
0.833064
0.509568
-0.459517
-0.852229
0.136021
-0.705496
-0.433699
0.314676
0.478744
-0.935545
-0.242836
-0.577929
-0.074862
-0.278115
-0.371319
0.875057
-0.349162
0.811823
-0.220740
0.457320
-0.819880
-0.857356
-0.621876
0.057283
0.485336
-0.000885
0.938108
-0.385540
-0.681936
-0.444990
-0.776360
-0.788873
-0.877987
0.517258
0.589831
-0.472091
0.399091
-0.905576
-0.546495
-0.544786
-0.569811
-0.555284
-0.986389
0.031465
-0.659658
0.909177
-0.721976
0.734489
0.806879
0.325663
0.439863
-0.529527
-0.587756
0.330912
-0.426069
-0.408002
-0.629200
0.731132
-0.623829
-0.930601
-0.103793
0.202429
0.676382
0.356670
0.886227
0.107456
-0.599841
0.956236
0.077914
-0.722709
0.611866
-0.160619
-0.485275
-0.457869
-0.189001
-0.669424
0.098483
0.874691
0.704093
-0.788568
0.378887
-0.234718
-0.327372
-0.957579
0.492233
0.437544
0.693167
0.554186
0.143590
-0.872799
0.517380
-0.574450
0.937681
0.210242
-0.942015
-0.386029
-0.163854
0.752495
-0.450056
-0.554491
0.514573
0.433638
0.580004
0.198889
0.431990
0.440901
0.295877
0.637745
0.023652
0.149510
0.420515
-0.391705
0.338115
-0.263222
-0.571581
-0.009430
-0.394513
0.864803
0.443525
-0.117832
0.748955
-0.647267
0.499741
0.706473
-0.205969
0.853938
-0.431318
0.226600
0.570055
-0.891964
0.886227
0.639698
-0.684256
-0.869503
0.153844
-0.368267
-0.734733
0.909055
-0.648549
-0.968139
-0.893918
-0.244667
-0.431990
0.862850
0.286538
-0.289895
-0.530076
0.508347
0.590075
0.167882
-0.191321
0.194006
0.771477
0.029084
-0.133580
-0.740959
0.534959
0.394940
-0.847102
0.313028
-0.785821
0.632130
-0.369488
-0.242225
0.323466
0.891964
0.447615
-0.828974
0.843440
-0.453963
-0.656545
-0.335856
-0.896115
-0.857173
-0.187841
0.499802
-0.374248
-0.274026
-0.630055
0.718619
0.561632
-0.961852
0.504563
-0.735160
0.207068
0.145604
0.679617
0.248756
-0.585742
0.683096
0.976562
0.782037
0.132298
-0.342509
-0.813654
-0.469588
-0.043489
0.426618
-0.452071
0.352763
0.130284
-0.244850
0.856563
0.091037
0.930540
0.799921
0.049471
-0.982604
-0.008454
0.382366
0.935667
-0.186560
-0.591052
-0.181127
0.505600
0.098605
0.173254
0.788018
-0.180578
-0.408307
0.663747
-0.519822
-0.960509
-0.191931
-0.868770
0.195044
-0.027802
-0.273110
0.876827
0.567614
0.046602
0.641896
-0.637318
0.490463
-0.762383
-0.186804
-0.376019
0.583544
-0.553514
0.036531
-0.433454
0.971374
-0.142796
0.218055
0.533616
-0.940367
0.455123
-0.772027
0.421308
-0.533921
0.713736
0.105869
-0.770867
0.631336
-0.243690
-0.418134
-0.425031
0.846187
-0.586535
0.931944
-0.773431
0.569079
0.916684
-0.768914
0.305765
0.325724
-0.456771
-0.933226
-0.789239
-0.554247
-0.442671
-0.811884
-0.883175
0.336528
-0.673086
0.993042
-0.772454
0.010895
-0.371746
0.701895
-0.110996
-0.771538
-0.317789
0.118809
0.467818
0.911313
-0.083163
0.782159
0.074801
0.904355
0.263710
-0.718986
-0.839167
0.769402
0.235084
0.897763
0.148534
-0.077120
-0.525071
0.911313
-0.474654
-0.836970
0.202246
-0.622852
0.892026
0.196753
0.774346
-0.054842
0.989380
-0.767144
-0.822260
-0.870052
0.650441
0.456648
-0.371136
-0.368694
0.233863
0.447798
0.933226
-0.986328
0.508530
-0.827265
-0.338115
0.547044
-0.648732
0.772271
-0.151341
-0.031648
-0.065279
0.499924
-0.300882
0.136753
-0.707999
0.312296
0.965880
0.916440
0.263955
0.825983
0.041658
-0.035615
-0.159764
0.763237
0.821345
-0.357952
0.524888
-0.059053
-0.471664
-0.827631
0.512253
0.574084
-0.160192
0.953368
0.673208
-0.308206
-0.957701
0.984252
-0.849239
-0.986511
-0.445601
-0.534532
-0.323527
-0.328654
-0.643544
0.528428
0.406415
0.831904
0.328654
0.699149
0.444502
-0.564074
-0.419294
-0.878292
-0.602466
0.153783
-0.949522
0.299051
-0.996948
-0.799921
-0.029084
0.878292
-0.340739
0.298807
-0.579760
-0.618824
0.441877
0.465377
0.264504
-0.761345
0.084811
-0.495468
-0.965270
-0.164037
-0.819758
0.922422
0.937498
0.632923
0.175939
-0.396588
0.843135
-0.307840
0.835444
-0.358623
0.880490
0.140660
-0.683096
0.343608
-0.981628
0.284219
-0.028901
-0.444563
-0.665944
-0.652211
-0.926511
0.774590
0.892819
-0.980041
0.284219
-0.466964
-0.125828
-0.321818
-0.470626
0.922727
0.484603
-0.822443
-0.947386
-0.566332
0.412702
-0.499313
-0.104404
0.232521
-0.901730
-0.753044
0.124424
0.125828
0.816767
0.631031
-0.071566
-0.416669
0.763665
0.698782
-0.854427
-0.847407
-0.894711
-0.021943
-0.965148
-0.219337
0.116489
0.907773
0.807550
-0.158849
-0.531114
-0.239357
-0.753105
-0.929685
-0.072909
0.636097
0.806940
0.314615
0.003082
-0.543565
-0.170812
0.775750
0.798944
0.503342
-0.875118
0.400555
0.796442
-0.924558
0.141758
0.739677
0.461043
-0.330241
-0.110630
-0.112156
-0.356792
0.418134
-0.859859
-0.176061
0.359172
-0.459395
0.257424
-0.748894
0.762017
0.265725
0.037812
-0.063265
0.942137
-0.184606
0.280251
-0.762993
-0.559313
-0.966124
-0.190344
-0.114353
0.485275
-0.715629
0.387249
-0.462203
0.020478
-0.610584
0.023347
0.604541
0.551439
-0.005158
-0.003143
-0.680715
0.296609
0.448653
0.843623
-0.102939
-0.436323
0.806452
0.536607
0.378765
-0.352641
0.977111
0.860103
0.526719
0.252480
0.967833
-0.636280
-0.676443
-0.408673
-0.913633
0.516953
0.952269
0.350688
-0.589587
-0.416486
-0.792840
0.629322
-0.945128
-0.194617
-0.372295
-0.533860
-0.272927
-0.551439
-0.491562
0.863582
0.431196
0.598560
0.372784
0.236549
0.306497
-0.148106
-0.668996
0.627857
0.466292
-0.166845
0.514939
0.575915
-0.675283
-0.053133
-0.622730
0.141148
0.394452
0.983215
0.085177
-0.328898
-0.685049
0.493515
0.748405
0.967284
0.717765
-0.204138
-0.719901
-0.239601
0.179968
0.729789
0.888180
-0.150182
0.427290
-0.507981
0.898434
0.858638
0.050325
0.835505
0.361431
-0.945677
-0.385784
-0.409040
-0.838557
0.982299
-0.954955
0.022858
0.471358
0.250832
0.674306
-0.632435
0.188086
0.675771
-0.315531
-0.912595
0.428266
-0.010102
0.741264
-0.934080
-0.100803
-0.725089
-0.194555
-0.360271
0.618702
-0.205847
-0.112217
0.359783
-0.389264
0.444929
0.121067
-0.292154
0.400861
-0.078524
-0.583422
-0.576769
0.080477
0.496261
-0.244911
-0.286966
-0.219459
0.666372
-0.087130
0.072970
-0.881954
-0.995666
-0.469466
0.889523
-0.875729
-0.254372
0.494552
0.624317
-0.331278
-0.911557
0.980224
0.998047
-0.753105
0.001740
-0.357097
-0.532029
0.788446
0.292337
-0.849788
0.984191
-0.813410
-0.152074
-0.881283
0.910947
-0.978942
-0.905637
0.782769
0.195349
-0.533250
-0.352824
0.048433
0.061983
-0.451033
0.235084
-0.244240
0.779290
-0.205603
0.634083
-0.101962
-0.245949
-0.970275
-0.104648
0.447981
-0.661916
0.045320
0.112583
0.524155
0.558763
0.111667
0.313517
-0.058626
0.751274
-0.134373
0.893979
0.153966
-0.956297
0.287515
-0.282632
0.566637
-0.925596
-0.431074
0.791009
-0.068148
0.200964
0.658681
-0.617237
0.655934
-0.185217
-0.391400
0.719047
-0.783990
0.638295
-0.230934
-0.052095
0.569689
-0.538804
-0.502609
0.939695
-0.443525
-0.644276
0.713187
0.006623
0.919065
0.243629
0.724906
-0.240577
0.914731
0.181005
0.058504
0.496506
-0.828425
-0.211646
-0.742668
0.722526
0.463485
-0.443953
-0.324015
-0.161657
-0.464766
0.429365
0.402631
-0.469588
0.929319
-0.905332
1.000000
0.304361
0.779351
-0.821833
0.623096
0.318461
0.457869
0.478561
0.449812
0.416425
0.619312
0.173498
-0.325297
0.365642
-0.810785
-0.693655
-0.643788
-0.712821
-0.084384
-0.532823
-0.442305
-0.727103
0.886959
0.216590
-0.004975
-0.174963
0.876034
0.320597
0.624805
-0.529160
0.626392
0.880001
-0.984802
0.109165
-0.862423
-0.596606
-0.158300
0.441145
0.557848
0.841609
-0.918638
-0.831538
-0.059542
0.074496
-0.796258
-0.504318
-0.582385
0.949278
-0.551439
-0.351543
-0.028535
0.675100
-0.637196
-0.772271
0.499924
0.622547
0.378216
-0.229286
-0.539598
-0.531602
0.743950
-0.615467
-0.416669
-0.681997
0.083102
0.644642
-0.834956
-0.577685
-0.007965
0.616871
-0.935240
-0.832698
0.588305
0.393292
0.199805
-0.517930
0.516770
0.147008
0.698416
-0.961241
0.475448
-0.082614
-0.064425
0.072604
0.764580
-0.007782
0.681265
0.537034
0.572802
-0.822077
0.218299
-0.767327
0.790826
-0.221839
-0.319742
-0.346416
-0.591784
-0.607837
0.871029
-0.202918
-0.829035
-0.729118
-0.898679
-0.629322
-0.010773
0.997436
-0.734184
0.598132
-0.736991
0.109043
-0.224219
0.348186
0.051363
-0.763054
-0.879330
0.007843
-0.388165
-0.012421
0.431745
-0.943846
0.728874
0.257363
0.004120
-0.695120
-0.692740
-0.561632
0.422163
-0.435286
-0.968993
0.279824
0.421979
0.471969
0.282388
0.419599
0.312601
-0.254494
-0.192846
-0.374371
0.869381
-0.354289
0.272744
-0.470199
-0.236122
-0.474227
0.031953
-0.317606
0.760613
-0.839900
0.169164
-0.597339
0.317850
0.370403
-0.364483
0.561144
-0.583666
-0.693411
-0.896908
-0.640614
0.008026
-0.933592
-0.235023
0.096957
0.532029
-0.345012
-0.680410
0.963622
-0.060945
-0.512864
0.537339
0.452132
-0.551988
-0.350505
-0.297647
0.318583
-0.001556
0.620594
0.984924
-0.522324
-0.526902
0.222083
0.835383
-0.374248
-0.250954
0.951537
0.810663
0.405988
-0.353191
-0.221656
0.842769
-0.313150
-0.854976
-0.977905
0.345805
0.755486
0.225257
-0.421674
0.794000
-0.254189
-0.656911
0.384503
0.953734
-0.168126
-0.845759
0.233680
-0.363811
-0.765130
0.387921
-0.971679
0.853694
0.140843
