-0.638539
0.305582
0.635914
0.527573
-0.237526
0.918455
0.018097
-0.210181
0.770684
-0.437971
-0.811090
-0.318827
0.605762
0.328837
-0.774773
-0.890622
0.330363
-0.328104
0.972289
0.835444
-0.632313
-0.972839
-0.495224
0.911557
-0.139866
0.971007
0.838191
0.855281
0.447859
0.100864
-0.046358
0.230201
0.798334
0.326640
0.139134
-0.680349
-0.336528
-0.799371
-0.544176
-0.814631
0.466231
0.626331
0.921690
0.687857
0.209143
0.841243
0.931394
-0.199622
0.032929
-0.615833
0.340007
-0.658681
-0.583422
0.252846
0.737968
-0.900754
-0.553819
-0.859737
-0.892087
0.923460
0.493881
0.791375
0.052461
-0.432173
-0.603015
-0.431196
-0.405988
0.108615
0.850581
0.295328
-0.555773
-0.329875
-0.157628
0.245399
0.788568
0.243629
-0.095126
-0.628834
0.326518
-0.073763
0.442610
-0.500168
-0.510544
0.537217
0.376568
0.244850
-0.604297
0.269570
0.871517
-0.147740
-0.271401
0.093051
-0.044527
0.805292
-0.060335
-0.069552
0.551073
-0.409833
-0.764580
-0.044893
-0.985412
-0.372356
-0.882992
0.932066
-0.991699
0.404157
-0.771722
0.009186
-0.052217
-0.268227
0.198035
0.299112
0.791314
0.096530
0.547899
-0.769646
0.131626
-0.715201
-0.898068
0.239357
-0.972533
-0.316202
0.173009
0.969359
-0.402142
0.756645
0.344157
0.860775
0.898129
-0.882382
-0.037141
0.173803
0.993774
-0.357341
0.032868
0.042207
-0.874264
0.250710
-0.115635
0.137364
0.204138
-0.325541
0.464400
-0.955077
0.059542
-0.954588
0.920408
-0.696097
0.403729
0.992065
-0.474044
0.650929
-0.055940
-0.812860
0.268410
-0.249489
-0.412702
-0.404157
0.382366
0.685476
0.809687
-0.353862
-0.375042
0.221473
-0.752922
-0.785455
0.843928
-0.460005
-0.879940
0.096408
0.415815
-0.060884
0.614917
-0.000702
-0.480148
-0.291849
-0.238746
0.948729
-0.930845
0.621632
0.710929
0.713370
0.212622
0.265053
-0.562059
0.395978
-0.618702
0.657643
-0.397443
0.506699
-0.555589
-0.109836
0.468795
0.460738
-0.035798
0.295206
0.599963
-0.670766
0.164769
-0.504257
-0.846065
-0.963683
-0.992492
-0.789178
-0.842708
0.908078
0.059542
-0.999023
0.071383
-0.613453
-0.626331
-0.021638
0.705374
-0.579028
-0.670034
0.782647
0.551683
0.289224
-0.603626
0.045198
0.382366
0.210608
-0.528062
-0.419172
0.730766
-0.044710
0.008332
-0.801874
0.020295
0.592822
-0.981262
0.594409
-0.546617
0.061556
-0.926389
0.312906
0.657826
-0.908872
-0.584216
-0.230323
-0.060579
0.784600
-0.145482
0.329875
0.255959
-0.766289
0.979919
0.558214
0.222816
0.473067
-0.626453
-0.625111
-0.209998
-0.369243
-0.638295
0.172643
-0.886166
0.256142
0.314371
0.152501
-0.881222
0.975829
0.744743
0.817621
-0.839473
-0.099277
0.377728
-0.895322
-0.365276
0.647633
-0.486801
0.459517
0.366131
-0.415510
-0.835444
0.260048
-0.007965
0.258889
0.162694
0.752434
0.566881
-0.617969
-0.785882
0.522019
-0.460494
0.105319
-0.425275
0.622913
0.062288
-0.950194
-0.243446
0.888974
-0.722159
-0.387921
-0.495590
0.108005
-0.256874
0.414899
0.082308
0.613025
-0.343974
0.601672
0.265053
0.534715
0.636708
-0.608936
-0.687735
-0.681631
0.745964
-0.653859
-0.613697
0.505417
0.720695
0.857784
0.281533
-0.621632
-0.026337
0.673635
0.328104
-0.111728
-0.760552
-0.651112
0.272317
-0.722526
0.068026
-0.003265
0.128574
0.364666
-0.942259
-0.800226
0.904965
-0.900449
0.709342
-0.820124
-0.970580
-0.220130
-0.321024
-0.835810
0.774163
0.597827
-0.700064
-0.354289
0.283975
0.624134
0.391644
-0.538011
-0.754814
-0.358135
-0.324198
-0.364299
-0.825251
0.958861
-0.660451
-0.492477
0.778436
-0.234779
0.549608
0.030183
0.431318
0.710379
0.282876
0.817377
0.056551
0.083102
-0.604480
-0.149022
0.239418
0.121494
0.786798
-0.497909
0.128330
-0.702933
-0.707694
-0.357707
-0.677786
-0.191748
0.012543
0.089450
-0.871639
0.610828
0.921018
0.462691
-0.798639
-0.179296
-0.326395
0.764702
0.845943
0.948485
-0.862239
-0.648000
-0.073641
-0.649403
-0.486496
0.285684
-0.810968
0.645741
-0.162023
0.715934
0.181005
0.335795
-0.482894
0.654408
0.886593
-0.013092
-0.946654
0.783685
-0.798334
0.094211
0.555956
-0.760613
-0.661000
-0.884457
0.469222
-0.192419
-0.354106
-0.405255
-0.023103
-0.009674
-0.945921
-0.266457
-0.475448
-0.482467
-0.215857
0.755547
-0.931700
0.183996
-0.412458
0.899350
0.033906
0.271401
-0.805536
0.925291
-0.607410
0.581408
-0.926572
0.910031
0.386883
0.741935
0.027924
-0.321451
-0.716239
0.830866
-0.286416
-0.065584
-0.983764
-0.628162
-0.848323
0.360393
0.222755
-0.612964
-0.345073
0.558763
0.678335
0.636464
-0.498398
-0.264443
-0.459517
0.338420
-0.292520
0.108921
0.165990
-0.819391
-0.575365
-0.480758
0.081881
0.518479
-0.500412
-0.047151
-0.055513
-0.023408
0.023957
0.723319
0.707816
0.782586
-0.519944
-0.468307
-0.086947
-0.546007
0.030610
-0.579577
-0.479720
0.863704
-0.452376
0.116306
0.585314
0.662160
0.520249
0.110263
-0.579821
0.673086
-0.981017
0.647450
0.283914
-0.206397
-0.652699
0.313334
0.247230
0.330180
-0.936522
0.166906
-0.042695
0.509262
0.665029
-0.454756
0.933958
0.265175
-0.971557
-0.599048
-0.052828
-0.773186
-0.589038
-0.501328
0.245643
0.824885
0.304971
-0.743583
-0.035005
-0.542589
-0.213904
0.690481
0.551439
-0.194861
0.408185
-0.500229
-0.627674
0.985046
0.239967
-0.032685
-0.075411
-0.016327
-0.560656
-0.024567
-0.256142
0.125278
-0.687002
0.005951
0.033052
0.399884
-0.036348
0.722221
0.960997
-0.358867
0.780816
0.271035
0.429670
0.665151
-0.882382
-0.207312
-0.333476
0.755608
0.865474
0.642140
0.662587
0.543870
-0.559557
-0.858943
-0.078829
0.982421
-0.384136
-0.249245
0.230445
-0.583850
0.011750
0.264138
0.013703
-0.190954
0.256508
0.228126
-0.986633
-0.073580
0.938475
0.186865
0.105808
-0.284951
0.610340
0.501755
-0.432905
-0.277871
-0.645009
-0.098788
0.919492
0.162511
-0.347392
-0.326945
-0.596484
0.487228
0.806330
-0.328104
-0.951292
0.330180
-0.075533
-0.602954
-0.140782
0.772393
-0.296304
0.365215
0.750786
0.076876
-0.941282
0.790582
0.053011
-0.554552
0.064791
0.393780
0.325602
-0.056856
0.488693
0.756462
-0.276833
-0.861629
-0.584521
-0.981567
0.649281
0.186865
0.722037
0.635243
0.115329
-0.496628
0.755608
-0.861324
-0.733512
-0.304788
-0.034211
0.528672
-0.324259
-0.291055
-0.272744
-0.804010
-0.274758
0.123325
-0.398114
-0.385907
-0.173925
0.715384
0.088473
0.435041
0.569933
0.752373
-0.608020
-0.390912
0.059420
-0.431440
-0.182043
0.208960
0.287454
-0.307840
0.530992
0.102329
0.510056
-0.456893
0.791498
-0.164892
-0.504990
0.895199
-0.344829
0.283547
0.194067
-0.441694
-0.521897
0.565416
0.347880
-0.323893
0.992370
0.687063
-0.174352
0.535142
0.612476
-0.766655
-0.508286
-0.574755
0.636952
0.246864
-0.513474
0.478744
-0.460799
-0.512436
0.605823
-0.496323
-0.021577
-0.455672
0.840327
-0.349162
0.309305
0.654836
0.598926
0.762505
0.863521
-0.572985
-0.397565
0.890378
-0.387555
0.721671
-0.908506
0.821894
-0.529160
-0.906552
0.060518
0.282266
-0.211707
0.589831
0.707633
-0.142491
0.144993
-0.837947
0.868831
-0.569811
-0.717826
-0.586901
0.325968
0.376324
0.020173
0.933409
0.423688
-0.483322
-0.977721
0.770379
0.737968
0.061190
-0.275674
0.840205
0.135228
0.591845
0.254616
-0.491623
0.266396
-0.103793
0.800470
-0.188025
-0.987915
-0.955138
-0.170629
0.630360
0.125217
-0.516343
0.440352
-0.681509
0.909421
-0.501938
0.824152
0.009857
0.543321
0.755364
-0.510178
0.916868
-0.645924
-0.579394
0.412763
0.370830
0.817133
0.299051
0.121128
-0.830439
-0.907590
0.529283
-0.632740
-0.543199
0.606738
-0.942991
-0.225990
-0.452925
0.900510
0.586779
-0.149083
0.698904
-0.554491
0.862911
-0.287332
0.038972
-0.958922
-0.296609
-0.522935
0.995972
0.109470
0.533982
-0.408612
-0.819575
0.401471
0.667226
-0.339274
0.564867
-0.668386
-0.202002
-0.226112
-0.302591
0.657155
0.367412
0.020173
-0.664968
0.071749
0.283303
-0.731559
0.538438
-0.123630
0.799493
-0.750664
0.915464
0.639698
-0.024384
0.242286
-0.169408
-0.465987
-0.764946
-0.717887
-0.580981
-0.968139
0.003693
0.951476
0.656667
0.514084
0.286538
0.700247
-0.591723
0.508347
-0.972228
0.297098
0.642689
0.145604
-0.673635
0.428083
0.935484
-0.251625
0.485397
0.037996
-0.966124
-0.134922
0.923704
-0.548753
0.207556
-0.828364
-0.242714
0.650563
0.419599
-0.296243
0.638966
0.716178
0.638173
0.762139
-0.161718
0.760552
-0.496811
-0.025605
-0.450240
0.321696
0.697501
0.718619
0.704215
-0.961852
-0.401715
0.193213
-0.291665
-0.538316
0.263710
-0.958861
-0.992615
-0.653005
-0.791498
0.263344
-0.638478
-0.430036
0.160070
-0.328532
-0.812494
0.283120
-0.741020
-0.751762
-0.394818
0.043306
-0.488449
-0.559435
0.422163
0.463057
-0.233619
0.116245
0.415204
-0.951109
-0.502121
-0.338237
0.095431
-0.890011
-0.390790
-0.020661
0.126438
-0.407270
-0.984497
0.621509
0.435957
-0.155309
-0.121311
0.326090
-0.623585
-0.141697
0.932676
-0.711295
-0.044649
0.973266
-0.725333
0.647389
-0.204627
0.293985
-0.929258
-0.908444
0.749931
0.653981
-0.448775
-0.647328
0.681997
0.016449
-0.769341
-0.465987
0.362529
0.513474
-0.064058
-0.897702
0.089877
0.155370
-0.250160
0.980285
0.500107
0.329875
0.658010
-0.392193
-0.425031
0.566637
-0.219275
0.900571
-0.686697
-0.667348
0.177526
-0.736564
0.569506
-0.604907
0.372539
0.015900
-0.712333
-0.538011
-0.098544
0.898984
-0.211158
0.233070
-0.837825
0.911740
0.564074
-0.083285
-0.703238
0.312845
0.155370
-0.273049
0.395550
-0.089633
0.044221
0.651173
0.243934
-0.047456
-0.673513
-0.161412
0.596484
-0.419904
-0.073885
-0.839961
0.653737
0.862667
-0.579882
0.397504
0.011505
0.669729
-0.121189
0.061190
0.102329
-0.658437
0.489059
0.055879
-0.984985
-0.783624
0.035676
-0.958861
0.389386
0.472152
-0.189489
0.157811
-0.371136
0.681692
-0.098605
-0.945982
0.034333
-0.276101
-0.870235
0.899411
-0.260720
-0.413495
0.235206
-0.927000
-0.016083
-0.806635
-0.550645
0.199805
0.898312
0.768609
-0.457930
-0.823115
0.593493
-0.007721
0.881893
-0.301187
-0.715629
0.497787
0.268349
0.924070
-0.061617
0.522935
0.472701
0.329508
-0.878292
0.969359
-0.387249
0.146214
0.561083
0.658620
0.713736
-0.466353
0.909360
-0.138951
-0.849239
0.778680
0.266030
0.060518
-0.340434
-0.820795
-0.206580
0.528428
0.562365
-0.051057
-0.383709
0.004364
-0.121494
0.274514
0.114231
0.865658
-0.262917
0.798944
0.856441
0.375591
-0.996948
-0.608203
-0.029084
0.281777
-0.367901
0.727470
-0.702322
0.395978
0.754631
-0.666311
0.760674
-0.474044
0.614490
-0.438765
0.462264
-0.854183
-0.666616
0.922422
-0.849239
0.821284
-0.622791
-0.850093
-0.786431
-0.307840
0.895749
0.531175
0.460677
0.030915
0.043794
-0.793756
-0.838191
0.284219
0.028230
-0.623402
0.192785
0.343913
0.401593
-0.661061
-0.678701
0.138707
0.830866
0.682180
0.247475
0.314676
-0.970824
-0.420576
-0.556078
0.038179
-0.866451
0.482345
0.333964
-0.080966
-0.916807
0.232521
-0.371136
-0.753044
-0.553636
-0.654408
0.982238
0.752434
-0.982971
0.384930
0.072115
0.215674
-0.859859
0.896420
0.838252
0.302225
-0.239418
0.208655
0.481735
-0.567736
0.085360
0.631825
0.672414
-0.804682
-0.086947
0.060274
-0.072909
0.965453
-0.955565
0.834468
-0.862728
-0.593493
0.650868
-0.431013
-0.939329
-0.923948
0.282327
0.400555
0.106967
-0.924558
0.436079
-0.822871
0.232643
0.413984
0.339518
-0.112156
-0.592822
0.756279
-0.943236
-0.176061
0.741935
0.711112
-0.282327
-0.628407
0.762017
-0.088961
-0.845027
0.607349
0.940733
-0.048311
-0.847163
-0.295022
-0.192602
-0.041414
-0.709769
0.695853
0.265297
-0.715629
0.684194
0.082614
0.020478
0.576525
-0.294778
-0.232521
-0.823908
-0.117893
0.144261
-0.549059
-0.195410
-0.729667
0.304178
0.400678
0.010773
0.557176
-0.470687
-0.385296
-0.981689
-0.293863
-0.564623
0.930723
0.270302
-0.846858
0.597766
-0.969176
-0.540269
-0.751335
-0.748650
-0.707450
0.350688
0.622608
0.476669
-0.003815
0.187170
0.088595
-0.886654
-0.336955
-0.987854
-0.625660
0.597156
0.047334
-0.006134
-0.658315
0.309732
0.762627
-0.281350
0.605823
0.735649
0.193030
0.627857
-0.339213
0.900571
-0.745842
-0.961608
0.174169
0.616871
-0.650014
-0.266762
-0.671255
-0.685476
-0.752434
0.080905
-0.498032
-0.351787
0.889035
-0.495407
-0.004852
-0.564867
0.854427
0.812922
0.714591
-0.520798
0.237770
-0.339640
-0.907651
0.378094
0.646352
-0.349528
0.773858
0.815607
-0.643971
-0.408612
0.946471
-0.010224
0.041902
0.650563
-0.613330
0.022858
0.050386
0.597034
0.154881
0.806207
-0.011689
0.160558
0.483383
-0.966308
-0.971984
0.548509
0.176061
0.090060
0.455061
-0.303690
-0.672842
-0.192480
0.674123
-0.411359
-0.880978
0.506760
-0.651357
0.850154
0.298807
-0.228065
0.718436
-0.867183
-0.157262
-0.793512
0.386212
-0.093417
-0.244911
0.219947
-0.664296
-0.457747
-0.567003
-0.061251
-0.132969
-0.428083
-0.990234
0.571703
0.692251
0.076266
0.494552
0.624317
-0.574694
-0.798029
-0.154454
-0.476791
-0.240150
0.945982
0.085543
-0.796258
0.674917
-0.372356
0.365520
-0.677908
-0.813410
-0.716666
0.977783
-0.125401
0.024934
0.593677
-0.445540
-0.113254
0.262856
0.168004
-0.503586
-0.466720
0.406964
-0.579394
-0.244240
-0.975036
0.906674
-0.043306
-0.985107
-0.349956
-0.480697
-0.751701
0.004730
-0.661916
0.204932
0.269875
0.193213
0.966735
0.111667
-0.610218
-0.572130
-0.338908
0.300638
0.288858
-0.811823
-0.281045
0.123386
-0.893918
0.852901
-0.925596
-0.520371
-0.686270
0.493210
0.103183
-0.162816
0.614978
0.308329
-0.298990
-0.446089
-0.064730
-0.066317
-0.920896
-0.246864
0.207617
0.413373
-0.569384
0.610096
0.847163
0.663930
-0.778314
0.382733
0.415387
-0.496689
-0.406720
-0.880673
0.439802
-0.505905
-0.782159
0.932493
0.372295
-0.873470
0.226539
-0.975341
0.941221
0.576220
0.967406
0.013398
0.711295
-0.273232
0.408124
-0.921140
-0.607532
0.901669
-0.503037
0.452681
0.135533
-0.521714
0.359294
-0.228248
0.926817
0.642933
-0.421186
-0.525254
0.491501
0.109409
-0.639332
0.468551
0.041780
0.702933
-0.291421
0.101413
0.905026
0.629261
-0.956847
0.195227
0.044954
-0.173498
-0.510239
-0.486618
0.002350
0.441694
0.347148
0.960143
-0.291604
0.145360
-0.919919
0.501328
0.860408
-0.151280
-0.379925
0.940794
-0.249001
-0.634449
0.293680
0.314249
0.109409
-0.021943
-0.026154
0.982604
-0.099277
-0.007538
0.514634
-0.928098
-0.795221
-0.439070
0.980407
0.023347
0.929868
-0.877499
0.347148
-0.403851
0.396649
0.817804
-0.531602
0.765069
0.051973
-0.092441
0.671560
-0.342143
-0.275002
0.848140
0.939207
0.001251
0.468917
-0.920408
-0.030549
-0.654714
-0.782220
0.301187
0.594348
0.588794
0.770440
0.546251
0.162755
0.259011
-0.980834
-0.894589
0.219886
-0.451949
-0.408551
0.715201
-0.845943
0.350139
-0.221290
-0.294656
-0.185644
0.710135
0.696402
0.411664
0.772271
-0.317972
0.986877
-0.444380
-0.766900
0.812006
-0.729118
-0.277261
0.130406
-0.680837
-0.328715
-0.594592
0.091159
-0.542589
0.108554
-0.232521
0.873470
0.051363
0.517075
-0.014130
0.609119
-0.388165
-0.012421
-0.073885
-0.486190
0.558519
0.607593
-0.590320
-0.331767
-0.786370
0.944639
-0.611805
0.080538
-0.991577
0.649648
0.169164
-0.872372
-0.047578
-0.446516
-0.970336
-0.627430
0.577136
-0.133518
-0.646901
-0.434065
0.540269
0.354411
-0.214515
0.240089
-0.357646
0.307657
-0.903317
0.147923
-0.826777
0.718925
0.066988
-0.213050
0.017121
0.820673
0.968444
-0.707633
-0.297586
0.746635
-0.014130
0.363018
-0.076632
0.416486
0.431013
0.621937
-0.800287
-0.785699
-0.162633
-0.230262
0.277139
0.169286
-0.157140
-0.981017
-0.664052
0.082247
-0.268410
-0.684500
-0.525132
0.154393
-0.723807
-0.393597
0.533372
-0.625904
-0.748222
-0.687857
-0.423811
-0.690725
0.395184
0.269936
-0.623096
0.657704
0.046724
0.985717
0.727531
0.633534
0.386029
0.380657
0.668630
0.576769
0.324259
0.206458
0.556749
-0.202368
-0.408063
-0.817682
-0.233802
0.767327
0.246925
-0.971679
0.044893
0.352886
