-0.294351
-0.403790
-0.219398
0.715690
0.612720
0.081149
0.167089
0.456465
0.501572
-0.309305
0.789789
-0.205359
0.192358
0.025483
0.158177
-0.012787
0.097201
-0.889584
-0.289407
0.390179
0.126682
-0.223304
-0.287393
-0.523789
0.883847
0.443587
-0.410566
0.425336
0.022858
-0.422346
-0.966491
0.562548
-0.763970
0.844356
-0.981323
0.061739
0.014008
0.952147
-0.796381
0.227882
-0.978271
0.821650
-0.932432
0.948424
-0.165502
0.522752
0.501205
0.315958
0.511521
0.483749
-0.696707
-0.167760
0.981445
0.826960
0.205542
-0.178991
0.873287
-0.234840
0.900266
-0.361187
0.151280
0.447310
-0.263588
0.305216
0.903806
-0.233558
0.182958
-0.175573
0.527390
0.092563
-0.505295
-0.335307
0.280923
-0.823420
0.931272
-0.550707
-0.593127
-0.681448
0.796075
-0.810419
-0.715201
0.376751
-0.733451
0.282571
-0.831111
0.923338
-0.400800
-0.938047
-0.956603
-0.005219
-0.157323
-0.586535
0.730583
0.896542
0.157079
0.109958
-0.851070
-0.384625
-0.923887
-0.655324
0.887631
0.618152
-0.366802
-0.529466
0.171606
-0.454512
-0.157567
0.427656
-0.593005
-0.280068
0.925840
-0.822993
-0.676687
-0.482223
-0.819575
-0.220801
-0.405744
0.310831
0.413617
-0.596728
-0.326518
0.074435
-0.294717
0.805780
0.232826
-0.479476
0.110813
-0.312296
-0.605884
0.165319
-0.830683
-0.025178
0.928892
0.400067
-0.903806
-0.977721
0.215796
-0.913694
0.723563
0.541612
-0.812311
0.973632
-0.314127
0.692923
-0.407025
-0.088473
0.857967
0.292398
0.647816
0.898190
-0.092929
-0.677175
0.676504
0.939451
0.603687
0.654714
0.699087
-0.708914
0.966430
-0.073336
0.755058
-0.938108
-0.830195
-0.813227
0.831538
0.406232
0.743400
-0.814203
-0.073641
-0.737053
0.156468
0.220618
0.544481
0.790033
0.181372
0.020173
-0.502060
-0.834529
-0.967956
0.370525
-0.859249
0.561144
-0.650990
0.193396
-0.932310
0.839839
-0.419172
-0.985351
0.443098
-0.838435
-0.796503
-0.572985
0.980163
-0.331462
0.598743
-0.526658
-0.726310
0.129368
0.549181
0.131626
0.368877
0.475021
0.483810
-0.632008
0.268715
0.536241
-0.964049
0.128697
-0.621387
-0.375103
-0.575488
-0.416181
-0.550523
-0.286966
-0.562426
-0.435163
0.428571
-0.590136
-0.942137
-0.281838
0.036714
-0.856990
-0.310648
0.002655
0.626637
0.525620
-0.487167
-0.534837
-0.304910
-0.947264
0.407941
-0.347514
0.384442
-0.990295
-0.014985
0.377483
-0.886654
-0.934324
0.597949
-0.941710
-0.857845
0.970763
-0.945860
0.387371
-0.988708
-0.672170
0.229774
-0.249489
-0.472030
0.504990
-0.370647
0.403180
-0.510605
0.424360
0.426923
0.728324
-0.883847
0.236122
-0.040498
-0.532456
-0.009308
0.647633
0.205969
-0.253090
0.947874
0.862789
-0.398053
-0.524644
-0.901730
0.529466
-0.238624
-0.320902
0.084078
-0.739494
0.945921
-0.385601
-0.581713
-0.147313
-0.288430
-0.999084
-0.070162
-0.495041
-0.899167
0.743461
0.220252
0.818049
0.973937
0.910215
-0.460250
0.211646
0.868648
0.180090
-0.123753
0.707633
-0.541124
-0.739067
-0.352947
0.406537
0.219459
-0.834040
-0.783319
0.581713
0.658010
-0.616321
0.215369
-0.286172
-0.744682
0.346416
-0.842402
-0.936949
0.925169
0.627308
-0.589709
0.508652
-0.872677
-0.537828
-0.454512
-0.064058
-0.410504
-0.882321
0.232765
-0.790216
0.982421
-0.722526
0.737785
0.689383
0.973388
-0.818232
-0.404279
-0.074923
-0.418134
0.849910
-0.129124
-0.378338
-0.973144
-0.410932
0.208838
-0.529588
0.802728
-0.739433
0.326090
-0.068331
0.633595
0.402509
0.795953
0.601733
-0.905515
-0.450545
0.814081
0.430647
0.365032
-0.673940
0.226905
0.051546
-0.713431
0.976379
0.704398
-0.119419
-0.641408
0.084567
0.327494
-0.837764
-0.296487
0.807672
0.621632
0.210547
0.971801
0.028291
0.100986
-0.584643
-0.496200
-0.091830
0.190771
-0.874996
-0.368511
0.946593
0.818110
0.529893
-0.367229
0.405316
0.160192
0.229591
-0.845332
0.705435
0.266701
-0.113376
-0.295145
0.963378
-0.981628
0.692495
0.887936
0.291421
-0.822199
-0.759697
-0.448042
-0.572558
0.661550
0.260475
-0.206824
-0.546251
-0.534043
0.585070
0.269265
0.975219
0.939207
0.754692
-0.727409
0.470382
0.773247
-0.605945
0.577258
0.130894
0.503037
0.294046
-0.516709
0.486740
-0.640614
-0.282510
-0.340312
-0.409772
0.889462
0.227577
0.702628
-0.393231
-0.286233
0.966796
-0.555895
-0.337931
-0.256630
-0.950316
0.959288
0.644154
-0.555284
0.167089
0.872311
-0.115390
-0.171545
0.726005
-0.650319
0.069369
-0.700735
0.407697
-0.124058
0.469527
-0.629017
-0.722343
0.251320
0.969787
0.491134
0.622547
0.103305
0.757378
-0.070101
-0.983032
0.700797
-0.539781
-0.968688
0.340739
-0.409162
0.218238
-0.770135
0.030854
-0.296793
-0.832453
-0.688589
-0.893796
-0.316630
-0.510910
0.212134
0.966857
-0.106662
0.535691
0.908444
-0.086398
0.588855
0.912534
0.201819
0.723441
0.499619
0.023103
-0.632313
0.910581
0.011261
0.087130
0.962157
-0.306742
0.259926
-0.588488
-0.177770
-0.929991
0.395611
0.562670
0.109348
-0.565172
-0.085971
-0.806269
-0.704703
-0.317484
-0.350139
0.741752
-0.466597
0.961730
0.166845
0.824519
0.341594
0.830378
0.447127
0.746330
0.080050
0.991272
0.485824
-0.184240
0.642201
0.107578
0.704581
0.243629
-0.321512
-0.482101
0.498154
0.103671
-0.815851
-0.632191
-0.137059
-0.365886
0.656911
0.931028
-0.716849
-0.177831
-0.592212
-0.850032
0.421125
-0.836665
0.702750
-0.689261
-0.640126
0.589526
-0.230018
-0.945067
-0.557787
-0.916562
0.127232
-0.233558
-0.990967
-0.734184
0.806574
0.315714
-0.434065
-0.829768
0.677786
-0.850459
-0.558580
-0.294290
0.564806
-0.552110
0.487167
-0.994629
-0.911557
-0.484481
-0.289834
0.975585
-0.589831
-0.060823
0.424909
-0.490158
-0.750359
0.626881
-0.218116
0.013703
0.531541
-0.051607
-0.164708
-0.000763
0.008942
-0.092990
0.632740
-0.704520
0.338908
0.539048
0.513291
-0.539354
-0.543443
-0.738639
-0.837825
-0.446150
0.870296
-0.103244
0.655202
0.052644
0.271767
0.720145
-0.618397
-0.420392
-0.096896
-0.731132
0.786493
-0.506943
-0.054476
-0.621265
-0.492172
-0.007660
0.454878
-0.229652
0.954344
0.360027
0.149327
0.129368
0.160314
0.709830
0.298196
0.507248
0.750664
0.414777
-0.849666
-0.638050
-0.556932
-0.447798
-0.497360
-0.773736
-0.430403
-0.900143
0.003571
0.778619
-0.060762
0.492965
0.123753
-0.526719
-0.575182
-0.233070
0.187963
0.754936
0.986084
-0.253029
-0.477340
-0.011994
0.684317
-0.013703
-0.505478
-0.804743
-0.174902
0.841426
0.624195
0.873470
0.893551
-0.682241
-0.219825
-0.464766
-0.320963
-0.813349
0.250160
-0.380291
0.215430
-0.544176
0.240577
-0.591113
0.164037
-0.129246
-0.551073
-0.377239
0.882565
0.625233
0.473922
-0.499313
0.971801
-0.969115
-0.095981
0.460982
-0.423566
0.127232
-0.803095
-0.962157
0.736991
-0.307352
0.169774
0.947264
-0.271523
-0.607349
0.354167
-0.078646
-0.419294
0.206458
-0.915525
-0.304056
0.673452
-0.808893
-0.106845
0.544603
-0.040315
-0.162389
-0.544298
-0.006439
-0.240455
0.128574
-0.620472
0.002472
-0.991394
-0.905637
-0.662343
-0.984924
-0.907834
-0.225318
0.047639
0.067232
0.697623
0.761895
0.384991
0.964049
0.507004
-0.979980
-0.915525
0.458602
0.809259
0.715140
0.443159
0.838069
0.739494
0.763970
0.033052
-0.940611
0.695608
-0.915830
0.725150
-0.578906
0.396649
-0.042268
0.014496
0.003937
-0.164525
0.765252
-0.251991
-0.134434
-0.871212
-0.341166
0.467757
-0.786737
0.155858
-0.639088
-0.065340
0.477157
-0.424604
-0.820795
0.920774
-0.558153
0.022309
0.582507
-0.681753
-0.796625
-0.320109
0.169652
-0.393353
0.729911
0.774041
-0.966613
0.209693
-0.909970
-0.661000
-0.054781
0.763176
-0.537217
0.394696
0.591784
-0.430342
0.972961
0.478195
0.977111
0.425459
-0.273232
0.459456
0.809320
0.341899
0.765557
-0.109165
-0.946471
-0.630116
-0.545701
-0.479598
-0.903378
0.719718
0.048372
-0.698111
-0.280740
-0.134739
0.382122
0.325236
-0.328715
-0.389569
-0.904965
0.307169
0.195044
-0.508713
0.509201
-0.281594
-0.752007
-0.530198
0.681021
0.719901
-0.874081
-0.181677
-0.952818
0.260781
-0.252968
-0.524644
-0.919187
-0.771599
-0.222144
-0.409467
0.100436
0.382000
-0.026337
-0.322733
0.683706
0.926389
0.894894
0.595141
0.607959
0.699271
-0.102451
0.570605
-0.631947
0.064547
0.070711
0.511032
0.123875
-0.945921
-0.677175
-0.729423
0.861812
-0.484787
-0.269204
-0.125523
0.546556
0.518113
-0.718497
-0.498398
0.708182
0.920774
-0.170629
0.680837
-0.016083
0.834834
0.371014
-0.002106
-0.328104
0.929624
0.095309
-0.372539
-0.359050
-0.048250
-0.413495
-0.310099
-0.618397
-0.557421
-0.254433
-0.346965
-0.060945
-0.446821
-0.126804
0.540391
-0.298807
0.456832
0.637745
-0.528184
-0.634388
0.187170
-0.092502
0.073763
-0.917417
-0.941160
0.678762
0.549608
-0.429487
-0.220008
-0.273904
-0.484420
-0.832575
-0.202857
0.782220
0.333781
-0.183569
-0.078768
0.063692
0.854549
0.741081
-0.923704
0.461043
0.748466
0.718131
-0.918699
-0.127842
-0.500412
-0.409101
0.900693
0.526292
0.973571
-0.933348
-0.502915
0.168737
0.789972
-0.182226
-0.497482
-0.986267
-0.328043
0.757683
-0.948912
0.369304
0.536241
0.436445
-0.827937
-0.455733
-0.683279
0.083712
-0.075900
0.139805
-0.400250
-0.672353
0.048738
-0.752129
0.487777
-0.332194
0.528733
0.976806
0.709708
-0.773064
0.032746
0.025910
-0.529954
-0.132176
-0.822687
0.407086
0.538011
0.377606
-0.253700
-0.417463
-0.440046
-0.845759
-0.363750
0.955870
-0.404096
0.143773
-0.572192
-0.824030
0.317301
-0.727409
-0.614795
-0.937010
-0.988830
-0.908750
0.057283
-0.314982
0.137425
0.374798
0.831538
-0.176550
-0.598621
0.261879
0.288064
-0.263344
-0.006317
-0.056124
0.390118
-0.584521
-0.955077
-0.912656
-0.081515
-0.282815
0.636769
-0.052095
0.394879
0.933409
0.975036
-0.627796
0.462691
0.589221
-0.916623
-0.513291
0.659536
0.518113
-0.916807
-0.786676
-0.985961
-0.844050
-0.148106
0.266274
-0.198035
-0.834712
-0.913938
0.658742
-0.100070
0.717704
0.253883
0.555528
0.617176
0.163610
-0.170507
-0.472091
-0.622913
-0.614673
-0.709342
0.299905
0.166906
-0.541795
-0.610096
0.333842
-0.224830
-0.023591
0.744011
-0.910520
-0.640126
0.655568
0.047212
0.680044
0.073214
0.642323
0.060762
-0.842036
-0.793634
0.256752
-0.202551
-0.702811
-0.977477
0.763176
-0.838191
-0.189489
-0.966491
-0.323832
-0.299112
0.518723
0.760186
-0.459883
-0.516709
0.251747
0.049104
0.234657
-0.729728
-0.975219
-0.191748
0.030793
0.607898
0.638478
-0.243934
0.835261
-0.263710
0.842830
-0.098544
-0.610889
-0.328349
-0.353069
-0.451643
-0.820856
0.959655
-0.460921
-0.707511
-0.040315
-0.331278
-0.278603
-0.812860
-0.707450
-0.392865
-0.968505
-0.166723
-0.259682
-0.044221
0.603626
0.808222
0.016633
0.047517
0.582080
0.531175
0.820734
0.179968
0.964599
0.097079
-0.070650
0.491440
0.977599
0.468673
-0.046419
0.229163
-0.987976
0.249245
-0.808893
-0.635609
-0.747185
0.449446
-0.839290
0.757500
0.312235
-0.246254
-0.192969
0.165624
-0.804559
0.470870
-0.030427
0.910398
0.408551
0.116062
-0.757683
0.053743
0.117954
-0.673330
0.425214
-0.177221
0.580493
0.537339
0.351176
-0.738762
0.294778
0.071749
0.414228
0.552904
0.696402
0.289407
-0.892819
0.937803
0.819514
-0.565783
0.320719
-0.428571
0.395550
-0.844234
-0.577563
0.949950
-0.255287
0.862911
-0.955870
0.263466
0.605701
0.018403
-0.035249
0.439924
-0.471969
-0.994079
-0.535325
-0.924558
-0.898129
-0.213294
0.643422
-0.151952
0.272988
0.200354
-0.879574
0.491256
0.225990
-0.712821
0.735588
0.636097
-0.206946
0.249062
-0.961241
-0.813410
-0.095614
-0.860286
0.921079
0.232337
0.238136
-0.623646
-0.799127
0.817072
0.054842
0.388287
-0.498947
0.951170
-0.061556
0.300882
0.486923
0.945555
-0.485153
0.403729
0.529283
0.834101
0.153722
0.407941
0.554613
-0.830805
0.164830
0.006806
0.243934
0.320109
-0.552660
-0.683279
0.980468
-0.946532
0.353923
0.823542
0.479476
0.317972
0.427839
-0.185522
-0.546800
0.442183
-0.993530
-0.220191
0.401349
0.585498
0.840144
0.907285
0.184057
0.328349
0.782952
0.752983
-0.014191
0.864315
0.012543
0.255409
0.929136
0.406293
-0.914731
0.903806
0.789117
0.612476
0.860897
0.664052
-0.150670
-0.561876
0.408124
0.439802
0.609119
0.174169
-0.573473
0.633595
-0.693960
-0.516404
-0.873714
0.396649
0.116672
-0.810480
-0.400311
0.952818
0.121006
0.566088
-0.655202
0.804254
-0.635426
0.585498
0.450423
-0.651296
0.887448
0.550707
0.048128
0.667104
-0.505844
0.790887
-0.700064
0.111240
0.522568
0.022309
-0.089450
-0.349773
-0.833796
-0.842891
0.972961
-0.872127
0.621326
-0.659413
0.633961
0.361553
0.415815
0.485824
0.613330
0.388531
0.855464
-0.872494
0.994690
-0.119236
-0.283242
0.137974
0.702994
0.975890
-0.808405
0.666372
-0.146336
-0.121006
0.969115
-0.959838
-0.623829
-0.005585
0.964354
0.748833
-0.799188
-0.440779
0.240638
-0.021271
0.531053
0.107517
0.707083
-0.677847
-0.156224
0.023408
0.470687
0.196814
-0.560045
-0.093783
0.234046
0.555956
-0.152684
-0.448286
0.020966
0.668325
0.747063
-0.025544
-0.691885
0.620594
-0.153905
0.496506
-0.161657
0.830927
-0.043672
0.902829
-0.768365
0.244789
-0.033540
-0.256508
0.173132
-0.061495
-0.461409
0.878353
0.104343
0.275307
-0.685049
-0.383465
-0.160009
-0.519211
0.254128
-0.107517
0.609424
-0.719657
0.105564
-0.424909
0.841426
0.503342
0.131748
-0.835200
0.688284
-0.308390
-0.225135
-0.108554
-0.679128
-0.182714
0.691580
0.172582
0.064302
-0.493515
0.583117
-0.682852
0.421857
-0.349040
0.343364
-0.651357
0.231178
0.081271
-0.594470
0.799188
-0.881100
-0.001434
0.648061
-0.488571
0.493698
0.863704
0.439558
-0.762078
-0.675344
0.761223
-0.422346
-0.107822
0.377056
-0.296060
0.544786
0.216041
0.652272
0.389203
-0.857051
-0.016205
-0.489242
0.949767
0.966247
0.174718
-0.607166
0.872372
-0.589343
0.157201
-0.130528
-0.307291
0.420759
0.309977
0.935850
-0.012055
-0.597705
0.743767
0.770135
0.337199
0.792291
-0.936216
-0.952147
0.236732
-0.652211
-0.927305
0.483993
0.683157
0.563524
0.750664
-0.395306
-0.203833
0.953185
0.937132
0.585253
0.144383
0.623280
-0.655934
-0.430342
0.408612
-0.889340
0.871395
-0.999512
-0.304788
0.743767
0.927244
-0.291177
-0.157750
-0.436689
0.698782
-0.648793
-0.178320
0.741508
0.628712
-0.059908
-0.977233
-0.593921
-0.053621
-0.771966
-0.993835
0.235084
0.314249
0.271706
0.581225
0.494736
-0.168859
0.980590
0.737968
-0.259743
0.631825
-0.686880
0.646718
0.026582
-0.344707
-0.404523
0.833491
0.251747
-0.787408
-0.601794
0.323283
-0.302286
-0.798822
-0.967650
-0.383953
-0.134922
-0.078280
-0.474654
0.732536
-0.803156
-0.477218
0.179662
0.301065
0.108005
-0.079257
0.078890
-0.289285
0.126133
-0.491745
-0.949767
-0.780450
-0.554125
-0.418439
-0.795282
0.297220
0.250710
0.578539
-0.251320
-0.596484
0.013092
-0.194555
-0.714652
-0.880612
0.265358
-0.139805
0.347942
-0.370281
0.867061
0.017670
0.203162
0.287027
-0.710929
-0.672292
0.167089
-0.855403
0.639943
-0.374981
-0.737724
0.274209
-0.645192
-0.254067
0.474410
-0.834712
0.377544
-0.454878
0.905210
0.719840
0.195471
-0.335490
0.077303
-0.453841
-0.045198
0.803888
0.659352
-0.294351
-0.372478
0.564806
0.072359
0.330912
-0.079440
0.974548
-0.398602
-0.555284
-0.655690
0.651723
-0.860042
-0.166051
0.233314
-0.850154
-0.208228
-0.152989
0.132420
-0.394513
-0.098788
0.604846
0.386761
0.376995
0.452376
-0.612598
-0.979919
0.571337
-0.421796
0.167882
-0.130222
-0.072726
0.404584
0.651173
-0.877194
-0.456221
0.909116
-0.892026
0.063692
-0.978515
-0.845149
-0.832453
-0.512131
-0.561327
-0.136814
0.600818
0.757256
0.682546
0.962096
0.746086
0.883297
-0.997803
0.068087
0.221107
0.817377
0.714103
0.750359
-0.566942
-0.113071
0.914487
-0.317667
-0.059053
0.893185
-0.882260
0.953124
-0.293313
0.629688
-0.582934
0.964904
-0.113559
0.135777
-0.834407
0.417280
0.999329
-0.223975
0.668630
-0.002289
-0.156529
0.364177
0.568041
0.786493
0.544725
-0.937193
-0.880367
-0.210852
0.616993
-0.788629
-0.569628
0.126194
