0.019501
0.410443
-0.570849
0.250771
-0.754265
0.543748
-0.060213
0.019135
-0.807733
0.958800
0.031037
-0.662099
-0.877132
0.085116
0.128391
-0.643544
0.404706
-0.156774
0.441267
0.438398
0.472640
0.806207
0.168493
0.583361
-0.110141
-0.433393
0.527940
0.024689
-0.689932
0.971313
0.766839
-0.514328
0.861263
-0.875851
-0.861873
-0.775811
-0.456771
0.449995
-0.542222
-0.418683
0.223792
0.753594
0.425947
0.668935
-0.547899
-0.110691
0.143284
0.499557
0.448103
-0.213721
0.911618
-0.825861
-0.786126
-0.116123
-0.372112
-0.386334
0.475936
-0.186804
0.493576
0.522874
0.068026
0.546739
0.790826
0.118931
0.336467
0.216407
0.783258
0.853877
-0.423139
-0.977233
0.483505
-0.630726
0.078036
0.573840
-0.896725
0.148289
-0.739067
0.015778
0.058382
0.126255
0.035432
-0.146641
-0.309854
-0.686636
-0.710379
-0.225684
0.359600
-0.972594
-0.674001
0.107395
0.494308
-0.727042
0.801935
0.416547
0.813593
-0.609729
-0.984802
-0.401166
-0.532395
-0.441755
0.111606
-0.167943
0.374371
0.501328
-0.369549
0.255959
0.635975
0.074557
-0.147252
0.413800
0.505722
-0.513047
0.049287
-0.305887
0.796075
0.602039
-0.683645
-0.032258
0.246498
-0.434370
-0.593738
0.920591
0.466475
0.369243
0.963439
-0.239601
0.410077
-0.298257
0.402570
0.966369
0.213843
-0.605762
-0.025727
0.570910
0.408002
-0.888180
-0.637684
0.688406
0.988647
-0.754021
0.366375
0.646840
-0.308206
0.245094
-0.698233
-0.451338
-0.572558
-0.511704
-0.503891
0.290628
0.295328
-0.048311
-0.452986
-0.667104
-0.775567
0.591235
-0.492416
0.792535
-0.131809
-0.803278
-0.626942
-0.782952
0.648732
-0.023225
-0.293008
-0.275430
0.571581
0.182836
-0.990417
-0.602588
0.901425
0.739067
-0.569933
-0.851375
-0.577197
0.896420
0.508286
-0.823481
0.520493
0.167455
0.873959
0.135166
-0.947203
0.823054
-0.438093
0.271767
-0.283303
-0.086215
0.169103
-0.408307
0.737724
-0.550951
0.278481
0.580615
0.372295
0.181188
0.533982
-0.866268
0.184179
-0.618641
-0.505356
-0.038179
0.532884
0.596179
-0.131870
0.023103
-0.523728
-0.384625
-0.840510
0.714042
0.542772
0.024445
0.732536
-0.310953
-0.405866
0.570177
0.821284
-0.294656
-0.682302
-0.183081
0.726493
0.017609
0.179479
-0.722037
-0.739494
0.473189
0.965148
0.193213
-0.358074
0.216834
0.839595
0.471725
0.179235
0.344951
-0.008759
0.220435
-0.422834
-0.439985
-0.971984
-0.430891
-0.402936
-0.598987
0.873348
-0.040681
0.271645
-0.100192
0.428327
-0.546922
-0.163793
-0.982788
0.065828
0.491012
0.449690
-0.018525
-0.395245
0.587817
-0.438826
-0.058260
0.176672
0.110019
-0.157811
-0.375042
-0.844356
-0.637318
-0.731071
-0.650929
0.743828
-0.662587
0.729423
-0.381268
0.138768
0.979492
0.438948
0.821406
0.915403
0.968505
0.562487
0.591113
0.057039
-0.213538
0.042268
0.016083
-0.964537
0.960143
-0.675039
0.903806
-0.617969
-0.166173
-0.268777
0.729972
-0.064302
-0.435835
-0.859798
-0.749748
-0.712088
-0.955260
0.566881
-0.403180
0.265481
-0.845637
-0.226356
0.478439
0.357097
0.293191
-0.549181
0.392010
0.603504
-0.702872
0.179113
0.771233
0.088900
0.320536
-0.372173
0.921445
0.984313
-0.905332
0.341594
0.144688
0.160009
0.840327
0.847407
-0.635365
0.649220
0.322123
-0.184301
-0.332560
-0.933470
-0.648610
-0.708609
-0.342082
0.799005
0.147435
0.708487
0.481307
0.556871
0.875179
-0.099277
-0.412824
-0.972533
-0.640431
-0.811090
-0.199683
0.388348
-0.927000
0.140294
0.795831
-0.692495
0.669729
-0.318583
-0.581957
-0.080599
-0.130528
-0.275674
-0.142857
-0.374432
-0.807611
0.543748
-0.118503
0.910337
0.960997
-0.196142
-0.994751
0.629994
0.558885
0.699881
-0.156896
-0.061129
0.440413
-0.406476
0.820490
-0.385052
-0.141820
-0.950011
-0.515305
-0.562548
-0.295022
0.699454
-0.829463
-0.280496
-0.643727
0.594714
0.772210
-0.671926
0.724662
0.692434
0.963378
0.916257
-0.202368
-0.123997
-0.175146
-0.244301
-0.177648
0.790033
-0.367107
-0.716605
0.142796
-0.244911
0.454695
-0.986999
-0.960143
0.546007
0.489120
-0.857662
-0.734672
0.220618
0.450301
0.547960
-0.726676
0.562243
0.066622
-0.224891
-0.283975
-0.997497
0.156896
-0.704520
-0.726981
-0.901914
0.837092
-0.792596
-0.118137
-0.091220
0.434614
-0.854854
-0.928709
0.705679
0.852351
0.753960
0.281350
0.221839
-0.815729
0.336589
-0.785394
0.627796
-0.845943
-0.057588
-0.519028
0.699026
0.261818
0.523850
-0.267678
-0.265542
-0.856258
-0.334880
0.848994
0.613392
0.599719
0.484420
0.976684
-0.325297
-0.145665
0.694266
-0.371380
-0.831843
0.759636
-0.711417
0.351604
0.776238
0.615101
0.180761
-0.922361
0.353801
-0.098727
0.736076
0.164281
0.564379
0.059236
0.174413
0.743339
-0.443953
0.348186
-0.699393
0.255531
0.982360
0.112827
-0.222327
-0.180883
0.211585
-0.128941
0.846980
-0.757866
-0.484359
0.742485
-0.465560
-0.738456
0.720023
-0.751885
-0.346355
-0.392010
-0.292642
-0.187841
-0.802973
-0.396588
-0.095737
0.955809
0.609485
0.158361
0.766839
0.105319
-0.902951
0.510117
-0.120518
-0.671926
-0.022736
0.300943
0.538987
-0.344157
0.349712
-0.780572
0.876156
0.789483
-0.723930
-0.026215
-0.721305
0.848506
0.182897
0.621509
0.976501
-0.597583
0.778558
0.982788
-0.628346
-0.125278
-0.464400
-0.457930
-0.891354
0.054720
-0.556932
-0.452132
0.674368
0.315592
-0.092380
0.503098
0.403058
0.730155
0.298990
0.631703
-0.595935
-0.585925
0.431135
0.859066
-0.677541
-0.066744
-0.449873
-0.207312
-0.133885
0.976318
0.645802
0.878414
0.594287
0.002289
0.289041
0.722343
-0.498337
0.658559
-0.913083
0.525437
-0.965270
0.031526
0.461104
0.201025
-0.009125
0.916684
0.385174
0.846492
-0.449568
0.597400
0.333415
-0.630177
0.143834
0.344279
0.942198
0.053194
-0.601306
-0.265603
-0.715751
0.836177
0.996338
-0.165807
-0.408918
-0.135166
-0.943541
-0.188025
0.193945
0.920713
0.063875
-0.091342
0.747734
-0.826533
0.243568
-0.312723
-0.792474
0.290872
0.338603
-0.223243
0.506760
-0.762505
0.752312
-0.051180
0.214087
0.143223
0.031037
-0.244789
0.914365
0.498276
-0.114414
-0.955382
0.193823
0.213782
0.541185
0.645253
-0.787652
0.653615
0.842219
-0.769890
0.312418
-0.044832
-0.579333
-0.319132
-0.491562
0.396954
-0.694876
-0.161901
-0.145482
0.890439
0.446638
-0.450545
-0.446028
0.098483
-0.480270
-0.384320
0.046052
0.721244
0.454512
0.058321
0.952635
0.690664
-0.037568
0.076144
0.439558
-0.991211
-0.074496
0.140294
-0.066378
0.340739
0.785150
-0.934141
0.583728
0.260964
-0.768792
-0.038972
0.038118
-0.060945
-0.977538
-0.699515
-0.235267
-0.297098
0.788202
0.132115
0.223670
-0.072726
0.545396
0.244667
0.270241
0.562243
0.681814
0.413373
0.953673
0.717460
0.232521
-0.070223
-0.194617
-0.214393
0.460372
0.350566
0.158544
-0.822260
-0.116855
-0.887143
0.812372
0.955809
0.483993
-0.962218
-0.951964
-0.211463
-0.816950
0.960692
-0.461409
0.414106
-0.473189
-0.398114
0.549486
0.719657
0.221473
-0.698355
-0.451094
-0.879025
-0.335856
-0.880978
-0.400128
0.895322
-0.230873
0.882015
-0.513474
-0.717338
0.199377
-0.936949
-0.595874
-0.570788
-0.605152
0.384869
0.777398
0.071932
-0.106967
0.032502
-0.975768
0.467147
0.783929
0.309122
0.722098
-0.213416
0.862667
0.338298
-0.422346
-0.849605
0.193091
0.088229
0.642201
0.062899
-0.193762
0.877621
-0.572130
0.391583
-0.718314
-0.760186
0.939695
-0.813349
0.666250
-0.946837
0.724235
-0.675466
0.565661
0.621754
0.330241
0.165136
0.227210
-0.321207
0.547838
0.331889
-0.504440
0.658376
0.705679
-0.964354
-0.106113
0.714957
0.380047
-0.519944
-0.830195
-0.602527
0.660024
0.470687
-0.121067
-0.481918
-0.343059
0.499802
-0.625660
-0.880184
0.142796
0.785699
-0.867611
-0.063204
-0.213538
-0.243324
-0.016755
0.214148
-0.605457
-0.583361
0.074679
0.948057
0.162938
0.385418
-0.517136
-0.901791
0.523972
-0.450362
0.913694
0.376019
0.336406
-0.862362
0.026948
0.143406
-0.342326
-0.328471
0.931028
-0.435224
0.495834
0.806757
0.787408
-0.522507
-0.902768
0.975219
-0.756767
0.616199
0.458846
-0.123325
0.080966
-0.725761
0.741447
0.156957
0.067049
-0.479904
-0.847835
-0.227149
0.055940
-0.872677
0.169347
0.694327
-0.176550
-0.428266
-0.848140
-0.865596
0.760430
0.231361
-0.498520
-0.682791
-0.536912
-0.793939
0.720756
0.282144
-0.376385
0.644154
0.814631
0.577380
0.098788
0.223060
-0.013337
0.105747
-0.640736
0.765740
-0.638417
-0.780450
-0.238014
-0.754570
0.436934
-0.818964
-0.282571
-0.205420
0.395062
0.362285
-0.723991
0.600330
0.931883
0.214881
-0.822748
-0.499924
-0.790033
0.789178
-0.601978
0.801935
-0.614124
-0.391034
0.969298
0.476058
0.595935
-0.416059
0.294351
-0.287210
0.336283
-0.406903
-0.141697
0.078768
0.225196
0.654958
-0.397626
0.298807
0.415510
-0.745598
0.584277
0.173132
-0.964537
0.013581
0.683828
0.754448
0.326212
0.002716
0.908444
0.580432
-0.454329
-0.213538
0.625782
-0.315958
0.729301
-0.415021
0.557054
-0.099643
0.294107
0.696463
0.500961
-0.647145
-0.793573
0.501999
-0.775689
0.237037
0.019807
0.754021
0.828547
0.217505
-0.517014
0.068636
-0.322306
0.819575
0.526658
0.401410
0.607776
0.451765
0.303812
-0.427839
-0.123020
0.338603
0.402631
0.968139
-0.482772
-0.332255
0.242531
-0.685171
-0.277383
0.525315
0.098727
-0.481552
0.238136
0.311625
-0.963744
-0.211463
0.861629
0.160985
0.490585
0.447310
0.569079
0.997192
-0.708853
-0.660634
-0.015412
-0.139012
0.410810
0.590747
0.360576
-0.551378
0.381878
0.054903
-0.225013
-0.193030
0.924924
-0.935118
0.950438
0.594287
0.979553
0.184851
0.335490
-0.364788
-0.588855
0.177221
0.481735
-0.883908
0.461898
-0.316874
0.258705
-0.311991
0.348308
0.279946
-0.115146
0.848018
-0.119785
0.910642
0.447737
0.846797
0.134068
-0.694937
0.607288
0.197241
-0.435774
-0.462569
0.530686
-0.545885
0.605029
-0.584155
0.926206
-0.888913
-0.144139
0.057283
0.768853
0.379681
-0.108982
-0.451399
-0.381024
-0.237465
0.526231
-0.673818
-0.687796
0.668142
-0.980346
-0.109714
0.120884
0.302774
-0.646290
-0.671316
0.646107
-0.632862
0.979614
0.329630
0.071871
-0.435896
0.339885
0.601672
-0.995911
0.889096
-0.013092
0.490219
0.928892
-0.793512
0.249245
-0.347697
-0.938963
0.659230
0.688589
0.766533
0.180883
-0.099704
0.781121
0.980224
0.140538
-0.313456
-0.170324
0.941282
-0.652821
0.082369
-0.439680
-0.451277
0.804804
-0.193640
0.388287
0.122898
0.250343
0.582446
-0.893307
0.036836
-0.470382
-0.040376
-0.053621
-0.510727
0.455733
0.768426
0.417768
-0.412091
0.405988
-0.740349
0.989746
0.993103
0.417341
-0.686819
-0.301004
0.758599
0.598437
0.073885
0.344584
0.407453
-0.479293
-0.190405
-0.061495
0.100558
-0.635182
-0.858211
0.441084
0.707755
-0.751274
0.440229
-0.752129
-0.590442
-0.474593
0.946654
-0.669362
-0.817133
0.301614
0.500534
0.323038
-0.887753
-0.555040
0.917478
-0.416303
-0.273965
0.424482
0.856746
0.898068
0.860408
-0.299173
0.119175
0.105930
0.196020
0.425459
-0.528184
0.503769
-0.540941
-0.190832
-0.580187
-0.805536
-0.067904
0.546495
0.357585
-0.424909
-0.735771
0.595874
0.898984
0.902402
-0.343303
0.416974
-0.649159
-0.107700
-0.901303
-0.618213
-0.275307
0.517075
-0.658132
0.723502
-0.767510
-0.937742
0.476363
0.919553
-0.141331
-0.594592
0.710135
0.531968
-0.737724
0.790643
-0.645131
0.151585
-0.333903
-0.040132
0.550401
-0.462813
0.745964
-0.110752
-0.346110
-0.077364
0.796381
-0.586291
-0.664296
-0.347331
-0.843196
-0.964354
-0.951659
0.870052
0.589587
-0.666189
0.208960
0.940611
-0.822504
-0.787469
-0.557115
0.713431
0.058260
0.810785
0.900204
-0.940977
0.577136
-0.461837
-0.239845
-0.097079
0.731559
0.583361
0.685354
0.967772
0.699576
-0.338908
0.402448
-0.260781
0.512497
0.971313
-0.070528
-0.380657
-0.681936
0.454085
-0.738945
0.674062
-0.114658
0.279275
-0.884335
-0.554064
-0.603198
-0.393902
-0.476058
0.680105
-0.010834
-0.958007
-0.580065
-0.923276
0.357524
-0.989013
0.334880
0.274392
-0.637928
0.943907
-0.469771
-0.416059
0.691641
-0.346232
-0.068758
-0.284829
0.530992
-0.399274
-0.423750
-0.883053
-0.219947
-0.629749
-0.233375
-0.960692
0.615223
0.439802
-0.588794
0.613575
0.921628
0.126804
0.959899
-0.989380
0.323344
0.506211
0.453902
0.487472
0.358379
0.027253
-0.794916
0.083712
0.401227
0.453597
0.826777
-0.420759
0.942930
-0.891110
-0.768365
-0.614246
0.292398
-0.614917
0.882504
-0.620350
-0.153905
-0.375469
-0.655568
-0.957884
0.539720
0.928220
-0.259865
0.557543
-0.348308
-0.987854
-0.548082
-0.445601
-0.247841
-0.913205
-0.381207
-0.337748
0.470626
0.465438
0.370952
0.847224
-0.119053
-0.273721
-0.784173
-0.834773
0.747368
0.183203
-0.303507
-0.690664
0.008820
0.760186
-0.003876
-0.721549
0.904416
0.806391
-0.901608
-0.151341
0.517502
-0.908139
-0.554308
0.771966
-0.026582
0.321635
0.350383
-0.394147
0.547899
0.189184
-0.978454
-0.085482
-0.125340
0.495834
-0.003876
0.886532
0.417585
0.655324
-0.526048
0.938292
-0.336833
0.271340
-0.358135
0.661061
0.235450
-0.786737
0.835444
0.926756
-0.637196
0.199866
-0.255287
0.769158
0.187231
-0.540513
0.939390
0.425459
0.426069
0.224525
-0.147130
0.155004
0.132725
0.756462
0.371441
0.399152
-0.783929
0.255409
-0.133396
-0.963073
0.338969
-0.990661
0.966369
0.317484
0.574572
-0.828486
0.430525
0.507187
0.991333
-0.135350
0.430708
-0.595691
0.201941
-0.769280
0.563280
-0.419233
-0.540391
0.765679
-0.720084
0.059114
0.043794
-0.915098
0.227577
0.797235
-0.092441
-0.590503
0.555162
0.824152
-0.051912
-0.761101
-0.232521
-0.075961
0.228614
-0.995239
-0.050752
0.647450
0.992126
0.191931
0.067965
-0.734794
-0.312113
0.762261
0.907102
-0.168676
-0.483016
0.193884
-0.944517
-0.658010
-0.306009
-0.825190
-0.017487
-0.668813
0.264931
0.744560
-0.605640
0.462386
-0.693350
-0.775994
-0.347575
0.666738
0.679495
0.332255
0.183203
0.889950
-0.590258
0.847163
0.542222
-0.204016
-0.110446
-0.664541
-0.267800
-0.675466
0.757378
-0.861446
-0.502731
-0.780999
-0.930906
0.174535
0.457442
0.664296
0.621937
0.397443
-0.227271
0.778436
0.857356
-0.057772
0.316324
0.607288
0.696219
-0.271096
-0.806940
-0.219642
0.895566
-0.081088
0.846553
0.287820
0.327738
-0.878231
0.200537
0.492538
-0.589953
0.037080
0.275307
-0.322306
-0.276894
-0.168981
-0.106967
-0.932188
-0.395734
-0.322611
-0.996216
-0.581896
0.019135
-0.938414
-0.965026
0.319132
0.013764
-0.777459
-0.401105
-0.406842
-0.051912
0.034333
0.007721
-0.996155
-0.606189
0.696524
0.699271
-0.151219
-0.666616
-0.074618
0.681814
-0.828730
0.459700
-0.352947
0.850581
0.826960
-0.736625
0.187597
0.320780
0.930052
-0.788507
0.463729
-0.231788
0.324381
0.170141
-0.076632
-0.878719
-0.843684
0.297525
0.672658
0.982604
-0.828486
0.827937
-0.491806
-0.604846
0.558885
0.323954
0.686758
0.282083
0.130467
-0.413617
0.583605
-0.589831
-0.996277
-0.017243
-0.984924
0.538194
-0.764885
0.705496
-0.734367
0.823969
-0.181921
-0.362346
-0.306681
-0.943175
-0.306375
-0.774407
-0.532090
-0.918638
-0.938475
0.112217
-0.319559
0.851558
0.976806
-0.015656
0.873348
0.416974
-0.906247
0.911374
-0.536119
0.479476
0.189734
0.009003
-0.338298
-0.558214
0.765130
-0.171422
0.655141
0.474776
0.525193
0.598987
-0.796747
-0.917478
0.206885
0.602588
0.266945
0.762200
0.653981
-0.990112
-0.575976
0.353557
-0.835566
-0.682546
0.859981
-0.729728
0.956542
0.955016
-0.923093
-0.651723
0.520127
-0.177465
-0.664907
-0.344829
-0.535691
0.426496
-0.239113
-0.052461
-0.858821
0.071139
0.470504
0.833857
-0.280129
0.143406
-0.674856
0.513901
-0.632008
0.855586
-0.348186
0.154759
0.677419
0.317667
0.304117
-0.958922
-0.107273
0.634693
-0.595019
-0.970580
0.069308
0.145177
0.659352
0.676809
0.342814
0.048982
-0.765007
-0.058321
-0.266030
-0.864803
-0.903073
0.952940
-0.735038
0.899716
-0.113620
0.863277
0.417463
0.144810
0.857173
-0.161962
0.024079
-0.411176
-0.166112
0.085055
-0.753105
-0.523118
0.051119
0.455245
