-0.636708
-0.009552
0.822443
0.921995
0.831660
-0.745842
0.935301
-0.360393
0.481185
-0.634877
-0.703238
0.182226
0.576098
0.854915
0.719047
0.128330
-0.662770
-0.305399
-0.951476
-0.274270
0.069002
0.664663
0.389508
-0.651051
0.148595
0.143956
0.947569
-0.746941
-0.362468
-0.131748
0.356304
0.788202
-0.259926
-0.555040
-0.355449
0.965514
-0.526658
0.677602
-0.096164
-0.593493
-0.596606
0.323099
0.446150
-0.393109
0.864620
-0.289163
-0.923338
-0.876217
0.765618
0.445051
0.845149
-0.177831
0.943785
-0.358684
0.406964
0.278298
-0.447676
-0.156285
-0.355022
-0.798700
-0.454146
0.195288
0.281655
-0.629017
-0.784051
0.652028
-0.879879
-0.396832
0.876339
0.379925
0.813349
0.024506
0.993225
0.352458
0.142003
-0.144322
-0.780267
0.687674
0.261208
-0.352702
-0.297159
-0.587268
0.825495
0.726615
-0.472152
-0.549486
-0.779962
-0.148412
-0.909421
0.152318
-0.438887
-0.627674
-0.878475
-0.028657
-0.817255
0.691641
0.883908
0.964660
0.761467
0.007294
0.082614
-0.834956
-0.883786
-0.938658
0.986755
-0.228248
-0.933531
0.066378
0.734245
0.115207
-0.081820
-0.375591
0.579638
0.315348
0.071871
0.672353
0.019623
-0.941588
0.902707
-0.240883
0.515244
0.808954
0.150426
0.433515
-0.070833
0.661672
-0.243202
-0.432173
0.801691
0.777886
0.800775
0.863826
0.798090
0.734733
0.917661
0.475936
0.134495
-0.437483
0.071993
-0.125462
0.466720
0.517685
0.830561
0.855953
-0.074679
-0.370464
-0.253883
0.184179
-0.110263
0.849055
0.888730
-0.081210
-0.859127
-0.967467
0.885922
0.497787
-0.579150
-0.747307
-0.193091
0.257729
0.690298
0.556261
0.434858
-0.742546
-0.670034
-0.663259
0.905271
0.458419
0.542711
-0.648610
0.981628
-0.638050
0.887082
0.766289
-0.549852
-0.901547
0.991150
-0.449019
0.588549
0.214881
0.640614
-0.924558
0.441328
-0.976440
0.261147
-0.071200
-0.458480
-0.385052
0.412152
0.873775
-0.607898
0.430036
-0.751152
0.099521
-0.636525
-0.764397
-0.818171
-0.126560
-0.599475
0.609058
-0.972045
0.130894
-0.164525
0.532517
-0.759697
-0.893307
-0.067110
-0.966185
-0.855464
-0.438704
-0.490280
-0.637623
-0.838679
0.641774
-0.135716
-0.182897
-0.068697
0.715384
-0.299478
-0.930906
-0.461043
-0.250954
0.317545
0.311319
0.944823
0.922910
-0.294595
-0.638234
0.560533
-0.654775
-0.331217
-0.466597
0.388287
-0.070162
-0.840999
-0.042512
-0.344340
0.118809
-0.317972
0.845637
0.144810
0.432783
-0.630238
0.076022
0.668935
-0.060762
0.253395
-0.771661
0.084140
-0.451277
0.256508
0.701590
0.311686
0.421369
0.075716
0.644337
-0.437239
0.612354
0.738639
-0.333781
-0.052705
0.080294
-0.213904
0.800836
-0.661061
0.743950
-0.769219
0.548692
-0.445357
-0.569872
0.095798
0.121616
0.853999
-0.250343
-0.841182
-0.390118
0.024751
-0.116245
-0.040254
-0.094455
-0.646046
-0.378521
-0.203162
-0.194128
0.335551
-0.636402
-0.141148
-0.559557
-0.204688
0.643483
0.084078
-0.668813
-0.772454
-0.142491
-0.235267
0.599780
0.079989
0.692801
-0.364727
0.109348
-0.800836
-0.878353
0.344646
0.297281
-0.617908
-0.732047
-0.860042
-0.095676
0.061678
-0.839534
0.815180
-0.630665
-0.028352
0.227882
-0.852229
-0.414838
0.507431
0.422712
-0.455061
-0.251625
0.817316
-0.837886
0.779595
0.333232
-0.718863
-0.659169
0.665090
0.508713
0.510422
0.011444
0.628285
0.944334
-0.886654
-0.463729
0.585742
-0.629994
0.017853
0.143468
-0.436384
0.066805
-0.060091
-0.689688
0.865596
-0.191992
0.776543
0.578478
0.416669
-0.706900
-0.592761
0.225135
0.072542
-0.327372
-0.045259
0.608509
-0.035615
-0.589587
-0.819452
0.502060
0.790216
-0.170202
-0.363811
0.652272
0.058077
-0.317606
0.449995
-0.980468
-0.480087
0.659658
-0.024873
0.132359
-0.009125
-0.293741
0.972472
-0.029023
-0.983947
-0.606189
0.720878
0.118625
-0.593188
-0.722648
-0.664968
0.217322
0.108249
0.356243
0.810846
-0.610340
0.019562
-0.359539
0.962706
0.569445
-0.812983
-0.537889
0.736625
-0.695486
0.589770
-0.398602
-0.990173
-0.833613
0.016694
0.836726
0.157933
-0.044343
0.319620
-0.523240
-0.967162
0.599841
-0.271828
-0.301553
0.694571
0.175512
0.356914
-0.245949
0.703848
-0.780084
0.999207
-0.062410
-0.487167
-0.870846
-0.798578
-0.697806
-0.051241
-0.155736
0.236061
-0.520188
0.089022
0.537889
0.284951
-0.790033
0.513291
0.789178
0.823603
-0.209693
0.146153
-0.315348
-0.192907
-0.680105
-0.775262
0.050874
0.511887
0.235572
0.111057
0.992370
0.816523
0.093112
0.182958
-0.118076
-0.416242
-0.781060
0.268288
-0.863582
-0.373577
-0.898373
-0.801202
0.183691
-0.158788
0.013031
-0.161229
0.799432
0.043367
0.132908
0.095981
-0.320963
0.195227
0.960997
0.662954
0.147069
0.471114
-0.302713
-0.897214
0.743645
-0.079623
-0.118809
0.860714
-0.407331
0.233131
0.370281
0.296976
0.106845
-0.246986
0.245705
-0.295145
-0.301920
-0.044343
0.674673
-0.296609
-0.268960
0.073946
0.072665
0.919492
0.366192
0.706717
-0.056856
0.714408
0.916013
0.833308
-0.926145
0.416791
0.173559
0.168310
-0.952147
-0.175451
0.652333
0.096652
-0.463729
-0.681326
-0.344768
-0.541917
0.883175
-0.603687
-0.035981
-0.860652
-0.131077
0.614368
-0.161046
0.913388
0.757866
-0.075289
0.079867
-0.681265
0.175817
0.359294
-0.038362
-0.151158
0.195349
-0.283731
0.831904
-0.627369
0.756951
0.000702
0.200049
0.613025
-0.952513
-0.450789
0.002411
0.738456
-0.501144
-0.987243
-0.653920
0.727042
0.640187
0.897824
-0.450545
-0.161168
0.048372
0.653127
0.540757
-0.346721
-0.044893
0.347942
-0.088900
0.747002
-0.857112
0.298135
0.360637
-0.082247
0.432600
0.362468
-0.487045
0.660512
0.908872
-0.541490
-0.195532
0.898129
-0.721854
-0.464034
0.829340
0.119541
0.253456
-0.922239
0.745476
0.392865
0.617603
-0.666189
0.556200
0.265664
0.979553
-0.917783
-0.745598
0.682974
-0.742302
0.783441
-0.704215
0.723991
-0.720756
-0.542711
-0.430525
0.685171
0.200598
-0.727103
0.043306
0.768303
-0.586230
0.456648
0.339702
-0.703604
-0.863765
-0.014496
0.942503
-0.742973
0.298379
0.982177
0.196509
0.813044
-0.430342
-0.763848
0.501999
-0.927305
0.044343
0.355022
0.863338
-0.707450
-0.204688
0.592700
-0.629505
-0.624866
0.876766
-0.880978
0.346965
0.196326
0.691885
-0.132420
-0.465194
-0.801691
0.253456
-0.290994
0.402264
0.645009
-0.161229
-0.967040
-0.410749
0.900571
-0.633961
-0.722770
0.330546
-0.420759
-0.410566
0.973510
-0.198950
-0.068270
-0.177404
0.516526
-0.016755
-0.746452
-0.836543
0.519578
0.564684
-0.355449
-0.787103
-0.776971
0.581042
-0.832942
0.658315
-0.813227
0.638356
-0.325724
0.988769
-0.006073
-0.983581
0.077792
0.700797
0.667592
0.832636
0.206030
0.083712
0.733512
-0.293313
-0.174718
0.054170
-0.723075
-0.725517
-0.712821
0.706534
-0.326640
-0.331523
0.297342
0.653981
-0.940367
-0.196509
0.975768
0.093295
0.630177
-0.713309
-0.475570
-0.829463
0.069246
0.210669
-0.313211
0.602710
0.894772
0.012848
-0.712882
0.152135
-0.457808
-0.939695
0.898740
0.456282
-0.695364
0.233070
0.133335
0.610096
-0.822748
-0.008332
-0.764641
0.212806
0.097140
-0.353130
-0.278420
0.483627
0.662343
-0.460555
0.876888
0.147496
-0.532945
-0.230323
-0.628162
-0.612964
0.459029
-0.017853
0.519700
-0.433210
-0.708121
0.226844
-0.258278
0.217627
-0.758660
0.251442
-0.884274
0.803217
0.327128
-0.373272
0.261574
-0.024751
-0.325297
-0.126865
0.644642
-0.913144
-0.557726
-0.327372
-0.827509
-0.604114
-0.209998
-0.099887
-0.819697
-0.002533
0.364177
-0.806635
0.715201
0.454756
0.138890
0.373577
0.443281
-0.681570
0.539232
0.954955
-0.973937
-0.538743
0.859004
0.038850
-0.263710
-0.791742
0.343486
0.950133
-0.916379
0.579882
0.934812
0.132664
-0.095492
-0.918271
0.425520
0.713004
0.765984
-0.255959
0.029756
-0.577013
0.771783
0.754448
-0.051485
0.315104
-0.550768
0.069613
0.715506
0.116062
0.756401
0.422224
0.577136
0.957945
-0.661733
0.411542
-0.601184
-0.453475
-0.137303
0.726981
0.749748
0.809259
0.369304
0.982910
-0.763604
0.187536
-0.977477
-0.860042
0.575976
0.457015
-0.654469
-0.032258
0.289956
-0.684133
0.254494
0.984008
0.502060
0.292642
0.728446
-0.041169
0.674062
0.895260
0.973632
0.780877
0.909726
0.078463
0.252419
0.244911
0.560350
-0.549486
0.097018
-0.055391
-0.006317
0.920408
0.394086
-0.937925
-0.488998
0.726920
-0.913450
0.211158
0.735588
0.657949
0.656301
0.363323
-0.879757
0.868038
-0.320414
-0.880367
0.357524
0.129429
-0.570299
0.149327
0.692984
-0.662343
0.663381
0.079257
-0.815119
-0.443464
-0.829279
0.900754
0.880795
0.412519
0.800348
0.890561
0.276284
-0.088351
-0.306192
0.929868
0.152013
0.836604
-0.551195
0.521165
0.572985
-0.143590
-0.655019
0.057100
-0.653249
-0.130467
-0.530808
-0.637074
0.258889
-0.554491
-0.040132
0.796319
-0.707144
0.212073
0.896603
0.299051
-0.555895
-0.964537
0.691153
0.272439
-0.525315
-0.298318
0.623585
0.413984
0.667470
0.529160
0.432844
-0.749748
-0.545640
-0.709464
0.609180
0.121311
0.012360
0.401044
-0.463240
0.531724
-0.215369
-0.083529
-0.113498
0.056795
-0.882565
0.760674
-0.867306
0.598987
0.791620
0.329630
-0.199866
-0.149815
0.420637
0.241859
0.190588
-0.134983
-0.086947
0.036897
-0.395856
-0.790033
0.080966
-0.510239
-0.079073
-0.637562
-0.877194
-0.683218
0.588061
-0.142735
0.668508
-0.306925
-0.872188
0.990539
-0.294534
-0.656423
0.666311
0.886166
0.035737
-0.855037
-0.014924
-0.197729
0.720939
-0.109592
0.860408
-0.912961
0.802728
-0.643605
-0.130406
-0.944090
0.704520
0.424787
0.339640
-0.231971
-0.371075
-0.146886
-0.162267
-0.499619
0.383282
0.650807
-0.403790
-0.665578
-0.604724
0.483383
0.877255
-0.980346
-0.321574
0.541856
0.836665
-0.502915
-0.951842
0.753166
0.812189
0.358379
0.074435
0.462325
0.263283
-0.649648
-0.077731
0.033601
-0.829829
0.394269
-0.843379
-0.113010
-0.141820
0.839412
-0.550218
0.827448
-0.273049
0.097140
-0.770074
0.680898
0.489486
0.485031
0.775750
-0.286599
-0.411176
-0.898434
0.108493
-0.622120
0.175146
-0.510544
0.329325
-0.788995
0.932371
0.355022
0.693106
-0.131565
-0.440718
-0.320414
-0.894833
-0.813227
0.167333
-0.042512
0.606738
0.924436
0.000519
0.200293
0.444441
-0.180212
-0.604785
0.784600
-0.868709
-0.914670
0.340922
0.517075
0.791803
0.320658
0.360698
0.234535
-0.657704
0.814570
-0.638417
-0.759880
-0.114719
-0.096469
0.560228
0.341594
-0.491867
-0.884884
-0.206763
-0.819025
-0.204566
-0.559252
-0.898740
-0.416791
-0.298074
0.540208
-0.235511
0.778497
0.841670
-0.331217
0.284890
-0.718253
-0.024262
-0.483016
-0.193152
0.445723
-0.000397
0.410566
-0.041169
-0.440046
0.813288
-0.549852
0.585314
0.242531
-0.258095
-0.892575
-0.277261
-0.761040
0.961608
0.954161
0.474044
-0.794183
-0.436445
-0.405194
-0.766228
-0.027253
-0.988647
-0.855953
-0.228919
0.062960
-0.258095
-0.372662
-0.925108
0.115268
-0.860836
0.506333
-0.318888
-0.918271
0.804498
-0.455855
-0.715018
0.672781
0.647267
0.689505
-0.301126
0.143956
0.568407
0.591601
0.377544
-0.123447
0.468001
-0.525315
0.226661
0.011750
-0.228431
-0.659108
0.795892
-0.398053
-0.082492
0.772759
-0.823969
-0.505783
-0.206030
-0.260781
-0.828242
0.543504
-0.683401
0.308573
0.904599
-0.304117
0.691885
-0.063997
0.943480
-0.547533
-0.946226
-0.638356
-0.935545
0.051790
0.796503
-0.318949
0.446699
0.932554
0.029084
-0.349528
-0.171911
0.425336
-0.325419
0.180273
-0.239113
-0.596850
-0.153966
-0.307779
-0.040315
-0.134800
-0.586413
-0.807611
-0.949644
0.735771
-0.009308
0.735527
0.575732
-0.366314
0.799005
-0.398846
-0.079928
0.728874
0.720634
-0.329508
-0.788446
0.409040
0.559740
0.955443
0.128086
0.641408
0.371563
0.520554
-0.654775
0.550279
0.447554
-0.679678
-0.689261
-0.625660
0.401837
0.450789
-0.476363
-0.550523
-0.141087
0.377117
0.111606
-0.822687
-0.073214
0.966796
0.802850
-0.174047
0.219031
-0.609912
-0.935545
0.173009
-0.646352
-0.095126
0.085604
-0.127720
-0.891476
0.601489
-0.821406
-0.328471
-0.988464
-0.474227
0.552416
0.634388
-0.926511
-0.580004
0.031831
0.725578
0.065706
0.966918
0.199011
-0.714957
0.564257
-0.548753
-0.724235
0.343913
-0.672720
0.068026
-0.221168
-0.646840
-0.852107
0.656911
-0.557726
-0.383526
0.684927
0.574267
-0.127537
0.614795
-0.927610
0.599292
0.954283
-0.328288
-0.619373
0.713431
0.021516
0.099094
0.162511
0.536058
-0.059420
-0.687002
-0.559069
-0.423933
-0.091220
-0.906186
-0.216346
0.649953
-0.568468
-0.051607
-0.144993
-0.100925
0.695608
-0.551683
0.095614
-0.646290
0.486435
-0.478072
0.003510
-0.920164
0.024323
-0.765069
-0.621082
0.344829
-0.708487
0.684622
-0.988220
-0.610401
0.020417
0.502304
-0.293985
0.762017
0.755974
-0.181310
0.101047
-0.617298
0.138707
0.514939
-0.964660
-0.880917
0.170202
0.704703
-0.214393
-0.569262
0.991699
0.926817
-0.655263
-0.833857
-0.004425
-0.026032
-0.861812
0.872311
-0.302103
0.303995
-0.694388
0.170141
-0.851924
0.186804
-0.201086
-0.494858
0.247597
-0.225806
0.683828
-0.314859
-0.321879
0.545763
0.248695
-0.012177
0.677114
0.081393
-0.227271
0.205786
0.823176
0.229286
-0.703604
-0.403912
0.175024
-0.772698
0.230934
0.718863
0.927305
-0.073458
0.979675
-0.242531
-0.793329
-0.089999
0.545701
-0.702811
-0.665578
-0.102023
0.167943
0.423139
-0.911069
-0.348064
-0.292276
0.456893
0.794549
-0.981079
-0.567980
0.302164
-0.733757
-0.598682
-0.057527
-0.992187
0.893124
-0.556139
0.023530
-0.582812
-0.990295
-0.188818
-0.280435
-0.532579
-0.221900
0.415815
-0.974548
0.752007
-0.286599
0.827326
0.119785
0.197058
0.622059
0.340068
-0.475631
-0.956420
-0.849849
-0.124119
-0.004669
0.767937
0.001679
0.009674
0.079806
-0.330790
0.831782
-0.596912
-0.728446
-0.353679
-0.732231
-0.236549
-0.207373
0.096652
0.600330
-0.843623
-0.449263
-0.730094
-0.293252
-0.278603
0.948363
0.345622
0.454878
0.183996
0.808405
-0.879818
-0.811518
-0.286721
0.504257
0.594775
-0.413007
-0.058565
0.666128
-0.431867
-0.833796
0.756279
-0.617847
-0.696951
0.426252
0.244484
0.843928
0.596912
0.638417
0.788018
0.799371
0.785089
0.181921
0.276162
0.095981
0.905698
-0.199927
0.514817
-0.253029
-0.609485
0.021149
0.404645
-0.727592
-0.646474
0.946837
0.136753
0.141392
-0.478072
0.554552
-0.745903
-0.770562
0.057894
-0.431501
-0.917539
0.554735
0.563524
0.246132
0.329081
0.078585
0.740043
0.657460
-0.412214
0.195959
-0.256081
0.261330
0.440352
0.597156
-0.275491
-0.640309
-0.250954
-0.930235
0.416852
0.882260
0.603870
0.220923
-0.751701
0.579638
-0.533616
-0.661306
0.848079
-0.378887
-0.462874
0.068880
0.035005
-0.010895
0.397565
-0.785333
0.052278
-0.675588
-0.321146
0.149571
-0.643483
0.356731
-0.897031
-0.146886
-0.874264
-0.039460
0.132664
0.978576
-0.661000
-0.639698
0.555162
0.097995
-0.012665
0.359539
-0.723930
-0.279153
-0.819514
-0.430097
-0.324320
0.684622
-0.222266
0.035432
-0.422712
0.992004
-0.484481
-0.221961
-0.152501
-0.448714
0.772454
-0.386822
-0.734550
-0.963500
0.082003
0.276406
-0.771233
-0.181066
0.572192
0.352641
-0.661428
0.014985
-0.292398
0.881954
-0.168615
0.443220
-0.628346
0.242470
-0.091037
-0.049043
-0.934996
-0.580859
0.359722
-0.200354
-0.592639
-0.406598
0.186865
0.676809
0.571886
0.645497
-0.126255
0.746635
-0.213172
-0.083102
0.796808
0.974914
0.374371
-0.162389
0.080050
-0.043306
0.451643
0.525925
0.654958
-0.529954
0.054659
0.441267
-0.874508
-0.116245
0.406781
0.586535
-0.562059
0.585070
-0.586413
-0.971923
-0.250404
0.939695
0.137059
-0.226966
-0.986206
-0.029145
-0.877987
0.267312
-0.884640
-0.306558
0.928098
-0.016877
0.814753
-0.344218
0.302347
-0.317240
0.823786
0.086154
-0.794733
-0.682546
-0.372234
-0.481552
-0.903012
0.970641
0.204199
-0.448897
0.139378
0.555712
-0.391339
0.807733
-0.406842
0.846065
-0.674184
0.824824
-0.533067
-0.265114
-0.045991
0.999451
-0.646474
-0.219764
-0.265969
0.946593
0.612659
0.626331
-0.842219
0.976989
-0.097629
0.398236
-0.234169
0.185705
-0.505844
-0.012299
-0.354228
-0.549242
0.432173
0.873714
0.527573
-0.160375
0.227577
0.018097
-0.957152
-0.239784
-0.437971
-0.716300
-0.318827
-0.961425
-0.971618
0.554979
0.282632
-0.692984
-0.577624
-0.176733
0.548814
0.400555
-0.972839
-0.600024
0.853999
0.632557
0.634938
0.465682
-0.328288
0.394818
0.235694
0.335307
-0.835994
0.239357
0.861568
-0.058138
-0.663686
-0.002777
-0.143406
0.263405
0.322916
0.466231
0.767815
0.106784
0.454146
-0.912351
0.841243
-0.443159
-0.613941
0.026215
0.182043
0.287454
-0.343608
-0.956359
0.777093
0.889706
-0.809748
-0.494003
0.494797
0.689016
-0.107578
0.527085
-0.868892
-0.100620
-0.413129
0.849116
0.282022
0.306497
0.918332
0.507553
-0.916562
-0.335978
-0.126560
-0.157628
0.245399
0.183447
0.805719
-0.739982
0.941282
-0.125156
-0.093356
-0.434431
-0.500168
-0.526048
0.735527
0.393231
-0.615772
-0.604297
-0.310404
0.699637
-0.147740
0.273232
0.631886
-0.305277
0.805292
-0.961425
-0.069552
0.551073
0.463179
0.723441
-0.367534
0.393536
-0.372356
-0.988708
-0.059969
0.134678
-0.250710
-0.533677
-0.349956
-0.052217
-0.506882
-0.436811
0.299112
-0.842647
-0.044527
0.547899
0.216895
-0.947264
-0.074557
-0.246986
0.796564
-0.998962
0.672536
0.953001
0.238563
0.577868
-0.743095
0.344157
0.860775
0.475692
0.980468
-0.037141
0.423078
0.928892
-0.357341
0.836421
-0.741325
-0.650868
0.857051
-0.933287
-0.212806
0.221961
0.660573
0.464400
0.185400
-0.709281
0.698050
0.920408
0.304788
0.403729
0.070162
-0.318033
-0.573778
-0.372173
-0.062654
0.511338
0.408246
-0.412702
0.324625
0.911618
-0.876095
-0.612781
0.656972
0.603931
0.801202
0.620472
-0.326334
-0.175573
-0.343852
-0.841731
-0.543504
-0.396771
-0.880795
-0.981567
-0.138585
-0.238685
0.533982
0.081271
0.570177
-0.861202
0.621632
0.117649
0.062349
-0.410932
0.102695
-0.614307
-0.715812
0.506333
0.891476
0.925413
0.987487
-0.180212
-0.109836
0.468795
-0.687735
-0.035798
0.886288
0.964415
0.171728
-0.867244
0.839839
-0.846065
0.038362
-0.963927
-0.789178
-0.842708
0.542955
-0.686697
0.864376
0.186682
-0.219764
-0.016327
-0.898740
-0.536058
-0.579028
0.059359
0.402326
0.350810
0.968810
-0.748772
-0.051912
0.910398
0.631825
-0.029084
0.481796
0.175817
0.269204
-0.730644
-0.801874
-0.847102
0.592822
-0.412580
0.524094
0.301859
-0.041658
-0.717277
0.027009
0.657826
0.921567
0.749138
-0.664785
0.257057
-0.508591
0.806879
-0.055452
0.339579
-0.917234
0.491928
0.633595
0.874813
-0.908322
-0.705374
0.154027
0.492782
0.000763
0.167638
0.172643
0.347453
0.545457
0.909299
0.477401
0.214209
0.621021
0.968444
0.515488
-0.007660
-0.099277
0.377728
-0.676809
0.981201
0.462874
-0.900998
0.971862
-0.129734
-0.942320
0.607288
0.260048
-0.131138
-0.075411
0.529588
-0.506394
0.945433
-0.315409
0.564928
0.107089
0.448408
-0.030732
0.143773
-0.476180
-0.865108
0.715018
-0.457503
0.933409
0.441145
-0.191504
0.856441
0.730277
-0.256874
0.860958
-0.084078
-0.820185
0.524644
0.908872
0.338847
-0.570055
-0.011689
-0.422468
0.731010
-0.545824
-0.295694
-0.863643
0.113926
0.932920
0.916746
0.875729
0.046113
0.659597
-0.962951
-0.384442
-0.407941
-0.441023
-0.663747
-0.097507
-0.498947
0.329386
0.492050
-0.822260
-0.889279
0.783746
0.726737
-0.361064
0.331339
0.849910
-0.512192
-0.820124
-0.434187
0.500107
-0.968627
0.170202
-0.522996
0.165441
-0.700064
-0.567919
0.283975
0.712516
-0.129734
-0.730461
-0.750725
-0.097751
-0.996277
-0.364299
0.456526
-0.299783
-0.654164
0.444319
0.475753
-0.077425
-0.929930
0.379681
0.941771
0.312540
0.282876
-0.940977
-0.884701
0.806696
-0.481918
0.830317
0.239418
-0.973998
0.818964
0.377117
-0.721305
0.985107
-0.607776
0.296060
0.003510
0.097201
-0.753166
0.308939
-0.367229
-0.909604
0.706900
-0.609302
0.225318
-0.209937
-0.326395
0.304300
0.616565
0.410199
0.067354
0.928220
-0.073641
0.327921
0.146764
0.285684
-0.090548
-0.856075
0.199072
0.715934
0.618946
-0.708731
0.762993
-0.259865
0.886593
0.065828
-0.087313
0.783685
0.057222
0.694937
-0.020295
0.243263
-0.661000
0.089633
0.469222
0.913877
-0.354106
-0.608875
0.640004
0.431196
0.108005
-0.266457
-0.475448
-0.482467
0.782037
-0.030427
-0.931700
0.183996
0.634144
0.626148
-0.244362
0.272744
-0.059236
0.925291
0.696280
0.119602
0.756401
-0.258522
0.564379
0.515183
0.446699
-0.825983
-0.204871
0.031953
0.120884
0.001617
-0.554796
-0.705985
-0.848262
0.969787
-0.943907
0.925840
0.190588
0.795953
-0.851009
-0.033906
-0.498398
-0.264443
-0.217750
-0.310404
-0.292520
0.737358
0.165990
-0.032075
0.786615
-0.836055
-0.028535
0.537706
0.346782
-0.970153
-0.703055
0.621204
0.023957
0.015351
-0.302530
0.782586
-0.861263
-0.783929
-0.544237
0.228980
-0.087863
-0.932066
0.939879
-0.800226
-0.361614
0.168432
0.415082
-0.292520
0.446333
-0.261513
-0.579821
-0.827265
-0.790704
0.355205
-0.681692
-0.827143
0.041719
-0.294656
0.940794
0.595630
0.526780
0.557665
0.834407
-0.077242
0.377117
0.458357
0.933958
0.002411
0.639943
-0.241005
-0.257973
-0.486251
-0.716971
-0.454512
-0.961791
0.473434
0.727714
0.867489
0.806940
-0.771477
-0.301981
0.698904
0.756279
-0.207007
-0.196875
-0.038972
-0.292459
0.764214
0.498154
-0.302347
0.661306
-0.452437
-0.455733
-0.024567
-0.408612
0.647267
-0.345805
0.275796
0.280374
0.327860
-0.073702
0.238197
0.720756
0.591662
-0.738273
-0.490829
0.967711
0.665151
-0.447676
-0.070650
-0.803339
-0.448469
0.845027
0.953612
-0.033052
-0.591113
-0.382000
-0.864071
0.676016
-0.683828
-0.191198
0.499130
-0.585192
-0.457808
-0.781121
0.264138
0.013703
0.208106
-0.295083
0.168310
-0.328898
0.018769
-0.381451
-0.221839
0.177587
-0.422590
-0.603931
0.501755
-0.217750
-0.720145
0.690603
0.205054
0.935362
0.698965
0.079501
0.102512
-0.897092
0.487228
-0.577624
0.693472
0.034028
0.330180
0.505844
-0.531358
-0.140782
-0.282144
0.631214
0.506516
-0.134800
-0.046480
-0.317057
0.790582
-0.211890
0.234413
-0.841060
0.393780
-0.990051
0.571947
0.604358
0.275979
-0.276833
0.902402
0.393536
-0.981567
-0.004975
-0.193030
0.408673
-0.529038
0.643971
-0.256081
-0.867428
-0.274270
-0.810480
-0.444990
0.800775
0.646474
0.377789
-0.291055
-0.272744
0.109409
0.781426
-0.196265
-0.398114
0.190832
0.847652
0.100253
-0.636891
-0.890805
-0.510239
-0.505112
0.747002
-0.687490
0.641041
-0.695425
-0.182043
-0.419477
-0.722465
0.455611
0.388531
-0.776360
0.510056
0.216346
-0.387616
-0.655141
0.696524
-0.435591
-0.344829
0.646779
-0.127232
-0.014924
-0.436140
-0.530503
0.519333
0.157262
0.992370
0.687063
0.449141
0.535142
0.612476
-0.331645
-0.837886
-0.574755
0.889157
-0.403974
0.453108
-0.913572
0.868954
-0.571947
-0.833613
0.253395
0.161534
-0.455672
0.840327
0.486984
-0.723930
-0.028413
-0.632801
0.762505
-0.784417
-0.531724
-0.930052
0.155492
0.405683
0.721671
-0.423505
-0.196631
-0.529160
0.553941
-0.412091
0.961913
-0.446516
-0.150243
0.562792
0.419538
-0.766533
0.370708
0.295877
-0.810419
0.217444
0.426740
0.325968
-0.512741
0.809259
0.390790
0.423688
-0.679556
-0.198706
-0.911435
-0.252541
0.298441
-0.275674
-0.177587
0.519517
-0.120212
0.737663
-0.916318
0.538865
-0.871029
0.596606
0.007294
0.063021
0.143040
-0.351665
-0.759331
0.149571
-0.048799
-0.157750
0.062532
0.881588
-0.021943
-0.288186
0.854305
0.298624
-0.154332
0.369976
-0.126194
0.794244
0.056856
-0.603198
-0.133702
-0.393353
0.729911
0.367290
-0.803156
-0.990783
-0.489608
-0.925291
-0.543199
-0.805231
0.064241
-0.259011
0.194983
0.900510
-0.630543
0.895138
0.698904
0.971618
-0.832575
-0.415387
0.725455
0.370037
-0.154149
-0.772454
-0.732963
-0.522629
0.314432
-0.408612
-0.353740
0.802484
-0.511155
0.715567
0.563341
-0.793573
0.462569
-0.755425
0.752068
-0.436323
0.067049
-0.807855
-0.309305
-0.010773
0.032136
0.942625
-0.609180
0.733390
-0.262551
0.809687
0.915464
0.639698
0.075716
-0.496078
-0.051057
0.997986
-0.764946
-0.716788
0.137120
0.652516
-0.166478
0.423627
0.805536
-0.108127
0.485153
-0.272683
-0.655934
0.771233
0.815851
-0.845454
0.617542
-0.415204
0.314432
-0.546800
0.935484
0.840754
0.485397
-0.235878
0.227088
0.209143
-0.924741
-0.778253
-0.848750
0.920713
-0.540391
0.736503
-0.781182
-0.266457
0.660024
0.716178
0.980895
-0.606250
-0.161718
0.719901
0.404401
0.181310
-0.535508
0.929746
-0.184545
-0.431990
-0.923887
-0.627979
0.985961
-0.739494
0.515671
-0.048860
0.263710
-0.985107
-0.024201
-0.653005
-0.991516
0.180456
-0.104770
-0.430036
0.638356
-0.896359
-0.464156
0.770379
-0.720023
-0.334819
0.964843
0.320902
0.599719
-0.303568
-0.819636
0.524339
-0.691214
-0.384503
0.818659
-0.616871
0.841914
-0.338237
0.440413
0.690847
-0.390790
0.560595
0.890194
0.932920
0.364727
-0.358013
0.450850
0.687979
-0.121311
-0.935667
-0.332926
-0.991272
-0.191992
0.007294
-0.044649
0.554064
-0.671682
-0.854122
-0.204627
-0.637440
-0.929258
0.016205
0.412702
0.151524
0.251137
-0.424116
0.436445
-0.017304
0.683279
-0.639332
0.083712
-0.679556
0.951170
0.491562
0.928037
-0.530137
-0.752129
-0.778924
0.733940
0.329875
-0.113926
-0.392193
0.641957
0.003327
0.069979
-0.998657
-0.393048
0.777520
0.177526
0.017975
0.008026
0.420698
-0.234474
-0.437422
-0.730399
0.878109
0.344035
-0.980163
-0.211158
0.331095
-0.602893
0.317301
-0.973693
-0.284158
0.328043
0.900571
0.155370
-0.273049
-0.960021
-0.338237
0.482040
0.755974
-0.970336
-0.863521
-0.042940
-0.068575
0.596484
-0.943419
-0.523850
0.156713
0.474654
-0.421491
-0.036897
-0.863704
0.424604
-0.738029
-0.380108
-0.602039
-0.621570
-0.541978
-0.956542
-0.187292
-0.591479
-0.783624
-0.147191
0.748222
0.389386
-0.198035
0.620472
0.883236
0.102329
-0.003876
-0.235511
-0.727958
0.133030
0.913633
0.159276
0.044649
-0.482101
-0.947508
0.451460
0.617176
-0.921934
0.331400
0.046297
-0.646718
0.422407
0.698538
0.759697
0.191748
-0.271950
-0.942198
0.436811
-0.465743
-0.083895
-0.493515
0.007416
0.487411
0.676870
-0.073214
-0.898068
-0.288491
0.462569
0.128269
-0.197119
-0.125645
0.561083
0.658620
-0.608692
0.053865
0.649831
-0.463668
-0.217322
-0.029206
-0.293374
-0.383343
0.352214
0.312906
-0.495407
-0.465072
0.839900
-0.678701
0.326579
0.513230
0.928526
-0.633229
-0.894955
-0.187536
0.920957
-0.931639
0.768365
0.554979
-0.189611
-0.739372
0.618702
0.639088
0.396893
-0.316080
-0.104221
-0.039583
-0.014924
-0.666311
-0.109897
0.149632
-0.678945
-0.438765
-0.356548
-0.869625
0.298013
-0.129246
-0.803949
-0.920225
-0.800043
0.508652
0.140965
-0.566515
-0.621509
0.792047
0.243080
0.807489
-0.714591
0.749077
0.840571
0.620899
-0.360393
-0.351115
0.313395
0.884823
0.704276
-0.246620
0.882504
0.656972
0.245338
-0.418256
0.400616
0.314676
-0.282388
-0.294046
-0.810907
0.038179
0.784906
0.514389
0.040559
-0.080966
-0.361797
0.232521
-0.371136
-0.753044
-0.553636
0.908139
0.810907
0.458968
-0.731071
0.991333
0.097324
0.971740
-0.062838
0.025056
0.140172
-0.309549
0.498947
0.102145
0.481735
-0.250954
-0.940733
-0.890683
0.702750
0.552965
-0.363262
0.060274
-0.075289
-0.333476
-0.910703
0.862911
0.369854
0.382611
0.262001
0.520310
0.293069
0.731559
0.282327
0.400555
-0.952452
-0.924558
-0.230323
0.710318
-0.838618
-0.661489
0.610645
0.121128
0.449995
-0.522568
0.225990
-0.912778
-0.397076
0.155126
-0.591479
-0.655873
0.815607
-0.165441
-0.095614
0.390301
0.156346
-0.048311
-0.623768
-0.611255
0.090548
0.020356
0.019562
-0.702628
0.265297
-0.715629
0.144261
0.338298
-0.925962
0.576525
0.235511
-0.008637
-0.286172
-0.916318
-0.271157
-0.885861
-0.247902
-0.402142
-0.652577
-0.781182
0.781915
-0.473312
-0.806879
-0.683279
0.204688
0.038301
0.423627
0.602344
-0.404767
0.979736
0.503891
0.243812
0.593738
-0.408063
0.536668
-0.749077
-0.119968
0.123325
0.555284
0.884335
-0.210669
-0.487594
0.238624
0.960936
-0.987854
-0.807123
0.160680
0.047334
-0.772576
0.032136
0.580493
0.276894
-0.568712
0.605823
-0.618397
-0.603198
-0.704764
-0.958129
0.729667
0.077914
-0.601428
-0.550584
0.616871
-0.049471
0.355632
-0.803522
0.135533
0.821039
-0.772942
0.248634
0.035127
-0.109104
0.851863
-0.382000
0.066683
0.888852
-0.635426
-0.373882
-0.249489
0.341411
0.975524
-0.702994
0.809503
-0.934324
-0.792901
0.790887
-0.310465
-0.053743
0.890744
0.268777
-0.213660
-0.906980
0.944395
0.782281
-0.938414
0.773370
-0.458235
0.766228
-0.630299
0.120457
0.592456
0.485824
0.508957
0.666799
0.067965
0.796197
-0.140233
-0.119175
-0.303690
-0.178014
0.832514
0.737175
0.626881
0.440657
0.506760
-0.067598
0.807184
-0.959838
-0.228065
-0.178259
0.944517
-0.587146
-0.982543
0.386212
-0.093417
-0.737236
-0.783380
0.627613
-0.457747
0.195959
-0.061251
-0.953795
0.303812
0.327860
0.984985
-0.531785
0.076266
0.494552
-0.288858
-0.390851
-0.161596
-0.696585
0.731376
0.041047
-0.616321
0.183874
0.517930
0.334452
-0.438826
0.365520
0.290017
-0.813410
-0.947752
0.977783
0.921140
0.686331
0.698294
0.691397
-0.844050
0.325297
0.460067
0.916013
0.516648
0.409772
-0.053804
-0.188086
-0.362346
0.310160
0.197119
-0.034089
0.105564
0.971679
-0.710685
-0.680471
-0.661916
0.132664
-0.080905
0.640004
0.966735
-0.799188
-0.151097
0.403790
-0.338908
0.300638
-0.895016
-0.935972
-0.103000
0.123386
-0.966735
0.499557
-0.925596
-0.639698
0.272073
0.262368
0.340373
0.058016
0.614978
-0.635609
0.648061
-0.633045
0.187109
0.577807
0.605518
-0.393292
-0.666250
0.699149
-0.893307
-0.410749
-0.640553
-0.621754
-0.778314
0.666128
0.415387
-0.389569
-0.874081
-0.419721
-0.391156
-0.505905
0.594226
-0.752251
-0.288553
-0.448347
-0.310526
0.239967
0.253639
-0.664052
0.685842
0.097629
0.623280
-0.275979
0.554430
-0.009369
0.287698
-0.726188
0.792291
-0.431440
0.355632
-0.464461
-0.065157
0.957030
0.638539
0.654164
0.478561
0.870235
0.936155
-0.503403
0.801874
0.431562
-0.563707
0.332194
-0.844111
0.318583
-0.582873
-0.655812
0.785211
-0.387371
-0.634571
-0.046541
-0.133030
0.614429
0.157567
0.462447
0.263588
0.625294
-0.448775
-0.631642
-0.154942
0.856746
0.643422
-0.977233
-0.869381
0.165075
-0.167028
0.931822
0.141697
-0.082308
0.271706
0.996460
-0.604602
-0.431379
0.685171
0.249367
-0.040620
-0.093844
0.040864
0.646718
0.011139
-0.638295
0.993530
-0.877499
-0.550707
0.534227
-0.571825
0.983825
-0.531602
-0.259987
0.989563
-0.564562
-0.167150
-0.342143
0.242042
0.848140
0.701956
0.712760
0.532640
-0.790704
0.145116
-0.377300
-0.782220
-0.442793
0.594348
0.830134
-0.644826
0.969298
0.330485
0.777459
-0.496139
-0.912656
0.805292
-0.684805
0.576464
-0.256020
0.013092
-0.041963
-0.658193
0.326029
-0.185644
-0.721671
-0.154149
-0.438215
-0.573901
0.178381
0.284280
0.239784
0.506943
-0.896176
-0.729118
-0.277261
0.194128
0.280374
0.314310
-0.197974
-0.793573
0.625111
0.108554
-0.232521
-0.427107
0.682119
-0.255165
-0.672231
0.393841
-0.388165
-0.289041
-0.073885
0.673025
-0.361980
-0.893551
-0.259194
0.876217
0.601611
0.689871
-0.058870
0.251686
0.955992
-0.986450
0.602222
0.709586
-0.560778
-0.254372
-0.166051
0.720267
0.693228
0.210547
0.272866
-0.362224
0.540269
0.522813
-0.181677
0.058321
-0.336650
0.270913
-0.903317
0.780999
0.491745
0.718925
-0.851070
-0.213050
0.918394
0.820673
0.968444
-0.707633
-0.456221
0.415876
-0.528916
0.363018
-0.609790
-0.669118
0.310160
0.621937
0.900815
-0.785699
-0.270058
0.879879
-0.604297
0.857112
-0.680593
0.067232
-0.997803
0.303629
-0.268410
-0.076876
0.453475
0.519272
0.334147
0.240272
-0.372662
0.180090
-0.564135
-0.247841
0.958739
-0.562853
0.395184
0.199683
-0.672353
0.265419
-0.164953
-0.977905
-0.290689
-0.121982
-0.462630
-0.328043
0.668630
0.576769
0.324259
0.666677
-0.955931
-0.598071
-0.595508
0.632435
-0.082003
0.459395
0.521165
0.090670
0.105502
-0.252358
