-0.528855
-0.291116
-0.242103
0.902402
-0.688040
0.709525
-0.757134
-0.592273
-0.038972
-0.898862
0.092196
0.660817
-0.209693
0.162389
0.411969
-0.626942
-0.342814
0.758477
0.319742
0.467330
-0.274697
-0.335429
0.270180
-0.499313
-0.584704
0.555589
-0.382611
0.702506
0.802789
0.708548
0.330546
-0.514328
0.726005
0.135044
-0.355205
0.430891
0.751762
-0.884091
0.561083
-0.418683
-0.135289
-0.709586
0.602222
0.610828
-0.449690
0.043489
-0.634877
-0.288736
-0.151830
0.318461
-0.066805
-0.486068
0.241188
0.304910
0.496811
-0.034333
-0.222571
0.987793
-0.378094
0.179357
0.735588
0.741508
0.981506
-0.803766
-0.567492
0.279275
-0.176611
0.853877
-0.836848
-0.912961
-0.436323
-0.793329
-0.546373
0.068148
0.412946
0.744194
0.137364
0.263466
-0.167211
-0.732963
-0.862850
0.635304
0.433088
0.233924
0.426252
0.460250
0.216651
-0.972594
0.127293
-0.281961
-0.239601
-0.282449
0.630177
0.513535
0.813593
0.229835
0.595874
0.070956
-0.627674
-0.363933
-0.920286
-0.110813
0.671682
-0.530442
-0.603381
-0.053621
0.077731
-0.784783
0.257668
0.330119
-0.329020
-0.602222
0.049287
-0.437727
-0.764214
-0.895199
-0.369060
-0.324625
0.295938
0.012970
-0.844600
-0.230323
-0.902402
0.314249
0.116672
0.864803
-0.013092
0.342814
0.990844
0.061983
0.184545
-0.482772
-0.049654
0.671010
-0.572863
0.309671
-0.637684
-0.906552
0.112094
-0.344707
0.307962
0.646840
-0.308206
-0.406049
-0.915036
-0.640736
-0.515122
-0.717826
-0.679678
-0.719901
0.964599
0.411481
-0.939146
-0.023347
0.357280
0.124302
-0.304178
0.435835
0.680960
0.041475
-0.626942
-0.752678
-0.373577
-0.023225
-0.211341
0.069430
-0.110263
-0.848750
0.043550
-0.721366
-0.572069
-0.309793
-0.569933
0.095248
-0.028535
-0.068209
-0.280984
0.478927
0.555467
0.961486
0.863277
0.917356
-0.239845
0.830866
-0.218299
-0.216651
-0.830256
0.108066
-0.743706
0.997559
-0.129307
-0.832636
-0.564867
0.981750
-0.769341
0.359111
0.761467
-0.404950
0.549974
-0.130772
-0.505356
-0.271645
-0.655263
-0.500168
-0.693899
-0.181005
0.710562
-0.621815
-0.493759
-0.208106
0.943419
0.834223
0.975463
-0.333232
0.283364
-0.547777
0.839595
0.255654
-0.578600
0.243080
0.427107
-0.802423
0.020295
0.906735
-0.724845
-0.510239
0.965148
-0.239113
-0.358074
-0.801874
0.610828
-0.051729
0.179235
0.344951
0.500107
-0.120640
0.761284
0.385357
0.476485
0.826289
-0.473739
0.030732
0.064486
0.164403
-0.850703
0.319742
0.520066
-0.411786
-0.475692
0.868465
-0.959777
0.424299
-0.405988
0.467513
-0.195044
-0.477035
0.993286
-0.991943
0.937803
-0.090182
0.404401
0.789605
-0.609119
0.174841
-0.248756
0.251015
0.173009
0.933226
-0.883419
0.852657
0.620960
0.206885
0.976440
-0.266518
0.508408
0.738578
-0.823481
0.398907
-0.299112
-0.045869
-0.050081
0.339824
0.743522
0.722770
0.485824
0.490463
-0.189245
-0.823664
0.921201
-0.523789
-0.484115
-0.435835
-0.859798
0.557726
-0.170812
-0.955260
-0.703665
-0.154515
-0.657582
-0.713919
0.915098
-0.356609
-0.882076
-0.766533
0.415632
0.392010
0.074679
0.940123
0.746879
0.469344
-0.944334
-0.696402
-0.101413
-0.853816
0.174230
0.435957
-0.805719
0.094211
0.364727
-0.202734
0.525925
-0.635365
0.005646
0.814203
-0.690786
0.649770
-0.933470
0.268227
-0.570971
-0.557604
0.799005
0.067843
0.024018
-0.565050
-0.973144
-0.108432
0.848567
0.348430
0.750603
0.929868
-0.964293
0.732597
0.540452
0.835994
0.081149
0.795831
-0.528062
-0.270547
0.863155
0.887020
-0.169408
0.495651
-0.240516
-0.244362
0.121677
-0.478927
0.543748
0.555345
0.321512
-0.212012
0.536424
-0.652394
0.052767
0.558885
0.219031
-0.464034
-0.683950
-0.053377
-0.955382
0.748283
0.510666
-0.141820
-0.271950
0.941649
-0.766533
0.023896
0.305338
-0.257179
-0.280496
-0.502060
0.402326
-0.581164
0.427046
0.518845
0.857540
-0.040437
-0.778802
0.217505
0.748772
0.671133
-0.585742
-0.569262
-0.450606
-0.066622
0.318216
0.142796
0.462874
0.454695
0.383526
-0.463912
0.384014
-0.657888
0.589648
-0.608020
0.374981
-0.185461
-0.846492
-0.337138
0.526170
0.066622
-0.224891
0.016388
0.931333
-0.145543
-0.216590
-0.562609
-0.903684
0.305704
-0.916623
-0.118137
0.263588
0.175329
-0.777215
-0.090915
-0.310160
0.549486
0.893674
0.903989
0.352214
0.594409
0.582690
0.042695
0.510178
-0.785943
0.785882
0.111728
-0.690542
0.472030
0.152379
-0.876827
0.084994
0.384869
-0.275185
-0.750969
0.453597
0.148961
0.250343
0.976684
-0.114963
-0.147984
0.403180
-0.630787
0.740654
0.506760
0.572619
-0.539781
0.563219
-0.429121
-0.291177
-0.525132
0.873836
0.531968
0.825922
0.740471
0.853267
0.059420
0.564074
-0.616749
-0.597156
0.536424
-0.181494
-0.867794
0.760613
0.122288
0.711600
-0.701285
-0.883786
-0.586535
-0.743522
0.305338
-0.683157
0.346355
-0.914609
-0.498337
0.855159
-0.200903
-0.410810
-0.822260
0.016816
-0.743889
-0.690481
-0.929624
-0.155126
0.342204
0.609485
0.158361
-0.624805
-0.379559
-0.902951
-0.937376
-0.120518
-0.671926
0.135838
0.693533
0.538987
-0.476363
0.641713
0.218970
-0.339030
-0.807672
0.813410
0.886349
0.870052
-0.378704
0.182897
-0.950865
0.648854
-0.249489
0.276528
0.832331
0.236244
0.687796
-0.400739
-0.173437
-0.781793
-0.348979
-0.511155
-0.848201
-0.906735
0.482467
-0.806879
0.329936
0.862117
0.730155
0.298990
0.631703
-0.862850
-0.596850
0.869869
0.611866
-0.677541
-0.614795
-0.616932
0.663686
0.927549
-0.729545
-0.847530
0.377972
0.060945
0.002289
-0.332133
0.722343
0.668447
0.658559
-0.913083
-0.136814
0.626514
0.031526
0.890988
0.310099
-0.589831
0.853267
-0.528916
0.499802
-0.613330
0.016388
0.895138
0.272988
0.038667
0.939451
-0.192969
-0.786798
0.245399
-0.463790
0.043855
-0.078951
0.996338
-0.343669
-0.408918
0.225867
0.758293
-0.229347
0.665578
0.316568
0.103244
-0.717582
-0.835749
0.400006
-0.600146
0.155675
0.930967
-0.235755
-0.837031
-0.059053
0.207007
-0.485580
-0.569384
0.716971
-0.955687
-0.767205
-0.996643
0.318522
0.791192
-0.202551
-0.999817
-0.955382
-0.992798
0.885311
-0.407270
-0.674856
0.880490
0.034944
-0.971862
-0.854610
0.150548
0.029450
0.413190
-0.820185
0.116916
0.447798
-0.694876
0.172826
-0.145482
0.228248
-0.828913
0.193274
-0.144017
0.098483
0.324076
-0.941832
-0.244972
-0.677297
-0.118137
0.058321
-0.048677
-0.177648
-0.431928
-0.498459
0.861385
-0.714408
-0.074496
0.586352
-0.214209
0.996887
0.821528
0.691153
-0.244667
0.003571
0.636158
-0.038972
-0.738578
0.034883
0.542833
-0.042451
0.037080
-0.184668
0.578600
0.397687
0.693350
0.505783
-0.519272
-0.018403
-0.819391
0.655385
0.538682
0.733940
-0.560961
-0.016449
0.911191
-0.070223
-0.475997
-0.778375
0.893002
-0.271096
-0.597827
-0.157506
-0.116855
0.033906
0.928831
-0.612049
-0.983764
0.617725
0.494064
0.235939
-0.392865
0.326640
-0.017670
0.472640
-0.473189
-0.168737
-0.920957
-0.039949
-0.488571
0.774834
-0.589648
-0.879025
-0.050508
0.391583
0.348430
0.397809
0.328043
0.869686
-0.738029
-0.884213
0.624989
-0.936949
-0.372723
-0.178137
0.987732
-0.076022
0.220557
-0.225929
-0.717399
-0.154942
0.602161
0.610218
0.536241
-0.262123
0.722098
-0.213416
-0.957091
0.741874
-0.248085
-0.042268
0.536302
0.814447
0.753655
-0.279824
-0.049287
0.201086
-0.747368
0.935240
0.783441
0.813837
-0.246254
0.215857
0.666250
0.658498
0.750237
-0.132847
0.565661
-0.655751
0.310282
-0.637745
0.521409
0.341533
0.207617
-0.790216
0.046175
0.685781
0.703543
0.665212
0.018097
0.314920
0.741935
0.617664
-0.453230
-0.897885
-0.053560
0.981567
0.332743
0.967833
0.829890
0.820246
-0.426374
0.476852
-0.124302
0.963134
-0.406232
-0.063204
0.524766
-0.446883
-0.689261
0.013459
-0.591968
0.136570
0.506516
-0.247902
0.162938
0.239540
-0.517136
-0.325297
0.523972
-0.232398
0.779962
-0.968627
0.425336
-0.862362
0.708853
0.960875
0.862117
-0.328471
0.603565
0.279641
-0.556322
-0.172216
-0.273476
-0.296487
0.400983
0.975219
0.789239
-0.090487
-0.898434
-0.228675
0.272561
0.100436
0.468490
0.156957
-0.527512
0.038972
0.882931
0.201575
0.389019
-0.872677
0.169347
-0.059481
-0.834895
-0.208899
0.788141
-0.221534
-0.197790
-0.687307
0.899106
-0.930479
-0.835994
-0.793939
0.997070
0.641896
0.141881
0.507126
-0.327128
-0.329814
0.920896
-0.295816
-0.457747
0.438154
0.031343
-0.261330
0.314371
0.093539
0.936766
-0.754570
-0.585620
-0.239540
-0.469527
-0.654164
-0.224708
-0.681326
-0.164403
-0.618397
-0.062838
-0.509568
-0.733207
-0.499924
-0.281777
-0.341777
-0.422712
-0.287515
-0.832514
-0.064913
-0.282815
0.077853
0.595935
-0.116916
0.294351
0.135594
0.950438
0.537889
-0.950438
0.587024
0.810602
-0.494430
-0.200049
0.862667
0.211890
0.160924
-0.030427
-0.343242
-0.731559
-0.651051
-0.875179
-0.582629
-0.809626
-0.219459
0.908444
-0.056734
-0.338786
0.346416
-0.306619
0.286294
0.678457
-0.984375
-0.511643
0.267861
0.994690
0.962706
0.389325
-0.725578
-0.722465
0.626820
-0.775689
0.336772
0.916623
-0.644581
-0.574450
0.126194
0.220130
-0.744804
-0.404828
0.819575
-0.096042
0.661916
0.392865
0.899411
0.339030
-0.996460
0.570299
-0.468307
0.171484
0.515854
0.348613
-0.950499
0.109653
-0.521287
-0.941527
0.170507
0.775506
-0.481552
0.052889
-0.600513
-0.067660
-0.793756
0.455123
0.160985
-0.194311
0.082614
0.641835
-0.757988
0.696585
-0.640736
-0.760491
0.054415
0.661733
-0.361187
0.216590
-0.309671
-0.042329
0.191992
0.071627
-0.229347
0.858821
-0.041108
0.427656
-0.593677
-0.200659
0.426191
0.637806
-0.484603
0.640309
0.146397
-0.825922
0.699881
0.624073
0.728385
-0.238746
0.812677
0.316446
0.095248
0.028962
0.752495
-0.932615
0.041047
-0.834284
-0.550462
0.134068
-0.672048
-0.577258
-0.063814
0.635914
-0.495712
0.530686
-0.782586
-0.942442
-0.584155
-0.038606
0.079623
0.064791
0.057283
0.460067
-0.108066
0.037690
0.082858
-0.890683
-0.053377
-0.801874
-0.673818
-0.152074
0.857356
-0.980346
-0.109714
0.706839
0.163732
-0.646290
0.877316
-0.924009
-0.744072
0.979614
-0.514206
-0.212134
-0.435896
-0.624439
-0.971435
-0.766228
-0.771599
-0.013092
-0.916440
0.069124
0.590136
0.060274
-0.522996
0.066256
0.586291
0.506943
0.287271
0.953795
-0.141087
0.993591
0.202857
0.346843
-0.486618
-0.170324
0.341227
-0.770013
0.082369
0.562731
0.551805
0.957335
-0.983642
0.416303
-0.310953
0.471969
-0.452254
-0.679800
0.036836
-0.863643
-0.040376
0.686026
-0.093417
-0.762688
-0.830561
0.114475
-0.034639
0.891110
0.467940
-0.875790
0.993103
-0.897214
-0.115757
-0.301004
0.649709
0.009003
0.603626
0.344584
0.772942
-0.876705
-0.046419
-0.542283
0.411054
0.572680
0.594836
0.470504
0.936460
-0.287271
0.935118
-0.885006
-0.443220
-0.959655
0.187719
0.633717
-0.817133
0.509568
-0.861995
0.769829
0.215552
-0.678640
-0.610279
-0.136448
-0.677664
0.959410
0.901425
0.429365
0.860408
0.925474
-0.508469
0.372723
0.074740
0.249916
0.752129
0.488021
-0.540941
0.639882
0.551988
0.926389
-0.067904
-0.619556
0.120762
0.426618
-0.183752
-0.946226
0.532640
0.597949
-0.788202
0.201270
0.598132
-0.107700
0.964415
0.492965
0.500534
0.937254
0.319193
-0.192846
0.812555
-0.906308
0.047639
0.196142
-0.141331
-0.314920
-0.376995
0.153294
0.362163
-0.211707
-0.684378
0.644276
-0.703482
-0.913938
-0.151891
-0.295450
-0.649770
-0.062227
-0.979125
0.713065
-0.338786
-0.901120
0.321268
0.010468
0.900082
-0.036592
0.123142
0.758782
0.972411
-0.514389
-0.839106
-0.923582
0.384808
0.092502
0.796503
-0.223060
-0.367656
0.994507
-0.250954
-0.840388
0.256752
0.931272
0.397809
-0.210059
0.057405
0.583361
0.685354
0.834346
0.706046
-0.877132
-0.042756
0.054537
-0.457198
0.971313
-0.427290
0.210364
-0.049837
-0.737724
-0.132054
-0.890927
-0.650014
0.865719
-0.884335
0.893185
0.504196
0.045991
-0.475387
-0.615406
-0.130467
0.744560
-0.692312
-0.150914
0.493576
-0.989013
0.291665
0.378277
-0.039583
0.722709
-0.086825
-0.074557
0.255043
-0.761406
-0.450362
-0.284829
0.031098
-0.777886
0.735160
-0.144566
0.703787
-0.629749
0.547349
-0.637501
0.672292
0.439802
-0.582568
-0.237709
0.111728
0.026399
-0.746941
0.139317
-0.679373
0.555956
0.053072
-0.431806
-0.999329
-0.868526
-0.418195
0.639332
-0.580493
0.244179
-0.268044
0.864864
0.942930
-0.891110
-0.768365
0.377239
0.356792
0.538133
0.882504
0.072237
0.356670
-0.928953
0.701102
-0.569323
-0.955077
-0.589831
-0.675344
0.497971
-0.195166
0.747734
-0.630909
0.992248
0.346538
0.604419
-0.178381
0.372723
-0.499374
0.492538
-0.724784
0.847224
0.462569
0.920347
-0.253212
-0.263771
-0.399518
0.631031
-0.830500
0.795343
0.773064
0.760186
-0.003876
-0.733695
-0.614795
0.350139
-0.901608
-0.988708
-0.314310
0.187841
-0.681997
-0.066439
0.490341
0.387677
0.746574
0.471664
-0.915647
0.161657
-0.978454
-0.251564
0.506943
0.791131
0.008942
-0.092929
0.310343
0.315714
0.816889
-0.588733
-0.399091
-0.968261
0.777886
0.785211
0.077364
-0.203711
-0.359355
-0.583361
-0.637196
-0.309915
0.030549
0.769158
-0.473189
0.684744
-0.869015
-0.440291
0.426069
0.438154
0.794916
-0.928831
-0.791131
0.471664
-0.150731
0.894772
-0.146153
0.712821
0.775628
-0.541063
0.864376
-0.541185
-0.077975
-0.222755
-0.838374
0.201331
0.831599
0.819575
-0.886410
0.768548
0.430708
0.342265
0.862239
-0.769280
-0.026521
0.365215
0.709220
0.572985
-0.861751
-0.634510
0.632496
-0.027741
0.173132
-0.408856
0.572192
-0.153661
-0.033540
0.085482
-0.944823
-0.152074
0.765374
0.983642
0.567248
-0.587085
-0.650807
-0.270913
0.016694
0.916501
0.930601
0.907346
-0.065767
0.040071
0.499863
0.133641
-0.397443
-0.409711
0.374981
0.820490
-0.784661
0.083651
0.649953
-0.397870
-0.378460
-0.856319
-0.997253
0.392560
0.520066
0.789422
0.735038
0.619984
0.916013
-0.411969
0.612171
0.287332
-0.590258
0.847163
0.057955
-0.466048
-0.023591
-0.311991
-0.165075
0.683157
-0.413434
0.356426
-0.502731
-0.787042
0.319620
-0.846736
0.239662
-0.929563
-0.841853
0.998901
-0.227271
0.215064
-0.373882
-0.432417
0.386212
0.607288
-0.472518
-0.271096
-0.806940
0.285684
0.368877
0.286233
-0.493088
0.012909
0.385113
0.454024
0.200537
0.910886
-0.534898
0.721427
0.832453
-0.169347
-0.395978
-0.260964
-0.106967
0.265175
-0.395734
-0.064669
0.629078
-0.556688
-0.343425
-0.938414
0.751518
-0.354778
-0.965453
0.021699
-0.239967
-0.707327
-0.758782
-0.259621
0.863094
-0.979003
-0.606189
0.912229
-0.856746
0.325480
0.602527
-0.973876
0.681814
0.392010
0.920347
0.471236
-0.319864
-0.812433
-0.908506
-0.653615
-0.452437
-0.990600
0.313089
-0.940550
-0.231788
-0.074007
0.170141
-0.710868
0.685415
-0.843684
-0.906003
0.588427
-0.004913
0.913083
-0.731193
-0.995972
0.006806
-0.948119
0.062166
-0.348857
-0.630360
-0.911863
-0.413617
-0.428816
-0.176794
0.572436
-0.823908
-0.352031
-0.332926
-0.764885
-0.883908
-0.417341
0.083163
-0.960997
-0.362346
-0.064364
0.843806
0.451582
0.222999
-0.532090
-0.655812
-0.115146
-0.927671
-0.504929
0.106967
0.976806
0.842524
0.635426
0.797296
-0.695059
-0.718680
-0.536119
0.763787
0.097446
0.940611
0.762932
0.146458
0.563768
-0.171422
0.655141
0.323588
0.525193
0.903439
-0.156896
0.230506
-0.212500
0.136998
0.266945
0.177160
-0.027070
-0.265603
0.267617
0.835749
-0.127171
-0.682546
0.219031
0.435774
0.266945
0.763421
0.325602
-0.855220
-0.367840
0.679373
-0.664907
-0.344829
-0.474288
-0.722404
0.968627
-0.067965
0.504624
0.637013
-0.688772
-0.580676
0.833064
-0.006867
0.567248
0.807611
-0.230934
-0.106967
-0.776727
0.154759
0.694388
0.446150
-0.164464
0.454024
-0.697928
-0.333354
0.875790
0.015595
0.805963
-0.405805
-0.898190
0.710013
0.645924
0.048982
-0.765007
-0.058321
0.128636
0.681448
-0.903073
0.697012
0.618946
0.055330
-0.088229
-0.714286
0.518784
-0.749077
-0.984863
0.300394
-0.315226
-0.411176
-0.609729
0.621509
-0.798090
0.725883
-0.800958
0.030183
