-0.528855
0.410443
-0.570849
0.419477
-0.670400
-0.188269
-0.829829
-0.506272
-0.412641
-0.494247
0.092196
0.722831
0.819941
0.085116
0.129551
-0.839473
-0.353984
-0.027985
0.441267
0.467330
-0.490280
0.806207
0.168493
0.461959
-0.461653
0.555589
0.908261
0.711722
0.568896
0.195166
0.766839
0.922727
0.427290
-0.423811
0.559984
-0.569933
0.275796
0.481491
-0.542222
-0.418683
-0.698172
0.753594
0.425947
-0.838984
0.356731
-0.123142
-0.634877
0.654286
0.052034
0.844111
0.468490
-0.264565
-0.805597
-0.116123
0.496811
-0.386334
-0.437849
0.974425
-0.378094
0.179357
-0.243324
0.996277
0.790826
-0.945006
-0.534471
0.715873
0.749687
0.853877
-0.836848
0.084567
0.201147
-0.021393
0.078036
0.573840
0.412946
0.691824
-0.739067
0.263466
0.826350
-0.160070
0.229774
0.115757
0.593860
-0.686636
0.438581
0.460250
-0.867977
0.191870
-0.103732
-0.550279
0.624317
0.745598
0.898679
0.416547
0.813593
0.977294
-0.984802
-0.391461
-0.627674
-0.363933
0.111606
-0.167943
-0.416974
0.457686
-0.369549
0.462569
0.635975
0.822932
-0.358867
-0.613575
-0.329020
-0.513047
0.063753
-0.591174
-0.371685
0.807733
-0.683645
-0.032258
0.391034
-0.103610
0.202429
0.920591
-0.371136
0.167882
0.116672
0.384686
0.433149
-0.839290
0.402570
-0.649342
0.459761
0.684561
-0.991760
0.671010
-0.454329
0.099277
-0.637684
-0.897397
0.112094
-0.754021
0.366375
0.398175
0.246132
0.623280
-0.698233
-0.451338
-0.515122
-0.717826
-0.679678
0.290628
0.050447
-0.747917
-0.939146
0.020234
0.820124
-0.899472
-0.518906
0.792535
-0.131809
-0.751335
-0.626942
-0.752678
0.484115
-0.023225
0.054598
-0.275430
0.571581
-0.149876
-0.990417
-0.721366
-0.336955
0.739067
-0.569933
-0.024384
-0.143101
0.089267
0.286966
0.614734
-0.809870
0.169774
0.863277
0.917356
-0.239845
-0.407575
-0.218299
0.685965
-0.334574
-0.393719
-0.249977
0.026093
-0.129307
-0.832636
-0.063570
0.580615
0.683218
0.181188
0.514145
-0.404950
0.516831
-0.618641
0.711173
-0.038179
0.818476
0.395917
-0.693899
0.402387
0.710562
-0.286416
-0.643849
-0.459578
0.542772
0.834223
0.975463
-0.333232
0.283364
-0.547777
0.488815
-0.600940
-0.682302
-0.877560
0.427107
-0.802423
-0.293741
0.906735
-0.739494
-0.510239
0.965148
0.193213
-0.188025
0.087558
0.839595
-0.051729
0.179235
-0.047761
-0.556444
0.673147
-0.751335
0.252663
-0.971984
-0.430891
-0.426923
-0.546983
0.397015
0.607105
-0.850703
-0.100192
-0.251625
-0.411786
-0.163793
-0.544603
0.065828
0.491012
-0.102695
0.467513
-0.663625
0.124119
-0.132969
-0.991943
0.937803
-0.277383
-0.294412
-0.375042
-0.478988
0.174841
-0.248756
0.499557
-0.255043
0.909848
-0.632862
0.852657
-0.162328
0.722587
0.438948
-0.606738
0.316080
0.738578
0.237892
0.591113
-0.383038
-0.213538
0.042268
-0.725578
0.837519
0.960143
0.625050
0.246193
-0.617969
-0.556810
-0.603015
0.671377
-0.484115
-0.435835
-0.859798
-0.290262
0.185217
-0.628590
0.765740
0.615467
0.445051
0.598560
0.915098
0.478439
-0.672720
0.293191
-0.549181
0.392010
0.074679
0.940123
0.155126
0.469344
-0.496811
0.320536
0.976196
0.635853
0.984313
-0.905332
-0.180822
0.433760
-0.420392
-0.716910
0.847407
-0.635365
-0.918271
0.814203
-0.184301
0.079257
-0.933470
0.551439
-0.708609
-0.342082
-0.928282
-0.823298
0.185217
-0.539659
-0.332072
0.875179
0.959288
-0.412824
0.861629
0.763054
-0.964293
-0.926572
-0.965880
0.058748
0.081149
-0.571337
0.941282
0.261330
0.863155
-0.662893
-0.169408
-0.844111
0.994263
0.609912
-0.315897
0.406598
0.543748
-0.118503
0.910337
0.707511
0.536424
0.831965
0.629994
-0.989441
0.219031
0.527329
0.934263
-0.053377
-0.406476
-0.779901
-0.385052
-0.178014
-0.271950
-0.634205
-0.718253
0.231056
-0.780572
-0.692434
-0.280496
0.711295
0.675649
0.751518
0.427046
0.518845
0.692434
0.572619
0.426496
-0.007782
0.748772
0.163060
-0.662221
-0.569262
-0.450606
-0.066622
0.494430
0.142796
0.462874
0.454695
0.682241
-0.098666
0.384014
0.718619
-0.215613
-0.608020
-0.671560
0.670705
0.611255
-0.275002
0.526170
-0.618885
-0.224891
0.016388
-0.997497
-0.145543
0.533494
0.402570
-0.903684
-0.530198
-0.792596
-0.118137
-0.013031
0.680654
-0.854854
0.050325
-0.710807
-0.223609
-0.250771
0.565111
0.221839
0.594409
-0.963378
0.789911
-0.558763
-0.845943
-0.489364
0.111728
-0.299539
-0.395734
-0.602588
-0.852535
-0.528672
0.384869
-0.275185
-0.750969
-0.096469
-0.294717
0.250343
0.976684
-0.325297
-0.145665
-0.099094
-0.578906
-0.831843
-0.266274
-0.128330
0.368267
0.563219
0.615101
0.284341
-0.502487
0.318400
0.509445
-0.489608
0.164281
0.853267
0.059236
0.053377
0.743339
0.612720
0.348186
0.296304
0.255531
-0.730461
0.122288
-0.009491
-0.701285
-0.883786
-0.128941
-0.743522
-0.155797
0.888913
0.847407
0.334025
-0.498337
0.969665
-0.200903
-0.346355
-0.822260
-0.505295
-0.952086
-0.386761
-0.929624
0.711234
0.955809
0.609485
0.158361
-0.901120
0.406110
-0.509079
-0.145054
0.321085
-0.671926
0.135838
0.044588
0.538987
-0.789850
0.556810
0.070467
0.876156
-0.807672
-0.723930
-0.026215
0.696463
-0.811945
0.182897
0.621509
0.773064
-0.249489
0.778558
0.116672
0.079562
0.687796
0.686575
-0.457930
0.194739
0.054720
-0.511155
-0.848201
-0.547166
0.926634
-0.092380
0.329936
0.388165
0.730155
0.298990
0.631703
-0.716056
-0.596850
0.965514
-0.302835
-0.677541
-0.091891
-0.616932
-0.493088
0.662587
-0.467086
-0.857784
0.878414
0.594287
-0.496872
0.366741
0.722343
0.482955
0.658559
-0.913083
0.525437
-0.196326
0.031526
-0.953795
0.201025
-0.589831
-0.281655
-0.753288
0.499802
0.115085
0.626331
-0.888241
0.596057
-0.780938
0.939451
-0.007538
0.507309
0.245399
-0.463790
-0.398358
0.836177
0.274453
-0.553941
-0.408918
0.361003
-0.876400
-0.316813
-0.657033
0.920713
0.383587
-0.145726
0.820002
0.400006
0.327311
-0.876461
-0.889279
0.200110
0.588183
0.656056
0.207007
-0.485580
0.752312
0.906491
0.801935
-0.227210
0.667409
0.958800
0.183142
0.989868
0.164220
0.692740
-0.992798
0.213782
0.541185
-0.674856
0.602771
0.653615
-0.199438
-0.854610
0.907163
-0.546068
-0.618213
-0.820185
-0.400372
0.447798
0.748650
-0.108921
-0.145482
-0.813776
-0.828913
0.193274
-0.446028
0.098483
-0.480270
-0.941832
0.290933
-0.677297
0.454512
0.058321
0.483139
-0.076205
-0.037568
0.646352
0.771905
-0.172155
-0.074496
0.140294
-0.395672
0.996887
0.058199
0.440474
0.066073
0.762078
0.985839
-0.038972
-0.738578
0.838923
0.258583
-0.042451
0.641469
0.793023
-0.284768
0.806085
-0.228919
0.165746
0.545396
0.244667
-0.819391
0.830134
-0.894589
0.413373
-0.560961
0.854976
-0.611560
-0.779473
-0.091525
-0.715201
0.893002
-0.488388
-0.282815
-0.321635
-0.116855
0.148656
0.928831
-0.612049
-0.637379
0.422040
0.793268
0.925047
-0.816950
0.219214
-0.319987
0.012360
-0.473189
-0.902219
0.549486
0.805170
-0.436201
-0.698355
-0.451094
0.178198
-0.050508
-0.130039
-0.976318
-0.283364
0.328043
0.937437
-0.513474
-0.563158
-0.146764
-0.936949
-0.912961
0.471419
-0.392010
-0.788018
0.485885
-0.225929
0.723319
0.443709
0.300394
-0.975707
0.536241
0.745903
0.722098
-0.213416
0.895199
-0.251259
-0.248085
-0.014801
-0.402448
0.814447
-0.860530
0.340373
0.154393
-0.842891
-0.644887
0.719535
0.783441
0.813837
-0.246254
0.215857
0.666250
0.109104
0.724235
-0.524339
-0.506027
0.286050
-0.228919
0.338664
0.072542
-0.176366
0.207617
0.743889
0.046175
0.658376
0.703543
0.862239
-0.106113
-0.783502
-0.745842
0.617664
0.877255
-0.493332
-0.572436
0.488632
0.234352
0.320963
0.569933
0.820246
-0.426374
-0.880184
-0.020722
0.785699
-0.406232
-0.063204
-0.126194
-0.253212
-0.689261
-0.152013
-0.264260
-0.583361
0.467330
0.948057
0.162938
0.239540
-0.517136
-0.901791
0.523972
-0.225501
-0.115635
-0.968627
0.336406
-0.862362
0.412702
0.960875
0.998962
0.760918
0.248573
0.937681
-0.564501
0.685781
-0.273476
-0.522507
-0.596179
0.975219
-0.084628
0.616199
0.098422
0.603076
-0.703970
-0.139561
-0.742912
0.156957
0.961730
-0.479904
0.362774
0.234169
0.541368
-0.872677
0.169347
0.930540
-0.176550
-0.428266
-0.848140
-0.865596
-0.197790
0.274453
-0.775323
-0.682791
-0.841304
0.779168
0.997070
0.641896
0.724540
0.847591
0.787652
0.963195
0.833003
-0.295816
0.039338
0.764763
0.031343
0.004425
0.314371
0.093539
-0.238014
-0.754570
0.436934
0.672475
-0.324992
-0.099399
-0.495285
-0.080050
-0.088290
-0.618397
0.720389
0.803827
-0.822748
-0.499924
0.005829
-0.341777
0.525071
0.844783
0.524339
0.423811
0.969298
-0.392315
0.595935
0.872982
0.294351
0.135594
0.950438
-0.503464
-0.529710
-0.702078
0.527451
0.678457
-0.393963
0.862667
0.211890
-0.228675
0.071871
0.173132
-0.546739
-0.526841
-0.608814
-0.773125
0.238868
-0.608570
0.908444
0.403607
-0.127659
0.540941
0.625782
-0.609607
-0.284524
-0.984375
-0.511643
-0.099643
0.994690
0.574511
0.389325
-0.788018
0.744194
0.328104
-0.775689
-0.614673
-0.376446
-0.644581
-0.574450
0.377972
0.383038
0.217383
-0.003510
0.819575
0.863033
0.661916
0.887570
-0.778497
0.339030
-0.333476
-0.123020
-0.938292
0.660146
0.968139
-0.286843
0.241005
0.109653
0.987671
0.050874
0.525315
0.775506
-0.481552
-0.743400
0.535691
-0.963744
-0.211463
0.183081
0.160985
0.500290
0.082614
0.569079
-0.391034
0.715384
-0.660634
-0.015412
-0.563219
0.661733
-0.533250
0.216590
0.772454
0.630299
0.054903
0.213355
-0.229347
0.283059
0.303507
0.211890
0.594287
0.702261
0.184851
-0.192114
-0.484603
0.640309
-0.838862
-0.629444
-0.883908
0.702811
0.728385
-0.505905
-0.378582
-0.691031
0.279946
0.919553
0.034577
-0.119785
0.910642
0.447737
0.846797
0.134068
0.790033
-0.577258
-0.063814
0.075411
0.004791
0.530686
0.832331
-0.606372
-0.584155
-0.038606
0.079623
0.984252
0.057283
0.460067
-0.344951
-0.069002
0.082858
0.607593
-0.692495
-0.347697
-0.129124
-0.378704
0.668142
-0.980346
-0.109714
0.706839
0.224830
-0.646290
0.877316
-0.592883
-0.632862
0.979614
-0.293558
-0.059664
-0.435896
-0.624439
0.559740
-0.766228
-0.771599
-0.145054
0.490219
0.069124
-0.951903
0.107944
0.399091
0.066256
0.659230
0.506943
0.085421
-0.642994
-0.404157
0.993591
-0.860836
0.346843
-0.313456
-0.170324
0.941282
-0.652821
0.082369
-0.439680
0.551805
0.461959
0.054720
0.397687
-0.310953
0.113437
-0.452254
-0.893307
0.036836
-0.420454
-0.040376
-0.248817
-0.510727
0.831355
-0.830561
0.095431
-0.412091
0.891110
0.023835
-0.102695
0.993103
-0.832087
-0.115757
-0.301004
0.936277
0.598437
0.603626
0.344584
0.407453
0.080477
0.236671
0.622669
0.297952
0.045503
0.236976
-0.317606
0.936460
-0.745720
0.935118
-0.885006
-0.443220
0.956114
-0.663869
0.793146
0.050325
0.504440
-0.505905
0.323038
0.215552
-0.678640
0.045198
-0.966979
-0.017731
0.180822
0.856746
0.429365
0.860408
0.925474
-0.965880
0.105930
0.196020
0.249916
0.022248
-0.930357
-0.540941
-0.433088
-0.647694
-0.805536
-0.067904
-0.110508
0.120762
-0.424909
-0.735771
-0.946226
-0.260781
-0.675161
-0.343303
0.201270
0.714286
-0.107700
-0.282754
0.492965
0.500534
0.926511
0.327189
0.723502
0.812555
-0.937742
0.047639
0.196142
-0.141331
-0.594592
0.710135
0.153294
-0.567370
0.200659
-0.684378
0.151585
0.712455
-0.040132
-0.151891
0.519578
0.745964
0.904599
-0.346110
0.713065
0.796381
0.909238
-0.664296
0.010468
-0.986816
-0.981628
-0.951659
0.614490
0.972411
0.270913
-0.938658
-0.344157
0.394879
-0.008026
0.860775
-0.463363
0.058260
0.274331
-0.085604
0.375835
0.577136
0.124302
0.397809
-0.210059
0.057405
0.583361
0.685354
0.967772
0.904111
-0.429426
-0.743461
0.178564
0.512497
0.936033
-0.913877
0.235084
-0.049837
-0.737724
0.388226
-0.658742
-0.291543
0.865719
0.831172
0.692618
-0.603198
0.045991
-0.601611
0.862178
-0.010834
0.955931
0.572375
-0.150914
0.493576
-0.996155
-0.690115
-0.144200
-0.480636
-0.694021
0.313395
-0.411176
-0.629627
0.109775
0.087619
-0.284829
0.031098
-0.777886
0.735160
-0.046846
-0.181127
-0.629749
-0.120884
0.276345
0.881710
-0.102145
0.165929
0.972655
-0.602527
0.026399
-0.746941
-0.847468
-0.679373
-0.723685
-0.154210
0.863826
0.088717
0.290262
-0.794916
0.639332
0.420576
0.472701
-0.187414
-0.582385
0.942930
-0.891110
-0.768365
0.550707
0.034089
0.750481
0.882504
0.072237
-0.153905
0.513230
0.509568
-0.569323
-0.764458
-0.974609
-0.259865
0.557543
0.385052
-0.987854
0.169347
0.992248
0.212195
-0.471664
-0.069735
0.372723
-0.531419
0.492538
-0.724784
0.847224
0.462569
0.562975
-0.784173
-0.834773
0.794733
-0.353801
-0.303507
-0.690664
0.008820
-0.427168
-0.418256
-0.733695
-0.614795
0.923887
0.369549
-0.117649
-0.314310
0.187841
0.908628
-0.737297
-0.306314
0.321635
0.350383
0.460616
-0.915647
-0.524277
-0.342204
0.495285
0.506943
-0.605823
0.426862
-0.092929
0.310343
0.466231
0.114841
-0.198706
0.427473
0.271340
0.380108
0.145543
0.077364
-0.203711
0.001251
0.926756
0.855281
-0.140904
-0.243934
0.769158
0.733757
0.684744
-0.869015
-0.177831
0.426069
-0.383038
0.828974
-0.929014
0.082858
0.756462
0.550462
0.070711
-0.146153
0.712821
0.775628
-0.963073
0.136326
-0.446272
0.966369
0.317484
-0.877255
0.652760
0.831599
-0.409223
-0.886410
0.768548
0.430708
-0.163854
0.862239
-0.769280
0.563280
-0.040986
-0.540391
0.536973
0.888607
-0.634510
0.632496
-0.027741
-0.199866
-0.668447
-0.239113
-0.021393
-0.028169
0.085482
-0.279153
-0.464522
0.765374
0.983642
0.601733
0.779290
-0.650807
-0.270913
0.377422
0.916501
0.067965
0.907346
0.759697
0.164769
0.137547
0.975890
-0.483016
0.193884
0.094089
-0.012665
0.960509
-0.825190
0.649953
-0.987182
0.332255
-0.856319
-0.411725
-0.295328
0.104343
-0.766289
0.735038
0.458785
-0.986938
0.078646
0.183203
0.831721
0.320109
0.847163
0.542222
-0.204016
-0.918760
-0.034944
-0.642994
0.683157
-0.413434
0.734001
-0.502731
-0.787042
-0.930906
-0.748955
0.239662
0.800104
-0.841853
0.397443
-0.227271
0.901242
-0.885922
-0.432417
-0.232032
0.607288
0.250649
-0.271096
-0.932310
0.285684
0.368877
-0.448531
0.846553
0.826655
0.488510
0.499130
0.200537
-0.391339
0.529710
0.721427
-0.671987
-0.169347
-0.276894
-0.296976
-0.106967
-0.932188
-0.395734
-0.808954
0.955687
0.633229
0.726737
-0.938414
-0.073824
-0.152928
0.906064
0.021699
-0.354595
0.319742
-0.709342
-0.276589
0.007721
0.318400
-0.606189
0.912229
-0.856746
-0.119480
0.602527
0.075777
0.681814
-0.380291
0.459700
-0.352947
-0.279275
0.052644
-0.908506
0.187597
0.320780
0.405255
0.313089
0.563890
-0.231788
-0.074007
0.170141
0.892331
0.172948
-0.843684
-0.532762
0.588427
0.255898
0.446944
-0.731193
-0.491806
0.006806
0.558885
-0.258644
-0.348857
0.509079
0.130467
-0.413617
0.656484
-0.589831
-0.859859
-0.366436
0.870052
-0.591906
-0.764885
-0.883908
-0.019929
-0.924436
-0.960997
-0.132969
-0.306681
-0.259072
0.451582
-0.774407
-0.532090
0.645192
-0.115146
-0.990722
0.150365
0.851558
0.915342
0.131443
0.577319
0.265786
-0.673696
0.082553
-0.536119
0.763787
-0.909238
-0.966857
0.762932
0.494125
-0.317484
-0.171422
0.655141
0.342631
0.525193
-0.760247
-0.156896
-0.917478
0.063265
0.602588
0.266945
0.236488
-0.455672
-0.265603
-0.575976
0.353557
-0.127171
-0.772637
-0.704337
-0.212989
-0.681814
0.763421
-0.503037
-0.855220
0.565172
-0.293191
-0.664907
-0.344829
-0.474288
-0.956603
0.102329
-0.052461
0.255104
0.071139
0.470504
-0.580676
0.734916
-0.098239
-0.674856
0.807611
-0.232093
-0.750175
-0.288308
0.154759
0.694388
0.285501
0.608081
0.700125
-0.697928
0.634693
-0.595019
0.015595
0.069308
-0.405805
-0.891354
0.065096
-0.753838
0.048982
-0.908078
-0.058321
0.128636
-0.356792
-0.631275
-0.293435
0.167211
0.055330
-0.113620
0.673940
0.518784
0.030549
0.857173
-0.158055
0.470870
-0.411176
-0.609729
0.348247
-0.753105
0.661794
-0.414167
-0.550401
