0.584338
-0.455184
0.647023
0.896970
-0.237526
0.081149
-0.413190
-0.739311
0.643788
-0.309305
0.155614
-0.205359
-0.169530
0.183020
-0.078097
-0.764458
0.210303
0.514512
-0.392071
-0.188330
0.126682
-0.223304
-0.023225
0.797174
-0.587268
0.443587
-0.520493
0.818232
0.282571
-0.412885
-0.966491
-0.944273
0.750969
-0.286721
-0.981323
-0.385907
0.720206
-0.620350
-0.986694
0.227882
0.261391
0.821650
-0.885617
0.313578
-0.165502
0.142674
0.901608
0.315958
0.511521
-0.752495
-0.574877
0.495346
0.981445
-0.201819
-0.440291
-0.178991
0.873287
0.671316
0.502915
-0.443770
0.390973
0.447310
-0.102512
0.266335
-0.097140
-0.339518
-0.436628
-0.175573
-0.083834
-0.024262
0.346721
0.573656
0.790521
-0.823420
0.981140
0.965941
0.124241
-0.626514
-0.013764
0.656972
-0.715201
-0.884579
0.351848
0.823725
-0.365947
0.897275
0.532090
0.740837
0.594714
-0.005219
0.254738
-0.586535
0.730583
0.896542
0.157079
0.109958
-0.077548
0.002045
-0.996643
-0.619312
0.127537
0.618152
-0.366802
0.469039
-0.064669
0.573534
-0.157567
-0.055818
-0.593005
0.298196
0.198035
-0.841792
-0.713248
-0.201392
-0.969115
0.670278
-0.979553
-0.270791
0.413617
-0.868465
-0.326518
0.258156
0.687307
0.314249
0.232826
0.984558
-0.880245
-0.312296
-0.605884
0.245399
-0.993591
-0.716361
0.903439
-0.686575
0.895566
-0.977721
0.424482
-0.913694
-0.449019
0.541612
-0.185522
0.973632
0.349223
0.827143
0.654897
0.714896
-0.634754
0.292398
-0.188025
0.898190
-0.092929
-0.528184
0.905454
-0.561937
0.888730
0.773675
-0.683584
-0.657521
-0.651051
0.759575
-0.139561
-0.938108
-0.830195
-0.380047
0.313272
0.406232
0.107028
-0.814203
-0.879940
0.675893
-0.212378
-0.188513
-0.555040
-0.149083
0.391461
-0.892026
-0.717338
0.022919
-0.775384
0.883053
0.551805
0.988952
-0.650990
-0.327799
-0.935606
0.839839
-0.286721
0.431867
0.443098
-0.142674
-0.796503
0.801508
0.980163
0.949767
0.598743
0.439558
-0.968627
0.870785
0.807611
0.131626
0.296121
0.475021
-0.775323
-0.632008
-0.819636
0.157140
-0.088290
0.837458
0.545030
0.018281
-0.262307
-0.416181
-0.963073
0.347392
-0.562426
0.816950
-0.828486
-0.590136
-0.566820
-0.281838
-0.330241
0.206275
-0.310648
-0.687918
-0.474227
0.525620
-0.966796
-0.137364
0.032991
-0.947264
0.407941
-0.138707
-0.008881
-0.990295
0.927610
0.755364
-0.886654
-0.934324
0.597949
0.372417
-0.555651
0.708243
-0.806513
0.709281
-0.165319
-0.672170
0.304605
0.751396
-0.472030
-0.864010
-0.354656
0.072298
-0.800714
0.424360
-0.571520
0.728324
-0.883847
-0.571947
-0.323893
-0.532456
0.273782
0.397198
-0.518662
-0.456221
0.409162
0.862789
-0.042817
0.641530
0.812983
0.670827
-0.486801
0.302896
-0.135105
-0.354167
-0.337382
0.950194
-0.655873
-0.147313
-0.058199
-0.999084
0.032685
0.246376
-0.899167
0.301859
-0.036042
0.500168
0.667043
0.910215
0.971313
-0.799982
-0.326518
-0.023652
0.785455
-0.708365
0.538804
-0.560839
0.015290
0.406537
-0.556017
-0.698233
-0.914670
0.637989
0.130955
-0.616321
-0.351299
0.884823
0.774651
-0.159581
-0.370159
-0.783807
0.925169
-0.041963
-0.589709
0.508652
-0.089572
0.004242
-0.454512
-0.957091
-0.410504
-0.882321
-0.373760
-0.996948
-0.324320
-0.722526
0.383160
-0.600269
0.721122
-0.818232
0.542405
0.501511
-0.418134
-0.945738
-0.129124
-0.050142
0.049104
-0.738884
0.368511
0.737663
-0.066500
-0.854976
0.326090
-0.992676
0.762200
0.402509
0.418928
0.601733
-0.383526
-0.016877
0.792047
-0.242592
0.071871
-0.588427
-0.162633
0.051546
0.766350
0.861690
0.269753
0.054353
0.584399
-0.745415
-0.222205
-0.837764
-0.215796
-0.385479
-0.183386
0.210547
0.210303
0.028291
-0.992553
-0.339518
-0.142369
-0.091830
0.190771
-0.667959
-0.582995
-0.488693
0.546678
0.319132
-0.367229
-0.674673
0.032136
0.925108
0.408795
0.487960
0.056429
-0.113376
-0.295145
0.254006
-0.981628
-0.709342
0.426313
0.912168
-0.421918
-0.743156
-0.145970
-0.572558
-0.467086
0.260475
-0.368877
0.387799
-0.534043
-0.643239
0.496384
-0.727409
0.939207
0.754692
-0.937864
0.470382
-0.496994
-0.605945
0.577258
-0.916196
0.182836
-0.226051
0.625355
-0.960631
0.206214
-0.348491
-0.639760
0.402387
0.889462
0.142430
0.702628
-0.587390
-0.105441
0.023469
-0.903134
-0.299539
0.824763
-0.991516
0.959288
-0.749931
-0.555284
-0.441450
-0.869442
-0.975463
-0.477645
0.697012
-0.650319
0.069369
-0.493088
0.407697
-0.790704
-0.732414
-0.408918
0.235939
0.251320
-0.171606
0.699820
0.184057
-0.097507
0.324259
-0.764397
0.486190
-0.681143
-0.539781
0.767083
-0.183081
-0.357707
0.683279
-0.770135
0.340434
-0.381634
0.942625
-0.688589
0.010102
-0.495468
0.058565
-0.300882
-0.784783
-0.106662
0.586291
0.176000
-0.678579
-0.662404
0.719108
-0.286233
0.723441
-0.613208
-0.156957
-0.718253
0.910581
0.011261
-0.705496
-0.336467
-0.306742
0.259926
0.228858
-0.177770
0.399091
-0.413556
0.234657
-0.919919
-0.565172
0.079134
0.106540
0.547960
-0.128574
-0.474593
-0.249367
-0.763359
-0.961608
-0.715262
0.458357
0.341594
0.119663
-0.504074
-0.473434
0.080050
0.991272
-0.540696
-0.559374
0.642201
0.107578
-0.743461
0.243629
-0.864315
0.385968
-0.583239
0.694143
-0.815851
0.872188
-0.137059
-0.474654
-0.389691
0.931028
0.338542
-0.177831
-0.812372
0.704825
0.421125
0.950316
0.994079
0.082675
-0.640126
0.589526
-0.230018
-0.465682
-0.681448
0.879269
0.822626
-0.233558
-0.845454
0.243568
-0.885372
-0.198340
-0.434065
-0.032136
-0.439070
-0.850459
0.625172
-0.848506
0.564806
0.225684
-0.333598
-0.994629
0.054720
0.523118
-0.289834
0.108676
0.356059
-0.060823
0.971252
-0.490158
-0.593066
0.161901
0.102695
-0.101169
0.933897
0.011444
-0.164708
-0.492782
-0.852840
0.259255
0.962523
-0.704520
-0.928282
0.053682
-0.493698
0.205054
-0.543443
-0.738639
-0.089694
-0.904782
0.870296
-0.103244
-0.302469
0.341533
0.271767
0.099887
0.068697
-0.420392
-0.527635
-0.731132
-0.254494
0.606311
-0.054476
-0.626698
-0.540086
-0.950011
0.454878
-0.229652
0.020112
0.360027
-0.767205
-0.278481
0.213172
0.387616
-0.032258
0.507248
0.115085
-0.890194
-0.961791
-0.298990
-0.931700
-0.447798
0.875118
-0.133152
0.392132
0.306314
0.837031
0.778619
-0.060762
0.009247
0.123753
-0.526719
-0.170019
-0.233070
0.987915
0.784783
-0.141087
0.249855
-0.818415
-0.011994
-0.478317
0.799738
-0.796747
-0.804743
0.893857
0.841426
-0.672475
0.873470
0.893551
-0.682241
-0.219825
0.343852
0.451765
-0.813349
0.250160
-0.380291
-0.920347
-0.544176
0.240577
0.686636
0.164037
-0.129246
-0.054964
-0.377239
0.882565
0.632801
0.537339
-0.499313
0.971801
-0.969115
-0.876522
0.460982
-0.423566
-0.660146
-0.803095
0.072176
0.736991
0.523301
0.628224
0.947264
-0.271523
-0.607349
0.354167
-0.078646
-0.903500
0.206458
-0.915525
-0.304056
0.763726
0.680105
0.480453
0.544603
-0.493027
-0.162389
0.818598
0.517197
-0.240455
0.128574
0.127171
0.314066
-0.991394
0.152318
-0.662343
-0.984924
-0.907834
0.535081
0.047639
0.067232
0.697623
0.761895
0.384991
-0.333598
0.507004
-0.979980
-0.915525
0.458602
0.809259
0.715140
-0.582263
-0.179235
0.739494
0.763970
-0.137059
-0.394879
0.695608
0.930662
-0.045198
-0.578906
0.396649
-0.042268
-0.083834
0.003937
-0.164525
0.765252
-0.251991
-0.134434
-0.871212
0.752373
0.783441
0.686880
0.155858
-0.639088
0.029878
0.477157
-0.158910
-0.820795
0.920774
-0.558153
0.583483
-0.763970
-0.681753
-0.796625
-0.320109
0.169652
-0.393353
0.729911
0.774041
-0.966613
0.300027
-0.909970
-0.661000
-0.054781
0.763176
-0.160070
0.616077
0.591784
-0.430342
0.931883
-0.094150
0.977111
0.932615
-0.273232
-0.755181
0.809320
0.341899
0.765557
-0.109165
-0.946471
-0.630116
0.297342
-0.479598
-0.903378
0.719718
0.048372
0.476547
-0.280740
-0.134739
0.382122
0.325236
-0.328715
0.645985
-0.923093
0.520981
0.925901
0.628346
0.509201
0.887814
-0.752007
-0.530198
0.268715
0.719901
-0.874081
-0.181677
0.093600
-0.139012
-0.252968
-0.524644
-0.919187
0.132237
-0.222144
-0.409467
0.100436
-0.084262
-0.026337
-0.322733
-0.439497
0.926389
0.653432
0.595141
0.607959
-0.040010
-0.697806
0.570605
-0.964232
0.420270
0.161351
0.511032
0.123875
0.332499
-0.677175
-0.304117
0.861812
0.750908
0.551866
0.920713
0.546556
0.518113
0.974364
-0.894162
0.708182
-0.220862
-0.658132
-0.759026
-0.263649
0.026093
0.371014
-0.002106
0.607654
-0.396344
-0.448042
0.327311
0.783258
-0.048250
0.203467
-0.222144
-0.618397
-0.000397
-0.762627
0.440535
0.921445
-0.202063
-0.126804
-0.121860
-0.557115
0.456832
-0.381878
0.802301
-0.634388
0.474715
-0.092502
-0.440168
0.327006
0.950438
0.678762
0.588977
-0.963073
0.481674
0.388714
-0.484420
0.308390
-0.466842
-0.544786
0.400006
-0.183569
0.160741
-0.530808
0.386273
-0.672353
-0.714347
0.461043
0.403058
0.718131
-0.823237
-0.379437
-0.064913
-0.409101
0.900693
-0.871639
0.973571
-0.188818
0.563646
-0.139500
0.789972
0.050935
0.289651
0.192053
-0.984924
0.878414
-0.948912
-0.068697
0.980041
0.436445
-0.154332
-0.861446
0.687674
-0.865352
0.604358
0.951170
0.535813
-0.004364
0.582690
-0.752129
0.289407
0.259194
0.175024
-0.113926
0.098422
-0.773064
0.032746
-0.793878
0.085665
-0.010651
-0.045503
-0.647206
-0.378460
0.507797
-0.768975
0.379254
0.968871
0.889706
-0.877987
-0.726371
0.228004
0.838923
0.542467
0.910337
0.237159
-0.084872
0.713858
0.207678
0.900571
0.628895
0.629078
0.593677
-0.066561
-0.756096
0.831538
-0.552660
-0.598621
0.101108
-0.166234
0.384991
-0.528916
0.227088
0.873592
0.806574
0.737358
0.663991
0.460433
0.728385
0.294839
0.545763
0.473006
-0.526963
-0.634449
-0.627796
-0.522935
0.283303
-0.916623
-0.997436
0.425459
0.518113
-0.846004
-0.410443
-0.036409
-0.390362
-0.300455
0.920408
-0.198035
0.816523
-0.913938
0.000397
0.040864
0.516037
0.253883
0.890439
0.617176
0.163610
0.869137
0.212683
0.348308
-0.614673
0.608448
0.266762
0.611621
0.294839
0.503342
0.333842
0.482711
0.201453
-0.288553
-0.944090
0.989380
0.673879
0.853084
-0.869625
0.126133
0.790033
-0.192236
-0.842036
-0.555773
0.256752
-0.695547
0.013825
-0.977477
0.662282
-0.563036
-0.189489
-0.966491
-0.449324
-0.299112
0.356243
-0.850948
0.202857
-0.350749
-0.728690
0.447371
-0.708914
0.375469
0.330058
-0.858211
0.655629
-0.315714
0.461226
0.203284
0.835261
-0.263710
-0.929258
0.933653
0.498337
-0.328349
-0.030183
0.356182
-0.078097
-0.973083
-0.460921
-0.767632
0.632130
0.867550
-0.955321
0.457869
-0.627003
-0.884213
-0.178381
-0.166723
-0.046968
-0.921445
0.603626
-0.834223
-0.297769
-0.876705
-0.806391
0.994507
-0.847774
0.837092
0.964599
0.232276
-0.070650
0.546251
0.977599
0.083346
-0.046419
0.281350
-0.199805
0.249245
0.494675
0.776666
-0.747185
-0.521531
0.906613
-0.343791
0.568346
0.027924
-0.574572
0.125767
-0.804559
-0.507248
-0.030427
0.165685
0.007050
0.116062
-0.084506
0.205908
-0.430097
0.908139
0.015168
-0.341166
-0.465987
0.472335
0.849116
-0.738762
-0.880184
-0.003021
-0.416608
-0.166967
0.696402
0.079562
-0.289163
-0.162389
-0.799738
0.941649
0.866634
0.226234
-0.363262
0.937254
0.177953
-0.563829
-0.999084
0.862911
-0.371990
-0.322916
0.710135
-0.130589
-0.092074
-0.954588
0.032258
-0.166417
-0.535325
-0.913388
0.601856
-0.640553
0.643422
0.739006
-0.285623
-0.990356
0.391644
-0.718497
-0.270852
-0.505600
-0.234901
-0.341044
-0.138462
0.249062
0.576342
-0.606067
0.661855
-0.434004
-0.502792
0.729057
-0.286416
-0.084384
-0.799127
-0.493271
-0.922422
-0.731437
0.456526
-0.566820
-0.061556
-0.417096
-0.925962
0.552293
0.150792
0.403729
0.283975
-0.773797
0.031343
0.051912
0.841609
-0.751701
0.550768
-0.850459
-0.718619
-0.162511
0.017731
-0.683279
0.980468
-0.946532
0.509262
-0.415937
-0.256142
0.432051
-0.104648
-0.185522
-0.475387
-0.615406
0.324992
-0.677419
0.710379
-0.084872
-0.384686
0.102939
0.184057
0.462569
-0.899350
0.504074
-0.014191
0.140294
0.919004
-0.679495
-0.516343
0.256691
0.906064
0.669057
0.656667
-0.375164
0.354595
-0.222388
0.014435
-0.561876
-0.944212
0.439802
0.302408
0.857418
-0.417829
-0.528245
0.055391
0.184668
-0.676321
0.340373
-0.372967
-0.810480
-0.770806
-0.993713
0.655995
0.566088
-0.835810
0.255959
0.667531
-0.916929
0.450423
0.554003
0.568041
0.550707
0.789850
0.667104
0.374859
0.790887
-0.368938
0.462081
-0.235878
-0.935606
-0.040071
-0.094516
-0.993103
0.952635
-0.437178
-0.872127
-0.409894
0.054720
-0.687857
0.133091
0.415815
0.337443
0.613330
0.388531
0.855464
-0.872494
-0.062899
0.908444
0.738151
0.811396
-0.541246
0.975890
0.828791
0.001801
-0.594775
-0.121006
-0.046480
-0.447676
-0.986572
0.895993
-0.510483
-0.249428
-0.174291
-0.808832
0.699454
0.142735
-0.725272
0.107517
0.031404
0.370464
0.646168
-0.679922
0.701468
0.041536
0.330058
0.892087
-0.658864
0.555956
0.660878
0.254738
0.922239
0.538560
0.717704
-0.025544
-0.691885
0.683645
-0.651540
0.621693
-0.161657
-0.934141
-0.043672
0.469588
-0.768365
0.244789
-0.033540
-0.902524
0.620106
-0.040437
0.967467
-0.093844
0.061251
0.275307
0.785272
-0.176550
-0.046419
0.994873
0.034700
0.564562
-0.332377
0.143773
-0.733573
-0.695730
-0.290872
-0.189123
-0.672658
-0.278603
-0.457320
-0.308390
-0.225135
-0.202795
-0.949400
-0.182714
0.719840
-0.391522
-0.711051
-0.547472
-0.103000
-0.682852
0.940672
0.318400
0.343364
0.515549
0.231178
0.081271
-0.594470
-0.242775
-0.881100
0.564501
-0.263588
-0.078097
0.396832
-0.943602
0.439558
-0.091830
0.057039
-0.181982
0.052583
-0.493210
-0.640553
-0.626026
0.544786
-0.294595
0.501328
-0.950743
-0.197913
-0.728263
0.012543
-0.316507
0.459212
-0.340556
-0.436689
-0.028718
0.322489
0.157201
-0.130528
-0.774407
-0.355754
0.309977
-0.774773
-0.012055
0.749870
0.743767
0.770135
-0.861690
0.792291
-0.936216
0.322550
0.176672
0.892209
-0.799432
-0.742363
0.683157
0.563524
0.044343
-0.395306
-0.897458
0.735038
0.937132
0.891354
-0.027802
0.891476
0.502426
0.667531
0.401532
0.246620
0.871395
0.871761
0.710257
0.873287
0.881039
0.871029
-0.500412
-0.752373
-0.276528
-0.648793
0.337992
-0.030061
-0.689810
-0.365215
-0.694632
-0.515427
0.093905
-0.840266
0.415021
-0.843562
0.314249
-0.798456
0.581225
-0.604602
-0.028169
-0.010529
0.632923
-0.100497
0.931394
-0.686880
0.646718
0.026582
0.440474
-0.671072
-0.884457
0.657582
0.860103
-0.571825
0.323283
-0.917844
-0.798822
-0.400678
0.688101
0.614307
-0.078280
-0.926145
0.336161
-0.294595
0.998840
0.394391
0.918638
0.753777
-0.236061
0.078890
-0.289285
0.126133
0.071505
0.709647
0.516037
-0.554125
0.578051
0.814020
0.297220
0.234474
0.816645
0.427229
-0.596484
0.013092
-0.064547
0.358989
-0.880612
-0.280862
-0.139805
-0.330546
-0.995788
-0.338176
0.378643
0.972655
0.117466
-0.175512
-0.170263
0.167089
0.604419
0.776543
0.546922
-0.737724
0.538743
-0.645192
0.324381
0.651173
-0.003937
0.708548
0.507004
-0.365581
0.719840
0.238990
-0.335490
0.077303
0.384442
-0.725272
-0.923338
-0.988098
0.821345
-0.870968
0.906980
-0.113437
0.330912
0.913450
0.489669
-0.380963
0.050447
0.340983
-0.568590
0.449507
0.920957
0.402203
0.908933
0.669057
0.886044
-0.067904
0.486801
0.947874
0.604846
0.383587
-0.336650
-0.964537
-0.020905
0.835994
0.985534
0.293374
0.707450
0.661367
-0.072726
0.954833
0.651173
0.852351
0.573046
0.637074
-0.799310
0.063692
0.499557
0.114597
-0.832453
-0.512131
0.323160
-0.136814
-0.795709
0.692190
0.211768
0.616993
-0.801263
-0.633839
0.195593
0.914731
-0.123875
0.215613
0.714103
0.750359
-0.070101
-0.492538
0.772515
0.806513
-0.766167
0.663076
-0.882260
0.684011
-0.293313
0.118442
-0.937193
-0.349406
0.818110
0.610401
-0.054292
0.003449
0.990051
-0.223975
0.668630
0.270852
0.947020
0.364177
-0.847713
-0.360027
0.570788
0.577136
-0.013764
0.568468
0.664968
0.124058
-0.854854
-0.206458
