-0.995788
-0.885311
0.790460
-0.070162
-0.272011
-0.484115
0.265603
-0.780206
0.515305
-0.340800
-0.706778
0.447249
-0.559862
-0.559191
0.331889
0.700308
0.669057
-0.309854
-0.788629
0.132786
-0.131016
0.753716
-0.581652
-0.601306
0.989807
0.887020
0.389996
0.398114
0.061129
0.327738
-0.804987
-0.791559
-0.646168
-0.643666
-0.749077
-0.404828
0.122776
0.138035
0.073946
0.168920
-0.268777
-0.648305
0.775811
-0.246498
-0.821284
-0.684133
-0.827754
0.621815
-0.298868
-0.528001
-0.181494
-0.936705
0.961364
0.841792
-0.021332
-0.029878
-0.929014
0.796991
-0.963134
0.073946
0.915525
-0.880428
-0.178014
-0.124485
0.442915
-0.834346
0.276040
-0.311014
0.657826
0.712027
-0.027802
-0.739921
-0.960570
0.956053
-0.756706
-0.351604
0.077364
0.175146
0.943113
-0.569018
0.538255
0.738090
-0.334452
0.159398
-0.075838
-0.763726
0.367779
0.780816
-0.756157
-0.458968
0.533067
0.647816
0.015107
0.895260
0.564074
0.355266
0.208472
0.366619
-0.076937
-0.894162
-0.411908
-0.817133
0.973754
-0.966674
-0.327616
-0.922361
-0.095248
-0.678091
-0.043855
-0.840022
-0.408734
0.334391
0.542344
-0.521287
-0.705191
0.319620
-0.251015
0.598071
0.825190
-0.281838
-0.602832
0.684927
0.384198
0.391400
0.777398
-0.055147
0.953063
0.932737
0.746879
0.790643
0.347148
0.083346
-0.725028
0.352214
0.448531
0.752861
0.746696
0.020295
0.149632
-0.195715
-0.963622
-0.134007
0.475631
0.356731
0.551378
-0.552171
-0.796808
0.373455
-0.573656
-0.257241
-0.307901
-0.535386
0.045686
-0.744194
-0.932798
0.061739
0.949095
0.736320
-0.557237
0.009857
0.713004
-0.924436
0.379742
-0.188879
-0.343852
-0.428510
0.278420
0.737907
0.922300
-0.799860
0.076510
0.837825
0.795099
0.775018
-0.356304
0.592761
0.473922
0.408490
-0.729972
-0.960814
-0.948302
-0.707389
0.320231
-0.436750
-0.951231
-0.295022
0.431806
-0.484848
0.524033
0.460616
0.169591
-0.085055
0.101047
0.174474
-0.869137
-0.993164
-0.760002
0.162450
-0.868282
0.020966
-0.909604
-0.694632
0.300699
0.821039
0.666860
0.973815
0.845393
0.356487
-0.719352
-0.695975
0.521531
0.811762
-0.009308
0.685781
-0.287454
0.922727
0.068758
0.810236
-0.520920
-0.183447
0.349406
-0.267678
0.237098
-0.122288
-0.394879
0.726127
0.510605
-0.448653
-0.240883
-0.126621
0.357097
0.195593
0.204077
-0.820795
0.076876
0.496445
0.119480
0.985046
-0.415143
-0.014863
-0.358989
0.595264
0.327860
-0.645863
-0.192236
-0.242836
-0.380352
0.021638
0.417402
-0.999207
0.972533
0.740043
0.989380
-0.818598
-0.236488
-0.160558
-0.879757
-0.165380
-0.665822
0.345256
0.566759
0.946165
0.758538
0.653310
-0.567858
0.885739
0.871517
-0.635731
-0.943297
-0.000153
0.279763
-0.316996
0.423994
0.447737
0.543260
0.430586
-0.065035
0.624073
0.884335
-0.481918
-0.298990
-0.198889
0.818171
-0.678152
0.840999
0.216590
-0.013520
-0.921506
-0.919919
0.132969
-0.728385
-0.190161
0.464461
0.534532
-0.780267
-0.662526
0.191076
-0.813349
0.193945
-0.488754
-0.506394
0.852412
0.473556
0.413862
-0.088412
0.480941
-0.613147
-0.641346
-0.850948
-0.067049
0.493271
0.695853
0.464156
-0.461653
-0.756340
0.338847
0.755669
-0.601978
-0.597888
-0.928953
0.416181
-0.658376
0.573290
0.699454
-0.358989
0.591418
-0.961547
-0.473983
0.694937
-0.941527
-0.915342
-0.871395
-0.325968
-0.449080
0.388409
-0.810114
0.621204
0.687368
-0.667226
0.222694
-0.573046
0.166784
-0.593860
0.997314
-0.961791
0.391339
0.139866
0.575793
0.773186
-0.951598
0.130039
0.803217
-0.849361
-0.849116
0.728507
-0.871456
0.129917
0.171056
0.703726
-0.058321
-0.989135
0.598376
-0.224769
0.076632
-0.587329
-0.787774
-0.195166
0.134251
0.764092
-0.727103
0.436934
-0.706534
-0.627918
-0.573473
-0.766289
-0.160985
-0.319010
0.310587
-0.425825
0.635853
-0.019379
-0.292337
0.153356
0.968078
-0.102634
0.907956
-0.035188
0.900754
-0.923826
-0.368145
0.610401
-0.252358
-0.091342
-0.001312
-0.580920
0.047761
-0.028291
-0.753899
-0.024384
0.928953
0.422163
-0.180944
0.682730
0.177404
0.162511
-0.230567
0.614795
-0.796747
0.052767
0.702017
-0.404462
-0.418317
-0.333232
0.434553
-0.430219
0.301920
-0.715995
-0.998230
0.515061
-0.355022
0.730888
-0.608753
0.841426
-0.101291
0.404340
0.743156
-0.057283
-0.900327
0.914609
0.261940
-0.054720
-0.178869
0.102084
0.082125
-0.142186
-0.790094
0.610218
-0.964843
0.762139
-0.676809
0.211646
-0.674978
-0.647572
-0.522996
0.245643
-0.707572
-0.851009
-0.371380
0.069063
0.610340
0.620716
0.460005
0.254433
0.540880
0.539293
-0.841548
-0.043428
0.855098
-0.795648
0.487045
0.146580
0.948424
0.856136
-0.090854
0.438948
-0.139805
0.453902
-0.912961
-0.269448
-0.157689
0.169652
0.650807
-0.876644
0.443403
0.724357
0.621998
1.000000
0.350139
0.162023
-0.616688
-0.020173
0.551683
0.804865
-0.563463
-0.592212
-0.592578
-0.247353
0.535875
-0.584521
-0.930967
-0.150792
-0.845454
-0.122349
0.257179
-0.767571
0.373394
-0.129429
-0.611194
-0.049837
0.588733
-0.551195
-0.546373
-0.080416
0.880612
-0.202246
0.598376
0.107578
0.823298
0.458052
-0.937254
-0.510300
-0.988708
0.218421
-0.950499
0.138218
-0.964904
-0.713736
0.029939
-0.132786
-0.022492
-0.931944
-0.088839
-0.647511
0.973754
0.539964
-0.427961
-0.255348
0.281289
-0.784173
0.690115
0.800226
0.968810
-0.672353
-0.406171
0.731498
0.970641
-0.541063
-0.288675
-0.928709
0.045808
0.648610
0.702261
0.042329
0.700735
0.815058
0.274880
0.370586
-0.588183
-0.785760
0.714835
0.906247
0.008332
-0.898556
-0.902097
0.600452
0.385784
0.456465
-0.672231
0.927549
0.307047
0.783074
0.831294
-0.113865
-0.234901
0.971923
-0.186926
0.431257
-0.975402
-0.750847
-0.518052
0.963256
0.189978
-0.516831
0.553087
-0.430708
0.892819
-0.080172
0.962584
0.652211
0.861446
-0.048189
0.187475
0.227271
0.345073
-0.096042
-0.356426
-0.325968
-0.584643
0.659719
-0.956053
0.686575
-0.163305
0.377056
0.803949
-0.363933
-0.449812
-0.469100
-0.219459
-0.210303
0.877010
0.259804
0.941465
-0.908811
0.703116
-0.831355
-0.028474
-0.224769
0.018342
0.838435
0.327921
0.770379
0.411176
-0.868709
-0.088839
0.390484
0.269265
0.547288
-0.056490
-0.887448
0.364971
0.369976
0.619861
-0.904477
-0.621021
0.635426
0.774285
-0.587207
-0.309000
-0.194739
0.265114
-0.861446
-0.292398
-0.063448
-0.031709
-0.108127
-0.927122
0.341288
-0.908506
0.323588
0.975402
-0.504013
-0.116367
-0.463607
-0.810358
0.540452
0.867916
0.881710
0.469466
0.633229
-0.350078
-0.176855
-0.007416
0.023774
-0.387982
0.114170
-0.103610
-0.590014
-0.860836
0.896908
-0.284158
-0.616749
0.290139
-0.144139
-0.268288
0.939573
-0.243141
-0.752739
0.517441
0.480697
-0.393536
-0.838069
-0.269143
-0.307596
0.413129
-0.468917
-0.239296
0.831599
0.809442
0.004303
-0.817927
0.539537
0.599841
0.939329
-0.059175
-0.147618
0.948973
0.725517
-0.551317
-0.333903
-0.601245
-0.001679
-0.099277
-0.327677
0.653005
0.701895
0.886593
-0.039399
0.880490
-0.947569
0.996765
0.751335
-0.900876
0.639882
-0.460982
-0.126072
0.427595
0.645863
-0.931700
-0.493576
-0.614368
0.660573
0.034761
0.530503
0.552416
0.530869
0.098056
0.916807
-0.423078
0.539476
0.865963
0.854854
0.698538
-0.402570
-0.300089
-0.772088
-0.509140
0.212012
0.260170
-0.645802
0.008087
0.518296
0.407880
-0.806574
0.527512
-0.605274
0.808588
-0.039460
-0.062105
-0.443525
0.332804
0.392621
-0.052767
-0.431928
-0.531297
-0.472945
-0.809381
-0.364483
0.371075
-0.622120
-0.979553
-0.195654
-0.226478
-0.232215
-0.541551
-0.342021
0.620899
0.884884
-0.036348
0.320048
0.272256
-0.670156
-0.312235
-0.473678
0.552965
-0.300821
-0.030732
-0.264992
0.433882
0.803705
0.186254
-0.815485
0.628834
-0.277261
0.070162
0.211463
0.587939
-0.727165
-0.454207
0.362041
-0.365459
0.589892
0.537339
0.566454
-0.566698
-0.520981
-0.732902
-0.249672
0.358928
0.221778
-0.591845
-0.103793
0.338664
-0.866756
-0.238014
-0.557237
-0.137852
0.174291
-0.410077
0.852901
-0.718253
-0.596667
0.919736
-0.127720
0.501877
-0.717399
0.734001
-0.759575
-0.752861
0.521653
0.092685
0.419843
-0.875790
-0.325541
-0.250587
0.748833
-0.826167
0.094516
-0.818903
-0.970336
-0.622547
0.500961
0.940855
-0.141270
-0.823969
0.975219
0.858272
-0.989929
0.511704
0.459334
0.786126
-0.593799
0.624012
0.686331
0.309183
0.130650
0.457381
-0.910520
-0.970458
-0.582446
0.134678
-0.322611
-0.521775
0.484909
-0.478988
-0.406049
0.094394
-0.644948
0.806085
0.756218
0.254982
-0.578600
-0.912473
0.850032
0.657582
0.213843
-0.012360
0.105441
-0.848018
-0.887570
-0.939634
0.471603
-0.008393
-0.214759
0.278726
0.245949
-0.867122
-0.264138
-0.293924
-0.497665
0.693106
-0.176428
-0.513901
0.458052
0.223975
0.746391
-0.421125
-0.758843
-0.824458
0.248756
0.504074
0.004364
0.482223
0.711234
-0.171606
-0.887875
0.585681
0.121006
0.999756
-0.215735
-0.999634
0.078158
0.571947
0.153539
-0.426923
0.649281
0.142979
-0.288430
0.111728
-0.665639
0.454085
-0.835994
0.993408
-0.898679
0.384381
-0.859676
0.506333
0.409955
0.695853
0.203467
-0.701407
0.388348
0.985717
-0.336955
0.626637
-0.976928
-0.145421
-0.838313
0.679189
0.095492
0.647816
0.209815
0.275124
-0.359050
-0.336833
0.207801
0.626148
-0.441389
-0.914548
-0.652089
-0.287881
0.313089
0.534227
0.440779
0.135289
-0.895932
0.293924
0.750237
0.360149
-0.175817
0.438154
0.767571
0.860286
0.487167
-0.991821
0.081515
-0.761406
0.185705
0.089511
-0.131748
-0.515244
0.727836
-0.463912
0.371502
-0.732536
-0.516831
-0.220985
0.764397
-0.106662
0.034883
0.023591
0.055696
-0.380657
-0.499863
-0.889523
-0.181188
-0.239906
0.684256
0.543992
-0.034822
-0.157262
0.612903
-0.081881
0.814203
0.801691
0.998901
0.718680
0.296548
-0.511582
0.373577
-0.126499
-0.617664
0.367656
0.981567
-0.933470
-0.663930
0.900998
-0.719901
-0.414838
0.795648
-0.692740
0.613758
0.208289
0.489120
0.644215
-0.581042
-0.490036
0.077670
0.845454
0.671926
-0.985656
-0.121372
0.719962
-0.587573
0.217383
0.413190
0.851253
-0.051119
0.652577
0.327250
0.430097
0.684561
-0.961974
0.904904
0.582873
-0.736808
0.905026
0.500839
0.217017
-0.805170
0.232521
-0.027802
-0.266213
0.608997
0.794183
-0.408063
-0.920530
-0.028657
0.177709
0.453780
-0.030976
0.706595
0.576891
-0.772515
0.536973
0.488266
0.783563
-0.669790
-0.875729
0.564440
0.097812
-0.259987
0.070223
-0.193091
0.538255
0.450056
-0.667959
-0.233924
-0.204138
0.694815
-0.728202
-0.514634
0.233802
-0.171178
0.095981
0.127781
-0.747490
-0.243385
0.526109
0.597339
-0.630299
0.867672
-0.152684
0.680898
0.469771
0.775384
0.056246
-0.968200
0.186987
-0.541124
0.174291
-0.135228
-0.388165
0.569628
0.750481
0.844356
-0.194922
-0.806085
-0.437605
0.503830
0.006134
-0.731864
0.186316
-0.922605
0.147435
0.535813
0.507981
0.867122
0.536546
-0.174963
0.247658
-0.142491
0.295145
0.831782
-0.475692
-0.261513
-0.408979
0.912778
-0.071383
-0.375103
-0.919309
0.145726
0.877316
-0.673757
-0.821955
-0.067110
-0.239906
-0.293497
0.984802
-0.190283
0.199866
-0.765374
0.508164
0.496872
0.221046
-0.411115
-0.009186
0.361370
-0.325236
-0.851131
-0.480941
0.901547
-0.192175
-0.554613
-0.738029
0.151158
-0.303812
0.154942
0.816889
0.212867
-0.005524
-0.917356
0.192053
-0.958312
-0.165929
0.995361
-0.315470
0.025178
0.490036
-0.852107
0.652516
0.378094
0.185522
0.646168
0.252174
0.834468
0.278726
-0.726737
-0.798944
0.688040
-0.841792
0.436689
-0.765252
0.958129
-0.792596
0.410810
0.271584
0.945311
-0.339213
-0.530259
0.200354
0.570238
-0.894955
-0.201453
0.132298
0.982849
-0.542161
0.235511
0.907651
0.293252
0.896237
-0.366314
-0.893063
-0.657949
0.758599
-0.480392
0.651479
0.069735
-0.064302
0.673757
-0.375042
0.464705
0.666982
0.549120
-0.106113
0.681326
-0.909299
-0.693594
0.460555
-0.869869
-0.567064
-0.977477
-0.028596
-0.155614
0.428083
0.711966
-0.117405
0.554369
0.627125
-0.234657
0.480453
0.260414
0.584338
-0.760552
-0.402875
0.227271
0.551683
-0.441633
-0.235511
-0.046480
0.407147
-0.634144
-0.964660
0.466292
0.833979
0.932249
0.780572
-0.058565
0.471603
-0.593677
-0.234107
0.976318
-0.302042
0.386639
0.864193
0.042451
-0.684378
-0.540147
-0.945677
0.194800
-0.899960
0.473251
-0.906125
-0.680105
-0.262368
0.957457
0.338054
-0.456587
-0.309793
0.605579
-0.865780
0.383221
0.533738
-0.146336
0.444746
0.551439
-0.560045
-0.384198
0.078768
-0.399274
-0.323222
0.311441
-0.374187
0.234657
-0.298929
0.905576
0.568712
-0.351238
-0.660756
-0.789727
0.664907
0.058931
-0.550279
0.039460
-0.176244
-0.818476
0.084262
-0.269326
-0.030549
-0.080782
-0.368267
-0.566332
0.361919
-0.896298
0.056612
-0.802728
-0.091586
-0.750786
0.957640
-0.394940
0.437788
-0.768792
-0.408673
-0.077181
0.045320
-0.883297
-0.082492
0.888180
-0.205481
-0.164159
-0.532579
0.906186
0.492416
0.196387
-0.105991
-0.875301
0.203528
0.900754
-0.278359
-0.248024
-0.746818
-0.959532
-0.055696
0.524583
-0.579638
-0.168859
-0.102634
-0.703543
0.535752
-0.735038
0.681753
0.897824
-0.204260
0.917417
0.797296
-0.345195
-0.290017
0.771844
0.196692
0.775872
0.097140
-0.950377
-0.066988
-0.020600
0.557482
0.301675
0.115085
0.314188
-0.348186
-0.997742
0.996216
-0.066988
-0.042390
-0.028108
0.831294
-0.875057
0.075838
-0.141148
-0.606922
0.950194
-0.652760
-0.717521
0.418317
0.934629
0.529588
-0.097446
0.127781
-0.929563
0.360881
0.154210
0.811090
-0.137303
0.115757
0.629994
-0.043184
0.196142
0.282510
-0.339763
0.293802
0.242470
0.918882
-0.442366
0.430830
-0.486496
0.116916
-0.335307
0.774529
-0.146214
0.033540
-0.410260
-0.375958
-0.293558
-0.686697
-0.561876
0.212500
0.701407
0.230201
0.703604
0.922605
-0.696463
-0.442061
-0.666005
0.929258
-0.488144
0.169408
0.181860
-0.718986
0.336100
0.609546
0.369976
0.394269
0.163854
0.436384
-0.113681
0.903378
0.509751
-0.464400
0.807672
0.365764
-0.561571
-0.742302
-0.363079
-0.496567
-0.600269
-0.545457
-0.131077
0.574206
0.396283
-0.219092
-0.684439
0.425520
0.116916
0.774163
-0.225501
0.736015
0.547838
0.996277
0.902707
0.207862
-0.715323
-0.567980
0.197119
-0.314432
-0.012787
-0.421674
0.879391
-0.334147
-0.633534
0.308573
-0.849483
0.147801
0.454329
-0.315165
-0.397137
0.146092
0.680715
-0.828608
-0.213355
0.279641
-0.218055
0.333110
-0.745659
-0.663076
-0.294412
0.584277
0.664113
0.854427
0.196692
0.294290
-0.003265
-0.918210
0.340373
0.779839
-0.221168
0.651296
0.282388
0.753166
-0.205969
0.120884
-0.456832
0.693594
0.638478
0.538926
-0.760796
0.760857
-0.017792
0.882687
0.267495
-0.848262
0.804010
0.745842
0.339213
0.788385
-0.846919
-0.213965
-0.890255
-0.091952
-0.559374
0.715262
-0.514451
-0.040742
-0.089450
0.703726
-0.724479
0.543626
-0.870296
-0.539659
-0.097995
0.342265
0.672292
0.221473
-0.349651
-0.979736
-0.299844
-0.271096
-0.858150
0.403668
-0.907834
0.223060
0.957579
0.646168
-0.416669
0.114719
0.692190
-0.394330
0.883724
-0.140538
0.865474
0.075961
-0.887204
-0.435041
0.111850
-0.831904
-0.884579
0.957518
0.414899
-0.571215
0.586474
0.909787
0.181799
0.105564
-0.480758
0.808466
-0.528184
0.314859
0.704642
0.320048
0.598804
-0.586657
-0.193335
0.710318
-0.402631
-0.152318
-0.860836
0.745659
-0.216407
-0.566393
0.376690
-0.446699
0.552477
0.010407
-0.587024
-0.224586
-0.369366
-0.707083
-0.366619
0.343608
0.434065
-0.051851
0.247108
0.297464
0.080844
-0.821589
0.675222
-0.785272
-0.761101
0.499435
0.239113
0.716666
-0.761101
-0.817560
0.226417
0.759392
-0.032807
0.622791
-0.024689
0.489486
0.203284
-0.841914
0.833613
0.849849
0.103183
-0.963012
0.170568
0.643727
-0.788018
-0.700247
0.608081
-0.999695
-0.108921
-0.259072
0.945860
-0.801996
-0.170385
0.368877
0.054842
-0.291787
0.168615
0.507370
0.307169
-0.423200
-0.795221
0.020112
-0.213965
-0.021577
-0.117893
0.155431
0.486862
0.773675
0.624317
-0.536241
0.819269
-0.754326
0.911069
0.539415
-0.688162
-0.721305
0.091403
0.294961
0.262246
0.007660
0.718497
-0.559679
-0.592639
-0.956053
-0.095004
-0.086154
0.600635
-0.496628
0.647389
0.091891
-0.190405
0.713675
0.682791
-0.836909
0.964904
0.449446
0.804376
-0.904172
-0.846492
-0.052644
0.239357
-0.262795
0.809626
-0.741874
-0.746696
-0.047334
-0.718009
0.063631
-0.191259
-0.517685
0.488327
-0.786615
-0.793695
-0.895260
0.756890
-0.475936
-0.977599
-0.426984
0.833552
0.081454
-0.623585
-0.979675
0.296304
-0.680654
-0.077120
0.964171
0.600513
-0.232887
-0.496200
-0.271035
-0.717399
0.494980
-0.542711
0.230323
0.550951
0.386944
-0.903134
0.309671
-0.692801
0.073519
0.373455
0.834101
-0.344462
0.467086
-0.532823
-0.950926
-0.520371
-0.344035
-0.069002
-0.496078
-0.696219
-0.160985
0.312601
0.342875
0.594592
-0.900571
0.841792
-0.012848
0.429731
-0.633778
-0.864803
-0.670217
-0.371136
-0.367351
0.595630
0.266335
-0.231727
0.164342
0.815424
-0.522446
0.973449
-0.419355
-0.109653
-0.816950
0.570605
0.809320
-0.885556
-0.674062
-0.939268
-0.258705
0.634571
0.015961
0.601062
-0.516770
0.454878
-0.280923
0.125584
-0.690786
-0.813288
-0.505295
-0.740898
0.905759
-0.254677
-0.489914
0.256142
0.870785
0.363689
-0.881283
-0.955260
-0.515671
-0.829890
0.589831
-0.853328
-0.271218
-0.729118
0.705252
0.390240
-0.498093
0.431379
0.584521
-0.071688
-0.006378
-0.855708
0.731864
0.681936
0.589282
-0.978942
-0.704520
-0.770623
-0.544359
0.897580
-0.203345
-0.725761
0.816950
-0.797235
-0.982604
0.641469
0.836970
-0.954955
-0.657460
-0.690359
0.703421
-0.353435
-0.029328
0.933592
-0.499619
0.960265
-0.104709
0.829157
0.726554
0.824885
-0.926756
0.081881
-0.404828
0.743522
0.644704
0.169591
-0.797967
0.210608
-0.457930
0.187963
0.276894
0.265236
0.319987
0.766228
-0.585986
0.234718
-0.111911
-0.069002
-0.530076
-0.171911
-0.912168
-0.616199
-0.493393
-0.167333
0.574633
0.964782
0.680410
0.247536
-0.277505
0.568224
-0.584277
0.946959
0.674368
-0.563097
0.612293
0.951109
0.452132
0.145482
0.515976
0.226722
-0.346660
0.765740
-0.586352
0.064364
-0.643361
-0.140294
0.288980
0.073519
0.810114
-0.679373
-0.027741
0.848506
-0.851924
-0.588305
-0.295450
0.209265
-0.738456
0.763726
-0.917722
-0.445967
-0.272683
-0.484603
0.652760
0.279397
-0.620716
0.092013
-0.451582
0.581103
-0.162633
-0.100925
0.542711
0.082919
-0.203833
0.241615
-0.342998
0.900449
0.043306
-0.032991
-0.812433
0.787408
0.083834
0.412702
-0.283853
0.119907
-0.027009
-0.144139
0.699576
0.237037
-0.721244
0.387555
-0.229225
-0.123325
-0.057405
0.515427
-0.528855
-0.607898
-0.471053
-0.341960
-0.242103
-0.332316
0.138585
0.754509
-0.292459
-0.023225
0.034761
0.732963
-0.706656
-0.899106
0.206885
-0.049715
-0.483261
0.200781
-0.165441
0.028047
-0.986816
-0.509751
-0.254067
0.285073
-0.434492
0.261452
0.783868
-0.504135
0.264504
0.413434
0.666311
0.933714
-0.642811
-0.065767
0.898190
0.982421
0.349345
0.088900
0.210364
0.817560
-0.750969
0.613269
0.905393
0.290567
0.093234
0.261879
-0.397687
0.119175
-0.084994
0.003204
0.939634
-0.229163
0.430464
0.329875
-0.296060
-0.666738
0.287088
-0.545518
0.757378
-0.935789
-0.862423
0.815363
-0.713675
-0.936949
0.889157
0.851314
0.315470
0.057222
-0.294107
0.339946
0.620838
0.411054
0.336528
-0.209449
-0.642323
-0.434004
-0.474715
0.353191
0.868648
-0.382061
-0.160375
0.993164
0.769158
0.290262
-0.040864
-0.150243
-0.385052
-0.065706
0.275674
0.008393
-0.754326
-0.355693
-0.923093
0.185583
-0.404767
0.820307
0.127476
0.098239
0.137059
0.170873
-0.115513
0.603687
-0.069002
0.324870
0.210181
-0.376751
-0.101108
0.247291
-0.589404
0.709952
0.740593
-0.685171
0.540696
0.001190
-0.943052
0.315409
-0.956236
-0.671072
0.455733
-0.041108
0.962401
0.111362
-0.901242
0.254555
-0.861385
-0.926206
0.686148
0.904111
-0.345744
-0.921384
-0.906796
0.554552
-0.937010
0.643300
-0.794427
0.982910
-0.066744
-0.320597
0.292703
-0.807855
0.699087
0.403241
-0.125156
-0.620655
-0.760613
-0.873104
0.784783
0.396466
-0.983581
-0.755669
0.578600
-0.786676
-0.780755
0.306314
0.080844
-0.643422
-0.296793
0.381634
-0.214331
-0.376263
-0.055269
-0.884884
0.463424
0.645741
0.770196
0.695730
0.148839
-0.862484
-0.974303
0.507920
-0.423444
0.671682
-0.287210
0.917661
0.437788
-0.235267
0.388897
0.732841
-0.974059
0.077242
-0.178014
0.630970
0.127659
0.088412
0.231910
-0.695059
-0.992248
0.681265
-0.113498
0.988525
0.352031
0.348552
-0.692312
-0.145787
-0.488327
-0.614185
0.285440
-0.504685
-0.024140
-0.963561
0.198218
-0.764641
-0.496384
0.449812
0.019257
-0.469588
-0.866634
0.443037
0.264443
-0.106662
-0.611621
-0.513535
-0.496994
-0.026826
0.073580
0.809320
0.353313
-0.143895
0.336833
0.957274
0.738823
-0.942930
0.010407
-0.660756
-0.052767
0.697745
0.527940
-0.896603
-0.024689
-0.722098
-0.607532
0.391278
-0.831660
-0.216834
0.925352
-0.055269
0.078097
0.632984
-0.564806
-0.407941
-0.553209
-0.548875
0.392438
0.549974
-0.597400
0.135472
-0.281716
0.028779
-0.768181
0.167699
0.735649
0.305521
0.089572
0.043916
0.764336
0.084628
-0.909970
0.015656
-0.889340
0.103488
0.827692
0.114841
-0.588427
-0.387860
0.590442
0.264626
-0.230079
0.708426
0.943358
-0.359661
-0.328227
0.357646
-0.278237
0.149876
-0.272805
-0.110996
0.612659
-0.701956
0.363872
-0.863277
0.290567
0.126865
-0.383343
0.768487
-0.115635
0.733207
0.213782
0.061739
-0.437849
0.233924
-0.131626
0.857967
0.473922
-0.044832
-0.993774
-0.650807
-0.031831
-0.608081
0.688711
0.987548
0.052461
0.482711
0.603565
0.469893
-0.174047
0.976501
0.307352
-0.139012
-0.617481
0.139317
-0.272317
-0.762017
-0.886959
0.905454
0.495773
0.919309
0.793085
-0.610645
0.440352
-0.641591
0.043489
-0.970092
0.524949
0.658071
0.565294
-0.947386
-0.889523
-0.784783
-0.572069
-0.211035
-0.004913
-0.247841
0.304361
0.455489
-0.909055
0.679617
-0.945982
-0.512070
0.214637
0.249855
0.977905
0.731742
-0.761162
-0.205542
0.871029
-0.456221
-0.498642
0.908383
0.492172
-0.550035
-0.095126
-0.073885
0.840144
-0.178930
-0.772576
-0.934751
-0.284524
0.018036
-0.309122
-0.273721
0.511704
-0.820429
0.355937
0.353008
0.646901
-0.762566
-0.441633
-0.604846
0.856075
0.887265
-0.352153
-0.406232
0.842830
0.092563
0.258278
-0.475875
0.625477
-0.099521
0.075594
-0.836055
0.091586
-0.153172
-0.749931
-0.046419
0.877438
0.788934
-0.821589
0.643117
0.474471
0.771172
-0.132420
0.168249
-0.386700
-0.114597
-0.889706
-0.670827
-0.719291
-0.683035
0.740654
0.049715
-0.470077
0.847591
-0.472335
-0.248878
0.686941
0.515610
0.604236
-0.144383
-0.491928
-0.066500
-0.242836
0.361187
0.091342
-0.311869
-0.035981
0.916929
0.403729
0.058565
-0.378277
0.694998
0.187353
-0.786737
-0.796197
0.809320
0.224830
-0.730522
0.766839
-0.793756
-0.681936
0.483810
-0.314798
0.056246
-0.601733
-0.347636
-0.681997
0.993835
0.531114
0.589892
0.300455
-0.775323
-0.569811
-0.885372
-0.237709
-0.846126
0.045015
-0.279946
0.650624
-0.258583
0.946348
0.812494
0.445845
-0.163915
0.563829
0.987732
-0.270119
0.699393
-0.021149
-0.589709
-0.176244
0.842097
-0.912046
0.497665
0.267739
0.356670
-0.355510
-0.598987
0.630360
-0.490341
-0.205664
-0.871578
-0.106967
0.773247
-0.537217
0.356792
-0.189001
0.879940
0.120579
-0.179785
0.422773
-0.234718
-0.634571
-0.625599
0.340800
-0.162389
0.452010
-0.456709
-0.547716
0.723807
0.247291
0.427961
-0.557726
-0.111362
-0.145482
-0.296060
-0.825556
0.800958
-0.043855
-0.122349
-0.022797
-0.554491
0.514573
-0.473128
-0.252663
0.425031
0.672964
0.384198
-0.239051
0.812983
-0.910825
0.880551
-0.397137
0.293069
0.801874
0.283425
0.419111
-0.440229
0.358806
0.761345
0.472945
-0.739067
0.462508
0.777947
0.745598
0.886532
-0.650502
-0.644826
0.177465
-0.066744
0.442305
-0.205359
-0.561876
-0.669057
0.847835
-0.906430
-0.065950
0.746330
-0.894894
0.098605
0.297647
0.327555
-0.655873
-0.157262
0.865169
0.841731
-0.132542
0.993957
0.345195
0.766472
-0.030915
0.062349
-0.760979
-0.777154
-0.930723
-0.991028
0.076937
0.550218
0.264504
-0.689688
0.321390
-0.690359
-0.078524
0.870724
0.250282
-0.071810
-0.581469
0.442366
0.051119
0.902341
-0.088595
0.996399
-0.219825
0.285623
0.754509
0.487716
0.192541
-0.984191
0.905026
-0.140721
-0.276406
0.498520
0.510971
-0.046907
0.758415
0.477035
-0.003754
-0.370342
-0.095920
-0.041475
-0.297342
0.029267
-0.510788
-0.385479
-0.769890
0.607410
-0.833247
-0.856868
0.155919
0.675161
0.083712
-0.499863
-0.268349
0.679495
-0.142430
-0.099826
-0.743339
0.179907
0.613575
-0.675771
-0.028779
-0.884396
0.476547
-0.048860
-0.207434
0.362407
0.620045
0.377422
-0.497177
-0.244606
0.640431
-0.086032
-0.926634
0.987243
0.350932
0.512192
-0.221778
0.767937
-0.846248
-0.991638
0.290323
0.235572
-0.513535
0.532884
-0.005951
-0.488205
-0.430036
0.943724
0.336222
-0.225135
-0.088107
0.047884
0.561022
0.320231
-0.060335
-0.376690
-0.356365
-0.686575
0.755486
-0.569445
-0.062777
-0.945372
-0.436262
-0.653188
0.107639
0.856746
0.567614
0.059969
-0.989563
0.846187
-0.449324
0.379376
0.055879
-0.566637
0.774163
-0.534532
-0.931394
0.593860
-0.301492
0.011505
-0.536607
-0.418317
-0.560411
-0.947264
-0.931333
-0.752434
-0.735221
-0.999451
-0.884884
0.010895
-0.370647
0.078280
0.489303
-0.768792
0.423750
0.118809
-0.589282
-0.848079
-0.502853
0.479598
-0.185705
0.494125
-0.543504
0.292459
-0.396588
-0.269387
-0.827326
-0.635487
0.130222
0.927732
-0.481429
0.136326
-0.474654
-0.423078
0.350627
0.537828
-0.987060
-0.500656
0.249794
-0.982116
-0.535203
0.396405
-0.330302
0.198828
0.263710
0.266274
-0.434797
0.826899
0.220069
0.663869
-0.957274
-0.710074
0.701712
0.199622
-0.819330
0.318033
-0.990112
0.863826
-0.413251
-0.031648
0.334941
-0.250649
0.378826
-0.060335
0.681814
0.568957
-0.654653
0.708914
0.500595
0.951659
0.267922
-0.628895
-0.255043
0.153050
-0.119663
-0.594043
-0.774407
-0.095492
-0.785699
-0.374248
-0.287027
0.679556
-0.160192
-0.079745
-0.479171
0.483016
-0.607715
-0.838862
0.216346
-0.579943
-0.754448
-0.741630
-0.067782
0.882015
-0.684133
0.310770
-0.911496
0.308573
-0.951720
-0.601001
-0.175878
-0.591784
-0.527573
0.229041
0.171972
0.598132
-0.781121
0.551500
-0.323527
-0.910825
-0.967040
-0.186071
-0.359844
0.771172
0.236915
-0.046541
-0.180517
-0.303262
0.740410
-0.719718
-0.433332
0.799493
-0.709403
0.735527
-0.095126
-0.606433
-0.958068
0.156285
-0.736686
-0.795160
0.464278
0.490890
-0.193884
-0.111118
-0.359478
-0.392987
0.231483
-0.686209
-0.826655
-0.285379
-0.729362
-0.922605
0.838496
-0.685537
-0.705191
-0.674856
0.145482
0.389325
0.050386
-0.617176
-0.890622
-0.623768
-0.973449
0.069308
-0.295572
-0.794305
0.518113
-0.376141
0.435408
0.197302
0.987915
0.131382
0.450056
-0.245766
-0.611438
-0.413862
-0.838252
0.904782
-0.051180
0.808527
0.500168
-0.363384
0.955260
-0.958922
-0.605762
0.828974
-0.227821
-0.909299
-0.500961
-0.722037
0.346965
0.074129
0.731376
0.158544
0.450423
-0.918699
0.141636
0.773309
-0.141942
0.855159
0.298074
-0.150243
-0.023530
0.156163
0.742180
-0.038118
-0.291299
0.814447
-0.645985
0.822748
-0.141942
-0.911802
-0.113559
-0.849727
0.059359
-0.872738
0.479843
0.762017
-0.215064
-0.697562
-0.274697
0.098788
0.927122
0.667531
-0.895871
0.612476
0.912290
0.221412
0.501267
0.955199
-0.896725
0.491256
-0.907407
-0.198462
0.172399
-0.824763
-0.965758
-0.380902
0.243324
0.791314
0.358867
0.085055
-0.180151
0.747917
0.829890
0.569567
-0.535081
-0.995849
0.406476
-0.172155
-0.982543
0.752617
-0.502670
-0.467513
0.705741
0.526048
-0.352641
-0.492050
-0.599780
-0.001679
-0.205969
0.967833
0.721610
0.623280
-0.072115
0.190466
-0.056734
0.075411
0.553819
-0.349956
0.188513
-0.079440
-0.323405
-0.103000
-0.226661
-0.865352
-0.987609
0.107517
0.742241
0.379681
-0.277383
-0.227821
0.551683
-0.076510
-0.119419
0.468612
-0.344584
0.983947
-0.113987
-0.286599
0.339763
0.499985
-0.426435
0.787469
-0.094943
0.192663
-0.819086
0.257241
-0.894955
0.185644
-0.236000
0.341716
0.493515
-0.632984
-0.922788
-0.152318
-0.230995
-0.841121
0.578967
0.755669
-0.159154
0.404035
0.486496
-0.351604
0.108921
-0.266091
0.027619
-0.759697
-0.674734
0.714103
0.423383
-0.385784
-0.117405
0.823298
-0.189367
0.893368
0.929991
-0.565477
-0.809503
-0.474471
0.064547
-0.179662
0.617298
-0.244057
0.500412
0.464705
-0.280496
-0.558458
0.576586
0.041658
0.922910
0.353801
-0.119785
-0.280862
-0.809259
0.986755
0.148228
-0.822077
0.861385
-0.087924
-0.644032
0.692068
-0.415387
-0.320170
-0.576769
-0.168615
0.444624
0.845820
0.849727
-0.262734
0.863338
-0.149571
-0.929075
0.888180
0.091525
-0.939756
0.232826
-0.157018
0.361736
0.196387
-0.267129
-0.799982
-0.730949
0.428999
0.560839
0.116855
-0.993713
0.385052
-0.212256
-0.715018
0.513779
-0.938169
0.978759
-0.118686
0.215552
-0.250710
0.027070
-0.349834
0.296854
0.031709
-0.896298
-0.692923
-0.601184
-0.184118
0.879269
-0.315104
-0.555040
0.437117
0.570727
-0.768120
-0.219092
-0.905942
-0.930601
0.485641
0.313150
0.830256
0.996216
0.596850
-0.232521
0.412580
0.524461
0.118870
0.566393
-0.054964
-0.145238
-0.213172
-0.017792
-0.811884
0.302103
0.509812
0.629017
0.097629
-0.558275
-0.138829
0.432173
0.092441
-0.417707
0.399701
0.836604
0.729057
-0.284219
-0.830683
-0.396283
0.474715
0.459883
0.771477
-0.052095
-0.729911
0.917600
-0.530808
0.682180
0.676504
0.774529
-0.506882
-0.468429
-0.053194
0.171484
-0.293558
0.994568
-0.309854
-0.966918
0.791009
0.008759
-0.179540
-0.866695
-0.355327
0.143345
-0.912412
0.543382
0.025788
0.463607
0.453047
-0.134983
0.143773
-0.337687
-0.301187
0.111728
0.135533
0.098300
0.990112
-0.682730
-0.218360
0.246132
0.807672
-0.147740
-0.387188
0.303446
0.029878
-0.585498
0.479720
-0.953856
0.309061
0.002228
0.991699
-0.712821
-0.084384
-0.371685
-0.026582
-0.355693
0.203711
-0.439924
-0.218604
0.640614
0.417280
-0.324564
0.180151
0.931883
-0.310404
-0.349956
-0.982727
0.786676
0.248085
-0.934263
0.040925
0.913633
0.372723
0.695425
0.366680
-0.995911
0.937742
-0.563280
-0.926511
-0.504318
-0.213355
-0.599658
-0.152989
0.563280
0.838801
-0.060457
0.342814
0.284646
-0.662709
0.796564
0.289773
-0.628224
-0.542405
0.724540
-0.955443
-0.315043
0.517930
0.244667
-0.183203
-0.197790
-0.189062
-0.572863
0.510056
-0.560472
-0.796625
0.192358
-0.943785
-0.689383
0.593799
-0.388775
-0.804682
-0.848262
-0.943113
0.022248
-0.837764
0.144505
0.353496
-0.078280
0.345927
-0.908383
0.118076
-0.550401
-0.085177
0.410993
0.812311
-0.399457
-0.828425
0.543626
0.246132
0.269631
-0.964904
0.329264
-0.908750
0.221473
0.847530
0.866817
0.738395
-0.986084
-0.508591
0.282144
0.879452
-0.228004
0.044465
-0.507004
-0.825617
0.955138
0.764153
0.335490
0.578234
-0.749992
0.099582
0.991699
0.226905
0.355327
0.421552
0.515732
-0.355937
0.310282
0.860652
-0.615162
0.132481
-0.785821
-0.891964
-0.720389
0.794977
-0.737602
-0.431196
-0.877987
-0.462691
0.764092
0.268349
0.882076
0.749565
0.317301
0.965697
-0.657582
-0.860836
-0.372051
-0.106784
-0.125462
-0.276894
-0.772881
0.772210
0.647328
-0.459517
0.218360
0.444075
-0.660024
-0.366619
0.435224
0.741813
0.203406
-0.218665
-0.360088
-0.819636
-0.779962
-0.637623
-0.916623
-0.188086
-0.678640
0.517624
-0.229408
0.095920
0.198462
0.226417
0.078829
-0.907102
-0.433271
0.646229
-0.736747
0.984924
0.562487
-0.957884
-0.984985
0.718925
-0.247780
0.971618
-0.248390
-0.718314
0.013215
-0.353191
-0.889828
0.964049
-0.242836
0.223365
0.279275
-0.422529
0.755486
-0.564989
-0.212256
-0.503769
0.507370
-0.121860
-0.272988
0.601550
-0.095126
-0.382672
0.215247
0.737114
0.078585
0.482589
0.910581
-0.757500
0.553331
