0.800409
-0.076754
0.642262
-0.493759
-0.109592
-0.812983
0.019440
0.294961
-0.924314
0.354045
0.947508
0.588488
-0.725639
-0.956053
0.335673
0.043855
-0.694021
0.802179
-0.450850
0.206214
0.087069
0.828913
0.850764
0.620716
0.964904
-0.482162
0.804376
0.895016
0.122837
-0.052644
-0.997620
0.433699
0.986633
0.152989
0.282815
-0.454451
-0.601550
0.327799
-0.317301
-0.712516
0.297464
-0.704215
-0.883908
-0.267678
0.756890
0.277871
0.584887
-0.426984
-0.851619
0.215918
-0.623585
0.550768
-0.906247
0.999939
-0.709586
0.964171
-0.348796
0.756279
-0.917478
0.474349
-0.693533
-0.634632
-0.542711
0.655385
-0.253212
-0.469832
-0.552782
0.273843
-0.256935
0.929563
-0.651601
-0.916623
0.968566
-0.663442
0.555895
-0.201636
-0.964110
-0.829035
0.979553
0.517563
0.318339
0.791986
0.426923
0.340922
0.637440
0.740165
0.746879
-0.012848
0.429731
-0.633778
0.080721
0.557237
-0.392132
-0.367351
0.226112
0.949278
0.015900
0.164342
0.991760
-0.267800
0.262490
-0.880306
-0.227760
-0.512070
-0.126072
0.856380
-0.885556
-0.574999
-0.441511
-0.342448
0.482650
0.015961
0.929807
0.520432
-0.260964
0.350627
0.237892
0.926939
-0.813288
0.088107
-0.437910
-0.551134
0.852596
0.357768
-0.688406
0.460616
0.363689
-0.540086
0.827692
-0.209632
-0.753349
0.589831
-0.378277
0.727653
-0.691580
0.483566
-0.222633
0.358379
-0.743400
0.584521
-0.408795
0.700552
-0.962828
-0.334574
-0.976501
0.455855
-0.356975
0.062532
-0.770623
-0.653371
-0.008698
-0.203345
-0.589892
0.118809
-0.044099
1.000000
-0.496811
0.836970
0.822748
0.569384
-0.115879
0.703421
0.548814
-0.029328
-0.528245
-0.225562
0.986084
-0.572924
0.829157
-0.856380
-0.142674
-0.407453
-0.005097
0.910764
0.612598
-0.754753
-0.050020
0.772332
-0.239296
-0.317667
-0.086703
-0.580493
-0.478988
0.428327
-0.367718
-0.080294
0.184851
-0.111911
0.013642
-0.326762
-0.020356
-0.452437
0.280435
-0.493393
-0.899350
-0.078280
0.964782
-0.626453
0.106357
0.637196
-0.440962
-0.499130
-0.947813
0.674368
-0.877010
0.612293
-0.802789
-0.616138
0.033967
-0.849727
0.331950
-0.346660
0.924314
-0.695364
-0.799860
0.956725
0.163488
0.466597
0.073519
-0.587817
0.142796
-0.690603
0.054109
-0.698904
-0.615345
-0.079989
-0.013459
-0.653432
0.753410
-0.917722
0.030122
-0.272683
-0.470443
0.389752
0.279397
-0.096469
-0.171239
-0.537034
-0.990417
-0.891476
0.927000
0.558214
0.259560
-0.203833
0.598621
-0.291177
-0.555651
0.210791
-0.413800
0.403729
0.311136
0.665212
0.291299
-0.469832
0.034822
0.501999
0.950560
-0.650929
0.237037
-0.663747
0.561022
-0.002777
0.619922
0.422040
0.515427
-0.000031
-0.860714
0.597766
-0.861995
-0.552110
-0.763482
0.212622
-0.629933
-0.292459
-0.666494
0.233863
0.732963
0.548814
-0.252297
0.206885
0.154393
-0.988952
-0.330912
0.842586
-0.722648
0.614734
-0.038301
-0.689261
0.874691
-0.991089
-0.626209
0.566027
0.284890
0.487533
0.877194
0.666311
-0.311625
0.420576
-0.065767
0.167394
0.019562
-0.397931
0.404157
-0.239479
-0.513047
0.729789
0.913144
0.972411
-0.707999
0.650136
-0.056795
-0.397687
0.413312
-0.661794
0.004181
-0.236854
-0.980102
0.402020
-0.770562
-0.835688
0.660939
-0.499496
-0.013153
-0.307413
-0.775384
-0.568834
-0.036897
0.524033
-0.894955
0.360149
0.653798
0.033906
-0.295389
0.346843
-0.204932
0.137730
-0.935972
0.573351
-0.659963
-0.642323
0.475753
-0.592944
-0.346843
0.131993
-0.311380
0.887570
0.883724
-0.405927
0.889523
-0.040864
-0.041353
-0.385052
0.645497
0.268838
0.463363
-0.129368
0.506211
-0.919431
0.613880
-0.000397
-0.083346
0.194983
-0.619251
-0.844661
0.233497
0.411542
0.603687
0.708609
0.152074
-0.911985
0.125706
-0.751274
0.820978
-0.494247
0.318400
-0.612476
-0.232521
0.119053
-0.091464
-0.082247
0.927183
0.505478
0.568834
0.742729
-0.073763
0.792657
0.404035
0.829463
0.103244
0.345134
0.340129
-0.971374
0.276101
0.930479
0.633351
-0.906796
0.554552
-0.217994
-0.119541
0.126377
-0.308695
-0.752861
0.376812
0.715873
-0.807855
0.699087
0.785333
-0.860714
0.234596
0.819636
-0.299112
-0.709769
0.396466
0.424116
-0.894894
-0.712760
0.042573
-0.359905
0.742241
0.080844
-0.796075
-0.296793
-0.988037
-0.218360
-0.868160
0.306436
-0.077059
-0.777886
0.001679
0.179724
0.957213
-0.402997
-0.981201
0.371685
0.316996
0.084567
-0.160802
-0.287210
-0.532701
0.437788
-0.235267
0.739982
0.084140
0.390667
0.077242
0.500107
0.109775
0.202429
0.225806
0.231910
-0.814081
0.549852
0.257363
-0.886959
-0.439375
0.744865
0.575732
0.782647
0.235817
-0.488327
-0.810053
0.219886
-0.504685
0.596973
-0.963561
-0.111606
0.729240
-0.184729
-0.328837
-0.078036
-0.469588
-0.866634
0.983825
0.665212
0.182531
0.469588
-0.717460
-0.148595
-0.929136
0.299234
-0.714713
0.353313
0.954527
0.336833
0.315714
-0.820307
0.060762
0.557115
-0.509384
0.091647
0.202002
0.205176
-0.896603
0.465804
-0.722098
-0.877438
0.230750
-0.422712
-0.167333
0.155492
0.426923
-0.178747
0.567980
0.376019
0.905515
0.459334
0.420026
-0.269997
-0.111362
-0.294656
-0.391217
0.600146
-0.015839
0.811457
-0.081149
0.735649
0.219886
0.076205
-0.963988
0.111728
-0.257851
-0.200903
0.015656
-0.984313
-0.641041
0.019684
-0.305338
-0.044038
0.749687
0.593677
0.966369
-0.230079
-0.680898
0.935484
-0.105869
-0.051790
0.261635
0.217505
-0.088900
0.274697
0.254677
0.899899
-0.275246
-0.821100
0.075716
0.855098
-0.817560
-0.970824
-0.561571
-0.022126
0.611682
-0.720817
-0.448347
0.173376
0.233924
-0.479965
0.640309
0.093478
-0.044832
0.750053
0.120151
-0.224830
0.622059
0.872127
0.345317
0.814631
-0.016144
0.483932
0.807428
-0.430158
0.243263
0.307352
0.066134
-0.462630
0.819514
-0.609363
-0.762017
0.326823
-0.462996
-0.858455
-0.325724
-0.024995
0.984985
-0.032991
-0.641591
-0.641224
0.842036
-0.685476
0.658071
-0.639393
-0.531419
0.620777
-0.567980
-0.978454
0.319559
0.365947
0.415693
-0.099277
0.455489
-0.846309
0.113804
0.823908
0.967528
0.715018
-0.537156
0.883480
-0.145848
-0.050203
0.571947
0.657216
-0.456221
-0.008759
0.396039
0.492172
-0.043977
-0.542467
0.648793
0.539109
-0.091708
-0.772576
-0.001007
0.849055
0.366131
0.482345
-0.147557
0.079989
0.069674
0.127476
0.353008
-0.662160
0.814875
0.991394
-0.232154
0.049776
0.887265
0.237465
-0.406232
0.063082
0.092563
0.242714
0.916196
-0.223914
0.894650
-0.779778
-0.982421
-0.562731
0.100192
-0.481674
-0.125401
-0.096774
-0.666372
-0.392010
0.017853
-0.352336
0.579882
-0.970275
0.168249
-0.386700
-0.114597
-0.889706
0.372600
-0.961364
-0.617237
0.485397
0.049715
0.935972
0.516221
-0.497238
-0.248878
0.653432
-0.491989
-0.092074
0.409162
-0.491928
0.001373
-0.321635
0.800897
0.529832
-0.770013
-0.371319
0.373699
0.403729
-0.232765
0.835505
0.694998
-0.406598
0.640431
0.342143
0.809320
0.936460
0.730461
0.827021
0.172216
-0.492965
-0.444990
-0.222571
-0.928343
-0.639454
-0.774407
-0.821772
0.993835
0.531114
0.500595
-0.778802
-0.775323
-0.569811
0.554674
-0.647023
0.206153
-0.016938
0.618336
-0.163427
0.326640
0.735832
0.554003
0.449263
-0.990112
-0.757073
-0.945677
-0.270119
0.029633
-0.027497
-0.805902
0.397076
0.329203
0.588061
0.497665
0.171606
0.356670
-0.355510
0.135289
0.630360
0.956236
-0.944029
-0.455611
-0.311014
0.108921
0.119236
-0.260109
0.762139
0.884457
0.316385
0.667165
0.422773
0.747551
-0.634571
0.131809
0.416486
-0.884213
-0.769280
0.692923
-0.121067
0.278115
0.143590
0.803522
0.528977
-0.732719
-0.252541
-0.644948
0.245521
0.800958
-0.721854
0.087252
-0.053743
-0.554491
0.514573
0.906858
0.180090
0.119419
0.672964
-0.166845
0.395428
0.295877
0.008332
-0.666311
0.792657
0.919797
-0.571520
0.283425
0.289529
-0.440229
-0.017304
-0.385907
0.912717
0.157994
-0.850581
0.348125
0.115513
0.628101
-0.935911
0.841121
0.235206
0.867244
0.570055
-0.843562
-0.210730
-0.131138
0.742912
0.594226
-0.037019
-0.608386
-0.920042
-0.947447
0.544542
0.299783
0.269997
0.975951
0.622303
-0.149205
-0.885128
0.363994
-0.995788
0.766472
-0.816889
0.062349
-0.976745
-0.777154
0.085360
0.029084
0.181066
-0.923338
0.559313
-0.037690
0.028169
0.313028
-0.785821
0.168188
0.818354
-0.071810
-0.880551
-0.386273
0.632923
0.161229
0.704459
0.396405
-0.219825
0.929136
-0.539476
0.371624
0.494003
0.981506
0.224952
-0.234474
-0.276406
0.919675
-0.266762
-0.569445
-0.657094
-0.345744
-0.003754
-0.370342
-0.466781
0.776482
-0.326701
0.725455
-0.698782
-0.475204
0.132298
-0.228370
0.406354
-0.856868
0.155919
-0.684500
0.629017
-0.081271
0.505783
-0.244850
0.643971
0.421857
-0.068209
0.955931
0.691763
0.951048
-0.008454
-0.463301
-0.983520
0.906064
0.618152
0.339091
-0.692251
0.700613
-0.212012
0.273537
0.436750
-0.417707
0.263222
0.987243
-0.580676
0.757866
0.613025
-0.171545
-0.383221
-0.290017
0.304971
0.691397
0.046602
0.085971
-0.646596
-0.202063
-0.430036
0.374859
-0.325358
-0.261391
0.073397
-0.187353
-0.787835
-0.371136
0.320231
0.992004
0.446760
-0.020112
0.755486
-0.569445
0.479598
0.759819
-0.757500
0.389935
-0.249306
0.696951
-0.572253
0.643239
-0.775445
0.179907
-0.728202
0.931944
0.545824
-0.791925
0.421796
-0.534532
0.096774
0.254799
-0.050874
0.011505
0.541368
-0.331156
-0.398297
0.106235
0.551683
0.273782
-0.759026
-0.584033
0.678091
0.010895
-0.855586
-0.189673
0.489303
0.294107
0.343120
0.431440
0.110752
-0.643849
-0.502853
-0.002106
-0.888852
0.159520
0.223670
0.335612
0.907773
0.605823
-0.715629
-0.539354
-0.184484
-0.675649
0.458541
0.885006
-0.474654
-0.104282
-0.420515
-0.160802
-0.476241
-0.766289
-0.398053
0.079806
0.044465
0.396405
-0.874752
0.198828
-0.819697
-0.929502
0.841792
-0.196753
0.194494
-0.784783
0.416364
-0.997864
0.701712
-0.898923
0.359111
0.226905
-0.228492
0.930723
-0.874569
-0.031648
0.147801
-0.930784
0.634816
0.727531
0.792230
0.568957
0.929807
0.388775
0.153722
0.951659
0.857784
-0.857295
-0.609607
0.153050
0.821345
-0.786493
-0.774407
0.930784
-0.961364
-0.374248
-0.447005
0.914914
-0.160192
-0.016572
-0.999878
0.078097
-0.357097
0.240272
0.216346
-0.532701
-0.839839
0.235450
0.474776
0.321329
0.447859
0.852901
0.944029
0.308573
0.119236
0.699149
0.324625
0.150121
-0.807123
0.526048
0.140294
-0.791070
-0.035981
0.964599
0.088168
0.481857
-0.611255
-0.186071
-0.831599
0.769402
-0.261696
-0.046541
0.380047
-0.646229
0.539659
0.841487
0.084811
-0.697562
-0.995727
-0.456648
0.258278
-0.694449
-0.158422
0.828303
0.526475
-0.795160
0.628162
0.387188
-0.291177
0.864254
-0.077303
-0.392987
0.878842
-0.390912
0.109592
0.673330
-0.601794
0.562731
-0.137608
-0.685537
-0.102390
0.713675
-0.554125
0.389325
-0.730399
-0.300821
-0.301798
-0.675283
-0.973449
0.069308
0.498337
0.165441
0.214087
-0.321818
0.537767
0.007233
0.606006
0.131382
0.450423
0.086703
-0.753777
0.413495
-0.838252
-0.987854
-0.413739
0.451399
0.776177
0.114231
-0.608875
-0.287820
0.496567
-0.632435
-0.227821
-0.072970
-0.998474
0.435469
-0.987671
0.079501
-0.531114
0.212256
0.450423
0.100131
-0.688528
0.451949
0.823176
0.141575
0.298074
-0.058687
0.284585
-0.269936
-0.824946
-0.038118
-0.304971
-0.632740
0.992187
-0.422651
0.136570
-0.753471
-0.113559
-0.849727
-0.859493
-0.531724
0.479843
0.162145
-0.441023
-0.697562
0.732658
0.098788
-0.371990
0.667531
0.713065
-0.185095
-0.972228
-0.616932
-0.809442
-0.737907
-0.896725
-0.962645
0.695303
0.874081
-0.042207
-0.038423
-0.965758
0.164769
-0.798944
0.572558
-0.783074
0.354717
-0.486557
-0.179113
0.227454
0.590930
-0.143895
0.111118
-0.856319
0.435896
-0.789911
-0.440168
0.794061
-0.939756
-0.799371
0.575488
-0.924863
-0.810175
-0.599780
0.687124
-0.614551
-0.161718
0.896359
0.129856
-0.072115
-0.393170
-0.915708
-0.182470
0.189856
0.429548
0.188513
0.167211
0.230079
0.375530
-0.018036
0.193823
0.794610
0.390667
-0.616749
-0.721305
0.242958
0.935240
0.813166
-0.976928
0.017426
0.289163
-0.364116
0.429426
0.660817
-0.301248
-0.778130
-0.400372
0.725211
-0.124180
0.812250
0.884640
0.141148
-0.104587
0.628834
-0.709403
-0.115085
0.341716
0.493515
-0.833552
-0.441755
0.088351
0.359722
0.853633
-0.990356
-0.674917
-0.252968
-0.951720
-0.631031
0.488388
0.108921
-0.162938
-0.096042
-0.718741
0.577624
0.820124
0.166112
0.747856
-0.117405
0.823298
0.696707
-0.868892
0.457442
-0.565477
0.519028
0.614856
0.840266
0.263466
-0.262978
0.187841
0.029511
-0.348735
-0.264565
0.374187
-0.934080
-0.004975
0.280435
-0.748466
-0.825861
0.403974
-0.013215
0.986755
-0.991882
-0.405866
-0.526048
0.867061
-0.435286
0.429853
-0.633351
-0.415754
-0.576769
-0.850826
0.060152
-0.437788
0.740471
0.967467
-0.114475
-0.103305
0.957762
0.189489
0.667287
0.514267
-0.155065
0.906186
-0.271462
0.682608
-0.267129
-0.005585
0.622120
-0.870540
-0.384075
-0.059603
0.001740
0.300333
-0.424970
0.613575
-0.742912
0.705130
-0.907773
-0.425764
0.161473
0.520310
0.921079
0.946043
0.786126
0.683828
0.400678
-0.476730
0.901059
-0.331889
0.164525
-0.204688
0.944456
0.437117
-0.635426
0.307840
-0.219092
-0.905942
0.424055
-0.771233
0.848384
0.043062
-0.288430
0.555223
0.904599
0.412580
-0.818415
0.006134
0.872127
-0.054964
-0.048250
0.712394
-0.071383
-0.624500
0.684133
0.473739
-0.370708
0.171667
-0.455794
0.378216
0.432173
0.128147
-0.824213
0.398846
-0.342692
-0.207923
0.563036
-0.949644
0.736991
-0.620716
0.459883
-0.687124
-0.052095
0.569689
0.204688
0.108249
-0.815241
-0.443525
0.353679
0.030610
-0.281961
-0.290323
0.171484
-0.293558
0.124729
-0.309854
-0.948363
-0.213660
0.881466
0.987915
0.751762
0.685904
0.177465
-0.920042
-0.508469
0.588061
0.875546
-0.696097
0.464888
0.507859
-0.337687
-0.301187
-0.834223
0.278054
0.373577
-0.683462
-0.682730
-0.218360
0.426130
0.899655
0.096896
-0.251198
-0.820734
-0.212012
-0.454085
0.479720
0.365642
-0.172033
0.170446
0.998718
-0.712821
-0.311380
-0.532823
0.457747
-0.803522
-0.566149
0.716483
0.949828
0.084078
0.238807
0.941588
-0.779046
-0.529160
0.488815
-0.493637
-0.634144
-0.523484
0.248085
0.537156
0.295022
-0.253700
-0.913633
0.091525
0.366680
-0.965209
-0.351787
0.074496
-0.895444
-0.504318
0.734916
-0.923154
-0.772515
-0.713858
-0.500168
-0.792718
-0.453413
0.636586
0.359600
0.394818
-0.445479
-0.416669
-0.728751
-0.531602
-0.955443
0.725639
0.517930
0.113071
-0.983459
0.767388
-0.834956
-0.577685
-0.007965
-0.510117
-0.446089
0.046236
-0.943785
0.569506
0.593799
0.951598
0.670217
0.230689
-0.771966
0.134800
-0.817499
-0.137608
-0.061739
-0.999756
0.055452
0.307779
0.323405
0.940916
-0.045442
0.182714
-0.913633
0.567980
-0.343669
0.543626
-0.919492
0.269631
-0.442061
0.162206
0.871029
-0.118381
0.972716
-0.237953
0.155797
-0.591357
0.312967
0.282144
0.809565
0.850764
-0.014618
0.719901
-0.683645
0.915891
0.012055
-0.994079
0.998108
-0.386456
0.382305
-0.034028
0.008393
0.411481
-0.626637
-0.608570
-0.252297
0.591479
-0.805597
-0.327433
0.426374
0.923276
0.030061
0.739494
0.468795
0.989929
-0.955687
0.419599
0.468978
0.000580
0.921079
-0.349834
0.217505
-0.393719
-0.462691
-0.470199
0.894162
-0.372051
0.390728
-0.395123
-0.996338
-0.893124
-0.222571
-0.661794
0.360454
0.522996
0.063692
-0.283486
-0.366619
0.435224
-0.377422
-0.928770
-0.776177
-0.360088
-0.278115
-0.059114
-0.929868
0.469161
-0.188086
-0.051057
-0.516526
-0.830988
0.190771
0.183386
0.515976
0.192907
-0.429975
0.106296
0.146764
0.620594
0.059847
-0.092074
-0.693594
-0.140965
0.450179
0.365398
0.895810
-0.248390
0.883602
-0.241798
0.213294
-0.221656
0.842769
0.368816
0.223365
0.759941
0.175512
0.755486
-0.979186
0.478500
0.981506
0.507370
0.810968
-0.462752
0.560045
0.980102
-0.827998
0.195532
-0.335612
-0.476974
-0.049043
-0.021882
-0.757500
-0.139866
