-0.289773
0.082064
0.067171
0.974670
-0.157872
-0.306864
0.903317
-0.888180
0.845943
0.973754
0.624439
-0.066988
0.045808
-0.761711
0.034944
0.017304
-0.342814
-0.438398
0.585131
-0.188330
-0.593066
0.394086
-0.023225
-0.499313
0.519883
0.555589
0.577685
0.165624
-0.995422
-0.674245
-0.495651
-0.856563
0.726005
0.879147
-0.922727
-0.415326
0.703055
-0.040315
0.899411
-0.418683
-0.716178
-0.266823
-0.806146
0.818598
0.356731
0.005097
-0.571398
0.159215
0.961852
0.432173
-0.066805
-0.867733
0.613758
0.304910
0.812311
-0.034150
-0.136570
0.764031
-0.378094
0.652516
0.205725
0.810236
0.981506
-0.897885
-0.288858
0.941832
0.972106
0.685842
-0.567736
-0.912961
-0.858760
-0.169042
-0.352519
0.573840
-0.756096
-0.681387
0.495407
-0.171178
0.782952
-0.411359
0.140172
0.354045
0.433088
0.233924
0.426252
0.460250
0.846370
0.740837
0.218116
-0.795465
0.817560
-0.156835
-0.877682
-0.131138
0.176061
0.977294
0.146519
0.568712
-0.324870
-0.619312
-0.237159
-0.734367
0.741935
-0.696585
-0.294656
-0.053621
0.729484
0.823603
-0.224525
0.330119
0.837275
-0.602222
0.122410
0.593677
-0.743156
-0.847224
-0.683645
0.791681
-0.184118
0.012970
0.655507
-0.872005
-0.439436
0.314249
0.832270
-0.796442
0.746330
-0.312296
0.990844
0.061983
-0.938902
0.685904
-0.087863
-0.960265
0.194189
0.998108
-0.637684
-0.913694
0.527390
-0.254006
0.432478
0.692801
-0.308206
-0.948668
0.283792
-0.335551
-0.380047
0.938292
-0.679678
-0.422407
-0.469588
-0.811701
-0.939146
-0.023347
0.583728
-0.556017
-0.036653
0.435835
0.680960
0.864864
-0.998474
0.470565
0.415387
0.461715
-0.516282
0.956420
-0.110263
0.883847
0.442366
0.178381
0.492294
0.441511
-0.005402
0.095248
-0.821284
-0.154210
0.719474
0.478927
0.555467
-0.008393
-0.050630
-0.848811
-0.355022
0.427534
0.834895
-0.782098
0.235817
0.175146
0.121677
-0.826106
-0.129307
-0.857295
0.835444
-0.957457
-0.344218
-0.947752
0.761467
-0.813532
-0.514939
-0.015473
-0.505356
-0.271645
0.537523
0.645802
0.377239
0.115268
-0.207984
-0.621815
-0.667714
0.502915
-0.918332
-0.039644
0.975463
-0.237587
-0.079440
-0.547777
0.401654
0.405805
-0.139744
-0.805353
-0.839717
-0.256813
0.483932
0.163488
-0.739494
0.790033
0.080844
-0.239113
0.642628
-0.681753
-0.578600
-0.051729
0.179235
0.344951
0.500107
-0.120640
-0.886654
0.854305
-0.281961
-0.692251
-0.065279
0.944029
-0.901303
-0.369060
-0.369976
-0.760491
0.840144
0.941588
0.136753
0.270852
-0.370647
0.491012
-0.113804
-0.881100
-0.614246
0.728324
-0.132969
0.120823
0.901791
-0.090182
-0.293069
0.647633
0.725028
-0.457259
-0.218909
0.797662
0.173009
0.933226
0.542100
0.415693
-0.102878
0.445235
-0.698843
0.964904
-0.963866
-0.968322
-0.599719
0.398907
-0.299112
0.767632
-0.050081
0.339824
0.065523
0.722770
0.485824
-0.702322
-0.679495
0.697134
0.812311
0.607715
-0.343974
-0.387188
-0.859798
-0.802057
0.434492
-0.777459
-0.720389
-0.458296
-0.057100
0.558580
0.915098
0.850520
0.086764
0.760674
-0.235817
-0.719108
0.074679
0.940123
-0.842402
0.469344
0.927854
0.627308
0.016877
-0.457564
0.942564
-0.907163
-0.805719
0.327616
0.191931
-0.625721
0.041597
-0.215857
0.514634
-0.513169
0.737785
0.571764
-0.051790
-0.558275
0.514267
-0.557604
-0.831172
-0.975341
0.837336
-0.726920
-0.973144
0.360210
0.060701
0.451521
0.802728
-0.151952
-0.964293
-0.624012
0.640980
-0.614978
-0.828730
-0.368084
-0.233985
0.445418
-0.330180
-0.136387
-0.505600
-0.917051
-0.240516
-0.244362
-0.789789
0.552171
0.543748
0.555345
-0.711478
0.691153
0.156896
0.970336
0.234779
0.794977
-0.323588
-0.799799
-0.683950
-0.053377
0.181188
0.211402
-0.425703
-0.807245
-0.271950
0.594043
-0.723319
-0.837580
0.661794
-0.262001
-0.948363
-0.745170
0.255470
-0.696097
-0.956542
-0.319437
0.832698
0.228675
0.248085
0.499619
-0.584033
0.671133
-0.456893
-0.569262
0.884457
-0.066622
-0.424604
-0.873959
0.462874
0.454695
-0.894223
-0.463912
0.724113
0.469893
-0.370586
-0.608020
0.626576
-0.829524
-0.846492
-0.337138
0.526170
0.066622
0.577258
0.384625
0.226844
-0.552843
0.822932
-0.352397
0.530442
0.877987
-0.337809
0.600208
0.699576
0.175329
-0.777215
0.897702
-0.135105
-0.018708
-0.128330
-0.337931
-0.904843
0.946654
-0.655568
-0.419965
-0.231544
0.745720
0.958129
0.111728
0.374554
0.654042
0.152379
-0.543504
0.866695
-0.836665
-0.941282
-0.584582
0.301859
0.148961
0.250343
-0.382855
-0.535813
0.855831
0.403180
-0.480880
0.740654
0.644032
0.923826
-0.539781
0.791742
0.269143
-0.291177
-0.462935
0.873836
-0.159276
0.825922
-0.924131
0.750847
0.059420
0.564074
0.414350
-0.597156
0.536424
-0.805475
0.528428
0.666372
0.122288
0.588549
-0.896786
0.842463
-0.144810
-0.743522
0.305338
-0.683157
0.224281
0.959777
0.859004
0.855159
-0.727287
-0.045930
-0.822260
0.331889
0.031281
-0.433699
0.521897
-0.334696
-0.540757
0.377056
0.158361
-0.789789
-0.360576
-0.813349
-0.874630
-0.262307
-0.671926
0.812433
-0.023896
0.153478
0.830378
0.094028
0.218970
0.661367
-0.807672
0.813410
0.886349
0.393109
-0.378704
0.182897
-0.207373
-0.405316
-0.249489
-0.858028
-0.051424
-0.516648
-0.070711
-0.651845
-0.464583
0.338359
-0.348979
-0.580676
-0.516037
-0.604846
0.482467
-0.350993
0.329936
0.862117
-0.239906
0.400616
-0.483749
-0.036348
-0.673574
-0.557787
-0.648854
-0.225135
0.926817
-0.616932
0.133885
0.927549
-0.062960
0.483322
0.377972
0.060945
-0.006806
-0.439375
-0.809809
0.831050
0.329936
0.472884
0.469649
-0.634877
-0.355571
-0.873959
0.217627
-0.589831
0.942259
-0.481979
-0.584948
0.119175
-0.105930
0.265297
0.434675
0.765801
0.125034
-0.398907
0.511521
-0.545824
-0.676016
0.764580
0.564928
0.996338
0.992553
0.513291
0.464095
-0.283242
-0.585864
0.773614
-0.996765
0.103244
-0.717582
-0.945006
-0.580187
0.814325
0.155675
0.149449
-0.763665
-0.095920
-0.059053
0.943236
-0.485580
-0.569384
-0.759514
0.628529
0.143223
-0.080660
0.299661
0.791192
-0.202551
-0.189795
-0.955382
-0.719108
-0.938047
0.871639
-0.674856
0.440657
0.089938
-0.878414
-0.854610
0.150548
0.799127
0.413190
0.432112
0.627918
0.619739
-0.694876
-0.103305
-0.357097
-0.922300
-0.828913
0.193274
-0.247841
-0.469893
0.159337
-0.376446
0.989807
0.971435
-0.118137
-0.437300
0.515427
-0.627003
-0.431928
-0.262856
-0.227271
-0.558580
-0.074496
0.782037
0.431684
0.213721
0.014679
-0.588977
-0.051973
-0.585376
0.156407
-0.252846
-0.738578
0.889218
-0.677664
-0.042451
-0.349467
-0.887326
-0.834529
-0.112461
-0.673879
0.505783
-0.592639
-0.848750
-0.819391
-0.880551
-0.716361
-0.779839
0.699026
0.066378
0.633778
-0.858516
0.892026
0.353496
-0.878414
-0.271096
-0.574938
-0.292825
0.227088
0.824702
0.928831
-0.846431
0.827387
-0.784356
0.531602
-0.037080
-0.816950
0.326640
-0.313578
0.472640
0.200049
-0.168737
0.044893
0.810968
-0.488571
-0.147008
-0.589648
-0.111362
-0.050508
-0.702017
0.692312
-0.225623
0.328043
0.291238
-0.648793
-0.884213
-0.997925
-0.002838
0.507004
0.971435
0.401654
-0.328104
0.986450
-0.860347
0.819147
-0.748650
-0.264016
-0.571093
-0.702994
-0.298135
-0.227821
0.690725
0.725150
0.741874
0.786798
-0.042268
0.536302
-0.599170
0.753655
-0.279824
-0.354045
-0.981750
-0.747368
-0.400739
0.783441
0.118137
-0.520249
0.215857
-0.721549
-0.220313
0.248695
-0.705252
0.020844
-0.655751
0.310282
0.776727
0.115207
0.798334
-0.875912
0.766411
0.593005
0.683645
-0.227271
0.329020
-0.189856
-0.586962
0.471541
-0.488754
0.390362
-0.717643
0.825068
0.981567
0.251930
0.931883
0.275307
-0.883053
-0.735221
-0.273232
-0.020600
0.785699
0.341899
-0.661122
-0.907834
0.332133
0.102878
-0.710807
-0.591968
0.377667
0.815607
-0.673208
-0.212378
-0.260414
0.797906
-0.325297
-0.306314
-0.232398
0.877377
0.645985
0.425336
-0.290078
-0.777459
-0.447554
0.273965
-0.328471
-0.530198
0.607044
0.464644
-0.443770
0.123142
0.491501
0.295145
-0.973388
-0.084628
-0.090487
0.744743
-0.228675
0.272561
-0.182653
-0.040010
0.156957
1.000000
0.714103
-0.471114
0.201575
-0.087008
0.619922
-0.040010
-0.880795
0.570605
-0.855831
-0.252907
0.127964
0.728874
0.123875
0.899106
0.398419
0.173803
-0.845454
0.997070
-0.187231
0.617847
0.399213
0.418867
0.924497
0.749748
-0.295816
-0.758415
0.262673
-0.166540
0.912534
-0.599475
0.104709
-0.002106
-0.958007
-0.031953
-0.385968
0.115757
-0.384808
-0.224708
-0.107517
-0.574023
-0.618397
0.096225
-0.181799
0.250038
-0.499924
0.458663
0.126255
-0.164159
-0.922239
-0.406110
-0.739250
-0.282815
-0.715995
-0.059114
0.208655
0.240089
0.298257
0.950438
-0.469283
-0.697256
0.324625
0.887020
-0.494430
0.480270
-0.602710
0.794183
-0.575365
-0.030427
-0.343242
-0.834834
-0.651051
-0.916196
-0.048982
-0.481552
0.594897
0.908444
0.441694
0.211219
-0.892270
0.575854
0.286294
-0.055208
0.031526
-0.995788
-0.141881
0.994690
-0.851253
0.474166
-0.739921
-0.722465
-0.757073
-0.362102
-0.229163
0.866573
-0.644581
-0.010468
-0.593310
-0.549120
-0.256386
-0.231300
-0.356059
-0.096042
-0.285257
-0.940855
-0.778497
0.882321
0.674001
0.092135
0.494125
-0.210547
0.901364
0.424421
-0.478256
0.109653
-0.521287
0.594226
0.029389
0.035981
-0.481552
0.869015
-0.703787
-0.868221
-0.132420
0.471786
0.861873
-0.009125
-0.138768
-0.364910
0.537278
-0.279641
-0.119175
0.447188
0.054415
-0.725883
0.084384
0.521043
0.628895
0.974487
0.565355
0.622974
-0.229347
-0.416608
-0.569933
0.020112
-0.593677
-0.657460
-0.556322
-0.098483
0.393414
-0.458296
0.146397
-0.825922
-0.580065
-0.143101
0.728385
-0.835627
0.457808
0.678152
-0.822565
0.991577
-0.450728
0.702506
0.492843
-0.238441
-0.526780
-0.150731
0.842341
-0.577258
-0.477035
-0.440352
0.433576
-0.774285
0.888913
-0.208411
-0.059664
-0.913938
-0.449019
-0.159032
0.535386
-0.340129
-0.523362
0.292154
-0.403912
0.123997
-0.597400
-0.428327
0.332072
-0.701895
0.857356
0.430158
0.941038
-0.840693
-0.722098
-0.177221
-0.773309
0.811396
0.559191
0.747429
-0.877865
-0.849239
-0.996277
-0.624439
0.767510
-0.099338
-0.771599
0.929258
-0.426923
0.069124
-0.107273
-0.243812
-0.270547
0.185705
0.306375
0.934507
0.453475
-0.812616
-0.141087
-0.488571
0.202857
0.019990
0.855403
-0.170324
0.384991
-0.136570
-0.033418
-0.161657
-0.772210
0.274209
0.473922
0.669607
0.879086
-0.115268
-0.840205
-0.391400
0.968322
0.060457
0.563524
-0.584826
-0.093417
-0.820124
0.669790
0.430280
0.023652
0.690725
0.586291
0.009919
-0.432295
0.833064
-0.784722
0.458052
0.978088
-0.594104
0.603626
0.367962
0.081271
-0.876705
-0.623341
-0.542283
-0.636280
0.405805
-0.996277
0.908811
0.040254
0.507797
-0.844172
-0.734916
-0.911191
0.517563
0.261330
-0.207923
-0.817133
0.430097
-0.454268
0.769829
-0.667470
0.852168
-0.748772
-0.632801
-0.881039
0.908017
0.901425
-0.950499
0.573351
-0.280801
0.975707
-0.090365
0.742790
0.710623
-0.967772
0.488021
-0.124973
0.742485
0.551988
0.926389
-0.117893
0.615040
0.120762
0.865413
-0.695608
-0.390179
0.532640
-0.062777
-0.177404
-0.333964
0.600574
-0.859676
-0.100497
-0.168126
0.500534
0.937254
0.818659
0.879330
0.306619
-0.433943
-0.497604
0.894162
0.665090
-0.130589
-0.376995
0.153294
-0.722404
-0.211707
-0.471725
0.409833
-0.703482
-0.148045
0.236366
-0.295450
0.860164
-0.062227
0.449690
0.645375
-0.893674
0.335429
-0.664296
0.010468
-0.657582
-0.164953
0.117893
0.516953
0.856624
-0.242225
-0.994079
0.869259
0.320170
-0.984497
-0.360942
-0.223060
0.938169
0.316568
-0.935606
0.053865
0.979614
-0.715812
-0.934141
0.009308
-0.588366
0.710868
0.994934
0.983886
-0.202002
0.649342
-0.042756
0.417035
0.039521
-0.030854
-0.529588
-0.954527
0.300211
-0.737724
-0.132054
-0.587695
0.624012
0.124302
0.532090
-0.523057
0.543565
0.641285
0.737419
0.145848
-0.770928
-0.133091
0.195166
-0.804804
-0.661550
-0.249062
0.486801
0.767327
0.271584
0.081576
-0.086825
-0.072237
0.301309
0.494003
-0.450362
-0.493637
0.031098
-0.069552
0.634266
-0.294595
0.234230
-0.629749
-0.859920
0.956053
0.158971
0.439802
-0.071749
-0.237709
-0.349528
-0.465560
-0.746941
0.184668
-0.679373
-0.330973
-0.002045
-0.431806
-0.424116
-0.110630
-0.207373
-0.099033
-0.612659
-0.621754
-0.296060
0.625050
0.533738
0.861812
0.574694
0.668081
-0.762444
0.538133
-0.739616
0.653066
0.486801
0.307779
-0.319498
0.934141
-0.955077
-0.378765
-0.675344
0.082614
-0.991394
0.747734
-0.641896
0.590197
0.492721
-0.236732
0.571947
0.107273
-0.494491
0.492538
0.063509
-0.098117
0.462569
0.856075
-0.480026
-0.193701
-0.399518
0.631031
-0.830500
-0.357158
0.773064
-0.339213
0.228126
-0.844600
-0.414411
-0.173254
0.716971
0.327860
-0.314310
0.009919
0.331523
0.513291
0.255104
0.466536
0.746574
-0.156590
-0.728690
-0.907712
-0.978454
-0.631275
0.506943
-0.220496
-0.608448
-0.460494
0.883053
0.718558
0.332621
0.650624
-0.396832
0.812372
0.842280
0.644459
0.077364
-0.049348
-0.265664
-0.998108
-0.311747
0.802240
-0.714835
0.769158
-0.263649
-0.531358
0.130284
-0.440291
0.680960
-0.038423
-0.766655
-0.193579
0.575854
-0.073885
-0.156407
0.267373
0.869015
0.013215
-0.888363
0.068941
0.864376
-0.440229
0.150670
-0.222755
0.430464
-0.455733
0.831599
-0.569994
-0.886410
-0.346294
0.430708
0.857173
0.499496
0.802606
-0.330607
-0.633961
0.372600
0.572985
-0.861751
0.206885
0.153233
-0.749870
0.844478
0.284219
0.438704
0.059481
0.229102
-0.257851
-0.944823
-0.320170
-0.163488
-0.205542
0.917722
-0.913938
-0.642079
-0.261513
-0.759819
0.744560
-0.016083
-0.363140
-0.065767
-0.156896
0.511887
-0.239662
-0.238319
0.424482
-0.063692
0.740410
-0.415265
-0.246498
0.149205
-0.130650
0.961852
0.415876
-0.030671
-0.893735
0.520066
0.639088
0.296915
-0.238624
-0.717399
-0.411969
-0.130894
-0.780755
-0.412763
0.434187
-0.586230
0.598071
0.110752
0.377606
-0.286172
0.683157
-0.550951
0.649770
0.131443
-0.596057
-0.430403
0.668691
-0.830622
-0.541673
-0.841853
0.998901
0.747917
0.335063
0.875057
0.269204
-0.780023
-0.625050
-0.472518
-0.490341
-0.806940
-0.039033
-0.217627
-0.491562
-0.126133
0.400983
0.385113
-0.949583
0.200537
0.910886
0.346782
-0.848994
0.832453
-0.169347
-0.395978
-0.491562
-0.229041
0.635853
0.084201
-0.522507
-0.467452
0.446944
-0.343425
0.993225
-0.975951
-0.354778
0.308756
0.021699
0.540819
0.048616
0.623585
-0.259621
0.277322
-0.510117
-0.567553
0.924558
-0.625599
0.489181
-0.742424
-0.973876
-0.392438
0.105686
0.627064
0.471236
-0.319864
0.360881
0.654347
-0.752556
0.558153
-0.127537
-0.361126
-0.940550
-0.147801
-0.785943
0.534349
-0.036531
0.213477
-0.225501
-0.906003
0.818903
-0.696280
-0.282937
-0.731193
-0.401227
0.287942
0.733634
0.006317
0.722404
-0.630360
-0.017853
-0.413617
-0.149693
0.934019
0.823847
-0.744072
-0.352031
0.399701
-0.764885
-0.883908
-0.029206
-0.484542
0.220679
0.039705
0.095126
0.843806
0.583728
0.124180
-0.106967
0.087924
0.314127
0.226112
-0.671133
-0.444746
-0.279763
-0.568163
-0.572008
0.979431
0.821345
-0.647389
-0.579333
0.159398
-0.003876
0.009430
-0.377056
0.191809
0.927488
0.441633
-0.992431
0.323588
0.468429
-0.498825
-0.156896
0.230506
-0.212500
0.136998
-0.336833
0.946593
0.168004
0.103854
0.828303
0.628956
0.647877
0.486373
-0.906003
0.007721
-0.484664
0.763421
-0.972228
-0.757683
-0.293985
-0.166967
0.955321
0.108860
0.412763
-0.785577
0.102329
-0.244484
0.435163
-0.693777
-0.688772
-0.577929
0.374554
0.957091
0.567248
0.797357
0.019623
-0.059114
-0.013215
-0.732292
-0.077059
0.283303
0.886349
-0.335124
-0.589343
0.137364
0.779412
0.140782
0.622120
0.933531
0.343547
-0.031098
-0.063875
0.446150
-0.454878
-0.334147
-0.372845
0.342143
0.369488
0.697012
0.742119
0.055330
0.938536
-0.631703
-0.489792
-0.119541
0.117832
0.862911
-0.264626
0.869747
-0.122593
-0.141697
0.203833
0.725883
0.195471
0.030183
