-0.324381
0.354778
-0.348918
-0.080111
-0.837519
0.720328
0.892453
0.733146
0.459029
-0.420881
0.199805
0.772759
-0.384869
0.805658
0.876827
-0.825129
0.043916
0.138462
0.775018
-0.298379
0.623096
-0.875179
-0.289468
-0.988525
0.176305
-0.368084
-0.819086
-0.510971
-0.747246
0.236183
0.445601
-0.611621
-0.302408
0.805292
-0.397992
-0.261879
0.359172
0.642628
0.728874
-0.391888
0.712455
0.090182
-0.866024
-0.275979
0.030671
0.157018
-0.189917
0.241920
-0.688528
0.393109
-0.880001
-0.504379
0.284829
0.414289
0.799554
-0.470809
0.065645
0.134495
0.888730
-0.773003
-0.986694
0.437117
0.175939
0.854183
0.843379
0.537584
0.945799
-0.301492
-0.822443
-0.650502
0.544176
0.472274
-0.779046
-0.832148
0.372356
-0.248756
-0.746391
0.980590
0.118992
-0.512986
-0.626637
-0.278176
-0.128147
-0.817438
0.928037
0.778985
0.639576
0.076327
0.574023
0.066195
0.445845
0.303873
0.042573
0.976745
0.456771
-0.030915
0.175024
0.526780
-0.031892
0.938841
0.790155
0.003265
-0.110385
-0.828242
0.946104
0.427839
-0.357646
0.395856
-0.840449
0.149876
-0.744316
0.945128
0.144200
0.880978
-0.738639
0.569567
-0.368816
-0.516831
-0.168615
-0.969665
-0.165685
-0.176000
0.837092
-0.707755
-0.877865
0.009674
-0.676199
-0.873714
0.459639
-0.689566
0.990417
-0.064486
-0.872372
0.089572
0.629017
0.615345
-0.338298
-0.951659
-0.314798
-0.738151
-0.563646
-0.899167
-0.160619
0.540391
0.350932
0.189245
0.768792
-0.473800
-0.714530
0.353496
-0.498276
-0.168737
0.026826
-0.632618
0.125462
0.827509
0.846431
0.253334
-0.874874
-0.299844
-0.651662
0.988769
-0.801447
-0.289834
0.149693
-0.283792
0.938536
0.774163
-0.045747
-0.229835
-0.997070
0.015839
-0.415387
-0.167821
0.898618
-0.740287
-0.466903
-0.471847
-0.521836
-0.015290
0.594592
-0.220862
0.947691
0.981445
0.144139
0.218360
0.245033
-0.392621
-0.378094
0.987548
0.521470
0.452315
-0.212928
-0.775750
-0.881283
0.226112
0.669057
-0.446272
-0.692984
0.681936
-0.777398
0.896420
-0.888913
0.386700
0.917356
0.904782
-0.638844
-0.847591
0.042879
0.341533
-0.746391
-0.060396
0.074496
0.711783
-0.185949
0.045808
-0.008515
-0.538682
0.442488
0.392132
-0.331950
0.054415
0.485885
0.719779
-0.466048
-0.757988
0.570971
-0.490768
0.066622
0.835017
0.535752
0.434797
0.491989
-0.187048
0.912595
0.165929
0.559862
-0.557787
0.023835
-0.669668
-0.955321
-0.364360
-0.624561
-0.182470
0.053865
0.665517
-0.724967
-0.348186
0.186438
-0.256630
-0.723258
0.004425
-0.983459
-0.141087
0.304056
-0.773309
-0.840083
-0.170324
-0.307657
-0.352031
0.672903
-0.644642
-0.261574
-0.808588
0.345134
-0.612232
0.622669
-0.792352
-0.549730
-0.869503
0.661122
-0.032258
0.496323
-0.020600
-0.266091
0.629749
0.673818
-0.283059
-0.048982
-0.510544
0.159276
-0.726188
0.619556
-0.670400
-0.488449
-0.890133
-0.425886
-0.321207
0.048311
-0.662648
-0.067293
0.793146
-0.752556
-0.527207
0.341411
-0.826899
-0.940428
-0.828181
0.824274
-0.571764
0.339091
0.218299
0.500229
0.301492
-0.754753
-0.495895
-0.699942
-0.333293
-0.112033
0.987671
0.074129
0.311136
0.152684
-0.175207
-0.345134
-0.684622
0.809931
0.112156
0.886227
0.844050
-0.435347
-0.322428
-0.779412
-0.841914
-0.582263
0.107700
-0.551500
0.734123
0.470687
0.198279
-0.807550
0.806879
-0.210730
-0.483505
0.857112
0.630909
0.835688
-0.096347
-0.129368
0.803705
-0.537523
0.232459
-0.677236
-0.068209
-0.778314
0.730644
0.879391
0.972167
0.380779
0.183020
0.424970
0.553026
-0.792352
0.325541
0.131626
-0.981262
0.665517
0.747429
-0.984375
-0.848262
0.039705
0.582812
-0.954649
0.283486
0.176305
0.562059
-0.439314
0.317728
-0.298685
0.434370
0.176611
-0.103183
0.975890
0.662282
0.904660
-0.771111
-0.765862
0.888424
-0.275124
-0.627613
-0.494064
0.235572
0.764580
-0.301248
0.307901
0.318766
-0.447981
0.713553
-0.332682
-0.576037
-0.286111
0.617725
0.040620
0.003632
0.793268
0.799005
-0.311869
0.800897
-0.376690
0.754448
-0.930662
-0.084933
0.261452
0.668386
-0.180700
0.121555
-0.556688
0.142369
0.870174
0.757561
0.444563
-0.301004
-0.720389
-0.512925
0.073641
0.236915
0.328593
0.257302
-0.984741
0.643239
0.451338
0.283120
0.218665
0.961364
-0.440168
-0.298441
-0.305460
0.617664
0.325358
-0.778375
0.145360
0.523545
0.979247
0.727165
-0.518906
0.197913
-0.803644
-0.500656
-0.539842
-0.325419
-0.377606
0.359966
0.340983
-0.992615
0.608570
-0.282632
0.434980
-0.814508
0.715690
0.303873
0.533494
-0.728751
0.550523
-0.082492
0.825251
-0.426557
0.496384
-0.903012
0.397626
-0.332072
-0.099155
0.722037
-0.259560
-0.921384
0.283059
0.814447
0.504013
-0.569079
0.123203
0.247414
0.411420
-0.109348
-0.203955
-0.719779
-0.462203
0.700186
0.211951
-0.731315
0.555284
0.625111
0.221839
0.183508
-0.568651
0.807184
0.887204
0.633351
0.610584
-0.949767
-0.438459
0.703848
-0.252663
0.708792
0.040132
0.925535
0.051668
-0.936583
0.645436
-0.316691
-0.688833
0.924558
-0.571581
0.379864
-0.349101
-0.082186
0.508774
0.665334
-0.905881
0.052461
0.621632
-0.954161
0.986694
-0.301248
0.434614
-0.816218
0.346171
0.788446
0.196265
-0.798395
-0.799127
-0.949644
-0.981994
0.302225
-0.021699
0.093966
0.181188
0.282937
-0.992798
-0.847713
0.543321
0.402570
-0.804010
-0.701651
-0.246864
0.473434
-0.051424
-0.053804
-0.309244
-0.775384
-0.618336
0.449751
0.181738
0.516160
0.905087
0.612049
0.720573
0.154881
-0.772515
0.916746
-0.975036
0.480209
-0.148412
0.295022
-0.265603
0.765496
-0.881649
0.240150
-0.031953
0.748527
0.866146
-0.917966
-0.733757
-0.396405
-0.428938
-0.765435
-0.449080
-0.332865
0.387066
-0.771905
0.084628
-0.769829
0.084445
-0.660390
-0.950926
-0.290689
0.721183
0.633045
-0.718986
-0.490707
-0.605884
0.221900
-0.266640
-0.607837
0.801508
0.567919
0.830988
-0.853084
0.507920
-0.373699
-0.716849
0.427656
0.195227
-0.348064
0.916379
-0.519822
-0.064913
0.626820
-0.912046
-0.337199
0.361248
0.078524
-0.754326
0.516465
0.198950
0.232398
-0.807123
-0.739982
-0.841975
0.092257
-0.375652
-0.777825
-0.748589
-0.520188
-0.161473
-0.322977
-0.691275
0.715262
-0.224891
0.062227
0.799738
-0.697562
0.182531
0.929014
-0.126072
0.723807
0.408185
-0.211219
0.793695
0.835017
0.442854
0.724479
-0.421369
-0.125095
-0.458541
0.676626
0.034333
0.700919
0.394879
0.196081
-0.748527
0.382855
0.071383
0.831172
0.855892
0.223731
-0.709159
-0.591357
0.116428
0.645741
0.592639
-0.310343
-0.040925
0.347087
0.960692
0.688650
-0.905942
-0.778008
-0.531358
0.834284
-0.681143
0.176000
-0.493393
-0.321146
0.059420
-0.942808
-0.190283
0.081454
-0.787835
0.380230
0.813044
0.361675
0.349528
-0.039705
-0.244667
-0.563768
-0.649281
0.487899
-0.967589
-0.456465
0.984375
-0.669607
-0.026521
-0.230079
-0.736076
0.952147
0.118015
0.705191
-0.639882
-0.866756
0.637562
-0.297830
-0.068514
0.432905
-0.016999
-0.084933
0.136021
-0.872188
-0.929380
-0.158300
0.666616
0.968322
0.162816
-0.005707
0.112827
0.342753
0.622120
-0.299844
-0.751762
-0.333720
-0.002350
0.929991
-0.694205
0.803217
-0.994324
-0.393841
-0.695486
-0.661855
-0.032380
0.728202
0.488998
-0.492965
-0.733329
0.307169
0.945067
0.600269
-0.611988
-0.615162
0.453413
0.203223
-0.898190
-0.154515
0.644093
0.225196
-0.645253
-0.063692
0.514573
0.110752
-0.801386
-0.152135
0.373089
-0.256081
0.939451
-0.013337
0.270669
0.160131
-0.621021
0.064241
-0.016266
0.296731
0.634877
0.315348
0.610034
0.455000
-0.479232
-0.843013
0.840510
-0.264748
-0.949705
0.602344
-0.030854
-0.743645
0.718925
-0.260170
0.703848
-0.026154
0.856868
-0.407636
-0.159642
0.907346
-0.859615
-0.332987
-0.137486
0.591174
-0.017487
-0.490951
-0.470199
-0.440107
0.511704
-0.427717
0.516831
0.681753
0.057833
0.718558
0.165136
-0.848445
0.376812
0.658071
-0.588733
0.957518
0.111057
0.644154
-0.046724
-0.368328
-0.214087
0.734306
-0.282693
0.099399
-0.486679
0.929930
0.688406
-0.561937
-0.035676
0.507797
0.166173
-0.641102
0.174230
0.855098
-0.490463
0.223792
0.742119
-0.840327
-0.568285
-0.590258
-0.013031
0.997803
-0.091342
-0.166478
-0.965880
-0.058382
0.808466
-0.550890
-0.476241
0.477584
-0.405011
-0.469955
0.111606
-0.399335
-0.131321
0.549608
0.556566
0.478622
0.084201
-0.528977
-0.729972
-0.717399
-0.953734
-0.739433
0.057100
-0.054903
0.948607
0.435469
0.259133
-0.736259
0.568712
-0.540269
-0.014679
0.964049
0.907651
0.077670
-0.134556
-0.298441
0.315226
0.454756
0.054598
0.319926
-0.030793
-0.233497
0.895871
0.673635
0.654530
-0.665273
-0.980163
-0.669240
0.906064
-0.163182
-0.324931
0.466781
-0.422468
-0.428022
-0.744438
-0.737968
0.898312
-0.458968
0.402448
0.116123
-0.919370
-0.126743
-0.571703
0.990783
0.541307
0.616382
0.514634
0.681021
0.797784
-0.718497
0.282144
0.565600
0.103549
0.218421
-0.738212
-0.149998
0.883847
0.527635
0.038850
0.641102
-0.965514
0.428449
0.000214
0.097690
0.147252
-0.368450
-0.697623
-0.148656
0.831355
-0.472457
-0.432295
-0.643666
-0.567186
-0.245766
-0.496078
0.014130
0.347148
0.097324
-0.201086
-0.761528
0.254494
-0.700919
0.597583
0.275491
0.911374
-0.174230
0.123020
0.589282
0.678335
0.263405
0.005219
0.127110
0.202795
0.201514
-0.661306
-0.224403
0.462630
0.840144
0.812311
-0.679128
0.097018
-0.868648
0.134190
-0.774773
-0.596973
0.269265
-0.787286
-0.467391
0.793023
0.339030
0.757988
0.215674
-0.958678
-0.060457
-0.795587
0.276406
0.841609
0.591052
0.738884
-0.086520
-0.528062
0.739921
0.534654
-0.931639
0.571520
-0.825922
-0.243751
0.470870
-0.486923
0.661122
-0.104831
-0.158910
-0.988891
-0.379009
-0.999390
-0.474105
0.081759
0.647328
-0.632374
-0.392743
0.844356
-0.312418
-0.756279
0.159093
0.826838
0.697562
0.118870
-0.625904
0.189917
-0.420942
0.158910
0.407086
0.011383
0.217322
-0.653615
-0.692740
0.613758
0.426740
0.891354
-0.514878
-0.353862
0.620411
0.473373
0.144871
-0.234046
-0.985656
-0.121372
-0.375896
-0.128269
-0.410199
0.594165
0.861629
-0.051119
0.032624
-0.079196
-0.693289
0.591784
-0.869869
-0.830500
-0.936460
-0.736808
-0.243995
0.500839
0.217017
0.355693
-0.981567
-0.027802
0.748589
-0.884762
0.102512
-0.645314
0.529466
0.491379
0.306314
0.281716
-0.472335
0.975219
-0.029878
-0.707938
0.707022
0.488266
0.220923
-0.669790
0.481674
-0.291849
-0.784478
-0.181127
-0.004242
0.629749
0.857112
-0.002533
-0.520859
0.215003
-0.204138
0.694815
-0.947264
-0.123569
-0.471419
-0.243751
-0.140477
-0.825922
-0.593066
0.029633
-0.353923
0.998596
-0.630299
0.867672
-0.152684
-0.434797
0.209510
0.577319
0.488632
0.959227
0.186987
-0.290139
0.005890
0.294290
-0.194067
0.569628
-0.231849
0.546678
-0.439619
0.056368
0.202307
-0.745537
0.467025
0.483566
0.186316
-0.742363
0.195410
-0.144688
-0.329997
0.800165
0.608203
0.611927
0.247658
-0.570116
-0.475936
-0.409040
-0.475692
0.774712
0.516160
-0.116672
-0.201147
-0.375103
-0.442915
0.145726
0.375652
-0.755791
0.325602
-0.246132
-0.182287
-0.739006
0.984802
0.612232
-0.546190
0.396771
-0.597034
0.422224
0.452132
0.496017
-0.470870
-0.761345
-0.227821
-0.081088
-0.963317
-0.390179
-0.690786
-0.640004
0.747429
-0.375958
-0.458541
0.154942
0.293008
0.989807
-0.005524
0.138218
-0.127293
0.163549
-0.165929
-0.885861
-0.363689
0.270730
0.900754
-0.996277
0.937376
-0.032441
0.498032
0.729301
-0.490524
-0.121494
0.247169
0.900571
0.102634
0.688040
0.320902
0.363750
-0.914365
0.344279
-0.631581
-0.323832
0.271584
-0.048189
-0.555712
-0.430342
-0.221412
-0.784112
0.253822
-0.535630
0.737907
-0.432051
0.027375
0.095920
-0.337626
0.310099
-0.663869
-0.681753
-0.712333
-0.657949
-0.838618
-0.854610
-0.301859
-0.967467
-0.469100
-0.907163
0.551134
0.797601
0.033479
-0.116550
0.210547
0.948485
0.525376
0.578112
0.603992
-0.628468
-0.659413
-0.804743
-0.581774
-0.397198
0.426191
-0.118686
-0.180944
-0.140599
0.954161
0.693838
-0.609363
-0.409467
-0.994751
-0.939390
-0.032075
-0.889340
-0.166723
0.977660
-0.685720
0.877071
-0.174657
-0.794671
-0.964660
0.466292
0.569201
0.932249
-0.747246
0.787469
-0.482589
-0.144078
0.664602
-0.461165
-0.788690
-0.173009
-0.236000
-0.450117
0.693350
0.884030
-0.922788
0.317789
-0.213172
0.853633
-0.906125
-0.535875
-0.159154
0.966124
-0.329142
-0.003571
0.428816
-0.290750
0.721061
0.053377
0.533738
-0.017304
0.999512
-0.338237
0.125523
-0.384198
0.800226
0.382000
0.929991
0.311441
-0.624866
0.706839
-0.298929
-0.922422
0.888668
-0.422224
0.310709
-0.789727
-0.280496
0.058931
-0.033967
0.889340
0.922910
-0.799738
0.115085
0.450056
0.665395
-0.016449
-0.332804
0.504868
0.444929
-0.087924
-0.248512
-0.802728
-0.091586
-0.191931
-0.525864
0.989135
0.079318
0.374737
0.342021
0.147191
-0.191565
-0.883297
0.748039
0.888180
-0.740715
-0.648793
-0.193884
0.906186
-0.758660
0.196387
-0.436567
-0.875301
0.203528
0.428999
-0.122471
0.624989
-0.299783
-0.268593
-0.762871
0.811945
0.142613
-0.007721
-0.102634
-0.118686
-0.352641
-0.250710
0.582324
-0.349834
-0.204260
0.161840
-0.896298
-0.187231
0.592212
-0.184118
0.196692
-0.973022
0.097140
0.923887
-0.829585
0.499374
0.559313
0.480636
-0.259194
0.314188
-0.827326
0.939879
0.996216
0.596850
-0.042390
-0.043123
0.514145
0.546800
-0.433454
-0.133518
-0.256569
0.218848
0.164098
0.142308
-0.020295
0.509812
-0.282510
-0.073824
0.127781
-0.929563
0.509384
-0.335795
-0.032502
0.206641
-0.314127
0.727409
-0.043184
-0.169652
0.652455
0.016327
0.293802
-0.475387
-0.870296
-0.665212
-0.080660
0.784051
0.682180
-0.528916
0.774529
0.312601
-0.468429
-0.410260
-0.375958
0.692434
-0.531114
-0.543748
-0.625782
0.791009
0.675222
0.424543
-0.110813
0.994934
-0.733818
-0.666005
0.543382
-0.495468
-0.628346
0.729545
-0.718986
0.051851
0.562181
-0.446028
-0.963500
0.135533
0.436384
-0.971435
0.903378
0.917600
-0.819086
0.807672
-0.327738
-0.141453
-0.084689
0.029878
-0.563707
-0.846797
0.638112
-0.027009
0.574206
0.029450
-0.395978
-0.754631
0.425520
-0.026582
0.724357
-0.689871
0.969726
0.942503
0.158666
0.902707
-0.178808
-0.370769
-0.607532
0.906674
-0.146031
-0.161412
0.516953
0.248085
-0.232948
0.040925
0.823603
0.372723
0.904172
0.163121
-0.342448
0.867061
0.639576
0.680715
0.796258
-0.213355
-0.356731
0.073336
0.333110
-0.745659
-0.663076
0.619617
0.284646
-0.110019
0.854427
0.196692
-0.268227
0.634816
0.945616
0.340373
0.309977
-0.467025
0.244667
0.638417
-0.141636
0.032929
-0.108188
0.510056
-0.957762
0.369854
0.359294
0.033418
0.760857
-0.972716
0.255898
-0.277017
-0.848262
0.804010
0.745842
-0.916746
0.006989
-0.846919
-0.213965
-0.796258
-0.589648
-0.816584
0.367901
-0.744072
0.410993
-0.942442
-0.925108
-0.724479
0.082369
0.246132
0.269631
0.851802
0.009796
0.235145
0.221473
-0.006684
-0.668386
0.815241
0.489364
0.231910
0.290017
0.515427
0.869747
-0.973327
0.961364
0.744255
-0.775933
-0.467635
0.664052
0.199927
0.497848
0.399091
-0.372417
-0.887204
0.243080
0.421552
-0.803034
-0.117527
0.957518
0.837580
-0.615162
-0.328532
0.552416
-0.891964
-0.416791
-0.480758
-0.737602
-0.528184
-0.751274
-0.462691
0.308573
0.598804
0.372600
0.749565
0.628040
0.650929
0.547777
-0.860836
0.834101
0.206336
0.447371
0.465682
-0.239967
0.109043
0.524583
-0.587024
-0.224586
0.307169
0.748650
-0.366619
0.393902
0.741813
0.187719
0.247108
0.279031
0.349223
0.252846
-0.637623
-0.916623
-0.761101
0.413312
0.177404
-0.606555
0.109775
0.198462
0.226417
0.506027
-0.032807
0.296304
-0.666982
0.489486
0.203284
0.562487
0.833613
-0.577319
0.103183
-0.247780
-0.368633
0.822748
-0.160802
0.934446
-0.353191
-0.125095
0.016083
0.368816
0.723319
-0.801996
-0.170385
0.755486
0.054048
-0.684133
0.415082
0.507370
0.189062
-0.116733
0.847468
0.020112
0.688650
-0.021577
-0.340434
0.654653
0.482589
0.773675
0.933897
-0.722526
-0.721366
0.859371
0.210303
-0.288919
-0.277261
0.839839
0.191809
0.548753
-0.191565
-0.669851
0.986450
-0.018769
0.904538
-0.525864
-0.160375
-0.758477
-0.045991
0.822687
-0.824580
0.382855
0.200720
0.715690
0.404584
-0.782708
-0.602405
-0.769097
0.919797
0.468856
0.528550
-0.988891
-0.727348
0.138462
-0.309244
0.283120
0.663320
0.335551
0.028108
0.380047
-0.637745
0.320109
0.282632
0.080844
0.943968
0.635975
-0.298135
0.078219
-0.015046
-0.293497
-0.436689
-0.112033
-0.678396
0.519700
-0.968566
0.512375
-0.161168
-0.902341
-0.761834
-0.830195
-0.998108
-0.434980
0.890072
0.673391
-0.954772
-0.374187
-0.155797
0.882260
0.969115
-0.735282
-0.768426
0.202368
-0.622242
0.482040
-0.402875
-0.989563
0.385540
0.877377
0.467330
0.751152
-0.465682
0.892758
0.856685
-0.236549
0.686392
0.314005
-0.880367
0.199866
0.131260
0.664846
-0.553514
0.587756
0.901242
-0.757012
-0.682546
0.835322
0.265847
-0.929930
-0.775201
0.506821
0.077486
0.149571
-0.521714
0.826044
-0.835322
0.755730
-0.095492
0.609668
-0.711539
0.121860
0.253212
-0.758538
-0.699149
-0.462996
-0.678518
-0.134739
0.978942
-0.907285
-0.027985
-0.082797
-0.824396
-0.784051
-0.234840
0.756584
-0.698355
-0.201209
0.839045
0.337138
0.345073
0.739189
0.564135
0.569445
0.250649
0.703482
0.128025
0.687551
-0.038301
-0.075228
-0.251747
0.931761
-0.956359
-0.151463
-0.264748
0.122776
0.998596
0.805109
0.465926
-0.397565
0.755425
-0.477279
0.337077
0.821223
0.399091
-0.978881
-0.585070
0.510788
0.613453
-0.221778
-0.589526
-0.348125
-0.993957
-0.036225
-0.736747
0.045198
-0.936827
0.702322
0.353191
0.753716
-0.679922
-0.164525
0.089816
-0.407697
0.228675
-0.401166
-0.533494
-0.519150
0.506821
-0.540574
-0.201514
0.326212
-0.105869
0.925047
-0.456587
-0.156896
0.655019
0.139500
-0.233253
0.247414
0.510117
-0.924558
-0.186438
-0.385357
0.152257
-0.863155
-0.249733
-0.528306
-0.597583
0.394208
-0.861507
-0.091464
-0.896359
-0.603565
0.703177
0.175939
-0.015961
-0.903684
0.457503
-0.460433
0.017426
-0.476302
0.761650
-0.998047
-0.641224
0.870235
0.482223
-0.922117
0.385235
0.010956
0.997620
-0.074190
0.478805
0.325846
0.642506
-0.008026
0.528489
-0.285989
0.867733
0.949095
-0.531968
0.450728
-0.935301
0.260109
0.966674
0.578967
0.174657
0.204688
0.412336
-0.350993
-0.898923
0.034761
0.034944
0.618274
-0.845332
-0.428388
0.585192
0.723441
0.496689
-0.229835
-0.917417
-0.862117
-0.565538
-0.932005
-0.466048
0.227027
0.304056
-0.681875
0.398663
0.213355
0.326273
0.139927
0.772210
0.064608
-0.608020
-0.972411
0.963805
0.416608
-0.096774
-0.827082
-0.837703
-0.655690
-0.113987
0.017304
-0.325053
0.792535
-0.930052
-0.581591
-0.451643
0.479354
0.183752
-0.801691
-0.089084
-0.094760
0.882687
0.758538
0.638844
-0.460677
-0.982604
-0.366619
0.868221
0.215430
0.093478
-0.275124
0.139683
0.161046
0.561327
-0.202734
0.330485
-0.994385
0.100314
0.622425
-0.863155
-0.221656
0.410810
-0.858638
-0.829585
-0.841853
-0.241432
0.902280
-0.270608
0.195105
-0.208716
-0.482467
-0.691092
0.492782
-0.342570
-0.355693
-0.088107
-0.576586
0.814386
-0.657643
-0.777276
0.363262
-0.359661
0.124729
-0.202063
0.900998
-0.982604
0.011261
0.702383
-0.495224
-0.210120
-0.987487
0.551317
-0.967040
-0.859676
0.562426
0.859737
-0.110446
-0.802484
0.591906
-0.078341
-0.009735
0.820734
0.562853
-0.613758
-0.986206
0.095859
-0.065218
-0.775384
0.108127
-0.460860
0.495590
-0.939634
0.362468
0.569689
-0.843257
0.925779
-0.550462
0.814570
-0.521470
-0.494308
0.135166
0.808344
0.021393
0.933409
0.181188
-0.350505
0.039033
0.198462
0.223548
0.176428
-0.286233
0.231239
0.047029
-0.774468
-0.942808
-0.008515
-0.740165
0.450850
-0.598010
-0.238807
0.482955
0.525071
-0.063997
0.291910
0.981079
0.806024
-0.022980
0.556322
-0.549364
-0.856380
-0.880490
0.479415
0.557115
-0.195410
-0.457808
-0.876461
-0.875179
0.501328
-0.867794
-0.575854
0.459456
0.297342
0.676870
0.076449
0.610034
0.771966
0.118503
0.221412
-0.433943
-0.661550
-0.619678
0.914975
0.292215
0.211585
-0.682424
-0.859737
0.049654
-0.209937
-0.638478
0.674001
0.440474
-0.323038
0.417158
-0.325419
-0.013031
-0.723197
0.577380
-0.725455
0.058565
0.071200
0.966063
0.404157
0.193213
-0.025239
0.022248
0.188330
-0.013703
-0.961486
-0.461226
-0.918271
0.277444
-0.651784
0.766900
-0.195471
0.251320
0.910215
-0.100314
0.141270
0.461287
-0.583850
-0.752434
0.933592
-0.329386
-0.100497
-0.583239
-0.544847
0.963317
-0.345866
0.805109
0.851802
-0.762932
-0.483505
0.780328
0.089022
0.194128
0.435835
-0.526109
0.610340
0.545518
0.235084
-0.355266
-0.397443
-0.488571
0.272561
-0.700247
0.242042
-0.504379
0.038606
0.337016
0.142979
0.171545
0.097018
0.235206
-0.768059
-0.458052
-0.891415
0.726371
0.201086
-0.419416
-0.152013
-0.533860
0.633045
-0.050874
-0.070345
-0.839412
0.072726
-0.490951
-0.280068
-0.320109
0.698416
0.719901
-0.440962
-0.674490
-0.711844
0.270547
-0.405622
-0.835322
-0.617969
-0.777276
0.503586
0.409345
0.627247
0.198523
-0.501022
0.487106
-0.267678
0.517930
0.414106
-0.483688
0.561571
0.559557
0.983642
-0.329936
0.708670
-0.153661
0.031770
0.331095
0.911863
-0.404340
0.679373
-0.216102
-0.879025
-0.996155
-0.395611
0.032807
0.611805
0.220740
-0.381146
-0.217505
0.118931
0.693106
0.437300
-0.629749
0.103610
0.622730
0.855647
-0.271706
-0.552660
-0.875668
0.738334
0.756401
0.633839
0.935606
0.040254
0.443525
0.481429
0.867855
0.478927
0.861080
-0.647572
-0.981811
0.978454
0.092502
-0.197363
-0.045259
0.316324
-0.449385
-0.389935
-0.313883
-0.536363
-0.978698
0.364055
-0.439497
0.132359
-0.609363
-0.678701
0.587207
0.091464
-0.753594
-0.941343
-0.191015
0.816156
-0.968688
0.643361
-0.071871
0.030732
-0.106296
0.666738
-0.360027
0.709159
0.936399
0.746879
0.451094
-0.905698
-0.592334
0.206030
0.192114
-0.699576
-0.853999
-0.012665
-0.340007
-0.941038
-0.409345
0.871517
0.216590
0.172216
0.671743
0.057344
0.750908
0.236061
-0.174780
-0.293191
-0.355449
0.234169
0.671865
-0.255531
-0.928526
-0.708487
-0.054903
-0.707633
0.579455
-0.027131
-0.694388
-0.061007
0.681204
0.316568
0.360942
0.767937
0.398114
0.538926
-0.732231
-0.108188
-0.206275
-0.852535
-0.237526
-0.674551
-0.897214
-0.699515
0.331950
0.722343
-0.978088
0.936460
0.076327
-0.962951
0.922666
0.234657
0.575243
0.251320
0.149327
0.503037
0.070956
-0.301248
0.165014
0.014374
-0.720145
0.632618
-0.642628
-0.970946
-0.854060
-0.070101
-0.682730
0.297891
-0.152379
0.363323
0.402264
-0.715690
-0.628773
-0.834040
-0.601794
-0.513474
0.963683
0.039399
0.588855
-0.299112
-0.553148
-0.758965
0.559740
0.107517
0.010590
-0.305338
0.007843
-0.500229
-0.546007
-0.334635
-0.565416
-0.713065
0.732658
-0.293008
-0.355876
-0.699271
-0.480758
-0.477279
-0.243202
0.655934
-0.850215
-0.890683
0.862972
-0.162816
-0.186071
0.244057
0.675527
0.512009
-0.278481
-0.955809
-0.102695
0.451399
0.527573
-0.332926
-0.605884
0.798517
-0.238807
0.789605
0.555712
0.247353
0.571215
-0.222633
-0.496567
-0.342448
-0.958312
0.354228
0.959227
-0.295755
0.799554
-0.509995
0.586352
-0.495895
0.000885
0.149937
-0.399396
0.181921
-0.199866
0.894406
0.569994
-0.028840
0.322916
-0.915159
-0.103122
-0.482101
-0.568285
-0.485336
0.326823
0.320109
0.935118
0.291665
0.764153
-0.857112
0.864620
0.692862
-0.812983
-0.189734
0.380413
0.078524
-0.254250
0.497421
-0.131748
-0.778924
0.738029
0.546190
-0.209876
-0.182470
0.163182
-0.275735
0.601550
0.225013
0.779351
-0.729362
-0.952391
-0.177953
0.607715
-0.350444
-0.849116
-0.957091
0.321146
-0.363445
-0.797418
0.919675
0.666799
-0.700430
-0.929807
0.717765
0.737236
0.436445
-0.865047
0.696890
0.900998
-0.967956
-0.830805
-0.115696
0.247841
0.636036
0.469161
0.757317
-0.929868
-0.143712
-0.447188
-0.024995
0.201514
-0.370159
0.737907
-0.771111
-0.026582
0.003449
-0.778314
0.836421
0.402936
0.815973
0.796625
-0.666738
-0.640126
0.747063
0.053926
-0.015900
0.926511
-0.338420
0.487167
0.442427
0.536729
-0.527085
0.708792
-0.039338
-0.951353
-0.911435
0.552049
-0.027497
-0.035920
0.000092
0.550951
0.608448
-0.753716
0.080477
0.798578
-0.408918
-0.452254
0.150487
-0.502792
-0.727714
-0.339457
-0.107089
0.512619
-0.549242
0.135899
0.569750
0.243873
-0.034944
0.250465
-0.576342
-0.876949
-0.554247
-0.172704
0.796991
0.217444
-0.756462
0.271218
-0.941343
-0.884457
0.595569
0.541673
0.585803
0.805414
0.091891
-0.788079
-0.533372
-0.803156
0.727409
0.125645
0.473983
-0.737968
-0.946287
-0.755058
0.869625
-0.291543
0.264321
0.814753
-0.395917
-0.369243
0.530808
0.719718
-0.526841
0.291177
0.772576
-0.990539
0.793817
0.341533
0.839106
-0.604175
0.162084
-0.201147
-0.025178
-0.464827
0.856075
-0.911985
0.244484
0.908506
0.445235
0.462569
-0.304727
0.111972
0.169591
-0.039216
-0.057100
0.369549
-0.348918
0.304605
-0.698355
-0.918699
-0.500961
-0.232154
-0.980651
0.219153
-0.626881
-0.197424
-0.614002
-0.617420
0.065401
0.259926
-0.834468
0.327494
-0.835200
0.803583
-0.925169
0.779717
0.866146
-0.266518
0.562792
0.495468
-0.514634
-0.311991
-0.936766
0.337382
-0.754265
0.537950
-0.985534
0.310099
0.894772
0.222144
0.014313
-0.851924
0.716117
-0.229163
0.310892
-0.511643
0.498947
0.030793
0.665456
-0.691519
0.026337
0.067293
-0.784112
-0.513474
0.645619
-0.183630
0.987793
-0.854122
-0.516404
0.638600
-0.144139
-0.402081
0.868954
0.528001
0.292154
0.694876
0.523301
0.561693
0.351115
0.405072
-0.791803
-0.839106
-0.367473
-0.576220
0.529099
0.317972
-0.989135
-0.368694
0.038728
-0.088168
-0.698172
0.211524
0.903684
-0.106479
0.247902
-0.006439
0.995483
-0.603687
-0.100497
-0.426191
0.388714
-0.737114
0.245277
0.798822
0.690054
-0.800287
-0.545640
0.140049
-0.364666
-0.211341
0.566271
0.055269
0.520371
0.136204
-0.167333
-0.620472
-0.975524
-0.350017
0.841792
-0.185461
0.992859
0.944273
-0.361431
0.578417
-0.263039
0.186865
0.403180
0.027863
0.418012
-0.861751
0.760247
0.065889
0.074129
0.253029
-0.834895
0.146641
0.855464
0.483077
-0.803278
0.691031
-0.317850
-0.618580
-0.241676
0.724174
-0.690542
0.787530
0.603504
-0.450911
-0.898862
-0.429975
0.912290
-0.732963
0.174352
-0.810968
0.981201
-0.041475
0.378277
0.824335
0.088290
0.336894
0.929380
0.375774
0.597339
-0.313028
-0.648305
-0.680532
-0.637989
-0.098300
-0.915647
-0.279763
0.494125
-0.571764
-0.040925
0.065096
0.556688
-0.062410
0.375225
0.878719
0.246254
-0.471358
0.035737
-0.556139
-0.374676
-0.719718
0.208716
-0.730216
0.968566
0.867611
-0.507920
0.001068
0.284158
-0.512864
0.358196
-0.918638
-0.425825
0.564623
-0.181005
-0.516831
0.895077
0.386639
0.908689
0.463424
0.281961
0.494858
0.617176
0.127232
0.598498
0.855098
0.031037
-0.294961
-0.625355
0.990051
-0.343242
0.199805
0.696219
-0.791681
-0.466048
-0.533799
-0.793634
-0.731864
0.555589
0.401105
-0.715751
0.817255
0.345561
-0.916501
-0.490707
-0.111362
0.926389
0.828913
-0.864254
0.458357
-0.327555
0.237831
-0.341594
-0.903562
-0.466597
-0.582080
0.833430
0.413984
0.088412
-0.557909
0.915098
0.614856
-0.004059
0.676992
-0.847285
0.467635
0.400494
0.245766
0.949156
-0.391156
-0.141820
-0.189367
0.694693
0.290323
0.345073
-0.099460
0.339702
0.541551
0.909665
0.628712
-0.149266
-0.424421
0.532579
-0.967162
0.034150
-0.499008
0.755608
-0.611438
-0.476241
-0.958739
-0.356975
-0.795160
-0.537767
-0.423017
-0.362835
-0.116977
-0.664724
0.537217
0.871456
-0.799493
-0.236366
-0.215003
0.501999
-0.731437
-0.566393
-0.286843
-0.377117
0.236305
0.605945
-0.051668
0.324137
-0.282937
-0.210913
0.386334
0.458174
0.740776
-0.867733
-0.960814
0.674734
0.898007
0.244179
0.941588
-0.711356
-0.095126
0.671194
0.657765
-0.458113
0.479293
0.896725
0.958556
0.836421
0.110385
-0.470687
0.658498
0.342265
0.916379
-0.267739
0.425581
-0.005646
0.020966
0.967040
0.376385
0.729179
0.490890
-0.492660
0.268715
-0.535569
-0.474105
0.988525
0.104038
-0.709037
0.525742
-0.118137
-0.046663
0.010224
-0.574023
-0.041597
-0.472579
-0.516099
-0.704520
0.802240
-0.664357
-0.059359
0.411420
0.452376
0.153539
0.283975
-0.927305
-0.866085
0.764458
0.509140
-0.918882
0.442976
0.635670
-0.270119
0.909665
0.544664
-0.567797
0.445296
0.211524
-0.049165
0.151036
0.699332
0.556017
0.560045
-0.022675
0.604968
-0.420209
0.659474
0.676870
0.049776
-0.927671
0.589099
-0.664907
-0.272561
0.102023
0.994263
-0.743034
-0.311319
-0.381024
0.494736
-0.160558
0.974670
-0.194067
0.366253
-0.771477
0.893979
-0.399274
-0.849422
0.574816
-0.492172
-0.034455
0.680044
-0.301675
-0.116001
0.428571
0.020478
0.977111
-0.317118
-0.478866
-0.908750
-0.730461
0.601611
0.113010
0.069674
0.685842
0.539476
0.525437
0.014740
0.018281
0.967895
-0.000885
-0.017060
-0.354656
0.276711
-0.852901
0.981140
-0.279946
-0.165136
0.332438
-0.678091
0.871395
-0.362163
0.655934
0.149205
0.752373
-0.076205
-0.557176
0.858272
0.978393
-0.333781
-0.984375
0.055208
0.691763
-0.538926
0.283303
-0.075289
0.957579
0.571825
0.458907
-0.746391
-0.132725
0.023835
-0.780633
-0.920408
0.239113
0.375103
0.618824
0.447554
-0.002899
-0.829646
-0.079257
-0.526109
-0.099704
0.867061
0.693228
-0.355998
0.678579
0.927183
0.386334
-0.712821
0.069552
0.789972
0.626759
0.665029
0.102084
-0.458113
-0.988647
-0.889767
0.669607
-0.710013
-0.065279
0.278848
0.023774
-0.370647
-0.151341
-0.769707
-0.259499
-0.589099
0.297647
0.833125
-0.028901
0.330607
0.766655
0.253151
-0.091769
-0.960326
-0.904843
0.762566
0.460067
-0.335612
-0.390851
0.756951
0.401593
0.585253
0.408124
0.346965
0.949767
0.717215
-0.712027
-0.845943
-0.926817
-0.995178
0.390912
-0.106235
0.679189
-0.240272
0.018281
0.584643
0.331584
-0.662160
0.822810
0.121128
0.173009
-0.441816
0.131993
-0.853267
-0.922788
0.791803
-0.759880
0.158483
0.439192
0.023896
-0.976012
0.286355
-0.061068
0.460372
-0.415632
0.839839
0.834712
-0.364055
-0.333659
0.896664
0.369121
0.077975
0.723746
0.015595
-0.185400
0.307047
-0.577929
0.517380
-0.184423
0.059359
-0.623768
-0.964232
-0.841731
-0.091586
0.571947
0.651357
0.768487
0.654775
-0.628101
-0.173925
0.446394
0.237648
0.105930
0.820368
-0.295877
0.095614
0.870418
0.194800
-0.213233
-0.275674
0.262185
0.490646
0.598865
-0.775323
0.221534
0.548753
0.791864
0.676504
-0.683584
-0.892575
-0.176244
-0.784906
-0.218848
-0.702933
-0.195593
-0.751152
-0.739250
0.576098
-0.062288
0.848140
-0.349834
0.073946
-0.625294
-0.634999
-0.107578
-0.404401
-0.711112
0.822993
0.311563
0.775750
0.517624
-0.638173
0.753716
-0.598560
-0.133580
-0.115940
0.848750
0.311686
0.035188
0.095187
0.520188
0.398236
0.701712
-0.575488
0.305216
-0.087436
-0.927488
0.259743
0.240211
0.042451
-0.279824
-0.513108
0.625904
0.374920
-0.083712
-0.723075
0.983764
-0.024323
-0.657033
0.608814
0.515793
-0.741142
-0.093966
-0.470565
0.381695
-0.436140
0.338298
0.264016
-0.896176
-0.813776
-0.968444
0.602649
-0.677175
-0.254372
-0.577197
0.234474
-0.192602
0.885617
0.901303
0.433760
-0.547655
-0.515366
-0.686331
-0.522202
0.745231
0.402997
0.879818
0.467879
-0.457625
0.332682
0.329814
-0.993347
0.653493
0.273415
-0.921934
0.121006
0.569994
-0.402631
0.243446
0.746696
0.047945
0.047517
0.330180
-0.949156
-0.056246
0.728935
0.381756
-0.409955
0.234352
0.361187
0.649220
0.076022
-0.158238
0.649159
-0.021577
-0.459883
0.794977
0.444197
0.555101
0.147496
-0.706595
-0.008820
-0.895383
0.938963
0.457625
0.199438
0.099216
-0.031587
-0.177831
0.375713
-0.126560
0.396527
-0.695486
-0.430097
-0.457076
-0.895566
0.590014
0.619678
-0.803766
-0.977966
-0.152135
0.796808
-0.266945
0.304239
0.555345
0.595080
-0.962828
0.212745
-0.320109
-0.072848
-0.651234
