0.300089
0.939024
-0.974181
-0.260842
0.090243
-0.721305
0.539964
0.322367
0.596240
0.953185
-0.779229
0.780633
0.879086
-0.348857
0.928587
0.927488
0.600635
0.082064
0.602832
-0.257912
0.429792
0.420148
0.178747
-0.955199
-0.972411
-0.684500
0.804376
-0.904172
-0.498825
0.784417
-0.579455
-0.895566
-0.874020
-0.710074
0.767632
-0.539476
-0.098666
-0.478500
0.879147
-0.498459
0.499374
0.827570
-0.872555
-0.372967
-0.828181
0.683340
0.882199
-0.426984
0.176122
-0.274514
-0.155858
-0.340251
-0.716788
-0.553148
0.118137
0.823847
0.930357
-0.721915
-0.913877
0.248451
0.580432
0.341838
-0.856136
0.403790
0.851619
0.149266
-0.636830
0.309671
0.977905
-0.367351
-0.857540
0.834101
-0.687979
-0.057466
0.908628
-0.693899
0.404889
0.789178
-0.069002
-0.016266
0.113926
0.169469
0.312601
-0.990661
0.500961
-0.599475
-0.781732
-0.703726
0.225135
-0.320414
0.404828
0.528977
-0.438887
0.339457
-0.886959
0.266335
0.984985
-0.507981
-0.612781
0.236549
0.731376
-0.823908
-0.118686
-0.834101
-0.444136
-0.678457
-0.783074
0.956236
-0.546373
-0.157750
0.954405
0.021455
0.898129
-0.829585
-0.965514
0.598071
-0.634571
0.545213
-0.813288
-0.160253
-0.720267
-0.822504
-0.809442
-0.489914
0.225013
-0.067904
0.363689
0.085238
-0.152989
0.627918
0.727042
0.079501
-0.853328
-0.496323
-0.040620
0.405988
-0.555345
0.735160
0.017975
0.268410
-0.993835
0.278665
-0.855708
0.610462
0.686209
0.047212
-0.832942
-0.704520
-0.316935
-0.292398
0.043489
0.894162
-0.725761
-0.841243
0.701285
0.827143
0.166356
0.836970
0.243995
0.316019
0.571032
-0.659169
0.582263
0.739494
0.021210
-0.276772
0.552904
-0.474715
-0.526048
0.726554
0.589404
0.389752
-0.437056
-0.903073
0.005097
-0.262490
-0.792474
-0.318949
-0.315226
-0.744133
0.187963
0.276894
0.121006
-0.038179
0.201514
-0.449263
0.234718
0.177892
0.791803
-0.666128
0.414533
0.476852
-0.897275
-0.390362
-0.534959
-0.820185
0.964782
-0.494919
0.585131
0.557604
-0.124668
0.598987
-0.642384
-0.899045
-0.563097
-0.141942
-0.646352
0.452132
-0.185705
0.515976
0.763970
-0.192358
-0.226356
0.204627
0.064364
-0.392193
0.866512
0.653188
-0.083651
-0.677480
-0.679373
0.265114
0.848506
-0.851924
0.161901
-0.112766
-0.799738
0.426435
-0.600269
-0.917722
-0.146764
0.599109
0.027558
-0.781915
0.717399
-0.490280
0.681082
0.685659
-0.680593
0.865963
0.670949
0.558214
0.082247
-0.325907
0.241615
0.005097
0.831111
-0.540513
0.887020
-0.228858
-0.694876
-0.467879
-0.222999
-0.964537
-0.168493
-0.027009
-0.564745
-0.038728
0.925047
-0.432417
0.561022
-0.749809
-0.123325
-0.191565
-0.101169
-0.987732
-0.607898
0.469955
-0.548997
-0.052889
0.344279
0.153294
0.754509
-0.623402
-0.299112
0.331156
0.732963
0.754936
-0.308817
0.206885
0.693167
0.114231
-0.727287
0.347087
0.028047
-0.387799
-0.038301
-0.342936
-0.809931
-0.818110
-0.911008
-0.245705
-0.504135
-0.633290
0.353069
-0.593066
0.325541
-0.027802
0.073641
0.898190
0.490646
-0.153417
-0.817499
0.551073
-0.145482
0.102573
0.725822
0.225867
0.201331
0.093234
0.227210
-0.375652
-0.472396
0.454268
0.297830
0.059969
-0.292459
0.525193
0.149815
-0.031648
0.660939
0.461653
-0.545518
0.199927
-0.935789
-0.647755
0.297403
-0.321879
0.956664
0.825556
0.602222
-0.226661
-0.197668
-0.760430
0.901181
-0.641469
0.573168
-0.570116
-0.424482
-0.822687
-0.587207
0.521470
0.334147
0.460860
-0.491928
-0.874203
0.993164
-0.767144
0.292398
0.866634
-0.381146
-0.262551
-0.144017
0.275674
-0.903867
0.180273
-0.061495
-0.310282
0.185583
-0.031709
0.253517
-0.835505
0.130711
-0.391461
0.394757
0.818171
0.879574
0.937559
0.324870
-0.385052
-0.587878
-0.603870
0.946104
-0.095492
0.219459
0.659902
-0.685171
0.025849
-0.948424
0.629139
0.064364
-0.213355
-0.095431
0.099155
-0.403912
0.661550
0.401227
-0.966247
0.603504
-0.575488
-0.015961
0.686148
-0.509934
-0.809076
-0.875546
-0.906796
-0.105136
-0.481796
0.809626
0.712333
-0.663259
0.476608
0.985534
-0.229835
-0.807855
0.468307
0.403241
-0.860714
0.815424
0.613758
0.300150
0.311869
-0.882382
-0.983581
0.855098
0.283792
-0.485397
-0.780755
-0.930723
0.161290
-0.643422
0.164586
0.136265
0.915159
0.752800
-0.029084
-0.638661
0.574450
0.352947
0.764824
0.695730
-0.830195
0.648366
-0.603809
0.945250
-0.107944
0.354717
-0.197790
-0.276162
-0.098422
0.439985
-0.088412
0.172948
0.551073
-0.641041
-0.178014
0.630970
0.034700
0.057283
-0.888424
0.112705
-0.973815
-0.248085
0.080294
0.912412
0.352031
0.940611
-0.692312
-0.068331
-0.488327
-0.467757
0.839900
0.854793
-0.140782
0.367718
-0.682485
-0.515427
-0.743522
0.449812
0.358013
-0.691275
0.189489
0.581103
0.503830
-0.583544
0.916257
0.507675
0.050142
-0.294534
-0.809381
0.482406
-0.936460
-0.143895
-0.845576
-0.621021
-0.095431
-0.942930
-0.570116
-0.235145
0.567064
-0.761834
-0.505600
-0.757866
0.145970
-0.083895
-0.607532
0.391278
0.747002
-0.283670
-0.579455
-0.693899
-0.850337
0.632984
-0.402936
0.094577
0.537400
0.089816
-0.269997
0.095309
-0.394330
0.642445
-0.105258
0.860836
-0.637257
-0.063265
0.134312
0.305521
0.932920
0.329875
-0.804804
-0.250465
0.677236
0.996338
-0.889340
-0.581286
-0.057161
0.821711
-0.556200
0.964293
-0.246559
-0.197851
0.003937
0.564745
0.853206
-0.539232
-0.152318
-0.827692
-0.278237
-0.435347
-0.622181
-0.533738
0.955992
-0.794794
-0.647511
0.075716
-0.140721
-0.695730
-0.383343
0.634632
-0.976989
0.608325
-0.630848
0.231117
0.128819
0.233924
-0.223060
0.814386
-0.021088
0.825922
0.750053
0.120151
-0.031831
-0.608081
0.688711
-0.320780
0.310160
-0.125401
-0.984191
0.469893
-0.671072
0.525071
0.307352
-0.222694
-0.869381
0.139317
-0.167943
-0.176916
-0.034272
0.220923
-0.684988
-0.273904
0.595569
-0.868770
0.735405
-0.641591
0.975219
-0.708853
0.972289
0.658071
0.565294
-0.690359
-0.889523
0.960997
0.585131
-0.595874
-0.780511
-0.084201
-0.480331
0.269509
0.416669
0.542344
0.193396
0.967528
-0.971252
-0.002411
-0.277932
0.799188
0.663930
0.611072
0.657216
0.261391
-0.994934
0.752373
0.633229
-0.550035
-0.859920
0.092929
0.831965
-0.178930
0.238075
0.825312
0.575488
0.710318
-0.612964
-0.598682
0.360515
0.069674
-0.596484
0.353008
0.646901
-0.647023
0.427473
0.757439
0.712088
0.201147
0.115024
0.908872
0.885067
0.991577
0.241188
-0.239479
0.471297
0.312967
0.525437
0.698294
0.681570
-0.571764
-0.508042
0.208594
0.877438
0.788934
0.657094
0.397137
-0.554430
0.661733
-0.496078
0.168249
-0.386700
0.932127
-0.889706
-0.118076
-0.481735
0.007538
0.488205
-0.704825
0.844478
0.847591
0.201147
-0.894711
-0.663137
-0.706473
0.019379
-0.595264
-0.491928
0.575182
-0.223304
0.361187
0.848384
-0.757744
-0.237770
0.291787
-0.147740
0.472457
-0.540147
0.694998
-0.825983
-0.145665
0.092013
0.801263
0.224830
0.847285
0.272011
-0.793756
0.523179
-0.021699
-0.898618
-0.851558
0.112522
0.840876
-0.014924
0.993835
0.357280
0.956114
0.516648
0.489547
-0.569811
0.560411
0.722526
0.350932
-0.195837
-0.619068
0.984558
-0.845515
0.059725
0.462081
0.811335
-0.789178
0.321940
-0.894955
0.268593
-0.347636
-0.361187
-0.016327
-0.235084
0.842097
0.613147
0.497665
-0.168126
0.122410
-0.399213
-0.572497
0.226905
0.793512
-0.211402
0.952391
-0.686514
0.773247
-0.537217
-0.906735
-0.611438
-0.910154
0.781854
0.645436
-0.744926
0.769036
-0.634571
-0.339396
-0.975768
-0.322733
0.128086
-0.456709
0.077486
-0.113742
0.861812
0.320048
-0.998779
-0.882076
-0.428144
-0.339335
-0.692801
0.558275
-0.043855
-0.833247
-0.250465
0.536119
0.035554
0.568041
-0.947020
0.826594
0.393353
0.723014
-0.136692
0.812983
-0.423261
0.149510
-0.267373
0.398358
-0.802240
0.283425
-0.047212
-0.967833
-0.067232
0.963256
0.049043
-0.520066
0.462508
-0.843440
0.745598
0.175024
0.667409
-0.262612
-0.782830
0.435530
-0.611927
-0.069918
-0.561876
0.031648
0.065523
-0.598865
-0.559252
0.032868
0.572069
-0.336711
0.297647
-0.432478
0.546861
-0.680532
0.638295
0.466048
0.547411
-0.141697
-0.486618
0.026093
0.330180
0.062349
-0.580004
0.232765
0.572314
0.092441
0.298318
-0.033052
-0.652455
-0.689688
0.314432
0.007111
-0.331339
0.901608
0.240455
-0.960326
-0.591784
-0.637501
-0.755242
0.588000
0.909238
-0.087619
0.904965
-0.786676
0.612537
-0.105930
-0.744316
0.391339
-0.032502
-0.774468
-0.314982
-0.778008
0.016205
-0.035615
0.489731
0.717215
0.885067
0.048433
-0.095920
0.259865
0.544481
-0.725578
0.413739
-0.234779
0.132298
0.577868
-0.833247
0.926634
0.155919
0.675161
0.295694
-0.499863
-0.113376
-0.867061
-0.038972
-0.577136
-0.426740
-0.075350
-0.068758
-0.675771
-0.630787
0.538072
0.509262
0.995422
0.364360
0.696524
0.620045
0.730461
0.657094
-0.244606
-0.129917
0.632252
0.022248
0.837397
0.392560
-0.142613
-0.069796
0.767937
-0.710135
-0.521165
0.963500
-0.125278
-0.513535
0.590197
-0.464827
0.712210
-0.195654
-0.319071
0.524766
-0.225135
0.073397
-0.149815
-0.955382
-0.065767
0.090060
-0.465804
-0.689383
0.950621
0.235267
-0.569445
0.707327
-0.743156
0.565966
0.475326
0.107639
-0.481002
0.190893
0.963805
0.759026
-0.903256
-0.255043
0.379376
-0.951903
-0.506088
0.772820
0.491440
-0.542711
-0.650136
0.835749
-0.715140
-0.975402
0.121067
0.153539
-0.784478
-0.379437
0.172643
0.593921
0.838984
-0.646413
-0.268960
0.822199
-0.083712
-0.583056
-0.091220
0.423750
0.992676
-0.310343
-0.848079
0.811213
0.576952
-0.596423
0.488510
-0.270180
-0.053743
0.189673
-0.360210
-0.827326
0.649648
-0.184484
-0.941893
-0.481429
-0.655385
-0.073275
-0.048006
-0.294778
0.527879
0.104892
-0.637135
0.249794
-0.547166
-0.445723
0.354717
0.930174
0.686575
0.729972
0.379559
-0.061922
-0.799677
0.669057
-0.118809
0.318339
-0.997864
-0.805963
0.199622
0.504685
0.428205
0.730399
0.839167
0.766717
-0.676931
0.334941
-0.838313
0.378826
0.782525
0.963988
0.568957
-0.675344
-0.710074
0.863338
0.234657
-0.650746
0.810846
-0.463790
0.451094
0.170934
-0.594043
0.152623
0.650258
-0.333781
-0.072909
-0.287027
0.164220
-0.160192
-0.642933
-0.722526
0.785943
-0.607715
0.357036
-0.424970
-0.807062
0.697928
-0.417341
0.303140
0.297830
0.004730
0.333415
0.431806
-0.414411
0.670644
0.095309
-0.175878
-0.125523
0.246376
0.012543
-0.514573
-0.038057
-0.781121
0.551500
0.753899
0.014191
0.227638
-0.186071
0.745170
0.771172
-0.434492
-0.428083
0.363323
0.619007
-0.222022
0.076937
0.190954
0.799493
-0.828181
-0.132786
-0.695364
0.416120
-0.952818
0.544603
-0.812006
0.928343
0.464278
-0.719779
0.477950
-0.803278
-0.642506
-0.835200
0.150487
-0.858272
-0.189123
-0.587268
-0.835078
-0.922605
0.911557
0.720878
0.455611
0.784417
0.747978
0.389325
0.723502
-0.617176
-0.335368
-0.255348
0.607898
0.069308
-0.543382
-0.794305
-0.451216
0.778924
0.219764
-0.223975
0.653188
0.835932
0.489242
-0.006195
-0.121921
-0.121677
-0.838252
-0.255776
0.842402
0.557421
0.746147
0.091830
-0.420209
-0.241615
0.641652
0.694937
0.546129
-0.400983
-0.297952
-0.635609
0.192480
0.074129
0.896847
-0.670522
-0.581835
-0.274392
-0.117222
0.773309
-0.786065
-0.039216
0.298074
0.200110
-0.292581
-0.140538
-0.408246
0.197424
0.640187
0.531663
0.200598
-0.845088
-0.565355
-0.911802
-0.113559
-0.496872
-0.245277
-0.712027
-0.021760
0.033784
-0.719291
0.922605
-0.194800
0.864925
0.167272
0.751762
0.713065
0.613147
-0.223487
0.804010
-0.156590
0.335185
-0.896725
-0.150975
0.648976
-0.198462
0.204138
0.862972
-0.319498
0.664907
0.942564
0.791314
-0.921995
-0.747551
-0.651234
-0.073763
0.156285
-0.626148
-0.939207
0.209815
-0.613025
-0.777825
-0.513779
0.775018
-0.502670
0.071017
-0.392621
-0.212195
-0.901059
-0.810175
-0.599780
0.652699
-0.205969
-0.975402
0.316935
-0.356670
0.588366
0.377850
-0.056734
-0.977477
-0.273293
0.096164
0.525864
0.711966
0.460616
-0.965026
0.627125
0.575732
-0.457747
0.243507
0.222633
0.379681
-0.532029
-0.036164
0.551683
-0.511093
0.280984
0.975402
0.715873
-0.634144
-0.964660
0.466292
0.569201
0.932249
-0.747246
0.787469
-0.482589
-0.144078
0.664602
-0.461165
-0.302042
-0.173009
-0.546800
-0.450117
0.693350
0.884030
-0.922788
0.317789
-0.213172
0.853633
-0.906125
-0.535875
-0.159154
0.966124
-0.329142
-0.225257
0.428816
-0.290750
0.721061
0.383221
0.533738
0.367779
0.999512
-0.338237
0.125523
-0.384198
-0.768975
0.382000
0.929991
0.311441
-0.624866
0.706839
-0.298929
-0.922422
0.888668
-0.227760
0.310709
-0.789727
0.746696
-0.109409
-0.033967
-0.754448
0.922910
-0.799738
-0.130467
0.450056
0.665395
-0.016449
-0.368267
0.393597
0.444929
0.397382
-0.248512
-0.802728
-0.397687
-0.191931
-0.525864
0.152989
0.079318
-0.621021
0.342021
0.147191
-0.191565
-0.883297
0.748039
0.888180
-0.740715
-0.909726
0.168249
0.906186
-0.758660
0.196387
-0.149144
-0.875301
-0.944578
0.428999
-0.122471
-0.788629
-0.299783
-0.268593
-0.762871
0.811945
0.142613
0.429731
-0.102634
-0.118686
-0.352641
-0.250710
0.675710
-0.138340
-0.204260
0.161840
-0.896298
-0.187231
-0.884640
-0.184118
0.196692
-0.315104
0.097140
0.923887
-0.829585
0.499374
0.559313
0.480636
0.689749
0.314188
-0.827326
0.939879
0.996216
0.596850
-0.042390
-0.904538
0.884213
0.546800
-0.433454
-0.133518
-0.256569
0.218848
0.164098
0.142308
-0.020295
0.509812
-0.282510
-0.073824
0.767876
-0.929563
0.509384
-0.335795
-0.459334
0.206641
-0.314127
0.727409
-0.043184
-0.169652
0.652455
0.474715
0.293802
-0.475387
-0.870296
-0.665212
-0.080660
0.784051
0.682180
-0.528916
0.774529
-0.506882
-0.468429
-0.410260
-0.125340
-0.293558
-0.531114
-0.543748
0.758782
0.791009
0.675222
0.680471
-0.110813
0.994934
-0.733818
-0.666005
0.543382
-0.495468
-0.628346
0.962401
-0.718986
0.051851
0.562181
-0.446028
-0.963500
0.135533
0.436384
-0.971435
-0.391949
0.917600
-0.819086
0.807672
-0.327738
-0.141453
-0.084689
0.029878
-0.563707
-0.846797
-0.365459
-0.027009
0.574206
0.029450
0.561876
-0.754631
0.425520
-0.026582
-0.881771
-0.689871
0.346660
-0.208472
-0.436750
0.771477
-0.178808
-0.370769
-0.607532
0.906674
0.048921
0.528184
0.516953
0.666921
-0.232948
0.040925
0.823603
0.372723
0.904172
0.163121
-0.342448
0.867061
-0.790277
0.680715
0.796258
-0.213355
-0.356731
0.073336
0.333110
-0.745659
-0.663076
-0.294412
0.284646
-0.110019
0.854427
0.196692
-0.268227
0.634816
-0.181921
0.340373
0.309977
-0.467025
0.244667
0.638417
0.718436
0.032929
-0.108188
0.510056
-0.957762
0.369854
0.359294
-0.760796
0.760857
-0.336772
0.255898
-0.277017
-0.848262
0.804010
0.745842
-0.916746
0.006989
-0.846919
-0.213965
-0.796258
-0.110569
-0.816584
0.367901
-0.744072
0.410993
-0.942442
-0.925108
-0.724479
-0.081271
0.246132
0.269631
0.851802
0.009796
0.235145
0.221473
-0.006684
-0.668386
0.815241
0.489364
0.231910
-0.568896
0.515427
0.869747
0.912046
0.961364
0.744255
-0.775933
-0.750053
0.664052
0.199927
0.497848
0.792535
-0.372417
-0.887204
0.243080
0.421552
-0.803034
0.178808
0.957518
0.837580
-0.615162
-0.328532
-0.854122
-0.891964
-0.416791
-0.480758
0.017365
-0.528184
-0.751274
-0.462691
0.885434
0.598804
0.372600
0.749565
0.628040
0.650929
0.547777
-0.860836
0.982910
0.206336
0.447371
0.465682
-0.239967
0.109043
0.450728
-0.587024
-0.224586
0.307169
-0.401166
-0.366619
0.393902
0.741813
0.187719
0.247108
0.279031
0.656056
0.252846
-0.637623
-0.916623
-0.761101
0.413312
0.177404
-0.606555
0.109775
0.198462
0.226417
-0.759758
-0.982788
0.296304
-0.666982
-0.888363
0.203284
0.562487
0.833613
-0.577319
0.103183
-0.247780
-0.368633
0.822748
-0.160802
0.786920
-0.353191
-0.125095
0.016083
0.368816
0.223365
-0.801996
-0.170385
0.755486
0.054048
-0.684133
0.900632
0.507370
0.189062
-0.116733
0.847468
0.020112
0.688650
-0.084262
-0.340434
0.654653
0.482589
0.773675
0.933897
-0.722526
-0.721366
0.859371
0.210303
-0.288919
0.320414
0.839839
0.191809
0.548753
-0.431196
-0.669851
0.986450
-0.018769
0.904538
-0.525864
-0.160375
-0.758477
-0.045991
0.822687
-0.824580
0.382855
0.977721
0.715690
0.404584
-0.782708
-0.602405
-0.769097
0.919797
0.352641
0.528550
-0.988891
0.764824
0.138462
-0.309244
0.283120
0.663320
0.335551
0.028108
0.380047
0.463973
0.320109
0.677297
0.080844
0.943968
0.635975
-0.194433
0.078219
0.090060
-0.293497
-0.436689
-0.112033
-0.678396
0.519700
-0.968566
0.512375
-0.161168
-0.902341
-0.761834
-0.830195
-0.998108
-0.827631
0.890072
0.512497
-0.954772
-0.374187
-0.155797
0.882260
0.969115
-0.735282
-0.768426
0.202368
-0.622242
0.482040
-0.402875
-0.989563
0.385540
0.877377
0.467330
0.751152
-0.465682
0.892758
0.856685
0.358440
0.140477
0.314005
-0.630482
0.199866
-0.682730
0.047212
-0.553514
0.587756
-0.213843
-0.518174
-0.682546
0.835322
0.265847
-0.929930
-0.775201
0.506821
0.077486
0.149571
-0.521714
0.164769
-0.835322
0.755730
-0.095492
0.609668
-0.711539
0.121860
0.253212
-0.136937
-0.699149
-0.462996
0.123508
-0.134739
0.322062
-0.907285
-0.027985
-0.082797
0.597339
-0.784051
-0.234840
-0.683889
-0.698355
-0.201209
-0.544542
0.337138
0.345073
0.739189
-0.471603
0.569445
0.250649
0.703482
0.128025
0.687551
-0.038301
0.887204
-0.251747
0.931761
-0.956359
-0.151463
0.627796
-0.139805
0.998596
-0.695791
0.465926
0.148534
0.755425
0.955748
0.337077
0.366192
0.399091
-0.978881
-0.585070
0.510788
0.199805
-0.221778
-0.589526
-0.500046
-0.993957
0.602832
-0.736747
0.045198
-0.936827
0.702322
0.353191
0.688833
-0.679922
-0.164525
0.089816
-0.407697
0.287088
-0.401166
-0.533494
-0.519150
0.506821
-0.540574
-0.201514
0.326212
-0.105869
0.925047
-0.456587
-0.896481
0.655019
0.139500
-0.233253
0.247414
0.904782
-0.924558
-0.186438
-0.187536
0.152257
-0.863155
-0.249733
-0.528306
-0.597583
-0.840144
-0.861507
-0.091464
-0.896359
-0.603565
0.703177
0.175939
-0.015961
0.976867
0.457503
-0.460433
0.017426
-0.476302
0.848262
-0.998047
-0.641224
0.870235
0.482223
-0.922117
0.385235
0.010956
0.997620
-0.074190
0.038118
0.325846
0.642506
-0.008026
0.528489
-0.285989
-0.235939
0.949095
-0.531968
0.450728
-0.718497
0.260109
-0.511399
-0.195654
-0.483993
0.995849
0.412336
0.747124
-0.898923
0.034761
0.921690
-0.700980
-0.845332
-0.428388
0.585192
0.723441
-0.143101
-0.229835
0.922239
-0.862117
0.656056
-0.932005
-0.466048
0.227027
0.304056
-0.681875
0.398663
0.213355
0.326273
0.139927
0.772210
0.064608
-0.608020
-0.972411
0.963805
0.416608
-0.096774
-0.799738
-0.837703
-0.655690
-0.113987
-0.486740
-0.623890
0.792535
-0.930052
-0.581591
-0.451643
0.479354
0.183752
-0.801691
-0.089084
-0.094760
0.882687
0.758538
0.638844
-0.460677
-0.982604
-0.366619
0.868221
0.215430
0.093478
-0.275124
0.139683
0.851924
0.561327
-0.202734
0.330485
-0.994385
0.100314
0.622425
-0.475204
0.738762
-0.067049
-0.858638
-0.829585
-0.841853
0.047273
0.902280
-0.270608
0.195105
0.418195
-0.482467
-0.691092
-0.888058
-0.342570
-0.355693
-0.088107
-0.914548
0.814386
-0.657643
-0.777276
0.363262
-0.359661
0.124729
-0.202063
0.900998
-0.982604
0.011261
0.702383
-0.495224
-0.210120
-0.100803
0.551317
-0.967040
-0.859676
0.562426
0.859737
-0.110446
-0.802484
0.591906
-0.078341
-0.009735
0.820734
-0.356975
-0.613758
-0.986206
0.095859
-0.065218
-0.775384
0.108127
-0.460860
-0.587512
-0.939634
-0.983581
0.569689
0.056490
0.072359
0.362774
0.814570
-0.521470
-0.494308
0.135166
0.808344
0.021393
0.589892
0.181188
-0.350505
0.039033
0.198462
0.223548
0.281838
-0.286233
0.231239
0.047029
-0.774468
-0.942808
-0.008515
-0.740165
-0.748466
-0.598010
-0.238807
0.482955
0.200476
-0.355937
0.291910
0.981079
0.806024
-0.022980
0.556322
0.507065
0.038301
-0.880490
0.479415
0.557115
-0.195410
-0.457808
-0.876461
-0.665395
0.501328
0.382427
0.568712
0.459456
0.297342
0.676870
0.076449
0.610034
0.431257
0.118503
0.221412
-0.433943
-0.661550
0.542283
-0.237831
0.292215
0.211585
-0.682424
-0.859737
0.049654
-0.209937
-0.638478
0.674001
0.440474
-0.323038
0.417158
-0.325419
-0.013031
0.240089
0.577380
-0.725455
0.272134
0.071200
0.966063
0.404157
-0.040986
-0.025239
0.022248
0.188330
0.285257
-0.961486
-0.461226
-0.918271
0.277444
-0.651784
0.766900
-0.195471
0.251320
0.910215
-0.100314
0.141270
0.461287
-0.583850
-0.752434
0.666005
-0.329386
0.658193
0.408918
-0.544847
0.783502
-0.345866
0.805109
0.851802
0.162816
0.547166
0.983947
0.342448
0.194128
0.435835
-0.526109
0.610340
0.545518
0.235084
-0.355266
0.509018
-0.396039
0.272561
0.021027
0.242042
-0.504379
-0.902219
0.337016
0.142979
0.171545
0.097018
-0.957640
-0.768059
-0.458052
-0.891415
0.726371
0.497299
-0.419416
-0.663137
-0.533860
0.633045
-0.380902
-0.070345
-0.839412
0.737175
-0.490951
-0.280068
-0.586840
0.698416
0.719901
-0.440962
-0.674490
-0.711844
0.270547
-0.405622
-0.835322
-0.617969
-0.777276
0.503586
-0.725394
0.287637
0.198523
-0.501022
0.487106
-0.267678
0.517930
0.414106
-0.219153
0.561571
-0.627369
0.134007
-0.636341
0.708670
-0.153661
0.031770
0.331095
0.393475
-0.404340
0.679373
-0.216102
-0.937620
0.075533
-0.372600
0.032807
0.611805
0.220740
-0.381146
-0.217505
0.118931
0.693106
0.437300
0.458968
0.103610
0.622730
0.855647
-0.271706
-0.552660
-0.875668
0.738334
-0.480514
0.633839
0.935606
0.040254
0.443525
0.481429
0.867855
0.478927
0.861080
-0.647572
-0.981811
0.978454
0.092502
-0.140965
-0.332560
0.316324
-0.219214
-0.745170
-0.313883
-0.536363
-0.978698
0.364055
-0.770745
0.132359
-0.609363
-0.678701
0.730949
0.091464
-0.753594
-0.941343
-0.050386
0.816156
-0.968688
0.643361
-0.071871
0.030732
-0.106296
0.666738
-0.360027
0.709159
0.936399
0.746879
0.451094
-0.905698
-0.592334
0.206030
0.192114
0.365703
-0.853999
-0.012665
-0.340007
-0.941038
-0.409345
0.871517
0.216590
0.172216
0.671743
0.057344
0.297647
0.236061
-0.174780
-0.832148
-0.355449
-0.805048
0.909848
-0.255531
-0.928526
-0.708487
-0.054903
-0.707633
0.579455
-0.027131
-0.694388
-0.061007
-0.368999
0.316568
0.360942
0.767937
0.398114
0.538926
-0.732231
-0.108188
-0.206275
-0.852535
-0.237526
-0.674551
-0.897214
-0.699515
0.331950
0.722343
-0.978088
0.936460
0.076327
-0.962951
0.922666
0.234657
0.575243
0.251320
0.149327
0.971557
0.070956
-0.301248
0.165014
0.014374
-0.720145
0.632618
-0.642628
0.747185
-0.854060
-0.070101
-0.682730
0.297891
-0.152379
-0.801996
0.402264
-0.715690
-0.628773
-0.834040
-0.601794
-0.513474
0.963683
0.039399
0.661122
-0.299112
-0.224219
-0.758965
0.559740
0.107517
0.010590
0.489364
0.007843
-0.500229
0.886898
-0.132908
0.938414
-0.226112
0.732658
-0.293008
-0.355876
-0.699271
-0.480758
-0.477279
-0.243202
-0.985168
-0.850215
-0.890683
0.862972
-0.162816
-0.186071
-0.628468
0.675527
0.512009
-0.278481
-0.955809
-0.102695
0.850337
0.527573
-0.332926
0.788202
0.798517
-0.238807
0.789605
0.555712
0.247353
0.571215
-0.222633
-0.496567
-0.342448
-0.958312
0.354228
0.959227
-0.295755
-0.103793
-0.509995
0.586352
-0.495895
0.000885
0.149937
-0.384259
-0.013703
0.299600
0.894406
0.569994
-0.028840
0.322916
-0.915159
-0.692862
-0.482101
-0.139866
-0.470748
0.326823
0.320109
0.935118
0.528611
0.764153
0.203528
0.864620
0.692862
-0.970336
-0.189734
0.380413
0.078524
-0.254250
0.497421
-0.131748
-0.778924
0.738029
0.546190
-0.209876
-0.182470
0.163182
-0.587390
0.601550
0.225013
0.779351
-0.729362
-0.492782
-0.177953
0.607715
-0.350444
-0.849116
-0.675466
0.321146
-0.363445
-0.797418
0.919675
0.666799
-0.700430
-0.929807
0.717765
0.737236
-0.828059
-0.865047
0.696890
0.900998
-0.967956
-0.830805
-0.909665
-0.793634
-0.161901
-0.228065
0.799615
-0.929868
-0.143712
-0.447188
-0.389996
-0.708731
-0.370159
-0.944334
-0.771111
-0.026582
0.003449
-0.089755
0.836421
0.402936
0.815973
0.796625
-0.666738
-0.640126
0.333964
0.053926
-0.015900
0.926511
-0.338420
0.487167
0.374187
0.536729
-0.527085
0.708792
-0.039338
-0.951353
-0.911435
0.552049
-0.413251
-0.035920
0.000092
0.550951
0.608448
-0.753716
0.080477
0.798578
-0.408918
-0.452254
0.150487
-0.502792
-0.727714
-0.339457
0.877865
0.512619
-0.549242
0.135899
0.569750
0.243873
-0.034944
-0.051546
-0.576342
-0.876949
-0.554247
-0.172704
0.796991
0.055757
-0.756462
-0.615589
-0.941343
-0.884457
0.595569
-0.465072
0.585803
0.805414
0.091891
-0.788079
-0.533372
-0.803156
-0.493332
0.125645
-0.587634
-0.737968
-0.946287
-0.755058
0.869625
-0.291543
-0.437910
0.814753
-0.271645
-0.369243
0.530808
0.719718
-0.526841
0.291177
0.772576
-0.539964
0.793817
0.341533
0.839106
-0.604175
0.162084
-0.201147
0.346599
-0.464827
0.856075
-0.407941
0.645375
0.908506
0.445235
0.322367
-0.113559
0.111972
0.169591
-0.039216
-0.057100
0.369549
-0.348918
0.304605
-0.698355
-0.918699
-0.500961
-0.232154
-0.980651
0.219153
-0.626881
0.081210
-0.614002
-0.617420
0.065401
0.259926
-0.834468
0.327494
-0.835200
0.803583
-0.925169
0.779717
0.866146
-0.266518
0.562792
0.915647
-0.514634
0.194800
-0.046602
0.337382
-0.754265
0.537950
-0.985534
0.310099
0.765007
0.222144
0.014313
-0.851924
-0.247719
-0.229163
0.329386
-0.511643
0.498947
0.030793
0.665456
-0.634816
0.026337
0.067293
-0.784112
-0.513474
0.645619
0.893857
0.987793
-0.854122
-0.516404
0.638600
-0.144139
-0.402081
0.868954
0.528001
0.097873
0.694876
0.523301
0.561693
0.655690
0.405072
0.085360
0.191809
-0.367473
-0.576220
0.529099
0.317972
-0.989135
-0.368694
0.038728
-0.491745
-0.698172
0.211524
-0.707572
-0.417524
0.247902
0.242653
0.995483
-0.603687
-0.780572
-0.426191
0.388714
0.444624
0.245277
0.798822
0.690054
-0.800287
-0.395856
0.140049
-0.364666
-0.211341
0.566271
0.055269
0.520371
0.136204
-0.167333
-0.620472
-0.975524
-0.350017
0.841792
-0.642689
-0.772271
0.944273
-0.361431
-0.217689
-0.263039
0.186865
0.403180
0.027863
0.418012
-0.861751
0.760247
0.065889
0.074129
0.253029
-0.834895
0.146641
0.855464
0.483077
-0.803278
0.691031
-0.972167
-0.172948
-0.241676
0.724174
-0.690542
0.787530
0.603504
-0.450911
-0.898862
-0.713370
0.912290
-0.732963
0.174352
-0.810968
0.981201
-0.784417
-0.917356
0.824335
0.588794
-0.227760
0.929380
-0.242775
0.597339
-0.313028
-0.648305
-0.680532
-0.637989
-0.098300
-0.915647
0.241432
0.494125
-0.571764
-0.040925
0.065096
0.556688
0.682546
0.375225
0.878719
0.246254
-0.471358
0.470626
-0.556139
-0.374676
-0.719718
0.208716
-0.730216
0.968566
0.963683
-0.507920
0.001068
0.284158
-0.512864
0.358196
-0.918638
-0.425825
0.564623
-0.181005
-0.516831
0.901364
0.386639
-0.775811
0.463424
0.281961
0.494858
0.617176
0.127232
0.598498
0.855098
0.031037
-0.294961
-0.625355
0.990051
-0.343242
0.199805
0.696219
-0.791681
-0.466048
-0.465804
-0.793634
-0.731864
0.555589
-0.655507
-0.715751
0.817255
0.345561
-0.250526
-0.539232
-0.111362
0.926389
0.828913
-0.864254
0.458357
-0.327555
0.237831
-0.341594
-0.903562
-0.466597
0.844661
0.833430
0.413984
0.088412
-0.557909
0.915098
0.614856
-0.004059
0.328410
-0.847285
0.467635
0.400494
0.245766
0.949156
-0.391156
-0.141820
-0.189367
0.694693
0.290323
0.345073
-0.099460
0.339702
-0.088412
0.909665
0.628712
0.768242
-0.850032
0.532579
-0.984741
-0.036348
-0.499008
0.755608
-0.611438
-0.476241
-0.958739
-0.356975
-0.795160
0.106235
0.226417
-0.997742
-0.116977
-0.664724
-0.201025
0.871456
0.354350
-0.236366
-0.215003
0.501999
-0.731437
-0.566393
-0.286843
0.534349
0.236305
0.605945
-0.051668
0.324137
-0.282937
-0.210913
0.386334
-0.521287
0.718986
-0.867733
-0.392132
-0.620594
0.898007
0.244179
0.941588
-0.711356
-0.767693
0.671194
0.657765
-0.458113
0.479293
0.896725
0.958556
0.836421
0.110385
-0.470687
0.658498
-0.862300
0.916379
-0.267739
0.425581
-0.005646
0.020966
-0.158422
0.376385
0.537523
0.490890
-0.492660
0.268715
0.230995
-0.430952
0.988525
0.104038
0.611499
0.525742
-0.118137
0.782464
0.010224
-0.574023
-0.041597
-0.298257
-0.516099
0.927488
-0.068453
0.766778
-0.059359
0.411420
0.452376
0.153539
0.283975
-0.927305
-0.462752
0.522996
0.509140
-0.918882
0.442976
0.635670
-0.270119
0.909665
0.544664
-0.567797
0.445296
0.211524
-0.049165
0.151036
0.699332
0.545030
0.636586
-0.022675
0.604968
-0.420209
0.659474
0.676870
0.049776
-0.927671
0.589099
-0.664907
-0.272561
0.102023
0.994263
-0.743034
-0.311319
-0.381024
0.494736
-0.160558
0.974670
-0.194067
0.366253
-0.771477
0.893979
0.495346
0.835017
0.574816
-0.492172
-0.034455
0.680044
-0.301675
-0.116001
0.428571
0.020478
0.163244
-0.117527
-0.478866
-0.954894
-0.730461
0.638356
0.113010
-0.964110
0.685842
0.539476
-0.256630
0.273598
0.018281
0.967895
-0.000885
-0.957091
-0.354656
0.276711
-0.852901
0.981140
-0.279946
0.286111
0.332438
-0.374920
0.955626
-0.362163
0.655934
0.149205
0.326518
-0.076205
-0.557176
0.858272
0.978393
-0.333781
-0.984375
0.055208
0.691763
-0.538926
0.283303
0.600024
-0.820734
0.571825
0.458907
0.629017
-0.450911
0.023835
-0.780633
-0.920408
0.239113
0.375103
-0.703055
0.447554
-0.002899
-0.829646
-0.079257
-0.526109
-0.099704
0.867061
0.693228
0.292398
0.678579
-0.610523
0.386334
-0.712821
-0.580126
0.789972
0.626759
0.665029
0.102084
-0.458113
-0.988647
-0.889767
0.669607
-0.710013
0.858577
0.278848
0.023774
-0.645558
-0.151341
-0.769707
0.360698
-0.589099
0.297647
0.833125
-0.028901
0.330607
0.766655
0.253151
-0.091769
-0.960326
-0.904843
0.762566
0.460067
-0.335612
-0.390851
0.756951
0.401593
0.585253
0.408124
0.346965
-0.278176
0.717215
-0.712027
-0.213416
-0.701468
0.498154
0.390912
-0.117283
0.679189
-0.240272
0.018281
0.584643
0.331584
-0.662160
0.822810
0.121128
0.173009
-0.441816
0.131993
-0.853267
0.987243
-0.187475
-0.759880
-0.584460
0.439192
0.023896
-0.976012
-0.996948
-0.536851
0.460372
-0.415632
0.839839
0.834712
-0.364055
-0.333659
0.896664
0.119846
0.077975
0.723746
0.015595
-0.185400
0.307047
-0.577929
0.517380
-0.184423
-0.078036
-0.604114
-0.793390
-0.841731
-0.091586
0.571947
0.651357
0.768487
0.654775
-0.760308
0.875790
0.157933
0.237648
0.105930
0.820368
-0.295877
0.539293
0.870418
0.194800
-0.213233
-0.240516
0.262185
0.490646
0.598865
-0.775323
0.221534
0.548753
0.165624
0.676504
-0.683584
-0.892575
-0.176244
0.741935
-0.218848
-0.702933
-0.195593
-0.751152
-0.739250
0.576098
-0.819514
0.843501
-0.349834
0.073946
-0.625294
-0.634999
-0.107578
-0.404401
-0.711112
-0.954100
0.311563
0.775750
-0.013153
-0.638173
0.753716
-0.598560
-0.133580
-0.386700
0.848750
0.311686
0.035188
0.095187
0.520188
0.398236
-0.598315
-0.575488
0.305216
-0.087436
-0.927488
0.259743
0.240211
0.042451
-0.279824
-0.513108
0.625904
0.374920
-0.820185
0.959838
0.983764
-0.024323
-0.657033
0.608814
0.515793
-0.144871
-0.093966
-0.470565
0.381695
0.406964
0.338298
0.264016
-0.896176
0.404096
-0.968444
0.602649
-0.585314
-0.257546
-0.577197
0.466109
0.625355
0.885617
0.901303
0.433760
-0.547655
-0.515366
-0.686331
-0.522202
0.745231
0.402997
0.879818
0.467879
-0.457625
0.332682
0.329814
-0.993347
0.653493
-0.763176
-0.921934
0.161168
0.569994
-0.402631
0.243446
0.746696
0.047945
0.212561
0.330180
-0.949156
0.751579
-0.181738
0.381756
-0.409955
0.234352
0.361187
0.419416
0.076022
-0.158238
0.647206
-0.021577
-0.459883
0.794977
0.444197
0.555101
0.147496
-0.423261
-0.008820
0.775262
0.938963
0.457625
0.912290
0.099216
0.915586
-0.177831
0.375713
-0.126560
0.396527
-0.695486
-0.430097
-0.457076
-0.895566
0.590014
0.619678
-0.803766
-0.258156
-0.152135
0.796808
-0.266945
0.304239
0.555345
0.595080
-0.962828
0.205542
-0.320109
0.166601
-0.651234
