-0.330729
0.410443
-0.570849
0.258400
0.232704
0.217322
-0.829829
0.386700
-0.807733
0.958800
0.092196
-0.603687
-0.470382
0.085116
-0.468734
-0.003815
-0.342814
-0.733329
0.441267
-0.433149
-0.490280
0.806207
0.644887
-0.499313
-0.461653
0.678152
0.908261
-0.676931
-0.255104
0.195166
0.766839
0.845332
0.427290
-0.875851
0.600024
-0.949828
0.275796
0.481491
-0.542222
-0.418683
-0.414716
-0.710379
-0.127537
0.681631
-0.649464
0.575426
-0.433576
-0.328227
0.502609
-0.230567
0.692618
-0.004303
-0.720756
-0.116123
-0.968749
-0.386334
0.475936
0.294473
0.530198
-0.918516
-0.835017
0.250710
-0.916318
-0.945006
-0.030793
0.715873
-0.234596
-0.274026
-0.836848
-0.662709
0.517258
0.205420
-0.512741
0.573840
0.390057
0.691824
0.730033
0.593982
0.826350
-0.381634
-0.058443
0.115757
-0.128880
0.461959
-0.710379
0.075289
0.916196
-0.972594
-0.120212
0.107395
0.254006
-0.750725
0.898679
-0.930479
-0.580187
-0.472030
0.581713
-0.391461
0.400311
-0.363933
-0.960936
0.065645
0.374371
0.457686
-0.369549
0.255959
-0.323099
0.074557
-0.147252
-0.613575
0.591601
0.461531
0.590503
0.412458
0.980346
0.602039
-0.683645
-0.032258
0.863643
-0.103610
-0.249001
0.920591
-0.371136
0.314249
0.885311
-0.758904
-0.484298
-0.788446
0.999084
0.725150
0.459761
-0.699332
-0.991760
0.342326
-0.454329
0.099277
-0.637684
0.688406
-0.935240
-0.754021
0.366375
-0.773980
-0.222449
0.586047
-0.698233
0.774102
-0.515122
-0.511704
-0.787225
0.290628
0.987121
0.411481
-0.939146
-0.450850
0.820124
0.462203
-0.518906
0.792535
-0.578112
-0.898556
-0.246437
0.418744
0.058809
-0.023225
0.054598
-0.944517
0.571581
-0.149876
-0.990417
-0.892453
0.996521
-0.514389
-0.074313
0.651296
-0.143101
0.896420
0.998657
-0.062532
0.345317
-0.371441
0.863277
0.917356
-0.968383
-0.407575
-0.438093
0.548936
-0.740654
0.637318
-0.533372
0.026093
-0.129307
-0.832636
-0.596118
0.580615
-0.200415
0.086215
0.901364
-0.404950
0.516831
-0.618641
-0.505356
-0.028901
0.818476
0.344462
-0.558763
-0.059420
0.710562
0.782769
-0.615223
-0.208106
0.542772
0.988281
0.732536
0.492538
-0.880306
0.835810
0.488815
-0.084933
-0.682302
0.857173
0.427107
0.982238
-0.266091
-0.879147
-0.739494
-0.379192
0.965148
0.193213
-0.358074
0.995056
0.839595
-0.051729
-0.672109
-0.715812
0.091159
0.414228
-0.751335
0.207007
-0.971984
-0.430891
0.358440
-0.368511
0.202246
0.607105
-0.850703
-0.555895
-0.933836
-0.798456
-0.163793
0.700369
0.065828
-0.958129
-0.405988
-0.460311
-0.358684
0.124119
0.969604
0.103549
-0.014863
0.110019
-0.294412
0.577746
-0.478988
0.174841
-0.971496
0.499557
0.150121
-0.662587
0.880428
0.788079
-0.162328
0.278726
0.438948
0.821406
0.316080
-0.515183
0.903989
0.044343
-0.136814
0.915952
-0.119419
-0.298441
0.837519
0.960143
0.625050
-0.953917
-0.551073
0.571032
-0.362957
0.842280
-0.917234
-0.435835
0.804743
-0.450301
0.189489
-0.955260
0.765740
-0.571703
0.906980
0.530381
0.915098
-0.433027
0.893124
0.571520
-0.549181
-0.831721
-0.098666
-0.604297
-0.015534
-0.904843
-0.370281
0.304361
0.000397
0.635853
-0.582385
0.628407
0.115635
-0.556505
-0.179479
-0.271584
0.630970
-0.906430
0.917112
0.542528
-0.184301
0.120396
-0.213538
0.551439
-0.708609
-0.342082
0.406842
0.674978
0.392254
0.859615
0.454573
-0.246254
0.959288
-0.412824
-0.046113
-0.366131
-0.669240
0.337748
-0.609302
0.324442
0.081149
-0.911069
-0.430525
0.659047
0.246620
0.213233
0.503708
-0.720817
0.291787
0.609912
-0.315897
0.406598
0.543748
-0.944517
-0.856563
0.960997
0.536424
-0.994751
0.629994
0.079501
-0.578784
0.335917
0.934263
-0.053377
-0.620533
0.574938
-0.385052
0.056612
0.152440
0.790582
-0.009186
0.994446
0.305338
-0.692434
-0.175756
-0.601794
0.798456
-0.581164
-0.648671
-0.905820
0.517869
0.572619
-0.778802
0.633900
0.045930
-0.710074
0.797235
-0.569262
-0.450606
0.216407
0.614490
0.142796
-0.244911
0.454695
0.553514
0.560717
0.384014
-0.465133
-0.857662
-0.608020
0.643178
0.670705
-0.612110
-0.333659
0.562243
-0.951292
-0.224891
0.016388
0.708365
-0.443403
0.146641
-0.834162
-0.903684
0.150853
-0.792596
-0.760918
0.125889
0.063509
0.937010
-0.928709
0.705679
0.852351
-0.250771
0.281350
0.221839
-0.280618
-0.963378
-0.785394
-0.558763
-0.845943
0.104587
-0.360759
0.267983
0.261818
0.523850
0.497421
-0.265542
0.384869
0.650990
-0.750969
0.613392
0.682608
-0.662587
0.976684
0.179479
-0.145665
0.694266
-0.090854
-0.831843
-0.266274
0.572619
0.368267
0.776238
0.615101
0.284341
-0.427900
-0.954772
-0.098727
0.736076
0.164281
0.564379
0.059236
-0.330607
-0.128574
0.512009
0.348186
-0.699393
0.255531
0.040315
0.122288
0.089938
-0.701285
-0.883786
-0.128941
0.846980
-0.449446
0.888913
-0.238258
0.332438
-0.678823
0.055879
-0.792901
-0.464949
-0.056063
-0.497482
-0.187841
0.174108
-0.396588
0.711234
0.955809
0.609485
0.158361
-0.901120
0.704031
0.042390
-0.293069
-0.120518
-0.671926
-0.022736
0.287149
0.538987
-0.098727
-0.243324
-0.062410
-0.684317
-0.051912
-0.723930
-0.026215
0.696463
-0.712516
0.182897
0.621509
0.136448
-0.249489
0.929624
-0.654653
-0.628346
-0.125278
0.498276
-0.457930
-0.891354
-0.858577
-0.511155
-0.848201
0.674368
0.482467
0.744316
0.503098
0.005097
0.730155
0.298990
0.631703
-0.595935
0.705313
0.096835
-0.990905
-0.677541
-0.904477
-0.449873
-0.207312
-0.860042
0.976318
0.645802
-0.463179
0.594287
0.002289
0.764275
0.722343
-0.498337
0.730033
-0.913083
0.209265
-0.963256
0.031526
0.886837
0.201025
0.956297
0.916684
-0.753288
-0.530381
-0.449263
0.597400
0.659658
-0.630177
0.635670
0.181494
0.159154
0.361919
0.867061
-0.265603
-0.715751
0.836177
0.996338
-0.165807
-0.558397
-0.135166
-0.884823
0.766717
-0.545030
0.920713
0.383587
-0.091342
0.820002
-0.826533
0.010285
0.158788
0.001679
0.391583
-0.796991
0.122654
0.423750
-0.485580
0.752312
-0.564745
0.801935
0.143223
0.727165
-0.244789
-0.821284
0.980834
-0.427351
-0.955382
0.193823
0.213782
-0.513840
-0.674856
0.681753
0.653615
0.842219
-0.939268
0.312418
-0.044832
-0.618213
-0.820185
0.278726
0.396954
-0.694876
-0.161901
0.956481
0.890439
0.446638
0.193274
-0.446028
0.098483
-0.480270
-0.539842
-0.409162
-0.677297
0.454512
0.058321
-0.808527
0.905210
-0.037568
0.646352
0.771905
-0.172155
-0.074496
-0.293802
-0.395672
0.340739
0.078158
-0.637501
-0.028535
0.297342
-0.768792
-0.038972
0.038118
0.838923
0.586413
-0.699515
-0.235267
-0.297098
0.788202
0.132115
0.382488
-0.072726
0.104099
0.244667
0.270241
0.562243
-0.260292
-0.271523
-0.560961
-0.582507
0.232521
-0.070223
-0.216224
-0.539354
-0.306986
0.710379
0.850215
-0.822260
-0.116855
-0.887143
0.812372
0.239967
-0.653249
0.065645
-0.951964
-0.487716
-0.182470
0.960692
-0.760369
0.414106
-0.473189
-0.389752
0.549486
-0.571947
-0.436201
0.598865
-0.451094
-0.879025
-0.335856
-0.880978
-0.400128
-0.197913
-0.914365
0.882015
-0.513474
-0.717338
0.837214
-0.936949
-0.595874
-0.932066
-0.605152
-0.680105
0.777398
0.071932
-0.052583
-0.832148
0.915525
-0.723197
0.536241
0.309122
0.722098
-0.213416
-0.345866
0.338298
-0.809687
-0.849605
-0.402448
-0.094394
0.642201
0.452803
-0.364299
0.808222
-0.708548
0.719535
-0.718314
-0.760186
-0.650380
0.215857
-0.486984
0.109104
0.724235
-0.675466
-0.380535
-0.663991
0.589282
0.165136
-0.753655
-0.636280
0.547838
0.331889
-0.065279
0.658376
0.703543
0.279458
-0.106113
0.714957
0.134068
0.617664
0.470504
-0.493332
-0.774102
0.196265
0.234352
-0.900937
0.379376
-0.027253
-0.839656
-0.880184
-0.217139
0.785699
0.024506
-0.063204
0.646901
-0.359600
-0.388531
-0.929319
-0.605457
-0.583361
-0.855342
0.948057
0.162938
-0.749870
-0.517136
-0.901791
0.523972
-0.359111
0.792352
-0.356914
0.336406
-0.862362
0.026948
0.618580
-0.680715
-0.328471
0.931028
0.281411
-0.173193
-0.513291
-0.273476
-0.522507
-0.902768
0.975219
-0.259377
0.616199
0.458846
-0.127598
0.912046
-0.146092
-0.742912
0.156957
0.961730
0.263344
-0.023591
-0.332011
-0.789666
-0.872677
-0.536607
0.157384
-0.176550
-0.428266
-0.848140
0.982910
0.760430
-0.455428
0.899106
-0.682791
-0.366985
0.404584
0.381329
0.641896
0.499863
-0.586962
0.814631
0.963195
0.098788
0.505722
-0.013337
0.105747
-0.368389
0.765740
0.528428
-0.780450
-0.238014
-0.754570
0.436934
0.672475
0.154515
-0.205420
0.054292
-0.080050
0.550584
0.074984
-0.285073
0.214881
-0.822748
0.691153
-0.281777
-0.341777
-0.601978
0.574023
-0.935850
0.051546
0.969298
0.039766
0.390118
-0.416059
0.294351
-0.287210
0.511032
-0.406903
-0.326029
0.098300
0.225196
0.654958
-0.913327
0.623768
0.415510
-0.745598
-0.665822
0.173132
0.899350
0.424116
0.231666
0.749565
-0.791437
-0.608570
0.115574
0.403607
-0.836604
0.096225
0.625782
-0.609607
0.729301
-0.984375
-0.511643
0.074496
0.346049
0.696463
0.687857
0.609973
-0.793573
0.376446
-0.775689
-0.614673
0.019807
-0.405316
-0.071871
0.753471
-0.517014
0.068636
-0.003510
0.730766
-0.254006
0.401410
0.839290
-0.630482
0.303812
0.314920
-0.123020
-0.096408
0.988037
0.968139
0.373211
0.241005
0.242531
-0.961791
0.268288
0.525315
0.304178
-0.481552
0.318094
0.311625
-0.741813
-0.211463
0.419233
0.160985
0.500290
0.226173
0.918821
-0.391034
0.715384
-0.660634
-0.015412
-0.994568
0.661733
0.590747
0.439314
-0.551378
-0.838679
0.054903
-0.493942
-0.193030
-0.010651
-0.935118
0.211890
0.408490
-0.326395
0.184851
-0.192114
-0.364788
-0.588855
0.792291
-0.619434
-0.243385
-0.178137
-0.316874
0.611255
-0.311991
0.821467
0.279946
-0.115146
0.034577
0.696219
-0.917295
0.563829
0.846797
0.134068
0.790033
-0.577258
-0.063814
-0.435774
0.004791
-0.977844
0.832331
0.603504
0.547960
0.926206
0.079623
-0.144139
0.057283
0.460067
-0.344951
-0.069002
0.590564
-0.381024
-0.979614
-0.347697
-0.472945
-0.687796
0.668142
-0.980346
-0.433271
0.120884
0.302774
-0.646290
-0.671316
-0.592883
-0.798944
0.827021
0.170385
-0.297342
-0.435896
0.339885
-0.263527
-0.308084
0.889096
-0.013092
0.789300
0.928892
0.798334
-0.942137
-0.936827
-0.938963
-0.697745
0.688589
0.085421
0.213538
-0.099704
0.226966
-0.209754
0.346843
-0.773614
-0.170324
0.941282
-0.652821
0.082369
0.155065
0.531541
0.804804
0.198584
0.397687
-0.373577
-0.602771
-0.452254
-0.893307
0.036836
-0.420454
-0.040376
0.705741
-0.510727
0.079012
0.845515
-0.620167
-0.412091
0.405988
-0.740349
0.378155
0.775811
-0.832087
-0.115757
-0.301004
0.758599
0.811213
0.073885
0.344584
0.407453
-0.249428
0.410443
0.622669
0.153111
-0.635182
-0.858211
0.441084
0.492294
-0.745720
0.440229
-0.752129
-0.590442
-0.755242
-0.734001
-0.669362
-0.890255
-0.772454
-0.505905
0.323038
0.215552
0.379803
0.917478
-0.136448
-0.768914
0.424482
0.856746
0.429365
0.860408
0.898923
0.125217
0.105930
-0.761711
0.425459
0.535020
0.503769
-0.540941
-0.190832
-0.580187
-0.498215
-0.668935
-0.651540
0.357585
-0.424909
0.922056
-0.000702
-0.605396
-0.084994
-0.343303
0.201270
0.568285
-0.107700
-0.628162
0.023591
-0.582263
0.567919
0.327189
0.723502
0.812555
-0.937742
0.476363
0.635365
-0.354167
-0.594592
0.710135
-0.089938
-0.737724
0.220618
-0.645131
0.151585
-0.444319
-0.278237
0.246254
0.519578
0.745964
-0.110752
-0.346110
0.713065
0.796381
0.909238
-0.664296
-0.347331
-0.269265
-0.570788
0.363628
0.311197
0.972411
-0.185583
0.345134
0.940611
-0.822504
-0.787469
-0.557115
0.147801
0.058260
0.274331
-0.085604
-0.354045
0.577136
-0.639149
0.364849
-0.210059
0.731559
0.583361
0.554003
0.805475
0.225806
-0.611194
0.334025
0.801569
0.512497
0.971313
-0.502487
-0.211219
0.352458
0.911374
0.638722
0.706168
-0.316630
0.865719
-0.884335
-0.165563
-0.603198
-0.393902
0.333048
0.680105
-0.010834
0.955931
-0.580065
-0.387616
-0.252052
-0.989013
0.325114
-0.144200
-0.637928
0.943907
0.313395
-0.411176
-0.149876
-0.346232
0.898434
-0.284829
0.031098
0.499863
-0.041780
-0.883053
-0.219947
-0.629749
-0.096835
0.163793
0.165685
0.439802
-0.588794
0.613575
-0.602527
0.716178
0.959899
-0.989380
-0.679373
-0.630909
0.053072
-0.431806
0.358379
-0.979186
-0.794916
0.083712
0.401227
0.918088
0.826777
0.881588
0.346538
-0.968322
-0.768365
-0.504929
0.292398
-0.810724
0.882504
-0.620350
-0.153905
0.923460
-0.941038
-0.050569
0.076022
-0.496017
0.363933
0.557543
-0.348308
0.075961
-0.234535
-0.445601
0.212195
0.877071
-0.069735
-0.337748
-0.941404
-0.949095
0.557176
0.742241
-0.119053
-0.273721
-0.784173
-0.834773
0.747368
-0.841304
-0.303507
-0.690664
0.008820
-0.824458
-0.003876
-0.733695
-0.614795
0.806391
-0.901608
-0.117649
0.989196
-0.648610
-0.554308
0.391644
-0.026582
0.321635
0.350383
0.943052
-0.627857
0.189184
0.986328
-0.085482
0.707938
0.324503
-0.882076
-0.450728
0.417585
0.431196
-0.526048
0.530381
-0.869442
0.271340
-0.358135
0.341655
0.952269
-0.203711
0.769951
0.926756
-0.637196
-0.140904
0.467391
0.769158
0.733757
0.684744
-0.869015
-0.946471
0.426069
0.596850
0.828974
0.383404
0.132725
0.756462
0.550462
0.399152
-0.783929
0.987487
-0.133396
-0.963073
-0.531480
-0.990661
0.899716
0.317484
-0.757439
0.652760
-0.916013
0.507187
0.991333
0.768548
-0.972900
-0.595691
0.201941
-0.769280
0.563280
0.119480
-0.540391
0.765679
-0.396039
0.059114
0.043794
-0.915098
-0.199866
0.390790
-0.092441
-0.731498
-0.028169
0.085482
0.446760
-0.154637
0.469466
-0.075961
0.601733
-0.995239
0.708670
0.647450
0.992126
-0.047212
0.067965
0.907346
0.869686
0.318400
0.137547
0.975890
-0.483016
-0.155553
-0.087863
-0.422712
0.211402
-0.825190
-0.139744
-0.987182
0.332255
-0.856319
-0.411725
-0.295328
0.090060
-0.512192
-0.937986
0.666738
-0.986938
0.332255
0.183203
-0.642445
0.735038
0.847163
-0.528977
-0.204016
-0.110446
-0.664541
-0.267800
-0.389508
0.097140
-0.861446
-0.502731
0.297891
0.637013
0.174535
-0.867794
-0.287332
-0.841853
0.397443
-0.227271
-0.683218
0.857356
-0.057772
0.316324
0.607288
-0.087436
0.964232
0.706778
-0.933653
0.368877
-0.081088
0.846553
0.826655
0.327738
-0.878231
0.200537
0.492538
0.529710
0.721427
0.225867
-0.355449
0.513962
-0.296976
-0.491562
-0.212256
-0.341350
-0.808954
-0.996216
0.332499
0.764885
-0.938414
-0.965026
-0.354778
0.013764
0.534104
-0.401105
0.324320
-0.051912
0.034333
0.007721
-0.996155
-0.606189
0.603809
0.699271
-0.151219
-0.903439
0.778863
0.681814
-0.828730
0.459700
-0.352947
-0.906858
0.826960
-0.736625
0.187597
0.148106
0.405255
-0.788507
0.463729
-0.231788
0.079989
0.170141
0.892331
0.670400
-0.843684
0.513047
0.199255
-0.866390
-0.483993
0.989013
-0.491806
0.006806
0.558885
0.323954
0.686758
-0.414045
0.130467
-0.413617
-0.156285
-0.573107
-0.859859
-0.017243
-0.352031
-0.601001
-0.182531
0.877621
0.119419
-0.652394
-0.960997
-0.362346
-0.306681
-0.259072
-0.306375
-0.774407
-0.889828
0.465682
-0.065096
0.982604
0.536180
0.851558
0.976806
0.667348
0.873348
0.265786
-0.906247
0.112033
-0.536119
-0.460799
0.632496
0.569750
-0.338298
-0.558214
0.765130
-0.171422
0.655141
0.474776
0.525193
0.552232
0.475021
-0.917478
-0.713919
0.201453
0.266945
0.762200
-0.455672
-0.265603
0.786554
0.353557
0.140904
-0.682546
-0.704337
-0.953612
-0.954283
-0.055269
-0.923093
-0.855220
0.748527
-0.199011
-0.664907
-0.344829
0.220862
0.619190
-0.239113
-0.052461
-0.858821
0.071139
0.470504
0.125278
0.734916
-0.984741
-0.674856
0.807611
-0.070162
-0.670217
-0.348186
0.154759
0.677419
-0.374310
0.304117
0.049226
-0.107273
0.634693
0.479415
-0.281350
0.069308
0.145177
0.003265
-0.078219
-0.100986
0.048982
-0.765007
-0.058321
-0.266030
-0.864803
-0.903073
0.952940
0.167211
-0.914853
-0.113620
0.134922
0.417463
0.144810
-0.287759
-0.524644
0.024079
-0.411176
-0.609729
-0.151830
-0.753105
0.661794
-0.810236
0.455245
