0.138096
0.345622
-0.570849
0.993835
-0.754265
0.543748
-0.060213
0.458480
-0.286905
-0.332987
0.302469
-0.877316
0.178076
0.085116
0.502365
-0.643544
0.184484
-0.156774
-0.052522
0.103000
0.837519
0.008393
0.529588
0.978271
-0.111423
0.594226
0.527940
0.024689
0.148045
0.971313
0.766839
-0.855403
0.861263
0.151708
-0.861873
0.632862
-0.425459
0.110141
-0.542222
0.987060
-0.146702
-0.142491
-0.609058
-0.194250
-0.469955
-0.110691
0.143284
0.654347
-0.113498
0.486862
-0.128269
-0.287454
-0.786126
0.326456
0.650563
-0.666982
-0.581835
-0.215491
0.960570
0.273476
0.375652
0.546739
-0.055208
0.472335
-0.046113
0.216407
-0.596667
0.853877
0.329081
-0.977233
-0.414594
0.273721
-0.822871
-0.921384
0.945738
-0.295511
0.604541
0.249733
0.912778
-0.262490
-0.811090
0.153783
-0.559252
0.293619
0.289407
-0.225684
0.359600
0.420759
-0.674001
-0.462264
0.413190
-0.684744
-0.452498
0.236427
0.750603
0.699026
0.624317
0.504746
-0.168432
-0.220923
-0.473067
-0.634999
0.374371
0.077059
0.379315
0.218116
-0.702750
0.074557
-0.147252
0.044404
-0.288797
-0.727775
-0.299722
-0.621265
0.315775
-0.638722
-0.683645
0.085665
0.246498
-0.434370
-0.593738
0.423200
0.466475
0.369243
0.776116
-0.239601
-0.403546
-0.298257
-0.573351
-0.052034
0.501572
-0.605762
0.124851
0.735038
-0.181677
0.538560
-0.637684
-0.631092
0.112094
-0.754021
-0.554247
0.128086
-0.308206
0.156957
0.808161
-0.643849
-0.019135
0.037873
0.628162
-0.179418
0.769829
0.820917
0.140721
-0.300638
-0.309610
0.749931
-0.038057
-0.001373
-0.556871
-0.335978
-0.626942
0.563952
0.110813
-0.394879
-0.985412
-0.861751
0.571581
-0.149876
-0.990417
0.105075
0.901425
-0.411908
-0.314493
-0.024384
-0.842158
0.896420
0.508286
-0.546007
0.424970
-0.824213
0.172155
-0.763237
-0.952452
0.201575
-0.238868
0.271767
-0.306253
-0.932676
-0.940123
-0.510544
0.201880
0.688406
0.772271
-0.576281
-0.002289
-0.469955
-0.114963
-0.897214
-0.272561
0.004975
-0.118198
-0.038179
0.532884
0.596179
-0.406110
-0.214698
-0.166356
0.659597
-0.438215
0.187841
-0.624805
0.023652
0.997314
-0.856319
-0.317728
0.710807
-0.768181
0.814081
-0.613880
0.329325
-0.974425
0.834956
0.179479
-0.879147
-0.851985
-0.041108
0.743400
-0.354778
0.866939
0.634693
0.236671
-0.374676
0.445723
-0.511582
-0.008759
0.590136
-0.751335
0.759453
-0.576281
-0.298807
0.983398
-0.827387
0.873348
0.123875
0.271645
-0.100192
-0.145238
-0.411786
0.834223
-0.982788
-0.837214
-0.267067
0.438398
-0.972533
-0.358684
0.668447
-0.438826
0.167699
-0.900998
-0.556993
0.971435
-0.548936
0.660512
-0.273659
0.763359
0.246559
-0.534776
-0.340251
0.809809
-0.381268
-0.619373
0.184118
0.089999
-0.464278
-0.369121
0.968505
-0.612598
0.684378
0.369182
-0.711478
-0.797418
0.218177
0.571825
0.957640
-0.675039
0.694998
-0.107822
0.223975
0.963500
-0.009674
0.590686
0.579516
-0.859798
-0.290262
-0.066561
-0.594592
-0.028291
-0.287576
0.077670
0.174047
0.251381
0.224342
-0.499374
-0.216590
0.777825
-0.506455
-0.782830
-0.928404
0.179113
0.032746
-0.991272
0.243568
0.739372
-0.602222
-0.635731
0.185766
0.909116
0.421125
0.820002
0.898679
0.847407
-0.635365
0.537400
-0.473128
-0.184301
0.079257
-0.596545
-0.518418
0.837580
0.454146
-0.605457
-0.187963
0.733879
0.481307
0.711173
0.506211
0.288064
-0.319315
0.349834
-0.011750
-0.964293
-0.199683
0.388348
-0.744865
0.140294
0.795831
0.250465
0.651479
-0.814386
-0.581957
0.818842
0.214454
-0.458602
-0.788507
-0.860408
0.842830
0.543748
-0.233070
-0.479232
0.364483
-0.192724
0.328776
0.534593
-0.072054
0.183203
0.916440
0.934263
0.404645
-0.406476
-0.361248
0.773003
0.824946
-0.441877
-0.515305
-0.562548
-0.295022
0.621998
0.117588
-0.280496
0.308451
0.594714
-0.581164
-0.671926
-0.284646
0.692434
-0.094333
0.556993
-0.871761
-0.800897
-0.175146
0.184362
0.622913
-0.450606
-0.780023
-0.123936
-0.187780
-0.244911
-0.375774
-0.986999
-0.105747
-0.735038
-0.236671
0.488266
0.860836
-0.095859
0.606983
0.048799
0.512986
0.746879
0.066622
0.188635
-0.746513
-0.268715
-0.915586
-0.213416
0.272073
0.293252
0.837092
0.960753
0.970702
-0.656301
0.022370
-0.003632
-0.800714
0.705679
0.788934
-0.653005
-0.451888
-0.515061
-0.907407
0.896725
-0.892819
-0.558763
-0.845943
-0.057588
-0.519028
0.267983
0.261818
0.841731
-0.715934
0.927854
0.384869
0.329386
-0.680166
0.044527
-0.850642
-0.023408
0.143223
-0.325297
-0.989013
0.499313
0.862239
-0.540330
-0.704276
-0.482101
0.062899
0.776238
0.615101
0.462935
-0.525132
0.692557
-0.098727
-0.505478
-0.696036
-0.229774
-0.524155
-0.506516
0.743339
0.887753
-0.270241
-0.400922
-0.843989
0.714347
0.122288
-0.828608
0.970153
-0.977966
0.329814
0.332987
-0.454634
-0.454939
-0.238258
0.772210
0.319926
-0.647938
0.641713
0.077120
-0.081576
0.450423
-0.525315
0.174108
-0.236549
-0.219337
0.807733
-0.645680
-0.609180
-0.901120
-0.873898
-0.336650
-0.293069
0.435224
0.714530
-0.892148
-0.696829
0.187109
-0.650807
0.584216
0.511643
-0.872005
0.062593
-0.004364
0.701773
-0.707144
0.763543
0.182897
-0.556139
0.136448
-0.597583
0.893124
-0.995239
-0.061556
-0.125278
0.498276
0.095798
0.007538
-0.997009
-0.969848
-0.397076
0.055757
-0.687063
0.892026
0.472213
0.507309
0.730155
0.833613
0.631703
-0.595935
-0.282571
0.807611
0.026765
-0.677541
0.643239
-0.449873
0.478927
-0.860042
0.175329
0.645802
0.687551
0.287576
-0.979675
-0.494064
-0.919370
-0.498337
-0.719901
0.434065
0.248024
-0.963256
0.832942
-0.911374
0.903256
0.554918
-0.997681
0.118442
0.517930
-0.210242
-0.958373
0.829829
-0.630177
0.635670
-0.065096
-0.600513
0.361919
0.412397
-0.817743
-0.098788
0.172277
0.996338
0.248756
0.992248
0.165136
-0.943541
0.766717
0.143956
0.550768
-0.506394
-0.858760
-0.700430
-0.826533
0.338237
0.933653
-0.811090
-0.626392
-0.755547
-0.563829
0.829157
-0.436201
-0.341533
-0.814264
0.568529
0.115940
0.627125
-0.598621
-0.994385
0.980834
-0.427351
-0.955382
0.193823
0.123325
0.510727
0.351787
-0.572985
0.653615
0.223060
0.184057
0.409833
0.657155
0.962706
-0.820185
-0.601489
-0.692740
0.852840
-0.057833
-0.145482
0.361431
-0.405255
0.397748
0.323405
-0.782830
0.584033
-0.734733
0.284829
-0.677297
0.074618
-0.983520
0.932920
-0.640980
0.785882
0.076144
0.771905
-0.755669
0.224403
0.164403
0.017609
-0.179296
0.658376
-0.350078
-0.929991
0.297342
0.129124
0.877804
-0.938353
0.693838
0.388104
-0.809503
-0.235267
0.411542
0.752068
-0.476180
0.223670
-0.072726
0.545396
0.244667
0.270241
0.562243
0.553209
0.413373
-0.896847
-0.289712
0.186560
-0.473067
0.035493
-0.214393
0.575365
-0.645619
-0.012848
0.232337
-0.434736
-0.887143
0.506149
0.239967
-0.804559
0.119358
-0.041597
-0.487716
0.893063
0.515488
0.277383
0.414106
0.964171
0.989319
0.064364
0.312845
0.936277
-0.095737
0.597522
0.133335
-0.465865
-0.880978
-0.474471
-0.516709
0.755303
0.347392
0.885372
-0.717338
-0.995056
-0.321940
-0.810419
0.423872
-0.821589
0.595447
0.174902
-0.500351
0.307230
0.941038
-0.850642
0.958617
-0.750114
0.866451
0.722098
0.499191
0.509201
0.338298
0.726188
-0.064730
-0.738517
0.084323
0.907834
-0.037385
-0.479843
0.808222
-0.123386
0.719535
-0.919248
-0.760186
-0.060091
-0.110752
0.666250
0.423017
0.535264
0.603320
-0.762139
0.619373
-0.015107
-0.556810
0.532029
-0.636280
-0.337138
-0.049104
-0.504440
-0.445479
0.506272
0.553148
0.608203
0.249794
0.265908
0.634083
0.877255
-0.769036
0.425886
0.985046
-0.422163
-0.703299
0.547288
0.958922
0.309427
0.555101
-0.677847
0.831904
-0.657521
-0.063204
-0.605945
-0.359600
0.463729
-0.419294
-0.744377
0.064547
0.471725
-0.000824
-0.279580
0.577441
-0.517136
-0.901791
0.772454
0.761834
-0.814631
0.582568
0.763054
-0.267312
-0.648671
0.332499
0.693533
-0.919187
0.380535
0.281411
-0.223365
-0.628712
-0.839656
-0.176122
-0.902768
0.975219
-0.159642
-0.374920
0.458846
-0.439863
-0.222022
0.960021
-0.742912
0.156957
-0.171484
0.933226
0.866024
0.761223
-0.798090
0.489975
-0.275307
0.930540
0.071566
-0.609119
-0.848140
-0.218970
0.430525
-0.752556
0.899106
0.561754
-0.764336
-0.692618
0.132237
-0.912412
0.898129
-0.917966
0.084323
-0.776543
-0.955809
0.505722
0.477706
-0.081027
-0.640736
0.765740
-0.987976
-0.780450
-0.238014
0.589953
0.559801
0.651540
0.262856
0.645985
-0.695975
-0.934385
0.924009
-0.755852
-0.935301
0.214881
0.614734
-0.924070
0.619068
0.839595
0.838069
0.574023
-0.864925
0.051546
0.160009
0.039766
0.966063
0.235206
-0.645070
-0.287210
0.750175
0.084750
-0.896054
-0.938108
-0.465682
-0.408002
0.937376
0.192480
0.415510
-0.745598
-0.665822
0.345683
-0.921262
0.292947
0.649770
0.907834
0.001312
-0.608570
0.908444
0.958129
-0.836604
0.440474
0.468429
-0.609607
0.134434
-0.595019
0.871517
-0.262551
0.343181
-0.301248
0.687857
0.040254
-0.034333
0.204627
-0.694632
-0.614673
0.098910
-0.405316
0.970946
0.957091
-0.517014
0.657399
0.570299
-0.247780
-0.664846
0.143345
0.236915
-0.538621
-0.480209
0.314920
-0.604968
0.432539
0.265114
-0.348125
0.943907
-0.144627
0.242531
-0.928770
0.572802
0.035615
-0.753716
0.204749
0.021027
0.078280
0.584765
-0.044893
-0.462569
-0.079806
0.574206
0.145116
0.370647
0.376202
0.834956
-0.814753
0.439314
-0.867489
-0.445479
0.590747
0.439314
0.273537
0.805597
0.062105
0.370525
0.100925
-0.967956
-0.485885
0.548021
0.338420
0.702261
0.184851
-0.192114
0.043550
0.540330
-0.723685
0.481735
-0.571276
0.415571
-0.601856
0.611255
0.388409
-0.524827
0.744804
-0.128758
0.973266
0.832026
0.910642
0.658254
0.612781
0.347880
0.790033
-0.577258
-0.322977
-0.435774
0.735527
0.486862
0.585437
0.217322
-0.584155
-0.524277
0.157201
-0.144139
0.718925
-0.334391
-0.606555
-0.069002
-0.475387
-0.381024
0.540696
-0.509140
-0.903684
0.495956
0.634754
-0.980346
-0.547044
-0.931944
0.302774
0.170019
-0.671316
-0.592883
0.598682
0.945616
-0.730766
0.565844
0.068148
0.339885
0.099460
-0.050142
-0.388897
-0.013092
-0.225684
0.059175
0.818293
-0.232582
0.549181
0.016266
0.659230
-0.754204
-0.976196
-0.642994
0.900998
-0.957396
-0.727226
0.868282
-0.329814
0.403302
-0.986145
-0.652821
0.082369
0.213233
-0.955992
-0.720634
0.158116
-0.987732
0.488205
-0.602771
-0.492965
-0.893307
0.467635
-0.749992
-0.964110
0.944578
-0.213233
-0.083163
-0.949705
-0.668386
-0.602588
-0.827204
0.500229
-0.738151
0.565050
0.234962
0.209754
-0.907590
0.058321
0.598437
-0.685904
-0.711966
-0.118748
-0.249428
-0.190405
0.622669
0.472457
0.866207
0.817988
-0.382916
-0.765191
0.744804
0.565416
0.023164
0.062654
0.879635
0.440779
0.304910
0.841365
-0.769707
0.780938
-0.439863
0.215552
0.379803
0.917478
0.364422
0.192541
-0.697806
0.856746
-0.447676
-0.902158
0.772881
-0.019990
0.886166
0.629505
0.502731
-0.700064
-0.795770
0.305033
0.159215
0.673086
0.470382
-0.948607
0.407453
-0.435652
0.987304
-0.735771
-0.000702
0.558763
-0.422346
-0.343303
-0.740349
0.272622
-0.412641
-0.738517
-0.007660
0.780389
0.909360
0.961791
-0.856624
0.812555
-0.721244
0.205908
0.919553
0.212317
0.864559
0.733024
-0.387432
0.540941
-0.027558
-0.645131
0.151585
-0.900876
0.187963
-0.665883
0.806146
-0.932005
-0.773247
0.724418
0.713065
-0.380413
0.236854
0.275246
0.719535
-0.269265
0.244484
-0.496811
0.311197
0.972411
-0.895260
0.759331
0.940611
-0.822504
-0.944456
-0.897519
-0.298624
0.058260
-0.791375
-0.717643
0.375835
-0.160375
-0.831111
-0.412702
-0.210059
0.731559
0.583361
-0.389996
-0.686453
-0.070284
-0.513108
0.189306
-0.478256
0.079379
0.873531
-0.502487
0.931028
0.913999
-0.815363
-0.738945
-0.065584
-0.114658
0.011139
-0.884335
0.594043
-0.561083
0.672720
-0.897214
-0.969115
0.394757
0.763115
0.600085
-0.923276
0.924986
0.012543
0.068270
0.583666
-0.637928
-0.351970
-0.226905
-0.972900
0.293680
0.850398
0.898434
-0.284829
0.033418
0.252541
-0.432600
0.092685
-0.868770
-0.653432
0.167333
0.433149
-0.070467
-0.027741
-0.926267
0.612232
-0.904904
0.653737
-0.894223
-0.864864
-0.103244
-0.467574
-0.224647
0.283486
0.681753
0.786248
0.614917
0.189184
0.933164
0.313761
-0.162999
-0.638844
0.942930
0.406598
0.136509
0.997131
-0.415143
0.487655
-0.918577
-0.944090
-0.710623
0.923460
-0.778802
-0.050569
0.510849
0.241127
0.662404
-0.018097
-0.402631
-0.987854
-0.024689
-0.925230
0.212195
0.877071
-0.160558
-0.081271
-0.143651
-0.949095
0.336650
-0.834590
-0.673940
-0.398724
-0.784173
-0.687796
-0.068026
0.542405
-0.627613
-0.690664
0.008820
-0.021882
0.667409
-0.469161
0.881527
0.249489
0.451460
-0.467696
-0.635670
0.187841
0.004059
0.391644
-0.026582
-0.259743
0.350383
-0.006256
-0.627857
0.189184
-0.458541
-0.085482
0.707938
-0.190222
0.997986
0.362407
0.254677
-0.008209
-0.109165
0.029878
-0.759636
0.847102
-0.358135
0.674123
0.883663
-0.203711
-0.440535
0.800714
-0.031465
-0.329081
0.725089
0.616260
-0.657582
-0.731254
0.530381
0.600085
0.776238
-0.098849
-0.116977
0.383404
0.112339
0.962706
0.168676
0.399152
-0.783929
0.701590
-0.105136
0.019257
-0.132603
-0.990661
0.966369
0.317484
0.739494
0.772698
-0.027192
-0.249367
-0.447920
0.768548
0.430708
-0.595691
-0.087252
-0.769280
0.254189
0.068941
-0.540391
0.765679
-0.396039
0.059114
-0.791559
-0.426191
0.764397
0.797235
-0.302713
-0.294412
-0.972472
0.085482
0.169164
0.845149
-0.220801
0.512131
0.816034
-0.064730
0.636341
-0.297464
0.992126
0.532456
0.591174
0.907346
-0.710379
-0.505051
-0.850642
0.347697
0.536607
0.193884
0.710318
0.289529
-0.817255
0.948485
0.907407
-0.441023
0.954222
-0.547227
0.722159
0.787835
-0.395001
0.802728
-0.347575
0.698172
-0.173193
0.954283
0.058809
0.891598
-0.311441
-0.415387
0.171422
-0.168676
0.254616
0.250282
-0.267800
0.290750
0.328532
-0.739799
-0.554613
-0.960814
-0.190954
-0.583544
0.229225
-0.719596
-0.139866
0.073214
0.344096
-0.378643
-0.788263
0.923338
-0.991882
0.808588
-0.648061
-0.793451
-0.318155
-0.144871
-0.188147
-0.534715
0.846553
0.445967
-0.081027
0.608081
0.200537
0.235084
-0.282815
0.490036
-0.237342
-0.355449
-0.199316
-0.296976
0.377056
0.316874
0.193884
-0.808954
-0.996216
0.332499
0.924863
-0.899838
0.262062
-0.050874
0.976562
0.399823
-0.194067
0.292520
0.863338
0.529588
0.888302
-0.158361
0.764153
-0.816034
-0.308451
-0.151219
0.451277
-0.786309
0.148595
-0.828730
0.224830
-0.352947
-0.570177
-0.639576
-0.163244
0.038179
-0.674490
-0.983093
0.127720
0.463729
-0.619373
0.574633
0.170141
0.892331
0.469832
-0.012238
-0.513718
0.199255
0.690542
0.013642
-0.719108
-0.697867
-0.604846
0.503525
-0.776666
0.216529
-0.806757
0.356975
-0.213233
-0.590869
0.063936
0.570360
-0.017243
0.027375
-0.905271
-0.764885
0.695669
0.016022
-0.201636
-0.629444
0.261391
-0.755852
-0.259072
-0.456099
-0.663930
-0.459395
0.465682
0.285989
0.584643
-0.273904
0.018281
-0.080294
0.667348
-0.992737
0.265786
-0.085421
0.247597
0.338786
0.697684
0.632496
0.308267
0.328288
-0.320780
-0.052156
0.185949
-0.757988
-0.282815
0.164037
0.852535
0.701529
-0.131321
-0.025544
0.602588
0.922849
-0.666372
-0.003265
0.124485
-0.319987
0.748405
-0.761528
0.082369
-0.492477
-0.553758
-0.122044
-0.052583
0.613208
0.833491
0.303507
0.813227
-0.750175
0.987121
-0.474288
-0.415265
0.195898
-0.052461
-0.858821
0.788995
0.243263
0.833857
0.025605
0.049104
0.953856
0.485275
-0.730094
-0.206519
0.247475
-0.103671
0.757073
0.493881
0.304117
-0.774041
-0.888791
0.206763
-0.595019
-0.128513
-0.938597
0.717032
0.189550
-0.329447
0.856807
0.564135
0.848079
-0.680898
-0.962157
0.329814
0.906858
0.952940
0.167211
0.082247
-0.460860
0.863277
0.743278
0.144810
-0.154759
-0.882199
0.773064
-0.411176
-0.655507
0.085055
-0.464949
0.661794
0.401166
-0.842402
