0.584338
-0.512741
-0.219398
0.715690
-0.237526
-0.424177
0.282510
0.456465
0.465560
-0.267556
0.789789
-0.205359
-0.169530
0.854305
0.158177
0.324992
0.097201
-0.889584
-0.289407
0.298563
0.126682
-0.223304
-0.287393
0.210364
0.568529
0.443587
0.842341
0.425336
0.022858
-0.054048
-0.966491
-0.031770
0.999756
0.873959
-0.263161
-0.916013
0.014008
-0.143406
0.192846
0.333598
0.261391
0.942442
-0.932432
-0.901975
0.629505
-0.445784
0.501205
-0.844966
0.511521
0.483749
0.857662
-0.029817
0.981445
-0.898373
0.205542
-0.178991
0.873287
-0.340251
-0.871334
-0.795587
0.390973
0.447310
0.009369
0.305216
0.903806
0.980590
0.711173
-0.489914
0.286294
-0.626453
-0.145299
0.636708
-0.387555
-0.823420
-0.964171
-0.550707
0.044649
-0.259194
0.083224
0.656972
-0.715201
0.925352
-0.875790
0.366680
-0.831111
-0.148778
0.858394
-0.938047
0.155370
-0.005219
-0.157323
-0.586535
0.730583
-0.580004
0.157079
0.935179
0.927549
0.870174
-0.603931
-0.840510
0.127537
0.137242
-0.366802
-0.529466
0.171606
-0.755913
-0.157567
-0.055818
0.542955
0.716483
0.925840
0.976806
-0.676687
0.025483
-0.578417
-0.769646
0.374798
0.310831
0.413617
0.441755
-0.326518
0.074435
0.850032
0.314249
-0.225135
0.984558
0.736869
-0.928098
-0.185766
0.165319
-0.830683
-0.566088
0.928892
0.849483
0.134190
0.869564
0.424482
-0.913694
0.980834
0.541612
-0.812311
0.973632
-0.314127
0.827143
-0.598315
-0.088473
0.063387
0.351787
-0.133457
-0.770501
-0.092929
-0.677175
0.905454
-0.036897
0.888730
-0.877438
-0.683584
0.059236
0.121677
0.303446
0.755058
-0.938108
-0.726737
-0.380047
0.371258
0.406232
-0.860591
-0.814203
-0.229896
-0.212439
0.628834
0.220618
-0.136937
-0.149083
0.391461
0.020173
-0.502060
-0.594531
-0.967956
0.277627
-0.859249
0.988952
-0.650990
0.477645
-0.223853
0.839839
0.363628
-0.985351
-0.143529
-0.265114
-0.796503
-0.450667
0.221717
-0.331462
0.598743
-0.526658
0.462264
0.129368
0.807611
0.131626
0.296121
0.475021
-0.775323
-0.632008
-0.294412
-0.646779
-0.748833
0.677908
-0.137181
0.018281
0.519822
0.233375
-0.061190
-0.604602
-0.562426
-0.435163
-0.828486
-0.590136
-0.583178
-0.281838
0.036714
-0.856990
-0.310648
0.002655
0.409711
0.525620
-0.487167
0.610950
0.032991
-0.947264
0.407941
-0.138707
-0.008881
-0.990295
0.927610
0.755364
-0.886654
-0.934324
-0.216834
-0.638356
-0.555651
0.708243
0.981994
0.387371
0.324503
0.132176
0.775811
-0.360759
0.815851
0.504990
0.661184
0.164525
0.393170
0.502060
0.426923
0.020600
-0.104099
-0.571947
-0.040498
-0.806879
-0.198584
0.391095
-0.542650
-0.836848
-0.831416
-0.457442
-0.398053
-0.227332
-0.998230
0.670827
-0.923093
-0.320902
-0.887020
0.512070
-0.337382
0.950194
-0.581713
-0.147313
0.765862
-0.999084
0.267190
-0.495041
-0.899167
0.301859
0.220252
0.818049
0.973937
0.910215
-0.460250
0.211646
0.856197
-0.023652
-0.982238
0.721427
-0.322367
0.949278
0.097812
0.018647
-0.445967
0.108371
0.174108
0.950499
0.658010
-0.616321
0.215369
0.476730
0.774651
0.346416
0.263466
0.895993
-0.767876
-0.041963
-0.589709
0.508652
-0.872677
-0.537828
-0.454512
0.797418
-0.410504
-0.882321
-0.373760
-0.887204
0.512070
-0.722526
-0.541368
0.259499
-0.250832
-0.818232
-0.638234
-0.074923
-0.418134
-0.588488
-0.129124
0.768120
-0.918271
-0.410932
0.208838
-0.681082
0.522446
-0.210425
0.706473
-0.068331
-0.341594
-0.072237
-0.554003
0.601733
0.634022
-0.639943
0.792047
0.019074
0.165868
-0.516526
-0.121555
0.051546
0.766350
0.890194
-0.419965
-0.119419
-0.626270
-0.014008
-0.314859
-0.493332
0.285684
0.458357
0.621632
-0.995483
0.889828
0.028291
-0.992553
0.272622
0.592212
-0.091830
0.190771
0.876583
0.703543
0.946593
-0.537217
-0.995972
-0.367229
0.405316
-0.762810
-0.393719
-0.844234
0.739982
0.056429
-0.358928
-0.987915
0.629383
0.756645
0.421003
0.887936
-0.425947
0.493332
0.111667
0.844905
-0.572558
-0.467086
-0.566820
0.976745
-0.615772
-0.534043
-0.643239
0.136814
0.975219
0.662770
0.754692
-0.727409
0.167211
0.602161
-0.403058
0.255837
0.130894
0.240883
0.294046
-0.516709
-0.389203
0.962706
-0.198767
-0.521348
0.402387
-0.088168
0.227577
0.702628
-0.393231
-0.463790
0.229774
0.597522
-0.715690
0.824763
-0.950316
-0.539109
-0.008637
0.520493
-0.574755
0.556444
-0.500595
-0.892026
0.726005
-0.114048
0.069369
-0.562243
0.407697
-0.124058
0.591479
-0.629017
0.302408
-0.296426
0.969787
0.292764
-0.643056
0.994995
-0.910092
-0.665090
-0.983032
-0.771844
0.606006
0.145482
0.874447
-0.436079
-0.805780
-0.293252
0.434004
-0.624805
0.977660
-0.367229
-0.956420
0.033906
0.953368
0.259316
0.596912
-0.106662
0.586291
0.597644
-0.086398
-0.252541
0.121128
0.842463
-0.475387
0.304056
-0.666189
0.458113
-0.085116
0.435774
0.087130
-0.273354
-0.956175
0.720450
-0.466903
0.489486
0.399091
0.568163
0.562670
0.835017
0.787530
-0.561266
-0.806269
-0.704703
0.300943
0.945860
0.741752
-0.466597
-0.057772
0.638905
0.458357
0.865230
0.298135
-0.724967
0.528123
0.309427
-0.999878
0.132725
0.828364
0.508225
0.899472
0.140416
0.243629
-0.042268
-0.394269
0.511704
-0.139012
-0.793756
0.398053
-0.604114
-0.537461
-0.389691
0.931028
0.405866
-0.177831
-0.233680
0.489853
0.180517
0.874630
0.099704
0.590686
0.008698
0.589526
-0.356670
-0.945067
-0.053133
0.791559
-0.382122
-0.233558
-0.052950
-0.734184
0.321818
0.881527
-0.434065
-0.488021
-0.873409
-0.650746
-0.951415
0.453230
0.273782
0.225684
-0.939817
0.276528
0.105564
-0.899777
-0.504440
-0.607898
-0.157384
-0.060823
-0.269143
0.264138
0.917783
0.353008
-0.218116
-0.101169
0.050508
-0.582507
-0.101901
0.310648
0.234230
-0.911313
-0.993652
0.914487
0.053926
0.224647
0.206824
0.205054
-0.543443
-0.738639
-0.920042
-0.100009
0.870296
0.174841
0.348552
0.052644
0.201941
0.720145
0.585314
-0.420392
0.420454
-0.731132
0.743339
-0.506943
0.701041
0.352824
0.707938
-0.007660
0.454878
0.123203
-0.580248
0.360027
-0.753594
0.129368
0.350871
0.695853
0.709098
0.388226
-0.548509
0.414777
-0.849666
-0.822932
-0.931700
-0.447798
-0.497360
0.080416
-0.430403
-0.144444
0.233558
-0.594409
-0.934446
-0.032807
-0.666066
0.182104
-0.243995
-0.895016
-0.528428
0.961730
-0.141087
0.863643
-0.052583
-0.312357
0.469344
0.909909
0.142857
-0.080355
-0.107578
0.841426
0.973388
0.231910
-0.682669
0.245705
0.561998
-0.005219
0.451765
-0.813349
-0.338237
0.887997
-0.142918
-0.544176
-0.187292
-0.634754
0.128880
-0.145421
-0.172216
0.298929
0.882565
0.560900
0.084689
-0.347453
0.668874
-0.969115
-0.123325
0.538133
0.913083
0.127232
-0.803095
-0.817377
0.925779
-0.784417
0.599109
-0.575732
0.435347
-0.249001
-0.916440
0.077425
-0.419294
-0.138157
-0.661489
0.632801
0.673452
-0.419660
-0.106845
-0.100314
0.404035
0.704459
0.140721
-0.006439
0.768975
0.128574
0.939817
0.395123
-0.991394
0.668264
0.239723
0.957335
-0.398602
0.763848
0.047639
0.507675
0.859737
0.693777
0.510300
0.346721
0.906247
-0.841487
-0.915525
0.462874
0.763787
-0.921323
-0.389813
0.838069
0.739494
0.155614
0.730033
0.118931
-0.614856
-0.648549
0.298990
-0.578906
0.294961
0.340617
0.048250
0.003937
-0.707755
0.765252
-0.006745
-0.134434
-0.871212
0.706290
-0.036592
-0.048799
0.786920
0.216651
-0.065340
0.108188
-0.765923
-0.115879
-0.155736
-0.558153
-0.310099
-0.776971
-0.611560
-0.796625
0.240150
0.687246
0.593310
-0.096408
0.293008
-0.292459
-0.498093
-0.909970
-0.926817
0.846736
-0.848933
-0.618641
0.394696
0.591784
-0.430342
-0.420026
-0.333598
-0.179296
0.425459
-0.273232
-0.298868
-0.761956
-0.933287
-0.363872
-0.772454
-0.946471
-0.630116
-0.160253
0.521226
-0.975707
0.719718
-0.513779
0.293680
-0.084201
0.682730
0.382122
0.325236
-0.647328
-0.389569
-0.721183
0.720450
-0.169042
0.508286
0.298990
-0.245033
-0.793268
0.168798
0.666494
-0.905698
-0.516953
-0.180761
-0.952818
0.260781
0.651723
-0.524644
0.539109
0.132237
0.961974
0.143162
0.850276
0.031831
-0.178381
-0.838374
0.167760
-0.735221
0.381268
-0.904111
-0.504868
-0.748589
-0.102451
0.570605
0.805475
0.420270
0.083163
-0.237098
0.123875
0.773797
-0.677175
-0.729423
0.861812
-0.484787
-0.269204
-0.125523
-0.853694
0.518113
-0.718497
-0.894162
0.708182
0.920774
-0.170629
0.680837
-0.016083
0.026093
0.371014
0.501328
-0.388775
0.929624
0.072726
0.308817
-0.398236
-0.048250
-0.756767
-0.707938
-0.618397
-0.265297
0.307047
0.440535
0.508591
-0.202063
-0.126804
-0.906064
-0.104770
-0.561815
0.637745
0.028291
-0.634388
-0.886471
-0.092502
0.497665
0.327006
0.665029
0.678762
0.588977
-0.429487
0.462752
0.388714
-0.484420
0.030610
-0.466842
-0.544786
0.400006
-0.183569
0.160741
0.874264
0.854549
0.741081
-0.714347
0.439558
0.779778
0.718131
-0.823237
-0.127842
0.252602
-0.409101
0.900693
-0.871639
0.973571
-0.745903
-0.492599
-0.178503
0.789972
-0.250587
-0.171361
0.192053
-0.791559
-0.789727
-0.948912
0.369304
0.536241
0.436445
0.409650
-0.180639
-0.919797
0.083712
0.604358
0.951170
-0.400250
-0.004364
0.048738
-0.752129
0.487777
0.259194
0.175024
-0.902097
0.762627
-0.773064
0.032746
-0.793878
0.085665
-0.132176
-0.045503
-0.647206
0.944884
0.377606
-0.060701
0.379254
-0.440046
-0.155553
0.304849
-0.726371
0.228004
0.274209
-0.819147
-0.824030
0.942564
-0.084872
0.713858
-0.509323
-0.079928
0.212317
0.629078
0.593677
-0.066561
-0.864193
0.831538
0.803278
-0.598621
0.261879
-0.166234
0.384991
-0.528916
-0.056124
0.498154
0.806574
0.332438
0.282693
0.460433
-0.917966
0.294839
-0.052095
0.473006
0.005585
0.091830
-0.627796
0.462691
0.283303
-0.916623
0.234230
0.898129
0.518113
-0.916807
0.013153
-0.704459
-0.390362
-0.300455
0.920408
-0.198035
0.816523
-0.913938
0.000397
-0.100070
-0.058138
0.253883
0.890439
0.617176
0.784478
0.661122
-0.584277
0.348308
-0.614673
-0.709342
0.299905
-0.421308
-0.541795
0.503342
0.333842
-0.756890
-0.968993
-0.288553
0.119541
0.989380
0.308023
0.853084
-0.869625
0.126133
0.790033
-0.454756
-0.842036
0.854671
0.256752
-0.954772
-0.790399
-0.076205
0.763176
-0.626209
-0.189489
-0.966491
-0.320780
-0.299112
0.356243
0.760186
0.202857
0.985046
0.660451
0.953612
0.234657
0.375469
0.330058
-0.191748
0.655629
0.607898
0.638478
0.203284
0.835261
0.355998
-0.745842
0.023530
0.498337
-0.328349
-0.163366
0.747063
-0.820856
-0.973083
-0.673635
0.083895
-0.106784
-0.872433
-0.955321
0.457869
-0.627003
-0.884213
0.298013
-0.166723
-0.410749
-0.921445
-0.009064
0.861995
0.830805
-0.876705
0.558519
0.994507
0.054781
0.179968
0.964599
0.097079
-0.070650
0.491440
0.332865
0.083346
0.355998
0.323099
-0.199805
0.249245
0.494675
-0.243080
-0.747185
-0.521531
0.008576
-0.343791
-0.775628
-0.246254
-0.574572
0.125767
-0.804559
-0.816706
-0.030427
0.165685
0.258095
0.116062
0.763359
0.156285
-0.827754
0.908139
0.992676
-0.341166
-0.465987
0.537339
0.572497
-0.738762
-0.880184
-0.311625
0.225806
-0.046724
0.696402
-0.093051
-0.289163
0.779839
0.477584
0.148412
0.866634
-0.417707
0.909970
-0.844234
0.919797
-0.563829
-0.255287
0.862911
-0.371990
-0.200720
-0.765435
-0.130589
-0.385601
0.820917
0.032258
-0.166417
-0.535325
-0.913388
0.601856
-0.640553
0.643422
0.823420
-0.285623
-0.990356
0.391644
0.264382
0.635365
0.335429
-0.957091
-0.341044
0.804743
0.249062
0.576342
-0.606067
0.560228
-0.434004
0.956664
0.729057
-0.568957
0.985290
-0.799127
-0.787835
-0.922422
-0.731437
-0.498947
-0.566820
-0.061556
0.300882
-0.925962
-0.359600
0.150792
0.403729
0.283975
0.834101
0.421003
0.051912
0.314188
0.388531
0.350017
-0.735221
-0.718619
-0.162511
0.017731
-0.683279
-0.947935
0.638356
-0.879757
0.823542
-0.959410
0.780145
0.779046
-0.185522
0.843806
0.442183
-0.370037
-0.677419
0.780267
0.039155
-0.384686
0.310038
0.184057
-0.150731
-0.899350
0.504074
-0.014191
0.140294
-0.443587
-0.679495
0.929136
0.406293
-0.917234
-0.450240
0.656667
0.612476
0.860897
-0.222388
0.351421
-0.561876
-0.944212
0.439802
0.302408
0.857418
-0.573473
-0.286721
0.641835
0.048128
-0.676321
0.340373
-0.372967
-0.810480
0.816889
0.952818
0.121006
0.566088
0.907651
0.804254
-0.635426
-0.916929
0.450423
0.554003
-0.200781
-0.027863
-0.012360
0.586718
-0.505844
0.790887
0.644093
0.462081
0.522568
-0.935606
-0.289346
-0.470138
-0.993103
0.387005
-0.437178
-0.872127
-0.322611
0.054720
-0.793756
0.133091
0.412641
-0.387677
0.613330
0.388531
-0.604114
-0.872494
0.292520
0.740471
0.738151
-0.483444
0.506455
0.975890
0.050813
0.751396
-0.146336
-0.121006
-0.206702
-0.959838
0.345439
-0.005585
-0.510483
-0.457686
-0.174291
-0.808832
0.240638
0.142735
-0.986755
0.017853
0.712149
0.370464
-0.156224
-0.679922
-0.937925
-0.997681
0.526353
-0.093783
0.234046
0.555956
-0.152684
0.540147
0.922239
0.538560
0.747063
-0.025544
-0.691885
-0.833186
-0.482467
0.496506
-0.161657
0.841853
-0.230262
0.469588
-0.768365
0.244789
-0.033540
-0.256508
-0.307352
-0.061495
0.967467
0.629872
0.061251
0.275307
0.785272
0.899655
-0.285806
-0.519211
0.277505
0.564562
-0.332377
0.143773
0.105564
0.025117
-0.247353
0.172765
-0.593860
-0.278603
-0.457320
-0.308390
-0.225135
-0.108554
0.544603
-0.182714
-0.983215
-0.391522
-0.711051
-0.547472
-0.103000
-0.682852
-0.328532
0.318400
0.343364
-0.651357
0.231178
0.277261
-0.594470
-0.243629
-0.881100
0.564501
-0.263588
-0.078097
0.368145
-0.943602
0.439558
0.692618
-0.024506
-0.181982
0.052583
-0.651296
-0.640553
-0.626026
0.235389
-0.294595
-0.592944
-0.950743
0.034028
-0.016205
-0.567431
-0.326823
0.932737
-0.801019
-0.436689
0.473739
-0.164647
0.157201
-0.238563
-0.747673
-0.355754
0.309977
0.935850
-0.012055
-0.597705
0.743767
0.770135
0.029145
0.792291
0.246315
-0.040559
0.176672
-0.652211
0.359050
0.186254
0.683157
0.563524
0.044343
-0.395306
-0.897458
0.906613
0.937132
0.585253
0.455794
-0.105136
-0.912351
0.667531
0.144017
-0.898434
0.871395
0.680227
0.710257
0.743767
0.881039
-0.595996
-0.499191
-0.752373
-0.566637
-0.648793
-0.405011
0.741508
0.628712
-0.365215
-0.426374
-0.842463
0.093905
-0.840266
-0.993835
0.647267
0.314249
-0.519578
0.581225
-0.604602
-0.028169
-0.010529
0.737968
-0.100497
0.631825
-0.686880
0.646718
-0.780267
-0.303995
-0.671072
-0.144261
0.981750
0.860103
-0.571825
0.323283
0.541368
0.602832
0.989563
0.800104
0.614307
-0.078280
-0.210059
-0.459334
-0.294595
0.998840
0.665578
0.918638
-0.316507
-0.236061
0.078890
-0.289285
0.126133
0.626453
0.709647
0.516037
-0.554125
0.578051
0.481063
0.297220
0.234474
0.816645
0.206030
-0.596484
0.013092
-0.031709
-0.632740
0.603381
0.137181
-0.139805
-0.707022
-0.995788
0.656850
-0.945921
0.203162
0.117466
-0.710929
0.142796
0.167089
0.604419
-0.207739
-0.374981
-0.737724
0.873226
-0.645192
0.887753
0.392926
-0.224158
0.034883
-0.525803
0.905210
0.719840
0.195471
-0.335490
0.077303
0.384442
-0.369671
-0.875729
-0.573290
-0.067598
0.096835
0.564806
0.531724
0.545701
0.700369
0.974548
0.771966
0.546434
0.340983
-0.838435
-0.860042
-0.166051
-0.820368
0.908933
0.722037
0.883236
-0.894528
-0.394513
0.947874
0.604846
-0.920103
-0.336650
-0.227393
0.598376
0.835994
0.056307
0.601184
-0.345805
0.720817
-0.072726
-0.424360
0.651173
0.067415
-0.456221
-0.450423
-0.799310
0.063692
-0.978515
-0.845149
0.214515
-0.512131
0.900815
0.278542
-0.795709
-0.041719
0.211768
0.962096
-0.086032
-0.633839
-0.997803
0.914731
-0.123875
-0.345744
0.714103
0.750359
-0.070101
-0.113071
0.772515
0.593371
0.145116
0.663076
-0.882260
-0.921140
0.448714
-0.662099
-0.937193
-0.833369
-0.180639
0.610401
-0.290689
-0.240944
-0.746757
-0.223975
-0.887082
0.758599
0.947020
0.364177
0.568041
-0.360027
0.570788
0.577136
-0.013764
0.939451
0.829768
-0.675954
-0.854854
0.932920
