0.715079
-0.746574
0.900876
-0.840999
-0.191259
0.293985
-0.869198
0.193396
-0.708121
0.530320
0.792352
-0.324381
0.105014
-0.956053
0.267556
0.227454
0.492660
-0.382672
-0.450850
0.838679
0.087069
0.922910
-0.492721
0.620716
-0.278420
-0.487899
0.403302
-0.229163
-0.823237
0.025056
-0.997620
-0.999207
0.851924
-0.640187
0.282815
-0.352763
-0.103488
0.327799
-0.191259
-0.517685
-0.244789
0.713126
0.840938
0.468123
0.843013
-0.374737
0.584887
0.289468
0.829340
0.215918
0.473434
-0.484848
-0.906247
0.407331
-0.709586
0.241493
0.600513
-0.726005
0.872555
-0.419965
0.832698
0.609729
-0.377483
0.655385
-0.253212
-0.032197
-0.156835
0.410749
0.990783
0.517624
0.367534
0.093905
0.555895
-0.920042
0.712333
-0.268410
-0.971740
-0.344035
-0.175268
0.822199
-0.235939
0.791986
0.312601
0.322916
-0.164159
-0.332621
0.170812
0.404950
0.980773
0.188635
0.964049
-0.746513
-0.371136
-0.014863
-0.134434
0.255959
-0.286172
0.164342
-0.009857
0.922422
0.275674
-0.979614
-0.420270
-0.874325
0.570605
-0.270608
-0.885556
-0.640065
-0.441511
0.313272
0.992859
0.015961
0.992737
0.525803
0.317789
-0.486923
-0.457991
0.574023
-0.813288
-0.687857
-0.241310
-0.426862
0.852596
0.513108
-0.849178
0.256508
0.363689
0.914914
0.066500
0.513779
-0.894406
0.738456
-0.853328
0.342448
-0.691580
0.035432
-0.799432
0.358379
-0.516648
-0.826899
-0.387799
0.438398
-0.503525
0.149205
-0.410504
0.455855
0.928465
-0.582202
0.077792
-0.544359
-0.253029
-0.398724
-0.322672
0.816950
0.883175
1.000000
-0.496811
-0.271828
-0.988647
-0.588916
0.630787
0.703421
-0.620655
-0.029328
-0.387799
-0.322001
0.986084
-0.059847
0.207495
0.447859
0.101779
-0.987243
0.507065
0.393170
0.997620
-0.754753
-0.050020
0.772332
0.377667
-0.740104
0.775018
-0.580493
-0.478988
0.688955
0.078890
0.582018
0.184851
-0.111911
-0.946409
-0.486496
-0.020356
-0.452437
-0.670400
-0.493393
-0.259682
0.002411
-0.207556
-0.626453
0.106357
0.929075
0.568224
-0.872433
-0.947813
0.674368
-0.877010
-0.310831
0.951109
0.452132
-0.526963
-0.849727
-0.016144
-0.267495
0.924314
-0.695364
-0.937193
0.064669
-0.307718
0.466597
0.073519
-0.587817
0.142796
-0.818842
0.848506
-0.479659
-0.615345
-0.829279
0.984191
-0.653432
0.753410
-0.917722
-0.843318
-0.272683
0.495956
0.547227
0.279397
-0.096469
-0.171239
-0.537034
-0.990417
0.718863
0.495041
0.558214
0.259560
-0.203833
-0.586230
-0.291177
-0.555651
0.405866
-0.413800
0.764214
0.787408
0.061556
0.199744
-0.469832
-0.111362
-0.700064
0.950560
-0.650929
0.237037
-0.663747
0.561022
0.156896
0.948912
-0.847285
0.515427
-0.000031
-0.860714
0.597766
-0.861995
-0.242103
-0.332316
0.736503
-0.629933
0.507248
-0.666494
0.140172
0.732963
-0.656972
-0.252297
-0.302774
-0.728568
-0.483261
0.335185
-0.889828
-0.674612
0.614734
-0.555712
-0.689261
0.173193
-0.980651
0.217627
-0.648061
-0.671255
0.049776
-0.408490
0.666311
0.198584
0.420576
-0.065035
0.796991
-0.784967
0.715079
-0.253029
-0.870968
-0.194739
-0.972228
0.913144
-0.194006
-0.707999
0.650136
0.843135
-0.887082
0.413312
-0.800409
0.792230
-0.140416
0.185949
0.780694
-0.770562
-0.865719
0.350932
-0.499496
-0.836726
-0.307413
-0.935789
0.640309
-0.385052
0.299844
-0.620289
-0.244057
0.867550
0.252174
-0.584887
0.943052
-0.450850
0.620838
0.365398
0.228187
-0.560717
0.563097
0.475753
0.687796
-0.317423
0.131993
-0.854488
-0.548387
0.993164
0.769158
0.899960
-0.610950
-0.049043
0.041108
0.219398
0.275674
0.463363
0.177953
-0.004364
-0.531907
0.557115
0.394269
-0.083346
0.476669
-0.408551
-0.209387
0.233497
0.066195
0.603687
-0.248756
-0.259682
-0.933714
-0.376751
-0.751274
-0.067782
-0.999878
0.709952
0.186438
-0.083895
-0.208106
0.411420
0.885006
0.803278
0.686331
0.563097
0.742729
-0.269692
-0.395611
-0.074129
0.559557
0.103244
-0.947569
0.340129
0.317484
-0.965880
-0.984069
0.141209
-0.308084
0.554552
-0.410810
0.643300
0.501572
-0.133946
0.487472
-0.936155
-0.742973
-0.807855
-0.468978
0.798395
-0.706290
0.234596
-0.760613
-0.333964
0.935240
-0.440596
0.857234
0.542100
0.472030
0.922910
-0.359905
0.491134
-0.219275
-0.250649
-0.212012
0.381634
-0.703909
-0.143284
0.306436
-0.077059
0.208716
0.306619
0.770196
0.957213
-0.692557
0.259743
0.371685
0.910337
0.084567
0.674184
-0.287210
0.357952
-0.828181
-0.909665
-0.348369
0.607898
0.340373
0.544969
0.500107
0.109775
0.202429
0.792657
0.231910
0.346660
-0.452864
0.154637
0.986999
-0.533494
0.744865
-0.969176
0.167333
0.944517
0.079012
0.092868
0.219886
-0.504685
0.596973
0.699637
0.346232
-0.506088
-0.184729
0.741142
-0.078036
-0.469588
-0.866634
-0.734916
0.396954
0.229041
0.356792
-0.650807
-0.480880
0.741020
-0.809381
0.810175
-0.184973
-0.143895
-0.767815
-0.367290
-0.515488
-0.942930
0.711783
-0.615345
0.370464
0.941710
-0.281228
0.155675
0.540147
0.571642
-0.877438
0.978027
0.897580
0.574206
0.085482
-0.285379
-0.178747
0.567980
0.376019
-0.260781
0.123386
-0.233497
-0.395672
0.839900
-0.597400
-0.446089
-0.458663
0.817316
0.088412
-0.081149
0.735649
0.250710
0.644154
-0.155248
0.045137
0.119358
0.317606
-0.897336
-0.921690
-0.176061
-0.764214
-0.549364
-0.812922
0.305704
0.965514
0.264626
-0.041902
-0.680898
0.351054
-0.379192
-0.445418
0.357646
0.593860
0.431196
0.225135
-0.110996
-0.462996
-0.275246
-0.590258
0.075716
-0.438887
-0.416852
-0.397809
-0.056429
0.397992
0.077364
-0.655568
0.801080
0.173376
-0.678091
-0.479965
0.412030
0.003571
-0.972411
0.750053
0.120151
-0.106174
0.625355
-0.228919
-0.086032
-0.045869
0.722831
-0.816401
0.442305
0.698843
-0.830988
0.839228
-0.423505
0.531968
-0.158605
0.792840
0.866695
-0.514756
-0.939451
-0.198706
-0.183325
-0.977294
0.606983
0.100131
-0.641591
0.468673
0.795404
0.104465
0.819147
-0.639393
-0.731925
0.010041
0.659413
0.962706
0.319559
0.766472
-0.235389
0.980102
0.381939
0.054964
0.901730
-0.987182
0.967528
0.573168
-0.537156
0.254555
-0.924192
-0.761162
0.759941
0.157506
-0.456221
-0.732353
0.710135
-0.513962
0.237526
0.470992
0.334574
-0.994018
-0.882565
-0.772576
-0.326945
0.343974
0.018036
-0.486068
-0.801080
-0.898862
0.674245
-0.700003
0.353008
0.864010
0.778924
0.991394
0.541490
0.856075
0.940794
-0.330119
-0.406232
0.379559
0.092563
0.436689
0.224708
0.625477
0.596301
0.826106
0.538560
-0.182714
0.100192
-0.827326
0.559862
0.527879
-0.666372
-0.821589
0.738823
0.915891
0.579882
-0.970275
0.168249
0.944151
-0.114597
0.907163
0.372600
0.236549
-0.247414
-0.165441
0.049715
-0.138951
0.847591
-0.184912
-0.932432
0.739494
0.321635
-0.925291
-0.649892
-0.574999
0.001373
0.225745
0.701163
-0.041963
0.284829
-0.687735
0.241127
-0.885861
-0.564501
0.150304
0.694998
0.187353
-0.087130
0.909299
0.809320
0.793878
-0.135594
0.004669
-0.835994
0.397443
-0.007843
-0.222571
-0.928343
-0.639454
0.517258
0.689322
0.008881
0.657277
0.500595
0.300455
-0.775323
-0.569811
0.920835
-0.030305
-0.167333
-0.659658
0.445296
0.585864
-0.105075
-0.947447
0.835017
-0.600635
-0.402509
-0.600757
-0.835200
-0.966857
0.029633
-0.897946
0.087619
-0.392071
0.359783
-0.770135
0.272195
0.376934
0.521958
-0.531297
0.615894
-0.961180
0.956236
0.912168
-0.455611
0.929807
0.704154
0.646779
-0.858089
-0.189001
0.933409
0.770867
0.667165
0.680166
0.747551
0.718070
0.131809
0.587512
0.800287
-0.624134
0.050813
0.708182
0.278115
0.143590
0.803522
0.638112
0.216529
-0.571398
-0.866817
-0.150914
-0.924009
0.274575
-0.321024
-0.901242
-0.872433
0.343608
0.906858
0.878109
-0.437422
0.672964
-0.803217
0.395428
-0.262978
0.008332
-0.282266
0.982727
-0.391705
-0.541246
-0.361736
0.419111
-0.440229
-0.195837
0.957396
0.263894
-0.534227
-0.850581
0.777947
0.745598
0.504929
-0.592639
0.229102
-0.325541
0.500656
0.402326
-0.876278
-0.204749
-0.131138
0.847835
0.594226
0.309793
0.618274
-0.894894
-0.519944
0.556627
0.780999
-0.185339
0.877682
-0.864376
0.745903
-0.516709
0.363994
0.345195
0.766472
-0.475265
-0.583911
-0.446760
-0.777154
0.783624
0.029389
-0.677236
-0.924192
0.264504
-0.812677
0.028169
0.098483
0.337626
0.665334
0.250282
-0.071810
-0.916868
0.442366
0.407575
0.161229
0.023896
0.279519
0.052705
-0.317911
-0.539476
0.371624
0.642201
0.713370
0.369427
-0.218543
-0.276406
0.919675
-0.266762
-0.808771
-0.657094
-0.003265
0.073336
-0.398968
-0.466781
-0.257363
-0.297342
0.846736
-0.714591
-0.942869
0.523667
-0.177587
-0.630543
-0.856868
0.155919
-0.684500
-0.025666
0.001740
0.505783
-0.004059
0.380779
-0.099826
-0.709403
-0.211219
0.933592
0.221534
-0.008454
-0.403912
-0.191565
-0.096774
0.959716
-0.323344
0.117832
-0.938536
0.856319
0.791742
0.640431
-0.417707
0.368938
0.987243
-0.899655
0.298929
0.856746
-0.450850
-0.343547
-0.611866
0.095492
0.691397
-0.386578
-0.630421
-0.005951
0.822199
-0.430036
-0.558336
0.393597
-0.225135
-0.253517
0.274758
-0.609119
0.551927
0.488571
-0.465804
0.446760
-0.421918
-0.230995
-0.358074
-0.180029
0.759819
0.199988
0.577013
-0.249306
-0.001862
0.095859
0.059969
-0.777581
0.179540
0.008881
0.048616
0.055879
-0.135899
0.391278
-0.534532
-0.368328
0.290262
-0.050874
0.846919
-0.601123
-0.331156
-0.988159
0.106235
-0.816340
0.243141
-0.735221
0.498093
0.948302
0.010895
-0.855586
0.045442
0.489303
0.294107
-0.930479
0.118809
0.110752
-0.643849
-0.045930
0.800165
-0.888852
0.159520
0.263710
-0.718986
-0.839167
0.063631
0.616565
-0.635487
-0.184484
0.088168
-0.049409
-0.304056
-0.474654
0.549242
0.350627
-0.160802
-0.987060
-0.752251
0.774346
0.079806
-0.445723
0.396405
-0.874752
0.198828
0.650441
0.456648
-0.434797
0.198767
0.194494
0.447798
-0.351543
-0.986328
0.701712
-0.496689
0.981506
0.226905
0.177099
0.331584
-0.937193
-0.031648
0.147801
-0.004059
0.378826
0.589282
0.681814
0.312296
-0.508591
0.916440
-0.743828
-0.833979
0.041658
0.822443
-0.766106
0.153050
0.821345
-0.357952
-0.774407
0.930784
-0.961364
-0.925108
-0.115024
0.574084
-0.160192
-0.016572
0.810724
-0.496872
-0.377850
0.984252
0.216346
-0.545824
-0.918516
-0.647023
-0.407025
0.281961
-0.696707
0.310770
-0.911496
0.831904
0.119236
0.699149
0.520676
0.074190
-0.527573
0.526048
0.140294
0.450301
0.452071
0.028962
-0.085116
0.734428
-0.029084
-0.186071
-0.607898
-0.430952
-0.579760
-0.046541
-0.816950
0.497238
0.932615
0.245338
0.084811
0.006073
0.162511
0.210425
0.968505
0.922422
-0.188879
0.828303
0.159337
-0.795160
-0.558641
-0.354228
-0.585986
-0.645070
-0.077303
-0.392987
0.145421
-0.510483
-0.981628
-0.972716
-0.601794
-0.876888
0.590136
-0.652211
-0.063204
0.713675
0.892819
0.389325
0.456221
-0.300821
0.723380
0.616993
-0.998840
-0.990234
0.736625
0.265664
-0.178442
0.472396
0.979919
0.057161
-0.113254
0.176672
0.255165
-0.753044
0.103793
-0.457015
0.622913
-0.054659
-0.413739
0.813593
0.865291
0.667470
-0.608875
0.192236
0.552171
0.590442
-0.374737
0.769890
-0.297952
0.271279
-0.987671
0.409955
-0.531114
0.790094
0.450423
0.671987
-0.325175
-0.675588
0.268288
0.855159
0.465133
0.774895
-0.023530
0.878048
0.494858
-0.038118
0.640187
0.165685
-0.645985
-0.238197
0.128208
0.667165
-0.113559
0.763237
-0.303934
0.336283
-0.942259
0.762017
0.942442
-0.697562
-0.877010
0.900143
0.257424
-0.748894
0.809198
0.028413
-0.402203
0.893735
0.021760
0.507248
0.738517
0.473983
0.276284
0.864803
0.915403
-0.473739
-0.717032
-0.152684
0.387249
0.791314
0.466170
-0.451277
-0.180151
-0.370037
-0.231483
0.425520
-0.885922
0.111118
0.213660
0.435896
-0.982543
-0.239723
-0.417768
-0.939756
-0.738456
0.575488
0.984619
-0.810175
-0.427839
-0.252052
0.595325
-0.326518
-0.075716
0.212134
-0.072115
-0.143712
-0.915708
-0.698050
0.289590
0.811640
0.188513
-0.079440
0.629322
-0.332926
-0.018036
0.193823
-0.987609
0.553392
-0.485214
-0.263405
0.242958
0.593432
0.598560
-0.604968
0.479598
-0.905515
-0.083834
0.782647
-0.113987
0.466292
-0.419416
-0.400372
-0.548387
0.787469
-0.949522
0.971068
0.141148
-0.664113
-0.192724
-0.127659
-0.115085
0.341716
0.305277
0.328898
-0.441755
0.088351
-0.230995
-0.045442
-0.145299
-0.470565
-0.159154
0.888180
-0.631031
0.551500
0.452071
-0.266091
-0.308206
0.940001
0.067354
-0.577441
0.818476
-0.911618
-0.117405
-0.069674
0.319254
0.479720
0.992187
0.471358
0.519028
-0.983581
-0.464034
0.188086
-0.796381
0.942869
-0.365398
-0.166417
0.026704
-0.558458
-0.683584
-0.543260
0.436750
-0.194555
-0.360271
0.563768
-0.107822
0.986755
0.359783
0.585009
0.444929
0.867061
-0.292154
0.429853
-0.748833
-0.583422
-0.852840
-0.804193
0.337504
-0.244911
0.492538
0.939573
-0.881771
-0.087130
0.454451
0.407636
-0.995666
-0.163610
-0.361370
0.906186
0.361736
0.295877
-0.267129
-0.815424
-0.293313
-0.481429
-0.216346
-0.764275
-0.162145
-0.731620
0.567614
0.311747
0.513779
-0.249794
-0.113254
-0.155492
0.716483
-0.250710
-0.860042
0.288125
0.177282
0.297952
-0.291849
0.590197
-0.859066
0.340800
-0.396222
-0.333476
0.944456
0.604724
0.597217
0.307840
-0.219092
-0.512925
0.424055
-0.771233
0.848384
0.043062
-0.334574
-0.530381
0.904599
0.412580
0.250160
-0.008148
0.872127
-0.054964
-0.048250
-0.168310
0.156957
-0.624500
0.684133
0.473739
-0.370708
0.171667
-0.455794
-0.251503
0.432173
0.128147
-0.824213
0.398846
-0.491806
-0.207923
-0.284219
-0.949644
0.736991
-0.620716
0.459883
-0.014740
-0.052095
0.569689
0.204688
0.108249
-0.815241
-0.757500
0.353679
0.098422
-0.281961
0.624805
0.171484
-0.293558
0.994568
-0.309854
-0.679189
-0.213660
0.881466
-0.446272
0.751762
-0.179418
0.177465
-0.920042
-0.508469
0.588061
0.875546
-0.696097
0.464888
0.507859
-0.337687
0.760247
-0.834223
0.278054
0.373577
-0.683462
-0.682730
-0.218360
0.426130
0.899655
0.096896
0.725883
-0.820734
-0.212012
-0.454085
0.479720
0.365642
-0.172033
-0.282510
0.998718
-0.712821
-0.311380
-0.857906
-0.494186
-0.803522
-0.566149
0.716483
0.949828
0.084078
0.238807
0.941588
-0.779046
-0.529160
0.804498
-0.493637
-0.634144
-0.523484
0.248085
0.537156
0.295022
-0.253700
-0.913633
0.091525
-0.198889
-0.965209
-0.351787
-0.252113
-0.634571
-0.522080
0.734916
-0.923154
-0.772515
-0.713858
0.846614
-0.792718
-0.453413
-0.568957
-0.662709
0.394818
-0.445479
-0.416669
-0.728751
-0.531602
-0.955443
0.248390
0.517930
-0.527818
-0.772942
0.767388
-0.834956
-0.577685
-0.007965
-0.510117
0.776421
0.450240
-0.943785
0.569506
0.593799
-0.294107
-0.006989
-0.531602
-0.771966
0.749626
-0.817499
-0.137608
-0.061739
-0.999756
0.055452
0.307779
0.323405
0.748283
-0.045442
0.182714
-0.913633
0.567980
-0.222571
0.543626
-0.919492
0.269631
-0.442061
0.162206
0.856014
-0.118381
0.972716
-0.237953
0.155797
-0.591357
0.312967
0.282144
0.665517
0.850764
-0.014618
0.719901
-0.683645
-0.021271
-0.986877
-0.343364
0.998108
-0.386456
-0.381573
-0.034028
0.008393
0.411481
-0.626637
-0.285989
-0.252297
0.591479
-0.805597
-0.327433
0.426374
0.923276
0.030061
0.739494
0.468795
0.989929
-0.955687
0.419599
0.468978
-0.146031
0.921079
-0.349834
0.217505
-0.393719
-0.462691
-0.470199
0.894162
-0.372051
0.390728
-0.395123
-0.996338
-0.491562
-0.222571
-0.661794
0.360454
-0.879269
0.063692
-0.283486
-0.366619
0.435224
-0.377422
-0.928770
-0.565111
-0.360088
-0.278115
-0.059114
0.246498
0.311380
-0.188086
-0.051057
-0.516526
-0.749748
0.087680
-0.412214
0.515976
0.192907
-0.429975
0.106296
0.146764
0.620594
0.059847
-0.092074
-0.693594
-0.140965
0.450179
0.123508
-0.626087
-0.248390
0.883602
-0.241798
0.213294
0.084933
-0.864010
0.368816
0.223365
0.759941
-0.741997
0.755486
-0.979186
0.478500
0.981506
0.507370
0.810968
0.378765
0.560045
0.980102
0.660939
0.176611
-0.335612
-0.476974
-0.049043
-0.021882
-0.757500
0.073641
