-0.823725
-0.885311
0.067232
-0.070162
-0.757683
-0.032685
-0.849178
-0.093173
0.515305
0.705496
-0.787042
-0.793695
-0.559862
-0.262917
0.331889
0.239845
0.669057
-0.309854
-0.554979
0.132786
0.610096
0.753716
-0.581652
-0.601306
-0.294595
0.699698
-0.265786
0.865352
-0.563280
0.990234
0.716239
-0.791559
-0.968932
-0.876827
-0.749077
-0.913144
-0.867428
0.208106
0.073946
-0.321329
-0.370708
-0.648305
-0.314859
0.940184
-0.645741
-0.684133
-0.657949
-0.508957
-0.085421
-0.011383
-0.181494
-0.667104
0.301614
-0.746941
0.063692
0.456709
-0.480392
0.826106
-0.666189
0.073946
0.144932
-0.884701
-0.411054
-0.542222
-0.649281
0.194861
0.452620
0.674917
-0.451949
-0.032014
-0.849300
0.205603
0.496384
0.455000
0.139988
-0.757439
0.676138
0.837519
0.943113
-0.619495
0.538255
0.772393
-0.334452
-0.653066
-0.075838
-0.594836
0.872921
0.445051
-0.756157
0.769951
0.764092
0.634510
0.681021
-0.260964
0.869564
0.197363
0.301492
0.366619
-0.295206
-0.248695
0.004547
0.843074
0.730033
-0.966674
0.430647
-0.922361
0.389447
-0.678091
-0.404035
-0.840022
0.689688
-0.747612
0.542344
0.699087
0.217200
0.989380
-0.074862
0.199988
0.005768
-0.967101
-0.384625
-0.900815
0.384198
0.391400
-0.370647
-0.055147
0.583544
0.183386
-0.034516
0.728568
-0.225196
-0.797357
0.951476
-0.401776
-0.691031
-0.456893
-0.068880
0.020295
-0.333110
0.189795
-0.963622
-0.134007
0.475631
0.356731
-0.338725
-0.607593
-0.796808
0.373455
-0.573656
0.443403
-0.726371
-0.712333
0.045686
-0.321757
0.002899
0.831477
0.949095
-0.080050
-0.557237
0.620289
0.433271
-0.297647
-0.450911
0.704764
-0.440779
-0.805780
0.278420
-0.127598
0.922300
0.593677
-0.910031
0.838557
-0.991638
-0.929380
0.192663
-0.111240
0.104648
0.408490
-0.519517
-0.960814
0.497971
-0.707389
-0.070650
0.420148
-0.471541
-0.295022
0.431806
0.702567
-0.339518
0.460616
-0.549059
-0.366497
-0.555406
0.174474
-0.970458
0.681326
0.966247
0.228980
0.778497
0.020966
0.976745
0.594897
0.300699
0.621693
0.666860
0.278115
-0.143406
0.356487
-0.719352
-0.055940
-0.225990
-0.422956
-0.832270
0.685781
-0.161412
0.922727
-0.218970
0.409040
-0.520920
0.122898
0.221107
-0.067782
-0.824030
0.834529
-0.064974
0.882443
0.419843
-0.088900
-0.570666
0.968383
-0.617908
-0.086764
0.463729
-0.820795
-0.687429
0.570299
0.119480
0.491623
-0.415143
-0.236000
-0.642506
0.597339
-0.765191
-0.645863
-0.192236
-0.788079
0.531663
0.021638
0.573717
0.284951
0.972533
-0.223731
-0.239784
0.397259
-0.411237
0.609851
-0.879757
0.746208
0.474166
0.279946
0.566759
-0.389080
-0.276589
-0.515122
0.355327
-0.773980
0.871517
-0.635731
-0.207862
-0.608997
0.279763
-0.316996
-0.831599
0.087497
0.543260
-0.271401
-0.065035
-0.872005
0.728324
0.497482
0.096347
-0.198889
0.818171
-0.678152
0.803827
0.189673
0.024812
0.631153
-0.919919
0.132969
-0.682730
0.227393
0.982360
0.215979
0.740349
0.397015
0.038911
-0.813349
0.818110
0.617481
-0.506394
0.964904
0.473556
0.413862
0.174963
0.480941
-0.613147
0.381756
0.568224
-0.067049
0.927732
-0.713187
0.744865
-0.781732
0.335246
0.611194
0.230018
-0.601978
-0.597888
0.818842
0.130711
0.762871
-0.871700
0.699454
0.681936
-0.417646
-0.961547
0.035066
0.862117
0.308634
0.023774
-0.467818
0.504990
-0.454085
0.521592
-0.810114
-0.314676
0.551500
0.639454
-0.973632
-0.804804
-0.219214
-0.237098
-0.451827
-0.961791
0.786859
-0.262673
0.575793
0.382183
-0.951598
0.130039
-0.327189
-0.849361
-0.849116
0.879757
-0.780999
0.129917
0.902280
0.790216
-0.058321
-0.989135
0.598376
-0.635853
0.288797
0.830988
0.449751
-0.932127
0.134251
0.130711
-0.727103
-0.315958
-0.695608
-0.551317
0.685537
-0.846614
0.458846
-0.319010
0.310587
-0.126499
0.087680
0.292825
-0.292337
0.153356
0.917722
-0.340251
0.781671
0.235817
-0.995727
0.924619
0.676626
-0.265664
-0.561022
-0.091342
-0.001312
-0.668264
0.766472
-0.845637
-0.753899
-0.750481
-0.674123
-0.930845
-0.180944
0.682730
-0.055025
-0.781121
-0.960875
-0.892392
-0.796747
0.107395
0.086215
0.094028
0.899045
0.840693
-0.313761
-0.430219
0.908017
-0.296060
-0.254189
-0.374126
-0.930113
-0.620289
0.344035
0.618641
-0.101291
-0.055879
0.611621
-0.810724
-0.900327
-0.186010
0.261940
0.791192
-0.447005
0.102084
-0.374859
-0.342387
0.098117
0.610218
0.042817
-0.611927
-0.323588
0.211646
-0.727958
-0.983398
-0.457564
-0.083956
-0.794244
-0.082919
0.077059
0.069063
0.610340
-0.182958
0.460005
-0.981384
0.540880
0.838923
0.201392
0.885739
0.855098
-0.418561
0.279641
-0.026521
-0.330241
-0.369304
0.645192
-0.302713
0.561144
-0.262062
-0.696341
0.043611
-0.904965
-0.953001
-0.617847
0.860714
0.129795
0.125340
0.884640
-0.780633
-0.503220
-0.997253
-0.319437
-0.372417
-0.597339
-0.692373
0.750481
0.909909
0.250282
-0.753655
0.816828
-0.181310
-0.714713
-0.595996
0.618091
-0.437178
0.699576
-0.295267
-0.874935
0.782586
0.920896
-0.049837
-0.243263
-0.788629
-0.081027
-0.839106
0.880612
-0.097079
0.115146
-0.280679
0.309061
0.817133
-0.208838
-0.531724
-0.296670
0.220008
0.696585
0.051119
-0.072481
-0.463973
0.588061
0.728324
0.516343
-0.931944
-0.098178
-0.866878
-0.444868
-0.197058
0.665700
-0.006134
0.200232
-0.115513
0.183691
0.520493
0.975951
0.482467
-0.716849
-0.568896
-0.550584
-0.541063
0.213233
0.478500
-0.977599
-0.607715
0.507065
0.572130
0.657216
0.701834
0.274880
0.903562
0.191687
-0.785760
-0.944395
0.906247
-0.736869
-0.163915
-0.916684
-0.287698
-0.902036
0.456465
0.861263
0.927549
0.538560
0.725578
0.042024
0.853877
-0.348430
-0.761834
-0.697745
0.325053
0.157750
-0.384747
-0.001495
0.963256
-0.228492
0.830988
0.835200
0.192358
0.767937
0.027314
0.271157
-0.247780
0.004547
0.091830
-0.181188
0.461043
0.173925
0.796381
-0.561144
-0.838069
-0.141453
-0.835078
0.624500
0.568163
0.976440
-0.132298
0.803949
-0.547227
-0.387249
-0.753899
-0.357219
-0.280740
0.936827
-0.030732
0.038972
0.104221
-0.065035
0.084384
-0.023286
0.441816
0.100314
0.838435
-0.212745
-0.270852
0.411176
-0.939879
-0.214393
-0.799249
0.269265
-0.553758
0.539293
0.606250
0.248634
0.369976
0.619861
0.631275
-0.347819
-0.281961
0.167516
0.216163
0.369366
-0.117527
0.265114
-0.106113
-0.292398
0.378460
0.797357
0.893796
0.233863
0.969848
-0.326518
-0.427961
-0.841487
-0.504013
-0.579821
-0.313456
-0.194617
0.476913
-0.891537
-0.714652
-0.296060
0.027009
0.308084
-0.176855
-0.007416
0.022004
0.723380
0.075594
0.021393
-0.590014
-0.514451
-0.989990
-0.284158
-0.600208
0.290139
0.745720
-0.268288
-0.960082
0.577746
-0.752739
0.740776
0.001373
0.133641
-0.323649
-0.185339
0.014252
0.006623
-0.137669
-0.945372
-0.690298
0.809442
-0.894284
0.659658
0.134129
0.558763
0.893185
-0.059175
-0.314127
-0.344218
-0.603504
-0.551317
-0.228736
-0.840083
-0.931883
0.974731
0.370464
0.653005
0.701895
0.325541
0.960082
-0.283059
-0.338054
-0.672231
-0.278970
-0.900876
0.814508
-0.603565
0.151769
0.427595
-0.026887
-0.040193
-0.814875
-0.614368
0.345073
-0.534165
0.530503
-0.613269
0.341044
0.939146
0.916807
-0.751518
0.970336
0.451033
-0.645924
0.664052
-0.456832
0.216346
0.154759
-0.064119
0.321512
0.039094
0.424238
0.377544
0.969481
-0.603381
-0.806574
-0.873836
-0.151585
0.808588
-0.486923
-0.430464
0.702200
-0.672903
0.438765
-0.440474
-0.655446
-0.531297
0.130406
-0.787774
0.703726
-0.039399
0.660573
0.354961
-0.195654
-0.198767
0.180578
0.392132
-0.108737
0.620899
-0.438826
-0.363506
-0.554674
-0.266823
-0.553453
0.339152
0.880795
-0.009796
-0.292581
-0.831111
-0.128880
0.493027
0.257485
0.681997
-0.082797
0.665883
-0.277261
0.070162
0.211463
0.598560
-0.702322
0.765984
-0.885006
0.528184
0.978881
-0.338176
-0.156407
-0.997925
-0.349345
-0.923521
-0.628895
-0.344218
-0.457869
0.409284
-0.490646
0.972167
0.366985
-0.238014
-0.246681
0.503342
0.758354
0.018586
-0.902158
0.704215
0.532029
-0.372478
0.253945
-0.454573
0.114536
0.948912
-0.864620
-0.152257
0.790155
0.092685
-0.183630
-0.861446
-0.206519
-0.250587
-0.642140
-0.392071
-0.103488
-0.586840
-0.970336
-0.575243
-0.598071
0.718192
-0.470321
-0.823969
-0.401654
-0.791375
0.121311
0.044404
0.324992
-0.428694
-0.593799
-0.091281
0.273782
0.562914
-0.496445
-0.141148
-0.987487
0.367046
0.810297
-0.478195
-0.615223
-0.603320
0.226905
-0.406049
-0.023103
0.819086
-0.777581
0.330790
0.443709
0.207923
-0.614612
0.997925
-0.686514
-0.319376
0.938292
0.990478
-0.939512
0.635792
-0.396039
0.984375
0.486984
0.447249
-0.842830
-0.999512
0.122288
0.198645
-0.264138
0.649281
-0.347148
0.996094
-0.359905
0.770013
-0.605945
-0.642323
0.639271
0.047334
0.198096
-0.824458
0.248756
0.600330
-0.128636
-0.939085
-0.182531
0.371197
-0.229163
0.853694
-0.072420
-0.831477
-0.215735
-0.755730
0.078158
-0.253578
0.153539
0.846492
-0.949889
-0.579943
0.286721
0.156163
0.776055
0.454085
0.776727
0.250526
0.500961
0.384381
-0.870907
0.173193
0.409955
-0.898984
0.577013
0.135716
0.269021
0.526597
0.213294
0.156529
0.752800
0.807733
-0.120212
0.990478
0.251259
-0.725333
-0.725822
-0.729118
0.262490
0.886410
0.407392
-0.488083
-0.393841
-0.117893
-0.907651
-0.741508
0.313089
0.534227
-0.687063
0.135289
0.155065
-0.285684
-0.226966
-0.399274
0.037324
-0.297159
0.804559
0.079928
0.003571
-0.608509
-0.348857
-0.488449
-0.315714
0.918027
-0.358501
-0.556444
-0.342326
-0.748589
0.938108
0.534410
-0.516831
0.038179
-0.401654
0.370586
0.844356
-0.495590
0.055696
0.282632
-0.767510
-0.727226
-0.181188
-0.239906
-0.870418
-0.314127
-0.900815
0.459151
-0.285257
-0.081881
-0.270486
-0.326762
-0.929075
-0.798273
-0.754387
-0.902951
-0.755913
0.572985
0.739128
0.617481
0.299966
-0.933470
-0.663930
-0.316568
-0.685415
0.036775
-0.835688
-0.477889
0.034028
0.988769
0.964110
0.596118
-0.886959
0.065523
0.077670
0.380474
0.348613
0.595325
0.798578
0.822504
-0.883297
0.502182
-0.753594
0.010468
0.507797
-0.130345
0.017243
0.109165
0.755913
0.795587
-0.390423
-0.849788
0.738762
0.905026
-0.296487
0.247291
-0.443648
0.968505
0.782342
0.909238
0.608997
0.794183
-0.645314
-0.920530
-0.524094
0.444990
0.752739
-0.312113
0.331828
0.576891
0.070956
-0.683218
-0.090732
-0.709830
-0.669790
0.043245
0.053804
0.602710
-0.228980
0.168493
0.661061
0.836360
0.836177
-0.217811
0.970275
-0.204138
0.985290
-0.728202
0.284890
-0.707938
0.457320
0.532151
0.893918
0.953734
-0.243385
0.526109
-0.016083
-0.588794
-0.515366
-0.152684
0.680898
-0.040193
0.244911
-0.894528
0.883053
0.858699
-0.614978
-0.741630
0.356548
-0.388165
0.171728
-0.039949
-0.112278
-0.194067
-0.471541
0.417158
0.573168
0.195288
-0.731864
-0.602527
0.294534
0.147435
-0.304605
-0.192846
-0.943480
0.478927
-0.692923
0.247658
-0.845576
0.841792
0.905759
-0.475692
-0.261513
0.652394
-0.116672
-0.319010
-0.064364
0.833796
-0.338237
0.877316
0.322123
0.932371
0.640004
-0.251381
0.727775
0.984802
-0.441023
-0.415876
0.485580
0.508164
0.332377
-0.412214
0.004608
-0.752068
0.361370
0.501999
-0.851131
-0.619678
-0.390179
-0.192175
-0.402570
0.438826
0.086703
-0.458541
-0.050935
-0.549547
-0.626514
-0.005524
-0.242470
-0.362651
0.382977
0.203894
0.804682
0.696890
-0.423322
-0.628773
-0.110324
-0.582568
0.287637
-0.598437
-0.392865
0.280374
0.834468
0.361919
0.635121
0.102634
0.688040
-0.841792
-0.862056
-0.591845
0.578722
0.693960
0.249062
-0.712333
-0.802667
0.644642
-0.121677
0.200354
-0.515366
0.876339
-0.643544
0.921201
0.635731
0.895016
-0.291299
0.182348
0.488754
0.341899
-0.366314
-0.893063
-0.584521
0.131077
-0.346171
-0.790460
0.407514
0.834407
-0.327799
0.066622
-0.355754
-0.319803
0.128636
-0.164708
0.681326
-0.918638
-0.319864
0.078585
-0.869869
-0.567064
-0.977477
-0.130528
0.982788
-0.904294
0.711966
-0.117405
0.071444
0.627125
0.823664
0.480453
0.191931
-0.115268
-0.773247
-0.310648
-0.967345
-0.696341
-0.600696
-0.511948
-0.792474
-0.516526
-0.381085
0.574389
0.466292
0.191015
0.421369
0.588244
0.613880
0.129856
-0.189184
0.147069
-0.219703
-0.139744
0.791864
-0.698111
0.390667
0.693350
0.420270
-0.227515
0.555284
0.678701
-0.172277
-0.197851
-0.254189
0.394147
-0.854549
0.380902
0.796991
0.959838
-0.163060
-0.865780
-0.949156
-0.387249
0.796197
0.444746
0.884030
0.095431
-0.384198
0.821345
-0.399274
0.394269
0.311441
-0.573168
-0.846675
-0.298929
0.757439
0.903867
-0.351238
-0.333110
0.468245
-0.400372
0.058931
-0.015534
0.039460
0.285440
-0.516831
-0.900876
0.532212
0.227088
0.737785
0.471847
-0.971068
-0.128147
0.655507
0.765313
-0.802728
0.103977
-0.750786
0.441206
0.678823
0.456954
-0.768792
0.314066
0.545274
0.484725
-0.883297
-0.034761
0.888180
0.766900
-0.106357
-0.818476
0.276833
-0.143956
0.196387
-0.105991
-0.902707
-0.718863
0.780145
0.355876
-0.694693
-0.543443
-0.959532
-0.073458
0.511704
0.142613
-0.168859
0.524033
-0.048006
-0.692373
0.327433
0.208167
0.070528
0.194983
0.161840
0.797296
0.618885
-0.843501
0.115452
-0.935240
0.775872
0.592273
0.521470
-0.467391
-0.020600
0.557482
0.985595
0.115085
0.314188
-0.587939
-0.287942
0.996216
-0.460005
0.793634
-0.028108
0.663198
-0.782403
-0.433454
-0.643483
-0.955443
0.330119
0.728629
-0.717521
0.418317
-0.873836
-0.488998
-0.073824
0.127781
-0.611560
0.360881
0.480331
-0.410871
0.944273
0.115757
0.340190
0.399518
-0.378033
0.061739
-0.494491
0.293802
-0.329447
0.918882
0.940428
0.278603
0.784051
-0.931394
0.941221
-0.631520
0.928098
0.631458
0.236366
-0.356243
-0.293558
-0.805353
-0.561876
-0.124302
-0.842830
0.428449
-0.219337
-0.914609
-0.696463
-0.518540
0.282815
0.296731
-0.400128
0.169408
0.181860
-0.331889
0.873592
0.452498
0.369976
-0.704398
0.163854
-0.371075
0.523301
-0.366314
-0.380108
-0.105564
-0.581652
0.543443
0.616749
-0.742302
-0.407208
0.035493
0.843196
0.241676
0.783807
0.848994
0.264931
0.417219
-0.684439
0.483932
-0.251198
0.724357
-0.552477
-0.473556
0.944334
0.996277
0.902707
0.207862
-0.715323
-0.567980
-0.699576
-0.067232
-0.012787
0.524644
-0.799554
-0.817560
-0.716910
-0.339579
0.873592
0.032746
-0.410382
-0.342448
0.999329
0.639576
0.358318
-0.828608
-0.875240
0.279641
0.718253
-0.255226
-0.745659
0.973510
0.198950
-0.615223
-0.225379
0.854427
-0.007294
-0.424970
0.385601
-0.918210
0.340373
0.260537
-0.290445
0.072420
0.064852
0.650319
-0.071932
0.340617
0.350810
-0.564379
0.638478
-0.027192
-0.760796
0.273965
0.593799
0.865230
0.375896
-0.848262
0.804010
0.745842
-0.553331
0.796319
-0.846919
-0.213965
-0.890255
0.556810
-0.559374
0.030793
-0.329691
-0.831477
-0.129551
0.460067
-0.724479
-0.713981
0.213965
-0.672353
0.325236
0.342265
0.800104
-0.147435
-0.631886
-0.140904
-0.444502
0.705008
-0.858150
-0.762505
-0.191504
0.223060
0.611682
0.583789
0.216590
0.038484
-0.138890
-0.765007
-0.538804
0.729362
0.224158
-0.711539
0.968749
0.787347
0.281777
-0.144444
0.013825
-0.191687
-0.329936
0.259621
0.983520
0.987487
-0.594043
-0.665639
0.611255
0.012482
0.779473
-0.927976
0.861568
-0.439009
0.598804
-0.586657
-0.193335
0.892758
0.337382
-0.036714
0.745720
0.451399
-0.216407
-0.447798
0.376690
-0.568468
0.218787
0.524583
-0.613697
0.815912
-0.548814
0.772027
0.491562
0.932249
0.568590
-0.629749
0.150731
-0.284585
0.170263
-0.424421
0.740898
-0.988159
-0.761101
-0.470870
0.239113
0.716666
-0.761101
-0.817560
0.226417
0.990722
-0.032807
-0.226051
0.242470
-0.721549
0.203284
0.214637
-0.142186
0.345683
-0.575304
-0.641224
0.716788
-0.641224
-0.029633
-0.076632
-0.564806
0.614246
0.359600
0.871700
0.945860
-0.937559
-0.981567
0.368877
0.379986
-0.646474
0.223487
-0.476119
-0.324442
-0.121921
-0.669179
-0.832331
-0.609851
-0.021577
-0.638295
-0.776666
0.486862
-0.615223
0.737663
-0.921873
0.315592
-0.746574
-0.926328
0.036348
-0.109592
0.388043
-0.172704
0.294961
0.232826
0.530320
0.718497
0.379009
0.105014
-0.956053
0.267556
0.227454
-0.694021
-0.942564
-0.450850
-0.971068
0.087069
-0.781549
0.850764
0.620716
0.964904
-0.304605
0.804376
-0.904172
0.122837
-0.052644
-0.997620
0.433699
0.851924
0.152989
0.282815
-0.539476
0.214393
0.327799
0.379925
-0.517685
0.952635
-0.704215
0.840938
-0.267678
0.756890
-0.002045
0.584887
-0.426984
-0.494064
0.215918
-0.623585
-0.484848
-0.906247
-0.553148
-0.709586
0.964171
0.600513
-0.542100
-0.721549
0.474349
-0.693533
0.494980
-0.542711
0.655385
-0.559191
-0.469832
-0.378033
-0.787286
0.990783
0.073519
-0.090854
0.834101
0.968566
-0.410932
0.712333
-0.268410
-0.971740
-0.344035
0.979553
0.152745
-0.696219
0.791986
0.312601
0.340922
-0.164159
-0.332621
0.746879
-0.012848
0.429731
-0.633778
0.080721
0.528977
-0.371136
-0.367351
0.449690
0.255959
0.015900
-0.365581
-0.009857
0.922422
0.771905
-0.880306
-0.109653
-0.512070
0.570605
0.856380
-0.517685
-0.574999
-0.441511
-0.258705
-0.512375
0.015961
0.946287
0.525803
0.317789
-0.280923
-0.457991
0.095370
-0.813288
-0.130406
-0.935423
-0.551134
0.852596
0.357768
-0.849178
-0.268044
0.363689
-0.540086
0.207251
-0.782891
-0.753349
0.589831
-0.853328
0.727653
-0.352702
0.035432
-0.799432
0.358379
-0.897885
0.584521
0.986755
0.057222
-0.962828
-0.334574
-0.665883
0.455855
-0.684622
-0.704520
-0.770623
-0.544359
-0.526597
-0.203345
-0.589892
0.816950
-0.797235
1.000000
-0.496811
0.836970
0.822748
0.569384
0.630787
-0.652089
-0.620655
-0.029328
-0.387799
-0.499619
0.986084
-0.572924
0.829157
0.726554
0.589404
-0.091464
-0.128758
0.910764
-0.671010
-0.754753
0.317789
0.772332
-0.239296
-0.457930
0.775018
0.164892
-0.444685
-0.274819
-0.367718
0.582018
-0.752251
-0.111911
0.796564
0.801263
0.824213
-0.452437
0.715018
-0.493393
-0.259682
-0.078280
0.964782
0.544237
0.106357
0.714469
0.568224
-0.499130
0.946959
0.674368
-0.563097
0.612293
0.951109
0.452132
-0.657643
0.030915
-0.705618
-0.346660
0.225562
-0.586352
0.588244
-0.643361
-0.884762
0.466597
0.073519
-0.587817
-0.679373
-0.818842
0.848506
-0.479659
-0.615345
-0.957396
-0.013459
-0.653432
0.753410
-0.917722
-0.237953
-0.272683
-0.484603
-0.766045
0.279397
-0.256630
0.092013
-0.537034
-0.990417
-0.162633
0.927000
0.558214
0.782464
-0.203833
0.598621
-0.342998
-0.852351
0.210791
-0.413800
0.016083
0.787408
0.083834
-0.879086
-0.469832
-0.111362
0.501999
-0.009919
-0.732475
0.237037
0.300699
0.561022
0.717215
0.619922
0.078646
0.515427
-0.415815
-0.161168
0.800165
0.197913
-0.242103
-0.332316
0.212622
-0.418622
-0.292459
0.854549
-0.427961
0.732963
-0.706656
-0.899106
0.206885
0.154393
-0.483261
0.654775
0.800531
-0.722648
0.614734
-0.038301
-0.689261
0.498581
-0.544908
0.417280
-0.314371
-0.671255
0.049776
0.877194
0.666311
0.933714
0.420576
-0.065767
0.167394
-0.581225
-0.477950
0.265053
-0.239479
-0.194739
-0.972228
-0.743767
0.905393
-0.707999
0.650136
-0.001251
-0.397687
0.413312
-0.661794
0.792230
-0.140416
0.159093
0.402020
-0.770562
-0.725761
0.660939
-0.499496
-0.836726
-0.307413
-0.935789
-0.862423
-0.691275
0.524033
-0.224464
-0.648122
0.851314
0.033906
0.045686
0.672536
-0.204932
0.620838
0.365398
0.573351
-0.659963
-0.642323
0.475753
-0.697073
0.859493
0.131993
-0.854488
0.127842
0.993164
0.769158
0.889523
-0.944334
-0.150243
-0.385052
0.645497
0.275674
0.463363
0.177953
-0.004364
-0.919431
0.345622
0.569018
-0.083346
-0.835505
-0.839228
-0.209387
0.233497
-0.037873
0.603687
-0.069002
0.031281
0.011139
-0.376751
-0.751274
-0.979858
-0.999878
0.709952
-0.836360
-0.232521
0.119053
-0.728019
-0.943052
0.803278
0.997620
0.568834
0.742729
-0.073763
0.792657
0.404035
0.829463
0.103244
-0.947569
0.340129
-0.971374
0.351787
0.995056
0.141209
-0.906796
0.554552
-0.217994
0.643300
0.501572
0.704825
-0.837764
-0.936155
-0.742973
-0.807855
0.699087
0.785333
-0.570177
0.234596
-0.760613
-0.333964
-0.651662
0.396466
0.857234
0.395917
0.578600
-0.003937
-0.359905
0.742241
0.080844
-0.250649
-0.296793
0.381634
-0.703909
-0.376263
0.306436
-0.077059
-0.777886
-0.691641
0.770196
0.957213
0.957823
0.990112
0.371685
0.910337
0.084567
-0.913755
-0.287210
0.045442
0.437788
-0.235267
-0.348369
-0.925779
0.390667
0.077242
0.500107
0.109775
0.202429
0.792657
0.231910
0.801202
0.549852
0.681265
0.986999
-0.636708
0.744865
0.575732
-0.692312
-0.192236
-0.488327
-0.810053
0.219886
-0.881588
0.596973
-0.963561
-0.032136
-0.506088
-0.184729
0.389386
-0.078036
-0.469588
-0.866634
0.911618
0.665212
0.229041
0.356792
-0.650807
-0.077609
0.741020
-0.809381
-0.714713
0.353313
-0.143895
0.336833
0.315714
0.728446
-0.942930
0.557115
-0.615345
-0.988769
0.637867
0.527940
-0.896603
0.465804
-0.722098
-0.877438
0.978027
0.897580
-0.216834
0.085482
0.426923
-0.417951
0.567980
0.376019
-0.260781
0.459334
-0.233497
-0.269997
0.549974
-0.597400
-0.391217
0.600146
0.188635
0.811457
-0.081149
0.735649
0.250710
0.644154
-0.963988
0.045137
-0.257851
0.317606
0.015656
-0.432661
-0.641041
-0.694143
-0.639393
-0.812922
-0.387860
-0.284158
0.264626
-0.230079
-0.680898
0.351054
-0.892453
-0.051790
0.357646
0.593860
0.419599
0.274697
-0.195410
0.899899
-0.275246
0.240577
0.075716
0.909543
0.806207
-0.383343
-0.047456
0.397992
0.611682
-0.655568
-0.406720
0.173376
0.233924
-0.479965
-0.745293
0.003571
-0.044832
0.750053
0.120151
-0.224830
0.642140
0.688711
0.345317
0.052461
-0.107639
0.483932
0.378582
-0.174047
0.243263
0.728690
0.994690
-0.462630
-0.794183
-0.609363
-0.762017
-0.514756
-0.939451
-0.198706
-0.183325
0.086337
0.984985
-0.032991
-0.641591
-0.494736
0.795404
0.972289
0.658071
-0.639393
-0.531419
0.620777
-0.442793
-0.978454
-0.214698
-0.004913
-0.235389
-0.099277
0.455489
-0.909055
0.901730
0.823908
0.967528
0.573168
-0.537156
0.254555
0.731742
-0.761162
0.759697
0.657216
-0.456221
-0.287515
0.710135
0.492172
-0.043977
0.812067
0.648793
0.345256
0.080966
-0.772576
-0.326945
0.790094
0.018036
0.756584
0.436323
0.079989
0.069674
-0.596484
0.353008
-0.915647
0.814875
0.991394
-0.232154
0.856075
0.887265
-0.330119
-0.406232
0.063082
0.976379
0.212928
0.916196
0.625477
0.155553
-0.779778
0.538560
0.718375
0.100192
0.512375
-0.125401
-0.984497
-0.666372
-0.821589
0.890194
-0.961608
0.579882
-0.970275
0.168249
-0.386700
-0.139744
-0.889706
0.372600
0.236549
0.808161
0.740654
-0.728874
-0.138951
0.847591
-0.478256
-0.248878
0.653432
-0.491989
-0.092074
-0.359539
-0.491928
0.001373
-0.242836
0.361187
0.091342
0.439070
-0.371319
-0.826350
0.403729
-0.232765
0.835505
0.694998
0.187353
0.102451
0.909299
0.809320
0.793878
-0.148595
0.766839
-0.835994
-0.681936
-0.444990
0.107028
-0.928343
-0.639454
0.517258
0.689322
-0.887570
0.531114
0.500595
0.300455
-0.775323
0.274148
-0.885372
-0.647023
0.856990
-0.659658
0.690603
0.060762
-0.105075
0.575793
0.835017
0.577013
-0.163915
-0.600757
0.987732
-0.270119
0.029633
0.421674
-0.589709
-0.019990
0.842097
-0.522019
-0.552049
0.227271
0.356670
-0.355510
-0.284585
-0.638417
0.956236
-0.975524
-0.455611
-0.106967
0.108921
0.119236
-0.420576
-0.189001
0.884457
0.770867
0.667165
0.422773
0.747551
-0.428388
0.131809
0.416486
0.800287
-0.769280
0.564684
0.662160
0.278115
0.143590
0.803522
0.528977
0.216529
0.930601
0.649709
0.544969
0.800958
-0.721854
0.592395
-0.250465
-0.554491
0.514573
-0.662282
0.203833
0.042634
0.672964
-0.166845
0.395428
-0.651479
0.008332
-0.603320
0.196142
-0.391705
0.801874
0.283425
0.419111
-0.440229
0.358806
-0.385907
0.159520
-0.534227
-0.850581
0.777947
0.745598
0.348552
-0.935911
0.841121
-0.325541
0.815851
0.570055
-0.843562
-0.561876
-0.131138
0.847835
0.594226
-0.037019
0.898373
-0.653432
0.063936
0.297647
-0.697073
-0.185339
0.975951
0.324442
0.745903
-0.654592
0.677114
0.345195
0.766472
-0.475265
0.062349
-0.446760
-0.777154
0.085360
0.029084
0.125462
0.029939
0.264504
-0.642506
0.028169
0.313028
-0.785821
-0.441816
0.676992
-0.071810
-0.916868
0.169530
0.051119
0.161229
0.704459
0.031648
-0.219825
0.929136
-0.539476
0.371624
0.642201
-0.984191
0.369427
0.438276
-0.276406
0.919675
-0.266762
0.651234
-0.657094
0.477035
-0.003754
-0.370342
-0.466781
0.776482
-0.297342
0.846736
-0.714591
-0.942869
0.132298
-0.228370
0.406354
-0.856868
0.155919
-0.684500
-0.025666
-0.081271
0.505783
0.421918
0.643971
-0.099826
-0.999756
-0.429182
0.971618
0.951048
-0.008454
-0.403912
-0.983520
0.906064
-0.207434
0.362407
-0.692251
0.700613
-0.497177
0.273537
0.640431
-0.417707
0.770318
0.987243
-0.580676
-0.861812
0.567553
0.478683
-0.383221
-0.419233
0.790216
0.691397
0.046602
0.085971
0.074679
-0.202063
-0.430036
0.943724
0.393597
-0.225135
0.073397
0.016755
-0.609119
0.320231
0.892758
-0.465804
0.446760
0.950621
0.755486
-0.569445
0.479598
0.759819
0.157994
0.577013
-0.249306
-0.122105
0.852657
0.059969
-0.775445
0.179540
-0.728202
0.931944
0.055879
-0.135899
0.391278
-0.534532
0.450484
0.879208
-0.050874
0.011505
0.541368
-0.331156
-0.988159
0.106235
-0.931333
0.273782
0.676748
0.558397
-0.963439
0.010895
0.434187
0.554735
0.489303
0.294107
-0.930479
0.118809
0.549730
-0.643849
0.668569
-0.757744
-0.867977
0.159520
0.263710
-0.718986
-0.514878
-0.276162
-0.715629
0.485092
-0.965392
-0.675649
0.458541
0.885006
-0.474654
-0.385235
0.350627
-0.160802
-0.987060
0.753044
-0.312906
0.079806
-0.445723
0.396405
-0.874752
-0.041108
-0.276894
-0.929502
-0.434797
-0.123325
0.194494
0.447798
-0.344768
-0.997864
0.701712
0.406049
0.981506
0.226905
0.466781
-0.353496
-0.937193
-0.031648
0.147801
0.363506
0.378826
0.727531
0.681814
0.568957
-0.654653
0.708914
0.153722
0.951659
-0.650746
0.535752
-0.986023
0.153050
0.821345
-0.357952
-0.774407
0.930784
-0.673696
-0.374248
-0.447005
0.914914
-0.160192
-0.016572
0.810724
-0.496872
-0.663808
0.984252
0.216346
-0.532701
-0.918516
0.825373
-0.067782
0.281961
-0.684133
0.310770
-0.911496
0.308573
0.119236
0.699149
0.444502
0.150121
-0.527573
0.526048
0.140294
-0.167089
0.540330
0.475082
-0.282388
0.734428
-0.351604
-0.186071
-0.482345
0.369915
-0.579760
-0.046541
0.720328
-0.646229
0.932615
0.841487
0.084811
-0.011139
-0.484664
-0.456648
0.258278
0.064669
-0.931516
-0.817072
0.523850
-0.795160
0.869625
0.490890
-0.291177
0.850337
-0.077303
-0.392987
0.145421
0.960326
-0.803583
0.468978
-0.601794
-0.747124
-0.081088
-0.685537
-0.940916
0.713675
0.145482
0.389325
0.449202
-0.300821
-0.345256
0.616993
-0.973449
0.069308
0.050142
-0.822443
0.214087
-0.582324
0.074740
0.197302
0.606006
0.131382
-0.522080
-0.874630
0.309977
-0.413862
-0.838252
0.569140
-0.413739
-0.228797
0.308817
0.667470
-0.768242
-0.958922
-0.336772
0.828974
0.194739
-0.725211
-0.297952
0.435469
-0.987671
0.074129
-0.531114
0.212256
0.450423
0.376507
-0.325175
0.773309
0.823176
0.855159
0.298074
0.570177
-0.023530
-0.791742
-0.824946
-0.749931
-0.304971
-0.632740
-0.645985
0.822748
0.141758
-0.753471
-0.113559
-0.849727
-0.303934
-0.531724
0.479843
0.762017
-0.441023
-0.697562
-0.274697
0.098788
0.167272
0.667531
0.713065
0.116184
0.059847
-0.698477
0.501267
0.648915
-0.896725
0.473983
-0.907407
-0.198462
-0.085788
-0.038423
-0.965758
-0.288003
-0.263710
0.791314
-0.453230
0.354717
0.051302
-0.179113
0.227454
0.590930
-0.535081
0.111118
0.213660
0.435896
-0.406903
0.136082
-0.502670
-0.939756
-0.738456
0.575488
-0.352641
-0.810175
-0.599780
0.707511
0.595325
-0.017853
0.980285
0.129856
-0.072115
-0.393170
-0.915708
-0.698050
0.113987
-0.349956
0.188513
-0.794122
0.281167
-0.587512
-0.018036
0.193823
0.794610
0.390667
-0.616749
0.379681
0.242958
0.938475
-0.986389
-0.976928
0.017426
0.632984
-0.344584
-0.594714
-0.113987
-0.440168
-0.195959
-0.400372
-0.426435
0.383831
-0.949522
-0.854183
0.411542
-0.811335
0.986328
-0.709403
-0.115085
-0.604907
0.493515
-0.253456
-0.441755
0.088351
-0.230995
-0.523789
-0.990356
-0.470565
-0.159154
-0.951720
-0.631031
0.488388
0.108921
-0.162938
0.226966
0.539842
0.577624
-0.972228
0.423383
0.747856
-0.117405
0.823298
0.319254
-0.868892
0.929991
-0.565477
0.519028
-0.474471
-0.464034
-0.295389
0.271706
-0.244057
0.029511
-0.348735
-0.264565
-0.558458
-0.934080
0.889340
0.922910
-0.748466
-0.360271
0.563768
-0.013215
0.986755
-0.485397
0.847346
-0.332987
0.867061
0.475936
0.429853
-0.633351
-0.415754
-0.576769
0.913205
0.444624
0.923765
-0.894345
-0.262734
-0.523667
0.490585
0.957762
0.888180
-0.995666
0.581103
-0.995605
0.906186
0.361736
0.845454
-0.267129
-0.815424
-0.293313
-0.870540
-0.384075
-0.059603
0.001740
-0.731620
-0.424970
-0.618213
-0.742912
-0.938169
0.174596
0.723014
0.161473
0.453536
0.921079
0.946043
0.628101
0.683828
-0.813776
-0.476730
-0.001801
0.870296
0.164525
-0.204688
0.944456
0.437117
0.570727
0.307840
-0.219092
-0.905942
-0.136814
0.320597
0.055696
0.447981
-0.651540
-0.688162
0.868770
0.412580
-0.224281
0.571032
0.042024
-0.385235
-0.048250
-0.502060
-0.370220
0.464827
0.742546
0.509812
-0.569079
0.402448
0.741203
-0.251503
0.432173
0.128147
0.463912
-0.803339
0.934324
-0.207923
0.646962
-0.949644
-0.849788
0.885434
0.459883
0.752007
0.371990
-0.665212
0.610584
0.979369
-0.166601
-0.443525
0.774529
-0.056124
0.908567
-0.707266
-0.751885
-0.604236
0.994568
-0.309854
-0.635121
0.866634
0.324381
0.987915
0.014435
-0.179418
0.956053
-0.912412
-0.478133
0.588061
-0.937254
0.453047
0.429365
0.143773
-0.337687
-0.301187
0.111728
0.135533
0.373577
-0.876278
-0.682730
-0.970031
-0.819086
-0.057894
-0.017975
0.982177
-0.157994
-0.422712
-0.585498
-0.088900
-0.953856
0.537339
-0.602954
0.951415
-0.201025
-0.084384
0.397931
-0.835322
-0.309671
0.203711
0.716483
-0.218604
0.084078
-0.635487
0.941588
-0.855647
0.026032
0.066622
0.783441
-0.794977
0.292154
0.248085
-0.729972
-0.826655
0.913633
-0.174841
0.630787
0.366680
0.424787
-0.405683
0.675283
-0.895444
-0.504318
-0.213355
-0.923154
-0.067293
-0.713858
0.838801
-0.632557
-0.814386
-0.429365
0.394513
0.361003
-0.445479
-0.416669
0.420881
-0.531602
-0.955443
0.741386
0.471847
0.323099
-0.807001
-0.634632
0.689138
0.486190
-0.785089
-0.644093
0.595996
0.046236
-0.943785
0.569506
0.593799
-0.288003
-0.802301
0.534715
-0.771966
-0.083468
0.238014
-0.137608
-0.061739
-0.078280
0.214576
0.307779
0.323405
0.663625
-0.240150
0.108737
0.812311
0.005341
-0.828425
0.543626
0.429609
0.727531
0.427839
0.871822
0.126133
0.221473
0.040742
0.173376
0.985656
0.557787
0.286905
0.282144
0.824030
-0.228004
-0.299295
0.810053
-0.683645
-0.847530
0.957823
-0.994079
-0.574816
-0.386456
0.886776
0.970153
0.008393
-0.142430
-0.708975
0.059481
0.595080
0.310282
0.031709
0.639821
-0.172582
-0.598804
-0.891964
-0.961852
0.241737
0.989929
-0.955687
0.170507
0.468978
0.738456
0.598804
0.575793
-0.498093
0.317301
0.965697
-0.470199
-0.860836
-0.372051
0.390728
0.153356
-0.996338
-0.893124
0.771172
-0.661794
-0.674123
0.218360
0.725822
0.765618
-0.366619
-0.817377
-0.377422
-0.385723
0.165563
-0.360088
-0.979858
0.293558
0.246498
-0.916623
-0.188086
-0.418195
-0.516526
-0.229408
0.095920
0.198462
0.226417
-0.145787
-0.697989
-0.728263
-0.187048
0.620594
0.984924
-0.092074
-0.693594
-0.140965
0.907468
0.434614
-0.301675
0.987365
0.883602
-0.241798
-0.353191
-0.221656
0.842769
0.694754
0.245277
-0.813471
0.318888
0.755486
-0.417524
-0.762871
-0.503769
0.507370
0.189062
0.384503
-0.633106
-0.687796
0.986877
-0.087924
-0.335612
-0.476974
-0.049043
-0.021882
-0.757500
-0.139866
