0.715079
0.865413
-0.987854
0.376446
0.126988
-0.721305
0.539964
0.294961
-0.122410
-0.829463
0.460982
0.256996
0.879086
-0.956053
0.080233
0.140110
0.655202
-0.162206
0.115329
-0.891354
-0.190405
-0.781549
0.850764
0.776910
0.958312
-0.954100
0.804376
-0.904172
0.289834
0.298013
-0.997620
-0.756096
0.851924
0.457259
-0.746696
-0.539476
0.111301
0.327799
-0.191259
-0.801569
0.499374
0.827570
-0.872555
0.887936
0.756890
0.683340
-0.977599
-0.341960
-0.042940
-0.274514
-0.623585
-0.979675
-0.368999
-0.553148
0.269387
0.964171
-0.908811
-0.289529
-0.403790
-0.271035
-0.807245
0.494980
0.117161
-0.948363
0.550951
-0.029511
-0.378033
0.309671
0.977905
0.073519
0.290201
-0.785760
-0.344462
-0.184912
-0.396710
0.901608
0.705069
-0.940855
-0.069002
0.223853
-0.696219
-0.030854
0.897763
0.383099
-0.449873
0.868160
-0.943175
-0.012848
-0.021271
-0.092685
0.404828
0.528977
-0.438887
-0.367351
0.214881
0.266335
-0.161779
-0.308512
0.815424
0.880123
0.973449
0.969115
-0.996216
-0.533372
0.570605
0.280129
-0.783074
0.956236
-0.441511
-0.258705
0.634571
0.015961
0.601062
0.707450
-0.760979
-0.280923
0.161473
0.095370
-0.813288
-0.505295
0.316019
0.367168
-0.254677
-0.489914
0.793634
0.870785
-0.750359
0.085238
0.603992
-0.209632
-0.178198
0.079501
-0.853328
-0.612903
-0.729118
0.705252
-0.799432
0.705618
0.594165
0.584521
-0.071688
-0.006378
0.670705
-0.483993
0.681936
-0.854915
-0.978942
0.158605
-0.031404
-0.544359
0.775384
0.894162
-0.725761
0.816950
-0.797235
0.434431
0.164342
-0.849605
-0.954955
-0.657460
0.571032
0.703421
-0.791253
-0.029328
0.581713
0.884762
0.960265
-0.957030
0.829157
0.726554
-0.646718
0.345134
-0.733390
-0.733757
0.005097
0.644704
0.169591
-0.797967
0.210608
-0.527696
0.260353
0.276894
-0.859066
0.319987
-0.367718
0.582018
0.744804
-0.992737
0.094211
-0.663381
-0.811518
0.733695
0.070223
-0.493393
-0.534959
0.574633
0.964782
0.594714
-0.689138
0.116550
-0.124668
0.598987
-0.666860
0.674368
-0.563097
-0.634144
0.951109
0.452132
0.145482
0.515976
0.226722
-0.346660
0.765740
-0.586352
0.064364
-0.575976
0.053438
0.288980
0.815485
-0.587817
0.584094
-0.557176
0.511826
-0.851924
0.200598
-0.583361
-0.799738
-0.310404
0.110813
0.970092
-0.730338
-0.272683
-0.484603
0.652760
0.279397
-0.226478
0.092013
0.834773
0.581103
-0.162633
0.927000
0.558214
0.418500
-0.203833
0.241615
-0.342998
-0.852351
-0.284829
-0.521165
-0.458907
0.787408
0.083834
0.703787
-0.283853
-0.889706
-0.027009
-0.009919
0.699576
0.782708
0.258950
0.561022
-0.182592
-0.123325
-0.127903
-0.991394
-0.528855
-0.607898
0.135411
0.197913
-0.242103
-0.332316
-0.254982
0.754509
0.474410
-0.149693
0.034761
0.732963
-0.310038
-0.479659
0.206885
-0.049715
-0.483261
-0.727287
-0.165441
0.923826
-0.844783
-0.663564
-0.338786
0.487167
-0.333415
0.519089
-0.274453
-0.504135
-0.633290
0.422224
0.666311
0.933714
-0.642811
0.922788
0.898190
-0.500107
0.349345
0.088900
0.329447
0.817560
0.961425
0.613269
0.905393
0.290567
-0.422163
0.442061
0.664907
0.935179
-0.092746
0.003204
-0.973327
-0.229163
0.430464
-0.220618
0.734428
0.660939
0.461653
-0.545518
0.199927
-0.935789
-0.663991
0.930357
-0.820917
0.842708
-0.648122
0.851314
0.315470
0.183630
-0.760430
0.339946
-0.523118
0.264565
-0.389142
-0.209449
-0.067354
-0.183935
-0.474715
0.414289
0.868648
0.790460
0.553392
0.548021
0.769158
0.290262
0.855953
-0.150243
0.482040
-0.065706
0.275674
-0.971862
0.180273
-0.035005
0.451033
0.185583
-0.005829
0.023469
-0.835505
-0.611866
0.137059
0.394757
-0.995544
-0.863399
0.596118
0.324870
-0.385052
-0.376751
-0.101108
0.132847
-0.589404
-0.160436
0.873592
-0.642872
0.507431
0.525559
-0.620960
0.649281
-0.388592
-0.188574
0.857479
0.063448
-0.686270
-0.341044
0.900937
0.890561
-0.054537
-0.426923
0.686148
0.168554
0.726249
-0.141453
-0.507920
-0.175634
-0.774957
0.295816
0.006134
-0.759392
-0.331278
-0.090365
0.694082
-0.162511
0.597278
0.403241
-0.294229
0.638600
0.613758
0.690786
0.398907
-0.805841
0.082858
0.881832
0.578600
0.281838
0.813044
-0.491195
0.306986
-0.440535
-0.265236
-0.149022
0.873409
0.359416
-0.029084
0.136937
0.299844
0.507553
0.707999
0.809931
0.605152
0.156041
0.764824
0.407697
-0.302774
-0.869869
0.779229
-0.282022
-0.907895
-0.193152
0.844111
0.732841
-0.525437
-0.872799
-0.496384
0.711661
0.202429
0.619190
0.616138
-0.362651
-0.992248
-0.443342
0.948546
0.137181
0.352031
0.990539
-0.513108
0.312479
-0.488327
0.162572
-0.248451
0.463363
0.640065
0.887387
0.750786
-0.265603
-0.888058
0.449812
0.873898
-0.691275
-0.455367
0.189978
-0.353374
-0.053560
0.088961
0.384136
0.138096
0.182043
-0.149388
0.499252
-0.211585
-0.143895
-0.845576
-0.080416
0.336772
-0.942930
0.980407
-0.235145
0.557848
0.374981
-0.662893
0.408185
0.145970
0.261940
-0.607532
0.023469
0.973754
0.471358
0.085482
-0.708609
-0.693045
0.538499
-0.990905
-0.260781
0.866390
-0.995056
-0.269997
0.477950
0.558885
-0.458541
-0.074679
-0.139866
-0.768181
0.049104
0.399396
-0.786187
-0.406049
0.125828
-0.582873
-0.316202
0.780755
0.996338
0.877621
0.398602
0.790521
-0.423688
0.853755
-0.808710
0.015534
0.666616
0.971984
0.407025
0.606494
-0.539232
0.901364
-0.626392
0.379986
-0.435347
-0.906858
-0.461043
-0.232093
-0.794794
-0.647511
0.639210
-0.475021
0.420148
0.791742
0.715751
-0.115635
0.461592
-0.776971
0.924986
-0.004669
0.233924
-0.631764
-0.229957
-0.021088
0.634266
0.208289
-0.157994
-0.047273
-0.608081
0.385907
0.031343
0.310160
0.567248
-0.581652
0.469893
0.450056
0.525071
0.307352
-0.222694
0.362163
0.139317
-0.472091
0.570910
0.572008
0.905454
-0.294656
0.579028
0.493271
0.579943
0.077242
-0.641591
0.000702
0.166784
0.972289
-0.465072
0.795099
-0.504379
-0.088961
-0.049043
0.990722
-0.043123
-0.413007
0.697256
-0.480331
0.747429
0.488021
-0.205725
-0.936766
-0.786493
-0.971252
-0.506088
-0.142674
-0.283547
0.663930
0.132786
0.657216
-0.808832
-0.030061
-0.082064
0.307535
0.175756
-0.690420
0.861019
0.038240
-0.178930
-0.062410
-0.652821
0.575488
-0.807184
-0.612964
0.679678
-0.219337
0.069674
-0.596484
0.639332
-0.765374
-0.809992
0.375103
-0.839900
-0.835444
-0.913327
-0.571154
-0.048006
-0.970824
-0.119114
-0.187414
0.650746
-0.328715
0.798090
0.525437
0.498520
-0.413129
-0.510422
0.630360
0.931333
0.877438
0.788934
0.181127
-0.995911
-0.209143
0.661733
0.685232
0.539415
-0.386700
0.620899
0.027741
-0.301065
0.636586
0.145054
0.403607
-0.125278
-0.586230
0.847591
0.642079
0.856258
-0.174657
-0.340007
0.212500
-0.813715
-0.491928
-0.020722
-0.626514
-0.706778
-0.660024
0.958190
0.488632
0.289651
-0.147740
-0.129673
0.930052
-0.499741
-0.415693
0.493332
0.425825
0.532273
0.260353
0.832820
0.073885
-0.793756
-0.681936
-0.021699
-0.898618
-0.536607
-0.363445
-0.693350
-0.267190
0.993835
0.791437
0.956114
0.796869
-0.389874
0.792230
0.571459
0.805780
0.431501
0.873592
-0.040071
0.018403
-0.292215
0.530259
-0.419050
-0.318461
0.186682
0.966491
0.138218
0.016877
0.618946
-0.361187
-0.016327
-0.939695
-0.132542
-0.756951
-0.177282
0.996826
0.974242
-0.544908
-0.572497
0.125645
0.169591
-0.979614
-0.544237
-0.646168
-0.189367
-0.996155
-0.196203
-0.344829
-0.910154
0.312662
-0.179785
-0.744926
-0.402997
-0.970519
-0.072970
-0.917234
0.612842
-0.660451
-0.385662
0.077486
-0.095126
-0.796136
-0.800897
-0.998779
0.775140
0.465194
0.358440
0.135350
0.176244
0.694205
-0.512314
-0.250465
-0.554491
0.514573
-0.473128
0.903195
-0.025849
0.393353
0.482101
-0.136692
0.165502
0.030915
-0.686575
0.287515
-0.388104
-0.802240
0.541734
-0.414838
-0.440229
0.106235
-0.417463
-0.051607
0.433088
0.313761
0.756890
0.080416
0.123142
-0.925535
-0.262612
-0.524033
-0.066744
-0.611927
0.661733
-0.679312
0.844478
0.065523
0.991821
-0.401227
-0.071688
0.855647
-0.336711
0.297647
-0.432478
0.546861
-0.397626
0.638295
0.051546
-0.675771
-0.141697
-0.096835
0.993347
0.633595
0.807184
0.458785
0.600269
0.293497
0.640126
0.298318
-0.108310
-0.291726
0.652028
0.314432
0.007111
-0.761528
0.870724
0.360393
0.375713
0.287637
-0.637501
0.988037
-0.103488
-0.486129
-0.240150
-0.806391
-0.786676
-0.539476
0.487716
-0.066988
-0.836055
0.830317
-0.774468
-0.129734
-0.135533
-0.784600
0.787774
0.758415
0.717215
-0.003754
-0.215369
-0.095920
0.022553
0.642872
-0.423139
-0.510788
-0.962035
0.132298
0.964660
-0.437666
0.708060
-0.997375
-0.302835
0.295694
0.338176
-0.268349
0.679495
-0.715201
0.100009
0.788324
-0.050081
-0.068758
0.972472
-0.426191
-0.572863
0.509262
0.995422
-0.130161
0.696524
0.620045
-0.307779
0.657094
-0.244606
-0.110080
0.632252
0.968871
0.002106
-0.508591
-0.531419
-0.324137
0.767937
-0.710135
-0.277078
0.589038
0.068636
-0.827082
-0.660024
0.296365
-0.716849
-0.477340
0.496384
0.910215
-0.864071
-0.782708
-0.788873
0.561022
0.219214
0.195837
-0.465804
-0.341655
0.387738
0.374004
-0.846919
-0.062777
-0.227210
-0.436262
-0.658986
0.107639
-0.120762
0.085299
-0.219153
-0.144017
0.593493
-0.413190
0.379376
0.055879
-0.815607
0.237831
0.491440
-0.179601
0.035066
0.743950
0.451765
0.060152
-0.228919
0.912412
-0.667592
-0.324381
0.712455
-0.182714
-0.255837
0.500473
-0.795831
-0.370647
0.562426
0.884335
-0.091220
0.829768
0.673330
0.299112
-0.848079
0.901852
0.314127
-0.665517
0.366131
-0.125462
0.449263
-0.192358
-0.269387
0.648000
0.782464
-0.050630
0.971313
-0.481429
0.675588
-0.440352
-0.048006
-0.294778
0.537828
-0.291116
-0.654530
0.249794
-0.964232
-0.445723
0.861751
-0.389874
-0.567858
0.380291
-0.284341
0.395367
-0.025971
-0.281411
-0.008148
-0.614063
-0.158544
-0.805963
-0.556200
0.372539
0.605335
-0.990112
0.863826
-0.413251
-0.031648
0.334941
0.039216
0.946715
-0.060335
0.681814
0.568957
-0.654653
0.708914
0.500595
0.951659
-0.650746
-0.628895
0.993896
0.533555
-0.119663
-0.594043
-0.774407
-0.726737
-0.785699
-0.072909
-0.329447
-0.246681
-0.160192
-0.515793
-0.060518
-0.971679
-0.607715
0.238990
0.216346
-0.579943
-0.918516
0.448164
-0.067782
0.882015
-0.684133
0.913144
-0.035615
0.308573
-0.951720
0.095309
-0.994018
-0.591784
-0.527573
-0.626392
-0.514573
0.598132
-0.781121
0.185156
-0.323527
-0.910825
0.243080
-0.186071
-0.359844
0.771172
0.817743
-0.046541
0.363323
0.619007
0.740410
-0.719718
0.387371
-0.056124
-0.912290
-0.456648
0.570238
-0.606433
0.618458
0.156285
-0.736686
-0.216224
0.464278
0.490890
-0.193884
-0.936460
-0.359478
-0.392987
0.231483
-0.268838
0.645314
0.686392
-0.729362
-0.922605
0.304605
-0.685537
-0.705191
-0.846370
-0.152135
0.389325
0.336528
0.729301
-0.890622
-0.962706
-0.973449
0.069308
-0.295572
-0.794305
-0.745170
0.518296
0.074740
0.565172
0.987915
-0.778497
-0.594775
-0.245766
-0.121921
-0.413862
-0.838252
0.904782
-0.101840
0.808527
0.500168
-0.363384
0.955260
0.476852
-0.336772
-0.196265
0.187841
-0.909299
-0.405316
-0.722037
0.192480
-0.535630
-0.531114
0.158544
-0.325114
-0.918699
0.141636
0.773309
-0.987304
0.855159
0.298074
-0.400983
-0.023530
0.699087
-0.699942
-0.038118
0.640187
0.814447
0.914975
0.822748
-0.058565
-0.911802
0.943480
-0.749565
0.059359
-0.872738
0.867061
0.762017
-0.215064
-0.697562
-0.274697
0.098788
0.167272
0.667531
0.713065
0.064669
0.709891
-0.068270
0.501267
-0.031404
-0.896725
0.473983
-0.907407
-0.198462
0.204138
-0.038423
-0.965758
-0.380902
-0.813715
0.791314
0.001617
-0.591601
-0.180151
0.747917
0.829890
-0.516099
-0.535081
0.667837
0.406476
-0.172155
-0.982543
0.605457
-0.502670
-0.467513
0.705741
-0.310465
-0.834651
-0.810175
-0.599780
-0.572985
-0.662404
0.967833
0.721610
0.129856
-0.072115
0.190466
-0.056734
-0.971068
-0.273293
-0.796747
-0.423872
-0.079440
0.460616
-0.341044
-0.016327
0.575732
-0.987609
0.107517
0.904782
0.379681
0.242958
0.770379
0.551683
-0.076510
0.642628
0.402387
-0.760613
0.788324
-0.113987
0.791681
-0.450484
-0.804559
-0.426435
0.787469
-0.148839
0.382122
0.623646
-0.461165
-0.894955
0.185644
-0.236000
0.341716
0.493515
-0.632984
-0.922788
-0.967711
-0.230995
0.853633
0.578967
-0.824946
-0.159154
-0.710196
-0.014008
-0.105686
0.108921
-0.266091
-0.554186
0.819636
-0.674734
-0.037568
0.423383
-0.385784
-0.640492
0.823298
-0.189367
0.893368
0.929991
-0.565477
-0.643300
-0.474471
-0.185400
-0.179662
0.617298
0.116916
-0.428510
0.464705
-0.280496
-0.558458
-0.366131
0.889340
0.922910
-0.748466
-0.119785
0.690542
-0.809259
0.986755
0.148228
-0.616321
0.444929
-0.087924
-0.644032
0.839473
0.459517
-0.892331
-0.576769
-0.168615
0.999268
-0.621021
0.849727
-0.262734
-0.680593
-0.149571
-0.929075
0.888180
0.416425
-0.939756
0.169042
0.295877
-0.758660
0.196387
-0.267129
0.455061
-0.293313
0.428999
0.189306
0.116855
-0.993713
0.385052
0.426557
-0.715018
0.513779
-0.007721
-0.102634
0.613819
0.215552
-0.250710
0.582324
-0.349834
0.366192
-0.959227
-0.971679
-0.501083
0.720267
-0.184118
0.879269
-0.315104
-0.449995
0.437117
0.579882
0.499374
-0.219092
0.377728
0.273354
0.485641
0.515549
0.939879
0.996216
0.596850
-0.232521
0.412580
0.884213
-0.183447
0.042024
-0.054964
-0.145238
0.712394
-0.946776
-0.253456
-0.599109
0.509812
0.629017
-0.073824
-0.558275
-0.953917
0.850887
0.537217
-0.032502
0.729789
0.038240
-0.207923
-0.284219
-0.830683
-0.396283
0.594897
0.459883
-0.038606
-0.659169
-0.028352
0.917600
-0.530808
0.682180
0.374981
0.774529
-0.506882
-0.468429
-0.707266
0.171484
-0.293558
0.220435
0.295145
-0.966918
0.791009
0.324381
-0.179540
0.819697
-0.355327
0.143345
-0.666005
-0.789117
0.588061
-0.722404
-0.841792
0.810785
0.143773
-0.337687
-0.301187
0.111728
0.135533
-0.096286
0.990112
-0.682730
-0.207190
-0.819086
0.807672
-0.147740
0.135350
-0.084689
0.283425
-0.585498
0.790948
-0.042940
0.309061
0.810785
0.991699
-0.712821
-0.084384
0.200903
-0.026582
-0.355693
0.356365
-0.338359
-0.218604
0.640614
0.417280
-0.178808
0.180151
0.337443
0.906674
0.048738
-0.982727
0.182531
0.248085
-0.934263
0.040925
-0.091647
-0.233558
-0.004120
0.366680
0.355754
0.937742
-0.563280
0.681570
-0.258278
0.084628
0.079318
-0.152989
-0.115329
0.838801
-0.532029
0.852290
0.284646
-0.662709
-0.133213
-0.593310
-0.153294
-0.542405
0.486007
-0.955443
-0.315043
0.517930
0.462386
-0.183203
0.259743
-0.189062
0.702994
0.510056
-0.602466
-0.796625
0.046236
-0.943785
-0.689383
0.593799
-0.388775
-0.804682
-0.848262
-0.943113
0.745842
0.916318
-0.137608
0.353496
-0.078280
-0.097690
-0.908383
0.667226
-0.550401
-0.240150
-0.548631
0.812311
-0.399457
-0.828425
0.543626
0.246132
0.269631
0.869747
0.329264
-0.872372
-0.608753
-0.006684
0.866817
-0.378704
-0.986084
0.093722
0.282144
0.879452
-0.228004
-0.123508
0.364849
-0.825617
0.955138
0.764153
-0.994079
0.578234
0.497848
-0.187536
-0.510971
0.106418
-0.231544
0.421552
-0.608570
-0.239113
0.310282
0.860652
-0.615162
0.920896
-0.553087
-0.891964
0.739494
-0.160070
-0.495102
-0.149876
-0.877987
-0.462691
-0.732353
0.598804
0.882076
0.749565
0.317301
0.965697
-0.628407
-0.860836
-0.372051
-0.106784
-0.125462
0.061922
0.968749
-0.573778
0.647328
0.959532
-0.747856
0.038118
-0.660024
-0.366619
0.435224
0.741813
0.033723
0.256630
-0.360088
-0.979858
0.252846
0.327250
-0.916623
0.326518
-0.665517
-0.149632
-0.229408
-0.777703
0.198462
0.072359
-0.398358
0.275185
-0.433271
0.646229
-0.736747
-0.118259
-0.102206
0.276345
0.110263
0.718925
-0.247780
0.552599
0.031220
-0.718314
-0.241310
-0.353191
0.267251
-0.880856
0.368816
0.432417
0.242592
0.175512
0.755486
-0.564989
-0.212256
0.425398
-0.995117
0.189062
-0.265603
0.601550
-0.095126
-0.382672
0.119358
0.737114
0.078585
0.482589
-0.397748
0.824213
0.596850
