0.193274
-0.129429
-0.454512
-0.561693
0.949522
-0.484115
0.564257
0.951231
0.557176
-0.689261
0.770928
-0.174596
0.680288
-0.084933
0.003204
0.291482
-0.931089
0.963439
-0.788629
-0.003388
0.572924
0.478195
0.953368
0.644581
-0.067232
0.699698
0.353130
-0.367046
-0.955565
-0.139500
0.049654
0.632008
-0.903989
-0.462752
-0.423139
-0.328593
-0.533433
0.387616
-0.069063
0.073214
0.649525
0.621204
0.631214
0.514451
0.565661
-0.781915
0.122471
0.691214
-0.839595
-0.165502
-0.509934
0.935118
0.551256
0.281838
-0.529344
0.566942
0.536424
0.826106
0.899472
-0.134434
0.915525
-0.180334
-0.176244
-0.815058
0.215796
-0.834346
0.452620
0.453597
-0.139195
-0.544115
0.501511
0.466048
0.365642
-0.849116
-0.482528
0.056490
-0.122959
-0.248024
-0.721732
-0.787103
-0.367229
0.671987
-0.334452
0.015839
-0.075838
-0.803278
-0.757561
-0.598376
0.162694
-0.401471
-0.462569
-0.857418
0.015107
-0.390851
-0.211524
0.355266
-0.092441
0.366619
0.334025
0.158300
-0.259133
-0.120029
0.060274
-0.409345
-0.204627
-0.321696
-0.095248
0.067415
0.253456
-0.840022
0.791559
-0.998413
0.542344
-0.119846
0.564501
0.319620
0.863460
-0.810541
0.825190
-0.601062
-0.602832
0.028901
-0.921506
0.727897
0.061129
0.943358
-0.144261
-0.000580
0.629505
-0.007782
-0.139134
-0.109592
-0.480819
-0.697623
0.114841
-0.362468
0.793939
0.323405
0.229652
-0.195715
0.705130
-0.358440
-0.238136
0.356731
0.916379
0.238258
0.097079
0.322672
0.422163
0.414350
-0.307901
0.496323
0.045686
-0.845271
0.208289
0.497543
-0.110691
0.736320
0.333598
0.640797
0.445112
-0.320963
0.287576
0.933958
0.442183
0.722709
-0.092746
0.737907
0.977783
0.143223
0.076510
-0.414411
0.795099
0.775018
-0.859188
-0.420576
-0.548753
0.408490
-0.013153
-0.844905
-0.272134
-0.166906
-0.413862
-0.436750
-0.217017
0.950255
0.660573
-0.484848
-0.335063
-0.819636
0.975280
0.310953
0.548997
0.174474
-0.737663
-0.859066
0.566149
-0.429365
0.778497
0.020966
-0.423017
-0.781487
0.756645
-0.708365
-0.020844
0.467696
-0.612415
0.180334
-0.719352
0.217017
-0.646901
-0.807428
0.040071
0.154027
0.775750
0.924131
0.828181
-0.048128
0.221473
-0.196326
0.018708
0.508774
0.870785
0.583728
-0.668325
-0.764702
0.838862
-0.388592
-0.240883
0.255287
-0.093539
0.195593
0.570788
-0.376202
0.076876
0.657277
0.378399
0.985046
0.065096
0.892758
0.232398
0.595264
-0.765191
0.693960
0.514451
-0.831721
-0.380352
-0.303323
0.417402
0.678274
-0.248451
-0.453169
0.989380
0.931455
0.284829
0.684439
-0.905881
0.422529
0.759636
0.345256
-0.502487
-0.658681
-0.446028
0.929563
0.127354
-0.448653
0.394269
-0.635731
-0.943297
0.831782
-0.670888
0.225806
0.423994
-0.169652
0.595996
0.430586
-0.041719
0.114841
-0.286111
-0.417707
0.854793
0.760186
-0.320902
-0.211035
-0.907590
-0.628101
0.797723
0.310648
-0.456404
-0.042879
-0.567186
-0.678457
-0.214148
-0.137791
0.416120
0.045930
-0.916929
0.405683
-0.757073
-0.040376
-0.622364
0.081027
0.901852
-0.671865
0.174963
0.612415
0.834529
-0.951170
-0.522752
0.509690
-0.133030
-0.021577
-0.370769
-0.461653
-0.756340
0.168554
0.755669
-0.390179
-0.186193
0.053926
0.087741
0.607410
0.573290
-0.790521
-0.358989
0.591418
-0.715384
-0.668081
-0.913022
-0.735893
-0.572069
-0.431379
-0.157079
-0.449080
-0.132725
0.995972
0.411542
-0.231544
-0.667226
-0.017731
-0.540086
0.166784
-0.593860
-0.449751
-0.961791
0.603198
0.139866
-0.457747
0.382183
-0.951598
0.130039
0.782525
-0.849361
-0.849116
-0.885372
0.343120
0.624073
0.169408
0.703726
0.832087
-0.989135
0.598376
0.405438
0.076632
-0.587329
-0.328104
-0.932127
0.134251
0.764092
-0.727103
0.191198
-0.706534
-0.627918
-0.573473
-0.766289
0.614185
-0.086032
0.310587
-0.574450
0.635853
-0.019379
-0.268654
0.153356
0.968078
-0.865230
0.393475
-0.035188
0.970885
0.961913
0.475204
-0.846553
-0.252358
-0.036287
-0.071139
-0.347026
0.769097
-0.028291
-0.753899
0.938841
-0.609119
-0.324992
-0.010102
0.682730
0.228980
0.333842
-0.658010
0.337199
-0.687002
-0.109958
0.702017
-0.404462
0.899045
-0.333232
0.228736
-0.430219
0.301920
-0.421430
0.476302
-0.126499
0.061617
0.730888
-0.608753
0.872677
-0.614978
-0.095859
0.005951
-0.694388
-0.900327
-0.690786
-0.997803
0.480941
-0.178869
0.236976
0.082125
-0.142186
-0.790094
0.610218
0.327006
0.762139
-0.323588
0.577136
-0.727958
-0.647572
-0.142491
-0.201270
0.194494
-0.851009
-0.371380
0.069063
-0.636647
0.620716
-0.952513
0.254433
0.540880
0.291299
-0.841548
-0.043428
0.855098
-0.461104
0.487045
0.060579
0.948424
0.786676
-0.090854
0.438948
-0.282937
0.453902
0.432234
-0.269448
-0.157689
0.169652
0.650807
-0.876644
0.605274
0.724357
0.621998
1.000000
-0.847652
-0.997253
-0.616688
-0.020173
0.551683
0.540086
0.399518
-0.592212
0.250282
-0.258461
0.816828
-0.584521
-0.910276
-0.753716
-0.845454
-0.122349
0.698111
-0.922849
0.373394
-0.129429
0.914609
-0.049837
0.784051
-0.551195
-0.032075
-0.080416
0.880612
0.692373
0.598376
0.912717
0.823298
-0.623829
-0.937254
-0.531724
-0.375103
-0.673330
-0.950499
0.138218
-0.280007
-0.463973
0.588061
0.546861
0.053011
-0.931944
-0.088839
-0.647511
-0.371807
0.539964
-0.427961
-0.006134
0.281289
-0.784173
0.921201
-0.767449
0.968810
-0.206885
-0.406171
0.045076
0.970641
-0.541063
-0.288675
-0.928709
0.045808
0.648610
-0.749565
0.341716
-0.442122
-0.114353
0.274880
0.370586
0.572802
-0.117344
0.714835
0.906247
-0.243324
-0.898556
-0.902097
-0.005585
0.385784
0.456465
-0.672231
-0.152379
0.660024
0.783074
0.993408
-0.113865
0.209510
0.971923
0.526414
-0.997925
0.261086
-0.750847
0.246498
0.839106
0.189978
0.930723
0.553087
-0.695364
0.767937
-0.080172
0.962584
0.652211
-0.380963
0.574389
0.187475
-0.946043
-0.729972
-0.988403
-0.356426
-0.325968
0.857356
0.113010
-0.956053
0.686575
0.976440
-0.282022
0.803949
-0.398663
-0.178930
-0.469100
0.635304
-0.210303
0.180334
0.259804
0.941465
-0.908811
0.703116
-0.831355
-0.935240
-0.653005
0.018342
0.838435
-0.103671
-0.486862
-0.605945
-0.868709
-0.088839
-0.657033
0.269265
0.547288
-0.056490
0.637623
0.364971
0.369976
0.619861
0.631275
-0.621021
0.834346
0.774285
-0.587207
-0.309000
-0.194739
0.265114
-0.861446
-0.292398
0.782220
0.549608
0.821284
0.055269
0.341288
0.571215
0.495590
0.975402
-0.504013
-0.116367
-0.463607
-0.317057
0.540452
0.441206
0.881710
0.469466
0.027009
0.308084
-0.176855
-0.007416
-0.559923
0.447615
0.365581
0.840754
-0.590014
-0.697439
0.896908
-0.284158
-0.616749
-0.096652
0.289834
-0.268288
0.101108
-0.343547
-0.752739
-0.006561
0.446760
0.451460
-0.838069
-0.269143
-0.307596
-0.370830
-0.468917
-0.009552
0.774529
0.809442
0.131077
-0.817927
0.842158
-0.663564
0.893185
-0.059175
-0.147618
0.971557
-0.132420
-0.551317
-0.335124
0.995056
-0.001679
-0.083529
-0.863338
0.653005
0.701895
0.886593
-0.039399
0.880490
0.112888
0.996765
0.751335
-0.900876
0.639882
-0.075838
-0.017914
0.427595
-0.026887
-0.931700
0.243934
-0.614368
0.495712
0.034761
0.530503
0.552416
0.530869
0.602466
0.916807
-0.423078
0.539476
-0.575915
-0.002350
0.660695
-0.402570
-0.300089
0.491073
-0.509140
0.212012
0.260170
-0.645802
0.008087
0.612659
0.407880
-0.806574
0.527512
-0.815668
0.808588
-0.039460
0.618213
0.597217
0.332804
0.330912
-0.052767
-0.349284
-0.531297
-0.472945
-0.121128
-0.364483
0.262917
-0.511521
-0.979553
0.949644
-0.226478
-0.232215
-0.622059
-0.108737
0.620899
-0.985412
0.108127
-0.554674
0.272256
0.455611
0.339152
-0.473678
-0.009796
0.232337
-0.030732
-0.128880
0.433882
0.803705
0.186254
-0.815485
-0.547349
-0.277261
0.070162
0.211463
0.587939
-0.727165
0.089206
0.426069
0.546434
0.589892
-0.338176
-0.156407
-0.742790
-0.630726
-0.732902
0.358745
0.358928
-0.457869
-0.591845
-0.103793
0.338664
-0.866756
-0.238014
0.754265
-0.137852
0.174291
0.018586
-0.902158
-0.718253
-0.237281
-0.659230
-0.127720
0.501877
-0.350932
0.734001
-0.759575
-0.752861
0.521653
0.092685
-0.290872
-0.875790
-0.325541
-0.250587
0.729301
-0.826167
0.094516
-0.818903
-0.403424
0.543321
0.500961
0.940855
-0.248146
-0.823969
0.975219
0.240822
-0.740410
0.044404
-0.896786
-0.631520
-0.593799
0.624012
0.686331
-0.336222
0.130650
0.457381
0.029817
0.327921
-0.582446
-0.134129
-0.322611
-0.880795
0.484909
-0.264260
-0.406049
0.094394
-0.644948
0.330790
0.443709
-0.629749
0.614368
-0.685415
-0.686514
0.969054
0.213843
0.990478
0.483016
-0.608936
-0.887570
-0.939634
0.486984
-0.008393
-0.842830
-0.671255
0.245949
0.477645
0.289346
-0.293924
-0.497665
0.996094
0.089022
0.981628
0.458052
0.373455
0.746391
0.155858
0.565111
0.247414
0.248756
0.504074
-0.484298
0.482223
-0.182531
0.167394
-0.887875
0.853694
0.121006
-0.831477
0.855892
-0.999634
0.078158
0.571947
0.153539
0.846492
0.649281
0.142979
0.813837
0.111728
0.128636
0.454085
0.776727
0.993408
0.991821
-0.399213
-0.859676
0.173193
0.409955
-0.955077
0.899899
0.135716
-0.523423
0.985717
-0.336955
0.147008
-0.895505
-0.145421
-0.940977
0.679189
-0.654042
-0.679312
0.761223
0.531602
0.132420
-0.218665
0.407392
-0.488083
-0.787164
-0.961852
-0.907651
-0.741508
0.313089
0.534227
0.721366
0.135289
0.261696
-0.648976
0.811274
0.360149
-0.175817
-0.247047
0.767571
0.860286
0.487167
-0.608509
0.081515
0.333415
0.185705
0.089511
-0.131748
-0.556444
0.395367
-0.463912
0.371502
-0.732536
-0.516831
-0.220985
-0.475692
-0.106662
0.962096
0.970458
0.420087
-0.706534
-0.499863
0.902768
-0.181188
-0.938353
0.684256
-0.938719
-0.770074
0.459151
0.118198
-0.081881
-0.659047
0.801691
0.998901
0.718680
0.296548
-0.511582
0.373577
0.982788
-0.617664
0.729850
0.290628
-0.933470
-0.091342
0.900998
-0.719901
-0.414838
-0.594104
-0.692740
-0.837092
0.988769
0.045869
0.644215
-0.581042
-0.490036
0.077670
0.845454
0.671926
-0.985656
-0.121372
0.719962
-0.946348
0.217383
0.594165
0.851253
-0.051119
0.755058
0.327250
-0.693289
0.684561
-0.961974
0.904904
0.582873
-0.736808
0.905026
0.500839
0.217017
-0.443648
0.232521
-0.027802
-0.266213
0.350810
0.794183
-0.645314
-0.920530
0.266518
0.177709
0.000946
0.115574
0.706595
0.802057
-0.772515
0.858638
0.488266
-0.709830
-0.669790
-0.509018
0.564440
0.602710
-0.228980
0.350810
-0.980651
0.538255
0.450056
-0.667959
-0.233924
-0.204138
0.694815
-0.728202
-0.514634
-0.471419
-0.171178
0.095981
0.286172
-0.593066
-0.243385
0.526109
0.301065
-0.630299
0.867672
0.981384
0.680898
0.209510
0.775384
0.056246
-0.968200
0.186987
-0.173559
-0.095859
0.294290
-0.388165
0.569628
-0.939573
0.546678
-0.194922
-0.471541
-0.437605
0.503830
0.195288
0.915525
0.186316
-0.922605
0.147435
0.535813
0.507981
0.233192
0.536546
-0.174963
0.620289
-0.142491
0.841792
-0.409040
0.966308
0.655324
-0.408979
-0.116367
-0.071383
-0.375103
-0.919309
0.145726
0.877316
-0.673757
-0.821955
-0.067110
-0.771599
-0.293497
0.984802
-0.190283
-0.251137
-0.090976
0.508164
0.674490
0.221046
-0.261086
-0.009186
0.361370
-0.227821
-0.851131
-0.480941
0.901547
-0.192175
-0.554613
-0.738029
0.151158
-0.458541
0.154942
0.816889
0.212867
-0.005524
-0.917356
-0.127293
0.149022
-0.165929
0.995361
-0.108493
0.649709
0.490036
-0.511338
0.652516
0.378094
0.185522
-0.445723
-0.190283
0.577868
-0.391156
0.680349
0.102634
0.688040
-0.841792
0.436689
-0.765252
0.256630
-0.166662
0.182470
0.271584
0.996094
-0.339213
-0.530259
0.200354
-0.419050
-0.894955
-0.201453
0.132298
0.982849
-0.542161
0.235511
-0.574023
0.488754
0.725822
-0.366314
-0.893063
-0.657949
0.267495
-0.346171
-0.013886
0.659536
-0.979186
-0.597339
0.897824
0.464705
0.666982
0.549120
-0.106113
0.681326
0.969420
-0.693594
0.460555
-0.869869
-0.567064
-0.977477
-0.925596
0.982788
-0.767022
0.711966
-0.117405
0.554369
-0.513535
-0.600635
0.480453
0.260414
0.222633
-0.760552
-0.402875
-0.967345
0.551683
-0.441633
-0.889645
0.370281
-0.973693
-0.634144
-0.964660
0.466292
0.089450
0.932249
-0.747246
-0.058565
0.428510
-0.593677
0.202246
0.976318
0.955443
0.386639
0.763787
0.546495
0.693350
-0.540147
-0.945677
0.194800
0.513352
0.473251
-0.906125
-0.696890
-0.262368
0.957457
-0.329142
-0.456587
-0.309793
0.605579
-0.944212
0.383221
0.533738
-0.017304
-0.813959
0.551439
0.339091
-0.384198
0.337382
-0.399274
0.202612
-0.977050
-0.623524
0.234657
0.175695
0.905576
-0.285806
-0.351238
-0.660756
-0.570177
-0.068453
0.058931
-0.550279
0.039460
-0.613147
-0.374432
-0.903745
-0.775628
-0.030549
0.714957
-0.368267
0.550279
0.444929
0.404157
0.770013
-0.871151
-0.091586
-0.750786
0.775201
-0.394940
0.895993
0.195532
-0.311991
-0.077181
-0.449080
-0.883297
-0.893857
0.888180
-0.740715
-0.164159
-0.532579
0.906186
0.429487
0.196387
-0.130467
-0.875301
0.203528
0.428999
-0.728690
-0.248024
-0.790399
-0.197913
-0.055696
0.001862
0.142613
-0.168859
-0.102634
-0.575426
-0.541551
-0.735038
-0.760613
-0.964537
-0.204260
0.161840
0.797296
0.618885
-0.290017
-0.637257
0.196692
-0.254372
0.946104
0.923887
-0.291421
0.560045
0.557482
-0.344829
-0.973266
0.314188
-0.587939
-0.997742
-0.366863
0.417829
-0.589953
0.241005
0.663198
-0.875057
-0.433454
-0.128758
-0.955443
0.005524
-0.652760
0.678762
0.418317
0.509812
0.439436
-0.073824
0.127781
0.207617
-0.842036
-0.638050
0.870479
-0.137303
0.115757
0.149144
-0.043184
-0.936522
-0.093417
-0.339763
0.293802
0.038972
-0.511460
-0.665212
-0.080660
0.784051
0.682180
-0.335307
0.774529
0.928098
0.033540
-0.410260
-0.982543
-0.470809
0.365825
-0.561876
-0.442610
0.704093
-0.683706
-0.096896
-0.352641
-0.220801
0.444929
-0.666005
0.925291
-0.488144
0.169408
-0.305155
-0.718986
0.051851
0.337626
0.369976
0.105380
0.163854
0.885922
-0.290445
0.903378
0.386578
-0.819086
0.807672
0.421857
-0.794671
-0.742302
-0.407208
-0.176061
-0.600269
0.853511
-0.131077
0.574206
0.396283
0.561876
0.904050
-0.722343
-0.251198
-0.591845
-0.689871
-0.473556
0.547838
-0.961303
0.902707
-0.178808
-0.882382
0.854305
0.197119
-0.314432
-0.856685
0.449690
0.879391
-0.334147
-0.715262
0.308573
-0.024384
0.642018
-0.082003
0.000397
-0.397137
0.639576
-0.143406
-0.828608
-0.076754
-0.006134
0.659291
0.303995
-0.745659
-0.663076
-0.294412
0.405744
0.664113
0.854427
-0.126011
-0.279275
-0.003265
-0.918210
0.340373
0.779839
-0.599719
0.807733
0.658437
0.450423
0.123936
-0.131077
-0.456832
0.693594
-0.605152
0.044710
-0.760796
0.387249
-0.055879
0.407453
0.267495
-0.848262
0.804010
0.745842
-0.553331
0.788385
-0.846919
-0.213965
0.632984
-0.091952
-0.559374
0.030793
0.798761
0.886044
0.908811
-0.470016
-0.278237
0.455000
0.505112
-0.571520
0.325236
-0.845088
0.672292
0.221473
-0.349651
0.905881
0.831660
-0.818110
-0.858150
0.403668
-0.304361
0.223060
-0.973327
0.646168
-0.416669
-0.433271
0.832209
-0.075167
0.883724
0.497848
0.865474
0.075961
-0.887204
0.904355
0.421552
0.415937
-0.884579
0.254189
0.414899
-0.649342
-0.328532
0.552416
-0.556932
-0.910154
-0.480758
0.699332
-0.528184
0.314859
0.704642
0.740654
0.598804
-0.092257
-0.193335
-0.407880
0.650929
-0.152318
-0.860836
0.982910
0.175695
0.447371
0.376690
-0.446699
0.552477
0.524583
-0.587024
-0.224586
-0.369366
-0.346782
0.719169
0.616688
0.101901
-0.051851
0.247108
0.297464
0.349223
0.380230
0.675222
-0.632618
-0.761101
0.499435
-0.704459
0.716666
-0.761101
-0.817560
0.226417
0.759392
-0.032807
0.771477
-0.666982
0.489486
0.203284
0.945555
0.833613
0.010346
0.103183
0.308573
0.857418
-0.025056
0.836543
-0.700247
0.508164
0.405927
0.016083
-0.581469
0.945860
-0.801996
-0.548143
0.368877
0.817316
-0.029206
0.900632
0.507370
-0.978576
-0.499313
-0.795221
0.948790
-0.984497
-0.021577
0.829585
-0.808100
0.850032
0.773675
0.737663
-0.671987
0.563463
0.865413
0.911069
0.890194
0.126988
-0.327250
0.539964
0.294961
-0.340129
-0.829463
-0.779229
0.379009
0.879086
-0.956053
0.080233
0.140110
0.600635
-0.162206
-0.450850
-0.257912
-0.190405
-0.781549
0.850764
0.538560
0.958312
-0.954100
0.804376
-0.904172
0.289834
0.784417
-0.997620
-0.756096
-0.774895
0.152989
-0.746696
-0.539476
0.111301
-0.675161
-0.191259
-0.801569
0.499374
0.827570
0.647084
-0.895260
0.756890
0.683340
-0.977599
-0.341960
0.176122
-0.274514
-0.049837
-0.979675
-0.368999
-0.553148
-0.077120
0.508103
0.600513
-0.232887
-0.913877
-0.271035
0.580432
0.494980
0.117161
0.230323
0.550951
0.386944
-0.378033
0.309671
0.977905
0.073519
0.026460
0.834101
-0.344462
-0.468856
0.712333
0.658925
0.705069
0.017609
-0.069002
0.665090
-0.696219
-0.030854
0.419721
0.342875
0.195044
0.868160
0.841792
-0.012848
0.429731
-0.948668
0.404828
0.528977
-0.438887
-0.367351
0.472152
0.266335
-0.161779
0.164342
0.765801
-0.956236
0.973449
0.969115
-0.996216
-0.533372
0.570605
0.280129
-0.509751
0.956236
-0.441511
-0.258705
0.634571
0.015961
-0.509445
0.707450
-0.760979
-0.280923
0.161473
0.095370
-0.813288
-0.505295
0.316019
0.367168
-0.254677
0.433699
0.793634
0.870785
-0.349284
0.085238
0.054720
-0.209632
-0.178198
0.079501
-0.853328
-0.165746
0.299722
0.705252
-0.799432
0.705618
0.594165
0.584521
-0.071688
-0.705435
-0.855708
0.820673
0.681936
0.589282
-0.978942
-0.704520
-0.031404
-0.072237
0.775384
0.894162
-0.725761
0.816950
-0.797235
-0.982604
-0.737968
0.836970
-0.954955
-0.657460
0.571032
-0.068209
-0.791253
-0.029328
-0.273354
-0.499619
-0.403424
-0.104709
0.829157
0.726554
-0.350627
0.556810
-0.733390
0.382183
0.005097
0.644704
0.169591
-0.797967
0.705496
-0.527696
0.187963
0.276894
-0.859066
0.319987
-0.367718
0.582018
0.744804
-0.992737
0.094211
0.165380
-0.811518
-0.619129
0.070223
-0.493393
-0.534959
0.574633
0.964782
0.594714
-0.849300
0.116550
-0.124668
0.496628
0.375958
0.674368
-0.563097
0.612293
0.951109
0.452132
0.145482
-0.079012
-0.025422
-0.346660
0.765740
-0.586352
0.064364
0.739921
0.148167
0.288980
-0.098239
-0.587817
-0.679373
-0.557176
0.848506
-0.851924
0.200598
-0.469649
0.392987
-0.310404
0.110813
0.322733
-0.730338
-0.272683
0.952757
0.652760
0.279397
0.849788
0.092013
0.834773
0.581103
-0.162633
0.927000
0.558214
0.418500
-0.203833
0.241615
0.733024
-0.852351
-0.284829
-0.032991
0.897336
0.787408
0.083834
0.129551
0.228065
-0.889706
-0.027009
-0.009919
0.699576
0.782708
0.258950
0.660512
-0.182592
-0.100681
-0.127903
-0.983459
-0.528855
-0.607898
-0.471053
0.197913
-0.242103
-0.332316
-0.254982
-0.357524
-0.877987
-0.023225
0.034761
0.732963
-0.310038
-0.479659
0.206885
-0.049715
-0.483261
0.343303
0.894406
0.028047
0.600391
0.242653
-0.338786
0.487167
-0.333415
0.898434
0.018525
-0.504135
-0.633290
0.422224
0.666311
0.933714
-0.642811
0.922788
0.898190
0.595386
0.349345
0.088900
0.329447
-0.370464
0.961425
0.613269
0.905393
0.290567
0.093234
0.985961
0.664907
0.119175
0.280313
0.003204
0.851741
-0.229163
0.430464
0.149815
-0.296060
0.660939
0.681082
-0.545518
0.199927
-0.344218
-0.663991
0.815363
-0.814325
0.842708
-0.648122
0.851314
0.315470
-0.203162
-0.760430
0.339946
0.099765
0.436384
0.115207
-0.209449
-0.642323
-0.183935
-0.474715
0.414289
0.868648
0.790460
0.553392
0.993164
0.769158
0.290262
0.453291
-0.150243
0.482040
-0.065706
0.275674
0.594104
0.180273
-0.086215
0.451033
0.185583
-0.005829
0.108005
-0.835505
-0.611866
0.137059
-0.522324
-0.995544
-0.863399
0.596118
0.324870
-0.385052
-0.886898
-0.101108
0.132847
-0.589404
0.709952
0.077853
-0.642872
0.507431
0.853877
-0.620960
-0.667348
-0.388592
0.091037
0.857479
0.063448
-0.686270
0.062593
0.119541
0.890561
0.813044
-0.426923
0.686148
-0.731498
0.726249
-0.141453
0.783380
-0.175634
-0.774957
-0.730277
0.006134
-0.759392
-0.331278
0.576647
0.694082
-0.821406
0.597278
0.403241
-0.294229
-0.722465
0.613758
0.670644
0.398907
-0.805841
-0.983581
0.881832
-0.917722
0.281838
0.069613
-0.491195
0.306986
-0.440535
-0.265236
-0.182897
0.873409
-0.376263
-0.029084
0.136937
0.299844
0.507553
0.770196
0.809931
-0.735771
0.156041
0.764824
0.013703
-0.107944
-0.869869
0.779229
-0.282022
0.115818
-0.193152
0.844111
0.732841
-0.525437
-0.872799
-0.496384
0.630970
-0.931516
0.619190
0.616138
-0.362651
-0.992248
0.298318
0.948546
0.137181
0.352031
0.990539
-0.140355
0.312479
-0.488327
0.162572
-0.248451
0.238990
0.640065
-0.650441
-0.852229
-0.265603
-0.888058
0.449812
-0.699393
-0.691275
-0.455367
0.189978
-0.353374
-0.053560
0.088961
0.384136
0.138096
0.182043
0.344218
0.499252
-0.211585
-0.143895
-0.845576
0.313761
0.336772
-0.942930
0.980407
-0.211219
0.557848
0.374981
-0.662893
0.408185
-0.993225
-0.215613
-0.607532
0.023469
0.973754
0.471358
0.085482
-0.708609
0.924375
0.931272
-0.990905
-0.260781
0.537400
-0.995056
-0.269997
0.477950
0.408124
-0.458541
-0.293069
-0.134251
-0.768181
-0.063265
0.399396
-0.786187
-0.406049
0.125828
-0.582873
0.084078
0.586474
0.996338
0.877621
0.398602
0.790521
-0.423688
0.853755
-0.047334
0.015534
0.378216
0.310465
0.407025
-0.191443
0.868343
0.901364
-0.827692
0.379986
-0.435347
-0.906858
-0.984130
-0.232093
-0.794794
-0.647511
-0.183935
0.001556
0.420148
0.616382
0.715751
-0.115635
0.784539
0.324503
0.924986
0.688467
0.233924
0.662526
-0.591174
-0.962645
-0.044832
0.662832
-0.039705
-0.343120
-0.944517
0.385907
0.031343
0.310160
-0.651540
0.305826
0.469893
0.450056
0.525071
0.307352
-0.222694
-0.325419
0.139317
-0.472091
0.570910
0.572008
0.905454
-0.294656
0.579028
-0.954283
-0.120334
-0.094333
-0.641591
0.000702
-0.516526
0.972289
0.538926
-0.574694
-0.504379
-0.088961
-0.049043
0.240272
-0.043123
-0.847163
0.697256
-0.480331
0.506516
0.488021
-0.205725
-0.936766
-0.786493
-0.971252
-0.506088
-0.142674
-0.283547
0.663930
0.132786
0.657216
-0.808832
-0.781426
-0.891537
0.307535
0.175756
-0.690420
-0.272134
0.038240
-0.587024
-0.062410
0.211768
0.575488
0.538865
-0.612964
0.679678
-0.219337
0.069674
-0.012726
0.353008
0.904782
-0.144810
0.375103
-0.839900
-0.835444
-0.455367
-0.352153
-0.048006
-0.970824
0.064119
0.241188
0.650746
0.227332
-0.887936
0.525437
0.498520
-0.157140
-0.510422
0.630360
0.934202
0.877438
0.788934
0.181127
-0.995911
-0.209143
0.615589
0.685232
0.539415
-0.386700
0.620899
0.027741
-0.301065
0.636586
0.145054
0.403607
-0.125278
-0.586230
0.847591
0.642079
-0.700613
-0.174657
-0.340007
-0.657155
-0.196692
-0.491928
-0.157933
0.104221
0.829096
-0.660024
0.070589
-0.254555
0.289651
-0.147740
-0.129673
-0.540147
-0.499741
-0.415693
-0.572008
0.425825
0.532273
-0.026521
0.847285
0.073885
-0.793756
-0.681936
-0.021699
-0.898618
-0.536607
-0.409894
-0.693350
0.767754
-0.529527
0.448897
0.956114
0.700674
-0.389874
0.328288
0.560411
-0.705130
0.431501
0.873592
-0.040071
0.065462
-0.292215
-0.607410
-0.419050
-0.318461
0.186682
0.966491
0.491501
0.016877
0.618946
-0.361187
-0.016327
0.101230
-0.132542
-0.756951
0.835200
0.996826
0.974242
-0.544908
-0.572497
0.314615
0.169591
0.385113
-0.544237
-0.646168
-0.189367
0.123753
-0.196203
-0.344829
-0.910154
0.312662
-0.179785
-0.744926
-0.402997
-0.634571
0.839106
-0.917234
0.612842
-0.660451
-0.456709
0.077486
-0.095126
-0.796136
-0.397382
-0.998779
0.775140
0.465194
0.358440
0.135350
0.176244
0.225074
-0.512314
-0.250465
-0.554491
0.514573
-0.473128
-0.947020
-0.025849
0.393353
0.482101
-0.136692
0.165502
0.784967
-0.906430
0.287515
-0.388104
-0.802240
0.838069
-0.978576
0.487472
0.106235
-0.417463
-0.051607
0.433088
0.566393
0.756890
0.080416
-0.770745
-0.925535
-0.262612
-0.524033
-0.066744
-0.611927
0.661733
0.336161
0.844478
0.065523
0.700125
-0.401227
0.706046
0.855647
-0.336711
0.297647
-0.432478
0.546861
0.201880
0.758171
0.051546
-0.675771
0.725822
-0.486618
0.026093
0.633595
0.807184
0.458785
0.600269
0.293497
0.640126
0.298318
-0.108310
-0.291726
0.652028
0.314432
0.007111
-0.761528
0.870724
0.360393
-0.071810
0.287637
-0.637501
0.965026
-0.103488
-0.486129
0.989196
-0.806391
-0.786676
-0.539476
0.487716
-0.066988
0.316019
-0.719596
-0.774468
0.998657
-0.135533
-0.784600
0.787774
0.758415
0.717215
-0.003754
-0.215369
-0.095920
0.022553
0.642872
-0.423139
0.363689
-0.962035
0.885250
-0.722343
0.590136
0.708060
-0.997375
-0.302835
0.295694
-0.499863
-0.268349
0.679495
-0.456893
0.100009
-0.743339
-0.050081
-0.068758
-0.675771
-0.426191
-0.566698
0.301920
0.995422
-0.130161
0.696524
0.620045
-0.307779
0.657094
-0.244606
0.303629
0.632252
0.968871
0.002106
0.532517
0.046358
0.826289
-0.224708
-0.710135
-0.277078
-0.514573
0.068636
-0.811701
-0.660024
0.296365
0.390057
-0.477340
0.496384
0.910215
-0.832392
0.561266
0.746696
0.360698
0.219214
0.195837
-0.465804
-0.341655
0.387738
-0.820673
-0.846919
-0.062777
-0.227210
-0.436262
-0.410077
0.107639
-0.120762
0.085299
0.187902
-0.144017
0.593493
-0.413190
0.379376
0.055879
-0.815607
0.237831
0.491440
-0.179601
0.312296
0.743950
0.451765
0.060152
-0.228919
-0.057772
0.642323
-0.498215
0.712455
-0.182714
-0.255837
0.500473
-0.900204
0.640614
0.893002
0.150365
-0.091220
0.829768
0.888730
0.299112
-0.848079
0.901852
0.314127
-0.665517
0.366131
-0.125462
0.449263
-0.192358
0.999512
0.648000
0.782464
-0.911435
0.971313
-0.481429
-0.869808
-0.936216
-0.048006
0.827692
0.707389
0.211035
-0.654530
-0.492599
-0.848750
-0.445723
-0.652455
-0.389874
0.114231
0.380291
-0.284341
0.395367
0.538926
0.788690
-0.008148
0.318339
-0.158544
-0.805963
0.199622
0.372539
-0.281655
-0.432417
0.623218
0.565355
-0.116794
0.334941
-0.486984
0.797540
-0.525437
0.681814
0.568957
-0.730644
0.708914
0.010651
0.343730
-0.866207
-0.628895
-0.463790
0.142613
0.613636
-0.402203
-0.774407
-0.726737
-0.140660
-0.374798
-0.053255
0.525315
-0.160192
-0.515793
-0.315226
-0.380108
0.243751
-0.305948
0.391461
0.146031
0.697928
-0.923887
0.303140
0.297769
0.164830
-0.169774
0.529038
0.326823
0.807306
0.095309
0.999512
-0.445173
0.730583
0.541429
-0.882504
0.191992
-0.781121
0.551500
-0.323527
-0.082125
0.046297
-0.874203
0.062532
0.085238
0.817743
-0.317911
0.529466
-0.077242
0.740410
0.704154
-0.185217
0.618580
0.410810
0.911069
0.721122
0.270241
0.825556
0.156285
0.291849
0.916990
0.464278
0.027375
-0.390790
-0.129429
-0.853450
-0.392987
0.410382
-0.268838
0.645314
-0.587268
-0.207251
-0.479720
0.304605
-0.685537
0.455611
0.784417
0.941832
0.389325
-0.404584
-0.617176
-0.430403
-0.394269
0.607898
0.395917
-0.411786
-0.338786
-0.451216
0.286416
-0.628529
0.095981
0.403363
-0.499557
0.489242
-0.245766
-0.437056
0.257973
-0.647023
0.306619
-0.403912
0.947569
-0.892636
-0.363384
-0.897031
0.940062
-0.336772
0.694937
-0.223487
-0.191931
-0.297952
0.568834
0.192480
-0.177648
0.540757
-0.020966
-0.581835
-0.419782
0.141636
-0.274087
-0.381634
-0.039216
0.298074
-0.789850
-0.023530
-0.369304
-0.382977
0.197424
0.698416
0.814447
0.372295
0.822748
0.671377
-0.911802
-0.113559
-0.560411
-0.700797
0.780633
-0.748711
0.762017
0.973083
0.032991
-0.274697
0.864925
0.958617
-0.592029
0.713065
-0.071383
0.214820
0.716727
-0.159581
-0.028291
-0.747368
0.473983
0.790155
0.766778
0.204138
0.564745
-0.965758
-0.872738
0.018097
0.445357
0.001617
-0.696036
0.363445
0.846126
0.829890
-0.013459
-0.991516
-0.888424
-0.027314
-0.475570
0.366008
0.663747
0.051668
-0.467513
0.705741
-0.801508
0.339640
-0.108737
-0.463424
-0.001679
0.825312
0.861629
-0.484603
0.129856
-0.823847
-0.247597
-0.056734
-0.461531
-0.887387
0.204566
-0.076449
0.711966
0.798395
0.403241
0.627125
0.575732
0.485580
-0.257973
-0.115635
0.379681
-0.657033
-0.556139
0.274758
-0.967162
-0.163366
0.596912
-0.344584
0.983947
-0.113987
0.809442
0.339763
-0.948057
0.976684
0.938169
-0.482589
-0.144078
0.623646
-0.461165
-0.894955
0.275491
-0.931211
0.800897
0.693350
0.495102
-0.922788
0.047761
-0.926389
0.491562
0.578967
-0.264809
-0.272500
-0.309977
0.445173
-0.225257
-0.436323
-0.266091
0.896970
0.383221
0.169103
-0.017304
0.078402
0.610706
-0.680715
0.823298
0.800226
-0.092074
0.929991
-0.565477
-0.624866
0.440229
0.112888
-0.179662
0.836177
0.054537
0.947874
0.266152
-0.280496
0.804437
-0.428510
0.889340
0.186865
0.235878
-0.602710
-0.073702
-0.593860
-0.917417
-0.392193
0.577868
-0.913572
0.713126
-0.053682
0.716544
-0.091586
0.822016
0.440107
-0.090487
-0.881344
0.478561
-0.680532
-0.532762
0.771233
-0.883297
-0.929075
-0.824763
-0.940672
-0.909726
-0.684744
0.906186
-0.862972
-0.021943
-0.848079
-0.875301
-0.218238
0.428999
0.651479
-0.165258
0.037935
0.363201
-0.762871
-0.636586
0.378155
-0.164953
0.084445
-0.118686
0.145299
-0.628407
0.582324
0.249977
0.137181
0.036225
0.843623
0.472274
0.544603
-0.633900
0.196692
-0.315104
-0.955931
0.437117
0.843989
0.499374
0.559313
-0.071017
-0.950072
-0.381451
-0.827326
0.939879
0.996216
-0.238624
-0.232521
0.412580
-0.969665
0.546800
0.042024
0.728568
-0.256569
-0.745903
-0.067904
-0.085360
-0.599109
0.537950
-0.282510
-0.464217
-0.860469
0.352031
-0.422590
-0.998657
-0.814447
-0.637928
-0.624866
-0.921995
-0.284219
-0.830683
0.574145
0.474715
0.270852
-0.168188
-0.659169
-0.665212
-0.138524
0.091037
-0.567186
-0.954100
0.992492
0.060945
0.766594
0.144444
-0.375958
0.357891
0.147618
-0.543748
-0.577441
0.791009
-0.642018
-0.429548
-0.519761
-0.816034
-0.254616
-0.629933
0.357402
0.256935
0.783929
0.215613
-0.697012
0.023225
0.223853
-0.562365
0.706351
0.110996
0.756401
0.660024
0.360149
0.008393
-0.675466
-0.224281
-0.425703
-0.421674
-0.084689
0.029878
-0.864193
0.258095
0.102451
0.879879
-0.945921
0.225623
-0.712821
0.903317
0.425520
-0.026582
0.724357
-0.161351
0.433943
-0.194800
0.574572
0.980346
-0.178808
-0.445601
-0.166723
0.906674
-0.587451
-0.611011
-0.490524
0.248085
-0.090121
0.040925
0.138218
0.202734
0.234718
0.184729
0.726249
-0.853084
-0.555345
0.681570
-0.067537
-0.213355
-0.767205
0.753166
-0.569933
0.838801
-0.210608
-0.635792
0.678579
0.435591
0.038667
0.686880
0.037446
-0.019990
0.525620
0.227088
0.309977
-0.913266
0.244667
0.019501
0.357097
-0.248085
-0.428877
0.510056
-0.644093
-0.581408
0.046236
-0.760796
0.760857
0.429975
-0.388775
0.826472
-0.848262
-0.730338
-0.861812
-0.916746
0.426740
-0.783990
0.861812
-0.019868
0.750664
0.004181
-0.805902
-0.849116
0.410993
-0.911985
-0.094516
-0.454878
-0.847102
0.246132
0.269631
-0.675832
0.943724
0.211463
0.221473
-0.484237
-0.020295
-0.378704
-0.927549
-0.912473
-0.910398
-0.270425
-0.460372
-0.123508
0.887265
0.688955
0.832636
-0.096164
-0.602527
-0.733268
0.843928
0.573534
-0.778497
-0.237403
0.830561
0.421552
-0.608570
-0.243385
-0.358745
-0.698294
0.137425
-0.262123
-0.553087
-0.891964
-0.129185
0.709708
0.375652
0.120212
-0.969604
-0.513291
-0.732353
0.598804
0.372600
0.749565
0.317301
0.965697
-0.628407
-0.860836
0.700980
-0.518113
-0.699087
-0.276894
0.070040
0.772210
-0.181372
-0.459517
0.218360
0.307169
-0.741630
-0.366619
0.661489
0.741813
-0.076205
-0.029023
0.279031
0.747002
0.252846
-0.637623
-0.916623
-0.729179
0.413312
-0.149632
0.754387
-0.421979
0.198462
0.825800
-0.563280
-0.473067
-0.433271
0.905454
0.489486
0.984924
0.562487
-0.957884
-0.862362
0.718925
-0.247780
0.552599
0.330607
-0.160802
-0.890744
-0.245582
-0.125095
0.705313
0.715384
0.223365
0.102756
0.175512
0.424177
-0.876339
-0.434736
-0.503769
-0.722343
0.722282
-0.046846
0.599536
0.776238
0.288919
0.448714
0.192480
0.078585
0.482589
0.769951
-0.394330
-0.423383
