-0.027497
-0.881954
0.580859
-0.955321
-0.148412
0.782403
0.085116
-0.829829
-0.511399
0.145299
0.591174
0.471725
0.639760
0.184301
-0.827998
-0.959166
0.669057
0.638661
0.831416
0.946226
-0.117954
0.155370
-0.452742
-0.601306
0.051973
-0.005402
-0.901059
0.164953
-0.563280
0.990234
0.776421
0.179235
0.343669
-0.421552
0.812799
0.484970
0.705863
0.380718
0.457686
-0.321329
0.407636
-0.085849
0.617786
0.492538
0.864620
0.361492
0.752251
-0.248817
-0.301248
0.704276
0.551744
0.617603
-0.481368
-0.746941
-0.335002
0.305094
0.582446
-0.004852
-0.391888
-0.203345
0.087802
-0.884701
0.178442
0.916440
-0.697256
-0.245277
-0.281777
-0.775262
-0.393170
-0.496445
0.264199
0.489303
0.219947
0.357891
0.097873
0.078219
0.893979
-0.931028
0.580554
-0.796564
-0.882015
-0.879269
0.321696
0.370403
-0.916562
0.251015
0.829829
0.026399
0.921079
-0.912473
0.020661
0.851497
-0.274514
0.919797
0.839534
-0.955443
0.166112
0.701895
-0.012604
-0.737968
-0.267495
-0.717460
-0.892270
0.425214
0.510849
0.915342
-0.448225
-0.405683
0.818354
0.888241
-0.925962
0.095309
-0.174841
-0.062166
-0.723319
-0.381512
0.746513
-0.797418
0.924131
-0.752617
0.732719
0.587939
0.112339
0.889096
-0.245460
-0.830683
-0.908444
-0.289041
-0.814203
0.256874
-0.648610
-0.661306
0.714286
0.440962
-0.759575
-0.686453
0.785699
-0.744255
0.976440
0.821772
-0.963622
0.202490
0.153600
0.104404
-0.555223
0.684439
-0.488876
-0.281350
0.115146
0.443403
-0.903012
0.793268
-0.760674
-0.364910
0.298318
0.804926
0.766655
-0.361370
0.163366
-0.926511
0.488266
0.475509
0.016144
0.543138
-0.291055
-0.088900
0.230140
0.658742
-0.256569
0.593677
0.917112
0.010163
0.887082
0.775018
-0.356304
-0.289224
0.500168
-0.363506
0.908811
0.604724
-0.657155
-0.233314
-0.247353
0.978637
0.907285
0.248451
0.466475
-0.606494
0.934874
-0.075777
0.747246
-0.747185
0.192541
0.240272
-0.868954
-0.929441
-0.060030
0.792230
0.778497
0.017365
-0.513169
-0.470504
-0.526780
0.763665
0.360210
0.770684
-0.928343
-0.964599
-0.459273
0.757500
0.952513
-0.422956
0.141453
0.905576
0.644398
-0.744865
-0.151402
-0.939940
-0.454146
0.138462
-0.543809
0.943297
-0.872677
-0.533372
0.780999
-0.507981
-0.848750
-0.432478
0.624561
0.872188
0.180883
0.065889
0.278970
0.570482
-0.081942
0.048555
-0.744133
-0.098910
0.672781
-0.910276
0.755364
-0.630421
-0.765191
-0.440535
-0.744194
-0.647816
0.513108
-0.603992
0.935850
-0.006806
0.806269
-0.274087
0.195044
0.730216
0.455061
0.460982
-0.879757
0.109592
0.107822
0.379803
-0.073946
-0.858821
-0.263894
0.463790
-0.987548
0.052705
-0.446883
-0.027497
-0.609119
-0.161718
0.659169
0.700980
0.101901
-0.463607
-0.767510
-0.393231
-0.713919
0.430891
-0.512986
-0.324259
-0.356914
0.040742
-0.587817
0.845759
0.534471
0.210120
0.134312
-0.756767
0.126743
-0.066683
0.407270
-0.643727
0.391827
0.141636
0.336711
0.797357
-0.482406
0.263833
-0.005158
0.617481
0.468978
0.231056
-0.153233
0.163305
-0.696219
-0.534959
-0.437483
-0.555528
-0.240028
0.905332
-0.082736
-0.713187
-0.449324
0.301859
-0.690176
-0.564989
-0.922300
-0.040010
-0.764641
-0.860958
-0.253639
0.011689
-0.209693
0.052583
-0.436628
-0.982421
0.751946
0.146458
-0.213355
-0.643117
0.959349
-0.424909
-0.251869
-0.777337
-0.092441
-0.074557
-0.041047
-0.657033
-0.673635
-0.595874
-0.700919
0.525559
-0.441206
-0.270241
0.198767
0.057161
-0.340251
0.419904
-0.317972
0.972777
0.741874
-0.401898
-0.886166
-0.808649
-0.136814
-0.426618
0.349101
0.502060
0.790216
-0.426374
0.317789
0.291665
0.720084
-0.239784
0.567431
0.735649
0.278848
-0.240822
-0.231849
-0.532029
-0.613636
0.821223
0.273476
0.685537
0.140477
0.116428
0.066622
0.118625
-0.431074
0.104404
0.710379
-0.487838
0.889523
-0.193701
0.255654
0.211768
0.436018
0.853389
-0.715812
0.744804
-0.335978
0.111484
0.159825
0.308512
-0.765313
0.742119
0.811335
0.919431
-0.695608
0.705008
-0.694571
0.007294
0.162572
-0.059908
-0.582446
-0.694510
-0.304971
-0.878903
-0.924741
-0.893674
0.279458
-0.914365
-0.592212
-0.630360
-0.296609
0.085238
-0.373089
0.704154
-0.496750
0.735405
0.856563
-0.155736
-0.666677
-0.134129
-0.967589
-0.127049
0.285623
-0.055269
-0.547777
0.520554
0.082919
0.194617
-0.497299
-0.169836
0.136753
0.279092
-0.681448
-0.313944
0.527512
-0.264870
-0.533311
0.806207
0.664480
0.655873
0.734428
0.454085
-0.667959
0.918210
0.955809
-0.542650
-0.066439
0.544603
-0.701224
0.540880
0.982665
-0.327250
-0.995972
-0.712638
-0.185949
0.582751
0.020783
-0.716605
0.969787
-0.226295
0.726310
0.312113
-0.711295
0.562609
-0.806330
-0.510483
0.644704
0.673208
-0.432295
0.410321
-0.211707
0.928526
0.981628
-0.394757
0.540513
-0.847224
-0.329447
-0.478317
0.273232
-0.844478
-0.334635
0.395489
-0.864010
0.845698
0.284158
-0.993835
0.880306
-0.187292
-0.315653
-0.112705
-0.512497
-0.592273
-0.071444
0.151830
0.093905
0.731803
-0.836726
-0.328898
-0.964904
0.883786
0.251686
-0.842036
-0.552599
0.786065
0.012238
-0.609729
0.953063
0.236671
0.220008
-0.324503
0.563646
-0.965026
-0.148228
-0.932432
0.895444
0.294717
0.011750
-0.686087
-0.709403
0.907224
0.157994
0.226295
-0.870113
-0.943236
0.859249
-0.143468
-0.184545
0.124058
-0.158544
0.549913
-0.455306
0.751579
0.763543
0.495529
0.980529
-0.778924
-0.472945
0.034761
-0.011078
-0.283059
-0.973449
0.710868
0.930845
0.853267
-0.556383
-0.947996
-0.703360
-0.220618
-0.007294
-0.503525
-0.623218
0.078280
0.387982
-0.610889
0.568163
0.702445
0.725578
-0.969237
0.458235
0.295938
-0.019318
0.521897
-0.172216
0.373882
-0.568651
0.234657
0.622974
0.309366
0.406110
-0.699271
-0.067660
0.284707
-0.704031
-0.592578
-0.776666
0.397015
-0.863094
0.280801
0.342387
-0.720756
-0.786431
0.258644
-0.305094
-0.930235
-0.756035
-0.202368
-0.516526
0.559496
-0.214881
-0.601489
-0.133580
-0.110324
-0.759819
0.465377
-0.952452
-0.386517
-0.053621
-0.947508
-0.050264
-0.053194
-0.740532
0.530931
0.314615
0.814142
0.652333
-0.872372
0.451521
-0.727531
-0.579028
0.300150
-0.453902
0.647511
0.493210
0.334513
-0.623890
0.691885
-0.132420
-0.466231
0.602893
0.169530
0.327982
0.185522
-0.126194
-0.512436
-0.424238
-0.748466
0.297708
-0.432966
0.378460
0.699149
0.585925
0.296487
-0.705130
-0.276772
-0.996216
-0.698904
0.955199
-0.372906
-0.653798
-0.195349
0.066622
0.067110
0.994385
0.308084
0.525315
0.683035
0.545396
0.836299
0.276101
-0.182653
0.061861
-0.005463
-0.738578
-0.255226
-0.989990
-0.670888
0.320170
0.466109
-0.942259
-0.030061
-0.281533
-0.720573
0.584887
0.238990
-0.786004
-0.961974
0.606372
-0.185339
0.107273
0.710623
0.852107
-0.979003
-0.553453
-0.388897
0.779534
-0.951842
-0.133274
0.916379
-0.304056
-0.295083
-0.308023
-0.687185
0.314188
-0.531785
-0.905515
0.611255
0.295999
0.627186
-0.863277
0.915952
-0.606861
-0.044527
0.618030
0.356975
-0.990173
-0.603198
0.814875
-0.918882
0.752678
0.523057
0.151769
0.915525
0.770806
0.747856
-0.016266
0.079989
0.693777
0.852412
0.574938
-0.230323
0.810846
-0.775933
-0.349834
0.312357
-0.238990
0.426008
0.214881
-0.201514
-0.138829
-0.502976
0.473922
0.509812
-0.075655
0.360271
0.322794
0.963927
-0.204199
0.782586
-0.806574
-0.488937
-0.801630
0.369488
-0.373455
0.484909
-0.373699
0.598743
-0.585070
0.275369
0.489669
0.925352
0.130406
-0.787774
-0.283303
0.640553
0.026154
-0.499435
-0.338847
-0.681570
-0.885922
0.550829
-0.804193
-0.292581
-0.765069
-0.892392
0.250587
0.928709
0.673879
-0.555284
-0.955565
0.944884
-0.610462
-0.084933
0.966796
0.800226
-0.013825
0.681997
-0.800897
0.287271
0.577502
-0.399701
-0.029572
0.765679
-0.887143
-0.917600
0.132298
-0.603687
0.101474
0.000946
-0.392804
-0.246437
0.615284
-0.883297
0.766045
0.385357
-0.572069
0.409284
-0.832575
-0.090732
-0.900571
-0.671255
0.425153
0.948302
-0.187414
0.763848
-0.054537
-0.509018
0.890866
-0.665273
-0.183020
-0.676504
0.648549
-0.457198
-0.664724
0.776849
0.126560
-0.332255
0.959716
-0.854488
0.250710
-0.735527
0.478378
0.123875
-0.404645
0.413251
-0.887753
0.119114
0.323649
0.348064
-0.381573
-0.890561
-0.484298
-0.444136
-0.564562
-0.581408
-0.349590
0.594592
0.449141
-0.091281
-0.555712
-0.008881
-0.270486
-0.844417
0.623341
0.450911
0.680166
0.284646
-0.393170
0.022065
-0.195166
-0.747734
0.239784
-0.351909
-0.164892
-0.280129
0.605518
-0.677908
-0.762871
0.291910
0.562304
-0.703177
-0.809931
0.447737
-0.513718
-0.638844
0.155248
-0.926328
-0.508469
-0.856441
-0.681387
0.755547
0.809626
0.090182
0.392926
-0.573534
-0.713981
-0.730399
0.996338
-0.377422
0.804254
-0.525193
0.872188
-0.038362
0.869137
0.159886
0.700552
-0.499496
-0.756523
-0.555589
0.043916
0.371197
0.531602
0.936277
-0.846431
0.710746
0.079012
-0.799677
-0.386883
0.909970
0.638844
0.846492
0.545885
-0.192480
-0.842280
0.716666
-0.463240
-0.582507
-0.655690
-0.761040
-0.269997
-0.040254
0.853023
-0.121677
0.066317
-0.677847
-0.467391
0.088900
0.863582
0.526597
0.316996
-0.557543
-0.653554
-0.424604
-0.377911
0.062288
-0.444929
-0.790033
-0.135594
-0.343059
-0.606006
-0.004608
-0.504624
0.515183
0.845943
-0.699393
0.737785
0.531114
0.581225
-0.524522
-0.279946
0.287027
0.945189
0.802973
-0.206030
-0.525620
-0.740349
-0.935606
-0.515610
0.748772
-0.955748
-0.064302
0.144688
0.806085
0.160680
-0.266396
-0.453352
-0.979675
-0.542161
-0.071810
0.178076
0.284890
-0.682180
-0.024323
-0.699149
0.853816
0.657704
0.412580
0.055696
-0.625782
-0.045808
-0.125950
-0.891659
-0.428388
-0.089389
0.488571
0.845027
0.789056
-0.285257
0.470016
-0.287454
-0.222877
0.843745
-0.131993
0.975463
0.712333
0.237770
-0.781304
-0.205603
0.863704
0.361797
-0.483200
0.646046
0.207007
0.957152
0.325480
-0.707327
0.307596
0.362163
-0.422773
-0.702872
0.351054
-0.620777
0.653737
-0.212073
-0.491379
-0.279458
0.572375
-0.525864
0.830805
-0.446760
0.683035
0.381756
-0.316568
0.407819
-0.556200
-0.519639
0.421735
0.755913
-0.582080
-0.908383
0.351299
0.195898
0.898373
0.510849
0.202734
-0.604785
-0.973266
-0.815607
0.688345
-0.427229
0.460555
-0.645314
0.255226
0.028962
0.167333
0.497299
-0.608142
0.346294
0.464034
-0.711844
0.326518
0.421979
0.139622
-0.480148
-0.760125
-0.141881
-0.013092
-0.221046
0.003998
0.295877
-0.975219
0.750725
-0.643178
-0.269509
0.315897
0.318522
0.998779
-0.766778
-0.732109
-0.802973
0.979919
0.049287
0.836238
-0.243385
0.037629
0.515244
0.576464
0.441145
-0.959655
-0.732963
0.223853
0.932127
0.706961
-0.910337
0.507797
-0.614978
-0.357952
-0.582141
-0.845943
-0.055757
-0.746635
-0.622791
-0.902463
0.699026
0.215796
-0.808466
0.195288
-0.771111
0.554979
0.472701
0.062593
0.281167
-0.665029
0.090976
0.029511
-0.754448
-0.407758
-0.476547
-0.012665
-0.615528
-0.475692
-0.301126
-0.469222
-0.514206
0.696219
-0.668386
0.128086
-0.692862
-0.363262
-0.830561
0.318522
-0.481918
-0.875423
-0.859859
-0.476730
-0.441023
-0.871273
-0.160253
0.568590
0.332377
0.971007
-0.812128
0.891171
0.361370
-0.227821
0.400250
-0.033601
0.105991
0.154210
-0.152684
-0.414533
0.173864
-0.521226
-0.527940
-0.956175
0.023957
-0.333048
-0.917356
0.135289
-0.185034
-0.884396
-0.474410
-0.684866
-0.322550
-0.357219
0.034333
-0.753716
-0.656362
-0.272927
0.305826
-0.620228
0.126926
-0.401898
-0.784722
-0.402203
0.688040
0.453230
-0.483993
0.716056
0.815790
0.885067
0.903745
-0.707999
0.289651
-0.083773
0.934385
0.184912
-0.515366
0.955443
-0.593493
-0.586901
-0.042512
0.491501
-0.449507
-0.877377
0.917112
-0.330302
0.510666
0.418195
-0.357341
0.197241
-0.346171
-0.537584
0.464461
0.156713
-0.904355
0.964782
0.044832
0.875423
0.694815
-0.228858
-0.141148
0.357646
-0.150121
-0.374981
0.948363
0.888424
0.727348
-0.829768
0.590747
0.287149
0.511521
0.383099
-0.458846
-0.440901
0.598315
-0.149388
0.464827
0.889645
0.285257
0.574877
0.382672
-0.400067
0.298624
-0.850520
-0.661000
0.724113
-0.813288
0.012421
0.085421
0.459517
-0.309061
0.389019
0.174841
-0.645253
-0.189184
-0.298441
-0.759148
-0.947874
-0.561144
-0.761956
-0.257363
-0.125523
-0.157628
-0.621937
-0.795831
0.787347
-0.377606
0.806452
-0.433088
-0.505234
0.186316
0.988647
0.917112
-0.211280
0.821223
0.411969
-0.353496
0.569933
-0.896298
0.270852
0.884030
-0.917905
0.414411
0.340983
0.913999
-0.962096
0.969054
-0.080782
-0.020539
-0.836970
0.994140
0.259316
0.392132
-0.660756
-0.562181
-0.001251
0.434614
0.530015
0.894528
0.747490
0.634449
-0.977294
0.104465
0.350932
-0.278359
-0.512680
0.091220
0.716483
0.142552
0.744743
-0.892026
0.510788
-0.255165
-0.234352
0.063936
0.728874
0.303079
0.214454
-0.599170
-0.938963
-0.521165
-0.582263
0.833857
0.361309
-0.882443
-0.539781
-0.854122
-0.097262
-0.287820
-0.605029
-0.229896
0.263405
0.500351
-0.934629
0.532212
0.647572
0.144261
-0.800653
-0.383221
0.088107
-0.274331
0.050630
-0.675588
-0.564928
-0.446333
-0.035249
0.880306
-0.261330
-0.393414
-0.045320
-0.520371
-0.384869
0.158055
0.056307
0.755364
0.467696
0.184912
0.815241
-0.346477
-0.645741
0.722953
-0.433882
0.747490
0.454207
-0.094516
0.729484
-0.460433
0.306253
-0.717887
0.569628
0.126316
-0.812616
-0.343547
-0.794977
-0.617603
0.661122
-0.670827
-0.810968
0.024934
0.306742
0.400067
0.476485
-0.015534
-0.203284
0.049471
-0.010895
0.344768
-0.316996
-0.825190
-0.296731
0.964904
0.100620
0.928587
0.574816
-0.464522
0.431257
-0.271828
-0.948851
0.431806
0.591296
0.376263
-0.868954
0.424909
-0.257302
-0.132237
0.610218
0.962767
0.636464
-0.736747
0.587451
-0.294717
-0.877743
-0.089694
0.460128
-0.678152
0.446272
0.013886
0.363994
-0.177038
-0.955016
-0.320597
0.322794
-0.228309
-0.170812
0.316446
-0.327006
0.582568
-0.076937
-0.057100
-0.028657
0.942625
-0.265786
0.081820
0.110569
0.399945
0.699454
0.340373
0.382916
0.346294
0.788018
0.589099
-0.928037
0.889889
0.704093
0.456221
-0.742180
0.220923
0.635304
0.930662
0.418500
-0.990295
0.678091
-0.926817
0.952269
-0.304666
-0.214270
-0.559435
0.113804
0.326823
0.885556
-0.976135
0.582018
-0.565966
-0.630238
-0.864071
0.032746
-0.103366
-0.185217
0.372051
-0.800165
0.684683
0.246864
0.499130
-0.776055
0.363018
0.216224
0.597156
0.394574
0.476608
0.352275
-0.109714
-0.623585
-0.828913
0.418195
-0.226417
-0.550035
0.205481
-0.738701
0.060579
-0.575304
0.684439
0.859920
0.899472
-0.094150
-0.825678
0.454512
0.412336
-0.022492
-0.558763
0.956847
-0.864803
0.059664
0.815912
0.164525
-0.314737
0.713309
-0.210425
-0.544053
-0.960204
-0.973693
0.255409
0.108921
-0.393597
0.030793
0.248695
-0.745109
-0.221900
0.661061
0.414838
-0.680105
0.069002
-0.380413
0.731986
0.274697
0.190649
0.993225
0.612537
-0.152501
0.441939
-0.576708
0.119663
-0.461592
-0.824763
-0.101108
-0.628224
-0.278726
0.906735
0.316202
-0.479537
0.003998
-0.653188
-1.000000
-0.492233
-0.987243
0.064364
0.246010
-0.874935
0.699393
-0.830561
0.990112
0.689383
0.560656
0.621143
-0.223487
-0.107456
-0.665639
-0.652638
-0.077425
0.779473
-0.481613
0.687857
-0.131504
-0.719474
0.488632
-0.896237
-0.640675
0.047517
-0.383343
0.450728
-0.718131
0.997925
0.601306
-0.867672
0.309549
0.876095
0.594714
0.293863
0.815912
-0.665456
-0.181005
-0.266762
0.882992
-0.535875
-0.246559
0.711966
-0.797479
-0.887631
0.208960
-0.828120
0.913266
-0.532395
-0.470870
0.786737
-0.137913
-0.013092
-0.350017
0.946104
0.341227
0.510117
-0.076449
0.791925
0.298746
-0.744133
0.957213
0.565416
-0.938475
-0.372112
-0.546800
-0.120945
-0.653859
-0.231483
-0.110141
0.854976
-0.014924
-0.933103
-0.674184
-0.484603
0.879452
0.123936
0.653188
0.607410
-0.646474
0.215735
-0.930967
-0.519578
-0.027741
0.029878
0.873226
0.987854
-0.219031
0.258583
0.150731
-0.637623
-0.156102
-0.264748
-0.104831
0.044160
-0.994018
-0.740715
0.075228
-0.495285
0.647206
0.655995
0.999817
-0.571886
0.897336
0.109714
-0.891842
0.644215
-0.331156
0.371746
0.808649
-0.221351
-0.863887
0.576830
0.840938
-0.312418
-0.290994
-0.409406
-0.027558
-0.139866
-0.816340
-0.938719
-0.779290
0.779290
-0.306009
0.754692
0.118931
-0.819391
-0.718741
0.236732
-0.680349
-0.536668
-0.478011
-0.191259
-0.397748
0.466231
-0.704215
-0.450545
-0.311991
-0.429060
-0.782464
-0.686758
0.268654
-0.101413
0.220618
-0.677908
0.271706
-0.968993
0.770013
0.016388
-0.761467
-0.779290
-0.859737
-0.449751
0.923460
0.832698
-0.676138
0.250587
0.395062
-0.513840
-0.238929
0.996216
0.371258
0.375469
0.568957
-0.455061
-0.373333
0.968566
0.397870
-0.580309
0.243629
0.777703
-0.072726
-0.451338
-0.834773
0.475875
-0.897458
-0.510544
-0.563036
0.225440
-0.390667
0.308145
0.547594
-0.487716
0.859737
0.964049
-0.746513
0.824824
0.757256
-0.083468
-0.057039
0.348308
-0.409833
-0.909604
0.335856
0.304117
0.546068
0.484176
0.316080
-0.035249
-0.887753
-0.660146
-0.231849
0.663625
0.794061
-0.512375
0.299112
-0.993103
0.959105
0.397626
-0.171300
-0.918088
-0.120701
-0.731681
0.911557
-0.163121
0.326823
0.173009
-0.093112
-0.402142
0.624317
0.344157
0.414411
-0.624561
-0.199499
-0.930357
0.981384
-0.882260
0.572497
0.060335
-0.792657
0.890439
0.250710
-0.305948
0.006623
0.204138
-0.325541
0.464400
0.828608
0.059542
-0.201270
-0.313456
-0.540208
0.485519
-0.364360
0.510544
-0.134861
-0.686270
0.672414
0.268410
-0.099216
0.970519
-0.404157
0.322611
-0.091769
0.738273
-0.341350
-0.620655
0.076266
-0.387799
0.170263
-0.884640
0.650197
-0.108615
0.088534
0.848994
0.947874
-0.461104
0.717338
-0.309305
0.008393
-0.153478
0.194189
-0.568346
0.787225
0.433515
-0.080721
0.588305
0.435102
-0.820429
-0.071993
0.611316
0.621998
-0.484725
-0.913755
0.199316
0.313822
0.933470
0.871212
-0.712210
0.177404
0.113315
0.100864
0.164769
-0.845943
0.481368
-0.499130
-0.939207
0.704764
-0.244240
-0.775384
-0.680837
0.263222
0.070406
-0.037568
0.192236
-0.594165
-0.987060
-0.987548
0.838618
-0.229225
0.046663
-0.426984
-0.300272
0.160314
-0.369671
0.985046
0.479659
-0.482772
-0.627308
0.155126
-0.409223
0.615162
0.803522
-0.708670
-0.981262
0.463057
-0.484603
-0.988464
-0.133091
0.802484
-0.424848
-0.908872
-0.471847
0.807550
-0.988891
0.784600
-0.145482
-0.111667
-0.663991
-0.231849
-0.979980
0.558214
-0.388226
-0.430952
0.770867
-0.625111
-0.209998
0.532945
0.280862
0.355083
0.441206
-0.452986
0.894833
-0.091220
-0.881222
0.962767
0.649831
-0.391156
-0.228248
-0.617359
-0.124424
0.783990
0.137364
-0.952635
-0.877804
0.110263
-0.287271
0.423933
0.911924
-0.466414
-0.858699
-0.881710
-0.240883
0.769829
0.455489
0.449446
0.048616
-0.212683
0.927793
-0.958678
-0.289712
0.171300
-0.284829
-0.418317
0.374981
0.065828
0.492111
0.913999
0.645985
-0.384075
-0.698294
-0.445601
-0.012665
-0.162938
-0.754265
0.601672
0.228126
0.534715
0.310099
0.402326
-0.542772
-0.252907
0.294351
0.319010
0.399030
0.505417
0.384503
0.857784
-0.865108
-0.539415
0.632496
-0.399396
-0.431928
0.630543
0.418806
-0.268044
0.418256
0.539109
0.550401
0.042451
-0.497116
0.594897
0.134434
0.014191
0.624561
0.762993
-0.370708
-0.820124
-0.303568
-0.220130
0.365398
-0.835810
0.259499
-0.764092
0.562853
-0.354289
-0.975341
0.690298
0.432478
0.641102
0.934935
-0.358135
0.252419
-0.040864
-0.701041
0.722953
-0.798578
0.869259
0.684133
0.991455
-0.479659
0.777459
-0.277444
0.457625
-0.369610
-0.204932
-0.434187
-0.516587
-0.244484
-0.149022
0.603687
-0.673147
-0.309244
0.431196
-0.659902
-0.751274
-0.707694
-0.999878
-0.817988
-0.713981
-0.619556
-0.683523
0.622913
0.046602
-0.618213
-0.356059
0.288736
-0.607166
0.128941
-0.626820
-0.593188
0.441389
0.327006
-0.690664
0.343669
-0.368816
-0.648305
-0.445357
-0.731437
-0.931394
-0.714225
0.715934
-0.772088
0.335795
-0.034883
0.557176
0.827570
0.884457
0.864315
0.783685
-0.109226
-0.959227
-0.301737
-0.760613
0.948241
0.867489
0.328288
0.746818
0.458541
-0.081210
-0.775750
-0.787713
0.452986
0.797174
0.598193
-0.692495
-0.572741
-0.471541
-0.376263
-0.662343
0.407392
0.037690
0.711783
0.323405
-0.308084
0.149571
-0.922971
-0.982360
-0.236305
0.609180
0.386883
-0.157750
0.121555
0.967772
-0.315531
-0.393536
-0.650746
0.834956
-0.983764
-0.891903
-0.386639
0.682058
-0.323344
0.743156
0.501694
0.677419
0.892331
0.352886
-0.209021
-0.519578
-0.459639
0.338420
-0.292520
-0.537889
0.334819
0.269875
-0.999145
0.837031
-0.963561
0.518479
-0.325236
0.928953
0.128269
-0.758354
0.931822
-0.360637
0.535386
-0.065218
-0.728996
0.376873
-0.538072
0.989257
0.193701
-0.180212
-0.014801
-0.945799
0.542528
-0.919492
-0.116489
0.460982
-0.199194
0.774895
-0.973388
0.250710
0.897275
-0.017731
0.188574
0.373272
0.675405
-0.252968
0.189489
0.156835
-0.058809
0.166906
-0.684317
-0.488266
0.929807
-0.414838
-0.551378
0.289041
0.802789
0.561693
-0.961913
-0.113437
-0.352580
0.355449
-0.894955
-0.411847
-0.338847
-0.049593
-0.333293
-0.542589
0.103732
-0.046968
-0.319315
-0.200903
0.094638
0.022187
0.358318
-0.604175
0.343791
-0.032685
0.393231
-0.240211
0.110569
-0.230079
0.478622
0.246132
-0.447005
0.005951
0.320597
-0.224952
-0.034455
-0.246742
0.896664
-0.752800
0.780816
0.145299
-0.723502
-0.191687
-0.089206
-0.758904
-0.878353
-0.435408
-0.554125
0.416608
-0.277627
-0.057222
-0.785455
0.807184
-0.078829
0.670400
0.138462
-0.249245
-0.712455
-0.656362
0.294595
-0.823176
0.345317
-0.784845
0.256508
0.483932
-0.986633
-0.525803
-0.571703
-0.618946
0.066134
-0.284951
0.142369
0.207373
0.809076
0.791681
0.260964
0.677602
0.009613
-0.363567
0.656117
-0.251198
0.888058
0.461837
0.236061
0.583239
-0.951292
-0.589404
-0.075533
0.978271
-0.754204
0.929746
0.211585
0.567858
-0.909482
-0.377789
0.455489
0.806391
-0.652882
0.662038
0.064791
0.429792
-0.537156
-0.254738
0.750420
-0.191076
-0.276833
-0.448164
0.554064
0.130284
0.060945
-0.081576
0.722037
-0.591968
0.983215
0.934507
0.200415
0.688589
0.096713
0.654714
0.082553
0.482345
-0.324259
0.793878
0.599414
-0.050203
-0.773064
0.165014
0.389203
0.943175
0.782891
0.797723
0.887265
0.869991
-0.482406
-0.433210
0.457198
-0.967650
0.059420
0.675832
-0.148961
0.199683
-0.400678
0.350200
0.100192
0.744865
-0.013398
-0.063448
0.458724
-0.051241
0.019318
0.168920
0.632130
0.995849
-0.526414
-0.691580
-0.137242
-0.268288
0.347880
-0.108860
0.570849
0.649037
-0.174352
-0.054842
0.509568
-0.459517
-0.852229
0.817499
-0.705496
0.076327
0.761162
0.478744
-0.935545
0.890011
-0.577929
-0.785821
-0.819514
-0.371319
0.875057
-0.349162
0.397565
-0.620655
-0.581347
-0.819880
0.782952
-0.061434
0.057283
-0.226295
-0.717154
0.721671
0.783380
0.100375
-0.842341
-0.776360
-0.788873
-0.974303
0.517258
0.589831
0.468490
0.399091
-0.905576
-0.546495
-0.544786
-0.569811
-0.065828
-0.647023
-0.584765
-0.659658
-0.302408
-0.942564
-0.592517
0.806879
0.929685
-0.438643
-0.529527
-0.106479
0.983520
-0.426069
0.029633
-0.024689
0.993225
0.108554
0.421674
-0.103793
0.202429
0.676382
0.603198
-0.140538
-0.877743
0.630360
0.956236
0.077914
0.946837
-0.681509
0.906186
0.789483
-0.457869
0.129734
0.118564
0.098483
-0.497848
-0.677114
-0.788568
-0.579394
-0.234718
0.416852
0.899594
-0.664357
-0.222083
-0.121067
0.127476
0.321940
-0.632740
-0.606983
0.061129
0.937681
-0.644948
-0.942015
-0.532212
-0.604114
0.752495
-0.450056
-0.554491
0.514573
0.699210
0.580004
0.792535
0.064547
0.440901
0.591601
0.637745
0.992553
-0.652272
0.420515
-0.391705
0.103305
-0.263222
-0.019684
-0.009430
-0.394513
0.864803
-0.626942
-0.117832
-0.457198
-0.369549
-0.664968
0.706473
-0.204077
-0.457503
-0.431318
0.226600
0.272744
0.821955
-0.315043
0.683035
-0.684256
-0.869503
0.153844
-0.368267
-0.280618
-0.816706
-0.648549
-0.968139
-0.893918
0.888485
-0.431990
-0.954222
0.286538
0.125156
0.131809
0.508347
0.590075
0.167882
0.823054
-0.575793
-0.175207
0.029084
0.935484
0.458480
0.534959
0.023469
-0.380352
0.497848
-0.785821
0.632130
-0.369488
0.097934
0.658132
0.891964
0.447615
-0.828974
-0.677297
0.716178
0.051973
0.870174
-0.161718
0.273843
-0.458785
-0.890378
-0.374248
-0.114719
0.583300
-0.945738
-0.691885
-0.961852
-0.869198
0.172887
-0.529283
0.145604
0.263710
-0.793817
0.213660
-0.067415
0.976562
0.263344
0.132298
-0.591418
-0.813654
-0.469588
-0.336161
0.960021
-0.452071
0.464156
0.185095
-0.149449
0.094516
0.834468
-0.301737
0.589953
0.049471
0.693350
0.393292
0.382366
-0.211890
0.224952
-0.591052
0.260292
0.505600
0.098605
0.173254
0.788018
-0.084445
-0.408307
-0.650075
-0.519822
-0.916562
0.295022
0.567553
0.875423
-0.027802
-0.273110
-0.961730
0.567614
-0.747551
0.641896
0.478927
-0.005463
-0.762383
-0.186804
-0.370769
0.578478
-0.627308
-0.472640
-0.433454
0.971374
-0.769341
0.149510
0.533616
-0.940367
0.250526
-0.772027
0.421308
0.750603
0.713736
0.105869
0.982482
0.708243
-0.869991
0.192175
-0.425031
0.846187
-0.174108
0.931944
-0.686697
-0.667348
-0.591357
-0.734062
0.305765
0.795953
0.144993
-0.933226
-0.803766
-0.538011
-0.442671
0.502548
0.357219
0.336528
-0.141697
0.993042
-0.772454
0.175512
-0.371746
0.312845
0.155370
0.845271
-0.402020
0.670278
0.467818
0.911313
-0.512558
0.782159
-0.014679
-0.812738
-0.058748
-0.718986
-0.839167
0.945433
0.235084
0.897763
-0.885922
-0.077120
-0.053621
-0.150426
0.466597
-0.836970
0.202246
-0.893674
-0.824641
-0.724418
0.774346
0.615101
-0.232643
-0.767144
-0.822260
-0.870052
-0.658498
0.456648
-0.371136
0.856075
-0.504501
0.545274
0.933226
-0.986328
0.508530
-0.316080
0.110569
0.869808
-0.648732
-0.953673
0.567248
-0.968993
0.733573
0.499924
-0.529527
0.994995
-0.707999
0.312296
0.473617
0.916440
0.693167
-0.295022
0.041658
-0.035615
0.849300
-0.657460
0.394757
-0.293252
-0.427229
-0.059053
0.958983
-0.827631
0.512253
0.553880
0.734672
-0.023347
0.196387
-0.308206
-0.957701
0.984252
-0.849239
-0.986511
0.193884
0.013520
-0.323527
-0.328654
-0.643544
0.528428
0.905393
0.982482
-0.607471
0.699149
0.444502
-0.564074
-0.475570
0.114902
0.275246
0.773980
-0.949522
0.774895
-0.996948
-0.799921
-0.060335
0.878292
0.475021
0.298807
0.229408
-0.618824
0.441877
0.654897
-0.414350
0.453719
-0.270241
-0.635609
0.467391
-0.546129
0.692557
0.922422
-0.461715
0.632923
0.070772
-0.396588
0.843135
-0.307840
0.205908
0.239051
0.739189
0.180456
-0.683096
-0.397870
-0.981628
0.284219
-0.028901
-0.623402
0.473556
-0.652211
-0.708243
-0.155492
0.892819
-0.539842
0.284219
-0.382977
-0.125828
-0.321818
-0.970824
-0.796381
0.888607
-0.705374
-0.866451
-0.566332
0.412702
-0.080966
-0.104404
0.232521
-0.901730
-0.753044
0.778008
0.125828
0.867794
0.631031
0.414899
-0.615528
0.072115
0.698782
-0.715812
-0.847407
-0.894711
-0.945555
0.162633
0.644032
0.561205
0.263405
0.807550
0.631825
-0.531114
-0.239357
-0.882809
-0.403851
-0.072909
-0.267067
0.847591
0.314615
-0.862728
-0.543565
0.650868
-0.877682
-0.294412
0.503342
-0.875118
0.400555
0.796442
-0.924558
0.436079
0.739677
0.461043
-0.330241
-0.110630
-0.112156
-0.296487
0.418134
-0.943236
-0.176061
-0.853267
-0.459395
-0.588672
-0.614368
0.762017
-0.842341
-0.739799
-0.810236
0.569262
-0.370586
0.195349
-0.491623
0.303201
0.269509
-0.190344
0.253151
0.270608
-0.715629
0.387249
0.249916
0.020478
-0.624439
0.914121
0.362163
0.446333
-0.136082
-0.948363
0.004242
0.296609
0.448653
0.843623
-0.479354
-0.436323
0.806452
-0.470687
0.378765
-0.352641
-0.552355
-0.752007
0.314432
0.252480
-0.558947
-0.885983
-0.676443
0.125278
0.644215
0.148106
-0.898618
-0.015046
0.971618
-0.416486
-0.792840
0.399274
-0.945128
-0.194617
-0.372295
-0.533860
-0.198889
0.597156
-0.491562
0.863582
0.160192
0.598560
0.762627
0.236549
-0.706717
-0.148106
0.063570
0.627857
0.466292
-0.166845
0.514939
0.575915
0.448653
0.101962
-0.622730
-0.613758
-0.335368
0.029328
0.467452
-0.328898
-0.685049
0.493515
-0.689383
0.967284
-0.673391
-0.409650
0.220374
-0.239601
0.179968
0.522935
0.833003
-0.150182
0.065401
-0.507981
-0.202429
-0.962706
-0.715995
0.835505
0.409650
-0.945677
-0.385784
-0.409040
0.157018
0.764946
0.005402
0.022858
0.671316
0.074923
0.926511
-0.457747
-0.224036
0.675771
0.129856
-0.923765
0.428266
-0.392743
-0.983276
0.068575
-0.100803
0.093905
-0.194555
0.909848
0.618702
-0.411359
-0.590991
-0.156590
-0.389264
-0.280923
0.899777
-0.292154
0.601489
0.115024
-0.575732
-0.576769
-0.830988
-0.093417
-0.244911
-0.286966
0.631581
0.666372
-0.087130
-0.660634
0.635365
0.814570
0.815119
-0.084872
-0.875729
0.076266
0.494552
0.624317
-0.331278
0.753471
-0.666189
0.998047
-0.389691
0.132725
-0.357097
-0.532029
0.788446
0.292337
0.853267
0.984191
-0.813410
-0.152074
0.977783
-0.073824
-0.656484
-0.905637
-0.548509
0.195349
-0.708670
-0.132115
0.863094
-0.466720
0.123325
0.432600
-0.585253
-0.763848
-0.205603
0.634083
-0.101962
-0.245949
-0.256020
-0.104648
0.580554
-0.235267
0.045320
0.112583
0.213233
-0.044038
0.111667
-0.479659
-0.058626
0.299234
-0.189795
-0.261391
-0.815485
-0.956297
0.509812
-0.835749
0.566637
-0.925596
0.637745
0.791009
-0.457259
-0.387127
-0.162816
0.549059
0.655934
-0.370159
-0.391400
0.719047
-0.783990
0.638295
-0.230934
-0.619434
-0.253700
-0.716727
-0.555040
0.939695
0.130833
-0.644276
0.051668
-0.633717
0.919065
0.243629
-0.880673
0.750969
0.914731
0.957823
-0.008026
0.185095
0.105625
-0.211646
-0.742668
0.722526
0.555528
0.967406
-0.324015
-0.161657
-0.755547
0.844111
-0.242103
-0.469588
-0.751396
-0.503037
-0.594104
0.304361
0.779351
-0.821833
-0.228248
-0.211524
0.457869
0.478561
0.449812
0.416425
0.619312
-0.776849
0.468551
-0.623951
0.988403
-0.410077
-0.493149
-0.712821
0.371624
-0.532823
0.189856
0.044954
0.886959
-0.984497
-0.035859
0.969237
0.346294
0.320597
-0.113559
0.474654
-0.130955
0.880001
0.501328
-0.484481
-0.935484
-0.379925
-0.467635
0.441145
-0.072359
0.611011
-0.147252
-0.831538
-0.059542
0.037446
0.789972
0.824702
0.126499
-0.949950
0.770196
-0.351543
0.983337
0.697562
-0.637196
0.002594
0.650563
0.153539
0.329264
-0.229286
0.281472
-0.531602
0.761773
0.440901
-0.574145
-0.681997
0.583300
0.644642
0.848140
0.532090
-0.645619
0.319620
-0.935240
-0.832698
0.318644
0.037507
-0.067110
0.549730
0.516770
0.147008
0.698416
-0.961241
0.475448
0.247902
-0.897336
0.037446
0.858455
-0.092502
0.751701
-0.176733
0.081027
0.708792
-0.902707
0.930662
0.790826
-0.545030
0.411664
-0.964415
0.924131
0.229041
0.569262
-0.202918
-0.569201
-0.729118
-0.898679
-0.629322
-0.554247
-0.919431
-0.865963
0.672720
0.337382
-0.798273
-0.224219
0.807550
0.051363
-0.763054
-0.672231
0.007843
-0.322428
-0.012421
0.431745
0.415021
0.728874
0.257363
0.004120
0.481185
0.296243
-0.561632
0.422163
0.085665
-0.968993
0.279824
-0.428449
0.235023
0.282388
0.023041
-0.526109
-0.254494
0.856563
0.138585
0.775018
-0.270913
0.272744
-0.470199
0.819880
-0.434065
-0.952879
-0.317606
0.597095
0.914365
0.518296
0.326456
0.317850
-0.682424
-0.009857
-0.641713
-0.361919
-0.707633
-0.417341
0.789117
0.008026
-0.933592
-0.666616
0.796564
-0.581652
0.529710
-0.374615
0.477096
-0.060945
-0.512864
0.672353
0.452132
0.528245
0.234657
0.604236
0.961303
-0.001556
0.620594
-0.662893
0.997131
-0.526902
0.056368
-0.871944
-0.422895
0.210242
0.951537
0.810663
0.833369
-0.353191
-0.221656
0.842769
-0.313150
0.291971
-0.359600
0.345805
0.755486
0.163366
-0.687857
-0.372417
0.731315
-0.656911
-0.609668
-0.978088
-0.168126
0.341899
-0.182104
-0.363811
-0.566759
-0.407270
-0.971679
0.044893
-0.301675
