-0.509812
0.649220
-0.101352
-0.070162
0.679067
-0.032685
0.638417
-0.858638
0.587024
0.857723
-0.787042
-0.324198
-0.559862
-0.559191
0.331889
-0.370708
0.669057
-0.309854
-0.554979
0.132786
-0.106662
-0.885067
0.927915
-0.601306
-0.294595
0.699698
0.037263
-0.002716
-0.563280
0.990234
0.716239
-0.791559
-0.968932
-0.876827
-0.749077
-0.913144
0.431684
0.943724
0.073946
-0.321329
-0.376629
-0.648305
-0.314859
-0.246498
-0.645741
-0.684133
-0.657949
-0.138340
-0.298868
0.239906
0.905698
-0.667104
0.196326
-0.746941
0.912473
0.456709
-0.480392
-0.454634
-0.666189
0.073946
0.915525
-0.884701
-0.459639
-0.542222
-0.649281
0.691824
-0.327494
0.052339
-0.451949
-0.032014
0.771905
0.205603
0.777459
-0.430464
0.152013
0.309183
0.676138
0.837519
0.943113
-0.619495
0.538255
0.772393
-0.334452
0.702261
-0.296121
-0.594836
0.829829
-0.512558
-0.756157
-0.180456
0.687674
0.952696
0.681021
-0.023530
-0.944273
0.197363
0.301492
0.366619
-0.295206
-0.248695
0.004547
0.843074
0.730033
0.351543
0.430647
-0.922361
0.389447
-0.678091
0.501083
-0.836909
0.067904
0.321085
0.480758
-0.062166
-0.093417
0.989380
0.914670
0.447859
0.005768
-0.967101
-0.384625
-0.900815
-0.751518
0.391400
-0.366192
-0.055147
0.261330
0.879513
0.201758
0.983154
0.745903
-0.636647
0.951476
-0.401776
0.480331
-0.409894
0.142308
0.020295
0.864071
0.259560
-0.963622
-0.134007
-0.567919
0.356731
-0.338725
-0.607593
-0.796808
0.373455
0.735710
0.443403
0.536851
-0.669301
0.045686
-0.330058
-0.593860
0.831477
0.189123
-0.080050
-0.557237
0.620289
-0.551256
-0.297647
-0.450911
0.726615
-0.440779
-0.729118
-0.121860
-0.127598
-0.930784
0.593677
-0.733879
0.744926
-0.991638
0.775018
-0.356304
-0.111240
0.246498
0.408490
0.673452
-0.960814
0.517563
-0.707389
-0.070650
0.969176
-0.471541
-0.428816
0.431806
0.332377
0.524033
0.460616
-0.549059
-0.472396
0.192541
0.174474
0.159581
0.681326
0.966247
-0.091098
0.778497
0.020966
-0.423017
0.372784
0.300699
0.621693
-0.187536
0.501633
0.542894
0.356487
-0.719352
-0.876766
-0.225990
-0.422956
0.757805
0.685781
0.165075
0.922727
0.068758
0.409040
-0.520920
0.424970
-0.945372
-0.067782
0.239906
-0.681936
-0.080599
0.882443
-0.987732
0.157079
-0.570666
0.968383
-0.617908
-0.773309
-0.761711
-0.820795
0.053255
0.570299
0.039094
-0.742912
-0.725639
-0.236000
-0.642506
0.597339
-0.765191
-0.645863
-0.192236
-0.865535
0.531663
-0.411298
0.573717
0.284951
0.972533
0.966857
0.195044
0.397259
-0.411237
0.609851
-0.879757
0.746208
0.474166
0.279946
0.566759
0.559069
0.839900
-0.515122
0.355327
-0.773980
0.871517
-0.518235
-0.207862
0.682363
0.815302
-0.316996
-0.831599
-0.056856
0.543260
0.148961
-0.065035
0.617542
0.220923
0.497482
0.493332
-0.198889
0.818171
-0.678152
-0.154820
0.484115
0.024812
0.631153
-0.919919
0.132969
0.407270
0.066988
0.982360
0.215979
-0.974853
-0.253151
0.603626
-0.813349
0.818110
0.617481
-0.506394
0.964904
-0.739555
0.413862
0.174963
0.480941
0.275674
0.157018
-0.956542
-0.067049
0.624012
-0.713187
0.744865
-0.581896
-0.373638
0.611194
0.814203
-0.439375
-0.597888
-0.507736
0.130711
0.762871
0.535630
0.699454
-0.310709
-0.417646
-0.961547
0.035066
0.862117
0.308634
-0.231056
0.805414
0.504990
-0.454085
0.538804
-0.810114
0.543809
0.897275
0.639454
0.358867
-0.109836
0.166784
-0.237098
-0.451827
-0.961791
-0.892209
-0.522202
0.596362
0.382183
-0.951598
0.130039
-0.327189
-0.060030
-0.849116
0.809809
-0.780999
0.129917
0.444746
0.790216
-0.058321
0.726005
0.598376
-0.635853
0.288797
-0.131199
0.956175
0.604724
0.134251
0.130711
-0.727103
-0.315958
-0.695608
-0.551317
0.685537
-0.820063
0.458846
-0.324137
0.310587
-0.126499
0.796625
0.292825
0.268715
-0.394391
0.917722
-0.340251
0.781671
0.523911
-0.679189
-0.923826
0.981567
-0.265664
-0.561022
0.670644
-0.001312
-0.668264
0.766472
-0.845637
-0.753899
-0.750481
-0.674123
0.765496
-0.180944
-0.628101
-0.055025
0.162511
-0.960875
-0.892392
-0.601550
-0.924741
0.086215
0.839106
0.129856
-0.930357
-0.313761
-0.954283
0.908017
-0.373089
-0.027436
-0.374126
0.061617
0.981567
0.344035
0.618641
-0.101291
-0.055879
0.611621
-0.449690
-0.900327
-0.186010
0.261940
0.791192
-0.447005
0.102084
-0.326212
-0.342387
0.098117
0.610218
0.042817
-0.611927
-0.323588
0.971007
-0.727958
-0.983398
-0.537645
-0.083956
-0.794244
0.701895
0.077059
0.069063
0.610340
-0.734916
0.460005
-0.981384
0.540880
-0.026521
-0.442671
0.885739
0.082125
-0.418561
0.279641
0.347514
0.202063
-0.116794
0.645192
0.506272
0.561144
-0.262062
-0.696341
0.043611
0.097690
-0.953001
-0.617847
0.860714
-0.645253
0.125340
0.884640
0.183691
-0.394757
-0.775201
-0.319437
-0.372417
-0.597339
-0.604419
0.843684
-0.998291
0.248329
-0.753655
0.816828
0.957518
-0.488144
0.254555
0.155614
-0.437178
0.699576
-0.823359
-0.874935
0.692434
0.920896
0.917722
0.731803
-0.788629
-0.328898
-0.839106
-0.630055
-0.097079
0.738212
-0.632374
-0.707327
0.817133
0.089022
-0.531724
-0.296670
0.220008
0.696585
0.051119
-0.072481
0.482711
0.588061
0.728324
0.516343
-0.931944
-0.098178
-0.866878
-0.371807
-0.197058
0.665700
-0.006134
0.200232
-0.300089
-0.143468
0.520493
0.975646
0.482467
0.283059
-0.284646
-0.550584
-0.541063
0.213233
-0.633168
-0.977599
-0.607715
0.507065
0.535325
0.280801
-0.665151
0.274880
0.903562
0.191687
-0.785760
-0.944395
0.906247
-0.141697
-0.163915
-0.916684
-0.287698
-0.902036
-0.021821
0.861263
0.927549
0.538560
0.725578
0.042024
-0.113865
-0.348430
-0.761834
0.237342
0.325053
-0.581957
0.878780
-0.001495
-0.237526
-0.228492
0.830988
0.835200
0.192358
0.730705
0.027314
-0.485214
-0.189856
0.004547
0.574389
-0.039094
0.461043
0.173925
0.165746
0.726188
-0.838069
-0.141453
0.650990
0.624500
-0.797906
0.976440
-0.132298
0.803949
-0.421979
-0.387249
-0.753899
-0.357219
0.110935
-0.558885
-0.779656
-0.292459
-0.351360
-0.065035
0.084384
0.534043
0.852412
0.100314
0.617786
0.327921
-0.270852
0.411176
-0.939879
-0.214393
-0.799249
0.269265
0.614490
0.539293
0.599109
0.440718
0.369976
-0.301981
0.631275
-0.347819
-0.861080
0.167516
0.216163
0.369366
-0.117527
0.265114
0.494919
-0.292398
0.378460
-0.026399
0.893796
0.565783
-0.376934
-0.326518
-0.427961
-0.841487
-0.504013
0.508591
0.400189
-0.542467
0.223914
-0.723197
-0.714652
-0.142918
0.041841
0.308084
0.835383
-0.007416
0.022004
0.723380
0.075594
0.840754
-0.738578
-0.995117
-0.989990
-0.284158
-0.600208
0.290139
0.670827
-0.268288
0.041536
0.577746
-0.135411
-0.591845
-0.978149
0.456771
-0.323649
-0.185339
0.014252
-0.553758
-0.137669
-0.967101
-0.690298
0.809442
0.246803
0.659658
-0.891232
0.558763
0.893185
-0.059175
-0.308023
-0.344218
-0.603504
-0.551317
0.982910
-0.519883
-0.931883
0.974731
0.370464
0.653005
0.701895
0.325541
0.618030
0.880490
-0.317423
-0.672231
0.814875
-0.900876
0.814508
-0.972228
0.151769
-0.847041
-0.026887
-0.040193
-0.814875
-0.614368
-0.867672
0.061800
0.530503
-0.613269
0.423566
-0.232704
0.916807
0.312357
0.970336
-0.441450
-0.645924
-0.925962
-0.122166
0.837886
0.154759
-0.064119
0.321512
0.055513
0.494430
0.377544
0.969481
-0.603381
-0.806574
0.884701
-0.683096
0.808588
-0.486923
0.114292
0.005097
-0.333964
0.438765
-0.440474
-0.655446
-0.322611
0.130406
-0.196142
0.703726
0.699454
-0.642079
0.158605
-0.195654
-0.198767
0.180578
-0.883053
-0.108737
0.620899
0.573046
0.863582
-0.554674
-0.266823
-0.670156
0.118076
-0.473678
-0.009796
0.162389
-0.831111
0.966796
0.536973
-0.502487
-0.770928
0.276894
-0.673757
0.712027
0.070162
-0.905393
0.598560
-0.702322
0.765984
0.087558
0.528184
0.978881
-0.338176
-0.156407
0.446516
-0.349345
0.332438
-0.100009
-0.344218
-0.457869
0.409284
-0.490646
0.972167
-0.241615
-0.238014
-0.246681
0.503342
0.174291
0.018586
-0.902158
0.092318
0.532029
0.853145
0.253945
-0.351115
0.114536
0.948912
-0.864620
0.460860
0.790155
0.092685
-0.479781
0.706412
-0.206519
0.244789
-0.711417
0.619861
0.776727
-0.586840
-0.970336
0.006500
-0.598071
0.718192
-0.470321
-0.823969
-0.668630
-0.791375
0.121311
0.044404
0.324992
-0.428694
-0.593799
-0.091281
0.087374
0.562914
-0.496445
0.494552
-0.987487
0.367046
0.772271
0.602771
-0.668569
-0.603320
0.765923
-0.406049
-0.023103
0.819086
-0.777581
0.330790
0.443709
0.615955
-0.613880
0.634877
0.066439
0.715812
0.938292
-0.265847
-0.939512
0.635792
0.155248
0.261818
0.486984
-0.956908
-0.293619
-0.999512
0.122288
0.198645
-0.264138
0.649281
0.752556
0.996094
-0.359905
0.770013
-0.605945
0.478317
-0.406659
-0.258705
0.198096
0.160436
0.248756
0.600330
-0.128636
-0.939085
-0.182531
-0.235694
-0.229163
0.853694
-0.072420
-0.831477
-0.215735
-0.410504
0.078158
-0.930296
0.153539
0.846492
-0.949889
-0.579943
0.286721
0.969970
-0.868099
0.454085
0.776727
0.886410
0.500961
-0.720328
0.229591
0.173193
-0.117710
-0.898984
0.838862
-0.808588
0.670949
0.526597
0.213294
0.156529
-0.653554
0.807733
-0.120212
0.990478
0.251259
0.473739
0.650807
-0.723441
0.262490
0.886410
0.407392
0.898190
-0.128452
-0.117893
0.420148
-0.741508
0.313089
0.534227
-0.437300
0.135289
0.155065
-0.285684
0.319559
-0.399274
0.313028
-0.297159
0.804559
0.079928
-0.468429
-0.608509
0.144688
-0.540269
-0.315714
-0.957274
-0.165929
-0.197485
-0.164708
-0.748589
0.938108
0.963317
0.508530
0.038179
-0.581042
0.387371
0.844356
-0.577441
0.055696
0.657949
-0.767510
-0.727226
-0.181188
-0.194800
-0.870418
0.819514
-0.900815
0.459151
-0.285257
-0.666189
-0.270486
-0.326762
0.719047
-0.798273
-0.754387
-0.902951
0.510117
0.572985
0.739128
0.617481
0.299966
-0.933470
0.380413
0.485092
-0.753166
-0.667043
-0.835688
-0.477889
0.034028
0.988769
-0.702872
0.596118
0.142125
-0.490036
0.077670
-0.359050
0.348613
0.595325
0.750053
0.822504
-0.883297
-0.430708
0.496933
-0.316568
-0.579394
-0.130345
0.017243
0.109165
0.755913
0.795587
-0.390423
-0.849788
0.738762
0.898373
-0.296487
0.247291
-0.796747
-0.198645
0.896786
0.909238
0.608997
0.937071
-0.645314
0.076205
-0.524094
0.167333
0.752739
-0.312113
0.191198
0.576891
-0.147191
-0.683218
-0.090732
0.139622
-0.669790
0.043245
0.053804
0.602710
-0.228980
-0.123203
0.661061
0.836360
0.836177
-0.217811
0.970275
-0.204138
0.024812
-0.728202
0.284890
-0.707938
0.457320
0.095981
-0.606006
0.953734
-0.243385
0.526109
-0.016083
0.908261
-0.515366
0.508408
-0.732963
-0.040193
0.244911
0.248878
0.883053
0.858699
-0.614978
-0.741630
0.356548
-0.388165
0.171728
0.852596
0.119236
0.360576
0.418378
0.417158
0.573168
0.195288
0.620533
-0.602527
0.294534
0.147435
-0.033845
-0.192846
-0.943480
0.478927
-0.692923
0.247658
-0.845576
0.841792
0.916807
-0.475692
0.735954
-0.502365
-0.116672
0.895688
-0.064364
0.833796
-0.880367
-0.016083
0.869503
0.932371
0.640004
-0.251381
0.539781
0.109470
-0.030488
-0.415876
0.485580
0.508164
-0.228614
0.757439
0.004608
-0.752068
0.361370
-0.227821
-0.851131
-0.619678
-0.390179
-0.192175
-0.402570
-0.414533
0.086703
0.417158
-0.050935
-0.549547
-0.626514
-0.005524
-0.917356
-0.362651
0.962645
-0.641285
0.804682
0.341105
-0.423322
0.611438
-0.110324
-0.582568
0.287637
-0.598437
-0.392865
0.280374
0.834468
0.361919
0.635121
0.840754
0.688040
0.453230
-0.623768
-0.591845
0.578722
-0.001251
0.249062
-0.712333
-0.337687
0.644642
-0.121677
0.200354
-0.515366
-0.870235
0.078890
0.921201
0.635731
0.895016
-0.291299
-0.521104
0.723258
-0.330302
-0.366314
0.092685
-0.584521
0.595508
-0.346171
0.261818
0.407514
0.098666
-0.419660
0.368755
-0.355754
0.863948
0.128636
-0.106113
0.681326
0.746941
-0.319864
0.078585
-0.869869
-0.567064
-0.977477
0.828059
0.982788
-0.831416
0.711966
0.647267
0.071444
0.627125
-0.645314
0.480453
0.191931
-0.115268
-0.241249
-0.310648
-0.725700
-0.696341
0.110508
-0.016083
-0.792474
0.157018
-0.813288
0.574389
0.466292
-0.351543
0.421369
-0.776910
0.613880
-0.143834
-0.189184
0.147069
-0.219703
-0.900571
0.791864
0.224403
0.390667
0.409772
0.420270
0.683401
-0.290506
0.114353
-0.172277
-0.197851
-0.254189
-0.689016
0.285257
-0.702200
0.796991
0.959838
-0.163060
-0.865780
-0.949156
-0.293069
0.796197
-0.874203
0.884030
0.095431
-0.384198
0.821345
0.892331
0.394269
0.311441
-0.573168
-0.846675
-0.298929
0.757439
-0.215003
0.187048
-0.660756
0.235145
0.877804
0.058931
-0.015534
0.039460
0.285440
-0.516831
0.502365
0.532212
0.227088
-0.718070
0.471847
-0.971068
-0.227821
0.655507
0.765313
-0.802728
0.392865
-0.750786
0.286660
0.905148
0.456954
-0.768792
-0.585925
-0.664296
0.914487
-0.883297
-0.374187
0.888180
-0.355510
0.673391
-0.186438
0.276833
-0.143956
0.196387
-0.105991
-0.902707
-0.718863
0.497360
0.355876
-0.530259
-0.746818
-0.976196
-0.055696
0.823603
0.142613
-0.168859
0.524033
0.303446
-0.692373
0.327433
0.010163
0.880306
0.194983
0.524888
-0.794061
0.556261
-0.843501
0.115452
-0.935240
0.775872
0.600269
0.628590
0.531785
0.376507
-0.998901
-0.459822
0.115085
0.314188
0.585620
-0.287942
0.061007
-0.460005
0.533982
-0.515000
-0.382122
0.597644
-0.433454
0.909604
-0.955443
0.330119
-0.314615
-0.717521
0.175756
0.901608
0.761162
-0.073824
0.127781
-0.611560
0.360881
0.480331
-0.410871
0.944273
0.115757
0.340190
0.399518
-0.378033
0.905210
-0.494491
0.293802
-0.329447
0.918882
0.940428
0.278603
0.784051
-0.931394
0.941221
0.301309
-0.575854
0.631458
-0.525803
-0.356243
-0.412214
-0.380413
-0.561876
0.674001
-0.842830
-0.365093
0.436750
-0.041597
-0.696463
-0.518540
0.586291
0.296731
-0.400128
0.169408
0.181860
-0.331889
0.445296
0.452498
0.369976
-0.704398
-0.656911
-0.371075
-0.290445
0.410566
-0.380108
-0.103610
-0.581652
0.543443
0.616749
-0.742302
-0.893796
0.382916
0.843196
0.241676
-0.394024
0.848994
0.264931
-0.628407
-0.147496
0.483932
-0.956114
0.724357
-0.552477
0.865902
0.944334
0.996277
-0.926817
0.925413
0.632862
0.986633
0.138768
-0.494064
-0.012787
0.524644
-0.799554
0.217078
0.141942
-0.339579
0.062044
0.405133
0.786004
-0.342448
0.999329
0.639576
-0.110630
-0.828608
0.857479
0.298013
0.074923
-0.255226
0.794244
0.973510
-0.485092
-0.615223
0.122349
0.854427
-0.849971
-0.143651
-0.550279
-0.918210
0.636891
0.260537
-0.290445
0.323649
0.064852
0.679128
-0.071932
0.616016
0.350810
0.531114
0.638478
-0.027192
-0.399945
0.273965
0.593799
-0.330485
-0.647572
0.008576
-0.704581
0.745842
-0.553331
0.796319
-0.846919
-0.213965
-0.890255
0.556810
0.911252
0.030793
-0.329691
-0.831477
-0.300821
-0.528001
-0.724479
0.543626
0.213965
0.900510
0.840083
-0.105075
0.320536
-0.147435
-0.631886
-0.140904
-0.444502
0.705008
-0.858150
-0.762505
-0.981140
0.223060
0.611682
-0.026826
-0.402264
0.038484
-0.712210
0.447127
0.883724
0.729362
0.224158
-0.711539
0.998108
0.787347
0.281777
-0.929197
0.013825
0.933470
-0.329936
-0.512680
0.304422
0.987487
-0.594043
-0.665639
0.611255
0.141697
-0.725333
-0.927976
-0.264870
-0.439009
-0.250099
-0.586657
-0.193335
0.290323
0.589831
0.807611
0.745720
0.451399
0.410382
0.992676
0.376690
-0.568468
0.218787
-0.951109
-0.613697
0.815912
-0.847285
-0.999207
0.491562
0.202185
0.434065
-0.629749
-0.871090
-0.284585
0.170263
-0.424421
0.718070
-0.988159
-0.761101
-0.470870
0.275613
-0.293497
-0.222999
-0.823298
0.677969
0.990722
-0.032807
-0.226051
0.242470
0.938231
0.203284
-0.039216
-0.142186
0.010346
-0.053255
-0.204810
0.680471
-0.599963
-0.316507
-0.076632
-0.487167
0.288736
-0.119114
-0.416913
0.216956
-0.937559
-0.981567
0.368877
0.379986
-0.646474
0.223487
0.866451
-0.324442
0.912595
-0.527757
0.732475
-0.609851
-0.938536
-0.326762
-0.776666
-0.597034
0.365825
0.737663
0.445662
-0.405255
0.951781
0.738212
-0.150609
-0.109592
-0.812983
0.019440
-0.347514
0.964537
-0.811701
0.718497
0.379009
-0.725639
-0.956053
0.449385
0.043855
-0.694021
-0.942564
-0.450850
-0.971068
0.087069
0.828913
0.850764
0.620716
0.964904
-0.318033
0.804376
0.895016
0.436445
-0.052644
-0.997620
0.170141
-0.346538
0.152989
0.183447
-0.454451
0.214393
0.327799
-0.540086
-0.517685
0.297464
-0.704215
-0.883908
-0.267678
0.756890
-0.002045
0.584887
-0.426984
-0.851619
0.215918
-0.623585
-0.193274
-0.906247
0.556871
-0.709586
0.964171
-0.348796
-0.542100
-0.721549
0.474349
-0.693533
-0.634632
-0.313700
0.655385
-0.610157
-0.469832
-0.378033
0.273843
0.990783
-0.127659
-0.651601
0.835261
0.968566
0.899350
0.555895
-0.268410
-0.964110
-0.344035
0.979553
0.152745
0.318339
0.791986
0.312601
0.340922
0.637440
0.609119
0.746879
-0.012848
-0.261208
-0.633778
0.080721
0.528977
-0.371136
-0.367351
0.701224
0.949278
0.015900
0.164342
0.991760
-0.267800
0.771905
-0.880306
0.940001
-0.512070
0.570605
0.856380
-0.885556
-0.574999
-0.441511
-0.342448
0.080294
0.015961
0.929807
-0.160131
-0.729911
0.518174
-0.457991
0.095370
-0.813288
0.088107
-0.437910
-0.551134
0.852596
0.357768
-0.849178
0.460616
0.363689
-0.540086
0.207251
-0.209632
-0.753349
0.589831
-0.470870
0.727653
-0.691580
0.035432
-0.222633
0.358379
-0.897885
0.715384
-0.663808
0.700552
-0.962828
-0.334574
-0.976501
0.455855
-0.393475
-0.990478
-0.770623
0.572069
-0.526597
0.054903
-0.589892
0.118809
-0.797235
1.000000
-0.496811
0.836970
0.625904
0.569384
-0.115879
0.361431
-0.257729
-0.029328
-0.387799
-0.119480
0.986084
-0.572924
0.829157
-0.856380
-0.142674
0.004059
-0.128758
0.910764
0.612598
-0.754753
0.317789
0.772332
-0.239296
-0.457930
0.775018
-0.580493
-0.444685
0.688955
-0.126255
0.582018
0.184851
-0.166662
0.013642
0.801263
0.824213
-0.222144
0.715018
-0.493393
-0.259682
-0.078280
0.964782
-0.665944
0.106357
-0.011505
0.568224
-0.499130
-0.961547
0.674368
-0.877010
0.612293
0.951109
0.452132
-0.526963
0.054781
0.662343
-0.346660
0.924314
-0.695364
-0.937193
0.956725
-0.884762
0.466597
0.073519
0.033235
0.142796
-0.818842
0.848506
-0.479659
-0.615345
-0.957396
-0.154454
-0.653432
0.753410
-0.917722
0.917600
-0.272683
-0.484603
-0.766045
0.279397
-0.096469
-0.083712
-0.537034
-0.990417
-0.891476
0.927000
0.558214
0.259560
-0.203833
0.598621
-0.291177
-0.852351
0.210791
-0.413800
0.016083
0.787408
0.061556
0.291299
-0.469832
-0.111362
0.501999
0.186987
-0.732475
0.306131
0.300699
0.561022
0.940977
0.619922
0.422040
0.515427
-0.000031
-0.744865
0.597766
-0.861995
-0.242103
-0.332316
0.212622
0.100558
0.765191
-0.666494
0.233863
0.732963
-0.706656
-0.417402
0.206885
0.484664
-0.483261
0.335185
-0.889828
-0.674612
0.614734
-0.038301
-0.689261
0.498581
0.178625
0.417280
0.936216
-0.671255
0.049776
-0.408490
0.666311
-0.651967
0.420576
-0.065035
0.574267
-0.581225
-0.477950
-0.096408
-0.870968
0.791131
-0.972228
0.913144
0.905393
-0.707999
0.650136
-0.001251
0.138829
0.413312
-0.800409
0.792230
-0.140416
0.159093
-0.517930
-0.770562
-0.865719
0.660939
-0.499496
-0.836726
-0.307413
-0.401349
-0.862423
-0.606677
0.524033
0.291787
-0.244057
0.851314
0.603015
0.381451
-0.264931
-0.204932
-0.476730
0.365398
0.573351
-0.781732
-0.642323
0.475753
-0.697073
0.859493
0.131993
-0.854488
0.127842
0.993164
0.769158
0.889523
-0.040864
-0.150243
-0.530381
0.645497
0.275674
0.463363
0.177953
-0.004364
-0.919431
0.557115
0.569018
-0.083346
-0.353923
0.890805
-0.209387
0.233497
0.066195
0.603687
0.576159
0.324870
-0.933714
0.921567
-0.751274
-0.979858
-0.999878
0.709952
0.186438
0.536607
0.119053
-0.728019
-0.943052
0.803278
0.686331
-0.894467
0.742729
-0.073763
0.792657
-0.074129
0.829463
0.103244
0.709464
0.340129
0.317484
0.129551
0.063143
0.141209
-0.308084
0.554552
0.213477
0.643300
0.501572
0.704825
0.487472
-0.666982
-0.742973
-0.807855
0.699087
0.798395
0.558519
0.234596
0.434797
-0.333964
0.077975
-0.440596
0.857234
0.511093
0.578600
-0.003937
-0.359905
0.742241
0.080844
-0.250649
0.090793
0.381634
-0.703909
-0.143284
0.306436
-0.077059
-0.777886
-0.691641
0.770196
0.957213
-0.009735
0.259743
0.371685
0.910337
0.084567
0.674184
-0.287210
0.357952
0.437788
-0.235267
-0.348369
-0.925779
0.390667
0.077242
0.500107
0.109775
0.202429
0.792657
0.231910
0.413190
-0.452864
0.681265
0.986999
-0.636708
0.744865
-0.969176
-0.505905
-0.192236
-0.488327
-0.810053
0.108310
-0.504685
0.596973
0.699637
-0.111606
-0.506088
-0.184729
0.741142
-0.078036
-0.469588
-0.866634
0.911618
0.665212
0.229041
0.356792
0.786065
-0.480880
0.741020
-0.809381
0.810175
0.143956
-0.143895
0.336833
0.315714
-0.515488
-0.942930
0.557115
-0.615345
-0.988769
0.941710
0.527940
-0.066927
0.465804
-0.722098
-0.877438
0.978027
0.897580
-0.697867
0.085482
-0.559008
-0.178747
0.268105
0.376019
-0.260781
0.123386
-0.233497
-0.269997
0.839900
-0.597400
-0.446089
-0.458663
0.188635
0.617542
0.979125
0.735649
0.250710
0.644154
-0.963988
0.045137
0.119358
0.317606
0.015656
-0.432661
-0.641041
-0.694143
-0.639393
-0.812922
-0.387860
0.965514
0.264626
-0.041902
-0.680898
0.351054
-0.379192
-0.175207
0.357646
0.593860
-0.240638
0.225135
-0.110996
0.120151
-0.275246
0.170934
0.075716
-0.438887
-0.649770
0.177831
-0.047456
0.397992
0.077364
-0.655568
0.830988
0.173376
-0.976318
-0.479965
0.412030
0.003571
-0.972411
0.750053
0.120151
-0.224830
0.642140
0.688711
-0.086032
-0.045869
0.722831
-0.296121
0.442305
0.477157
0.243263
0.307352
-0.423505
-0.924070
-0.794183
-0.609363
-0.710257
-0.514756
-0.939451
-0.198706
-0.183325
-0.977294
0.984985
-0.032991
0.959532
-0.620228
0.795404
-0.909543
0.452559
-0.639393
-0.531419
0.620777
0.833369
-0.978454
0.319559
0.662587
-0.235389
-0.099277
0.455489
-0.016694
0.901730
0.823908
0.967528
0.573168
-0.537156
0.254555
-0.210791
-0.176794
-0.505478
0.657216
-0.456221
-0.732353
0.710135
-0.344096
-0.782403
0.812067
-0.310038
0.052950
-0.882565
-0.772576
-0.326945
0.790094
0.018036
-0.486068
0.436323
-0.898862
0.674245
-0.031037
0.353008
0.864010
0.924436
0.991394
0.541490
0.856075
0.940794
-0.330119
-0.406232
0.379559
0.092563
0.212928
-0.847591
0.625477
0.182348
-0.779778
0.538560
-0.182714
0.100192
0.512375
-0.125401
-0.827387
-0.666372
-0.821589
0.890194
0.580981
0.579882
-0.970275
0.667226
-0.386700
-0.114597
-0.889706
0.372600
0.236549
0.808161
0.787591
0.049715
-0.802484
0.847591
-0.478256
-0.932432
0.653432
0.542528
-0.243568
-0.359539
-0.491928
-0.816462
-0.242836
0.701163
-0.041963
0.439070
-0.502243
-0.826350
0.929502
-0.340678
0.835505
0.694998
0.187353
-0.650685
0.909299
-0.589404
0.793878
-0.148595
0.766839
-0.835994
0.583178
-0.444990
-0.222571
-0.928343
-0.744865
0.517258
0.689322
0.373394
0.531114
0.500595
0.300455
0.172826
-0.569811
0.920835
-0.647023
-0.167333
-0.659658
0.690603
0.585864
-0.105075
0.575793
0.835017
0.577013
-0.163915
-0.600757
-0.835200
-0.270119
-0.976928
0.150304
-0.289285
-0.019990
0.359783
-0.770135
0.497665
0.679373
0.356670
-0.355510
-0.284585
0.912412
0.956236
0.912168
-0.455611
-0.106967
0.108921
0.646779
-0.420576
-0.189001
-0.096713
0.770867
0.650563
-0.200720
0.747551
0.222022
0.131809
0.416486
0.800287
0.081210
-0.456709
0.662160
0.278115
0.143590
0.803522
-0.969054
0.216529
0.139561
0.649709
-0.150914
-0.924009
-0.721854
-0.328349
-0.901242
-0.554491
0.249245
0.906858
0.622120
0.338420
0.672964
-0.803217
0.395428
-0.348613
0.008332
0.149510
0.196142
-0.391705
-0.541246
-0.361736
0.419111
-0.440229
-0.195837
-0.385907
0.552721
0.525559
-0.850581
0.777947
0.745598
0.886532
-0.592639
0.841121
-0.325541
0.500656
0.581896
-0.876278
-0.552782
-0.131138
0.847835
0.594226
-0.037019
0.898373
-0.894894
-0.027009
-0.159337
-0.697073
-0.185339
-0.075900
-0.340739
0.745903
-0.516709
0.363994
0.345195
0.766472
-0.475265
-0.583911
-0.446760
-0.777154
-0.608875
0.610645
-0.110141
-0.924192
0.264504
-0.779229
0.028169
0.098483
0.337626
0.168188
0.250282
-0.071810
-0.916868
0.442366
0.051119
0.161229
0.704459
0.279519
-0.219825
-0.242836
-0.539476
0.371624
0.642201
0.713370
0.628956
-0.218543
-0.276406
0.919675
-0.266762
0.651234
-0.657094
0.190466
0.073336
-0.370342
-0.466781
0.776482
0.549181
0.846736
-0.714591
-0.942869
0.132298
-0.177587
0.406354
-0.856868
0.155919
-0.684500
-0.025666
0.001740
0.505783
0.421918
0.643971
-0.099826
-0.709403
-0.429182
-0.598560
0.726920
-0.008454
-0.403912
-0.983520
0.555651
-0.313456
0.362407
-0.692251
0.228675
0.506394
0.273537
0.640431
-0.581164
0.770318
0.987243
-0.580676
0.298929
0.567553
-0.450850
-0.481796
-0.611866
0.790216
0.330424
0.046602
0.375408
-0.005951
0.822199
0.713370
-0.558336
0.393597
-0.225135
-0.189489
0.016755
-0.902341
-0.040742
0.892758
0.675344
0.446760
0.950621
0.903317
-0.569445
-0.198218
0.759819
0.199988
0.602344
-0.249306
-0.933592
0.095859
0.059969
-0.775445
0.179540
-0.728202
0.168676
0.055879
-0.467696
0.391278
-0.534532
-0.368328
0.290262
-0.050874
0.846919
-0.601123
-0.331156
-0.988159
0.106235
-0.816340
0.273782
0.411176
0.558397
0.705252
0.010895
0.503037
0.554735
0.645558
-0.734001
-0.465743
0.289834
0.549730
-0.853145
-0.502853
0.788202
-0.608081
0.305643
0.263710
-0.718986
-0.218848
-0.276162
0.616565
-0.635487
-0.184484
0.088168
-0.079379
-0.304056
-0.474654
0.549242
0.350627
-0.160802
-0.060701
-0.752251
-0.340556
0.079806
-0.445723
0.396405
-0.874752
0.198828
0.051790
0.456648
0.954161
0.411237
0.194494
0.447798
0.966430
-0.997864
0.701712
0.406049
-0.098788
0.226905
0.087558
-0.353496
-0.937193
-0.031648
0.147801
0.363506
0.378826
0.727531
0.681814
0.312296
-0.508591
0.708914
-0.841548
0.951659
0.041658
0.535752
-0.178076
0.153050
0.821345
-0.357952
-0.774407
0.930784
-0.961364
-0.374248
-0.447005
0.574084
-0.160192
-0.016572
0.810724
-0.496872
-0.377850
0.984252
0.216346
-0.532701
-0.918516
-0.647023
-0.407025
0.281961
-0.684133
0.310770
-0.911496
0.308573
0.119236
0.699149
0.444502
-0.291971
-0.527573
0.526048
0.140294
0.450301
0.879208
0.028962
-0.847591
0.446577
-0.351604
-0.186071
-0.965697
0.369915
-0.579760
-0.046541
-0.816950
-0.449019
0.932615
0.245338
0.084811
-0.450117
-0.484664
-0.456648
0.258278
0.705618
-0.188879
0.828303
0.159337
-0.795160
0.869625
-0.335246
-0.291177
0.850337
-0.077303
-0.392987
0.145421
-0.510483
0.548631
-0.972716
-0.601794
-0.876888
0.590136
-0.685537
-0.940916
0.693655
-0.957884
0.389325
0.449202
-0.300821
0.723380
0.616993
-0.998840
0.069308
-0.295572
-0.822443
0.214087
-0.582324
0.074740
0.057161
0.606006
-0.620716
-0.522080
-0.753044
-0.539415
-0.413862
0.816767
-0.054659
-0.413739
-0.228797
0.865291
0.667470
-0.558702
0.090793
-0.336772
0.828974
-0.374737
-0.725211
-0.297952
0.271279
-0.987671
-0.157750
-0.531114
0.212256
0.725761
0.376507
-0.325175
0.773309
0.823176
0.855159
-0.680960
0.570177
-0.023530
-0.067904
-0.824946
-0.038118
-0.747246
-0.041231
-0.645985
0.822748
0.141758
0.667165
-0.113559
0.763237
-0.303934
0.336283
-0.942259
0.762017
0.850948
0.580493
-0.274697
0.397382
0.257424
-0.748894
-0.867306
0.116184
-0.419416
-0.063265
0.501267
0.507248
-0.896725
0.473983
-0.907407
-0.558519
0.915403
-0.473739
-0.965758
-0.152684
0.387249
0.791314
0.214698
-0.451277
-0.180151
-0.179113
0.241676
0.590930
-0.535081
0.111118
0.213660
0.435896
-0.982543
-0.239723
-0.417768
-0.939756
-0.738456
0.575488
-0.352641
-0.810175
0.613208
-0.252052
0.595325
-0.714347
-0.464400
0.212134
-0.072115
-0.393170
-0.915708
-0.698050
-0.339396
0.811640
0.317362
-0.079440
0.629322
-0.332926
-0.018036
-0.020112
-0.987609
0.390667
0.178198
-0.263405
0.242958
0.593432
0.598560
-0.604968
0.017426
-0.905515
-0.865230
0.782647
-0.113987
0.466292
0.339763
-0.723014
-0.426435
0.787469
-0.949522
-0.854183
0.141148
-0.104587
0.999390
-0.127659
-0.115085
0.341716
0.493515
0.328898
-0.441755
0.088351
-0.230995
-0.045442
0.966369
-0.470565
-0.159154
0.888180
-0.631031
0.551500
0.108921
0.646901
-0.427778
0.940001
-0.061495
0.820124
0.423383
-0.385784
-0.117405
0.823298
0.319254
0.479720
-0.645070
0.758599
0.519028
0.776605
-0.464034
0.188086
-0.058504
0.942869
0.029511
-0.166417
-0.087985
-0.558458
-0.934080
-0.543260
0.922910
-0.194555
-0.360271
0.563768
-0.013215
0.986755
0.359783
-0.835749
0.444929
0.867061
-0.292154
0.429853
-0.748833
-0.583422
-0.576769
0.913205
-0.837947
-0.244911
0.849727
0.939573
-0.114475
-0.087130
0.454451
0.322123
-0.995666
-0.163610
-0.995605
0.906186
0.361736
-0.909421
-0.267129
-0.815424
-0.293313
-0.481429
-0.216346
-0.764275
0.001740
-0.731620
0.567614
-0.584216
0.513779
0.623341
-0.907773
0.355083
0.262673
-0.250710
0.921079
0.946043
-0.407147
0.297952
-0.291849
0.929197
-0.859066
0.375225
0.164525
-0.908200
0.944456
0.437117
0.597217
0.307840
-0.219092
-0.905942
0.424055
-0.771233
0.055696
0.259865
-0.288430
0.596850
0.904599
0.412580
-0.224281
0.699026
0.042024
-0.054964
-0.048250
0.712394
-0.071383
-0.421735
0.742546
0.509812
-0.569079
0.171667
-0.959960
-0.251503
0.517258
0.128147
-0.824213
0.398846
0.204810
-0.207923
-0.284219
-0.949644
0.875301
-0.783990
0.459883
-0.014740
-0.018281
0.569689
0.076693
-0.778253
-0.345561
-0.443525
0.353679
0.030610
0.908567
-0.707266
0.171484
-0.293558
0.994568
-0.309854
-0.948363
-0.213660
0.881466
-0.886654
0.751762
-0.179418
0.177465
-0.912412
-0.478133
0.588061
-0.937254
-0.696097
0.429365
0.507859
-0.337687
-0.301187
-0.222388
0.278054
0.373577
-0.876278
-0.682730
-0.218360
0.103732
0.899655
-0.017975
-0.251198
-0.820734
-0.856563
-0.585498
0.479720
0.365642
-0.810785
-0.038484
0.998718
-0.712821
-0.084384
-0.532823
0.401105
-0.803522
-0.566149
0.716483
-0.004975
0.084078
0.238807
0.941588
-0.779046
-0.344401
0.906674
0.783441
0.188391
-0.911802
0.248085
-0.596606
0.628346
0.302652
-0.611744
0.850764
0.366680
0.424787
-0.351787
0.074496
-0.895444
-0.504318
0.734916
-0.387005
-0.005402
-0.713858
0.952757
-0.792718
-0.453413
0.636586
-0.662709
0.394818
-0.410138
-0.416669
-0.728751
-0.531602
0.448042
0.248390
0.517930
0.889096
0.328837
-0.197790
-0.834956
-0.577685
-0.007965
-0.644093
0.429121
0.046236
-0.943785
0.569506
0.593799
-0.294107
0.670217
0.252297
0.970519
-0.961241
-0.837764
-0.137608
-0.061739
-0.999756
0.214576
0.307779
0.323405
0.940916
-0.045442
0.182714
0.614246
-0.659841
0.255409
0.543626
-0.919492
0.269631
0.869747
-0.519089
0.871029
-0.800775
0.972716
-0.237953
-0.898679
-0.023041
-0.963744
0.282144
0.809565
0.850764
-0.014618
0.719901
-0.683645
0.915891
0.012055
0.146092
-0.502487
-0.386456
0.382305
-0.012421
0.008393
0.868954
-0.626637
0.097324
0.212867
0.310282
-0.805597
-0.327433
0.920896
-0.868831
0.030061
0.739494
0.468795
0.994812
-0.955687
0.419599
0.468978
0.738456
-0.934263
0.575793
0.217505
0.207495
-0.462691
-0.470199
0.894162
-0.372051
0.390728
-0.395123
-0.996338
-0.893124
-0.482955
-0.661794
0.360454
-0.846187
0.063692
0.765618
-0.366619
0.435224
-0.377422
-0.928770
-0.565111
-0.360088
-0.278115
-0.059114
0.246498
-0.916623
-0.188086
-0.022492
-0.516526
-0.959655
-0.289346
0.198462
-0.528794
0.192907
-0.429975
0.106296
-0.187048
0.620594
0.984924
-0.092074
-0.693594
-0.140965
0.450179
0.449690
0.895810
0.628529
0.883602
-0.241798
-0.353191
-0.221656
0.842769
0.368816
0.223365
0.759941
0.175512
0.755486
-0.979186
0.478500
0.981506
0.132054
0.612842
0.384503
0.896603
-0.687796
0.986877
0.176611
-0.335612
-0.476974
-0.049043
-0.021882
-0.757500
-0.139866
