0.715079
-0.746574
-0.926328
0.539415
-0.397198
0.388043
-0.172704
0.294961
0.232826
0.714530
-0.529527
0.013276
0.105014
-0.956053
-0.684072
-0.144932
-0.694021
-0.162206
-0.450850
-0.568957
0.087069
-0.512009
0.850764
0.645253
0.789483
-0.304605
0.804376
-0.192907
0.668630
-0.052644
-0.603870
0.433699
0.851924
0.152989
-0.746696
-0.539476
-0.626637
0.301065
-0.191259
-0.517685
-0.275613
-0.704215
-0.029084
0.746635
0.756890
-0.140904
0.584887
0.167150
0.021699
-0.274514
-0.675405
-0.484848
-0.030549
0.617420
-0.077120
0.964171
0.600513
-0.493454
-0.721549
0.474349
0.916746
0.371197
0.776421
0.088717
0.898801
-0.059725
-0.378033
0.309671
0.977905
0.073519
-0.696036
0.834101
-0.813044
0.734794
-0.020661
-0.268410
-0.687124
-0.885250
0.979553
0.152745
-0.696219
0.791986
-0.620350
0.340922
-0.682119
-0.332621
0.746879
0.194311
0.429731
-0.633778
-0.862667
0.528977
-0.371136
-0.367351
0.449690
-0.542955
0.708487
0.164342
-0.166112
0.880123
0.771905
0.415448
0.288858
0.795953
0.570605
-0.480941
-0.757073
-0.002960
0.807672
-0.258705
-0.390912
0.015961
0.929807
0.482650
-0.824335
-0.280923
0.628407
0.095370
-0.813288
0.088107
-0.686453
-0.551134
-0.429487
0.873287
0.637806
0.702689
-0.990478
-0.540086
-0.205420
-0.209632
-0.753349
0.731010
0.865108
-0.492660
-0.428388
0.035432
0.914182
0.721549
0.431379
0.369732
0.986755
0.700552
-0.962828
-0.334574
0.900327
0.455855
0.753899
-0.971984
-0.770623
-0.791742
0.479904
-0.203345
-0.963317
0.816950
-0.797235
0.890805
-0.496811
0.836970
-0.954955
0.569384
0.492904
0.703421
-0.620655
0.276406
-0.645009
-0.499619
0.997131
0.364544
0.373577
0.391827
0.589404
-0.091464
-0.128758
0.910764
0.768914
-0.754753
0.317789
0.301065
0.967223
-0.457930
0.187963
-0.274209
-0.444685
-0.262429
-0.367718
0.654592
0.069552
-0.111911
0.729423
-0.214087
0.824213
-0.453108
0.715018
-0.493393
-0.413190
0.695608
0.964782
-0.945128
0.106357
0.116550
0.008576
-0.697989
0.946959
0.457991
-0.563097
0.612293
0.951109
0.452132
0.367229
-0.231117
-0.778375
-0.346660
-0.957274
-0.312113
0.709037
-0.643361
0.119724
0.466597
-0.435224
-0.587817
-0.679373
0.222755
0.848506
-0.533860
-0.615345
0.230689
0.223121
-0.653432
-0.183630
-0.917722
-0.445967
0.373150
-0.484603
-0.766045
0.279397
-0.256630
-0.041475
-0.092013
-0.990417
-0.162633
-0.923826
-0.346782
0.782464
-0.203833
-0.962096
-0.342998
0.625721
0.043306
0.902951
0.372723
0.787408
0.083834
-0.879086
-0.469832
-0.860897
0.501999
-0.807428
-0.354839
0.237037
-0.721244
-0.353862
-0.821711
0.619922
0.078646
0.515427
-0.415815
-0.607898
-0.486740
0.197913
0.431379
-0.332316
0.212622
-0.418622
-0.292459
-0.406171
0.258705
0.732963
-0.706656
-0.899106
0.206885
-0.455000
-0.483261
0.200781
0.471908
0.699149
0.327006
0.175329
-0.833430
-0.404401
-0.544908
0.261452
-0.314371
0.648915
-0.677053
0.558824
0.387249
0.603198
-0.149022
0.162999
-0.539476
-0.581225
0.349345
0.088900
0.931394
0.611072
0.961425
0.913144
0.905393
-0.707999
0.514695
-0.001251
-0.404218
0.315470
-0.650807
0.792230
-0.436506
0.514023
0.430464
0.880123
-0.725761
0.518723
-0.499496
-0.545518
-0.216834
-0.935789
-0.862423
-0.691275
-0.401227
-0.720695
-0.841853
0.083102
0.315470
-0.751518
0.376812
0.314371
0.175268
0.247963
0.141392
-0.203223
-0.642323
0.859981
-0.697073
-0.196936
0.868648
-0.854488
-0.311014
0.993164
0.769158
0.889523
-0.040864
-0.150243
-0.385052
0.645497
0.275674
-0.868038
-0.567736
-0.004364
0.012116
0.185583
-0.558458
-0.847346
-0.979919
-0.839228
-0.657216
-0.812372
0.163549
0.603687
-0.069002
0.324870
0.011139
-0.376751
0.489608
-0.979858
-0.999878
-0.120579
0.186438
-0.232521
0.119053
0.745231
-0.943052
0.803278
0.997620
0.254555
-0.523850
-0.683279
-0.595813
-0.570299
0.235145
-0.792352
0.437666
-0.847041
-0.971374
0.351787
0.316019
-0.700919
-0.906796
0.927915
-0.217994
0.788751
0.501572
-0.209265
-0.983093
-0.320597
-0.742973
-0.435957
0.699087
0.425214
-0.860714
0.234596
-0.785333
0.588916
-0.262429
0.396466
0.857234
-0.894894
0.578600
-0.250465
0.420026
-0.074679
0.080844
0.870724
0.403607
0.381634
-0.703909
0.528489
-0.834712
-0.077059
-0.777886
0.432356
-0.064791
0.957213
-0.461776
0.990112
0.371685
0.013703
-0.499313
-0.913755
0.490829
0.045442
0.437788
-0.096957
0.308023
0.201025
0.390667
0.077242
0.865047
0.784112
-0.360820
0.438337
0.231910
0.742851
0.678030
0.681265
0.256935
-0.636708
0.752068
-0.473861
-0.692312
-0.192236
-0.488327
-0.810053
-0.459456
-0.146702
0.596973
0.806513
-0.786370
-0.206091
-0.826289
0.389386
0.865169
-0.364055
-0.866634
0.911618
-0.945189
0.229041
0.356792
-0.650807
-0.312845
-0.026826
-0.607410
0.041231
-0.947142
-0.082003
0.336833
0.315714
0.204932
-0.977355
0.557115
-0.615345
-0.695853
-0.755669
-0.771599
-0.748405
-0.140110
-0.934202
-0.515244
-0.315531
0.979308
-0.216834
0.085482
-0.155126
-0.606311
0.632984
-0.365581
-0.260781
0.459334
-0.548875
0.175085
-0.682485
-0.597400
-0.391217
0.600146
0.188635
0.811457
-0.081149
0.735649
0.305521
-0.549730
0.329875
0.649159
-0.931639
-0.736442
0.015656
-0.432661
-0.123753
-0.694143
-0.639393
0.391217
-0.387860
0.590442
0.264626
-0.230079
-0.680898
0.456648
-0.561205
-0.051790
0.357646
0.593860
-0.371929
0.274697
0.124851
0.899899
-0.544359
-0.618885
0.075716
0.909543
0.806207
-0.375469
-0.047456
-0.165075
0.274209
0.992370
-0.406720
-0.785455
0.286111
-0.995178
-0.745293
-0.544603
0.920591
-0.911618
0.120151
-0.031831
0.642140
0.688711
0.345317
0.052461
-0.864925
0.483932
0.208228
-0.174047
0.243263
0.865841
0.994690
0.229835
0.354839
-0.977477
0.651906
0.319193
-0.649403
0.306375
-0.183325
-0.911496
0.984985
-0.694815
0.932005
0.448714
0.795404
0.434980
0.658071
-0.639393
0.496750
0.934324
-0.442793
-0.978454
0.254250
-0.004913
-0.235389
-0.099277
0.455489
-0.909055
0.838069
-0.636891
0.967528
0.573168
-0.537156
0.254555
0.731742
0.275185
0.571947
0.657216
0.533372
0.135166
-0.643666
0.492172
-0.618152
0.730094
0.671133
0.649220
-0.882565
-0.772576
0.128697
-0.175329
0.018036
-0.309122
0.436323
0.486984
-0.845088
-0.596484
0.353008
-0.488937
0.814875
0.320109
0.477584
0.856075
0.887265
-0.330119
-0.365947
0.063082
0.092563
0.295389
-0.688223
0.625477
0.182348
0.867611
-0.952818
-0.562731
-0.571764
0.515549
0.008698
0.151341
0.448958
-0.821589
0.643117
0.580981
0.579882
-0.970275
0.168249
0.283731
-0.114597
0.281106
-0.670827
-0.537156
0.808161
0.740654
-0.980956
0.016755
0.847591
-0.478256
0.201880
0.648122
-0.726005
0.604236
0.602405
-0.491928
0.001373
-0.242836
0.361187
0.474166
-0.218848
-0.371319
-0.826350
0.403729
0.397748
0.835505
0.694998
0.187353
-0.875729
0.909299
0.809320
-0.799921
-0.658437
0.766839
-0.020661
-0.875057
-0.444990
-0.916990
-0.201880
-0.639454
0.517258
-0.506760
-0.385357
0.702445
0.459639
0.520127
-0.775323
-0.569811
-0.885372
0.368816
-0.773186
-0.601306
0.887509
0.060762
0.065035
-0.390667
0.413495
0.445845
-0.163915
-0.600757
0.987732
-0.270119
-0.352580
0.421674
-0.589709
-0.019990
0.842097
0.357891
0.497665
-0.704581
0.388226
-0.962462
-0.284585
0.630360
0.956236
-0.975524
0.771905
-0.397687
0.108921
-0.537217
0.914487
-0.189001
-0.056246
0.770867
0.667165
-0.878597
0.265969
-0.634571
0.131809
0.416486
-0.988037
-0.769280
-0.456709
0.123692
0.278115
0.143590
0.865047
-0.181372
0.216529
0.039155
0.649709
-0.825556
0.705679
0.974425
-0.563646
-0.250465
-0.152745
0.514573
0.906858
0.878109
0.042634
0.672964
-0.644215
0.395428
-0.651479
-0.838618
0.149510
0.681265
-0.037996
0.801874
0.283425
0.419111
0.676321
0.358806
-0.385907
-0.440596
-0.534227
-0.850581
-0.555040
-0.568407
0.886532
-0.935911
0.841121
-0.508896
-0.066744
0.020844
-0.205359
0.372295
-0.131138
0.847835
0.856563
-0.911802
0.746330
-0.894894
0.443892
0.660634
-0.043184
0.436201
0.975951
0.622303
0.745903
-0.134861
0.943358
0.682852
0.766472
-0.241676
0.062349
0.436445
0.080905
0.586840
-0.299234
-0.110141
0.029939
0.595080
-0.642506
0.028169
0.170995
-0.864010
0.870724
-0.991821
-0.071810
0.818659
0.921690
0.312418
0.161229
0.704459
0.031648
0.390301
0.545030
0.044893
-0.614856
-0.506516
0.269936
0.081637
0.438276
-0.276406
0.919675
-0.266762
0.956664
-0.052644
0.477035
0.627308
-0.370342
-0.466781
0.776482
-0.297342
-0.610218
-0.714591
0.689566
-0.474715
-0.228370
0.583300
-0.856868
0.155919
-0.744499
-0.334086
0.553209
0.614490
0.421918
0.768914
0.707511
0.065645
0.106967
0.024689
0.951048
-0.155919
0.126926
-0.983520
-0.918455
0.831965
0.362407
-0.053804
0.700613
-0.497177
0.273537
-0.048189
-0.417707
0.770318
-0.097140
-0.580676
0.512192
-0.504990
0.767937
-0.352214
-0.419233
0.790216
0.691397
0.046602
-0.630421
-0.005951
0.822199
-0.430036
-0.558336
0.392743
-0.498215
-0.253517
0.682546
-0.609119
0.551927
0.892758
-0.465804
0.489792
0.950621
0.903317
-0.569445
-0.180029
0.759819
0.199988
0.577013
-0.249306
-0.933592
0.095859
0.059969
-0.775445
0.179540
-0.728202
0.739250
0.055879
-0.135899
0.391278
-0.534532
-0.368328
0.290262
-0.050874
0.212989
-0.601123
-0.331156
-0.988159
0.106235
-0.816340
0.273782
0.411176
0.558397
0.705252
0.010895
0.503037
0.554735
0.645558
-0.734001
-0.465743
0.289834
0.549730
0.810175
-0.502853
0.788202
0.142369
0.159520
0.263710
-0.718986
-0.218848
-0.276162
0.616565
-0.635487
-0.184484
0.088168
0.458541
-0.304056
-0.617420
0.549242
0.350627
-0.160802
-0.978271
-0.752251
-0.340556
0.079806
-0.445723
0.396405
-0.874752
0.198828
0.650441
0.456648
-0.434797
0.962951
0.194494
0.447798
0.904538
-0.997864
0.701712
0.406049
0.981506
0.226905
0.087558
-0.353496
-0.937193
-0.031648
0.147801
0.363506
0.378826
0.727531
0.681814
0.312296
-0.508591
0.708914
-0.841548
0.951659
0.041658
0.535752
-0.178076
0.153050
0.821345
-0.357952
-0.774407
0.930784
-0.961364
0.560778
-0.447005
0.574084
0.213965
-0.016572
0.810724
-0.496872
-0.630543
0.984252
0.216346
-0.532701
-0.918516
-0.647023
-0.407025
0.281961
-0.684133
0.310770
-0.911496
0.308573
0.119236
0.699149
0.444502
-0.291971
0.577807
0.675527
0.140294
0.450301
0.879208
0.028962
-0.372784
0.734428
-0.351604
-0.186071
-0.607898
0.369915
-0.579760
-0.046541
-0.816950
-0.449019
0.932615
0.245338
0.084811
-0.665090
-0.484664
-0.456648
0.258278
0.705618
-0.875729
0.828303
0.159337
-0.795160
0.869625
-0.335246
-0.521775
0.850337
-0.077303
-0.392987
0.145421
-0.510483
-0.981628
-0.972716
-0.601794
-0.876888
0.590136
-0.685537
-0.940916
0.713675
-0.957884
0.389325
0.449202
-0.300821
0.723380
0.616993
-0.998840
0.069308
-0.295572
-0.822443
0.214087
0.034639
0.142430
0.057161
0.606006
-0.620716
-0.522080
-0.753044
0.309977
-0.169774
0.816767
-0.054659
-0.413739
-0.228797
0.865291
0.667470
-0.608875
0.090793
0.797052
0.828974
-0.374737
-0.725211
-0.297952
0.271279
-0.987671
0.074129
-0.531114
0.212256
0.098239
0.376507
-0.325175
0.773309
0.823176
0.855159
-0.680960
0.570177
-0.023530
-0.067904
-0.824946
-0.038118
0.640187
0.400555
-0.645985
0.822748
0.141758
0.314249
-0.113559
0.763237
-0.303934
0.336283
-0.942259
0.345439
-0.978454
-0.697562
-0.274697
0.490585
-0.324137
-0.748894
0.713065
0.116184
-0.402203
-0.063265
0.501267
0.507248
-0.896725
0.861751
-0.076693
-0.558519
0.915403
-0.473739
-0.965758
-0.152684
0.977050
0.791314
0.214698
-0.451277
-0.180151
-0.179113
0.227454
0.590930
-0.535081
0.111118
0.213660
0.435896
-0.982543
-0.239723
-0.417768
-0.939756
-0.738456
0.598560
-0.352641
-0.810175
-0.427839
-0.252052
0.595325
0.967833
-0.464400
0.212134
-0.072115
-0.393170
-0.915708
-0.698050
-0.339396
0.811640
0.188513
-0.079440
0.629322
-0.332926
-0.018036
0.193823
-0.987609
0.390667
0.178198
-0.263405
0.242958
0.593432
0.598560
-0.604968
0.017426
-0.905515
0.126926
0.782647
-0.113987
0.457930
0.339763
0.675405
-0.426435
0.787469
-0.949522
-0.854183
0.141148
-0.104587
0.999390
-0.932920
-0.115085
0.341716
0.493515
0.328898
-0.441755
0.088351
-0.230995
-0.270119
0.966369
-0.470565
-0.159154
0.888180
-0.631031
0.551500
0.108921
-0.266091
0.499130
0.940001
-0.061495
0.820124
0.423383
-0.385784
0.405805
0.823298
0.319254
0.479720
-0.283547
0.471358
0.519028
-0.474471
-0.464034
0.188086
-0.796381
0.942869
0.613086
-0.166417
-0.264565
-0.650868
-0.934080
-0.543260
0.922910
-0.194555
-0.360271
-0.685415
0.744926
0.986755
0.359783
-0.835749
0.444929
0.867061
-0.292154
0.429853
-0.748833
-0.583422
-0.576769
0.913205
-0.837947
0.272622
0.849727
0.939573
-0.114475
-0.087130
-0.577197
0.322123
0.895810
-0.163610
-0.995605
0.906186
0.361736
-0.310282
0.636036
-0.815424
-0.293313
-0.481429
-0.216346
-0.764275
0.001740
-0.731620
0.567614
0.311747
0.513779
0.623341
-0.907773
0.355083
0.262673
-0.250710
0.921079
0.946043
0.966918
0.297952
0.791253
-0.476730
-0.297464
0.375225
0.164525
-0.908200
0.944456
0.437117
0.458785
0.307840
-0.219092
-0.905942
0.424055
-0.771233
0.774163
0.447981
-0.288430
0.596850
0.904599
0.412580
-0.224281
0.699026
0.042024
-0.054964
-0.757378
0.712394
-0.071383
-0.421735
0.742546
0.509812
-0.569079
0.171667
-0.455794
-0.251503
0.432173
0.128147
-0.608692
0.398846
-0.342692
-0.207923
0.173132
-0.949644
-0.361675
-0.783990
0.459883
-0.014740
-0.052095
0.569689
0.076693
-0.778253
-0.345561
-0.443525
0.353679
0.030610
-0.232887
-0.707266
0.171484
-0.293558
0.994568
-0.309854
-0.948363
-0.213660
0.881466
-0.861812
0.751762
-0.179418
0.319376
-0.778497
-0.478133
0.588061
-0.937254
0.192602
0.429365
0.507859
-0.337687
-0.301187
0.111728
0.278054
0.373577
-0.876278
-0.682730
-0.218360
0.103732
0.899655
0.481796
-0.251198
-0.820734
-0.856563
-0.585498
0.479720
0.365642
0.704031
-0.038484
0.998718
-0.363567
-0.084384
-0.532823
0.592761
-0.803522
-0.566149
0.716483
-0.004975
0.084078
0.238807
0.941588
-0.779046
-0.529160
0.906674
0.783441
0.188391
-0.523484
0.202612
-0.089877
0.628346
-0.253700
-0.611744
0.091525
0.689322
0.424787
0.242592
-0.427473
-0.895444
-0.504318
0.734916
-0.923154
-0.067293
-0.713858
0.952757
-0.792718
-0.453413
0.636586
-0.662709
0.253517
-0.445479
-0.416669
-0.728751
-0.531602
-0.955443
0.248390
0.517930
0.323099
0.328837
-0.197790
-0.834956
-0.577685
-0.007965
-0.644093
0.429121
0.046236
-0.943785
0.569506
0.593799
-0.294107
0.444441
0.252297
-0.771966
-0.961241
-0.837764
0.081332
-0.061739
-0.999756
0.214576
0.307779
0.323405
0.940916
-0.045442
0.182714
0.614246
-0.659841
0.255409
0.543626
-0.919492
0.269631
0.869747
-0.519089
0.871029
-0.800775
0.972716
-0.237953
-0.898679
-0.591357
0.286905
0.672414
0.809565
0.850764
0.597583
0.719901
-0.683645
0.915891
0.012055
-0.994079
-0.502487
-0.386456
0.382305
-0.012421
0.008393
0.868954
-0.626637
-0.608570
-0.252297
0.525987
-0.805597
-0.327433
0.920896
-0.868831
0.030061
0.739494
0.468795
0.135655
-0.125523
0.419599
0.468978
0.738456
-0.934263
0.575793
0.008271
0.207495
-0.462691
-0.470199
0.894162
-0.372051
0.390728
-0.395123
-0.996338
0.225257
-0.482955
-0.661794
0.411725
-0.701651
0.063692
0.765618
-0.366619
0.435224
-0.377422
-0.878414
-0.565111
-0.360088
-0.278115
-0.059114
0.246498
-0.916623
-0.188086
-0.022492
-0.516526
-0.625965
0.190771
0.657704
-0.528794
-0.153111
-0.429975
0.106296
-0.187048
0.620594
0.984924
-0.092074
-0.693594
-0.140965
0.450179
0.434614
0.895810
-0.248390
0.883602
-0.241798
-0.353191
-0.221656
0.842769
0.368816
0.223365
0.759941
0.175512
0.755486
-0.979186
0.478500
0.981506
0.507370
0.612842
0.384503
0.896603
-0.687796
0.986877
0.176611
-0.335612
-0.476974
-0.049043
-0.021882
-0.757500
-0.139866
