-0.638539
0.637440
0.635914
0.527573
-0.237526
0.918455
0.018097
-0.210181
0.770684
-0.437971
-0.602039
0.284524
-0.961425
-0.807306
-0.774773
-0.728080
-0.692984
-0.328104
0.972289
0.835444
-0.632313
-0.164830
-0.495224
-0.186438
0.356182
0.971007
0.439009
0.855281
-0.884701
-0.487838
-0.493393
0.026887
0.342387
0.326640
0.139134
-0.680349
-0.336528
0.705374
-0.544176
-0.814631
0.466231
0.626331
0.921690
0.687857
0.200354
0.841243
0.382672
-0.613941
0.032929
-0.000214
0.287454
-0.658681
-0.583422
-0.320414
-0.548509
-0.100436
-0.553819
-0.366619
-0.892087
0.923460
0.217872
0.791375
0.052461
-0.432173
0.016205
-0.431196
-0.405988
0.108615
-0.145604
0.295328
0.284524
-0.329875
-0.157628
0.292398
0.788568
0.243629
-0.095126
-0.291726
-0.125156
-0.073763
0.442610
-0.500168
0.727348
0.537217
0.376568
0.684744
-0.237159
0.547594
0.871517
-0.147740
-0.271401
0.093051
0.890011
0.805292
-0.060335
-0.069552
0.551073
-0.409833
0.298318
-0.770745
-0.985412
-0.372356
0.972167
0.932066
-0.973449
-0.250710
-0.771722
0.009186
-0.052217
-0.268227
0.198035
0.299112
0.791314
0.222388
0.547899
-0.769646
-0.021393
0.100864
-0.898068
0.129612
-0.972533
-0.316202
0.173009
0.969359
-0.402142
0.756645
0.344157
0.860775
-0.673086
-0.365337
-0.037141
0.173803
0.993774
-0.357341
-0.505417
0.042207
0.106296
0.250710
-0.115635
-0.750175
-0.314982
0.117405
0.464400
-0.955077
0.059542
-0.954588
0.920408
0.396283
0.403729
0.992065
-0.868038
0.650929
-0.411481
-0.895627
0.268410
-0.249489
-0.412702
-0.404157
0.382366
0.685476
-0.964537
0.330790
-0.375042
0.221473
-0.383160
-0.760979
0.843928
0.650197
-0.033845
0.096408
-0.377056
-0.208106
0.146886
-0.000702
-0.480148
0.984863
-0.238746
0.948729
-0.930845
0.621632
0.710929
0.713370
0.212622
-0.966491
-0.562059
0.395978
0.506333
0.657643
0.017731
0.987487
-0.555589
-0.109836
0.468795
0.844844
-0.035798
0.295206
0.599963
-0.670766
0.164769
0.885311
-0.846065
-0.963683
-0.992492
-0.905820
-0.842708
0.908078
0.059542
-0.999023
-0.233131
0.945433
-0.626331
-0.021638
-0.139622
-0.579028
0.108554
0.782647
0.551683
0.289224
0.510849
0.045198
0.382366
0.210608
-0.528062
-0.419172
0.379864
0.562670
0.008332
0.141514
0.020295
0.592822
-0.981262
-0.185583
-0.546617
0.061556
-0.161534
0.312906
0.657826
-0.908872
0.237037
-0.230323
-0.060579
-0.184301
-0.145482
0.723991
0.255959
-0.672170
0.356548
0.558214
0.222816
0.473067
-0.626453
-0.625111
-0.209998
-0.369243
-0.638295
0.172643
-0.092196
0.256142
0.314371
0.152501
0.244301
0.621021
0.968444
0.817621
-0.839473
0.185888
-0.293985
-0.837947
-0.365276
-0.279214
-0.486801
0.459517
-0.996582
-0.040437
-0.002045
-0.769097
-0.734794
0.258889
-0.828242
0.752434
0.566881
0.482467
-0.785882
0.522019
-0.460494
-0.165563
-0.425275
0.622913
0.062288
-0.950194
-0.570055
-0.342509
-0.722159
0.887448
0.474654
0.108005
-0.256874
0.468551
0.082308
0.613025
-0.343974
0.601672
0.265053
-0.995117
0.636708
-0.608936
-0.106052
0.033052
0.745964
0.955016
-0.613697
0.505417
0.720695
-0.381024
0.074374
-0.994446
-0.026337
0.673635
0.328104
0.572436
0.049837
-0.097507
-0.498947
0.313578
0.247291
-0.003265
0.128574
-0.133213
-0.942259
-0.800226
-0.536790
0.218055
-0.370708
-0.820124
-0.970580
-0.220130
0.150365
-0.835810
0.774163
0.597827
-0.700064
0.094699
0.283975
0.644398
0.391644
0.921812
-0.754814
-0.358135
-0.324198
-0.364299
-0.825251
0.958861
-0.660451
0.514939
0.778436
-0.234779
0.549608
0.030183
-0.438093
0.710379
0.282876
0.750664
-0.238075
0.083102
-0.604480
-0.149022
0.239418
0.121494
0.786798
0.294778
0.128330
-0.896970
-0.707694
-0.357707
-0.677786
-0.191748
0.012543
-0.998169
-0.871639
0.608509
0.921018
0.462691
-0.798639
-0.179296
-0.326395
0.764702
0.259804
0.497055
0.493515
-0.648000
-0.073641
0.007538
-0.486496
0.285684
0.289407
0.645741
0.966613
0.715934
0.547960
0.335795
-0.482894
0.654408
0.886593
-0.719718
-0.837825
0.783685
-0.798334
0.976806
0.759758
-0.760613
-0.327189
-0.884457
0.469222
-0.192419
0.628895
-0.405255
-0.023103
-0.009674
-0.945921
-0.982055
-0.475448
-0.482467
-0.215857
0.368206
-0.931700
0.183996
-0.412458
0.899350
0.033906
0.316813
-0.805536
0.925291
-0.607410
0.071444
-0.926572
-0.776727
0.386883
0.741935
0.027924
-0.321451
-0.106967
-0.216712
-0.286416
-0.065584
-0.983764
-0.017792
0.733146
0.360393
0.222755
-0.612964
-0.345073
0.558763
-0.851009
-0.285195
-0.498398
-0.264443
-0.459517
0.338420
-0.292520
0.108921
0.165990
-0.819391
0.786615
-0.480758
0.081881
0.518479
-0.500412
0.764153
-0.055513
-0.023408
0.023957
0.723319
-0.750908
0.739128
-0.519944
-0.068941
0.006989
0.134068
0.030610
-0.932066
-0.479720
0.863704
0.148228
-0.351360
0.722098
0.153783
0.683218
0.177953
-0.579821
-0.558092
-0.981017
0.268410
0.847957
-0.372417
-0.652699
-0.649281
0.049776
0.804559
-0.058809
0.166906
0.834407
-0.395428
-0.421430
-0.432417
0.933958
0.265175
-0.971557
0.414167
-0.052828
0.780084
-0.221595
-0.501328
0.868526
0.824885
0.304971
-0.741630
-0.333293
-0.542589
-0.648549
0.936033
0.551439
-0.194861
0.094638
0.550645
0.195715
0.678274
0.058016
-0.132786
0.661306
-0.526841
-0.560656
-0.024567
-0.814508
-0.923826
-0.687002
0.005951
-0.651479
0.327860
-0.036348
0.722221
0.431013
-0.933775
0.780816
0.145299
0.429670
0.665151
-0.447676
0.507248
-0.258095
0.008148
0.730033
0.642140
0.368145
0.543870
-0.382000
0.530503
-0.451888
-0.683828
-0.191198
-0.249245
-0.593554
-0.759453
0.011750
0.264138
0.112888
-0.691824
0.256508
0.392132
-0.986633
-0.331828
0.938475
-0.821711
-0.769768
-0.284951
-0.282327
0.028840
0.372906
-0.538255
0.116794
0.677602
0.255470
0.162511
-0.338481
-0.745415
-0.596484
0.487228
0.806330
-0.328104
-0.951292
0.914731
-0.075533
0.938414
0.074923
-0.052950
0.402875
0.365215
-0.183569
-0.046480
-0.979125
0.790582
0.437544
-0.229774
-0.985534
0.393780
0.325602
-0.056856
0.488693
-0.936705
-0.276833
0.902402
-0.950926
-0.981567
-0.928770
0.186865
0.722037
-0.695669
-0.484664
0.482894
-0.867428
0.982849
-0.733512
-0.304788
-0.034211
0.451765
-0.324259
0.081210
-0.272744
0.391278
-0.803461
0.451949
-0.398114
-0.417219
-0.547655
0.715384
0.088473
0.435041
-0.482406
0.752373
0.588244
-0.390912
0.528550
-0.298196
-0.182043
0.208960
0.287454
0.715201
0.530992
0.102329
0.510056
0.885189
0.440352
0.986023
0.549364
0.503647
-0.344829
0.283547
-0.372723
-0.545763
-0.521897
-0.625599
-0.515122
-0.323893
0.992370
0.687063
-0.174352
-0.392682
0.521470
-0.766655
0.469649
-0.574755
0.636952
0.246864
-0.830195
0.478744
-0.460799
0.533128
0.605823
-0.496323
-0.021577
0.790277
0.840327
0.329814
-0.819025
-0.375347
0.598926
0.762505
0.863521
-0.572985
-0.397565
0.424787
-0.387555
0.721671
-0.908506
0.821894
-0.529160
-0.906552
0.060518
0.282266
-0.211707
0.589831
0.707633
-0.665883
-0.905576
-0.837947
-0.924009
-0.569811
0.687002
-0.586901
0.325968
0.376324
-0.770257
-0.520005
0.908383
0.806879
-0.211707
0.820124
0.737968
0.061190
-0.275674
0.799249
-0.764641
0.591845
-0.683767
-0.491623
0.266396
-0.951964
-0.432783
-0.098117
-0.484298
0.808771
-0.165441
0.824274
-0.105869
0.906858
-0.607959
-0.681509
0.909421
-0.284890
0.549669
0.603015
-0.927244
-0.332865
-0.510178
0.916868
-0.645924
-0.832698
0.412763
0.370830
-0.393353
-0.421552
0.367290
-0.830439
-0.886837
-0.620289
0.273476
-0.543199
-0.805231
0.262734
-0.495224
-0.452925
0.900510
0.586779
0.960143
0.577990
0.991638
-0.943419
-0.706900
-0.562731
-0.958922
-0.296609
-0.885434
-0.730644
0.109470
-0.824152
-0.408612
0.180822
0.169836
0.063631
-0.339274
0.564867
-0.981140
-0.202002
-0.226112
-0.302591
0.657155
-0.923093
-0.513230
-0.073458
0.071749
0.283303
-0.905698
0.229286
-0.221290
0.799493
0.874264
0.915464
0.639698
-0.024384
0.242286
-0.051057
-0.465987
0.821100
0.505844
-0.580981
-0.968139
0.346538
0.951476
0.656667
0.514084
0.286538
-0.176611
0.951842
-0.411786
-0.972228
-0.790826
0.642689
0.839290
-0.961669
-0.985168
0.425398
0.006317
0.485397
0.960814
-0.948424
-0.134922
-0.924741
-0.120579
-0.598804
-0.242225
0.379131
-0.196631
0.212989
-0.296243
0.077792
0.716178
0.468490
-0.916684
-0.161718
-0.902585
-0.496811
-0.025605
-0.450240
-0.042879
0.425764
-0.431990
0.704215
-0.961852
-0.366008
0.193213
-0.291665
-0.577197
-0.681753
-0.644093
-0.727165
-0.653005
-0.791498
-0.458663
-0.638478
0.666799
0.148473
0.149266
0.565355
0.283120
-0.741020
-0.751762
-0.955443
0.043306
-0.488449
0.822138
-0.493393
0.395917
-0.233619
0.116245
0.818659
0.585559
-0.332072
-0.338237
0.095431
-0.853572
-0.390790
0.701285
-0.774224
-0.407270
-0.984497
0.621509
-0.468368
0.364727
-0.121311
-0.935667
0.434919
-0.141697
0.932676
0.383160
-0.044649
0.801813
0.535630
-0.830195
-0.204627
0.293985
-0.929258
-0.908444
0.877865
0.578478
-0.779534
-0.932737
-0.169713
0.016449
-0.769341
0.522691
-0.189062
-0.462447
0.951170
-0.259987
-0.392865
0.750603
-0.250160
0.070284
0.261452
0.329875
0.440291
0.727836
0.635792
0.566637
0.703787
0.900571
-0.686697
0.421491
0.177526
0.500534
0.239601
-0.514939
-0.852657
-0.344279
0.929624
-0.490585
-0.246864
0.898984
-0.211158
0.233070
-0.602893
0.911740
0.723014
-0.083285
0.328043
0.312845
0.066866
-0.273049
0.395550
-0.278115
0.800836
0.985351
0.243934
-0.047456
-0.559496
-0.046968
0.596484
-0.286966
-0.448225
-0.075961
-0.428694
0.551622
-0.405560
-0.426374
0.011505
-0.615040
-0.121189
0.061190
-0.052461
0.109470
0.489059
0.327677
-0.984985
-0.783624
0.035676
-0.587085
0.389386
-0.797784
-0.189489
-0.252541
0.651967
0.517747
-0.235511
-0.799738
0.681936
0.623218
-0.380657
0.899411
-0.260720
-0.413495
0.235206
-0.858150
-0.016083
0.317118
-0.550645
0.199805
-0.873898
0.065523
-0.457930
0.795160
-0.071932
-0.875301
0.881893
0.121372
-0.715629
-0.653066
0.007416
0.156529
0.131932
0.522935
-0.899838
-0.288491
0.452071
0.036531
0.174047
0.150975
-0.397687
0.658620
0.713736
0.053865
0.909360
-0.449202
-0.849239
-0.179724
0.825129
0.817255
0.770379
-0.890744
-0.328227
0.528428
-0.477157
0.912717
-0.383709
0.004364
0.810480
0.274514
0.665090
0.784906
-0.864620
-0.931639
0.454451
0.375591
-0.189428
0.482162
-0.029084
0.639088
0.758293
-0.455306
-0.170812
0.877682
0.754631
-0.666311
0.760674
-0.255654
0.614490
-0.438765
0.462264
-0.854183
0.605090
0.922422
0.018464
0.821284
0.655812
-0.850093
-0.786431
-0.307840
0.895749
0.531175
0.460677
0.030915
-0.683096
0.749077
0.840571
0.207556
-0.360393
-0.623402
0.192785
0.343913
0.401593
-0.661061
-0.678701
0.138707
0.830866
0.682180
0.457015
0.314676
-0.542528
0.937132
-0.556078
0.038179
-0.866451
0.482345
0.572497
-0.080966
0.669790
0.232521
-0.371136
-0.753044
-0.553636
-0.672048
0.810907
0.752434
-0.982971
0.384930
-0.445845
0.215674
-0.859859
0.896420
0.838252
0.302225
-0.239418
0.208655
0.481735
-0.250954
0.085360
0.631825
-0.340739
-0.804682
-0.086947
0.060274
-0.345317
0.965453
-0.782403
-0.453047
-0.862728
-0.339335
0.650868
0.262490
-0.939329
-0.923948
0.282327
0.400555
-0.648549
-0.924558
-0.517014
0.641591
0.658315
-0.864681
-0.267434
0.247902
-0.035493
-0.751518
-0.943236
0.314005
0.741935
0.711112
0.026582
-0.614368
0.762017
-0.070894
0.055208
-0.930479
0.156346
-0.048311
-0.623768
0.593005
-0.192602
0.602100
-0.709769
-0.702628
0.265297
-0.715629
0.684194
0.209815
-0.925962
0.576525
-0.087130
0.657277
0.891293
0.272988
-0.268960
-0.885861
0.192785
-0.019929
0.845515
0.400678
-0.589099
0.999145
0.558458
-0.385296
0.204688
-0.293863
-0.593616
0.802850
-0.404767
-0.846858
0.597766
0.029023
0.593738
-0.751335
-0.748650
-0.707450
0.350688
0.622608
-0.049715
0.130100
0.187170
0.088595
0.238624
0.960936
-0.987854
-0.625660
-0.705496
0.047334
-0.006134
-0.019501
0.309732
-0.686148
0.593188
0.605823
-0.618397
0.411054
0.299783
0.921751
0.900571
-0.670583
-0.447432
0.174169
0.616871
-0.650014
-0.207923
-0.171117
0.531602
0.514695
0.184484
-0.498032
-0.840815
0.889035
-0.880184
0.496872
-0.564867
-0.074435
-0.635426
0.881527
-0.520798
-0.348796
-0.488998
-0.460982
0.378094
-0.580981
0.947020
0.773858
0.835505
-0.563768
0.950499
0.946471
-0.010224
-0.906980
0.102329
0.803156
0.022858
-0.757256
0.334330
0.154881
0.806207
-0.011689
-0.120701
-0.476180
-0.966308
-0.971984
0.305826
0.176061
-0.140233
-0.119175
-0.303690
-0.178014
-0.721915
0.288980
0.852779
-0.282571
0.506760
-0.031770
0.375286
0.298807
-0.228065
0.718436
-0.268899
-0.205420
-0.247414
0.386212
-0.030610
0.776727
-0.610157
-0.073885
-0.457747
0.321451
-0.061251
-0.132969
-0.626759
0.749626
0.571703
0.768548
-0.535203
0.079073
0.695364
-0.574694
-0.850703
-0.632008
0.297769
-0.240150
0.945982
-0.327189
0.353191
0.674917
-0.372356
0.365520
-0.677908
-0.813410
-0.346721
0.977783
0.869442
-0.767449
0.877743
-0.445540
-0.113254
-0.764702
0.168004
-0.806452
-0.466720
0.848384
-0.579394
-0.244240
-0.362346
0.107761
0.456526
0.500717
-0.245949
-0.480697
-0.751701
0.004730
-0.661916
0.845210
0.647389
0.936155
0.966735
0.111667
-0.610218
-0.572130
-0.338908
0.300638
-0.967101
-0.619495
0.810236
0.123386
-0.893918
0.852901
-0.925596
0.081088
0.136265
-0.362407
0.103183
-0.162816
0.614978
-0.847163
-0.130467
0.342021
0.816523
0.577807
0.789422
-0.246864
-0.666250
0.769402
0.133030
0.610096
0.701773
-0.143956
-0.778314
0.666128
0.415387
0.655812
-0.406720
0.949461
0.439802
-0.505905
-0.546068
0.932493
-0.533982
-0.461226
0.048982
-0.355937
0.697073
0.576220
0.967406
0.013398
0.711295
-0.273232
0.902951
-0.921140
-0.607532
0.901669
-0.270180
0.452681
0.135533
-0.521714
0.359294
0.633473
0.926817
-0.008881
0.478561
-0.525254
0.491501
0.109409
-0.639332
0.320170
0.041780
0.322367
-0.291421
0.101413
0.905026
0.629261
0.785211
0.976867
0.044954
-0.221900
-0.510239
0.267617
-0.042390
-0.825861
0.347148
-0.628162
0.974059
-0.631642
-0.478805
0.142186
0.643422
-0.033296
-0.116733
0.940794
-0.167028
-0.694815
-0.936522
0.314249
0.109409
0.723380
0.735466
0.789972
-0.083529
0.668447
0.878414
-0.928098
-0.348857
-0.439070
0.677725
0.287698
-0.020051
-0.877499
0.347148
-0.403851
-0.571825
0.860775
0.096713
-0.053560
0.710135
-0.100009
0.671560
-0.619190
0.644642
0.468856
0.701956
0.712760
0.532640
-0.790704
0.784722
-0.006134
-0.782220
0.301187
0.594348
-0.709891
0.770440
0.546251
-0.687735
0.349345
0.182836
-0.912656
0.219886
0.729728
-0.408551
0.715201
-0.495102
-0.601062
0.310221
-0.294656
-0.185644
0.710135
-0.852290
0.411664
0.772271
-0.317972
0.986877
0.122166
-0.766900
-0.136265
-0.729118
-0.004303
0.130406
0.997314
-0.328715
-0.197974
0.091159
-0.542589
0.108554
-0.232521
-0.931272
0.051363
-0.131748
-0.672231
0.609119
-0.388165
-0.012421
-0.073885
-0.486190
0.558519
-0.684011
-0.590320
-0.331767
-0.453597
0.734977
-0.611805
0.080538
-0.991577
0.801508
0.518723
-0.872372
-0.047578
0.554186
0.329325
-0.641591
0.577136
-0.561815
0.860775
0.000641
0.540269
0.485336
-0.867977
0.058321
-0.336650
0.307657
0.754936
0.147923
-0.907407
0.718925
0.317850
0.860286
0.918394
0.820673
0.968444
0.815119
-0.384869
-0.131748
0.350261
0.363018
-0.076632
-0.235389
0.511338
0.621937
-0.800287
0.718863
-0.162633
-0.230262
0.277139
0.169286
0.700430
-0.981017
0.604236
0.082247
-0.268410
-0.684500
-0.449507
-0.194739
-0.897641
0.243751
-0.372662
-0.625904
0.210242
-0.247841
0.863582
-0.562853
0.168920
0.417768
-0.623096
0.657704
0.046724
-0.878048
0.727531
0.633534
0.448286
-0.791498
0.668630
0.576769
0.188574
0.206458
0.556749
-0.598071
-0.408063
0.355876
-0.233802
0.987121
0.923215
-0.971679
0.044893
0.352886
