0.583666
-0.700491
-0.570849
0.993835
-0.754265
-0.769829
-0.060213
0.383404
-0.036531
0.857051
0.302469
-0.877316
-0.096469
0.085116
0.502365
-0.643544
0.404706
-0.225929
0.962279
0.103000
0.837519
0.008393
0.477218
0.978271
-0.111423
0.594226
0.527940
0.024689
0.148045
0.971313
0.766839
-0.460372
0.861263
-0.032685
-0.861873
0.800165
-0.634327
0.110141
-0.542222
0.987060
0.434858
-0.530503
-0.609058
-0.194250
-0.469955
-0.110691
0.143284
0.321451
-0.113498
-0.545274
-0.128269
0.732109
-0.786126
0.326456
0.199622
-0.666982
-0.888424
-0.243629
0.960570
-0.797906
0.375652
0.546739
-0.525681
0.118931
0.336467
0.216407
-0.596667
0.853877
-0.082492
-0.977233
-0.879757
0.606311
-0.822871
0.573840
0.287210
-0.295511
-0.235939
0.249733
0.058382
0.969970
-0.766900
0.153783
0.887570
-0.508591
0.630238
-0.225684
0.359600
-0.972594
-0.939879
-0.471969
0.743828
-0.201025
-0.452498
0.609790
-0.592090
0.699026
-0.984802
0.829707
0.933958
-0.220923
0.111606
-0.167943
0.374371
0.859249
0.924924
0.218116
0.635975
-0.250954
-0.147252
-0.501938
0.534593
-0.727775
0.957152
0.959777
0.315775
0.150304
-0.683645
0.924680
0.246498
-0.434370
-0.978271
-0.362163
0.653981
0.369243
0.776116
-0.239601
-0.353069
-0.298257
0.373272
0.966369
0.501572
-0.605762
0.124851
0.334513
-0.181677
-0.888180
-0.637684
-0.631092
0.112094
0.172033
-0.554247
-0.902707
-0.308206
0.860347
0.294656
-0.643849
-0.572558
0.037873
-0.815912
-0.179418
0.769829
0.732475
-0.488266
-0.300638
0.010773
0.591235
-0.038057
-0.001373
-0.784722
-0.335978
-0.626942
0.350871
0.648732
-0.023225
-0.985412
-0.861751
0.571581
-0.149876
-0.990417
-0.178930
0.901425
-0.890683
-0.857051
-0.024384
-0.842158
0.896420
0.508286
-0.546007
0.166295
-0.824213
0.172155
-0.763237
-0.952452
0.201575
-0.238868
0.770806
0.789850
-0.932676
0.259743
0.752739
0.737724
0.266213
0.761589
-0.842280
0.877621
0.181188
0.533982
-0.897214
0.516831
0.004975
-0.505356
-0.884274
0.532884
0.596179
-0.406110
-0.214698
0.000824
0.931211
-0.438215
-0.599475
0.095859
0.023652
0.997314
-0.310953
0.381512
-0.617542
-0.576830
0.254311
-0.613880
-0.183081
-0.490768
0.187414
0.179479
-0.879147
-0.099704
-0.041108
0.743400
0.975219
-0.358074
-0.799860
0.058138
-0.628956
0.445723
-0.511582
-0.008759
0.544542
-0.751335
0.759453
-0.971984
-0.430891
-0.402936
0.232582
0.873348
0.786065
0.271645
-0.100192
-0.567309
-0.411786
-0.406232
-0.614917
-0.837214
-0.267067
0.438398
-0.972533
-0.358684
0.220374
-0.592090
0.167699
-0.900998
-0.556993
0.971435
-0.548936
-0.098727
0.174841
-0.248756
0.246559
-0.260964
-0.340251
0.809809
-0.381268
-0.162328
-0.868587
0.089999
0.821406
0.457259
0.968505
-0.523240
0.684378
0.369182
0.817621
-0.773064
-0.614124
-0.383953
-0.054659
-0.675039
0.903806
-0.867306
-0.097262
0.963500
0.010468
-0.469405
-0.435835
-0.859798
-0.344401
0.662770
0.155126
-0.028291
0.158055
0.077670
0.174047
0.574145
-0.956481
0.357097
0.293191
0.777825
0.392010
0.715812
-0.928404
0.179113
0.469344
-0.991272
0.320536
0.739372
-0.957579
0.984313
0.188635
-0.988769
0.745903
-0.132603
0.898679
0.847407
0.389813
0.537400
-0.473128
-0.184301
0.079257
-0.596545
-0.518418
0.837580
0.454146
-0.605457
-0.187963
0.118198
0.481307
0.711173
0.875179
-0.177648
-0.385846
-0.548204
0.887631
-0.964293
-0.199683
0.388348
-0.744865
0.025178
0.795831
0.026643
0.669729
-0.814386
-0.997620
0.017670
0.508286
0.147740
-0.788507
0.314554
0.317545
0.543748
-0.233070
-0.129002
0.364483
-0.481002
-0.994751
-0.685965
-0.072054
-0.491562
0.916440
0.934263
0.404645
-0.406476
-0.715079
0.773003
0.079257
-0.388531
-0.515305
-0.562548
-0.295022
-0.458052
0.593310
-0.280496
0.308451
0.594714
-0.581164
-0.671926
0.597827
-0.749321
0.963378
0.592578
-0.522019
-0.123997
-0.175146
0.184362
-0.803583
-0.450606
-0.367107
-0.123936
-0.187780
-0.244911
-0.209204
-0.986999
-0.105747
-0.749443
0.651479
0.488266
0.860836
-0.095859
0.606983
0.331584
-0.726676
0.746879
0.066622
0.188635
-0.746513
-0.268715
-0.915586
-0.213416
0.272073
-0.958556
0.837092
0.960753
0.970702
-0.754814
0.022370
-0.535813
-0.174352
0.705679
0.788934
-0.653005
0.744804
-0.515061
-0.280618
0.336589
-0.892819
-0.205115
-0.845943
-0.057588
-0.519028
0.267983
0.261818
0.293802
-0.560167
0.666982
0.384869
0.809198
-0.680166
0.044527
0.599719
0.349773
0.976684
-0.325297
-0.145665
-0.226295
-0.528184
-0.540330
-0.704276
-0.028657
0.062899
0.776238
0.915647
0.462935
-0.525132
-0.023957
-0.098727
-0.505478
0.164281
-0.369915
-0.524155
-0.506516
0.743339
-0.519517
-0.270241
-0.401776
0.266091
0.714347
0.122288
-0.828608
0.970153
-0.604602
0.329814
0.428449
-0.262246
-0.454939
-0.770562
0.969909
-0.089450
-0.647938
0.641713
-0.346355
0.931700
0.450423
-0.525315
0.174108
-0.236549
-0.232093
0.807733
-0.645680
-0.981384
-0.901120
-0.333842
-0.336650
-0.293069
0.435224
0.714530
-0.892148
-0.696829
0.538987
0.975829
-0.773675
0.511643
0.876156
0.062593
-0.723930
0.464095
-0.707144
0.848506
0.182897
-0.556139
0.136448
-0.597583
0.893124
-0.995239
-0.061556
0.281777
0.498276
-0.457930
0.007538
0.054720
-0.590258
-0.087741
0.055757
-0.687063
0.892026
-0.086520
0.507309
0.730155
-0.056185
0.631703
-0.595935
0.641285
0.807611
0.026765
-0.677541
0.643239
-0.449873
-0.171484
-0.860042
0.976318
-0.164586
0.687551
0.594287
0.808527
-0.494064
-0.919370
-0.498337
-0.719901
0.434065
0.248024
-0.963256
0.031526
-0.911374
0.903256
0.554918
-0.220618
0.118442
0.517930
0.178625
0.800836
-0.888241
0.794733
0.635670
-0.383282
-0.600513
0.361919
-0.601306
-0.817743
-0.098788
0.172277
0.996338
0.248756
-0.408918
0.165136
-0.943541
0.766717
0.007721
0.885067
-0.506394
-0.858760
-0.700430
-0.826533
0.338237
0.120212
-0.811090
0.964171
-0.755547
-0.122044
0.829157
-0.436201
0.752312
-0.051607
0.773370
0.252663
-0.969420
-0.598621
-0.994385
0.278726
-0.568590
-0.955382
0.193823
0.123325
0.510727
0.813593
-0.218421
0.653615
0.842219
0.184057
0.312418
0.657155
0.817743
-0.820185
-0.601489
-0.692740
0.271279
-0.390423
-0.145482
0.361431
-0.405255
-0.064425
0.323405
0.098483
-0.480270
-0.734733
-0.243873
-0.677297
-0.628285
-0.983520
0.932920
-0.713248
0.785882
0.076144
0.771905
0.300150
0.039216
0.140294
-0.066378
-0.895444
0.219520
-0.350078
0.583728
0.297342
0.129124
0.877804
-0.109714
0.693838
0.388104
-0.947142
-0.235267
-0.578234
-0.999023
-0.937742
0.223670
-0.072726
0.545396
0.244667
0.270241
0.562243
0.553209
0.413373
-0.896847
-0.289712
0.186560
-0.473067
-0.694876
-0.214393
0.575365
-0.591723
0.363994
-0.822260
-0.434736
-0.887143
0.039033
0.239967
0.683889
0.065645
0.701041
-0.487716
-0.816950
0.515488
0.277383
0.414106
0.012848
0.989319
0.064364
0.312845
-0.787774
0.010346
-0.451094
-0.879025
-0.981445
-0.880978
-0.400128
0.131138
0.755303
0.882015
0.411481
-0.717338
-0.684927
-0.321940
-0.200781
-0.570788
-0.821589
0.595447
0.174902
-0.500351
0.519883
0.941038
-0.975768
0.658010
0.878842
0.866451
0.722098
0.908750
0.509201
0.338298
-0.748283
-0.064730
0.193091
0.814447
0.907834
-0.037385
-0.364299
0.808222
-0.030244
0.719535
0.529405
-0.760186
-0.060091
-0.088046
0.666250
0.423017
-0.028230
-0.206397
-0.762139
-0.663991
-0.015107
-0.556810
0.227210
-0.636280
-0.337138
-0.049104
-0.504440
0.093600
0.703543
0.553148
0.608203
0.249794
0.915586
0.617664
0.877255
-0.769036
0.425886
0.346904
-0.422163
0.612964
-0.807978
-0.775750
0.309427
0.412641
-0.677847
0.831904
0.575732
-0.063204
-0.126194
-0.359600
-0.016755
-0.419294
-0.315592
0.064547
0.471725
-0.000824
0.162938
0.577441
-0.517136
-0.901791
0.369060
0.761834
0.268777
-0.317850
0.763054
-0.862362
0.026948
0.670827
-0.528184
-0.087497
0.380535
0.281411
-0.223365
-0.628712
-0.273476
0.957640
-0.902768
0.975219
-0.797906
0.089022
0.458846
-0.439863
-0.222022
0.106845
-0.742912
0.156957
-0.504807
-0.736869
0.866024
0.761223
-0.798090
0.168981
-0.600024
0.930540
0.071566
-0.428266
0.542222
-0.192663
0.430525
-0.934202
0.899106
0.561754
0.427351
-0.793939
0.345866
-0.912412
0.898129
0.814264
0.084323
-0.669485
-0.955809
0.505722
0.477706
-0.081027
-0.640736
0.765740
-0.987976
-0.780450
-0.238014
0.589953
0.559801
-0.439985
-0.055208
-0.393048
-0.695975
0.759636
-0.094150
-0.765618
0.889767
0.214881
-0.822748
-0.499924
0.176366
-0.475143
0.760063
-0.867306
-0.935850
0.051546
0.846797
0.039766
0.966063
0.492538
0.854305
-0.287210
0.750175
0.084750
-0.523850
-0.817804
-0.465682
0.774590
0.937376
-0.672964
0.765191
0.746025
-0.665822
0.345683
0.619190
0.292947
-0.336955
0.418683
0.001312
-0.608570
0.908444
-0.232948
-0.836604
0.440474
-0.928526
-0.609607
0.134434
-0.595019
0.871517
-0.207801
0.343181
-0.301248
0.687857
0.459944
-0.034333
0.204627
0.799921
-0.614673
0.098910
-0.405316
0.828547
0.957091
-0.517014
0.657399
0.570299
0.311747
-0.664846
0.743217
0.236915
-0.538621
-0.480209
0.314920
0.344279
-0.929197
0.265114
0.968139
0.373211
-0.539659
0.242531
-0.691275
-0.440779
0.482284
0.684194
0.204749
0.021027
-0.107700
-0.963744
-0.044893
0.070833
0.620594
0.574206
-0.665090
0.954344
0.376202
-0.784845
-0.814753
0.439314
-0.824396
-0.228309
0.590747
0.439314
0.273537
0.805597
0.062105
0.370525
-0.720023
-0.967956
-0.485885
0.548021
0.523118
0.702261
0.184851
0.573656
0.043550
-0.588855
0.904538
-0.864864
-0.609241
0.415571
-0.601856
0.611255
-0.986084
-0.524827
0.744804
-0.601672
0.973266
0.832026
0.910642
0.658254
0.612781
0.134068
0.790033
-0.577258
-0.322977
-0.435774
0.735527
-0.384869
0.191137
0.217322
-0.584155
0.283609
0.157201
-0.144139
0.644581
0.460067
-0.606555
-0.069002
-0.784661
-0.381024
-0.439192
-0.509140
-0.903684
0.820734
0.634754
-0.980346
-0.754875
0.969237
0.302774
0.170019
-0.671316
-0.592883
0.598682
0.945616
-0.730766
-0.276650
0.068148
0.339885
-0.618152
-0.050142
-0.388897
-0.013092
-0.225684
0.059175
0.818293
-0.232582
-0.750603
-0.218970
0.659230
0.290933
-0.976196
-0.642994
-0.099704
0.469466
-0.727226
0.868282
-0.089328
0.403302
-0.986145
-0.652821
0.082369
-0.439680
0.551805
0.681509
0.158116
-0.987732
0.488205
-0.602771
-0.492965
0.395734
0.667653
0.957091
-0.964110
0.944578
-0.213233
-0.083163
-0.821223
-0.668386
-0.602588
-0.827204
-0.740349
-0.738151
-0.715323
0.204443
0.209754
-0.907590
0.058321
0.598437
-0.934385
-0.711966
-0.118748
-0.249428
-0.190405
0.622669
0.153111
0.680898
0.817988
0.441084
-0.765191
-0.745720
0.440229
0.023164
-0.163427
0.879635
0.440779
-0.639271
0.841365
0.472823
0.780938
-0.439863
0.215552
0.379803
0.917478
0.364422
0.192541
-0.697806
0.856746
0.684378
-0.902158
0.898923
0.510056
0.886166
-0.935850
0.777947
0.368145
-0.795770
0.305033
-0.855220
0.878170
-0.805536
-0.948607
-0.684927
-0.435652
-0.424909
-0.735771
-0.000702
0.558763
-0.185034
-0.343303
0.201270
0.976806
-0.249001
0.364177
-0.618213
0.500534
-0.747734
0.961791
-0.856624
0.812555
-0.231239
0.205908
0.919553
0.212317
0.864559
0.049532
-0.387432
-0.558763
-0.027558
-0.645131
0.151585
-0.333903
0.187963
-0.655751
0.806146
-0.932005
0.397076
0.724418
0.713065
0.796381
0.236854
0.275246
-0.935789
-0.269265
0.244484
-0.496811
0.311197
0.972411
0.335795
0.759331
0.940611
-0.822504
-0.009552
-0.897519
-0.153050
0.058260
0.931578
-0.717643
0.375835
0.577136
-0.831111
-0.412702
-0.210059
0.731559
0.322855
-0.389996
0.744987
-0.070284
-0.513108
0.334025
-0.478256
0.512497
0.873531
-0.502487
0.931028
0.913999
-0.815363
-0.738945
-0.658742
-0.114658
0.253151
-0.884335
0.789605
-0.309915
-0.896847
-0.601611
0.601611
0.394757
0.763115
0.600085
-0.923276
-0.327494
0.012543
0.120029
0.583666
-0.637928
-0.351970
-0.226905
-0.972900
-0.398602
-0.346232
0.898434
-0.284829
0.033418
0.252541
-0.652516
0.932859
-0.929319
0.687429
0.572619
0.433149
0.165685
-0.027741
-0.926267
0.613575
-0.727836
0.653737
0.901547
-0.864864
-0.679373
-0.467574
-0.224647
-0.068758
0.681753
0.786248
-0.766900
0.083712
0.401227
0.313761
-0.494980
0.465316
0.942930
0.406598
0.136509
0.997131
-0.415143
0.898190
0.882504
-0.944090
-0.153905
0.923460
-0.655568
-0.050569
0.510849
0.241127
-0.259865
-0.897763
-0.402631
0.002167
-0.024689
-0.925230
0.212195
0.877071
-0.160558
-0.081271
0.470626
-0.949095
-0.819025
-0.834590
-0.673940
-0.398724
-0.784173
0.059786
-0.068026
0.542405
-0.627613
-0.690664
0.008820
0.760186
-0.170568
-0.074374
-0.166540
0.249489
0.343486
-0.117649
-0.635670
0.187841
0.816340
0.391644
-0.026582
-0.259743
0.350383
-0.006256
-0.627857
0.189184
-0.511826
0.671377
0.707938
-0.190222
0.997986
0.362407
0.254677
-0.008209
0.188208
0.029878
-0.759636
0.847102
-0.358135
0.674123
0.883663
-0.203711
-0.418317
0.800714
-0.031465
-0.864132
-0.749748
0.769158
0.702872
0.684744
0.820307
0.600085
-0.440229
0.224525
-0.116977
0.383404
0.112339
0.488327
0.599048
0.399152
-0.783929
0.701590
-0.105136
0.019257
0.147557
-0.990661
0.966369
0.317484
0.739494
-0.435591
-0.991394
-0.249367
-0.253578
0.768548
0.430708
-0.595691
0.875179
-0.769280
-0.853145
0.358989
-0.540391
0.765679
-0.396039
0.059114
0.043794
-0.831538
0.764397
0.797235
-0.302713
-0.294412
0.990356
0.085482
0.169164
-0.154637
0.218360
0.784906
0.816034
-0.053865
0.636341
-0.297464
-0.946287
-0.670644
0.741386
0.907346
0.943419
0.975890
-0.335978
0.160924
0.231971
0.193884
0.710318
0.289529
-0.817255
0.233924
0.907407
-0.612598
0.896603
-0.547227
-0.702078
0.348796
-0.395001
-0.766289
-0.347575
0.698172
-0.986938
-0.486129
0.058809
0.891598
-0.590258
0.847163
0.171422
0.723685
0.254616
-0.495468
-0.267800
-0.223792
-0.617176
-0.739799
-0.049593
0.881161
-0.930906
-0.255837
0.457442
-0.225135
0.999207
0.073214
0.344096
-0.683218
-0.788263
-0.348552
-0.991882
0.497177
-0.087436
-0.793451
0.875729
-0.144871
0.985839
-0.534715
0.846553
0.445967
-0.081027
0.748894
0.200537
0.922544
0.529710
0.490036
0.003388
-0.355449
-0.199316
-0.296976
0.377056
0.316874
-0.395734
-0.808954
-0.996216
0.003143
0.924863
0.567064
0.262062
-0.354778
0.976562
-0.777459
-0.401105
0.292520
0.863338
0.611072
0.888302
-0.158361
0.331523
-0.816034
-0.434004
-0.151219
0.434248
0.699759
-0.252358
-0.828730
-0.818171
-0.352947
-0.570177
-0.639576
-0.163244
-0.344707
-0.674490
-0.983093
-0.891354
0.463729
-0.658010
-0.599048
0.822687
0.892331
0.469832
-0.012238
-0.878719
0.199255
0.690542
-0.380169
-0.719108
-0.697867
0.643361
-0.523911
-0.776666
0.216529
0.415754
0.356975
-0.413617
-0.125950
0.063936
0.570360
-0.017243
-0.518357
-0.905271
-0.764885
0.695669
0.119419
-0.201636
-0.043611
0.076754
0.241310
-0.259072
-0.456099
-0.663930
-0.262551
0.465682
0.285989
0.584643
-0.614002
0.851558
-0.080294
0.667348
0.873348
0.265786
-0.765435
0.247597
-0.807733
0.697684
0.632496
0.308267
0.328288
-0.558214
-0.873959
-0.651662
-0.757988
-0.955321
-0.916807
-0.927305
0.701529
0.558519
0.063265
-0.587024
0.266945
-0.666372
-0.003265
0.124485
-0.575976
-0.804193
-0.835566
0.082369
-0.492477
-0.212989
-0.628712
-0.730583
0.613208
-0.855220
0.758782
0.813227
-0.750175
0.987121
-0.474288
-0.415265
-0.827082
-0.052461
-0.858821
0.788995
0.470504
0.833857
0.025605
-0.984741
0.426374
0.485275
-0.688528
-0.206519
0.247475
0.842586
0.757073
0.317667
0.304117
-0.774041
-0.888791
0.206763
-0.595019
-0.128513
-0.938597
0.717032
0.189550
0.451582
-0.068575
0.048982
0.146153
0.817621
-0.266030
0.329814
0.906858
0.952940
0.167211
0.957762
0.308695
0.863277
0.417463
-0.082980
-0.154759
-0.882199
0.773064
-0.411176
-0.655507
0.085055
-0.464949
0.661794
0.401166
-0.842402
