0.300089
0.939024
-0.974181
0.913327
-0.670644
-0.721305
0.539964
0.322367
-0.661489
0.953185
-0.779229
0.780633
0.879086
-0.348857
0.928587
0.927488
0.023041
0.082064
0.602832
-0.257912
-0.079928
0.420148
0.403363
-0.955199
-0.972411
-0.684500
0.804376
0.352214
-0.498825
0.449141
-0.579455
-0.895566
-0.807306
-0.710074
0.767632
-0.539476
-0.098666
0.327799
0.879147
-0.498459
0.499374
0.827570
-0.872555
-0.372967
-0.828181
0.683340
0.882199
-0.426984
0.176122
-0.274514
-0.155858
-0.340251
-0.716788
-0.553148
0.118137
0.823847
0.930357
-0.205298
-0.913877
0.248451
0.580432
0.341838
-0.856136
0.403790
0.851619
0.149266
-0.636830
0.309671
0.977905
-0.367351
-0.857540
0.834101
0.165441
0.745170
0.908628
0.838374
0.404889
0.789178
-0.069002
-0.016266
-0.696219
0.169469
0.312601
-0.990661
0.500961
-0.599475
-0.781732
-0.703726
0.225135
-0.320414
0.404828
0.528977
-0.438887
0.339457
-0.820856
0.266335
0.984985
-0.507981
-0.612781
0.236549
0.731376
-0.823908
-0.118686
-0.834101
-0.444136
-0.678457
-0.783074
0.956236
-0.546373
-0.157750
0.954405
0.021455
0.898129
-0.829585
-0.760979
0.598071
0.161473
0.545213
-0.813288
-0.160253
-0.720267
0.367168
-0.930723
-0.489914
0.225013
-0.067904
0.363689
0.085238
-0.152989
0.855892
0.727042
0.079501
-0.853328
-0.496323
-0.040620
0.405988
-0.555345
0.735160
0.017975
-0.629872
-0.993835
0.278665
-0.855708
0.610462
0.686209
0.047212
-0.832942
-0.704520
0.155919
-0.292398
0.043489
0.894162
-0.725761
0.816950
0.701285
0.827143
0.166356
0.836970
0.243995
0.316019
0.571032
-0.371197
0.582263
0.739494
0.021210
-0.276772
0.552904
-0.474715
-0.581896
0.726554
0.589404
0.037873
0.283425
0.635121
0.005097
-0.518174
-0.792474
-0.318949
-0.047456
0.033845
0.187963
0.276894
0.121006
-0.038179
0.201514
-0.449263
0.234718
0.177892
0.791803
-0.666128
-0.292825
0.476852
-0.897275
-0.390362
-0.534959
-0.820185
0.964782
-0.494919
-0.849300
0.557604
-0.124668
0.598987
-0.478439
-0.899045
-0.563097
-0.141942
-0.646352
0.452132
-0.185705
-0.807123
0.763970
-0.192358
-0.226356
0.204627
0.064364
-0.392193
0.866512
0.653188
-0.083651
-0.677480
-0.679373
0.317118
0.848506
-0.851924
0.200598
-0.112766
-0.799738
0.426435
-0.890378
-0.917722
-0.445967
0.792291
0.027558
-0.781915
0.717399
-0.490280
0.753655
0.685659
-0.680593
0.865963
0.670949
0.558214
0.082247
-0.325907
0.241615
0.005097
-0.778924
-0.540513
0.887020
-0.228858
-0.694876
0.083834
0.784722
-0.964537
-0.168493
-0.027009
-0.564745
-0.090243
0.925047
-0.432417
0.561022
-0.749809
-0.123325
-0.191565
-0.101169
-0.987732
-0.607898
0.469955
-0.548997
0.265603
0.344279
0.153294
0.754509
-0.623402
-0.299112
0.752800
0.732963
0.754936
-0.308817
0.206885
0.693167
0.114231
-0.182409
0.278359
0.028047
-0.387799
-0.038301
0.213355
-0.809931
-0.818110
-0.911008
0.819758
-0.504135
-0.633290
0.544908
-0.593066
0.325541
-0.027802
0.073641
0.898190
-0.720450
-0.153417
-0.817499
0.551073
-0.145482
0.102573
0.725822
0.225867
0.201331
-0.008087
0.227210
-0.397687
-0.472396
0.454268
0.003204
0.059969
-0.292459
0.525193
0.149815
-0.031648
0.660939
0.461653
-0.545518
0.199927
-0.935789
-0.647755
0.297403
-0.321879
0.956664
-0.348979
0.602222
-0.226661
-0.197668
-0.760430
0.901181
-0.641469
0.573168
-0.570116
-0.424482
-0.662099
-0.587207
0.221717
0.334147
0.460860
-0.554369
-0.874203
0.993164
-0.767144
0.292398
0.866634
-0.381146
-0.262551
-0.144017
0.275674
-0.903867
0.180273
-0.061495
-0.310282
0.185583
-0.031709
-0.863948
-0.835505
0.130711
0.137059
0.394757
0.818171
0.879574
0.937559
0.324870
-0.385052
-0.019074
-0.603870
0.946104
-0.095492
0.219459
0.659902
-0.685171
0.025849
-0.948424
-0.061617
0.064364
0.286111
-0.095431
0.857479
-0.403912
-0.441755
0.401227
-0.966247
0.603504
-0.575488
-0.426923
-0.468856
-0.509934
-0.809076
-0.875546
0.442427
0.244789
-0.481796
0.477584
0.712333
0.426984
0.476608
0.985534
-0.229835
-0.807855
0.468307
0.403241
-0.860714
0.815424
-0.377667
0.300150
0.311869
-0.882382
-0.983581
-0.194800
0.283792
-0.485397
-0.780755
-0.930723
0.161290
-0.643422
0.164586
0.136265
-0.697195
0.752800
-0.029084
-0.638661
-0.191565
0.352947
0.838496
0.695730
-0.830195
0.648366
-0.603809
0.020539
-0.107944
0.354717
-0.893612
-0.282022
-0.098422
0.439985
-0.088412
-0.591357
0.551073
-0.641041
-0.178014
0.630970
0.034700
0.057283
-0.888424
0.112705
-0.973815
0.307657
0.080294
-0.136143
0.352031
0.940611
-0.692312
-0.068331
-0.488327
-0.467757
0.839900
0.350810
-0.140782
0.111667
-0.682485
-0.471541
-0.743522
0.449812
0.358013
-0.691275
0.011689
-0.506211
0.503830
-0.583544
0.916257
0.507675
-0.226905
-0.294534
-0.809381
0.482406
-0.936460
0.750298
-0.845576
-0.621021
-0.095431
-0.942930
-0.570116
-0.412275
0.567064
-0.761834
0.771355
0.408185
0.145970
-0.083895
0.551805
0.391278
0.747002
-0.283670
-0.579455
-0.693899
-0.850337
-0.938597
-0.402936
0.094577
0.537400
0.089816
-0.269997
0.095309
-0.394330
0.864193
-0.105258
0.860836
-0.637257
-0.063265
0.134312
0.305521
0.099338
0.329875
-0.804804
-0.250465
0.677236
0.996338
-0.889340
-0.581286
-0.057161
0.821711
-0.556200
0.964293
-0.246559
-0.197851
0.003937
-0.098849
-0.246010
-0.539232
-0.152318
-0.087863
-0.278237
-0.585681
-0.622181
-0.533738
0.955992
-0.794794
-0.647511
0.075716
-0.140721
-0.695730
-0.383343
0.634632
-0.976989
0.608325
-0.630848
0.231117
0.128819
0.233924
-0.223060
0.271157
-0.021088
0.868831
0.750053
0.120151
-0.031831
-0.608081
0.688711
-0.320780
0.310160
-0.125401
-0.984191
0.469893
-0.671072
0.525071
0.307352
-0.222694
0.130833
0.139317
-0.167943
-0.403302
-0.034272
0.220923
-0.050386
0.816156
-0.968688
0.643361
-0.071871
0.010041
0.782830
0.666738
0.907895
0.709159
0.936399
0.746879
0.451094
0.193518
-0.592334
0.206030
0.192114
-0.699576
-0.853999
-0.012665
-0.340007
-0.870052
-0.409345
0.871517
0.216590
0.172216
0.671743
0.057344
0.297647
0.236061
-0.108432
-0.832148
-0.355449
-0.805048
0.909848
-0.255531
-0.928526
-0.708487
-0.054903
-0.707633
-0.487045
-0.027131
0.861934
-0.061007
-0.368999
0.316568
0.360942
0.767937
0.398114
-0.682974
-0.732231
-0.108188
-0.309427
-0.852535
-0.237526
-0.674551
-0.897214
-0.699515
0.331950
0.722343
-0.601062
0.936460
0.076327
-0.962951
0.922666
0.234657
0.575243
0.176061
0.149327
0.971557
0.070956
-0.301248
0.629322
-0.666921
-0.720145
0.632618
-0.642628
0.747185
-0.854060
-0.536851
-0.682730
0.297891
-0.152379
0.363323
0.402264
-0.715690
-0.628773
0.722465
0.243568
-0.513474
0.963683
0.039399
-0.909177
-0.518418
-0.224219
-0.758965
0.559740
0.107517
0.010590
0.489364
0.007843
-0.967895
0.886898
0.538682
0.938414
-0.334696
0.732658
-0.293008
-0.507981
-0.699271
-0.480758
-0.477279
-0.243202
0.655934
-0.850215
-0.890683
-0.501450
-0.162816
-0.186071
-0.628468
0.675527
0.512009
-0.278481
-0.090365
-0.366802
0.850337
0.527573
-0.332926
-0.605884
0.894711
-0.238807
-0.451888
0.555712
-0.510056
0.571215
-0.222633
-0.496567
-0.342448
0.100009
0.354228
-0.517930
-0.295755
0.799554
-0.509995
0.586352
0.001556
0.000885
0.149937
-0.384259
-0.013703
-0.346416
0.894406
0.569994
-0.292276
0.322916
-0.915159
-0.103122
-0.877377
-0.568285
-0.485336
0.326823
0.104892
0.935118
0.528611
0.764153
0.203528
0.864620
0.692862
-0.824580
-0.189734
-0.591540
0.078524
-0.254250
0.497421
-0.200842
-0.778924
0.738029
0.546190
-0.209876
-0.182470
0.204749
-0.275735
0.601550
0.225013
0.779351
-0.729362
-0.952391
-0.177953
0.607715
-0.350444
-0.849116
-0.703787
0.321146
-0.363445
-0.797418
0.919675
0.666799
-0.700430
-0.929807
-0.124729
0.737236
0.436445
-0.865047
0.696890
0.900998
-0.967956
-0.830805
-0.115696
-0.793634
-0.701956
0.469161
0.757317
-0.929868
-0.143712
-0.447188
-0.389996
-0.936155
-0.370159
0.737907
-0.771111
0.610340
0.003449
0.559679
0.836421
0.402936
0.815973
0.796625
0.522446
-0.640126
0.747063
0.053926
-0.772454
0.926511
-0.338420
0.487167
0.338664
0.536729
-0.527085
0.708792
-0.039338
-0.031220
-0.911435
0.552049
-0.073397
-0.035920
0.000092
0.550951
0.608448
-0.753716
0.080477
0.798578
-0.408918
-0.360576
0.150487
-0.502792
-0.727714
-0.339457
0.877865
0.512619
-0.549242
-0.997864
0.569750
0.243873
-0.034944
-0.051546
-0.576342
-0.876949
-0.554247
-0.172704
-0.587268
0.055757
-0.756462
-0.615589
-0.941343
-0.884457
0.595569
-0.465072
0.585803
0.805414
0.091891
-0.788079
-0.533372
-0.803156
-0.493332
0.125645
0.473983
-0.737968
-0.946287
-0.755058
0.869625
-0.291543
0.130955
0.814753
-0.801935
-0.369243
0.615528
0.719718
-0.526841
0.291177
0.772576
-0.990539
0.793817
0.341533
0.839106
-0.604175
0.162084
-0.159154
-0.350505
-0.464827
0.856075
-0.911985
0.818232
0.908506
0.445235
0.462569
-0.113559
0.141697
0.169591
0.117222
-0.057100
0.369549
-0.348918
0.304605
-0.698355
-0.918699
-0.500961
-0.232154
-0.980651
0.219153
-0.626881
-0.197424
-0.614002
-0.617420
0.248268
0.259926
-0.509995
0.327494
-0.835200
0.803583
-0.925169
0.779717
0.866146
-0.266518
0.562792
0.346294
-0.514634
-0.311991
-0.046602
0.337382
-0.754265
0.537950
-0.985534
0.310099
-0.105258
0.783929
0.014313
-0.851924
0.716117
-0.229163
0.329386
-0.511643
0.498947
0.030793
0.665456
-0.691519
0.026337
0.067293
-0.045991
-0.513474
0.645619
0.207312
0.987793
-0.854122
-0.516404
-0.059481
-0.144139
-0.402081
0.868954
-0.946226
-0.756767
0.694876
0.523301
0.561693
0.655690
0.405072
0.085360
0.191809
-0.367473
-0.576220
0.529099
0.317972
-0.989135
-0.368694
0.038728
-0.088168
0.302774
0.211524
0.903684
-0.073824
0.247902
0.242653
0.995483
-0.603687
0.605396
-0.426191
0.388714
0.160375
0.245277
0.798822
0.690054
-0.800287
-0.395856
0.140049
-0.364666
-0.211341
0.566271
0.638783
0.520371
0.136204
-0.167333
-0.620472
-0.975524
-0.350017
0.841792
-0.185461
0.992859
0.944273
0.302347
0.578417
-0.263039
0.186865
0.403180
0.027863
0.418012
0.200293
0.760247
-0.549669
0.074129
0.628407
-0.834895
0.146641
0.855464
0.483077
-0.803278
0.691031
-0.972167
-0.689077
-0.241676
0.724174
-0.275246
0.787530
0.603504
-0.450911
-0.898862
-0.429975
0.912290
-0.732963
0.174352
-0.810968
0.981201
-0.041475
0.378277
0.824335
0.088290
0.336894
0.514512
-0.242775
0.597339
-0.313028
-0.155004
-0.680532
-0.637989
-0.098300
-0.915647
0.554857
0.494125
-0.571764
-0.040925
0.065096
0.556688
-0.062410
0.375225
0.878719
0.246254
-0.471358
0.470626
-0.556139
-0.374676
-0.719718
0.208716
-0.730216
-0.880734
0.992126
-0.507920
0.826228
-0.060518
0.726798
-0.973815
-0.918638
-0.425825
0.564623
-0.181005
-0.516831
0.895077
0.543809
0.908689
0.816095
0.281961
0.494858
0.499863
0.127232
0.598498
-0.716117
-0.500656
-0.294961
-0.625355
-0.023164
-0.343242
0.199805
0.696219
-0.626453
-0.466048
0.372539
-0.793634
-0.731864
-0.856014
-0.213965
-0.715751
0.817255
0.345561
-0.250526
-0.539232
-0.939268
0.926389
0.828913
-0.864254
-0.013153
0.807245
0.237831
-0.341594
-0.903562
-0.466597
-0.582080
0.833430
0.413984
0.088412
-0.875484
0.915098
0.903867
-0.004059
0.328410
-0.847285
0.467635
0.400494
0.245766
0.949156
-0.391156
-0.141820
-0.189367
0.694693
0.290323
0.345073
-0.099460
0.339702
-0.088412
0.909665
0.628712
0.768242
-0.850032
0.532579
-0.984741
0.034150
-0.499008
0.755608
-0.650197
-0.476241
-0.958739
-0.356975
-0.442366
0.106235
0.226417
-0.362835
-0.116977
-0.664724
0.537217
0.871456
-0.799493
-0.236366
-0.215003
-0.121311
-0.731437
-0.566393
0.890744
-0.377117
0.236305
-0.071322
-0.051668
0.324137
-0.282937
-0.210913
0.386334
0.458174
0.740776
-0.867733
-0.960814
0.674734
0.898007
0.244179
0.941588
-0.711356
-0.012848
0.499435
0.657765
0.245705
0.479293
0.896725
0.958556
0.822138
0.110385
-0.470687
0.658498
0.401593
0.916379
-0.267739
0.425581
-0.742424
0.020966
0.967040
0.376385
0.537523
0.490890
0.623035
0.268715
0.230995
-0.430952
0.988525
0.104038
0.611499
0.600024
-0.118137
-0.046663
0.010224
-0.041414
-0.041597
0.817499
-0.574328
-0.704520
0.732902
-0.241737
-0.059359
0.411420
0.438032
0.153539
0.283975
-0.927305
-0.866085
0.764458
0.140294
-0.918882
0.442976
0.635670
-0.270119
-0.943419
0.544664
-0.567797
0.445296
0.217383
-0.049165
0.151036
0.699332
-0.959044
0.636586
-0.022675
0.604968
-0.420209
0.659474
0.676870
0.049776
-0.927671
-0.670217
-0.664907
-0.272561
0.102023
0.994263
-0.743034
-0.311319
-0.381024
0.494736
-0.160558
0.974670
-0.194067
-0.093722
0.754875
0.893979
0.495346
0.835017
0.574816
-0.492172
-0.657521
0.680044
-0.301675
-0.116001
0.428571
0.020478
0.977111
-0.317118
-0.478866
-0.908750
-0.439863
0.638356
0.113010
0.069674
0.685842
-0.504501
-0.256630
0.652577
0.018281
0.967895
-0.000885
-0.017060
-0.354656
0.276711
-0.852901
0.381939
-0.279946
-0.165136
0.332438
-0.374920
0.456526
-0.362163
0.655934
0.149205
0.326518
-0.076205
-0.557176
0.858272
0.869076
-0.333781
0.656972
0.055208
0.691763
-0.538926
0.283303
-0.075289
-0.820734
0.370403
0.458907
0.629017
-0.450911
-0.714042
0.205298
-0.920408
0.239113
0.375103
0.618824
0.447554
0.737602
-0.829646
-0.932066
-0.526109
-0.099704
0.867061
0.693228
-0.355998
0.678579
-0.610523
0.386334
-0.712821
0.069552
0.789972
-0.141331
0.665029
0.102084
-0.458113
-0.988647
-0.889767
0.669607
-0.710013
0.554979
0.278848
0.023774
0.620106
-0.151341
0.578234
-0.259499
-0.589099
0.297647
0.833125
-0.028901
0.330607
0.911313
0.253151
-0.208716
-0.960326
-0.955382
0.595325
0.460067
-0.335612
-0.390851
0.756951
0.401593
-0.898679
0.408124
0.346965
0.565722
0.717215
-0.712027
-0.845943
-0.926817
-0.995178
0.419355
0.718802
0.679189
-0.240272
0.177465
0.710257
0.331584
-0.662160
0.289834
0.121128
0.173009
-0.441816
-0.365520
-0.853267
-0.922788
-0.187475
-0.759880
-0.584460
0.439192
0.944395
-0.976012
0.029695
0.187841
0.460372
-0.415632
0.839839
0.834712
-0.364055
-0.333659
0.896664
0.369121
0.704459
0.723746
0.015595
0.224097
-0.119236
-0.577929
0.517380
0.256935
-0.078036
-0.604114
-0.793390
-0.841731
-0.091586
0.571947
0.651357
0.768487
0.654775
-0.628101
-0.173925
0.446394
0.237648
0.105930
-0.819880
-0.295877
0.539293
0.870418
0.194800
-0.213233
-0.240516
0.258034
-0.556749
0.598865
-0.964721
0.221534
0.548753
0.791864
0.676504
-0.683584
-0.892575
-0.176244
0.741935
-0.218848
-0.702933
-0.195593
-0.751152
0.723624
0.576098
-0.062288
0.848140
0.094699
0.529832
-0.625294
-0.634999
-0.107578
-0.404401
-0.711112
0.822993
0.311563
0.775750
-0.013153
-0.638173
0.753716
-0.573595
-0.133580
-0.386700
-0.656117
-0.989929
0.035188
0.095187
0.520188
0.398236
-0.598315
-0.811274
0.305216
-0.087436
0.051241
0.259743
-0.313334
0.042451
-0.279824
-0.513108
0.625904
0.374920
-0.820185
0.959838
0.983764
-0.024323
-0.657033
0.608814
0.515793
-0.741142
-0.093966
-0.470565
0.381695
0.406964
0.338298
0.264016
-0.896176
0.404096
-0.660573
0.602649
-0.585314
-0.254372
-0.577197
0.466109
-0.887509
0.885617
0.901303
0.433760
-0.547655
-0.515366
-0.686331
-0.522202
0.745231
0.522019
0.879818
0.467879
-0.457625
-0.943602
0.795038
-0.993347
0.653493
0.633045
-0.921934
0.161168
-0.050752
-0.402631
0.243446
-0.823420
0.047945
0.047517
0.330180
-0.949156
-0.056246
-0.181738
0.381756
-0.409955
-0.111179
0.361187
0.419416
0.076022
-0.158238
0.649159
-0.021577
0.256020
0.794977
0.790338
0.555101
0.147496
-0.706595
-0.008820
0.775262
0.938963
0.457625
0.199438
0.099216
-0.031587
-0.177831
0.375713
-0.126560
0.396527
-0.695486
-0.430097
0.170019
-0.895566
-0.386273
0.596973
0.835749
-0.610706
0.414289
0.796808
-0.266945
0.304239
0.555345
0.595080
-0.962828
0.205542
-0.320109
-0.072848
-0.651234
