-0.745659
-0.108188
0.095004
-0.201880
0.773431
-0.473800
-0.566027
0.605335
-0.773309
-0.501572
-0.350871
-0.822565
-0.982543
0.123936
0.221168
0.792230
0.153844
0.855525
-0.641408
0.121555
-0.274087
0.103305
-0.210791
0.108371
0.527329
-0.379376
0.851802
-0.059847
0.383160
0.768792
0.951781
-0.066866
0.748344
0.973327
-0.557970
0.138768
0.137059
-0.315531
-0.007477
0.485885
0.947752
0.153661
0.510300
-0.730155
-0.755913
0.338969
-0.327067
-0.197363
0.056429
-0.748161
-0.862117
0.034700
-0.235328
0.058565
-0.510056
0.962767
0.125767
0.246864
0.989502
0.634693
-0.491501
0.172216
-0.816034
-0.434919
-0.102329
0.295572
0.445662
0.373089
-0.770074
0.424665
-0.503281
-0.544786
-0.374981
-0.728019
-0.013886
-0.493454
-0.927000
-0.358623
0.178869
0.701346
-0.857967
-0.443770
0.822016
-0.653371
0.267251
0.641957
-0.752129
-0.178869
-0.815302
0.073702
0.779168
0.611377
0.072481
-0.595508
-0.504013
0.258461
-0.039277
0.583728
-0.569506
0.026948
-0.025605
0.479720
0.247902
-0.890500
0.970092
0.219092
0.479415
-0.821039
-0.870113
0.654775
0.368450
0.100009
0.075289
0.275063
-0.608081
-0.385540
-0.937742
0.867489
0.520676
0.811090
-0.178198
-0.751946
0.279946
0.193030
-0.393292
0.370464
0.673574
0.156102
-0.991760
0.125278
0.033845
0.688711
0.105258
-0.855098
0.859737
0.107517
-0.493271
-0.076754
-0.294412
-0.358806
-0.147435
0.565111
-0.816584
-0.326945
0.333110
-0.522996
-0.858943
0.457869
-0.209143
0.311869
-0.921873
-0.877621
0.967284
-0.520432
0.863399
-0.235084
-0.544542
-0.462691
-0.185339
0.463729
-0.076327
0.770501
-0.794671
0.009186
-0.830073
0.278298
0.258583
0.170385
0.571581
0.875118
0.692434
0.309671
-0.508408
-0.879086
-0.121677
0.157323
0.205054
0.793634
-0.324564
-0.441145
-0.093356
-0.885678
-0.997070
-0.992370
0.363689
0.040132
-0.786370
-0.225257
0.775506
-0.065096
0.330058
-0.550645
0.402692
-0.068148
-0.792840
-0.298135
0.528306
0.300272
-0.316874
0.081759
0.313395
-0.872066
-0.219764
0.663442
0.109958
0.633351
0.019990
-0.648000
0.793207
-0.581469
-0.086520
0.662221
0.675649
-0.023530
0.690176
-0.218299
0.566271
-0.235817
-0.672781
0.732780
0.536058
-0.844539
-0.057222
0.443648
0.953673
0.584521
-0.385907
-0.457381
-0.647389
0.193640
0.684744
-0.312113
-0.306375
0.297464
0.621876
0.243934
-0.416913
-0.024201
-0.512253
0.118992
0.012055
0.108310
0.086093
-0.425031
-0.823481
0.162511
0.847102
-0.177953
0.942686
-0.951231
0.513291
-0.788202
-0.481185
-0.646107
0.688650
-0.160558
0.897336
-0.733940
-0.686636
-0.630238
0.627918
-0.496078
-0.872982
-0.102573
0.486312
-0.438093
0.182714
0.655263
-0.400922
0.584460
0.473678
0.382672
0.588794
-0.818354
-0.263161
0.166784
0.300455
-0.501022
0.493942
0.568651
-0.326884
-0.146702
-0.606677
-0.152989
0.318094
-0.752678
0.915647
-0.907468
0.366985
0.076571
0.504563
-0.915769
-0.848628
0.339030
-0.813532
0.681631
-0.722282
-0.338054
0.740532
-0.436201
-0.341655
0.457686
-0.518052
-0.870357
0.062899
0.519944
-0.278420
0.369732
0.751030
0.375225
0.963134
0.523850
-0.249733
-0.300272
-0.098483
-0.663747
-0.659413
0.115635
-0.715506
0.720939
0.308451
0.678640
0.700003
0.649464
-0.467025
-0.630787
-0.648305
-0.925901
-0.533128
0.900937
-0.114353
0.698721
-0.926145
0.156652
-0.670400
0.409528
0.786370
-0.432966
0.208838
0.178503
-0.955748
-0.257241
-0.100253
-0.747368
0.979369
-0.327433
-0.715690
0.439680
0.805597
-0.198889
0.768303
0.305094
0.480087
0.297342
0.724357
0.091159
0.195105
-0.172399
0.424116
-0.828913
-0.734855
-0.855586
0.520981
-0.148595
0.971252
0.804804
-0.853999
-0.666128
-0.076205
-0.670705
0.679556
-0.349773
-0.491134
-0.884213
-0.738762
-0.617542
-0.022126
0.418867
0.100986
-0.019868
0.744743
0.708487
0.652760
0.488266
-0.547411
-0.279641
0.714774
-0.502243
-0.627491
-0.490524
-0.482772
0.131260
-0.303446
-0.179235
0.861812
0.875912
0.288308
0.088229
0.373089
0.077120
-0.547777
0.375591
-0.072848
0.904599
0.285989
0.571032
-0.682302
0.603320
0.176183
0.147923
0.222938
0.842830
-0.997681
-0.194922
0.535997
0.975829
0.609363
-0.702322
0.121006
-0.979797
-0.887387
0.772820
0.057588
0.175817
0.597461
-0.079379
0.435957
-0.311319
-0.224403
0.255409
0.765130
-0.123936
0.161290
0.837214
0.057588
0.123508
-0.670888
0.747551
0.651601
-0.332499
-0.183081
0.631886
0.834346
-0.024567
-0.764885
0.620716
0.328593
0.535997
0.146153
0.942076
-0.294717
0.871944
-0.724723
0.537950
-0.216163
0.588488
0.616810
-0.002777
0.083712
0.268777
-0.003815
0.117466
0.389080
-0.970031
-0.347087
0.408002
0.489425
-0.448164
0.404462
0.847041
0.157994
0.390118
-0.044832
-0.794977
0.431745
0.388348
0.912351
-0.752434
0.253761
0.999207
-0.928770
0.128391
-0.457686
-0.671377
-0.467086
0.287820
0.747246
-0.284646
-0.784051
0.166295
-0.042024
0.657704
-0.674551
-0.952147
-0.375591
0.900876
0.341716
0.344340
-0.046541
-0.503403
-0.909482
0.633656
-0.955687
-0.351482
0.458724
0.764580
0.824213
-0.845759
-0.684317
0.340495
0.847224
-0.741386
-0.794549
-0.105564
-0.980773
0.728874
-0.629688
0.067843
-0.688406
0.965270
0.668935
0.106052
-0.475936
0.959471
-0.048555
0.982727
-0.837153
-0.087252
-0.545335
-0.534959
0.493271
0.327433
0.778619
0.434065
0.830744
-0.617359
0.007660
-0.230201
-0.866634
-0.591601
-0.460555
-0.883236
0.956908
-0.730216
-0.817866
0.840266
0.835932
-0.526658
0.084933
0.485946
0.153172
0.809259
0.062044
-0.942747
-0.440168
-0.659536
-0.125340
0.420454
0.009003
-0.447310
-0.968566
0.151524
-0.535264
0.476547
0.672170
-0.862606
-0.650380
0.594958
0.094760
0.242714
-0.206702
0.348613
0.490341
-0.643788
-0.256386
0.050752
0.447066
-0.871700
-0.995666
0.025605
0.786493
0.712516
0.260659
0.781121
-0.705679
-0.176916
0.155614
0.029817
0.908017
0.422163
-0.520371
0.369854
-0.075961
0.347636
-0.463668
0.438398
-0.212622
0.195410
0.746147
-0.649586
-0.974914
-0.232154
0.550584
-0.765007
0.887570
-0.598926
0.680471
-0.317911
-0.741569
0.483932
0.849422
0.911496
0.397504
0.480514
0.935484
-0.522996
-0.922849
0.769280
0.714164
-0.681021
0.677114
0.611377
-0.795892
-0.023835
-0.203040
-0.440413
0.689138
0.770318
0.952818
-0.377850
-0.522324
0.776421
-0.083590
-0.507859
0.464278
-0.609546
-0.737114
0.156163
-0.446883
-0.693106
0.687185
0.194555
-0.991821
0.719291
-0.347331
0.085238
-0.208716
0.555651
0.934507
-0.175939
-0.049165
-0.437971
0.619800
-0.825922
-0.875607
-0.954161
-0.872677
0.856441
0.216407
0.091708
0.809626
-0.005585
0.314310
-0.937071
0.698904
0.125095
-0.094028
0.200232
-0.039399
-0.911313
0.459700
-0.869320
0.616565
-0.889706
-0.569567
0.099887
-0.900510
0.384686
0.754387
0.738151
-0.797296
0.478133
-0.106479
-0.824641
-0.013337
0.858943
-0.505112
-0.684256
-0.795343
0.869320
0.724235
-0.915098
-0.188574
0.451216
0.338542
-0.537584
0.115146
-0.061373
0.559740
-0.888058
-0.862606
0.228614
-0.189184
0.421613
-0.257668
-0.356182
-0.621570
-0.233192
-0.902219
0.799310
0.063509
-0.191748
-0.969237
-0.215247
-0.117466
0.638112
-0.159337
0.976867
0.882504
-0.414777
0.131016
-0.207801
0.131016
0.494491
0.224281
0.694327
0.945433
0.289773
-0.279641
0.767266
-0.577868
-0.364055
0.762505
0.168004
0.329630
-0.489914
-0.427107
-0.229835
-0.573229
0.495773
-0.180090
-0.688162
0.269997
0.612232
0.380108
0.359600
0.570727
0.491623
-0.942747
-0.598560
0.166540
-0.283914
0.820978
-0.618641
-0.332255
-0.872555
0.126865
0.987793
-0.157567
0.922483
-0.117771
0.007904
0.802423
-0.655019
0.617664
0.061739
-0.948180
-0.210669
0.428999
-0.973083
-0.537278
-0.874752
-0.749260
0.467940
0.237587
-0.941343
0.024628
0.380963
-0.076632
-0.660024
0.324564
0.568712
0.538926
0.632618
-0.998535
0.955809
-0.122166
-0.146397
-0.589709
0.158361
-0.950377
-0.199561
-0.219031
0.620106
0.321879
-0.125645
0.297159
-0.372845
-0.674490
-0.285134
-0.556139
0.514328
0.686026
0.556078
-0.812372
-0.624744
-0.857540
0.118748
-0.449263
-0.410504
-0.781732
-0.150243
0.142918
-0.522874
-0.495956
0.321635
-0.787835
-0.603320
0.617298
-0.395001
-0.221900
-0.404828
0.899533
0.426130
-0.590808
-0.874203
0.914853
0.921751
-0.792352
-0.856075
0.811457
0.804743
0.563402
0.894772
-0.391217
-0.248329
-0.759575
-0.295572
0.473617
-0.173742
-0.642628
-0.711600
-0.954161
0.749870
0.825373
-0.312113
0.878964
-0.167577
0.805170
-0.852107
-0.945494
-0.623768
0.746513
-0.750175
0.037080
-0.635609
-0.427900
-0.390545
0.827815
0.247414
0.568468
-0.545518
-0.517502
-0.360576
0.545885
0.393414
0.055757
-0.262123
0.831538
-0.311747
0.032075
-0.722709
0.656056
0.343547
-0.691092
0.831782
0.497421
-0.675649
0.792779
-0.723136
-0.055147
0.215918
-0.329447
0.224525
-0.355998
-0.363384
-0.580065
0.242897
-0.112583
-0.281961
-0.380230
-0.325846
-0.588794
-0.036531
-0.375408
-0.137791
0.962096
0.797967
-0.835810
-0.396954
-0.804254
0.122166
-0.068270
0.630604
-0.529466
-0.817011
-0.777215
0.949644
-0.903012
-0.927305
-0.312418
-0.170751
-0.391644
0.169469
0.258827
-0.730644
-0.388165
-0.167882
0.317972
-0.248634
0.785272
0.661122
0.162450
-0.912839
0.580248
0.638295
-0.164220
0.178442
0.195288
-0.541673
-0.616260
0.498154
-0.619495
0.364055
0.598865
-0.892697
0.637379
-0.202429
-0.684744
0.019745
0.374676
0.181433
0.317789
-0.273598
-0.414777
0.139927
-0.074740
-0.306986
-0.396466
-0.524522
0.313822
-0.357707
-0.491745
-0.789544
0.639882
0.434248
0.732292
0.008576
-0.973388
0.356365
-0.558641
-0.712699
0.476669
-0.363506
0.245705
0.334330
0.772149
0.991272
-0.194617
-0.259560
-0.573229
-0.978698
-0.106601
0.461470
-0.249855
0.267678
0.477584
0.821162
-0.911740
0.740043
0.385235
0.768426
-0.697562
0.730705
0.111728
-0.299234
0.548631
-0.274392
0.336589
-0.833247
0.420392
-0.773675
0.708609
0.759880
-0.482467
0.293985
0.463607
0.515915
-0.497055
-0.371563
-0.563890
0.127354
0.710074
0.995788
-0.971374
0.286477
-0.635853
-0.185217
-0.300150
0.469466
-0.521104
-0.282449
0.535508
0.475021
-0.508652
0.893918
-0.536790
0.028840
0.697806
-0.965941
-0.325236
-0.232398
-0.447310
0.681692
0.817743
-0.086337
0.893796
-0.191015
0.519089
-0.045808
0.155004
-0.572314
0.803461
-0.363506
-0.369549
-0.953001
0.968444
0.592456
0.851741
-0.207862
-0.520798
0.903806
0.140599
-0.004730
0.445540
-0.078036
-0.599414
-0.928098
-0.757073
-0.345744
-0.791131
0.494858
0.841243
0.028352
0.271584
-0.322245
-0.597888
0.348796
0.304910
-0.417646
0.709525
0.257118
0.404584
-0.139866
-0.006195
0.508713
-0.034150
0.341716
0.713187
0.877926
0.217200
0.686514
0.855159
-0.494675
-0.570727
-0.994812
0.318888
0.998474
-0.137303
-0.732780
-0.056368
-0.401044
-0.483932
0.305704
-0.257424
0.728813
0.737846
0.232704
0.907590
-0.772271
0.763298
-0.922483
-0.855220
-0.404950
0.240455
-0.540513
-0.093966
0.547044
0.806574
0.108798
-0.924070
-0.796136
-0.222571
0.047212
-0.320353
-0.781976
-0.986633
0.242103
0.171728
0.156163
0.022675
0.544725
0.870418
0.447432
0.365947
0.726859
0.098178
-0.788812
-0.575488
-0.572924
0.592334
-0.724235
0.593493
-0.179601
-0.252724
0.700980
-0.036164
-0.178014
0.251686
-0.882748
0.555345
-0.360271
0.682241
0.193945
0.161962
0.486068
0.617359
0.548265
-0.126011
-0.737053
-0.167394
0.409162
-0.662038
-0.968200
0.140904
0.346538
-0.182470
0.081088
-0.560350
-0.619617
-0.882748
-0.595996
0.527268
0.780450
-0.567309
-0.600757
0.251869
0.870296
0.188635
-0.393780
-0.445357
-0.852290
0.927610
0.288553
-0.030000
-0.965941
0.312540
-0.322611
-0.854732
-0.435163
0.304422
-0.312479
0.942686
-0.665883
-0.421247
-0.081515
0.685415
-0.994140
-0.757561
0.753655
-0.888730
-0.296365
0.914304
-0.631031
-0.404462
-0.408246
0.230811
-0.535020
0.205786
-0.039216
-0.159032
0.533494
-0.848750
-0.871029
0.951170
-0.528184
-0.810297
-0.527146
-0.516404
0.358074
-0.447005
-0.100925
-0.089328
-0.802179
0.955504
-0.929685
0.827448
-0.542833
0.246437
-0.302591
-0.675283
-0.807733
0.269814
-0.789300
0.226173
-0.409894
-0.506821
-0.877621
-0.750175
-0.268899
0.969054
0.393048
0.159703
-0.612659
-0.809442
-0.885617
0.966369
0.668447
0.404401
-0.178686
-0.757927
0.327311
0.942564
0.744926
-0.388775
-0.461409
-0.862789
0.319315
-0.520981
0.962889
-0.620716
-0.744377
0.061068
-0.092685
-0.115513
-0.506027
0.776116
-0.602100
0.728324
0.347453
0.064669
-0.026704
-0.286050
-0.850215
0.696097
0.014069
0.634022
0.719596
0.626026
-0.580004
-0.510544
0.953063
-0.532701
0.446944
-0.771538
0.858638
-0.362957
0.516953
0.566515
0.345317
0.241127
0.812922
-0.548326
0.077425
0.760430
-0.528611
0.737053
0.708121
0.599658
-0.814508
0.621815
-0.195532
-0.437666
0.030122
-0.574694
-0.223365
-0.686148
-0.677602
-0.744682
-0.877194
0.895505
-0.669546
0.133030
0.303934
0.351299
0.641408
-0.862178
0.559008
-0.468490
0.002411
0.134373
0.974914
0.133641
0.447249
0.643727
0.122288
0.044404
0.519883
-0.578356
-0.429609
0.045015
0.408490
-0.693106
-0.406415
-0.057344
-0.197729
0.900632
0.381329
0.189306
-0.716544
-0.358867
-0.935179
0.052522
0.066317
-0.164525
-0.127415
0.398297
-0.102695
0.210181
-0.272500
0.150670
-0.072848
0.544481
0.597339
0.489242
0.368389
-0.051973
0.912229
-0.152867
-0.249611
0.345195
-0.639271
-0.227088
-0.415204
-0.270547
-0.622547
0.717765
-0.746696
0.749687
-0.365642
-0.188757
0.930967
-0.809748
0.848811
-0.312479
-0.643422
-0.090182
0.220130
0.425275
0.264199
0.797540
-0.192053
-0.337016
0.285928
0.312967
0.164220
0.952818
0.141270
-0.830195
-0.468368
-0.584887
-0.076693
-0.273232
-0.078707
0.756401
0.295083
-0.352214
0.381085
0.712455
0.409040
-0.605274
0.768670
0.980895
0.361064
0.114231
0.340495
0.703360
0.992859
-0.518418
0.469955
-0.438398
0.853694
0.064486
-0.193335
-0.450728
-0.864376
-0.231544
-0.810297
-0.518113
0.393292
0.926878
0.627674
-0.692495
-0.138707
-0.401837
-0.343059
0.281045
-0.817560
-0.367351
-0.607959
0.063814
-0.642262
-0.929197
-0.420454
0.812006
0.732536
-0.563158
0.968139
-0.684744
0.828974
-0.511277
0.308206
-0.750786
-0.159764
-0.011933
0.292459
0.603198
0.596179
-0.948057
-0.249550
0.346599
0.814447
0.649220
0.409589
-0.604053
0.449690
-0.196326
-0.465133
-0.054842
-0.047639
-0.932676
0.760613
0.221656
0.250526
-0.174780
0.425031
0.730888
0.266457
0.994629
-0.277627
-0.948912
0.781549
0.681753
-0.016633
-0.757561
0.460616
-0.642140
-0.603259
0.930601
0.849483
0.117222
0.485702
0.129368
0.157140
0.579577
0.649525
0.864437
0.636219
-0.000031
-0.915036
-0.340739
-0.627003
0.147740
0.399152
-0.051851
-0.699515
-0.482162
0.225440
0.476241
0.246559
-0.563585
-0.843501
0.751335
0.829524
-0.376385
0.306436
-0.391766
-0.985961
-0.224097
0.813471
-0.050142
0.140172
0.730277
0.597034
-0.274819
0.236305
-0.226844
0.681814
0.209449
-0.568957
-0.343730
0.399518
-0.353374
-0.725211
-0.117954
-0.217078
-0.681997
0.783746
-0.178991
0.463729
0.099460
-0.980895
0.223670
-0.613758
0.568590
-0.985595
0.689871
0.651051
0.726066
0.862606
-0.343303
-0.201270
0.392071
0.775506
0.469771
-0.151402
0.341716
-0.070650
0.097629
-0.596484
-0.759758
-0.092929
0.054415
0.133213
0.442793
0.551012
0.091098
-0.050508
-0.281533
-0.961486
0.219581
-0.814753
-0.035798
-0.007294
-0.369671
0.089816
-0.031709
-0.559740
0.068392
0.953185
-0.712455
0.430280
0.227332
-0.828486
0.300638
-0.874996
0.726737
0.567186
-0.501205
-0.823725
0.233131
-0.725883
-0.921628
-0.800592
0.288491
-0.496628
0.895871
-0.843013
-0.591784
-0.501144
-0.150853
0.465865
0.010895
0.998047
0.746818
-0.361370
0.742912
0.507981
-0.271706
0.273598
-0.240272
-0.288675
0.297403
-0.795892
-0.472640
-0.686819
-0.968505
-0.379131
0.704947
-0.358257
-0.970946
0.979614
-0.327616
0.315531
0.157872
0.505966
-0.734611
0.289834
0.166601
0.110935
-0.118748
0.859371
0.210303
-0.288919
0.320414
-0.910581
0.028169
0.548753
-0.191565
-0.669851
-0.796991
-0.018769
0.222205
-0.525864
-0.160375
-0.758477
-0.045991
0.822687
0.916440
0.382855
0.200720
0.715690
0.404584
-0.782708
-0.602405
-0.769097
0.919797
0.352641
-0.640492
-0.988891
-0.727348
-0.948912
-0.309244
0.283120
0.663320
0.335551
0.028108
0.380047
-0.637745
0.320109
0.677297
0.080844
0.943968
0.635975
-0.792901
0.078219
0.132054
-0.293497
-0.436689
0.857173
-0.678396
0.519700
-0.736381
0.512375
-0.161168
-0.902341
-0.761834
-0.830195
-0.998108
-0.434980
-0.123508
-0.596301
-0.954772
-0.374187
-0.155797
0.882260
-0.456648
-0.576586
-0.768426
0.202368
-0.622242
0.539048
-0.402875
-0.989563
-0.631336
0.560656
0.467330
0.751152
-0.465682
0.892758
0.856685
0.358440
0.140477
-0.471053
-0.630482
0.199866
0.542222
-0.138462
-0.553514
0.587756
-0.461776
0.564501
-0.682546
0.169164
0.265847
-0.929930
-0.775201
0.506821
0.077486
0.149571
-0.521714
0.020295
-0.835322
0.755730
0.580737
0.609668
-0.711539
0.121860
0.253212
-0.758538
-0.699149
-0.462996
0.123508
-0.134739
0.978942
-0.907285
-0.027985
-0.082797
0.597339
-0.784051
-0.234840
0.756584
-0.698355
-0.201209
0.839045
0.811090
0.345073
0.739189
-0.471603
0.569445
0.250649
0.703482
0.128025
0.687551
-0.038301
0.259560
-0.680410
-0.081210
-0.956359
-0.151463
0.627796
-0.139805
0.998596
-0.561388
0.465926
-0.397565
0.755425
0.955748
0.337077
0.366192
0.399091
-0.978881
0.749382
0.510788
0.199805
-0.221778
-0.589526
0.789422
-0.993957
-0.036225
-0.736747
0.045198
-0.936827
0.702322
0.353191
0.753716
-0.679922
-0.164525
0.089816
-0.407697
0.287088
-0.401166
-0.533494
-0.519150
0.506821
-0.540574
-0.201514
0.326212
-0.299112
0.925047
-0.456587
0.810846
0.655019
0.139500
-0.233253
0.247414
0.904782
-0.924558
-0.186438
-0.187536
0.284524
-0.863155
-0.249733
-0.528306
-0.597583
-0.015595
-0.861507
-0.091464
-0.896359
-0.603565
0.703177
-0.230262
-0.015961
0.976867
0.457503
-0.460433
0.017426
-0.476302
0.848262
0.355510
-0.641224
0.870235
0.482223
-0.922117
0.385235
0.010956
0.997620
-0.074190
0.038118
0.325846
0.642506
0.223792
0.528489
-0.285989
-0.077120
0.949095
-0.531968
0.450728
-0.718497
-0.827021
-0.511399
0.578967
0.174657
0.204688
0.412336
-0.350993
-0.898923
0.034761
0.034944
0.618274
-0.845332
-0.428388
0.585192
0.723441
-0.143101
-0.443525
0.922239
-0.862117
-0.565538
-0.932005
-0.466048
0.227027
0.304056
0.338847
0.398663
0.213355
0.326273
0.139927
0.772210
0.064608
-0.608020
0.478744
0.963805
0.416608
-0.096774
-0.799738
-0.837703
-0.226539
0.710379
-0.620289
-0.623890
0.792535
-0.930052
-0.581591
-0.451643
0.479354
0.183752
-0.801691
-0.089084
-0.914731
0.882687
0.758538
0.638844
-0.460677
-0.982604
-0.366619
0.868221
0.215430
-0.880734
0.269265
0.139683
-0.991150
-0.107639
-0.202734
0.330485
-0.994385
0.100314
0.259560
-0.863155
-0.145665
0.410810
-0.858638
-0.829585
-0.841853
-0.241432
0.902280
-0.217994
0.195105
-0.208716
-0.482467
-0.691092
0.480697
-0.040315
-0.355693
-0.088107
0.369854
0.939390
-0.657643
-0.777276
0.363262
0.072665
0.124729
-0.292398
0.900998
-0.982604
0.011261
0.702383
-0.495224
-0.210120
-0.100803
0.551317
-0.967040
-0.859676
0.562426
0.859737
-0.568651
-0.802484
0.591906
-0.078341
-0.009735
0.820734
0.590808
-0.613758
-0.986206
0.095859
-0.065218
-0.775384
-0.249245
-0.460860
-0.587512
-0.939634
0.362468
0.569689
0.056490
0.925779
0.362774
0.814570
-0.521470
-0.494308
-0.880673
0.808344
0.021393
0.933409
0.877316
-0.350505
0.039033
-0.494613
0.223548
0.176428
0.618824
0.231239
0.167943
-0.774468
-0.942808
0.725394
-0.562670
-0.466170
-0.598010
-0.564623
0.482955
0.848506
-0.626514
0.291910
0.981079
0.806024
-0.022980
0.556322
-0.549364
-0.856380
-0.880490
0.479415
0.588061
-0.195410
-0.457808
-0.876461
-0.875179
0.501328
0.382427
-0.746574
0.459456
0.297342
0.072115
0.076449
0.610034
0.771966
0.415021
0.221412
-0.433943
-0.671316
-0.619678
0.018159
0.292215
0.211585
-0.682424
-0.859737
0.049654
-0.209937
-0.638478
0.674001
0.440474
-0.323038
0.417158
-0.325419
-0.013031
0.240089
0.577380
-0.725455
0.058565
0.071200
0.966063
0.404157
-0.209449
-0.025239
0.022248
0.188330
-0.013703
0.673391
-0.461226
-0.918271
0.277444
-0.651784
0.766900
-0.195471
0.392621
0.910215
-0.100314
0.141270
0.461287
-0.657338
-0.752434
0.672903
-0.329386
-0.100497
-0.583239
-0.544847
0.742119
-0.981689
0.805109
0.851802
-0.298074
0.547166
-0.274087
0.342448
-0.853450
0.435835
-0.526109
0.610340
0.545518
-0.583666
-0.355266
0.826533
-0.488571
0.272561
0.021027
0.242042
-0.504379
0.645436
0.337016
0.232887
0.171545
0.097018
0.235206
-0.768059
0.174291
-0.891415
0.726371
0.497299
-0.419416
-0.663137
-0.533860
0.914426
0.221534
-0.070345
-0.839412
0.072726
-0.490951
-0.280068
-0.586840
0.698416
0.719901
0.421247
-0.597705
-0.711844
0.270547
-0.405622
-0.835322
-0.235389
-0.777276
-0.566332
0.409345
0.306070
0.198523
-0.501022
0.487106
0.384198
0.517930
0.414106
-0.483688
-0.210242
-0.627369
0.983642
-0.636341
0.708670
-0.153661
0.031770
0.331095
0.911863
-0.404340
0.679373
-0.216102
-0.879025
-0.996155
-0.867122
0.032807
0.611805
0.619617
-0.381146
-0.217505
0.620899
0.693106
-0.975829
0.458968
0.103610
0.622730
-0.193152
-0.271706
-0.552660
-0.875668
0.738334
-0.480514
0.633839
0.935606
0.040254
0.863460
0.481429
0.867855
0.478927
0.861080
0.489303
-0.981811
0.978454
0.092502
-0.140965
-0.045259
0.682058
-0.152135
-0.745170
-0.313883
-0.536363
-0.978698
0.364055
-0.770745
0.132359
-0.609363
-0.678701
-0.809809
0.091464
-0.753594
0.711417
-0.050386
0.816156
-0.968688
-0.398907
-0.071871
0.030732
-0.106296
0.666738
-0.360027
0.709159
0.936399
0.746879
-0.794794
-0.905698
-0.592334
0.584521
0.192114
-0.699576
-0.853999
-0.012665
-0.340007
-0.941038
-0.409345
0.871517
0.216590
0.172216
0.671743
0.057344
0.297647
0.236061
-0.108432
-0.832148
-0.355449
-0.805048
0.909848
-0.255531
-0.928526
-0.708487
-0.054903
-0.707633
0.579455
-0.027131
-0.694388
-0.061007
-0.368999
0.316568
0.360942
0.479781
0.398114
0.538926
-0.142308
-0.880306
-0.206275
-0.852535
-0.237526
-0.674551
-0.897214
-0.699515
0.331950
0.722343
-0.978088
0.936460
0.076327
-0.962951
-0.667531
0.234657
0.575243
0.176061
0.149327
0.971557
-0.662404
-0.301248
0.359783
-0.666921
-0.720145
0.632618
0.197485
-0.646718
-0.645619
-0.536851
-0.682730
0.297891
-0.152379
0.363323
0.402264
-0.715690
-0.628773
0.722465
-0.601794
-0.513474
0.963683
0.039399
-0.909177
-0.299112
-0.224219
-0.758965
0.559740
0.107517
0.010590
0.489364
0.007843
-0.967895
0.886898
0.538682
0.938414
-0.334696
0.732658
-0.293008
-0.507981
-0.699271
-0.480758
-0.477279
-0.243202
0.655934
-0.850215
-0.890683
0.862972
-0.162816
-0.920286
-0.628468
0.675527
0.512009
-0.278481
-0.955809
-0.102695
0.850337
0.527573
-0.332926
-0.605884
0.798517
-0.238807
-0.451888
0.555712
0.247353
0.571215
-0.222633
-0.496567
-0.342448
0.100009
0.354228
0.959227
-0.295755
0.515793
-0.509995
0.586352
-0.495895
0.000885
0.149937
-0.384259
-0.013703
0.050020
0.894406
0.569994
-0.196936
0.322916
-0.915159
-0.103122
-0.482101
-0.568285
-0.485336
0.326823
0.104892
0.935118
0.528611
0.764153
0.203528
0.864620
0.692862
0.526719
-0.189734
0.380413
0.078524
-0.254250
0.497421
-0.131748
-0.778924
0.738029
0.546190
-0.209876
-0.182470
0.515976
-0.275735
0.601550
0.225013
0.779351
-0.729362
-0.952391
-0.177953
0.607715
-0.350444
-0.849116
-0.703787
0.321146
-0.363445
-0.797418
0.919675
0.666799
-0.700430
-0.929807
-0.124729
0.737236
0.436445
-0.865047
0.696890
0.900998
-0.967956
-0.830805
-0.115696
-0.793634
-0.701956
0.469161
-0.454512
-0.929868
-0.143712
-0.447188
-0.389996
-0.936155
-0.370159
0.737907
-0.771111
0.610340
0.003449
-0.089755
0.836421
0.402936
0.815973
0.796625
0.522446
-0.640126
0.747063
0.053926
-0.772454
0.926511
-0.338420
0.487167
0.338664
0.536729
-0.527085
0.194678
-0.039338
-0.951353
-0.221473
0.552049
-0.073397
-0.035920
0.000092
0.550951
0.608448
-0.753716
0.080477
0.798578
-0.408918
-0.452254
0.150487
-0.502792
-0.727714
-0.339457
0.823115
0.512619
-0.549242
-0.997864
0.569750
0.243873
-0.034944
-0.051546
-0.576342
-0.758660
-0.554247
-0.172704
0.108371
0.055757
-0.756462
-0.615589
-0.941343
-0.884457
0.595569
-0.465072
0.585803
0.805414
0.091891
-0.788079
-0.533372
-0.803156
-0.493332
0.125645
0.473983
-0.737968
-0.946287
-0.755058
0.869625
-0.291543
0.347453
0.814753
0.455123
-0.369243
-0.569628
0.719718
-0.461104
-0.806513
0.772576
-0.990539
0.793817
-0.624317
0.839106
-0.604175
0.162084
-0.201147
0.346599
-0.464827
0.856075
-0.911985
0.244484
0.908506
0.445235
0.462569
-0.113559
0.111972
0.169591
0.117222
-0.057100
0.369549
-0.348918
0.304605
-0.698355
-0.918699
-0.500961
-0.232154
-0.980651
0.219153
-0.626881
-0.197424
-0.614002
-0.617420
0.065401
0.259926
-0.834468
0.327494
-0.835200
0.803583
-0.925169
0.779717
0.866146
-0.266518
0.562792
0.089877
-0.514634
-0.311991
-0.046602
0.337382
-0.754265
0.537950
-0.985534
0.310099
-0.105258
0.783929
0.014313
-0.851924
0.716117
-0.229163
0.329386
-0.511643
0.498947
-0.690115
0.665456
-0.691519
0.026337
0.067293
-0.045991
-0.513474
0.645619
0.620106
0.987793
-0.854122
-0.516404
0.638600
-0.144139
-0.402081
0.868954
0.528001
-0.756767
0.694876
0.058809
0.561693
0.655690
0.405072
0.085360
0.191809
-0.367473
-0.576220
0.529099
0.317972
-0.989135
-0.368694
0.038728
0.929868
0.302774
0.211524
0.903684
-0.417524
0.247902
0.242653
0.995483
-0.603687
0.605396
-0.426191
0.388714
-0.737114
0.245277
0.798822
0.690054
-0.800287
-0.395856
0.140049
-0.364666
-0.211341
0.566271
0.055269
0.520371
0.136204
-0.167333
-0.620472
-0.975524
-0.350017
0.841792
-0.185461
0.992859
0.944273
-0.660207
0.578417
-0.263039
0.186865
0.403180
0.027863
0.418012
0.200293
0.760247
0.065889
0.074129
0.628407
0.825373
0.146641
0.855464
0.483077
-0.803278
0.691031
-0.972167
-0.618580
-0.427229
0.724174
-0.690542
0.787530
0.603504
-0.450911
-0.898862
-0.429975
0.349651
-0.459883
0.174352
-0.810968
0.981201
-0.041475
0.378277
0.824335
0.861568
0.336894
0.929380
-0.242775
0.597339
-0.313028
-0.155004
-0.680532
-0.637989
-0.098300
0.998352
-0.279763
0.494125
-0.571764
-0.040925
0.065096
0.556688
-0.062410
0.375225
-0.818110
0.246254
-0.471358
0.470626
-0.556139
-0.374676
-0.719718
0.208716
0.430708
0.968566
0.963683
-0.507920
0.595141
0.284158
0.726798
0.358196
-0.918638
-0.425825
0.564623
0.893796
-0.516831
0.895077
0.386639
0.514328
0.816095
0.281961
0.494858
0.499863
0.366619
0.598498
-0.716117
-0.547594
-0.294961
-0.625355
-0.023164
-0.343242
0.199805
0.696219
-0.791681
-0.466048
0.372539
-0.793634
-0.731864
0.555589
-0.213965
-0.715751
0.817255
0.345561
-0.250526
-0.539232
-0.111362
0.926389
0.828913
-0.864254
-0.013153
-0.327555
0.237831
-0.341594
0.708670
-0.466597
0.558214
0.833430
0.413984
0.088412
-0.629078
0.915098
0.614856
-0.004059
0.328410
-0.847285
0.467635
0.400494
0.245766
-0.341411
-0.391156
-0.141820
-0.189367
0.694693
0.290323
0.345073
-0.099460
0.339702
-0.088412
0.909665
0.628712
0.768242
-0.850032
0.532579
-0.984741
0.399823
-0.499008
0.755608
-0.650197
-0.476241
-0.958739
-0.356975
-0.442366
0.106235
0.226417
-0.362835
-0.116977
-0.664724
0.537217
0.871456
-0.799493
-0.236366
-0.215003
0.501999
-0.536241
-0.566393
0.890744
-0.377117
0.236305
0.605945
-0.051668
0.324137
-0.340800
-0.210913
-0.757317
0.458174
0.740776
-0.499313
-0.960814
0.168737
0.898007
0.244179
0.941588
0.487289
-0.012848
0.499435
0.657765
-0.458113
0.479293
0.896725
0.958556
0.822138
0.110385
-0.470687
0.658498
0.401593
0.916379
-0.267739
0.425581
-0.742424
0.020966
0.967040
0.376385
0.537523
0.490890
-0.492660
0.268715
0.230995
-0.430952
0.988525
0.104038
0.611499
0.600024
-0.118137
-0.046663
0.010224
-0.041414
-0.041597
0.817499
-0.516099
-0.704520
0.802240
-0.664357
-0.059359
0.411420
0.438032
0.153539
0.283975
0.391705
-0.866085
0.764458
0.140294
-0.918882
0.442976
0.635670
-0.270119
0.909665
0.544664
-0.567797
0.445296
0.217383
-0.049165
0.151036
0.699332
0.556017
0.636586
-0.022675
0.604968
-0.420209
0.659474
0.676870
0.049776
-0.927671
-0.670217
-0.664907
-0.272561
0.102023
0.994263
-0.743034
-0.311319
-0.381024
0.494736
-0.160558
-0.597278
-0.194067
0.366253
-0.771477
0.893979
0.495346
0.835017
0.574816
-0.492172
-0.034455
0.680044
-0.301675
-0.116001
0.428571
0.215125
0.977111
-0.317118
-0.478866
-0.908750
-0.730461
0.901303
0.113010
0.069674
0.685842
-0.504501
-0.256630
0.014740
0.018281
0.967895
-0.000885
-0.017060
-0.058382
0.276711
-0.852901
0.381939
0.223121
-0.165136
0.332438
-0.374920
0.456526
-0.362163
0.655934
0.149205
0.326518
-0.076205
-0.557176
0.858272
0.978393
-0.333781
-0.984375
0.055208
0.691763
-0.538926
0.283303
-0.075289
-0.820734
0.370403
0.458907
0.629017
-0.450911
-0.714042
-0.780633
-0.920408
0.239113
0.375103
0.618824
-0.759636
0.737602
-0.829646
-0.932066
-0.526109
-0.099704
0.867061
0.693228
-0.355998
0.678579
-0.610523
0.386334
-0.712821
0.069552
0.789972
-0.141331
-0.002899
0.102084
-0.458113
-0.988647
-0.889767
0.669607
-0.710013
-0.065279
0.278848
-0.442427
0.620106
-0.151341
0.578234
-0.259499
-0.589099
0.297647
-0.467574
-0.028901
0.330607
0.911313
0.253151
-0.208716
-0.960326
-0.955382
0.762566
-0.513108
-0.335612
-0.390851
0.756951
0.401593
-0.898679
0.408124
0.346965
-0.278176
0.717215
-0.712027
-0.845943
-0.926817
-0.995178
0.419355
0.718802
0.679189
-0.240272
0.901730
0.402570
0.331584
-0.662160
0.822810
0.121128
0.173009
-0.441816
-0.365520
-0.853267
-0.922788
-0.187475
-0.759880
-0.584460
0.439192
0.944395
-0.976012
0.029695
-0.451399
0.460372
-0.415632
0.839839
0.834712
-0.364055
-0.581164
-0.196387
0.369121
0.077975
0.723746
0.015595
-0.185400
0.307047
-0.577929
0.659780
0.256935
-0.078036
-0.604114
-0.793390
-0.841731
-0.091586
0.571947
0.651357
0.768487
0.654775
-0.628101
-0.173925
0.446394
0.237648
0.105930
-0.819880
-0.295877
0.539293
0.870418
0.194800
-0.213233
-0.240516
0.262185
0.490646
0.598865
0.884762
0.221534
0.548753
0.791864
0.676504
-0.683584
0.865596
-0.176244
0.741935
-0.218848
-0.702933
-0.195593
-0.751152
0.620716
0.576098
-0.062288
0.848140
0.094699
0.529832
-0.625294
-0.634999
-0.107578
-0.404401
-0.711112
0.822993
0.311563
0.775750
-0.013153
-0.638173
0.753716
-0.598560
-0.133580
-0.386700
0.848750
-0.989929
0.035188
0.095187
0.520188
0.398236
-0.598315
-0.811274
0.305216
-0.087436
0.051241
0.259743
0.397015
0.042451
-0.279824
-0.513108
0.625904
0.374920
-0.820185
0.959838
-0.740287
0.936888
-0.657033
0.608814
0.789361
-0.741142
-0.093966
-0.470565
0.381695
0.406964
0.338298
-0.695608
-0.896176
0.404096
-0.968444
0.602649
-0.585314
-0.254372
-0.577197
0.466109
-0.142796
0.885617
0.901303
0.433760
-0.547655
-0.515366
-0.686331
-0.522202
-0.769585
0.522019
0.879818
0.467879
-0.457625
-0.168798
0.329814
-0.993347
0.653493
0.633045
-0.921934
0.161168
-0.050752
-0.402631
0.243446
0.649953
0.047945
0.047517
0.330180
-0.949156
-0.739616
-0.181738
0.381756
-0.409955
-0.111179
0.361187
0.419416
0.076022
-0.158238
0.649159
-0.021577
0.395184
0.794977
0.444197
0.555101
0.147496
-0.706595
-0.008820
0.775262
0.938963
0.457625
0.199438
0.099216
-0.031587
-0.177831
0.375713
-0.126560
0.232459
-0.695486
-0.430097
-0.457076
-0.895566
-0.386273
0.596973
-0.942076
0.940062
0.414289
0.796808
-0.266945
0.304239
0.482955
0.595080
-0.962828
0.205542
-0.320109
-0.072848
-0.651234
