-0.238075
0.082064
0.647023
0.273721
-0.237526
0.952269
0.057833
-0.900693
0.669912
-0.309305
-0.071200
-0.107273
0.045808
-0.988098
0.533311
-0.764458
-0.187414
0.599353
-0.907224
-0.188330
0.126682
-0.223304
-0.023225
-0.499313
-0.587268
-0.620838
-0.175268
-0.473556
0.282571
0.741874
-0.966491
-0.944273
0.330546
-0.261513
-0.981323
-0.789544
0.720206
0.106845
0.923460
-0.418683
-0.783502
0.821650
-0.613086
0.582507
-0.165502
-0.476547
-0.571398
0.315958
0.511521
-0.680471
-0.471969
0.495346
-0.921018
0.920408
-0.440291
-0.178991
0.612659
-0.234840
0.502915
0.210913
0.595019
0.447310
-0.776605
-0.897885
0.106113
-0.702689
0.543870
0.685842
-0.083834
-0.024262
-0.028596
0.573656
-0.877010
-0.823420
0.481735
0.965941
0.578478
-0.953246
0.977783
0.656972
0.665822
-0.884579
-0.733451
0.823725
-0.365947
0.897275
0.621815
0.740837
0.498520
-0.569811
0.902219
0.313883
0.730583
0.924009
0.157079
0.109958
-0.077548
-0.326029
-0.996643
-0.619312
-0.598560
0.502426
-0.366802
-0.154576
0.742363
-0.765252
-0.635182
-0.187170
0.753960
0.298196
0.198035
-0.841792
0.471175
-0.201392
-0.969115
0.186499
-0.595386
-0.270791
0.630177
-0.868465
0.482406
0.074984
0.687307
0.314249
0.232826
0.984558
-0.172582
-0.312296
0.915891
0.245399
-0.830683
-0.716361
0.232582
0.677480
0.194189
-0.957396
0.424482
-0.913694
-0.449019
-0.415448
-0.065950
-0.196203
0.312174
0.827143
0.975524
0.714896
0.063387
0.292398
-0.188025
0.898190
-0.092929
0.636891
0.905454
-0.076022
-0.445601
0.773675
-0.668813
-0.104892
0.318644
0.759575
0.400983
-0.938108
-0.830195
-0.380047
0.098972
0.921201
-0.001190
0.079745
0.683584
0.531968
-0.187231
0.882321
0.991943
-0.206763
0.391461
-0.892026
-0.261757
0.022919
0.389813
-0.486496
-0.628529
-0.511643
-0.650990
-0.069369
0.594043
0.473128
-0.286721
0.723930
-0.090304
0.819880
-0.796503
0.576525
-0.128819
0.635609
-0.790582
0.439558
0.761467
-0.409650
0.807611
-0.015595
0.296121
0.475021
-0.222877
-0.636219
0.366314
-0.885922
-0.088290
-0.092746
-0.701224
-0.535508
0.519822
0.650197
0.322794
-0.347942
0.747490
0.816950
-0.828486
-0.590136
-0.999695
0.513169
-0.330241
-0.668447
-0.310648
0.062288
0.973998
0.525620
-0.487167
-0.501450
0.055269
-0.947264
-0.287210
-0.138707
0.360881
-0.905087
-0.014985
-0.120640
-0.886654
0.626148
0.906064
-0.532029
-0.857845
-0.878964
-0.945860
-0.321390
0.484359
-0.672170
0.229774
0.754204
-0.472030
-0.036164
0.370281
0.403180
-0.113804
-0.013581
0.426923
0.728324
-0.883847
-0.270608
-0.791559
0.507797
-0.009308
0.647633
0.205969
-0.457259
-0.601672
-0.997131
-0.045137
0.770562
0.485519
0.095065
0.538194
-0.320902
0.084078
-0.739494
-0.718314
0.950194
-0.581713
0.852718
-0.288430
-0.999084
-0.070162
-0.611621
-0.899167
-0.495102
0.389508
0.818049
0.973937
0.306803
0.812128
-0.150853
0.141026
0.180090
0.412336
0.707633
-0.541124
0.806085
-0.009003
-0.044038
0.219459
0.009857
-0.912290
0.581713
-0.051973
-0.860958
0.744621
0.026704
-0.744682
-0.880612
-0.842402
-0.936949
0.315409
0.627308
-0.589709
0.508652
-0.981933
0.357524
0.156652
-0.975280
-0.410504
-0.882321
-0.373760
-0.323283
0.982421
-0.513169
0.737785
0.826655
0.087497
0.167394
0.564074
0.991394
0.442732
-0.126621
-0.129124
-0.378338
-0.973144
-0.352336
0.854915
-0.837214
0.802728
-0.511582
0.349406
-0.540941
0.633595
0.402509
-0.643849
0.850642
0.127415
0.301187
-0.456954
0.385846
-0.437239
0.351970
0.226905
0.051546
-0.085299
0.976379
0.769829
-0.119419
0.765252
0.794244
0.327494
-0.826655
-0.296487
0.726737
0.621632
0.038789
-0.411725
0.028291
0.173070
-0.584643
-0.280740
-0.091830
-0.208716
-0.983764
-0.368511
-0.260170
0.818110
0.206519
0.622303
0.405316
-0.232643
0.229591
-0.845332
0.352641
0.619922
-0.113376
-0.496078
0.947020
0.458357
0.692495
0.125462
-0.408612
-0.500961
-0.759697
0.629872
0.419050
0.871334
0.588183
-0.206824
-0.880184
-0.519456
-0.735771
-0.326640
0.975219
0.939207
-0.311075
-0.833064
0.220679
0.884823
0.066622
0.660024
0.222510
0.503037
-0.432783
-0.125828
0.897275
-0.640614
-0.282510
-0.340312
-0.947142
0.189917
0.492904
-0.696036
-0.393231
-0.286233
0.841975
0.405927
-0.337931
-0.256630
-0.950316
-0.342326
0.644154
-0.179174
0.167089
0.898129
0.146886
-0.171545
-0.771111
-0.650319
0.047456
-0.059725
-0.422834
-0.161412
-0.189123
-0.598193
-0.722343
-0.594714
0.969787
0.720817
0.622547
0.443587
-0.741752
0.862484
-0.983032
0.386578
-0.539781
-0.968688
-0.183081
0.735832
-0.805780
0.510666
0.030854
-0.296793
0.976623
-0.172521
-0.893796
0.062166
-0.595752
0.212134
0.117161
0.907895
-0.966430
-0.373333
-0.300333
-0.649525
-0.671987
-0.137486
0.723441
-0.926572
-0.868282
0.996765
0.910581
0.011261
0.859004
0.962157
-0.894040
0.622364
-0.947996
-0.177770
-0.249306
0.938353
0.157933
0.109348
-0.565172
-0.718680
0.997803
-0.704703
-0.173254
0.790582
-0.165319
-0.466597
-0.483261
-0.326701
-0.743339
0.153478
0.642689
0.447127
0.746330
0.337809
-0.832575
-0.987548
-0.184240
-0.235145
-0.444746
-0.741630
-0.950865
0.027619
0.032258
0.498154
0.682424
-0.516648
-0.632191
-0.137059
-0.565844
-0.569323
0.690237
0.167760
-0.135655
0.699087
-0.850032
0.037812
0.221229
0.994079
0.950438
0.432417
0.589526
-0.036348
0.954588
0.077609
0.691092
0.141392
-0.233558
-0.990967
-0.734184
0.803461
0.315714
-0.434065
-0.829768
-0.170080
-0.850459
0.968566
-0.294290
0.651540
0.143284
-0.615406
-0.994629
0.945128
-0.355571
-0.289834
0.975585
-0.589831
-0.463668
-0.844234
-0.490158
0.119175
0.458602
-0.218116
0.854488
0.419782
-0.607959
-0.398907
-0.000763
0.008942
-0.164708
-0.580859
0.028779
0.338908
0.727226
0.513291
0.205054
-0.478561
-0.738639
0.739128
0.050630
-0.155980
-0.103244
0.655202
-0.580187
-0.894589
-0.063509
0.553697
-0.420392
0.546312
-0.731132
0.943236
-0.506943
0.406781
-0.621265
-0.102573
-0.007660
0.588610
0.170141
0.954344
-0.233619
0.149327
0.129368
-0.883297
-0.842341
0.298196
0.507248
0.750664
0.414777
-0.849666
-0.095676
-0.556932
0.488998
-0.497360
-0.637867
-0.430403
-0.144444
0.003571
0.778619
-0.324747
-0.165807
0.123753
-0.540696
-0.575182
-0.233070
0.805292
0.894528
-0.492416
-0.253029
-0.477340
-0.437300
0.921567
-0.601611
0.572192
-0.804743
-0.174902
-0.757683
-0.166478
0.873470
-0.579272
-0.671987
-0.812616
0.311930
-0.072970
0.694571
0.250160
0.511521
-0.650380
-0.819208
0.240577
0.686636
0.411847
-0.129246
0.225257
-0.377239
0.882565
-0.860958
0.399213
-0.499313
0.971801
-0.969115
-0.095981
0.460982
0.523728
0.806757
0.893918
0.072176
0.675832
-0.336283
-0.376019
0.244606
-0.782525
-0.292825
0.259560
-0.078646
0.599963
-0.790033
-0.915525
0.089450
0.763726
-0.037080
0.480453
0.696707
-0.493027
-0.162389
0.818598
-0.297525
-0.240455
-0.297891
0.127171
0.002472
-0.991394
-0.905637
-0.662343
0.757378
-0.907834
-0.225318
0.047639
0.067232
0.806330
0.761895
-0.082369
0.964049
0.507004
-0.979980
0.935850
0.267006
0.541673
-0.672414
-0.582263
0.559435
-0.092868
0.388531
-0.137059
-0.940611
0.773003
-0.915830
0.725150
0.350139
0.396649
0.374676
-0.083834
0.053011
0.617786
-0.615162
-0.251991
-0.134434
-0.917112
0.107700
0.783441
0.706900
0.606677
-0.639088
0.029878
0.477157
-0.872860
-0.017548
-0.867428
-0.806207
0.980773
-0.279153
-0.681753
-0.201514
-0.320109
-0.572069
-0.393353
0.683645
-0.933103
-0.966613
0.780267
0.817927
0.383221
0.451765
-0.371014
-0.322184
-0.662648
0.591784
-0.883969
0.931883
0.478195
0.977111
0.425459
-0.273232
0.788995
0.036836
0.341899
0.368999
-0.109165
-0.110508
-0.358928
-0.545701
0.766594
-0.903378
-0.634388
-0.687368
0.476547
-0.602161
0.114536
0.382122
0.325236
-0.328715
-0.816645
-0.904965
-0.509873
-0.516160
0.702383
0.981323
-0.847163
-0.752007
-0.530198
0.842158
0.910703
-0.817621
0.916196
0.093600
0.260781
-0.252968
-0.524644
-0.919187
0.132237
-0.222144
-0.409467
0.100436
-0.084262
0.407697
-0.707938
0.714103
0.926389
0.894894
0.595141
0.607959
-0.040010
-0.697806
0.570605
-0.875668
0.420270
0.161351
0.511032
0.170507
0.332499
-0.177282
0.031526
-0.260720
0.722037
-0.584155
0.920713
0.546556
-0.730827
-0.774773
-0.467940
0.840022
-0.220862
-0.818415
0.221473
-0.435591
0.573107
-0.463057
-0.002106
0.099582
-0.396344
-0.274209
0.329447
-0.384808
-0.048250
-0.599048
0.563707
-0.618397
0.085482
0.683340
0.440535
-0.510422
-0.202063
-0.126804
-0.164159
-0.557115
-0.081820
0.369854
-0.972106
-0.634388
0.474715
-0.724723
0.497665
0.327006
0.950438
0.678762
-0.589282
-0.963073
0.481674
0.388714
-0.484420
-0.344523
0.891232
-0.544786
-0.554735
-0.972961
0.600940
-0.530808
0.519883
-0.672353
-0.714347
-0.458357
0.403058
0.718131
-0.614978
0.068026
0.389813
0.741447
-0.873165
-0.871639
0.029145
-0.188818
-0.065279
0.401288
-0.362468
0.050935
0.289651
-0.578784
-0.443831
0.878414
-0.039094
-0.274575
0.980041
-0.167821
0.014679
-0.861446
0.687674
-0.865352
-0.652882
0.951170
-0.940855
-0.004364
0.582690
0.903317
-0.374310
0.234535
0.840205
-0.353923
0.424421
-0.773064
0.840815
0.869442
0.085665
-0.010651
-0.252907
-0.647206
-0.378460
0.446455
-0.768975
0.379254
0.968871
0.452986
0.543565
-0.986633
-0.815546
0.063753
0.713126
0.331645
-0.873226
-0.084872
0.713858
0.781793
0.900571
0.674978
0.629078
0.593677
-0.066561
-0.229347
-0.456832
-0.301126
-0.477523
-0.930662
-0.754753
0.384991
-0.776238
0.227088
0.046297
-0.107639
0.580981
0.586962
0.430280
0.728385
0.294839
0.169774
0.732963
-0.869320
-0.772027
-0.594165
-0.522935
0.175268
-0.001801
0.567980
0.425459
-0.106174
0.451033
-0.552110
-0.275430
-0.377117
-0.300455
-0.586108
0.163610
0.816523
0.148289
0.838679
-0.100070
0.983947
-0.989746
0.803949
-0.957579
0.163610
-0.552599
0.023591
-0.609729
-0.614673
0.608448
0.266762
0.611621
-0.379498
-0.051119
0.239662
0.482711
0.974364
-0.288553
-0.213843
0.965331
0.673879
-0.305582
-0.869625
-0.346660
0.289102
0.250649
-0.842036
-0.555773
0.256752
-0.562609
0.013825
-0.779534
-0.357646
-0.563036
-0.189489
0.107150
-0.644704
-0.299112
0.268593
-0.850948
0.202857
-0.205115
-0.461776
-0.600330
-0.708914
-0.701224
-0.598193
0.316324
-0.249794
-0.237587
-0.903867
0.256569
-0.817255
-0.894345
-0.929258
-0.811823
0.498337
-0.328349
0.647816
-0.822993
-0.078097
-0.820124
-0.658437
-0.767632
-0.114292
-0.052705
-0.955321
0.457869
-0.627003
-0.884213
0.878475
-0.172216
-0.428999
0.343364
0.603626
-0.834223
-0.297769
-0.876705
-0.802362
-0.542283
0.861995
0.837092
0.964599
0.019623
-0.070650
0.793573
0.248695
0.667531
-0.520310
0.643483
-0.199805
0.249245
-0.561998
0.776666
0.985717
-0.838557
0.794183
0.852168
0.568346
0.027924
-0.155248
0.149876
-0.804559
-0.344218
0.800470
0.165685
0.007050
0.767266
-0.591968
0.205908
-0.331584
0.908139
0.042817
-0.341166
-0.465987
-0.648183
-0.770562
-0.738762
0.120762
-0.003021
-0.014435
0.623280
0.696402
0.103977
-0.741081
0.629505
0.600574
0.941649
0.866634
-0.417707
0.937864
-0.130650
0.177953
-0.563829
-0.999084
0.862911
-0.371990
-0.322916
0.865413
-0.130589
-0.092074
0.439924
0.032258
-0.211707
0.547716
-0.197851
-0.816889
-0.640553
0.643422
0.739006
-0.285623
-0.990356
-0.365947
-0.718497
-0.787530
0.335429
-0.234901
-0.341044
-0.138462
-0.681814
0.323283
-0.531785
0.661855
-0.434004
0.993713
0.152806
0.836726
-0.084384
-0.799127
-0.285134
0.257363
-0.731437
-0.413739
-0.566820
0.401410
-0.006317
0.561388
0.252724
-0.171545
0.403729
0.283975
-0.114841
0.031343
-0.780267
0.841609
-0.873592
-0.877804
-0.850459
0.019379
-0.162511
0.017731
-0.683279
0.402020
-0.946532
0.460189
0.125523
-0.624256
0.432051
-0.185278
-0.185522
-0.475387
-0.615406
0.324992
-0.677419
-0.401532
-0.430403
-0.384686
0.666189
0.184057
0.462569
-0.899350
0.557482
-0.694754
0.140294
-0.161473
0.242103
-0.569018
-0.422956
0.906064
0.437422
0.656667
-0.375164
-0.266701
-0.629749
-0.668508
-0.561876
-0.944212
0.439802
0.302408
0.857418
-0.655568
-0.528245
0.563036
0.184668
-0.299173
-0.619922
-0.372967
-0.810480
0.189673
0.560289
0.655995
0.566088
-0.599780
0.255959
-0.635426
-0.278481
-0.220191
0.554003
0.568041
0.550707
0.179846
0.667104
-0.516099
0.790887
0.095737
0.462081
-0.281838
-0.935606
-0.040071
0.472640
0.298563
0.700064
0.767937
0.945311
-0.409894
0.794916
-0.098849
0.095187
0.415815
0.338115
0.755913
0.388531
0.855464
0.680898
0.470016
-0.114719
-0.061861
0.645985
-0.541246
0.975890
0.828791
0.001801
0.254738
-0.121006
-0.046480
-0.959838
-0.986572
-0.173254
0.926511
0.845882
-0.174291
-0.766472
0.407453
0.142735
0.123081
-0.338420
-0.445845
0.370464
0.646168
-0.530259
0.155065
0.041536
0.330058
-0.253090
-0.658864
0.555956
0.139439
0.254738
-0.014008
-0.642445
0.717704
0.680105
-0.927732
0.032807
-0.798273
-0.228492
0.874508
0.931516
-0.043672
0.469588
-0.768365
0.244789
0.058199
-0.902524
0.741752
-0.440291
-0.525742
-0.189489
-0.452315
0.275307
-0.574145
0.397626
-0.439741
0.487533
0.034700
0.648671
-0.332377
-0.541063
0.105564
-0.466781
-0.290872
-0.683279
-0.672658
0.010712
-0.457320
-0.308390
-0.630543
-0.202795
0.547288
0.769890
0.499496
-0.391522
-0.470199
-0.547472
-0.103000
-0.682852
-0.328532
-0.634510
0.343364
0.515549
0.280618
-0.797479
-0.594470
-0.242775
0.775506
0.564501
-0.263588
-0.078097
-0.824152
-0.943602
0.439558
-0.169225
-0.961486
-0.181982
0.052583
-0.493210
-0.066195
-0.727531
0.544786
-0.520981
0.501328
-0.997742
-0.197913
-0.780450
0.012543
-0.316507
-0.571520
-0.340556
-0.155675
0.473739
0.322489
0.931272
-0.572130
0.910520
0.520066
0.309977
0.935850
-0.012055
0.645253
0.225929
0.770135
0.384381
-0.209571
-0.235206
0.951476
0.217994
0.327738
0.377606
-0.863033
0.683157
0.563524
-0.390851
-0.210730
-0.897458
0.906613
0.205481
-0.309610
-0.027802
0.515915
-0.871639
0.667531
0.947752
0.246620
0.649648
0.871761
0.710257
-0.424482
0.881039
-0.005585
-0.500412
0.225013
-0.276528
0.942137
0.621265
-0.680349
-0.164159
-0.365215
-0.694632
0.510117
-0.065157
0.163671
-0.993835
-0.843562
0.946654
-0.440779
0.581225
-0.604602
-0.028169
-0.010529
-0.440413
-0.927488
0.931394
-0.686880
-0.316568
0.026582
0.016633
-0.112949
0.373516
0.657582
0.185034
-0.174780
0.323283
-0.700064
-0.400250
0.699881
0.525864
0.614307
0.685232
-0.926145
-0.446211
-0.294595
0.998840
-0.500717
-0.675893
0.753777
-0.799615
-0.686636
-0.289285
0.126133
0.711295
0.709647
0.516037
0.034211
0.578051
0.423078
0.297220
-0.906003
0.816645
-0.158544
-0.596484
-0.322001
0.717826
0.358989
-0.880612
-0.868465
-0.438887
0.842463
-0.995788
-0.295389
0.378643
0.972655
-0.088534
-0.175512
-0.599109
-0.169042
-0.074618
0.208594
-0.029206
0.014435
0.538743
-0.645192
0.324381
0.651173
-0.224158
0.107517
0.259682
0.504318
0.538194
0.195471
-0.335490
0.077303
0.196997
-0.568163
-0.923338
0.876461
0.821345
-0.918027
0.906980
-0.493576
0.330912
-0.137547
-0.798212
0.771966
-0.704093
0.340983
-0.568590
0.158971
0.784295
0.746025
0.908933
0.722037
-0.080477
-0.830988
0.486801
0.946593
0.604846
0.383587
0.638539
-0.227393
-0.020905
0.217383
0.985534
0.293374
-0.806513
-0.252052
-0.072726
-0.424360
-0.591601
0.852351
0.836543
0.637074
-0.799310
-0.960326
0.487228
-0.519578
-0.832453
0.349712
-0.692190
0.359661
-0.795709
0.692190
0.211768
0.616993
-0.801263
-0.059114
-0.906491
0.914731
-0.123875
-0.194494
0.714103
0.750359
-0.023835
-0.492538
0.018220
0.806513
0.910886
0.663076
-0.882260
-0.570299
-0.293313
0.492416
0.333293
-0.349406
0.818110
-0.098483
0.369915
0.288125
0.990051
-0.490097
0.938047
0.445235
0.840205
0.469893
0.992431
-0.840632
-0.508469
0.577136
0.823115
0.772942
0.829768
-0.946776
-0.854854
-0.603626
