0.950987
-0.885311
-0.454512
-0.561693
-0.276406
-0.484115
-0.071261
-0.622608
0.967345
-0.407025
-0.138890
-0.174596
0.680288
-0.135350
-0.020417
0.525559
-0.381390
0.972655
-0.977233
0.132786
-0.619190
-0.802301
0.777825
-0.601306
-0.067232
0.699698
0.353130
-0.209326
0.061129
-0.399152
-0.011383
-0.167455
-0.903989
0.303812
0.816340
-0.228492
-0.533433
-0.533616
-0.069063
0.898801
0.649525
-0.648305
0.631214
-0.112644
0.832270
0.245155
-0.637379
0.621815
-0.839595
-0.338176
-0.181494
0.935118
0.798578
0.281838
-0.529344
-0.805963
0.536424
0.826106
0.443281
-0.972961
0.915525
-0.845027
-0.750725
-0.815058
-0.391522
-0.834346
0.520615
-0.299295
-0.720817
0.984619
0.319071
0.228919
-0.831050
-0.849116
-0.482528
0.915220
-0.904599
-0.287881
0.943113
-0.683950
-0.147923
-0.443648
-0.334452
0.025178
-0.415021
0.261635
-0.757561
-0.598376
-0.624134
0.257729
-0.836055
0.647816
0.015107
0.546007
-0.211524
0.355266
0.394269
0.366619
-0.347758
-0.894162
-0.887509
0.038545
0.683523
-0.966674
0.539476
-0.009491
0.524888
-0.696097
-0.135594
-0.840022
-0.424970
-0.477950
-0.201880
0.149876
0.564501
-0.489181
0.836421
0.688284
-0.584399
-0.601062
0.924680
-0.900815
-0.772637
0.391400
0.328593
0.889706
-0.071322
0.932737
-0.291116
0.317057
0.761345
-0.939390
0.951476
-0.154637
-0.333293
0.241859
-0.005524
-0.689688
0.816767
-0.360698
-0.717032
-0.604724
-0.636464
0.356731
0.226661
0.387066
-0.941343
0.579760
0.798944
0.527207
-0.307901
-0.746452
-0.368206
-0.845271
0.844478
-0.033540
-0.077303
0.736320
-0.659230
0.640797
0.080477
0.094028
0.881527
0.381512
0.442183
-0.606128
0.033479
0.737907
-0.877987
-0.723136
0.076510
-0.300089
0.554186
0.775018
-0.859188
-0.179540
-0.548753
0.408490
-0.975219
-0.960814
0.605152
-0.971191
0.922544
-0.436750
-0.951231
-0.141514
0.762749
0.240333
-0.335063
0.460616
0.745231
0.802057
-0.555406
-0.431135
0.819208
-0.370159
0.038301
0.162450
-0.599719
-0.264077
-0.423017
-0.781487
-0.950926
-0.279519
-0.985961
0.820124
-0.612415
-0.409528
0.678518
0.612659
-0.578722
-0.148900
-0.040254
0.366558
-0.287454
-0.799249
0.633473
-0.048128
0.221473
-0.196326
0.997131
-0.267678
0.741691
0.583728
-0.341411
-0.116916
0.104953
0.046419
0.067171
0.587939
0.760674
-0.497299
0.570788
-0.735649
-0.206946
0.657277
0.048860
0.985046
0.065096
-0.221534
-0.111667
-0.892087
-0.765191
-0.645863
-0.639149
0.528062
-0.380352
0.021638
0.417402
-0.470443
0.981140
0.796808
0.989380
0.739799
-0.236488
-0.957884
-0.276467
-0.385846
-0.026032
0.345256
-0.865169
-0.803644
-0.229469
0.929563
0.127354
-0.448653
0.871517
-0.635731
-0.943297
0.495895
-0.407147
-0.496933
0.317423
-0.650075
0.595996
0.430586
-0.177282
-0.883541
0.773125
0.816645
0.141881
-0.198889
0.685965
-0.678152
0.669179
-0.136753
0.510483
-0.921506
-0.919919
-0.950865
-0.059603
0.227393
-0.385907
0.246864
-0.780267
-0.064974
-0.916929
0.802301
-0.757073
0.758110
-0.614734
0.081027
0.473556
-0.893063
0.174963
0.480941
0.354472
-0.951170
0.605335
0.262185
0.493271
0.469955
-0.883908
-0.461653
-0.970580
0.237342
0.618824
-0.390179
-0.559313
0.460860
0.087741
-0.531724
0.573290
-0.459456
-0.370769
0.591418
0.489059
-0.668081
-0.913022
-0.511216
-0.572069
0.748405
0.105014
-0.434309
-0.534593
-0.093905
0.766350
0.682058
-0.667226
-0.225501
0.474776
0.166784
0.279214
-0.854488
-0.672475
-0.924131
0.139866
-0.423688
0.103977
-0.951598
0.229835
0.019745
0.663442
0.890500
0.140477
0.381390
-0.303507
0.711112
0.703726
-0.382183
0.378521
0.598376
-0.743889
-0.415632
0.984313
0.916868
-0.643239
-0.308390
0.764092
-0.727103
-0.730522
-0.609729
0.501633
-0.965087
0.942930
-0.275063
-0.940184
0.310587
0.148473
-0.980651
-0.942869
0.631336
-0.834040
-0.351787
-0.238990
-0.646840
-0.035188
-0.573046
0.845332
-0.509018
-0.846553
-0.252358
0.897336
-0.071139
0.441939
-0.837580
-0.027253
0.527635
0.938841
-0.723075
0.422163
0.882565
0.781426
-0.658559
0.333842
-0.128147
-0.878719
0.619373
0.052767
0.702017
-0.969054
0.899045
-0.220985
0.632008
-0.612598
0.301920
-0.707511
0.040376
-0.438093
-0.626026
0.730888
0.413251
0.872677
0.646352
0.946959
-0.777337
-0.684744
-0.871639
-0.690786
-0.848811
0.480941
-0.178869
0.223731
0.082125
0.650990
-0.516343
-0.547044
0.888241
-0.682485
-0.323588
0.269753
-0.727958
-0.658742
-0.702872
-0.191687
-0.707572
0.827692
-0.001129
0.069063
-0.636647
0.620716
0.460005
0.254433
-0.881161
-0.149998
-0.438948
0.999695
0.855098
-0.503281
0.480758
0.060579
0.948424
-0.262978
-0.684072
0.560839
-0.812555
-0.262062
-0.912961
0.263710
-0.579821
0.754814
0.903378
0.993225
0.605274
-0.073458
0.621998
-0.799188
-0.847652
-0.557482
-0.265969
-0.750237
0.551683
0.540086
-0.563463
-0.469405
0.455550
0.386822
0.493637
-0.584521
-0.910276
0.304361
-0.456038
0.852290
0.257179
-0.747490
0.453291
0.222144
-0.600757
-0.049837
-0.291055
-0.551195
-0.802362
-0.080416
0.565844
-0.202246
0.848506
0.107578
0.823298
-0.623829
0.081515
-0.228980
-0.375103
0.227577
-0.950499
-0.682058
-0.516465
0.144871
-0.497543
-0.903256
-0.302835
0.609851
-0.355998
-0.175268
-0.145360
0.122288
-0.974609
-0.006134
-0.664968
-0.784173
0.091952
0.800226
0.968810
-0.206885
-0.300455
0.731498
0.970641
0.542344
-0.288675
0.204749
-0.922788
-0.321451
0.387555
0.705435
0.700735
-0.114353
0.082064
0.370586
-0.738578
-0.050508
-0.248817
0.906247
-0.676016
-0.382916
-0.902097
-0.640736
0.385784
-0.345805
-0.998352
0.927549
0.877987
0.259682
0.993408
-0.113865
-0.432600
-0.608448
-0.186926
-0.776849
-0.602222
0.839900
0.465743
0.963256
0.189978
0.687002
0.690298
0.682241
0.767937
-0.080172
0.962584
-0.631031
-0.791681
-0.023957
-0.055269
-0.946043
-0.729972
-0.096042
-0.763604
0.136448
0.857356
0.994079
-0.614368
-0.180090
-0.999695
-0.282022
0.803949
0.035066
0.364422
0.616443
0.144444
-0.210303
0.033723
0.829463
-0.053865
-0.908811
-0.316263
-0.896176
-0.028474
-0.063936
0.018342
0.838435
-0.987793
-0.523362
0.411176
-0.880673
-0.258400
-0.908811
0.269265
-0.932493
-0.056490
-0.937437
-0.776605
0.369976
0.619861
0.631275
-0.051119
0.635426
0.774285
-0.296304
-0.831416
-0.194739
0.266091
-0.861446
0.998413
-0.738578
0.549608
0.639821
-0.927122
-0.022248
0.996643
0.616565
0.975402
-0.565355
0.956664
0.798456
0.330729
0.532823
0.441206
0.881710
0.469466
0.027009
0.308084
-0.700186
0.097201
-0.559923
-0.509323
0.114170
0.886959
0.798578
-0.800409
0.896908
-0.860530
-0.570299
-0.033723
0.289834
-0.268288
-0.974425
0.235450
-0.624195
-0.730277
-0.381451
-0.701468
0.504868
0.909055
0.800958
0.093234
-0.468917
-0.703970
0.841182
-0.443953
0.735893
-0.763421
0.143956
0.558763
0.893185
-0.059175
-0.147618
0.857662
0.633168
-0.256203
0.671560
0.995056
-0.792657
-0.099277
0.870174
0.653005
0.201697
0.736320
-0.039399
-0.840144
-0.947569
0.996765
-0.456954
-0.900876
0.275307
-0.075838
-0.159825
0.427595
-0.026887
-0.931700
0.243934
-0.571459
0.740165
0.006928
0.408551
0.534776
0.530869
-0.294778
-0.867489
-0.423078
0.029084
0.043672
0.606494
-0.032319
-0.402570
0.280313
0.611988
-0.509140
-0.358074
-0.423139
-0.645802
-0.952330
0.916257
0.407880
-0.187170
-0.475814
0.716666
-0.864193
0.533067
-0.062105
-0.443525
0.332804
-0.059420
-0.052767
0.026887
0.677297
-0.472945
-0.121128
-0.364483
0.308451
0.897275
-0.033418
0.749504
-0.873287
-0.232215
0.129307
0.024506
0.622608
-0.985412
0.108127
-0.554674
0.865352
0.689322
-0.906247
-0.473678
0.913327
0.893185
-0.717154
-0.128880
0.514206
-0.636769
0.186254
-0.815485
-0.375286
0.680776
0.070162
0.211463
0.160741
-0.620960
0.360881
0.426069
0.546434
0.186926
-0.338176
-0.156407
-0.908811
-0.162328
-0.833735
-0.965453
0.616626
0.112033
-0.591845
0.256142
0.338664
-0.682302
-0.319559
-0.221351
-0.137852
0.431745
0.018586
-0.663137
-0.718253
-0.237281
0.919736
0.008881
0.273782
-0.635243
0.734001
0.623646
0.390606
-0.922483
-0.527268
-0.186193
0.572619
0.534165
-0.250587
-0.864803
-0.826167
-0.012909
-0.818903
-0.970336
-0.804498
0.195288
-0.452864
0.656972
0.702261
0.975219
-0.393475
-0.642079
0.837397
-0.896786
-0.964171
-0.975524
0.624012
-0.645375
-0.100925
0.130650
0.956908
-0.987487
0.221473
0.746941
-0.104831
-0.146702
-0.880795
0.484909
0.428571
0.948180
0.094394
-0.051180
0.330790
-0.705679
0.443587
0.614368
-0.334696
0.599109
0.657582
-0.457259
-0.213355
-0.886715
-0.060579
-0.887570
-0.939634
-0.640980
-0.008393
-0.842830
0.964721
-0.852596
-0.018159
-0.264138
-0.513657
0.065523
0.996094
0.688894
-0.973449
-0.117466
0.363140
0.746391
0.155858
-0.758843
0.070223
0.248756
-0.046541
0.406415
0.482223
0.543748
0.714103
0.473251
-0.477523
0.121006
-0.831477
-0.215735
-0.999634
0.548387
0.571947
-0.269387
-0.009919
0.218299
0.164037
0.961913
0.111728
-0.665639
0.419965
0.776727
0.993408
-0.898679
-0.103366
0.972289
0.173193
-0.278115
-0.141575
0.313822
-0.456404
-0.111484
0.436628
-0.394147
-0.064180
-0.882565
0.711478
-0.838313
0.679189
-0.088229
0.050386
-0.746696
-0.780206
-0.786493
-0.218665
-0.440352
-0.488083
-0.787164
-0.556627
-0.568834
-0.751213
0.585131
0.534227
-0.602039
0.135289
0.103549
-0.241249
-0.842036
0.016816
-0.175817
-0.297159
-0.601184
0.932127
0.487167
-0.094821
0.123753
0.123753
0.185705
0.089511
-0.439497
-0.556444
0.747612
-0.468001
-0.102206
0.757744
-0.458113
0.216102
-0.452132
-0.618274
-0.855403
0.023591
-0.499680
-0.706534
-0.499863
0.776605
-0.181188
-0.239906
-0.846919
0.811213
-0.898618
0.556566
-0.129612
-0.081881
-0.846675
-0.449080
0.998901
0.718680
0.296548
-0.104831
-0.602405
-0.657094
-0.617664
0.742302
0.773492
-0.925230
-0.870296
0.900998
-0.719901
0.659719
-0.543382
-0.692740
0.613758
-0.642384
0.923521
0.709891
0.616688
-0.451827
-0.901608
0.144871
0.348491
-0.985656
-0.121372
-0.375896
-0.128269
0.179846
0.594165
0.861629
0.817377
0.755058
-0.079196
0.085299
0.591784
-0.961974
0.904904
0.582873
-0.736808
0.917417
0.500839
0.217017
0.355693
-0.449324
-0.027802
0.909238
-0.884762
-0.509751
-0.645314
0.529466
0.578478
0.147191
0.281716
-0.472335
0.706595
-0.029878
-0.331950
0.448164
0.488266
-0.709830
0.792047
-0.509018
0.384808
-0.784478
-0.228980
-0.004242
-0.980651
-0.486129
-0.002533
-0.520859
0.215003
-0.204138
0.694815
-0.357646
0.687246
-0.471419
-0.243751
0.095981
0.233924
-0.593066
0.029633
-0.672475
0.898801
-0.630299
0.867672
-0.152684
0.360759
0.209510
-0.508652
0.488632
0.959227
0.186987
0.005951
0.782037
0.294290
0.898373
0.569628
-0.231849
0.546678
-0.439619
-0.757866
-0.437605
-0.872188
0.467025
-0.008332
0.186316
-0.317362
0.147435
-0.144688
0.237892
-0.169958
0.035005
-0.508469
0.247658
0.591113
-0.475936
0.870907
0.382488
-0.029267
-0.792047
-0.116672
-0.201147
-0.375103
-0.919309
0.145726
0.375652
0.494064
0.501389
-0.067110
0.316141
-0.739006
0.984802
0.612232
0.014008
0.076449
0.245766
-0.986816
0.452132
-0.261086
-0.741569
-0.761345
-0.227821
-0.436995
-0.963317
-0.390179
-0.690786
-0.068880
-0.640553
0.469161
0.148717
0.154942
0.736259
0.212867
-0.005524
0.138218
-0.127293
0.163549
-0.056429
-0.885861
-0.363689
0.475204
-0.118625
0.298868
0.652516
0.378094
0.498032
0.729301
-0.490524
0.834468
-0.236915
-0.726737
0.102634
-0.336039
0.490524
0.363750
0.003815
0.958129
0.963866
0.744377
0.271584
-0.048189
-0.862545
-0.992309
-0.221412
-0.673513
0.253822
-0.535630
0.132298
0.971740
0.027375
0.235511
-0.337626
0.310099
-0.784417
-0.681753
-0.338908
-0.657949
0.351970
-0.854610
-0.301859
-0.967467
-0.469100
-0.907163
-0.375042
0.797601
0.033479
-0.116550
0.210547
-0.014069
0.525376
-0.356670
-0.367107
0.377850
-0.262917
0.027802
-0.273293
0.982788
0.428083
0.711966
-0.796625
-0.222144
0.627125
-0.154332
-0.457747
0.260414
-0.639210
-0.281961
-0.402875
-0.967345
0.551683
-0.511093
-0.766717
0.975402
-0.198523
-0.634144
0.146092
0.466292
0.383526
0.845149
-0.747246
-0.058565
-0.482589
-0.144078
0.847713
-0.461165
-0.302042
0.807001
-0.236000
-0.079684
0.693350
0.884030
-0.945677
-0.053316
-0.213172
-0.810968
-0.906125
-0.931089
-0.262368
0.138401
-0.329142
-0.225257
0.526231
-0.290750
0.721061
0.383221
0.533738
-0.017304
0.436506
0.732658
0.095431
0.760308
0.361248
0.822077
-0.059847
-0.028840
0.972839
-0.154088
-0.365459
-0.922422
-0.285806
-0.422224
0.310709
-0.789727
-0.280496
0.058931
-0.550279
-0.869747
0.922910
-0.757378
-0.718070
0.450056
0.665395
-0.016449
0.288369
0.910886
0.444929
0.453719
-0.248512
-0.802728
-0.091586
-0.191931
-0.525864
0.989135
0.958434
-0.621021
0.793634
-0.077181
0.244240
-0.883297
0.748039
0.888180
-0.740715
-0.164159
-0.532579
0.906186
0.739189
0.196387
0.117038
-0.875301
0.203528
0.428999
-0.041475
-0.248024
-0.690786
-0.268593
-0.996094
0.811945
0.142613
-0.007721
-0.102634
0.742851
-0.979675
-0.250710
0.582324
-0.349834
-0.204260
0.161840
-0.896298
-0.187231
-0.884640
0.115452
-0.564562
-0.261086
0.097140
0.844600
0.796625
-0.020600
-0.575182
0.379070
0.689749
0.314188
-0.827326
0.939879
0.996216
0.767388
0.183569
-0.028108
0.663198
-0.277810
-0.433454
-0.128758
0.155065
0.218848
0.164098
-0.717521
-0.020295
-0.643544
-0.282510
-0.073824
0.127781
-0.506027
0.509384
-0.335795
-0.032502
-0.137303
-0.314127
0.727409
-0.090304
-0.383099
0.616565
0.070101
-0.090915
-0.475387
-0.870296
-0.665212
-0.080660
0.784051
0.682180
-0.528916
0.774529
-0.506882
-0.138890
-0.410260
0.693045
-0.293558
-0.539109
-0.561876
-0.442610
-0.970214
0.738517
0.680471
-0.352641
0.994934
-0.733818
-0.666005
0.806391
-0.495468
-0.905637
0.962401
-0.718986
0.933348
-0.944639
0.369976
-0.963500
0.163854
0.436384
-0.915525
0.903378
-0.818537
0.518174
-0.123508
0.485885
-0.216407
-0.204505
0.029878
0.015778
-0.600269
-0.365459
0.859798
0.806940
0.396283
0.561876
0.904050
-0.208045
-0.026582
0.724357
-0.689871
0.969726
0.547838
-0.436750
0.902707
-0.178808
-0.857295
-0.540025
0.906674
-0.314432
-0.856685
-0.430891
0.248085
0.948241
0.040925
0.306864
-0.737236
0.904172
0.691824
-0.342448
-0.397137
0.639576
0.680715
-0.828608
0.554003
-0.356731
0.374432
0.333110
-0.745659
-0.663076
-0.294412
0.320048
0.664113
-0.120762
-0.950255
-0.268227
0.634816
-0.181921
0.340373
0.044954
-0.467025
-0.474837
-0.679739
-0.141636
-0.383160
0.431806
0.510056
-0.957762
0.638478
0.359294
-0.760796
0.760857
0.593799
-0.508957
-0.277017
-0.848262
0.804010
0.745842
-0.916746
0.006989
-0.846919
-0.213965
-0.890255
0.981689
-0.816584
-0.406171
-0.744072
0.113742
0.908811
-0.925108
-0.504013
0.543626
0.246132
0.269631
-0.437605
0.009796
0.701224
0.221473
-0.006684
-0.408490
0.815241
-0.271096
-0.858150
0.403668
0.260537
0.869747
-0.973327
-0.294961
0.744255
-0.690970
0.946471
0.697989
0.883724
-0.091769
0.865474
0.075961
-0.887204
0.243080
0.177892
-0.253700
-0.884579
0.732475
0.414899
-0.171667
-0.328532
0.552416
-0.891964
0.347148
-0.480758
0.699332
0.448958
0.339579
-0.832575
-0.075350
0.598804
0.601367
0.749565
0.628040
-0.746208
-0.152318
-0.860836
0.982910
-0.348857
0.447371
-0.805658
-0.239967
0.909970
0.524583
0.842402
-0.224586
0.307169
0.748650
-0.366619
0.213294
-0.432417
0.434736
0.247108
0.279031
0.349223
-0.776666
0.747612
-0.916623
-0.761101
0.146031
0.463118
0.716666
0.109775
0.198462
0.226417
-0.759758
-0.032807
0.768548
-0.666982
0.489486
0.203284
0.214637
0.833613
0.010346
0.103183
0.131077
-0.368633
0.822748
-0.224647
0.143162
-0.353191
-0.211341
0.016083
-0.821223
-0.548753
-0.801996
-0.170385
0.755486
0.054048
-0.684133
0.900632
0.507370
0.189062
0.543016
-0.709342
0.020112
-0.593677
-0.021577
0.829585
-0.548204
-0.418683
0.773675
0.933897
-0.722526
0.300089
0.512986
-0.974181
0.890194
-0.138401
-0.721305
0.539964
-0.166967
0.386456
-0.316019
-0.779229
0.000031
0.879086
-0.805658
0.928587
-0.057466
0.600635
0.082064
-0.450850
-0.257912
-0.190405
0.420148
0.178747
0.620716
-0.972411
-0.954100
-0.272500
-0.904172
0.289834
0.784417
-0.579455
-0.756096
0.851924
0.152989
0.767632
-0.539476
0.111301
0.327799
-0.191259
0.072848
0.499374
0.827570
0.994629
-0.732170
0.555040
0.683340
-0.399152
-0.426984
-0.719169
-0.274514
-0.155858
-0.340251
-0.368999
-0.553148
-0.077120
0.964171
0.930357
-0.885617
-0.913877
0.081515
0.580432
0.494980
-0.856136
-0.907712
0.550951
0.149266
-0.823725
-0.484420
0.977905
0.302469
0.373455
0.834101
-0.900021
0.745170
0.712333
0.567675
0.558397
-0.799921
-0.069002
-0.016266
-0.696219
0.736869
0.312601
0.342875
0.465072
0.519456
0.841792
-0.703726
0.479904
-0.290689
0.390484
0.528977
-0.438887
0.339457
-0.886959
0.266335
0.984985
0.164342
-0.612781
0.880123
0.731376
0.969115
-0.039338
-0.533372
-0.989807
-0.920835
-0.783074
0.956236
-0.625172
0.443892
0.365825
0.015961
0.898129
0.707450
-0.760979
0.889340
0.161473
0.095370
-0.813288
-0.505295
0.316019
0.367168
-0.254677
-0.489914
0.613514
-0.067904
0.363689
0.085238
-0.152989
-0.209632
-0.178198
-0.165197
-0.853328
-0.612903
-0.040620
0.128391
-0.799432
0.735160
-0.527390
0.584521
-0.993835
0.278665
-0.855708
0.610462
0.686209
0.589282
-0.832942
-0.704520
-0.031404
-0.292398
0.043489
0.894162
-0.725761
-0.134434
0.689383
-0.784967
-0.747795
0.836970
0.243995
0.505600
0.571032
-0.448714
0.582263
0.739494
-0.387799
0.257057
0.552538
-0.474715
0.499252
0.726554
0.589404
0.389752
-0.437056
-0.733757
0.005097
0.644704
0.169591
-0.797967
0.320780
-0.527696
0.187963
0.122471
0.121006
0.319987
0.201514
0.582018
0.234718
-0.720634
0.402081
0.495651
0.587512
0.733695
-0.372906
-0.390362
-0.534959
0.574633
0.964782
-0.378094
-0.849300
0.557604
-0.124668
0.598987
0.716483
0.674368
-0.563097
0.612293
-0.139378
0.452132
-0.835871
0.515976
0.448347
0.664174
-0.960875
0.175756
0.064364
-0.160985
0.470565
0.288980
-0.083651
-0.677480
-0.679373
-0.557176
0.848506
-0.851924
0.200598
-0.469649
-0.799738
0.426435
-0.600269
-0.917722
-0.445967
0.599109
0.027558
0.652760
0.717399
-0.490280
0.180273
0.834773
-0.680593
-0.709342
-0.401410
-0.217566
0.626881
-0.325907
0.241615
0.005097
0.243385
-0.540513
-0.032991
-0.458907
0.787408
0.083834
-0.214759
0.277383
-0.285073
-0.027009
-0.009919
0.621815
-0.853206
-0.173193
0.561022
-0.251930
-0.123325
0.405072
0.515427
0.979431
-0.607898
0.469955
-0.548997
-0.242103
-0.962035
0.153294
0.754509
-0.966247
0.058321
0.034761
0.732963
-0.310038
-0.308817
0.206885
0.693167
-0.483261
-0.727287
0.347087
0.028047
0.270730
-0.038301
0.084689
0.487167
-0.818110
0.261452
0.667470
-0.504135
-0.633290
0.544908
-0.593066
-0.107700
-0.052095
-0.065767
0.898190
0.982421
0.349345
-0.308817
0.551073
-0.248756
0.158361
0.725822
0.355327
0.290567
0.093234
-0.219703
-0.397687
-0.472396
-0.185461
0.003204
0.059969
-0.189123
0.525193
0.149815
0.053438
0.660939
0.461653
-0.545518
0.199927
-0.935789
-0.663991
0.297403
-0.814325
0.842708
-0.648122
0.602222
-0.238014
-0.203162
-0.760430
0.339946
-0.641469
0.573168
-0.909299
-0.424482
-0.642323
0.952696
0.221717
-0.813349
0.504135
-0.554369
-0.160375
-0.959227
0.769158
0.292398
0.866634
0.054903
-0.262551
-0.065706
0.275674
0.940428
0.180273
-0.916868
0.451033
0.185583
-0.031709
0.108005
-0.835505
-0.879452
0.137059
0.394757
0.771966
-0.863399
0.596118
0.324870
-0.385052
-0.019074
0.994934
-0.808466
-0.589404
0.709952
0.659902
-0.685171
0.025849
0.762078
-0.620960
0.354045
0.291299
0.547960
0.857479
0.737236
0.661550
0.111362
-0.966247
0.603504
0.638783
-0.426923
0.686148
-0.731498
-0.965270
-0.875546
-0.906796
0.554552
-0.774957
0.809626
0.020661
-0.663259
0.476608
0.821345
-0.229835
-0.807855
0.468307
0.403241
-0.860714
-0.394086
0.575121
-0.534593
-0.299478
-0.805841
-0.983581
0.160497
0.578600
0.281838
-0.780755
0.218665
0.161290
-0.643422
-0.265236
-0.182897
0.241676
-0.625965
0.148167
-0.743034
0.299844
0.352947
0.770196
0.695730
0.416791
-0.721427
-0.974303
0.013703
-0.107944
0.671682
-0.287210
0.057527
-0.098422
-0.776482
-0.827876
0.732841
-0.097079
-0.641041
0.412030
0.630970
0.202429
-0.018159
0.616138
-0.695059
-0.992248
0.307657
0.948546
0.359233
0.352031
-0.132237
-0.692312
-0.475692
-0.097140
0.611377
0.285440
0.238990
-0.140782
0.111667
-0.682485
-0.872738
-0.496384
0.449812
-0.392865
-0.691275
0.011689
0.189978
0.272988
-0.053560
0.356792
0.384136
-0.576037
-0.481368
-0.809381
0.499252
-0.211585
-0.143895
-0.845576
-0.621021
-0.095431
-0.942930
-0.570116
-0.235145
0.567064
-0.761834
-0.104099
0.408185
0.145970
-0.215613
-0.607532
0.391278
0.747002
-0.216834
0.085482
-0.693899
0.879208
0.632984
0.546617
-0.260781
0.537400
0.917966
-0.269997
0.477950
0.558885
0.135472
0.920591
0.860836
-0.768181
-0.063265
0.456893
0.305521
0.932920
0.329875
0.538377
0.084628
-0.390484
0.996338
-0.889340
0.103488
0.386395
0.821711
0.853755
-0.387860
-0.246559
0.264626
0.971984
0.564745
0.606494
-0.539232
-0.152318
-0.827692
-0.278237
-0.435347
-0.906858
-0.533738
-0.910031
-0.794794
-0.647511
0.075716
-0.140721
-0.695730
-0.383343
0.634632
-0.115635
0.611682
-0.776971
0.924986
0.438459
0.233924
-0.974975
0.814386
-0.021088
-0.044832
0.750053
0.120151
-0.031831
-0.608081
0.688711
-0.320780
0.310160
0.482711
-0.627918
0.469893
0.450056
0.525071
0.307352
-0.222694
-0.462630
0.139317
-0.167943
0.570910
-0.486373
0.905454
0.495773
-0.273904
-0.450117
-0.120334
0.585070
-0.641591
0.000702
-0.708853
0.972289
0.658071
0.565294
-0.504379
-0.889523
0.960997
0.240272
-0.595874
-0.289834
-0.084201
-0.480331
-0.011078
0.710807
0.542344
-0.427717
0.967528
-0.971252
-0.002411
-0.277932
0.688833
0.663930
-0.226539
0.657216
-0.456221
0.232032
-0.731925
-0.746879
-0.550035
0.077792
0.092929
-0.277139
-0.178930
-0.772576
-0.766533
0.575488
0.710318
-0.612964
-0.617725
0.360515
0.069674
-0.596484
-0.132054
0.646901
-0.647023
0.427473
-0.604846
-0.835444
-0.913327
-0.039338
-0.048006
-0.970824
0.092563
0.241188
-0.087191
0.625477
-0.099521
0.525437
-0.892026
0.410016
-0.002716
-0.129612
0.208594
0.877438
0.788934
-0.821589
0.751518
-0.209143
0.661733
-0.132420
0.168249
-0.386700
0.620899
-0.880001
-0.467635
0.636586
0.145054
0.488205
0.049715
-0.203772
0.847591
0.862850
-0.248878
-0.114109
-0.706473
0.212500
0.306497
-0.491928
-0.948851
0.104221
0.361187
0.679250
-0.757744
-0.035981
0.291787
-0.147740
-0.162023
-0.531663
0.694998
-0.415693
-0.145665
0.448042
0.532273
0.224830
0.847285
-0.670827
-0.793756
-0.681936
-0.245033
-0.898618
-0.536607
-0.647694
0.840876
-0.014924
0.993835
0.791437
0.956114
0.516648
-0.775323
-0.569811
0.560411
0.326395
0.350932
0.045015
-0.619068
-0.941771
0.744621
-0.607410
-0.419050
0.445845
-0.789178
0.236549
0.987732
0.268593
-0.347636
-0.361187
-0.016327
-0.939695
0.842097
-0.756951
0.497665
-0.168126
0.122410
-0.355510
-0.572497
0.314615
0.169591
-0.205664
-0.672781
-0.106967
0.773247
-0.537217
0.503281
-0.189001
-0.910154
0.312662
-0.179785
-0.744926
-0.554674
-0.634571
-0.072970
0.366070
0.366008
0.012848
-0.456709
0.077486
-0.113742
-0.856197
0.427961
0.979675
0.491623
0.930601
0.847591
0.135350
0.834590
0.504501
-0.833247
-0.250465
-0.554491
0.514573
-0.473128
-0.947020
-0.093844
0.393353
0.755791
-0.270180
0.812983
0.030915
0.149510
-0.267373
-0.388104
-0.802240
0.283425
-0.047212
-0.440229
-0.421613
0.448469
-0.051607
0.433088
-0.410932
0.777947
0.745598
0.123142
-0.379131
-0.262612
-0.782830
-0.066744
-0.611927
-0.069918
-0.561876
0.844478
0.065523
-0.598865
-0.401227
0.746330
0.745109
-0.336711
0.297647
-0.432478
0.546861
0.201880
0.638295
0.878903
0.547411
-0.141697
-0.486618
0.026093
0.752617
0.062349
0.458785
-0.777154
-0.231422
0.640126
0.298318
-0.033052
-0.194189
-0.689688
0.314432
0.007111
0.108371
0.870724
0.324931
-0.332865
0.961486
-0.637501
0.965026
-0.167638
-0.088595
-0.495285
-0.806391
-0.786676
-0.539476
0.487716
-0.909055
-0.984191
-0.032502
0.238990
-0.314982
-0.384014
0.016205
-0.035615
0.758415
0.717215
0.293008
-0.370342
0.491012
0.022553
0.850703
-0.754326
-0.510788
-0.239174
0.132298
0.607410
-0.833247
0.925474
-0.796686
0.675161
0.295694
-0.499863
-0.268349
-0.383404
-0.038972
-0.016816
-0.743339
0.053316
-0.068758
-0.675771
-0.426191
-0.431928
0.509262
0.995422
0.364360
0.696524
0.620045
0.377422
0.657094
-0.244606
0.748894
0.632252
0.400739
-0.512803
-0.508591
-0.142613
-0.324137
0.767937
0.372173
-0.991638
0.963500
-0.125278
-0.513535
-0.660024
0.296365
0.712210
-0.477340
-0.319071
0.524766
-0.225135
0.073397
-0.458602
0.561022
0.341533
0.195837
-0.465804
-0.689383
0.950621
-0.434492
-0.569445
0.681143
-0.763665
-0.436262
0.023164
0.116306
0.553514
0.085299
0.963805
0.759026
0.593493
-0.449324
0.379376
0.055879
-0.190588
0.772820
0.491440
-0.542711
0.129673
0.835749
0.451765
0.176489
-0.228919
0.459029
0.642323
0.107944
0.882076
-0.735221
0.838984
0.500473
-0.900204
-0.370647
-0.083712
-0.077059
-0.091220
0.423750
0.992676
0.404096
-0.114414
-0.502853
0.576952
0.378033
0.366131
-0.745293
0.449263
-0.396588
-0.269387
-0.410138
0.782464
-0.184484
0.971313
-0.481429
-0.975097
-0.474654
-0.048006
-0.294778
0.202979
0.211035
-0.637135
0.249794
-0.982116
0.001068
0.971374
-0.874752
0.686575
0.650441
-0.100253
-0.061922
-0.945311
0.220069
-0.008148
0.318339
0.573107
-0.805963
0.199622
0.372539
-0.281655
-0.432417
0.863826
0.565355
-0.006500
0.334941
-0.957579
0.378826
0.211280
0.681814
0.568957
-0.654653
0.708914
0.848811
0.951659
-0.650746
-0.872127
-0.463790
0.153050
-0.934629
-0.594043
-0.774407
-0.776360
-0.140660
-0.072909
-0.287027
-0.246681
-0.160192
-0.515793
0.715384
-0.922727
-0.607715
0.238990
0.476424
-0.807062
0.697928
0.260781
0.303140
0.297769
0.004730
0.562792
-0.911496
0.322855
0.807306
0.095309
-0.175878
0.354350
-0.091342
0.541429
-0.514573
0.598132
-0.781121
0.551500
-0.323527
0.014191
0.227638
-0.186071
0.745170
0.771172
0.817743
0.110752
0.363323
0.619007
0.740410
-0.746818
0.190954
0.799493
-0.709403
0.492172
0.570238
0.270241
0.379559
0.156285
-0.812006
0.916990
0.880551
0.490890
-0.390790
-0.129429
-0.642506
-0.392987
-0.092135
-0.268838
0.645314
-0.997253
-0.729362
-0.922605
0.304605
-0.685537
0.455611
0.784417
0.747978
-0.624317
-0.522935
-0.617176
-0.890622
-0.394269
0.607898
0.069308
-0.295572
-0.794305
-0.451216
-0.973083
0.219764
0.565172
0.653188
0.131382
0.489242
-0.245766
-0.121921
0.352092
-0.838252
-0.255776
0.842402
-0.610584
-0.892636
-0.363384
-0.420209
-0.958922
-0.336772
0.694937
-0.480026
-0.400983
-0.297952
-0.635609
0.192480
0.074129
-0.531114
0.158544
-0.581835
-0.691641
0.141636
-0.991394
-0.058626
-0.039216
0.298074
0.791986
-0.023530
-0.369304
-0.934568
0.197424
0.640187
0.814447
0.372295
-0.769097
-0.076266
-0.911802
-0.113559
-0.411420
-0.255287
0.417829
0.912046
0.762017
-0.994263
0.232826
-0.274697
0.864925
0.167272
-0.998108
0.713065
0.207862
-0.223487
0.287515
0.501267
0.335185
-0.896725
0.895016
0.120701
-0.198462
0.204138
0.862972
-0.965758
0.664907
0.586474
0.791314
0.001617
0.085055
0.363445
0.747917
0.829890
-0.013459
-0.991516
0.667837
-0.444441
0.025544
-0.513779
0.663747
-0.502670
0.071017
0.705741
-0.212195
-0.834651
-0.810175
-0.599780
-0.001679
-0.205969
0.967833
-0.484603
0.129856
0.588366
-0.247597
-0.056734
-0.977477
-0.273293
0.531785
0.791620
0.711966
0.460616
0.503830
0.627125
0.575732
-0.457747
-0.010163
0.222633
0.938963
-0.402875
-0.036164
0.551683
-0.511093
0.280984
0.975402
-0.344584
0.983947
-0.113987
0.466292
0.339763
0.932249
-0.747246
0.787469
-0.482589
-0.144078
0.623646
-0.461165
0.886166
0.383282
-0.236000
0.800897
0.693350
0.495102
-0.922788
0.047761
-0.213172
0.853633
0.578967
-0.264809
-0.159154
-0.951720
-0.357768
-0.225257
0.428816
-0.266091
-0.554186
0.383221
0.915525
-0.017304
0.481796
-0.385784
-0.117405
0.823298
0.800226
-0.906919
0.929991
0.946654
-0.624866
-0.474471
-0.298929
-0.179662
0.836177
-0.422224
0.500412
-0.789727
-0.280496
0.058931
-0.366131
-0.206153
0.702139
0.235878
-0.119785
0.690542
0.572863
0.986755
0.148228
-0.822077
0.444929
-0.087924
-0.248512
-0.802728
-0.091586
-0.810846
0.869564
-0.090487
0.444624
-0.621021
0.342021
-0.262734
-0.191565
-0.883297
-0.556688
0.888180
0.077609
-0.909726
-0.922483
0.906186
-0.758660
0.196387
-0.149144
-0.875301
0.280618
0.428999
0.189306
0.577013
-0.299783
-0.268593
-0.762871
0.811945
0.142613
-0.007721
-0.102634
-0.118686
-0.281411
-0.250710
0.582324
-0.250649
0.137181
0.898740
-0.896298
-0.692923
0.544603
-0.184118
0.196692
0.974975
0.867000
0.437117
0.423811
0.499374
0.559313
-0.071017
-0.950072
-0.381451
0.611377
0.939879
0.996216
0.596850
-0.232521
0.412580
0.884213
0.546800
0.042024
0.728568
-0.256569
0.712394
-0.067904
-0.085360
-0.599109
0.509812
-0.282510
-0.073824
0.127781
-0.251503
0.432173
-0.335795
-0.032502
0.206641
-0.271340
0.727409
-0.284219
-0.830683
0.574145
0.474715
0.202368
-0.261940
-0.659169
-0.665212
0.917600
0.784051
0.682180
-0.528916
-0.519944
-0.506882
-0.468429
0.063936
-0.375958
-0.293558
0.147618
-0.543748
-0.901547
0.791009
-0.742790
0.049715
-0.519761
-0.355327
-0.733818
-0.666005
0.543382
-0.352397
0.913572
0.453047
0.810785
-0.917539
-0.337687
0.760308
-0.963500
0.135533
-0.017914
-0.971435
0.903378
0.917600
-0.819086
0.807672
-0.327738
-0.387188
-0.084689
0.029878
-0.010712
-0.943968
0.102451
0.742851
0.810785
0.845882
-0.712821
-0.084384
0.425520
-0.026582
0.724357
-0.161351
-0.338359
-0.218604
0.640614
0.573962
-0.178808
-0.370769
-0.166723
0.906674
0.090182
-0.161412
-0.798090
0.248085
0.523179
0.040925
0.138218
0.372723
-0.004120
-0.941160
-0.342448
0.867061
0.553270
0.681570
0.618763
-0.213355
0.014435
0.753166
-0.569933
-0.905942
-0.663076
-0.294412
0.829951
0.096652
0.854427
0.697134
-0.315775
0.634816
0.486007
0.227088
0.309977
0.517930
0.244667
0.638417
0.335002
0.032929
-0.714347
0.510056
-0.644093
-0.581408
0.046236
-0.760796
0.760857
0.593799
-0.388775
-0.927061
-0.848262
0.804010
0.745842
-0.916746
0.426740
-0.359905
-0.213965
-0.097690
0.750664
0.322062
-0.250649
-0.849116
0.410993
-0.911985
0.845576
-0.828425
0.543626
0.246132
0.269631
-0.887753
-0.532212
-0.872372
0.221473
-0.006684
0.952696
-0.939756
-0.446150
0.258095
0.290017
0.879452
-0.228004
0.478500
0.364849
-0.395734
-0.775933
-0.759209
-0.602527
0.028718
0.497848
0.792535
-0.372417
-0.887204
0.243080
0.421552
-0.357891
-0.239113
0.310282
0.837580
-0.615162
-0.262123
0.677175
0.925962
-0.416791
-0.160070
-0.737602
-0.528184
-0.751274
-0.462691
-0.295755
0.598804
0.372600
0.749565
0.628040
0.650929
0.547777
-0.860836
0.982910
0.206336
0.447371
-0.590686
-0.772881
0.299539
0.891049
-0.371319
0.218360
0.307169
0.699087
-0.366619
0.003082
0.741813
0.187719
0.247108
0.279031
0.747551
0.035493
-0.637623
-0.916623
-0.761101
0.413312
0.177404
-0.606555
0.109775
0.198462
-0.782952
-0.398358
-0.032807
0.471725
0.842280
0.489486
0.984924
0.562487
-0.957884
0.518540
0.718925
-0.247780
0.552599
-0.248390
-0.160802
0.786920
-0.285928
-0.125095
0.705313
0.368816
0.223365
-0.801996
-0.170385
0.755486
0.054048
-0.212256
0.900632
0.414533
-0.373211
0.602649
0.601550
0.777825
0.688650
0.448714
0.737114
0.078585
0.482589
-0.678701
0.824213
-0.533799
