0.715079
-0.746574
0.900876
0.036348
-0.109592
0.647206
-0.172704
0.277200
0.742119
0.530320
-0.850764
0.091159
0.105014
0.609546
0.923032
0.227454
0.142369
0.383465
0.186743
-0.689932
0.087069
-0.046297
0.468123
0.890500
0.964904
-0.602588
-0.931150
-0.868038
0.089145
0.025056
-0.997620
-0.375408
0.851924
-0.172582
0.282815
0.651234
0.214393
0.327799
-0.191259
-0.814631
-0.265786
-0.704215
0.688284
-0.596118
0.492843
-0.961119
0.584887
-0.426984
-0.787469
-0.679312
0.041475
0.751213
-0.910215
-0.336711
-0.709586
0.241493
0.107212
0.286477
-0.219581
0.135472
0.747795
0.283242
-0.542711
0.028047
-0.253212
0.251320
-0.414411
-0.787286
-0.036714
0.517624
0.367534
-0.412946
0.968566
-0.365459
-0.601001
0.209082
-0.971740
0.200537
-0.175268
0.641102
-0.674673
0.026093
-0.966185
0.737358
-0.164159
-0.243507
-0.923399
0.404950
-0.487716
0.609851
-0.950865
-0.746513
-0.371136
-0.193274
0.748833
-0.376873
0.765618
-0.795343
0.176794
0.335856
0.688162
-0.979614
0.232521
0.722159
0.570605
-0.145421
-0.885556
0.540086
-0.441511
0.398175
-0.512375
0.464095
-0.497726
-0.686514
0.022370
0.919858
-0.457991
0.574023
-0.813288
-0.907407
-0.241310
0.326823
0.852596
0.090487
0.987243
0.640858
0.439314
0.299905
-0.043550
-0.813166
0.237953
-0.926328
-0.679312
0.247841
0.979003
0.035432
0.890439
-0.008637
-0.028962
0.755669
0.578356
0.474166
0.353984
0.721305
-0.665883
0.455855
-0.026582
-0.704520
-0.770623
-0.544359
0.476302
-0.773125
0.459944
-0.492355
0.956725
0.341411
-0.480026
0.437910
-0.180334
0.965331
0.603015
-0.341350
-0.620655
0.391827
0.280251
-0.398907
-0.612781
-0.572924
0.990539
-0.592151
-0.700247
-0.658010
0.507065
0.717338
-0.671010
-0.911618
-0.080416
-0.545457
-0.456954
0.086886
0.775018
0.760247
-0.444685
-0.274819
-0.562609
-0.701224
-0.726249
0.621998
0.013642
-0.216956
0.263955
0.604846
0.464705
0.547288
0.363323
0.537278
-0.706168
0.100864
-0.512558
0.714469
0.177404
-0.829829
-0.297647
0.416120
0.599536
0.872433
-0.578845
0.425764
0.070406
0.030915
-0.705618
-0.346660
-0.173193
0.586413
0.682546
0.367290
-0.708548
0.466597
-0.555528
-0.395001
-0.842647
-0.131870
-0.587207
-0.479659
-0.615345
-0.405255
0.137669
0.615162
0.753410
-0.358928
-0.445967
0.632801
-0.484603
-0.302408
0.606738
0.537461
0.092013
0.626759
-0.990417
-0.162633
0.927000
0.558214
-0.392682
-0.203833
-0.776299
-0.342998
-0.563768
0.102268
0.051912
-0.430952
-0.818903
0.900754
-0.394391
-0.054659
-0.111362
0.716361
-0.009919
-0.732475
-0.930418
0.300699
0.080844
0.717215
0.570116
-0.200964
-0.522691
0.839228
0.953368
0.877010
0.137364
0.803827
-0.877804
0.212622
-0.418622
0.423933
0.455123
0.665883
0.732963
-0.706656
-0.021516
0.864986
0.177648
-0.041658
-0.449934
0.000641
-0.722648
0.614734
-0.585925
-0.248939
-0.593921
0.190405
0.382794
0.065828
0.706046
0.831172
0.877194
0.666311
-0.361126
0.420576
-0.012665
0.060335
-0.754265
-0.397931
0.992370
-0.662282
-0.513047
0.919248
0.490280
0.246437
-0.151402
0.070040
-0.001251
0.981445
0.917051
0.296243
0.792230
-0.236854
-0.399518
0.402020
-0.381329
-0.674245
0.660939
-0.274392
-0.013153
-0.714164
0.569140
0.598010
-0.691275
0.147496
0.792779
-0.554369
-0.111850
0.033906
0.045686
-0.828730
-0.976562
0.700186
0.365398
-0.819880
0.540452
-0.642323
0.475753
0.357402
-0.971923
0.650319
-0.472213
-0.173498
0.993164
0.492233
-0.991943
-0.955565
-0.150243
0.245643
0.793878
0.554857
0.463363
0.434553
0.903500
-0.180700
-0.073092
0.903867
-0.404096
0.112461
0.778558
0.254616
0.233497
0.078463
0.603687
0.229408
0.523301
-0.753838
0.125706
-0.751274
-0.979858
-0.999878
-0.187658
0.791620
-0.910215
-0.789789
0.303934
-0.185583
0.803278
-0.356059
0.127293
-0.496872
-0.550951
0.020112
0.404035
0.587024
0.463485
-0.533128
0.075472
-0.971374
0.238441
0.427290
0.633351
0.070894
0.451033
-0.217994
0.643300
0.859493
0.438520
0.487472
-0.560595
0.404279
-0.807855
-0.446394
-0.490341
0.182836
-0.728751
-0.760613
-0.299112
0.398724
0.864498
0.424116
-0.811823
0.578600
0.267495
-0.359905
0.266152
0.500412
-0.796075
-0.993530
0.503891
-0.507859
-0.517075
0.306436
0.537034
-0.777886
-0.445296
0.974731
0.410138
-0.033540
0.722526
-0.801386
0.910337
0.165685
-0.913755
0.510117
0.699759
0.437788
-0.235267
-0.393536
0.293252
0.762200
0.742607
-0.316813
0.235328
0.202429
-0.874813
0.231910
0.030793
0.747917
0.681265
-0.187109
0.058138
0.744865
-0.243812
0.740043
-0.192236
0.210120
0.426313
-0.300638
-0.999145
-0.561998
0.452925
-0.408185
-0.775140
-0.907468
-0.328837
0.795465
-0.711234
-0.866634
0.911618
-0.833979
0.229041
0.064608
0.748405
-0.277505
0.362774
0.564928
-0.714713
0.082675
-0.995239
0.182531
0.315714
0.460982
-0.299356
0.557115
-0.615345
-0.084933
0.202002
0.527940
-0.231422
-0.022065
0.090121
-0.877438
-0.911740
0.024506
-0.216834
0.155492
0.426923
-0.178747
-0.667043
0.040193
0.699454
0.212256
0.657643
-0.286416
0.484787
-0.294656
-0.352580
0.600146
-0.015839
0.811457
-0.081149
-0.900815
-0.515671
-0.542589
-0.963988
0.111728
-0.257851
-0.200903
-0.998291
-0.984313
-0.641041
-0.694143
-0.073092
-0.043184
0.749687
-0.284158
0.152806
-0.230079
-0.326823
-0.076815
-0.603320
0.268715
-0.462264
0.352886
-0.838679
0.247475
-0.557665
0.500351
-0.275246
-0.006317
0.503159
0.617847
-0.089206
-0.038484
-0.518174
-0.022126
-0.554125
-0.470077
0.515061
0.173376
0.233924
0.807184
0.640309
-0.648915
-0.588366
0.866146
-0.027009
-0.564196
-0.603442
0.193152
0.345317
-0.784845
-0.016144
0.483932
0.807428
0.209143
0.141453
0.307352
0.066134
-0.783624
-0.794183
-0.609363
-0.762017
-0.545518
-0.462996
-0.127964
0.813105
-0.686026
0.984985
-0.032991
0.942991
0.301065
0.795404
0.753166
-0.790338
0.872188
-0.531419
0.620777
-0.567980
-0.683706
-0.276284
-0.004913
-0.235389
0.139744
0.455489
0.806391
0.113804
-0.317545
-0.550707
-0.682485
-0.537156
0.883480
0.731742
-0.761162
-0.359722
0.657216
-0.456221
-0.756340
0.710135
0.685049
-0.043977
0.812067
0.648793
-0.229957
-0.091708
0.536607
-0.326945
0.849055
0.366131
0.482345
0.436323
-0.803583
-0.275613
-0.596484
0.353008
-0.215186
0.814875
0.991394
-0.125034
-0.112949
0.887265
0.869991
0.193945
-0.660390
0.092563
-0.981933
-0.289712
-0.227760
0.182348
0.371990
0.319437
0.808954
0.100192
0.017487
-0.455123
0.619190
-0.666372
-0.434858
-0.074374
0.447005
0.579882
0.043062
-0.900754
-0.691580
-0.382061
0.533616
0.372600
-0.807978
-0.937010
0.131199
0.810114
-0.138951
-0.021027
-0.478256
-0.621326
0.136021
-0.722892
-0.240272
-0.043428
-0.491928
0.542650
-0.727531
0.361187
-0.261757
-0.641102
-0.371319
-0.992248
0.016327
0.474899
-0.220740
0.694998
0.681936
0.032502
-0.119053
0.207007
-0.973205
-0.352458
0.766839
0.131626
-0.157811
-0.444990
-0.222571
0.760125
-0.237098
0.517258
0.589831
0.993835
0.431074
0.936949
0.300455
-0.775323
-0.748589
-0.885372
-0.647023
0.108615
-0.659658
0.690603
0.060762
0.258034
0.806879
-0.410504
0.697989
-0.781915
-0.666555
-0.363384
0.970336
0.029633
0.280068
0.031587
0.554552
-0.637684
-0.064486
-0.331034
-0.529893
-0.974120
-0.355510
0.644093
0.630360
0.956236
0.077914
-0.791070
0.110569
0.108921
0.288064
-0.363323
0.129795
0.652577
0.116794
0.667165
-0.451155
-0.344646
0.680898
-0.033906
-0.110141
-0.884213
-0.664357
-0.000397
-0.867855
0.278115
0.111484
0.803522
-0.893185
-0.732719
0.863948
-0.644948
0.005158
0.800958
-0.410688
0.752495
-0.250465
-0.554491
0.514573
-0.892514
-0.062166
0.119419
-0.149876
-0.408612
-0.834529
-0.822138
0.023652
0.149510
-0.095798
-0.391705
0.271096
-0.456465
-0.571581
-0.408368
0.358806
0.397748
0.912717
-0.534227
0.346843
-0.647267
0.497848
-0.633839
-0.033662
0.853938
0.396649
-0.575426
0.570055
-0.843562
-0.561876
-0.913755
-0.684256
0.091464
0.532395
-0.368267
-0.264077
-0.403424
-0.606861
0.935484
-0.207434
-0.244667
-0.136570
-0.739250
0.286538
-0.695486
0.131809
0.766472
-0.816889
-0.546373
-0.635609
-0.777154
0.085360
0.029084
0.144200
-0.923338
0.862728
0.153905
0.028169
0.313028
-0.785821
0.632130
-0.471480
-0.305155
-0.880551
0.533067
-0.543504
0.695364
-0.195349
0.396405
-0.219825
0.929136
0.010895
-0.826289
0.036470
0.184118
0.369427
-0.234474
0.123325
0.627369
0.026154
-0.961852
-0.657094
-0.358501
-0.704154
-0.172704
0.830683
-0.231361
-0.297342
-0.539048
0.776482
-0.525742
0.699026
-0.228370
0.406354
0.154942
0.155919
0.888974
0.629017
0.565844
0.793695
-0.244850
0.164830
0.536973
-0.472823
-0.495407
-0.029633
-0.020844
0.594104
-0.324808
-0.983520
0.906064
0.441206
0.362407
-0.050569
-0.676443
0.492660
0.788018
-0.208411
0.027070
0.353984
0.663015
-0.559923
0.298929
0.567553
-0.450850
-0.383221
-0.419233
0.790216
0.691397
0.046602
0.085971
-0.637318
0.055757
-0.430036
-0.622852
-0.376019
0.341105
0.073397
-0.110630
0.944334
0.799432
-0.142796
-0.465804
0.446760
-0.020112
0.755486
-0.569445
-0.721244
0.298502
-0.289041
0.389935
0.548021
0.846858
-0.365825
-0.418134
-0.265481
0.667409
-0.622974
0.931944
0.055879
0.701529
0.391278
-0.534532
-0.299234
0.254799
-0.050874
0.011505
-0.165563
0.591601
-0.988159
0.160985
-0.931333
0.273782
-0.735221
0.498093
0.948302
0.010895
-0.855586
0.045442
0.489303
0.294107
-0.893368
-0.745476
0.375713
-0.402020
-0.443831
0.800165
-0.888852
0.024384
-0.699637
0.626331
-0.839167
0.063631
0.616565
-0.252052
-0.184484
0.146092
-0.837031
-0.011200
0.383038
0.549242
-0.746391
0.134739
-0.987060
-0.752251
0.484481
-0.742241
-0.445723
0.396405
-0.822260
0.957518
0.650441
0.456648
-0.144810
-0.906980
0.194494
0.447798
0.435041
-0.986328
0.701712
-0.045869
0.981506
0.824702
-0.269204
-0.240699
-0.937193
-0.031648
0.147801
-0.713858
0.378826
0.589282
0.681814
0.312296
-0.691885
0.647694
0.279580
0.884945
0.041658
0.822443
0.447798
0.153050
0.821345
-0.357952
-0.518845
0.930784
0.097812
-0.585559
-0.156041
0.574084
-0.432600
-0.016572
0.050996
-0.496872
-0.377850
0.984252
-0.749687
-0.714957
-0.918516
-0.647023
-0.293191
0.281961
-0.684133
0.861568
-0.911496
0.304056
0.119236
0.699149
0.444502
0.074190
-0.527573
0.526048
0.140294
0.450301
0.879208
0.028962
-0.996948
0.734428
0.580004
-0.683645
-0.362285
0.812677
-0.579760
-0.046541
-0.816950
-0.815790
-0.385907
0.245338
0.803339
-0.213172
-0.618580
-0.263161
0.968505
0.922422
0.078707
0.402936
0.159337
-0.795160
-0.558641
-0.307840
0.004242
-0.413556
-0.636891
0.524339
-0.393353
-0.510483
-0.981628
-0.972716
-0.601794
-0.876888
0.160192
-0.898984
0.354534
0.713675
0.892819
0.389325
0.449202
-0.300821
0.723380
0.616993
0.489731
-0.632679
0.572436
-0.334330
0.214087
-0.582324
0.074740
0.839351
0.606006
0.333232
0.439985
0.909970
-0.959655
0.527268
0.769219
-0.054659
-0.413739
0.589343
-0.671682
0.667470
0.329020
0.325358
-0.894711
-0.647755
-0.367473
-0.725211
0.116489
-0.318522
-0.987671
0.074129
-0.673025
0.887692
0.450423
-0.026215
0.669790
0.773309
-0.509507
0.855159
0.116062
0.570177
-0.481063
0.564989
-0.824946
0.503342
0.640187
0.400555
-0.568651
0.822748
0.141758
0.244911
0.433088
-0.330241
-0.109958
-0.108127
-0.431990
0.405683
-0.978454
0.572436
-0.326151
-0.302042
0.659597
-0.749077
-0.377544
0.110080
-0.262246
-0.063265
0.501267
0.976318
0.292398
0.473983
-0.907407
-0.558519
-0.058992
-0.473739
-0.181555
0.574877
-0.931333
0.791314
-0.021699
-0.451277
0.072176
-0.179113
0.227454
0.590930
-0.569262
0.111118
-0.751579
0.551439
-0.192663
-0.650197
0.151524
-0.469588
0.536607
-0.582751
-0.352641
0.129368
-0.624317
-0.660085
0.595325
-0.709647
0.259682
0.016999
0.191443
-0.727775
-0.915708
-0.698050
0.908200
-0.589587
0.512131
0.698843
0.629322
0.148045
-0.194617
0.332194
0.098300
-0.739067
0.178198
-0.263405
0.862484
-0.822687
0.598560
-0.615162
0.706412
0.338359
-0.288797
0.782647
-0.820063
0.413129
0.780389
-0.977355
0.039338
0.787469
-0.949522
0.664480
0.770135
-0.518174
0.536790
0.357830
0.211035
0.341716
0.493515
0.328898
-0.441755
0.959838
0.236305
0.388531
-0.978454
-0.806574
-0.950621
0.888180
0.730094
0.058687
0.108921
0.054598
0.344523
0.679617
0.960936
0.820124
0.423383
-0.385784
0.085788
0.072909
0.319254
0.479720
-0.645070
0.471358
0.139378
0.779168
-0.464034
-0.119236
-0.796381
0.942869
-0.249062
-0.166417
0.684439
0.645619
0.274270
-0.543260
0.922910
0.228919
-0.360271
0.563768
-0.013215
-0.479720
0.359783
-0.835749
0.580065
-0.871883
-0.874447
-0.052461
0.824335
0.382122
-0.576769
0.913205
-0.837947
0.427107
-0.066561
0.917112
-0.614978
-0.087130
0.072970
0.322123
-0.995666
0.835505
-0.274514
0.906186
0.361736
0.007294
-0.267129
0.608448
-0.348247
-0.481429
-0.391522
-0.337382
-0.395917
-0.731620
0.567614
-0.942137
0.292337
0.348979
-0.899594
0.355083
0.262673
-0.250710
0.395062
-0.978942
0.966918
0.297952
-0.202185
-0.476730
-0.859066
0.375225
0.164525
0.390667
-0.852840
0.867855
0.002533
0.652516
-0.219092
-0.835627
0.752495
-0.771233
0.633473
0.447981
0.319498
0.904050
0.112583
0.728263
0.558763
0.699026
0.042024
-0.054964
-0.592578
-0.783441
-0.967956
-0.421735
0.010468
0.509812
0.230873
0.171667
1.000000
-0.251503
-0.665456
0.128147
-0.187414
0.398846
0.884640
0.655934
-0.747063
-0.949644
0.483627
-0.783990
0.459883
0.825251
-0.052095
0.569689
0.655934
0.181860
-0.308390
-0.443525
-0.944212
0.541490
0.908567
-0.314920
-0.806635
-0.441755
0.868831
0.133946
-0.948363
-0.213660
-0.276833
-0.887265
0.917173
-0.179418
0.177465
0.377056
0.047578
0.588061
-0.937254
-0.696097
0.212439
-0.744987
-0.337687
-0.301187
-0.001679
0.278054
0.373577
-0.876278
0.429975
-0.218360
-0.359111
-0.256264
-0.017975
-0.251198
-0.783929
-0.869930
-0.585498
-0.725089
-0.168737
-0.810785
0.984802
-0.017365
-0.116855
-0.084384
-0.030610
0.592761
0.704642
-0.566149
0.216590
-0.059359
-0.858394
-0.643178
0.941588
-0.779046
-0.529160
0.906674
0.783441
0.490280
-0.523484
0.432417
-0.687490
0.628346
0.592029
-0.611744
0.422407
-0.754265
0.121860
-0.164220
0.074496
0.098483
-0.504318
-0.026765
-0.923154
0.284158
-0.727165
0.168859
-0.978454
-0.876888
-0.277383
0.198279
-0.724662
-0.445479
-0.229286
-0.728751
0.544298
-0.955443
-0.769890
0.517930
-0.681997
0.083102
-0.197790
-0.834956
0.500412
-0.007965
-0.644093
0.429121
0.523545
0.550523
0.063875
0.593799
-0.294107
0.834895
0.252297
-0.390179
-0.961241
0.098605
-0.137608
-0.162328
0.859127
0.214576
-0.945860
-0.299722
0.255654
0.440229
-0.175817
0.218299
0.919431
-0.484787
-0.031404
-0.919492
0.269631
-0.407697
-0.605701
0.871029
0.524888
0.296731
0.746330
-0.898679
-0.949156
0.180639
-0.323893
0.809565
-0.193884
-0.014618
0.431867
-0.683645
0.915891
-0.680837
-0.006378
0.331645
-0.386456
-0.398846
-0.546739
0.008393
0.210364
-0.626637
-0.111667
0.004120
0.377117
-0.692740
-0.477218
-0.415265
-0.943907
0.065035
0.739494
0.468795
-0.116184
0.601367
0.419599
0.468978
-0.984130
0.081576
0.251503
-0.404035
0.110508
-0.462691
-0.470199
0.894162
-0.474227
0.390728
-0.720878
-0.796869
0.173132
-0.231971
0.742851
-0.546556
0.695791
0.063692
-0.683462
-0.560717
0.435224
-0.377422
-0.640614
-0.145604
0.896237
-0.278115
0.644215
0.246498
-0.916623
-0.680410
-0.699149
0.201636
0.455428
-0.549669
0.198462
-0.528794
0.808405
0.390790
-0.929136
0.541368
0.620594
0.984924
-0.443525
0.196570
-0.138585
0.574511
0.056063
0.895810
-0.248390
-0.881405
-0.241798
-0.246742
-0.221656
0.842769
0.368816
0.223365
0.759941
0.310709
0.755486
-0.067843
0.478500
0.981506
0.997925
0.612842
0.384503
-0.259499
-0.687796
0.986877
0.176611
-0.335612
-0.351238
0.131138
-0.612476
-0.430769
0.140843
