-0.660878
-0.282205
-0.101352
0.374126
-0.110141
-0.357402
-0.784600
-0.858638
-0.758599
0.042390
-0.787042
-0.191687
-0.559862
-0.559191
-0.827998
0.046541
0.161534
0.638661
-0.726005
0.180273
-0.106662
0.332316
0.439253
-0.601306
0.398480
0.054292
0.000153
-0.002716
-0.563280
0.990234
0.716239
-0.791559
-0.776116
-0.391766
-0.749077
-0.913144
-0.485946
-0.035493
0.073946
-0.321329
-0.376629
0.703726
-0.314859
-0.286843
-0.337931
0.066134
0.705313
-0.138340
-0.753044
0.615955
0.114597
-0.667104
0.200110
-0.453719
0.063692
0.456709
0.004791
-0.698111
0.761467
-0.563646
-0.420392
-0.884701
-0.459639
-0.542222
-0.542772
0.194861
0.452620
0.674917
-0.451949
-0.056551
0.771905
-0.658315
0.777459
-0.430464
-0.639454
0.078219
0.676138
-0.056368
0.943113
0.388531
0.770440
0.772393
-0.334452
0.702261
-0.296121
0.450179
0.548753
-0.512558
-0.065157
-0.180456
0.020661
0.634510
-0.195715
0.919797
0.034516
-0.905087
0.776177
0.522080
0.758538
-0.248695
0.348674
0.843074
0.730033
0.351543
0.405866
0.503464
0.389447
-0.678091
0.501083
-0.216773
-0.477157
-0.097324
0.581103
-0.062166
0.492660
0.751579
0.263283
-0.405683
0.130589
-0.085055
0.732719
-0.900815
0.112339
-0.440352
0.344401
-0.055147
-0.304849
0.183386
-0.014801
0.492050
-0.551866
-0.636647
0.951476
-0.401776
0.480331
0.644826
-0.592639
-0.731132
-0.778436
0.432478
-0.963622
-0.429182
0.743889
0.356731
0.269631
-0.607593
0.726798
0.373455
0.735710
0.443403
0.536851
-0.678823
0.045686
-0.709525
-0.896603
0.199316
0.485885
-0.080050
-0.557237
-0.691458
0.396954
-0.297647
-0.450911
0.401288
-0.937864
-0.273476
0.936338
0.255654
0.877987
0.593677
0.952757
0.744926
0.385418
0.775018
-0.356304
-0.111240
0.104648
-0.198157
0.673452
-0.292764
-0.880367
-0.634510
-0.117100
0.832881
0.907285
-0.297281
0.431806
-0.122105
-0.022553
0.046907
-0.014740
-0.472396
0.192541
-0.299905
0.159581
0.681326
0.966247
-0.937071
0.778497
0.031465
-0.513169
0.826899
-0.681875
-0.215857
-0.187536
0.961547
-0.277932
0.225990
-0.719352
0.671133
-0.927854
-0.592334
0.988220
0.404950
-0.099582
0.922727
0.068758
0.428510
-0.947813
-0.815363
-0.945372
-0.164098
0.239906
-0.681936
0.759880
0.090121
-0.219886
0.971801
-0.751396
0.968383
0.200537
-0.266518
0.463729
-0.820795
-0.687429
-0.641346
0.300516
-0.587451
-0.415143
-0.236000
-0.642506
-0.920591
-0.765191
-0.645863
-0.192236
0.054537
0.574999
-0.848994
-0.125889
0.170751
0.972533
-0.572924
0.195044
0.722098
-0.095859
0.949034
-0.879757
-0.944761
0.474166
-0.239357
0.566759
-0.263222
0.839900
0.936949
0.087313
-0.232521
0.871517
-0.960814
-0.408429
-0.212622
0.815302
0.582385
-0.713065
0.087497
0.543260
-0.275185
-0.217689
0.043916
0.220923
0.304178
0.505112
-0.399518
-0.944029
0.042207
0.670522
0.837153
0.024812
0.631153
-0.919919
0.641896
0.407270
0.611805
0.982360
0.809076
-0.974853
0.637135
0.542467
-0.813349
0.818110
0.617481
0.468978
0.964904
0.473556
0.861080
-0.190893
-0.728263
0.932798
-0.674429
-0.956542
-0.148106
-0.778558
-0.713187
0.062960
-0.581896
-0.342448
-0.729179
-0.922300
-0.439375
-0.821955
-0.507736
-0.004059
0.762871
0.723685
-0.539720
0.923338
-0.417646
-0.961547
0.084567
-0.869503
0.308634
0.279214
-0.421186
-0.232154
-0.454085
-0.212012
-0.384869
-0.041047
0.897275
0.639454
0.358867
-0.109836
0.861019
-0.237098
0.164586
0.432905
0.228919
0.985534
0.497116
0.743278
-0.951598
0.130039
-0.257790
-0.886166
-0.849116
0.587207
-0.938658
0.695059
0.555223
0.790216
-0.058321
0.143773
-0.707511
0.720084
0.987732
0.982055
0.956175
-0.063570
0.134251
0.835383
-0.857662
-0.315958
-0.695608
-0.551317
0.685537
0.458052
0.190466
0.669179
0.587634
0.832575
0.755058
-0.915525
-0.292337
-0.394391
0.917722
-0.661245
0.781671
0.248695
0.410993
0.281961
0.981567
-0.333720
-0.561022
0.736076
-0.908383
0.345622
0.742119
-0.363140
0.522691
-0.086886
-0.130039
0.914548
-0.180944
-0.628101
-0.760796
0.848750
0.522141
0.891171
-0.601550
-0.924741
0.825922
-0.153356
0.129856
0.456771
-0.313761
-0.658986
0.908017
-0.373089
-0.027436
-0.790094
-0.970641
0.666860
0.344035
-0.665090
-0.455123
0.250038
0.611621
-0.449690
-0.254555
-0.547777
0.261940
0.791192
0.289590
0.102084
0.409650
-0.342387
0.279092
0.267495
0.081027
-0.611927
0.439985
0.971007
-0.727958
0.830988
-0.537645
-0.465560
0.539109
-0.063509
0.918210
-0.174474
-0.479110
0.923704
0.234779
-0.981384
0.540880
-0.149998
-0.772515
-0.075106
-0.487167
0.114292
-0.290201
0.347514
-0.615711
0.969787
-0.079684
0.506272
0.561144
0.035798
-0.696341
0.030915
0.732414
0.811029
-0.617847
-0.613636
-0.841304
-0.211707
0.884640
-0.914670
-0.394757
-0.678640
-0.319437
-0.372417
-0.597339
0.017548
0.843684
-0.998291
0.106479
-0.044893
-0.723258
0.957518
0.391522
0.254555
-0.409345
-0.557421
-0.268593
-0.823359
-0.874935
-0.349528
0.725822
-0.049837
-0.279092
-0.540941
-0.328898
-0.839106
-0.325175
0.959777
0.857845
-0.632374
0.535508
-0.286294
0.089022
-0.307352
-0.296670
0.220008
0.206641
-0.182409
0.009491
-0.220923
0.588061
0.647267
-0.439375
-0.182165
0.375408
0.993042
0.777642
-0.197058
0.251381
0.335795
0.262490
-0.810846
-0.143468
-0.949583
0.975646
-0.154942
-0.596179
-0.284646
0.021393
-0.270791
0.201880
0.522080
-0.977599
-0.607715
-0.045747
0.572130
0.280801
-0.665151
0.745598
-0.886959
0.191687
0.524705
-0.562975
0.906247
0.222633
0.406232
-0.916684
-0.895016
-0.963012
-0.021821
0.861263
-0.504685
0.538560
0.725578
0.042024
-0.113865
-0.180273
-0.761834
0.731559
0.325053
0.357280
0.878780
0.098727
-0.237526
-0.228492
0.830988
0.835200
0.321635
0.730705
-0.615345
-0.170324
-0.176366
0.079623
0.574389
-0.181188
0.461043
-0.153844
-0.468673
0.784845
0.951659
-0.930235
-0.667104
0.624500
0.868099
-0.606311
0.686270
0.803949
-0.590381
-0.470504
0.752373
-0.357219
-0.987121
0.401410
-0.030732
0.038972
0.996216
-0.008637
0.084384
0.807001
-0.743828
0.100314
0.617786
0.327921
0.575976
0.411176
-0.939879
-0.214393
-0.799249
-0.683279
0.107944
-0.046419
-0.039705
0.691885
0.369976
0.581957
0.709525
0.416852
-0.686697
-0.472884
-0.699576
0.585986
-0.090060
0.265114
-0.228309
-0.292398
-0.705863
-0.026399
-0.527573
0.565783
-0.948912
-0.490219
-0.996216
0.571642
-0.504013
-0.512009
-0.644093
-0.988403
-0.219520
-0.891537
-0.100620
-0.142918
0.027009
-0.509323
0.576464
0.348796
0.387616
0.723380
0.704947
-0.498276
-0.738578
-0.995117
-0.989990
-0.284158
-0.808405
0.248634
0.670827
-0.268288
0.041536
0.577746
-0.224158
-0.891232
-0.346355
0.232459
-0.323649
-0.185339
-0.360759
-0.553758
-0.433515
-0.426130
-0.690298
-0.301920
0.246803
0.772088
-0.356059
0.916379
-0.769585
-0.633595
-0.308023
-0.188574
-0.934507
0.275063
-0.074923
-0.840083
-0.535142
0.844600
0.374920
0.485824
0.676199
0.034089
0.618030
0.356975
-0.317423
-0.026276
0.814875
0.460677
-0.779839
-0.972228
0.151769
0.044527
0.291299
-0.040193
-0.509812
0.195532
0.904904
0.120884
0.530503
-0.613269
-0.933226
-0.321024
-0.349834
0.312357
-0.514817
0.993713
-0.645924
-0.201636
-0.708426
-0.119785
0.343425
-0.189978
-0.885006
0.055513
-0.967162
0.698660
0.287637
-0.603381
-0.806574
0.884701
-0.683096
-0.215552
-0.027985
0.321574
0.194433
0.974670
0.438765
0.925474
-0.655446
-0.322611
0.130406
-0.787774
0.703726
0.699454
-0.642079
-0.499435
-0.195654
0.874813
-0.885922
0.916013
-0.108737
-0.271340
-0.438826
0.863582
-0.554674
-0.266823
0.757195
0.068697
-0.473678
0.695181
-0.982421
-0.183325
0.966796
-0.526841
-0.604358
0.681997
0.276894
0.287271
0.712027
0.540330
-0.537156
0.730033
-0.702322
-0.164464
-0.713675
0.450911
0.730399
-0.338176
0.510117
0.446516
-0.264077
0.831721
-0.100009
0.058016
0.353435
0.409284
-0.490646
0.972167
-0.149083
-0.238014
0.959166
0.503342
-0.589709
0.692434
0.499680
-0.211219
0.610767
0.853145
0.253945
0.093844
0.114536
-0.841487
-0.579089
0.460860
0.790155
-0.543870
-0.698721
-0.534410
-0.811884
-0.967528
0.193945
0.619861
-0.103488
-0.586840
-0.970336
0.823176
-0.598071
0.718192
-0.470321
-0.823969
-0.668630
-0.791375
0.930662
0.454268
0.034700
-0.618580
0.688772
-0.091281
0.087374
-0.008881
-0.496445
0.808100
0.623341
0.367046
-0.704398
-0.940367
0.091098
0.332194
0.314432
-0.442244
0.447188
0.914609
0.669912
-0.972839
-0.644520
0.615955
-0.128758
-0.145665
-0.415265
-0.390912
0.935057
0.080111
-0.448775
-0.397076
0.155248
0.261818
0.198889
-0.014985
-0.461776
-0.232093
0.122288
0.198645
-0.020783
0.649281
-0.104892
-0.167150
0.782342
0.770013
0.685171
-0.431074
0.047212
-0.529466
-0.551622
0.111484
0.248756
-0.285623
-0.128636
-0.803522
-0.587024
0.052828
-0.969970
-0.675161
-0.072420
-0.259987
0.949950
0.750359
0.078158
-0.628712
0.153539
0.846492
0.158788
-0.995117
-0.782647
0.003449
-0.671194
0.214576
-0.478500
-0.761040
0.584216
-0.614856
0.229591
0.969298
-0.146214
0.621265
0.028047
-0.875790
0.670949
-0.086703
0.213294
0.175512
-0.653554
-0.154088
-0.120212
0.398175
-0.444929
0.900632
0.334574
-0.729118
0.262490
-0.492965
-0.977233
-0.836543
-0.063326
0.119358
-0.237587
-0.741508
0.921751
0.885617
0.928343
0.005463
0.129368
0.081210
-0.360332
-0.303873
0.313028
0.183081
0.804559
0.312296
-0.803583
-0.608509
-0.289041
-0.540269
-0.315714
0.963317
0.941404
0.161596
-0.164708
-0.748589
0.317545
-0.841182
-0.491928
-0.322794
-0.581042
0.150853
0.844356
-0.574938
-0.871456
-0.465316
0.255531
0.272195
0.421369
0.534410
-0.084689
0.488571
-0.900815
0.528550
-0.285257
-0.060030
0.270913
-0.360698
0.545701
0.741813
-0.941771
-0.902951
0.890988
0.040437
-0.025971
0.863704
0.299966
-0.933470
0.001129
-0.436384
-0.757500
-0.001495
-0.835688
0.307596
0.034028
0.976073
-0.702872
0.596118
0.142125
0.653737
0.857112
-0.359050
0.348613
0.139378
0.798578
-0.552171
-0.883297
0.453475
0.496933
-0.316568
-0.579394
-0.130345
-0.393414
-0.194617
0.755913
-0.582080
-0.390423
0.137242
0.738762
0.898373
-0.336344
0.247291
-0.796747
0.056612
-0.227271
0.909238
0.608997
0.937071
-0.645314
-0.915220
0.169347
0.167333
0.601672
-0.608142
0.065706
-0.125950
-0.161473
-0.683218
-0.964721
0.139622
0.689505
-0.883480
0.053804
0.945311
-0.228980
-0.505356
0.661061
0.836360
0.836177
-0.217811
-0.664418
0.721061
0.802118
-0.728202
0.284890
-0.522385
0.625233
0.095981
-0.606006
0.776543
0.382794
-0.772759
-0.016083
-0.813105
0.917417
-0.006867
-0.732963
-0.040193
0.244911
0.295022
0.469771
0.507797
-0.614978
-0.741630
-0.636219
-0.388165
0.250465
-0.196142
0.829707
0.426618
-0.471541
-0.329875
0.163305
0.195288
0.194067
0.522874
-0.784112
-0.173254
-0.318033
-0.192846
0.316935
0.478927
0.979553
0.951353
-0.556200
-0.417951
0.666372
-0.475692
0.618641
0.861263
0.793329
0.895688
-0.861568
0.002167
-0.880367
-0.016083
-0.487594
-0.091464
0.648549
-0.251381
-0.285623
0.109470
0.651601
-0.143895
0.485580
0.866146
0.332377
0.757439
-0.812128
-0.863399
0.808649
-0.227821
-0.851131
-0.619678
-0.390179
0.154210
-0.022309
0.372051
0.086703
-0.514389
-0.443648
0.575976
-0.626514
-0.701956
-0.917356
-0.362651
0.890622
-0.641285
0.804682
0.341105
0.708670
0.472823
-0.110324
-0.582568
0.287637
-0.323344
-0.392865
-0.779656
0.834468
0.590442
0.635121
-0.633839
0.688040
0.453230
-0.623768
-0.173559
0.528001
0.694571
-0.868221
0.874630
-0.337687
0.418073
-0.121677
0.200354
-0.515366
-0.870235
0.959288
-0.933958
-0.143834
0.895016
-0.403424
-0.493393
0.192053
-0.330302
0.776116
0.723075
-0.584521
0.826228
-0.084750
-0.208716
0.407514
0.275735
-0.571337
0.368755
-0.355754
-0.447859
0.128636
-0.517747
0.681326
0.357646
-0.319864
-0.235145
0.926572
0.118442
-0.977477
0.828059
0.147679
-0.831416
0.711966
0.398602
0.520249
-0.539232
0.969848
0.480453
0.931333
-0.115268
-0.527635
-0.310648
-0.725700
0.112217
0.110508
-0.869869
-0.792474
0.361980
-0.813288
0.436995
-0.583178
-0.351543
-0.849055
0.588244
0.921567
-0.723380
-0.189184
0.147069
0.395489
-0.868587
0.522446
-0.418134
0.433821
0.409772
0.276284
-0.492538
-0.418622
0.698538
0.084872
-0.914609
-0.254189
0.173559
0.513840
-0.830500
-0.450911
0.015290
-0.158483
-0.070772
-0.949156
-0.293069
-0.148106
-0.376751
-0.839106
0.099338
-0.963256
0.905087
0.135105
0.656178
0.311441
-0.573168
-0.846675
0.675466
-0.372173
-0.215003
0.187048
-0.660756
0.235145
0.877804
-0.992737
-0.015534
-0.912473
0.285440
-0.516831
-0.394147
0.532212
-0.794549
-0.378521
0.471847
0.091220
-0.068148
0.142552
0.645619
-0.802728
-0.953124
0.837275
-0.052278
0.230506
0.421552
-0.523789
0.314066
0.966918
-0.867428
0.777520
-0.374187
0.888180
0.344523
-0.882443
-0.186438
-0.463118
-0.143956
0.207862
-0.105991
0.066256
-0.718863
-0.254372
0.678030
-0.530259
-0.746818
0.003571
0.429365
0.988281
0.142613
0.403119
-0.609241
0.303446
-0.564928
0.327433
-0.147557
0.880306
0.336100
0.524888
-0.794061
-0.520371
0.032075
0.115452
0.029328
-0.957518
-0.389874
0.628590
-0.748589
0.274148
-0.134800
-0.720267
0.115085
-0.401288
0.931455
-0.157994
0.135350
-0.498215
0.177709
-0.028108
-0.999756
-0.408368
-0.433454
-0.582934
0.306925
-0.617603
0.395795
0.361187
0.175756
0.388165
0.761162
-0.245705
0.127781
-0.534898
0.360881
0.480331
-0.884396
-0.256691
0.676199
0.340190
-0.386883
-0.378033
-0.753471
0.928587
0.056734
-0.936155
0.193823
0.474837
-0.393902
0.784051
-0.158361
-0.661367
-0.868954
0.798212
-0.257302
0.241066
-0.114170
-0.412214
-0.424421
-0.736747
-0.124302
-0.842830
-0.365093
0.436750
0.928587
-0.696463
0.626881
-0.526536
0.077792
0.368389
-0.110202
0.181860
-0.472091
0.445296
0.584216
0.316446
-0.461837
-0.656911
-0.371075
0.333781
0.739189
-0.403729
-0.103610
-0.047334
0.543443
-0.643422
-0.770135
-0.200476
-0.459395
0.843196
0.241676
-0.232826
0.981017
0.458357
0.417219
-0.684439
0.483932
-0.956114
0.724357
0.930662
0.865902
-0.787347
0.957884
-0.926817
-0.942808
0.706534
-0.053865
0.682730
-0.494064
-0.539903
-0.990173
-0.413251
0.217078
0.147496
-0.339579
0.062044
0.032746
0.703543
0.123630
-0.095248
0.467513
-0.110630
-0.828608
0.883602
0.398358
0.074923
0.652394
0.794244
-0.012299
0.478256
0.352275
-0.333537
-0.891842
0.656484
-0.503037
0.385601
0.384014
0.636891
0.260537
-0.120029
-0.656423
0.775811
0.697806
-0.071932
-0.946776
-0.175695
0.540269
0.638478
-0.022492
0.373943
-0.964537
-0.511338
0.977172
0.180944
0.136876
0.663686
0.311747
0.759270
-0.204627
-0.846919
-0.213965
-0.890255
0.136814
-0.638966
0.030793
0.891415
-0.831477
-0.006439
0.815851
-0.733146
-0.680105
-0.915525
0.900510
0.759453
0.274697
-0.483261
-0.817621
-0.384686
-0.140904
0.942259
0.247780
0.202307
0.043794
-0.653249
-0.729179
0.611682
-0.026826
0.216590
-0.154271
0.980834
0.003998
0.883724
0.729362
-0.492233
-0.711539
0.998108
0.787347
0.328776
0.981323
0.568896
0.933470
-0.247902
0.910520
0.304422
-0.122959
-0.423078
-0.665639
0.611255
0.210913
0.779473
-0.810541
-0.264870
0.500656
-0.846980
-0.237342
0.844111
0.379681
0.909238
0.814753
0.745720
-0.751457
-0.216407
0.789300
-0.064608
-0.568468
0.755303
-0.951109
-0.613697
0.815912
-0.348125
-0.999207
-0.989807
0.614307
0.434065
0.156835
0.758232
-0.797479
0.170263
-0.899594
0.718070
-0.988159
-0.964904
-0.470870
-0.933348
-0.497238
0.740593
-0.823298
0.677969
0.869930
-0.735282
0.923521
-0.269326
0.875790
0.203284
-0.039216
-0.142186
0.177160
-0.709159
-0.660634
-0.872677
0.317911
0.894772
-0.292947
-0.487167
-0.015229
-0.119114
-0.674184
-0.266579
0.111118
-0.739738
0.429426
-0.111179
-0.646474
0.223487
-0.442732
-0.324442
0.912595
-0.064058
-0.771599
-0.865413
-0.938536
-0.078463
-0.416120
0.146641
0.365825
-0.058870
0.046297
0.715079
-0.746574
0.900876
-0.585192
0.377667
0.567370
0.655995
0.999817
0.239479
-0.564379
0.745293
0.379009
0.105014
-0.997497
0.286172
0.744438
0.201697
-0.863887
-0.450850
0.529099
0.087069
-0.290994
0.861751
-0.440840
-0.673452
-0.602588
-0.599109
-0.904172
0.089145
-0.865413
-0.997620
-0.375408
0.851924
-0.172582
0.282815
-0.441694
0.422651
0.327799
-0.191259
0.067049
0.917844
-0.704215
0.688284
-0.470687
0.843013
-0.961119
-0.693472
-0.426984
-0.787469
-0.679312
0.041475
-0.627796
-0.635853
-0.573473
-0.785333
0.241493
0.505173
-0.960631
-0.905942
0.262307
-0.662099
0.241066
0.118564
-0.566942
-0.253212
0.853511
-0.065645
0.107395
-0.708853
0.578784
0.367534
-0.844844
0.968566
-0.611744
-0.528916
-0.926450
0.095676
0.200537
-0.381390
-0.053682
-0.696219
0.026093
0.312601
0.606067
-0.164159
-0.332621
0.164708
0.404950
-0.487716
0.337565
0.964049
-0.746513
-0.371136
0.757256
0.530320
-0.376873
0.517869
0.367779
-0.817072
0.335856
-0.206275
-0.979614
0.232521
0.007172
0.570605
-0.270608
-0.885556
0.540086
-0.441511
0.493698
-0.512375
0.533860
0.204505
0.959105
0.022370
0.079501
0.289163
-0.857906
-0.414960
0.038545
-0.241310
0.326823
0.852596
0.357768
-0.272134
0.256508
0.896725
-0.860897
-0.043550
0.010529
0.237953
0.589831
-0.573840
0.431928
-0.691580
0.339946
0.890439
-0.186743
-0.028962
0.584521
0.578356
0.438398
0.353984
0.721305
0.624866
0.455855
-0.313456
-0.433882
0.265114
-0.544359
-0.526597
-0.773125
0.459944
-0.317850
-0.969420
-0.674062
-0.480026
0.437910
0.822748
-0.499069
-0.241127
-0.341350
-0.620655
-0.696219
-0.387799
-0.398907
-0.612781
0.650197
0.990539
-0.592151
-0.700247
-0.658010
0.578112
0.717338
-0.193152
-0.754753
-0.080416
-0.114475
-0.053865
-0.457930
0.433515
0.816218
-0.444685
-0.274819
0.198218
-0.701224
0.184851
0.621998
-0.479720
-0.216956
0.263955
0.053621
-0.416181
0.547288
0.077486
-0.078280
-0.114475
0.100864
-0.985778
0.714469
-0.583544
-0.499130
0.578539
0.209082
-0.563097
0.916807
0.951109
-0.324625
0.070406
0.030915
-0.705618
-0.158177
-0.169408
-0.586352
0.417951
0.367290
0.339824
0.590320
-0.326151
0.982116
-0.842647
0.985046
-0.587207
-0.479659
-0.615345
-0.405255
0.137669
0.615162
0.753410
0.686209
-0.445967
0.389752
-0.484603
-0.302408
0.606738
0.537461
-0.572436
0.626759
-0.990417
-0.162633
0.927000
-0.683584
-0.600574
-0.096835
-0.671377
-0.342998
-0.563768
0.210791
-0.760918
-0.430952
0.970092
0.900754
-0.209998
-0.054659
0.855647
0.636036
-0.009919
-0.732475
-0.930418
0.926878
0.561022
0.990722
0.570116
-0.579394
0.230140
-0.019440
0.488510
0.013886
0.137364
-0.324381
-0.379437
0.212622
-0.221839
-0.276711
0.854549
0.665883
-0.858699
-0.341227
-0.970885
0.793390
0.154393
0.253456
-0.365459
0.000641
-0.722648
0.614734
-0.174230
-0.017548
-0.593921
0.190405
0.417280
0.065828
0.706046
0.913999
-0.372784
0.666311
-0.604724
0.719657
-0.012665
0.060335
-0.754265
0.136876
0.265053
-0.662282
-0.513047
0.112583
0.913144
0.972411
-0.707999
0.650136
-0.001251
0.505417
-0.071871
-0.661794
0.792230
-0.236854
-0.399518
-0.431318
-0.431928
0.234413
-0.936399
-0.499496
-0.037690
0.939695
-0.249184
-0.653615
-0.691275
-0.615955
0.792779
0.960631
-0.111850
0.033906
0.045686
-0.465133
0.082308
0.700186
0.365398
0.889828
-0.659963
-0.642323
0.774529
-0.354289
-0.971923
-0.315287
-0.472213
-0.173498
0.993164
0.586718
-0.640370
-0.040864
-0.880795
0.414777
-0.229713
-0.639027
0.463363
-0.567003
-0.242409
-0.180700
0.534349
0.903867
-0.369610
0.112461
0.778558
0.306436
-0.427168
-0.115513
0.603687
-0.001068
0.324870
0.011139
0.125706
-0.781121
-0.979858
-0.999878
-0.432356
-0.790155
-0.232521
-0.789789
0.275491
0.046602
0.803278
-0.356059
-0.501999
-0.496872
-0.073763
0.020112
-0.455184
-0.952574
0.463485
-0.271340
-0.123508
-0.971374
-0.445235
0.427290
-0.893918
0.070894
0.384564
-0.384991
0.643300
0.859493
-0.015961
0.487472
0.827570
0.194800
-0.807855
0.699087
-0.073763
0.692618
-0.911863
-0.760613
-0.299112
0.711661
0.864498
0.424116
-0.723136
0.578600
0.267495
-0.359905
0.742241
0.500412
-0.645863
-0.812189
0.298746
-0.507859
-0.376263
0.306436
0.537034
-0.777886
-0.445296
0.974731
-0.855586
-0.033540
0.990112
0.371685
0.910337
0.165685
-0.913755
0.342753
0.879574
0.437788
0.570360
-0.393536
0.108921
0.360271
-0.146641
0.870724
-0.408002
0.202429
-0.874813
0.743156
-0.931639
0.747917
0.681265
0.352886
-0.559008
0.744865
0.886410
0.008881
-0.192236
0.210120
0.426313
0.526109
-0.999145
-0.561998
-0.963561
0.795526
-0.775140
-0.277444
-0.328837
0.901608
-0.469588
-0.866634
0.911618
0.607471
0.229041
0.064608
0.748405
-0.277505
0.126377
-0.884213
0.982665
0.353313
0.542528
0.258278
-0.116489
0.460982
-0.299356
-0.538072
-0.615345
-0.671682
0.202002
0.527940
-0.896603
-0.051607
-0.722098
-0.877438
-0.065096
0.024506
-0.216834
0.155492
-0.643849
-0.178747
-0.593188
-0.294473
0.930723
0.824641
0.657643
-0.269997
0.004181
-0.751396
-0.352580
0.600146
-0.775628
0.811457
-0.081149
-0.049593
-0.333293
-0.542589
-0.963988
0.111728
-0.257851
-0.388409
-0.998291
-0.984313
-0.641041
-0.604175
-0.639393
-0.043184
0.584155
-0.284158
-0.730827
-0.230079
-0.680898
-0.797296
0.139805
0.719047
0.832636
0.593860
-0.975036
0.247475
-0.557665
0.899899
-0.275246
0.145299
0.503159
0.617847
-0.089206
0.125095
-0.380657
-0.022126
-0.554125
-0.655568
-0.385601
0.173376
0.233924
0.807184
-0.078829
-0.648915
-0.588366
0.377606
0.460250
-0.238014
-0.516648
0.193152
0.345317
-0.784845
-0.502121
0.483932
0.807428
-0.670827
0.243263
-0.457015
-0.681082
-0.783624
-0.794183
-0.609363
-0.196936
0.946226
-0.462996
0.675649
0.813105
-0.412091
0.984985
0.966796
0.888058
-0.927549
0.795404
-0.944761
0.346477
-0.589404
-0.531419
0.620777
-0.106174
-0.683706
0.319559
-0.900510
-0.235389
-0.099277
0.455489
0.806391
0.396588
0.823908
-0.688528
-0.736625
-0.537156
0.883480
0.731742
-0.761162
0.571947
0.452376
-0.456221
-0.008759
0.710135
-0.104648
-0.043977
0.812067
0.648793
-0.229957
-0.091708
-0.772576
-0.326945
-0.649525
0.366131
0.482345
0.436323
0.079989
0.069674
-0.596484
0.353008
-0.215186
-0.953978
0.452071
-0.125034
-0.112949
0.887265
0.869991
-0.614002
-0.660390
0.702139
-0.731376
0.282815
0.240272
0.422956
-0.779778
0.319437
-0.000519
0.100192
0.565233
-0.655629
0.619190
0.562243
-0.434858
0.887692
0.447005
0.222694
0.131321
0.168249
-0.691580
-0.382061
-0.758415
0.372600
0.453658
-0.937010
0.131199
0.621265
-0.510056
0.509568
-0.478256
-0.621326
0.136021
0.304178
0.850887
-0.359539
0.594043
-0.935545
0.504318
0.361187
-0.785821
-0.641102
-0.371319
-0.859676
-0.699332
-0.232765
-0.220740
0.652394
-0.910642
-0.290262
-0.621876
0.057283
0.485336
-0.000885
0.796930
-0.835994
-0.681936
-0.444990
-0.776360
-0.465804
0.084994
0.410382
0.589831
-0.261208
0.722159
0.507859
0.300455
-0.775323
-0.569811
0.405805
-0.647023
0.031465
-0.659658
0.690603
0.060762
0.734489
0.806879
-0.410504
0.449263
-0.529527
-0.757073
-0.363384
-0.696524
0.029633
0.421674
0.031587
0.406171
-0.930601
0.264687
-0.286721
-0.529893
0.356670
-0.355510
0.299234
0.630360
0.956236
0.077914
-0.722709
0.215674
0.108921
-0.485275
-0.363323
-0.189001
-0.443587
-0.687246
0.667165
-0.451155
-0.729850
-0.850032
0.867122
0.416486
-0.884213
-0.664357
0.758415
-0.121067
-0.265114
0.143590
0.803522
-0.073092
-0.732719
-0.153722
-0.644948
-0.163488
0.299722
-0.193091
0.752495
-0.595264
-0.554491
-0.537156
-0.892514
0.878109
0.119419
-0.149876
0.165502
-0.834529
-0.822138
0.991638
0.149510
-0.095798
-0.391705
0.704398
0.250526
-0.571581
-0.408368
0.528184
-0.882992
0.721610
-0.534227
-0.927976
-0.647267
0.497848
-0.633839
-0.033662
0.324747
0.235206
-0.575426
0.570055
0.125217
0.757378
0.608448
-0.684256
-0.869503
-0.408307
-0.368267
0.955138
-0.216407
0.544542
-0.678701
0.269997
-0.244667
0.733940
-0.132847
0.286538
-0.695486
0.131809
0.766472
-0.367107
-0.961241
-0.976745
-0.575793
-0.831721
0.029084
-0.385846
-0.851436
-0.595325
0.295145
-0.847102
0.313028
-0.785821
0.632130
-0.471480
-0.071810
0.194800
0.533067
0.447615
-0.828974
-0.007477
0.716178
0.366314
0.929136
-0.539476
0.341533
0.036470
-0.984191
0.837458
-0.234474
0.123325
0.718619
-0.266762
-0.961852
-0.657094
-0.251442
0.207068
-0.172704
0.830683
-0.231361
-0.297342
-0.305765
-0.086520
-0.942869
0.132298
0.976745
0.406354
-0.036897
0.155919
0.756096
0.629017
0.565844
0.768670
-0.244850
0.164830
0.834590
0.104465
0.799921
0.433149
0.642933
-0.008454
-0.463301
-0.983520
0.906064
0.618152
0.362407
-0.692251
-0.676443
-0.841487
0.788018
-0.084445
-0.198706
0.663747
0.987243
-0.580676
0.298929
0.567553
0.129002
-0.085177
-0.419233
0.790216
-0.561388
0.046602
0.641896
-0.637318
-0.202063
-0.090854
-0.186804
-0.376019
-0.225135
0.073397
0.433027
-0.433454
-0.771233
-0.142796
-0.980407
0.263039
0.805475
0.086886
-0.569445
0.227332
0.378399
0.199988
0.389935
-0.506943
-0.094516
0.656911
-0.418134
-0.583789
0.657277
-0.586535
0.931944
-0.773431
0.701529
0.391278
0.085177
-0.264870
0.254799
-0.456771
0.740654
-0.531297
-0.554247
-0.988159
-0.811884
-0.157079
0.273782
-0.735221
0.498093
0.273110
0.010895
0.385601
0.045442
-0.600452
0.294107
-0.893368
0.118809
0.110752
-0.643849
-0.045930
-0.036164
-0.888852
-0.072665
0.263710
-0.718986
-0.839167
0.063631
0.616565
-0.635487
0.419660
-0.786859
-0.530442
-0.304056
0.936583
0.549242
-0.864071
-0.160802
-0.987060
0.483688
0.774346
0.079806
-0.445723
0.121616
0.847285
0.198828
0.650441
0.456648
-0.434797
-0.368694
-0.260231
0.447798
0.933226
-0.986328
0.701712
-0.827265
0.981506
0.824702
-0.709037
0.360210
-0.937193
-0.031648
0.147801
0.980773
0.378826
0.589282
-0.707999
0.784906
-0.691885
0.916440
0.258095
0.825983
0.041658
0.822443
-0.140965
0.153050
0.821345
-0.143162
0.524888
0.930784
-0.961364
-0.827631
-0.859249
0.574084
-0.160192
-0.016572
0.810724
-0.496872
-0.377850
0.984252
0.216346
0.628834
-0.918516
-0.647023
-0.371258
-0.119114
-0.684133
0.528428
-0.911496
0.831904
0.119236
0.699149
0.444502
0.074190
-0.527573
0.526048
0.140294
0.450301
0.701346
-0.958739
-0.996948
0.734428
-0.101047
-0.683645
-0.053926
-0.627064
-0.579760
-0.046541
-0.816950
0.512375
0.932615
0.250282
0.607044
-0.213172
0.162511
-0.263161
0.563463
0.922422
-0.188879
0.123264
0.175939
0.923276
-0.951231
-0.307840
-0.585986
-0.843379
-0.077303
-0.392987
0.145421
-0.320353
-0.981628
-0.853938
-0.028901
-0.876888
0.761223
-0.652211
-0.063204
0.713675
0.892819
0.389325
0.893674
-0.011628
0.589770
0.786554
-0.470626
-0.065157
-0.147801
-0.822443
0.214087
-0.582324
-0.469039
-0.802423
-0.104404
-0.620716
-0.632313
-0.753044
-0.959655
0.125828
0.816767
0.323588
-0.413739
0.339274
-0.671682
0.667470
-0.608875
0.978210
-0.894711
0.296304
-0.374737
-0.725211
0.116489
0.896725
-0.987671
0.074129
-0.531114
-0.356670
-0.878964
-0.362590
-0.917966
0.773309
0.806940
0.314615
-0.271950
0.570177
-0.465438
0.194311
0.624805
0.503342
-0.390179
0.400555
0.524522
-0.090243
0.141758
0.739677
0.461043
-0.330241
0.702017
0.336283
-0.973449
0.405683
-0.859859
-0.176061
-0.326151
0.081210
0.257424
-0.364971
0.713065
0.116184
0.429060
-0.063265
0.501267
-0.184606
0.280251
0.473983
0.735893
-0.558519
0.625172
-0.473739
-0.181555
-0.715629
0.387249
0.791314
0.214698
-0.451277
0.072176
-0.179113
0.227454
0.590930
-0.948363
-0.996643
0.213660
0.070223
-0.192663
0.307352
-0.752739
-0.939756
0.536607
-0.582751
-0.352641
-0.970824
-0.427839
-0.252052
-0.324442
-0.920896
-0.674978
0.212134
-0.408673
-0.727775
-0.728996
-0.698050
0.908200
-0.589587
0.188513
-0.792840
0.629322
0.359722
-0.194617
-0.372295
-0.003632
-0.272927
0.178198
-0.240272
0.804254
0.431196
0.598560
-0.604968
0.017426
-0.706717
-0.288797
-0.169225
-0.323954
0.466292
-0.166845
-0.977355
-0.027741
0.787469
-0.949522
0.664480
0.141148
-0.104587
0.999390
-0.228004
-0.328898
0.341716
0.493515
0.328898
-0.441755
0.088351
-0.666494
0.756951
-0.239601
0.129673
0.729789
0.888180
0.876156
0.427290
-0.753105
-0.652699
-0.463240
0.501144
0.897763
0.126499
0.423383
-0.385784
0.085788
0.887753
0.982299
0.479720
-0.645070
0.471358
0.171728
-0.415204
-0.632435
0.188086
0.430403
0.942869
-0.136998
-0.166417
-0.044404
-0.739006
-0.844050
-0.100925
0.922910
-0.194555
-0.360271
-0.518967
0.019135
-0.479720
0.359783
-0.826228
0.444929
-0.755486
-0.292154
-0.052461
0.824335
-0.583422
-0.576769
0.080477
-0.837947
-0.244911
0.849727
-0.219459
-0.754692
-0.087130
0.072970
0.739250
-0.995666
-0.163610
-0.995605
0.988708
0.361736
0.342143
0.624317
-0.121555
-0.348247
-0.481429
0.998047
-0.337382
-0.687613
-0.731620
0.431440
0.144139
-0.214942
0.814814
-0.899594
-0.344035
0.262673
-0.250710
0.395062
-0.978942
0.966918
0.782769
-0.291849
-0.533250
-0.354534
0.374065
0.164525
-0.451033
0.562120
0.867855
-0.536546
-0.560656
0.323771
-0.905942
-0.245949
-0.771233
0.055696
0.447981
-0.605945
0.045320
0.112583
0.188757
0.558763
0.699026
0.042024
-0.054964
-0.048250
0.712394
-0.071383
0.153966
0.742546
0.509812
-0.291482
0.171667
-0.073092
0.637745
0.306070
0.128147
-0.824213
0.398846
0.535691
0.655934
-0.747063
-0.949644
0.028657
-0.783990
0.995605
0.122837
0.589709
0.569689
-0.131687
-0.555040
-0.144566
-0.443525
-0.220069
-0.590625
0.908567
-0.314920
-0.806635
-0.293558
0.750969
-0.309854
-0.948363
-0.213660
0.496506
-0.887265
-0.145054
-0.179418
0.177465
-0.912412
0.047578
0.588061
-0.794794
-0.198706
0.429365
0.402631
0.029633
0.795099
-0.741142
0.278054
0.373577
-0.876278
-0.073519
-0.376324
-0.571398
-0.936399
0.478561
0.449812
0.889645
-0.856563
-0.585498
0.000702
0.365642
-0.810785
0.852779
0.998718
-0.712821
-0.084384
0.250038
0.653920
-0.727103
-0.592944
0.216590
-0.004975
0.648671
0.030183
0.941588
0.494064
-0.529160
0.906674
-0.852718
-0.863643
-0.848323
0.349528
-0.596606
-0.166723
-0.876949
-0.611744
0.328410
0.661184
0.121860
-0.059542
0.074496
-0.577563
-0.504318
-0.582385
0.997864
-0.551439
-0.713858
0.952757
0.675100
0.598254
0.636586
-0.662709
0.447066
-0.743889
-0.229286
-0.728751
-0.531602
0.743950
-0.769890
-0.556261
-0.681997
0.083102
-0.197790
-0.834956
-0.577685
-0.007965
-0.644093
0.880306
-0.256325
0.550523
-0.752007
0.199805
0.790765
0.834895
0.252297
-0.771966
-0.961241
0.098605
-0.137608
-0.061739
-0.999756
0.764580
-0.945860
0.117527
0.809015
-0.045442
0.161473
0.218299
-0.659841
-0.923826
-0.889462
-0.919492
0.269631
-0.407697
-0.519089
0.871029
-0.800775
-0.829035
0.070467
-0.898679
0.372662
-0.054537
0.997436
0.809565
0.850764
-0.014618
0.716056
-0.683645
0.915891
0.012055
-0.763054
0.657582
-0.649464
-0.398846
-0.012421
0.008393
0.868954
-0.992248
0.257363
0.544115
0.310282
-0.692740
-0.327433
-0.780572
0.085665
-0.469527
0.739494
0.421979
0.471969
-0.955687
0.419599
-0.150670
-0.984130
0.641652
0.251503
-0.404035
0.207495
-0.462691
-0.470199
0.894162
-0.474227
0.390728
-0.317606
-0.772576
-0.025117
-0.455367
0.742851
0.279580
0.695791
0.063692
-0.831294
-0.114536
0.435224
-0.377422
-0.640614
-0.495285
0.896237
-0.278115
-0.565233
-0.521897
-0.345012
-0.680410
-0.699149
0.122593
-0.098239
0.364849
0.198462
-0.528794
-0.350505
-0.429975
-0.929136
0.758660
0.620594
0.984924
-0.092074
0.196570
0.740043
-0.551866
-0.806330
0.895810
-0.248390
0.984863
-0.241798
-0.353191
-0.221656
0.842769
-0.313150
0.223365
0.759941
0.475265
0.755486
0.301309
0.559984
0.371807
0.507370
0.612842
0.384503
-0.054659
-0.687796
-0.688711
0.233680
-0.363811
0.528550
0.815424
-0.971679
-0.553270
-0.082308
