-0.027497
0.091525
0.580859
-0.053804
0.539293
-0.051546
-0.784600
-0.829829
-0.300455
0.145299
0.591174
0.471725
0.996704
0.184301
-0.827998
0.046541
0.669057
0.638661
0.424177
-0.948729
-0.117954
-0.195105
-0.452742
-0.601306
-0.863521
-0.063204
-0.049898
0.164953
-0.563280
0.990234
0.684744
0.179235
0.343669
-0.421552
0.812799
-0.480209
0.705863
0.002106
-0.291787
-0.321329
0.407636
-0.085849
0.617786
0.492538
0.864620
-0.877438
0.752251
-0.138340
0.025666
0.704276
0.114597
0.617603
-0.481368
-0.746941
0.754143
0.305094
-0.787530
-0.591174
-0.068880
-0.915342
0.087802
-0.884701
0.542772
0.426984
-0.697256
0.582446
0.512131
-0.775262
0.235694
-0.496445
0.264199
0.489303
0.412702
-0.430464
0.097873
0.078219
0.893979
-0.931028
-0.711600
-0.796564
-0.498093
-0.879269
0.146214
0.750359
-0.296121
0.251015
0.829829
0.762017
-0.413495
-0.912473
-0.160741
0.851497
-0.195715
0.919797
0.839534
-0.955443
0.166112
-0.814325
0.545091
-0.737968
0.036531
0.389935
0.730033
0.425214
0.411969
0.915342
0.389447
0.733024
0.501083
0.266396
-0.760430
-0.375591
-0.174841
-0.062166
0.492660
0.751579
0.746513
0.958617
0.924131
-0.752617
0.732719
0.587939
0.112339
0.889096
0.712821
-0.033662
-0.149693
-0.289041
-0.814203
0.700125
-0.648610
-0.597949
0.714286
0.440962
-0.202490
0.499008
0.785699
-0.744255
0.976440
0.821772
-0.963622
0.202490
0.747063
0.305399
0.728385
-0.550462
0.726798
-0.281350
0.115146
0.443403
-0.716117
-0.794794
0.403729
-0.533616
0.298318
0.804926
0.485885
-0.361370
-0.600818
0.639454
0.488266
0.128880
0.231483
0.543138
-0.291055
-0.088900
-0.431013
-0.570238
-0.864315
0.593677
0.917112
-0.074007
-0.035127
0.775018
0.738395
-0.289224
0.500168
-0.198157
-0.468184
0.604724
-0.880367
-0.233314
-0.106052
0.315836
0.907285
0.248451
0.466475
-0.606494
-0.348491
-0.075777
0.457930
0.446577
0.192541
0.326579
0.159581
-0.929441
-0.125523
0.590442
0.778497
-0.953612
-0.513169
-0.470504
-0.429487
0.763665
0.360210
0.770684
-0.928343
-0.596789
-0.459273
0.999451
0.952513
-0.422956
0.141453
0.404950
-0.884823
0.395428
0.068758
-0.869015
-0.454146
0.173742
-0.543809
-0.077853
0.239906
-0.533372
-0.049532
-0.507981
-0.848750
-0.398175
-0.800531
0.872188
0.180883
-0.591174
0.264870
-0.963683
-0.066622
0.048555
-0.744133
-0.098910
0.672781
-0.910276
0.755364
-0.630421
-0.765191
0.234596
-0.797174
-0.901608
0.513108
-0.151402
0.935850
0.170751
0.806269
0.642567
0.195044
0.625233
0.773614
0.832942
-0.879757
-0.558885
0.556505
0.379803
0.070650
0.123508
0.015351
0.463790
-0.987548
0.650868
-0.446883
-0.823237
-0.609119
-0.161718
-0.376385
-0.412824
0.101901
0.087497
-0.191504
-0.275185
-0.713919
0.430891
0.574633
0.552171
-0.286599
0.040742
-0.587817
0.845759
0.154027
-0.483627
0.134312
-0.756767
0.930723
-0.066683
0.407270
0.700552
0.391827
-0.769524
0.336711
0.482467
-0.482406
0.263833
-0.005158
0.617481
0.468978
0.964904
0.101779
-0.111606
-0.696219
-0.299356
-0.901608
-0.555528
0.037446
0.163976
0.042390
-0.713187
0.067660
0.185888
-0.690176
-0.100620
-0.922300
-0.560472
0.956175
-0.787164
-0.640126
0.762871
0.317606
0.052583
-0.436628
-0.682302
-0.336650
-0.440535
-0.213355
0.204138
0.959349
-0.424909
0.450911
-0.777337
-0.970153
-0.810114
-0.041047
0.691702
-0.673635
-0.840144
-0.700919
0.525559
-0.342265
-0.270241
-0.587634
0.057161
-0.216163
0.295633
-0.317972
0.972777
-0.812311
-0.401898
-0.886166
-0.693045
-0.136814
-0.078890
-0.113071
0.502060
0.790216
0.700552
0.317789
0.268593
0.720084
-0.239784
0.567431
-0.457015
0.278848
0.134251
0.025361
-0.727103
0.192785
0.821223
0.819697
0.685537
0.140477
0.116428
-0.242103
0.118625
-0.294839
0.104404
0.710379
-0.292337
0.889523
-0.749565
0.328043
0.148839
0.436018
0.517075
0.444441
0.744804
-0.333720
0.111484
0.159825
0.308512
-0.129246
0.742119
0.811335
0.359844
0.835261
-0.175512
0.455916
0.007294
0.162572
-0.189917
-0.314676
-0.694510
-0.958068
0.062838
-0.924741
-0.323222
-0.153356
-0.914365
-0.047761
0.533128
-0.296609
0.085238
-0.373089
0.321757
0.708975
-0.743400
-0.478927
-0.155736
0.824274
-0.134129
-0.967589
0.763787
0.285623
-0.169530
-0.547777
0.261940
-0.830744
0.194617
-0.497299
-0.169836
-0.732841
0.279092
-0.166906
-0.313944
-0.751518
-0.264870
-0.533311
-0.727958
-0.507675
0.655873
0.734428
0.296487
0.946348
0.918210
-0.174474
-0.542650
-0.066439
0.544603
-0.981384
0.540880
0.213050
-0.327250
-0.995972
0.082492
0.899472
0.582751
0.020783
0.864132
0.969787
-0.327982
0.573412
0.971862
-0.711295
0.562609
0.030915
-0.548448
0.644704
0.673208
0.860714
0.410321
-0.211707
0.928526
-0.914670
-0.394757
0.358440
-0.788812
-0.329447
-0.478317
0.273232
-0.844478
0.623707
0.395489
-0.708914
-0.820063
0.057161
-0.993835
0.020783
-0.409345
-0.956481
-0.112705
-0.032441
0.059908
-0.559679
0.151830
0.623035
-0.747795
-0.836726
-0.328898
-0.044527
0.883786
0.227760
-0.842036
-0.552599
-0.090854
0.012238
-0.609729
-0.680288
-0.400494
0.220008
-0.324503
0.076144
-0.965026
-0.978393
-0.932432
0.396710
0.294717
0.011750
-0.686087
-0.866878
0.907224
0.157994
0.251381
-0.020905
0.756951
0.859249
-0.143468
0.114841
0.393475
0.039583
-0.596179
-0.317545
-0.692434
0.655629
0.998230
0.980529
-0.977599
-0.447371
0.034761
0.480697
-0.283059
0.346538
0.710868
0.474715
0.957274
-0.556383
-0.178503
0.052644
-0.584643
0.298135
0.856807
-0.895016
0.559496
0.387982
-0.610889
-0.397137
-0.206153
0.725578
-0.969237
0.877010
0.234596
-0.019318
-0.655873
0.285623
0.410321
-0.568651
0.234657
-0.916562
0.309366
0.406110
0.671499
0.427229
0.854732
0.582934
-0.592578
-0.776666
-0.474715
-0.863094
0.280801
0.292093
-0.720756
-0.468673
0.258644
-0.305094
-0.930235
0.918821
-0.444014
0.868099
0.559496
-0.214881
-0.860652
-0.421979
-0.707816
0.388348
-0.357219
-0.001984
-0.342326
-0.053621
0.196509
0.494675
-0.658376
-0.692434
-0.872860
0.925779
0.814142
0.652333
0.327921
0.416730
-0.727531
-0.803766
0.300150
-0.453902
0.647511
0.493210
-0.046419
-0.623890
0.691885
-0.132420
0.667165
0.602893
0.254738
0.131382
0.967711
0.188330
-0.182531
-0.090060
0.265114
0.239662
-0.292398
0.378460
0.890683
0.707816
-0.575976
-0.705130
-0.762078
-0.996216
-0.698904
0.955199
-0.841426
0.537645
-0.195349
0.066622
-0.891537
-0.089206
0.641285
0.525315
0.880978
-0.160558
0.836299
-0.124851
-0.182653
-0.428755
-0.005463
-0.738578
0.279885
-0.989990
0.568590
-0.405622
0.466109
0.922056
-0.030061
0.041536
-0.720573
-0.837580
0.454512
-0.786004
-0.961974
-0.323649
-0.185339
0.107273
-0.099643
0.600391
-0.979003
-0.690298
-0.388897
-0.701895
-0.444868
-0.133274
0.916379
-0.304056
-0.633595
-0.308023
-0.655080
-0.535020
0.255409
-0.905515
-0.840083
0.295999
-0.480453
0.374920
0.915952
0.676199
-0.071261
0.618030
0.356975
-0.990173
-0.603198
0.661122
-0.918882
0.752678
-0.604053
0.151769
-0.806146
0.291299
0.747856
-0.016266
0.079989
0.904904
0.236122
0.574938
-0.613269
-0.230873
-0.775933
-0.349834
0.312357
0.636097
-0.187902
0.214881
0.226844
0.085726
-0.764702
0.473922
0.509812
-0.075655
0.360271
-0.967162
-0.784234
-0.950621
0.472457
0.791131
-0.488937
-0.801630
0.369488
-0.001984
0.484909
0.449995
-0.359539
0.438765
0.275369
0.261452
-0.649037
0.130406
0.178625
0.927183
0.640553
0.026154
-0.499435
-0.338847
-0.681570
-0.885922
0.291971
-0.108737
-0.660878
-0.765069
-0.892392
-0.902219
0.928709
0.673879
-0.555284
0.249550
0.749443
-0.610462
-0.322245
-0.180334
0.800226
-0.803827
0.681997
-0.553453
0.287271
0.712027
-0.399701
-0.478195
0.765679
-0.887143
-0.917600
-0.556200
-0.603687
-0.454939
0.000946
-0.392804
-0.246437
0.086154
-0.883297
0.766045
0.786554
-0.572069
0.409284
-0.696646
-0.042085
0.730888
-0.671255
0.425153
-0.583361
-0.187414
0.283731
-0.054537
-0.509018
-0.743400
-0.846248
0.253945
-0.874874
0.330180
-0.801325
-0.664724
-0.895322
0.126560
-0.332255
0.959716
-0.854488
-0.563646
0.072054
0.996826
-0.106784
-0.103488
0.413251
-0.970336
0.119114
0.972777
0.348064
0.397931
-0.890561
-0.484298
-0.778069
0.353679
-0.293313
0.414838
0.594592
0.449141
-0.091281
-0.185278
0.779534
0.021943
-0.844417
0.623341
-0.948241
-0.534227
0.284646
-0.169958
-0.527085
0.030122
-0.088900
0.239784
-0.351909
-0.076693
-0.280129
-0.570971
0.150670
-0.762871
0.291910
-0.281045
-0.703177
0.935057
0.466414
0.717032
-0.864742
0.155248
0.198523
-0.508469
-0.992492
0.522752
0.755547
0.122288
-0.526658
0.392926
0.167272
-0.713981
-0.167150
0.982360
0.770013
-0.295694
-0.525193
0.872188
-0.038362
0.198096
0.608997
-0.113498
-0.284646
-0.756523
-0.626881
-0.710318
0.371197
0.392193
0.936277
-0.946043
0.300333
0.408063
-0.048616
-0.386883
0.909970
0.638844
0.068209
0.877438
0.538926
0.074129
0.369182
-0.463240
-0.582507
-0.655690
-0.761040
0.896115
-0.040254
-0.407147
-0.121677
0.839228
-0.677847
0.028047
0.088900
0.863582
0.526597
0.213294
-0.557543
-0.093844
-0.424604
0.015595
-0.507981
-0.762322
0.611255
0.334574
-0.343059
-0.606006
0.591723
-0.504624
0.126255
0.845943
-0.699393
-0.156529
-0.070101
0.581225
0.251198
0.787164
0.287027
0.945189
0.852351
-0.206030
0.397687
0.313028
-0.076449
-0.515610
0.748772
0.706290
-0.064302
0.144688
0.806085
0.160680
-0.266396
-0.165929
-0.979675
-0.542161
-0.071810
-0.028962
-0.363323
-0.682180
-0.140294
0.239296
0.150853
0.657704
0.412580
-0.931578
-0.625782
0.453841
-0.125950
0.435469
-0.428388
-0.089389
0.488571
-0.042390
0.789056
-0.285257
-0.072420
-0.287454
-0.319498
0.897885
-0.065889
-0.934141
0.509079
-0.121555
-0.924741
-0.205603
0.863704
-0.315592
-0.478805
-0.799066
0.330058
0.957152
0.325480
-0.707327
0.307596
0.362163
0.882015
-0.702872
-0.574938
-0.620777
0.653737
-0.080782
-0.871334
-0.279458
0.139378
-0.338054
-0.700430
-0.883297
0.827631
0.381756
-0.316568
-0.893674
-0.407514
0.516343
0.421735
0.755913
-0.582080
-0.390423
0.137242
0.195898
0.898373
0.218665
0.202734
-0.301798
-0.973266
-0.815607
0.648427
0.608997
0.460555
-0.645314
0.255226
0.028962
0.167333
-0.677419
-0.608142
0.323588
-0.074923
-0.711844
0.350871
0.874569
0.139622
-0.480148
-0.760125
-0.141881
0.398846
-0.221046
-0.674856
0.295877
-0.416791
0.750725
-0.381451
0.970275
0.654347
-0.212928
-0.784112
0.284890
0.102023
-0.802973
0.979919
-0.606006
0.836238
-0.243385
-0.772759
0.681570
0.576464
0.441145
-0.549852
-0.732963
0.223853
0.244911
0.706961
0.883053
0.507797
-0.614978
-0.357952
0.460372
0.013581
-0.704642
-0.141453
-0.622791
0.565233
-0.975158
0.215796
-0.808466
0.195288
-0.744926
-0.526170
0.472701
0.553331
0.281167
-0.665029
0.267006
0.228126
0.979553
0.713797
-0.119663
-0.012665
-0.872494
-0.475692
-0.301126
0.314005
-0.667165
0.696219
0.662099
0.215003
-0.880367
-0.342936
0.327616
0.318522
-0.189367
-0.875423
-0.859859
0.109470
-0.441023
-0.823847
-0.457076
-0.894406
0.332377
-0.374371
-0.812128
-0.849239
0.361370
-0.115635
-0.156346
-0.347514
0.105991
0.154210
-0.152684
-0.414533
0.173864
-0.885372
-0.527940
0.116245
-0.965331
-0.446394
0.945982
-0.243568
-0.120212
0.006623
0.089267
0.209082
-0.322550
0.464705
0.977966
-0.222388
0.102268
-0.323344
0.484970
-0.134800
0.834468
-0.401898
-0.784722
-0.402203
0.688040
0.453230
-0.483993
0.716056
0.815790
-0.047273
0.903745
0.020966
-0.386212
0.985107
0.363384
0.200354
-0.010346
-0.577380
-0.140660
0.243629
-0.990783
0.895016
0.990539
-0.877377
-0.941160
-0.330302
0.695853
0.723075
-0.357341
0.595508
-0.207068
-0.537584
0.464461
0.212439
-0.904355
0.964782
0.044832
0.875423
-0.281961
0.610584
0.600757
-0.020783
-0.584033
-0.428755
0.583850
0.888424
-0.930845
0.690786
-0.226966
-0.505295
-0.581835
0.398602
-0.458846
-0.983581
-0.682363
-0.149388
0.317362
-0.009491
0.285257
0.314676
0.382672
-0.400067
0.298624
0.237220
-0.308878
0.198218
-0.813288
0.349101
0.843684
0.459517
-0.309061
0.389019
0.921567
0.978332
0.905087
0.147069
-0.759148
-0.947874
0.748161
-0.761956
0.252480
-0.125523
-0.157628
0.602954
-0.795831
0.787347
-0.377606
0.806452
-0.433088
-0.416364
0.447493
0.988647
-0.223853
-0.067965
-0.498581
0.411969
-0.949156
0.053011
-0.083895
-0.376751
0.884030
-0.917905
0.414411
0.104892
-0.399274
-0.962096
0.969054
-0.080782
-0.228126
-0.836970
0.994140
-0.034516
-0.300577
-0.660756
-0.682669
-0.134190
0.745781
-0.982360
0.894528
0.747490
-0.648732
-0.977294
0.104465
0.011872
0.437788
-0.283242
0.091220
0.502731
0.142552
0.744743
-0.892026
-0.977233
0.950072
-0.234352
0.430525
0.728874
-0.253761
-0.580554
-0.548143
-0.938963
-0.521165
-0.582263
0.833857
0.766900
-0.882443
-0.495773
0.801019
-0.097262
-0.173559
-0.605029
0.285989
-0.771294
-0.679312
-0.934629
0.532212
-0.746818
0.144261
-0.809748
0.034211
0.733024
-0.274331
0.050630
-0.675588
-0.564928
-0.446333
0.712333
0.880306
0.777215
0.524888
-0.045320
-0.976928
-0.843501
0.158055
0.056307
-0.071078
0.467696
0.184912
-0.792413
-0.994018
-0.645741
0.722953
-0.433882
0.747490
0.454207
-0.094516
0.729484
-0.226905
0.644581
-0.717887
-0.827509
0.126316
-0.433454
-0.582934
-0.794977
-0.617603
0.755852
-0.670827
0.432234
0.024934
0.761162
0.909482
0.476485
0.217200
0.360881
0.977660
0.162938
-0.952757
-0.401898
-0.875179
-0.087985
-0.378033
-0.240333
0.928587
-0.431745
-0.261269
0.431257
-0.271828
0.886471
-0.719657
0.552293
0.376263
-0.868954
0.092013
-0.257302
-0.132237
0.610218
-0.915036
-0.186010
0.870540
0.254738
-0.842830
-0.229896
-0.492965
0.460128
-0.230689
0.446272
-0.640370
0.721549
0.368389
0.169408
0.181860
0.322794
-0.228309
-0.170812
0.316446
-0.678335
-0.656911
-0.076937
-0.057100
-0.028657
0.308145
-0.265786
0.890316
-0.659291
0.399945
0.699454
0.227088
0.382916
0.843196
0.787530
-0.689566
0.831782
-0.684439
0.704093
0.363872
-0.742180
-0.311930
0.635304
0.675466
0.091342
0.077120
0.678091
-0.771050
0.952269
-0.304666
-0.623890
-0.559435
0.900510
0.326823
0.284280
-0.240211
0.582018
-0.817438
-0.062044
0.688223
0.032746
-0.103366
-0.185217
0.372051
-0.161168
0.684683
0.246864
0.499130
0.298013
0.363018
0.216224
0.597156
-0.073702
0.380535
0.352275
0.273293
-0.623585
0.041536
0.418195
-0.226417
-0.550035
-0.328776
-0.738701
0.060579
-0.575304
-0.176000
0.859920
0.414045
-0.094150
-0.825678
0.454512
-0.053316
-0.022492
-0.918027
0.527024
0.857540
-0.171972
0.202979
0.164525
-0.572802
0.713309
-0.210425
-0.544053
0.621265
-0.973693
-0.693350
0.108921
-0.393597
0.030793
-0.669546
-0.745109
-0.221900
0.815851
-0.724479
-0.680105
0.069002
0.900510
0.731986
0.274697
0.190649
-0.091586
0.837092
-0.152501
-0.151036
0.592334
0.595569
-0.762505
0.974609
-0.101108
-0.628224
-0.278726
0.170690
0.802301
-0.479537
0.003998
-0.653188
-1.000000
-0.492233
-0.987243
-0.883053
0.246010
-0.874935
0.699393
-0.830561
0.133763
-0.647206
-0.178381
0.808771
-0.680837
-0.497543
-0.665639
-0.404218
-0.083529
0.779473
0.253151
0.687857
-0.608448
-0.719474
-0.438093
-0.860286
-0.594592
0.047517
-0.966674
0.450728
-0.718131
0.997925
0.789300
-0.317606
0.045625
0.876095
0.594714
0.293863
0.832820
-0.665456
0.370098
-0.266762
-0.822138
-0.535875
-0.153844
0.305765
-0.797479
-0.887631
0.208960
0.718070
0.913266
-0.972228
-0.470870
0.786737
-0.137913
0.221534
0.181310
0.530137
0.708609
0.510117
0.245705
0.141575
-0.782098
-0.744133
-0.780328
0.565416
-0.938475
-0.372112
-0.546800
0.389691
-0.653859
-0.231483
-0.287149
0.556383
-0.376446
-0.933103
-0.674184
-0.018036
0.879452
0.123936
0.653188
0.607410
-0.187109
0.581286
-0.596057
-0.962889
-0.027741
0.029878
-0.551317
-0.865413
-0.219031
0.258583
0.150731
-0.637623
0.826838
-0.879208
0.366558
-0.888730
0.919675
-0.148839
-0.740349
0.452803
0.647206
-0.701834
0.999817
0.434492
0.530320
-0.853633
-0.305704
-0.042268
-0.475814
0.371746
0.808649
0.500168
-0.232826
-0.596362
-0.785150
-0.726371
-0.458296
-0.783868
0.817377
-0.567125
-0.816340
0.403302
0.893490
-0.010651
-0.587756
-0.221412
0.185827
0.851924
0.363750
-0.927427
0.281961
0.422651
-0.737846
-0.191259
-0.677480
0.703055
0.696280
0.275735
-0.470687
0.687368
0.658437
-0.693472
0.268654
-0.758538
-0.549120
-0.948119
0.271706
0.279214
0.791009
0.737968
0.357707
0.505173
-0.511765
-0.083590
0.923460
-0.477950
0.520615
0.769951
-0.566942
-0.513840
-0.238929
-0.431867
0.213294
0.375469
0.607593
-0.494491
0.880673
0.968566
-0.470870
0.304300
0.712210
-0.293435
0.200537
-0.381390
0.807672
-0.251991
-0.897458
0.954833
-0.926756
0.567553
-0.332621
-0.968444
0.570116
-0.487716
0.859737
-0.698294
-0.359050
0.965148
-0.193274
0.300699
-0.022919
0.348308
0.367779
-0.953856
-0.166723
0.875668
-0.874935
0.113865
-0.874325
-0.419050
0.062166
-0.314798
0.540086
0.663625
0.492233
-0.512375
0.253883
0.405499
0.959105
0.022370
0.488144
-0.652577
-0.120701
-0.731681
0.911557
-0.142796
0.326823
0.173009
-0.036897
-0.402142
0.512925
0.543382
-0.860897
-0.624561
-0.199499
-0.388531
-0.518784
0.574633
0.173742
-0.691580
-0.456954
-0.361126
0.922422
0.525681
0.006623
0.647084
-0.336039
0.464400
0.966857
-0.990051
-0.831904
0.866512
-0.838862
0.265114
-0.295816
-0.455306
-0.134861
-0.327921
0.672414
-0.640736
-0.674062
0.772637
-0.066439
-0.388897
0.151524
-0.408612
-0.627125
-0.620655
-0.105136
-0.387799
-0.357036
0.696768
-0.907956
-0.108615
-0.532701
-0.096896
0.926572
0.764458
0.717338
0.773370
0.395184
-0.226783
-0.301126
0.817438
0.787225
-0.926328
0.569750
-0.314554
-0.274819
0.438032
-0.701224
-0.638722
0.621998
0.013642
-0.216956
0.982299
-0.050142
-0.416181
0.769890
0.077486
0.177404
-0.124424
0.480270
-0.912778
-0.351115
-0.439253
-0.499130
0.608264
-0.207373
0.915769
-0.495529
0.951109
0.263222
0.070406
-0.037568
-0.108188
-0.594165
0.342326
0.164220
0.838618
0.637318
0.091830
0.590320
0.952208
0.160314
0.218421
0.985046
-0.545518
-0.856929
-0.772576
0.044282
0.242164
0.585742
0.194006
0.692007
-0.981262
-0.889523
-0.484603
0.429975
0.239479
0.802484
0.528855
-0.908872
0.150853
-0.052156
-0.988891
-0.765313
0.636586
-0.614429
-0.532640
-0.231849
-0.563768
0.558214
-0.388226
-0.430952
-0.335551
-0.455306
0.092074
-0.054659
-0.688589
0.355083
0.165685
-0.846797
0.894833
-0.677664
0.527818
0.962767
0.698294
0.638966
-0.547655
-0.595996
0.832881
0.390606
0.137364
-0.649464
-0.877804
0.427961
-0.709464
0.482223
-0.612842
-0.466414
-0.858699
-0.341227
-0.670034
0.769829
0.154393
0.253456
0.344401
-0.212683
0.927793
-0.596973
-0.289712
0.171300
-0.114231
0.241615
0.103183
0.065828
0.541185
0.913999
0.877194
-0.798395
-0.698294
0.060152
-0.012665
-0.446944
-0.754265
0.013031
0.265053
-0.033479
0.310099
0.273049
-0.028596
0.337138
0.294351
-0.902463
-0.401959
0.505417
0.384503
0.079562
0.300821
-0.539415
0.632496
-0.399396
-0.431928
-0.604480
0.989685
-0.268044
0.418256
0.539109
0.970275
0.042451
-0.047151
-0.579821
-0.635182
0.926328
-0.111850
0.762993
0.045686
0.623341
-0.032014
-0.220130
0.365398
-0.835810
-0.345805
-0.764092
0.774529
0.486862
-0.816523
0.690298
0.432478
-0.941343
-0.500839
-0.358135
-0.314249
-0.040864
0.932188
-0.468490
-0.798578
-0.639027
0.192724
-0.300455
-0.816645
0.777459
-0.336894
0.457625
-0.369610
-0.769829
0.465072
-0.331584
-0.244484
-0.149022
0.603687
0.862117
-0.309244
0.011139
0.125706
-0.751274
0.539537
-0.999878
-0.817988
0.661367
-0.231178
0.555589
0.659230
0.046602
-0.142125
-0.356059
0.288736
-0.496872
0.128941
-0.626820
0.834590
-0.994751
0.463485
0.112339
0.343669
0.865169
-0.648305
-0.197363
0.282815
-0.931394
-0.714225
-0.373638
-0.019440
0.509079
-0.034883
-0.182348
0.827570
0.320963
0.864315
0.699087
-0.567736
-0.959227
-0.301737
-0.609058
-0.608509
0.009430
0.328288
0.746818
0.466659
-0.081210
-0.775750
0.460128
0.709098
0.797174
0.598193
-0.692495
-0.474227
0.789483
-0.376263
-0.662343
0.407392
0.037690
0.711783
0.387249
-0.854244
0.149571
-0.922971
-0.982360
0.910337
0.609180
0.386883
0.342753
-0.246620
0.279336
0.386761
-0.030732
-0.257179
0.834956
-0.983764
0.804743
-0.690847
-0.841060
-0.487045
0.743156
0.241981
0.410932
0.567492
0.352886
-0.209021
0.878597
-0.459639
0.903928
-0.292520
-0.595996
0.334819
0.543199
0.402264
0.837031
-0.963561
0.518479
-0.325236
0.928953
-0.851863
-0.758354
-0.469588
-0.866634
0.535386
-0.065218
-0.965209
-0.616260
0.748405
0.220618
0.193701
-0.884213
-0.014801
-0.945799
0.542528
-0.919492
-0.116489
0.460982
-0.199194
-0.935545
-0.973388
-0.566881
0.897275
-0.766778
0.188574
0.373272
0.675405
0.717948
-0.000946
0.024506
-0.690909
0.801202
0.861507
-0.488266
-0.522568
-0.211402
-0.320231
0.130528
-0.971557
-0.269997
0.057161
-0.113437
-0.352580
-0.237220
-0.894955
0.811457
0.151524
0.538377
-0.333293
-0.542589
0.103732
-0.046968
0.431684
-0.200903
-0.680898
0.022187
-0.641041
-0.604175
0.343791
-0.660146
0.785150
0.606189
0.110569
0.693411
-0.624928
-0.661428
-0.603320
0.005951
0.500656
0.319803
0.328654
-0.246742
0.896664
-0.752800
0.202124
0.145299
-0.723502
-0.191687
-0.819575
-0.758904
-0.878353
-0.022126
-0.554125
0.416608
-0.277627
-0.233009
0.233924
0.807184
-0.078829
0.720878
0.138462
-0.249245
-0.712455
0.807245
-0.093417
0.193152
0.345317
-0.784845
0.603626
0.828791
-0.986633
-0.386822
-0.571703
0.388226
0.066134
0.756157
-0.282327
-0.135594
-0.909482
0.946226
0.809320
0.675649
0.813105
-0.394208
-0.759514
0.576464
0.888058
0.242470
0.236061
-0.705435
-0.951292
-0.589404
-0.531419
0.978271
-0.754204
-0.135044
0.254982
0.822932
-0.909482
-0.193518
0.455489
0.806391
0.113804
0.823908
-0.550707
-0.225074
-0.537156
0.102878
0.731742
0.519761
-0.276833
-0.448164
0.790521
0.130284
-0.750603
-0.035310
0.595447
-0.591968
0.110202
0.934507
0.200415
0.688589
0.096713
0.654714
0.829157
0.482345
-0.324259
0.286172
0.069674
-0.050203
-0.773064
-0.242897
-0.953978
0.452071
0.782891
-0.870724
0.452925
0.869991
-0.482406
0.014985
0.334696
-0.731376
-0.580065
0.675832
-0.148961
0.199683
0.633168
0.952452
0.100192
0.736442
0.626087
-0.063448
0.458724
-0.331645
0.019318
0.168920
0.958922
0.699087
-0.526414
-0.691580
-0.137242
-0.268288
0.048128
-0.368511
0.570849
-0.201025
-0.114658
0.833064
0.509568
-0.459517
-0.852229
0.136021
-0.705496
-0.433699
0.314676
0.478744
-0.935545
0.030732
-0.577929
-0.785821
-0.819514
-0.371319
0.875057
-0.402936
0.918332
-0.220740
0.457320
-0.819880
-0.857356
-0.856929
0.057283
0.485336
-0.000885
0.721671
-0.385540
-0.681936
-0.444990
-0.776360
-0.788873
-0.877987
0.517258
0.589831
-0.472091
0.399091
-0.905576
-0.546495
-0.544786
-0.569811
-0.555284
-0.647023
0.977294
-0.659658
0.390790
-0.942564
0.734489
0.806879
-0.652455
0.544115
-0.529527
-0.587756
-0.363384
-0.426069
0.029633
-0.629200
0.993225
-0.623829
-0.930601
-0.103793
0.202429
0.676382
0.356670
-0.272256
0.107456
-0.383221
0.956236
0.077914
0.187597
-0.681509
-0.160619
0.789483
-0.457869
-0.189001
0.137974
0.098483
0.874691
0.702811
-0.788568
0.378887
-0.234718
-0.327372
-0.631703
-0.664357
0.437544
-0.121067
0.554186
0.143590
0.195776
0.517380
-0.574450
0.937681
-0.644948
-0.942015
-0.386029
-0.604114
0.752495
-0.450056
-0.554491
0.514573
0.433638
0.580004
0.792535
0.431990
0.440901
0.874203
0.637745
0.023652
0.149510
0.420515
-0.391705
0.103305
-0.263222
-0.571581
-0.009430
-0.394513
0.864803
-0.626942
-0.117832
-0.457198
0.263710
0.499741
0.706473
0.550157
0.370342
-0.431318
0.226600
0.570055
-0.891964
0.886227
0.639698
-0.684256
-0.869503
0.153844
-0.368267
-0.734733
0.109714
-0.648549
0.127720
-0.893918
-0.244667
-0.989746
0.862850
0.286538
-0.289895
0.131809
0.508347
0.590075
0.167882
-0.191321
-0.575793
0.771477
0.029084
-0.133580
-0.740959
0.534959
-0.499802
-0.847102
0.313028
-0.785821
0.632130
-0.369488
-0.242225
-0.210242
0.891964
0.447615
-0.828974
0.843440
0.716178
0.810602
-0.040010
-0.896115
-0.857173
-0.458785
0.499802
-0.374248
-0.232276
0.583300
0.718619
0.561632
-0.961852
-0.869198
-0.017609
0.207068
0.145604
0.263710
-0.686087
-0.217689
-0.067415
0.976562
0.469405
0.132298
-0.342509
-0.813654
-0.469588
-0.043489
0.960021
-0.452071
0.165319
0.185095
-0.374981
0.856563
0.091037
0.368999
0.589953
0.049471
0.693350
-0.314859
0.382366
0.414411
-0.186560
-0.591052
0.260292
0.164159
0.098605
0.173254
0.788018
-0.084445
-0.408307
0.663747
0.319437
-0.715262
0.295022
0.567553
-0.594043
-0.027802
-0.273110
-0.961730
0.567614
0.046602
0.641896
0.478927
-0.005463
-0.908261
-0.186804
-0.376019
0.578478
-0.553514
0.878658
-0.433454
0.971374
-0.142796
0.218055
-0.920835
-0.940367
0.250526
-0.772027
0.421308
-0.533921
0.713736
0.105869
0.982482
0.631336
-0.869991
0.465865
-0.425031
0.846187
-0.586535
0.931944
-0.773431
0.569079
0.916684
-0.768914
0.305765
0.741203
0.144993
-0.933226
-0.789239
0.655751
-0.442671
-0.811884
-0.883175
0.336528
-0.673086
0.993042
-0.772454
0.934812
-0.371746
0.312845
0.155370
-0.771538
-0.402020
0.780572
0.467818
0.911313
-0.083163
0.782159
-0.014679
0.822687
-0.455733
-0.718986
-0.839167
0.769402
0.235084
0.897763
0.148534
-0.077120
-0.525071
0.911313
0.466597
-0.836970
0.202246
-0.622852
0.892026
0.196753
0.774346
-0.054842
-0.232643
-0.767144
-0.822260
-0.870052
-0.658498
0.456648
-0.371136
-0.368694
-0.504501
0.545274
0.933226
-0.986328
0.508530
-0.827265
0.110569
0.824702
-0.648732
0.772271
-0.513169
0.938169
0.733573
0.712394
-0.300882
0.441389
-0.707999
0.312296
0.289468
0.916440
0.693167
-0.295022
0.041658
-0.035615
-0.929624
-0.087313
-0.005951
0.509873
0.530747
-0.059053
0.958983
-0.827631
0.512253
0.553880
-0.160192
-0.016572
0.673208
-0.308206
-0.957701
0.984252
-0.849239
-0.986511
-0.096286
0.605090
-0.323527
-0.328654
-0.643544
0.528428
-0.657399
-0.182470
0.328654
0.699149
0.444502
-0.564074
-0.475570
0.526109
0.275246
0.153783
-0.949522
-0.145421
-0.996948
0.171484
-0.029084
0.878292
-0.340739
0.298807
0.229408
-0.618824
0.441877
0.467452
0.264504
-0.761345
0.084811
-0.495468
-0.965270
0.741447
0.692557
0.318094
-0.461715
0.632923
0.175939
-0.396588
0.843135
-0.307840
-0.585986
-0.358623
-0.681692
0.195776
-0.683096
-0.397870
-0.981628
0.284219
-0.028901
-0.444563
-0.665944
-0.652211
0.702139
0.774590
0.892819
-0.980041
0.284219
-0.970519
-0.125828
-0.321818
-0.470626
0.922727
0.484603
-0.822443
0.941832
-0.566332
0.412702
-0.758171
-0.104404
0.232521
-0.901730
-0.753044
-0.553636
0.125828
0.867794
0.631031
0.414899
0.991089
0.763665
0.698782
-0.930357
-0.847407
-0.894711
-0.023408
0.697562
0.759331
0.116489
0.896725
0.807550
-0.158849
-0.531114
-0.239357
-0.753105
-0.770745
-0.072909
0.636097
0.806940
0.314615
0.594348
-0.543565
-0.170812
0.775750
0.798944
0.503342
-0.875118
0.400555
0.796442
-0.924558
0.141758
-0.337321
0.461043
-0.330241
-0.110630
-0.112156
-0.296487
0.418134
-0.859859
-0.176061
0.119846
-0.459395
0.257424
-0.614368
-0.018708
0.265725
0.037812
-0.063265
0.942137
-0.184606
0.280251
-0.810114
-0.474776
-0.966124
-0.190344
0.969176
0.485275
-0.727836
0.387249
-0.462203
0.020478
-0.610584
0.313517
-0.911496
0.446333
-0.005158
-0.948363
-0.680715
0.296609
0.448653
0.843623
-0.102939
-0.436323
0.806452
0.536607
0.378765
-0.352641
0.977111
0.860103
0.314432
0.252480
0.967833
-0.885983
-0.676443
-0.408673
-0.727775
0.516953
-0.925291
0.350688
-0.589587
-0.416486
-0.792840
0.629322
-0.945128
-0.194617
-0.372295
-0.533860
-0.198889
0.597156
-0.491562
0.863582
0.431196
0.598560
-0.716239
0.236549
-0.706717
-0.148106
-0.668996
0.627857
0.466292
-0.166845
0.514939
0.575915
0.448653
-0.524339
-0.622730
-0.613758
0.817316
-0.655385
0.085177
-0.328898
-0.685049
0.493515
0.748405
0.967284
-0.673391
0.702750
-0.719901
-0.239601
0.179968
0.522935
0.888180
0.994629
0.427290
-0.507981
0.384808
0.858638
0.050325
0.835505
0.629017
-0.945677
-0.385784
-0.409040
-0.794916
0.982299
0.005402
0.022858
0.566271
0.250832
0.674306
-0.632435
0.625843
0.675771
0.129856
-0.923765
0.428266
-0.392743
0.741264
-0.934080
-0.100803
0.093905
-0.194555
-0.360271
0.618702
0.019135
-0.444075
0.359783
-0.389264
0.444929
0.121067
-0.292154
0.400861
-0.078524
-0.583422
-0.576769
0.080477
-0.093417
-0.244911
-0.286966
0.631581
0.666372
-0.087130
0.072970
-0.881954
-0.995666
-0.469466
-0.084872
-0.875729
0.076266
0.494552
0.110202
-0.331278
-0.911557
0.980224
0.998047
-0.753105
0.001740
-0.357097
-0.532029
0.788446
0.292337
-0.849788
0.984191
-0.813410
-0.152074
-0.881283
0.910947
-0.978942
-0.905637
-0.548509
0.195349
-0.533250
-0.352824
0.048433
-0.770196
-0.451033
0.235084
-0.244240
0.779290
-0.205603
0.634083
-0.101962
-0.245949
-0.256020
-0.104648
0.447981
-0.661916
0.045320
-0.908994
0.524155
-0.264931
0.111667
-0.204932
-0.058626
0.299234
-0.016511
-0.880612
0.153966
-0.956297
0.509812
-0.282632
0.566637
-0.925596
0.637745
0.791009
-0.457259
-0.655507
-0.349834
0.283303
0.655934
-0.370159
0.026276
0.719047
-0.783990
0.638295
-0.230934
-0.629200
0.569689
-0.538804
-0.555040
0.939695
-0.443525
-0.644276
0.713187
0.229347
-0.903806
0.243629
0.837519
0.750969
0.914731
0.181005
0.058504
0.492294
-0.828425
-0.211646
-0.742668
0.722526
0.463485
0.052339
-0.324015
-0.161657
-0.464766
-0.329325
0.008332
-0.469588
-0.751396
-0.905332
-0.594104
0.304361
0.779351
-0.821833
-0.607105
-0.687246
0.457869
0.478561
0.449812
-0.240761
0.619312
0.173498
-0.325297
-0.303873
-0.810785
0.058626
0.963378
-0.712821
-0.084384
-0.532823
0.189856
0.044954
0.886959
0.216590
-0.004975
-0.174963
-0.175878
0.320597
-0.100192
-0.332560
-0.130955
0.880001
-0.984802
0.109165
-0.862423
-0.596606
-0.808405
0.441145
0.452254
0.841609
-0.918638
-0.468001
-0.059542
0.037446
0.175756
-0.504318
-0.582385
-0.609363
0.770196
-0.351543
0.806085
-0.470260
-0.637196
0.690786
0.650563
-0.317362
0.378216
-0.229286
-0.808222
-0.531602
0.743950
-0.615467
-0.869198
-0.681997
-0.710501
0.644642
-0.834956
-0.577685
-0.007965
0.616871
-0.935240
-0.832698
0.775018
0.845393
-0.067110
-0.517930
0.102817
0.147008
0.698416
-0.961241
0.475448
-0.082614
-0.897336
0.072604
0.764580
-0.092502
0.040681
0.537034
0.572802
0.708792
0.218299
-0.655263
0.790826
-0.221839
0.411664
-0.346416
-0.165746
-0.607837
0.871029
-0.202918
-0.829035
-0.729118
-0.898679
-0.629322
-0.010773
0.997436
-0.734184
0.598132
-0.736991
-0.698477
-0.224219
0.348186
0.051363
-0.763054
-0.672231
0.007843
-0.388165
-0.012421
0.431745
0.415021
0.728874
0.257363
-0.147069
-0.695120
-0.692740
-0.561632
0.422163
0.085665
-0.968993
0.279824
0.406049
0.471969
0.282388
-0.052644
0.312601
-0.254494
0.856563
-0.374371
0.775018
-0.354289
0.272744
-0.470199
-0.236122
-0.474227
0.382122
-0.317606
0.760613
-0.839900
0.169164
-0.597339
0.317850
-0.682424
-0.009857
0.561144
-0.361919
-0.057161
-0.896908
-0.640614
0.198767
-0.933592
-0.695120
0.796564
-0.581652
-0.345012
-0.680410
0.963622
-0.060945
-0.951415
0.537339
0.034516
-0.528794
-0.336344
-0.297647
0.318583
-0.001556
0.620594
0.984924
0.997131
0.506088
0.222083
-0.871944
-0.327921
-0.250954
0.951537
0.810663
0.405988
-0.353191
-0.221656
0.842769
-0.313150
0.291971
-0.977905
0.345805
0.755486
0.225257
-0.421674
-0.270669
-0.254189
-0.656911
0.384503
0.953734
-0.168126
-0.183386
0.284402
-0.363811
-0.765130
0.387921
-0.971679
0.853694
0.597095
