-0.403546
0.082064
-0.314920
0.994140
-0.008026
0.952269
0.982360
-0.900693
0.669912
0.973754
-0.686880
-0.107273
0.045808
-0.761711
0.570849
-0.743034
0.123203
0.319864
-0.558519
-0.188330
0.126682
0.249001
-0.023225
-0.683706
-0.587268
0.683767
-0.520493
-0.473556
0.282571
0.741874
0.259377
0.220008
0.330546
0.389386
-0.679312
0.602893
0.720206
0.997192
-0.385907
0.291360
0.903256
-0.910459
0.061312
-0.769707
0.356731
0.848933
-0.571398
0.089694
0.204871
0.583178
0.943968
0.495346
0.433760
0.920408
0.292703
-0.178991
-0.094638
-0.469527
0.502915
0.210913
0.855708
0.810236
0.981506
-0.897885
0.106113
-0.702689
0.993774
0.685842
-0.567736
-0.024262
-0.028596
0.592822
-0.618885
-0.835505
-0.420698
-0.420209
0.601550
-0.171178
0.977783
0.053804
0.140172
-0.341472
-0.733451
0.520554
0.309793
0.153172
-0.422956
0.740837
-0.298868
-0.787713
-0.182409
-0.626148
-0.236976
0.924009
0.157079
0.262307
-0.682546
0.751762
-0.996643
-0.619312
-0.598560
-0.064913
-0.900632
-0.154576
-0.531419
-0.765252
0.485702
0.872005
0.055025
0.298196
-0.068209
-0.602222
0.122410
-0.201392
0.855708
-0.529221
-0.905271
0.791681
-0.269570
0.012970
0.482406
-0.512375
0.989380
0.314249
0.989380
0.984558
-0.172582
-0.312296
0.915891
0.245399
-0.937925
-0.254006
0.253761
0.677480
0.194189
-0.812006
0.512803
-0.913694
0.446455
0.283486
-0.065950
0.973632
-0.374493
0.827143
0.424787
-0.632801
-0.380047
0.745170
-0.689932
-0.608264
-0.451399
0.812922
0.905454
-0.076022
0.202673
-0.556017
0.512131
0.956603
0.318644
-0.835505
-0.094882
0.408368
-0.377361
0.461715
-0.263039
0.921201
0.827448
0.743400
0.683584
0.531968
0.196936
0.882321
-0.208045
-0.611560
0.391461
-0.892026
0.621265
0.478927
0.283853
0.446394
0.493088
0.007111
-0.030732
-0.071688
-0.935606
-0.704764
-0.286721
-0.394391
0.121677
0.277139
-0.868587
-0.857295
0.980163
0.949767
-0.790582
0.787225
0.761467
0.552599
-0.568285
-0.015473
0.785394
-0.174657
0.371563
-0.358745
0.684194
-0.556810
-0.088290
-0.686819
-0.815790
-0.208106
0.582812
-0.322428
0.322794
0.992737
0.747490
-0.547777
-0.693228
0.408490
0.879818
-0.156529
-0.874081
-0.518967
0.392438
0.163488
0.973998
0.525620
0.776605
-0.239113
-0.834712
-0.947264
0.070650
0.572802
-0.002899
-0.905087
-0.014985
-0.120640
-0.886654
-0.140538
0.597949
0.844600
0.562487
0.954405
-0.901303
0.472030
0.903989
-0.973693
0.840144
0.754204
0.568163
-0.036164
0.194372
0.296548
-0.113804
-0.323954
0.426923
0.728324
-0.883847
-0.270608
-0.791559
-0.028230
0.544603
0.647633
0.467025
-0.457259
-0.218909
0.541917
-0.045137
-0.872188
0.951903
0.095065
0.383282
0.900143
-0.709769
-0.739494
0.222694
-0.968322
0.299966
-0.147313
0.340556
0.767632
-0.332560
-0.966552
-0.899167
-0.495102
0.389508
-0.706961
-0.226539
0.391705
0.534349
0.889279
0.517502
0.180090
0.200720
-0.802057
0.600513
-0.739067
-0.033296
0.065889
0.219459
0.598132
0.546922
0.850520
-0.797479
-0.860958
0.744621
0.026704
-0.832087
-0.880612
-0.842402
0.121372
0.184484
0.004547
-0.020783
0.508652
-0.324992
0.357524
0.627430
0.027192
-0.096408
0.538133
-0.373760
-0.323283
-0.983947
-0.513169
0.737785
-0.534532
-0.357707
-0.818232
-0.469405
0.991394
-0.810297
-0.975341
-0.773186
0.443587
0.034822
0.697745
-0.909055
-0.837214
0.802728
-0.692862
0.120518
-0.623280
0.730583
0.222327
-0.019196
-0.580309
-0.975219
0.301187
0.814081
0.129917
-0.437239
-0.917051
0.387005
0.051546
0.890133
0.552171
0.571520
-0.611133
0.395978
0.878048
0.327494
-0.193030
0.592639
0.668325
-0.174474
0.803400
-0.683950
0.355022
-0.311197
-0.529527
-0.795953
0.643178
-0.271950
-0.004791
0.039216
-0.945006
-0.979186
0.206519
0.429731
0.415937
0.135899
0.229591
-0.845332
-0.766472
-0.686758
0.228675
-0.496078
0.001740
-0.981628
0.216468
0.876461
-0.759087
-0.605579
-0.759697
-0.805231
0.407880
0.661550
-0.445296
-0.894223
-0.880184
-0.231788
-0.735771
0.306925
0.975219
0.626576
-0.311075
-0.235328
-0.087008
0.526170
0.066622
0.577258
0.950438
0.631703
-0.481491
0.489059
0.897275
-0.640614
-0.282510
-0.340312
-0.947142
0.889462
0.175329
0.160375
-0.368572
-0.737602
0.841975
0.924619
-0.337931
-0.069491
0.955687
-0.655568
0.644154
-0.148412
0.167089
0.872311
0.288430
-0.738639
-0.780755
0.814020
0.506149
0.950255
-0.425642
0.173254
0.562853
0.597888
-0.573229
0.184240
0.179479
0.924253
0.622547
0.103305
0.021760
-0.388287
0.644032
0.689016
0.209265
-0.968688
-0.183081
-0.594104
-0.805780
0.401166
-0.159276
0.824763
0.647633
0.604907
0.032014
0.627735
-0.595752
0.212134
0.117161
0.921079
-0.966430
-0.373333
-0.300333
0.530931
0.465438
0.842463
-0.928220
-0.351482
0.305338
-0.758232
0.910581
0.410871
0.859004
0.855159
-0.199927
-0.045930
0.125095
-0.177770
0.775262
-0.256325
-0.586962
-0.284463
-0.778253
0.821100
-0.806269
-0.704703
0.157384
0.861019
-0.165319
-0.118442
-0.396161
0.872860
0.647633
0.153478
0.830378
-0.143651
0.746330
0.756462
0.740837
-0.559435
-0.973449
-0.757683
-0.378704
0.569445
-0.950865
-0.765374
0.032258
0.498154
0.076998
-0.516648
-0.632191
-0.223670
-0.865902
-0.561205
0.690237
0.442549
-0.516037
0.999878
-0.850032
-0.626698
0.061190
0.862117
-0.380840
-0.842463
0.589526
-0.036348
0.954588
-0.557787
0.691092
0.355754
0.139012
-0.616932
0.420820
0.733024
0.315714
0.133396
-0.829768
0.508591
0.281045
-0.558580
-0.294290
-0.746025
0.583483
-0.874142
-0.994629
-0.355815
-0.355571
0.869503
-0.212134
0.687429
0.942259
-0.844234
-0.584948
0.119175
-0.374432
-0.242347
-0.484970
-0.377789
-0.607959
-0.398907
0.662099
-0.799310
0.788751
-0.580859
0.268654
0.338908
0.992553
0.513291
-0.580432
0.937498
-0.585864
0.270486
-0.996765
-0.231788
0.113742
-0.835749
-0.580187
0.040986
0.281594
0.304117
-0.420392
-0.641835
-0.731132
0.943236
0.940428
-0.155736
-0.615772
0.060030
-0.007660
0.588610
-0.630238
0.487594
-0.814142
-0.766717
0.663076
0.232948
-0.938047
0.298196
-0.382855
-0.746208
0.519150
-0.849666
0.397565
-0.082980
-0.930784
-0.497360
-0.637867
0.911924
-0.195227
0.772088
0.778619
-0.324747
-0.165807
0.123753
-0.661855
0.830439
-0.233070
0.547655
0.573840
0.164953
-0.073702
-0.477340
-0.437300
0.515427
-0.721183
0.572192
-0.236671
0.992431
0.597522
-0.074496
-0.754692
0.192724
-0.671987
-0.551988
0.630238
-0.285379
-0.992920
0.907346
-0.863338
-0.942686
0.154820
0.240577
-0.554979
-0.533921
-0.129246
0.129612
0.177343
0.938231
0.505783
-0.642750
-0.499313
-0.118381
-0.969115
-0.362163
-0.350078
-0.423566
0.806757
0.893918
0.141453
0.675832
-0.196509
-0.926939
-0.271096
0.046663
-0.292825
0.227088
-0.078646
-0.245766
0.527207
0.827387
0.089450
0.531602
-0.037080
0.898679
0.577746
-0.493027
-0.435835
-0.552904
-0.568896
-0.275613
-0.576769
-0.726066
0.711783
-0.991394
-0.619495
-0.662343
-0.004120
-0.462813
-0.225318
0.047639
0.521897
0.697623
-0.706595
-0.082369
0.964049
0.507004
-0.979980
0.548814
-0.906674
0.541673
-0.860347
0.745476
-0.179235
0.552782
0.373882
-0.137059
-0.940611
0.695608
-0.379376
0.725150
0.262856
-0.657460
-0.042268
-0.078646
0.066439
0.617786
-0.416669
-0.251991
-0.134434
-0.749748
-0.835078
0.783441
0.118137
-0.960509
0.254677
-0.721549
-0.433760
-0.872860
-0.820795
-0.521592
0.770989
0.181005
-0.680044
0.055269
-0.924131
-0.300394
0.174841
-0.846919
0.683645
0.479965
-0.422102
0.780267
-0.815729
0.259011
-0.491745
0.763176
-0.322184
-0.444075
0.591784
-0.430342
0.152684
0.478195
0.977111
0.425459
-0.273232
0.196570
0.785699
0.341899
0.368999
-0.109165
-0.110508
0.636525
-0.545701
-0.040681
0.532334
0.815607
-0.665578
0.476547
-0.602161
-0.834529
0.382122
-0.306314
-0.159581
-0.628285
-0.330302
-0.512619
0.925901
0.628346
0.981323
-0.022370
-0.384503
-0.530198
-0.299783
-0.352336
-0.277749
0.916196
0.541124
0.295145
-0.799677
-0.524644
-0.919187
-0.135105
-0.609607
-0.188879
0.100436
-0.084262
0.407697
0.951415
0.714103
0.432844
-0.178259
0.372234
-0.217566
-0.040010
-0.697806
0.853938
0.185278
0.420270
0.161351
0.456893
0.123875
-0.336589
-0.994934
-0.289834
0.861812
0.076388
0.641896
0.617847
-0.031526
-0.843074
0.423383
-0.467940
0.722648
0.249245
0.432234
-0.096530
-0.435591
-0.113315
-0.027741
-0.002106
0.837031
-0.031953
-0.385968
0.048555
-0.384808
-0.048250
0.285440
0.563707
-0.618397
0.085482
0.233680
-0.754082
-0.824824
-0.596423
-0.126804
-0.164159
-0.731803
-0.527085
-0.985168
0.111850
-0.634388
0.474715
0.289102
0.527818
0.078463
0.950438
0.144566
-0.589282
0.557604
0.322672
-0.494430
0.480270
-0.602710
0.426984
-0.301920
0.342631
0.342326
-0.501267
-0.530808
0.386273
-0.201575
-0.274697
0.573656
0.403058
-0.818293
0.257485
0.318339
0.743583
0.286294
-0.495102
-0.871639
0.973571
-0.862728
0.994690
0.401288
0.297281
-0.599841
-0.183935
-0.666433
0.228370
0.010712
-0.686392
0.369304
-0.034700
-0.879940
-0.549120
-0.109287
0.457869
0.231300
-0.652882
0.951170
-0.940855
-0.778497
-0.028291
0.903317
-0.374310
0.909726
-0.828181
-0.353923
0.424421
0.117527
0.240761
0.020295
0.594226
0.029389
-0.252907
-0.647206
-0.108921
-0.993835
0.635731
0.379254
0.968871
-0.045076
-0.714103
-0.986633
-0.364910
0.641102
0.531175
-0.584094
0.659963
0.857173
-0.133213
0.207678
0.900571
0.628895
0.177404
0.422346
0.490768
-0.473434
0.390423
-0.301126
-0.947569
-0.930662
0.217689
0.384991
-0.528916
-0.792657
0.046297
-0.755364
-0.825922
-0.580065
0.799432
-0.273293
-0.835627
0.085360
0.732963
-0.869320
-0.335490
-0.594165
-0.522935
-0.582751
0.983337
0.208655
0.747246
0.197363
0.225745
0.368328
-0.275430
0.433576
0.320231
-0.586108
-0.084201
-0.584155
-0.913938
0.404889
0.997925
0.535386
-0.526597
0.823542
0.033662
0.363262
-0.552599
0.023591
-0.428327
0.884152
0.014740
0.857356
0.611621
-0.276589
0.234107
0.239662
0.370037
-0.557787
-0.288553
0.743461
0.989380
0.673879
0.853084
-0.869625
-0.694876
0.235939
-0.099338
-0.842036
-0.555773
-0.943724
0.242653
0.951598
-0.896176
0.798334
0.461898
0.434553
-0.357524
-0.545946
-0.250038
0.199072
0.403974
0.202857
-0.205115
-0.136937
-0.170324
-0.165746
0.375469
-0.598193
-0.304483
0.994079
0.618213
-0.809381
-0.847102
0.892392
-0.894345
-0.328227
-0.811823
-0.549059
-0.328349
-0.403790
-0.822993
-0.289712
-0.820124
-0.658437
0.831782
-0.114292
0.079379
-0.955321
-0.855037
-0.432295
-0.071139
0.363872
0.085665
-0.428999
-0.542344
0.603626
-0.914243
-0.297769
-0.876705
0.154393
-0.542283
0.861995
0.405805
0.964599
0.908811
-0.070650
-0.229774
-0.053743
0.787774
-0.066073
-0.353984
-0.199805
0.174230
0.411115
0.723685
-0.581042
-0.521531
-0.426008
0.852168
0.057649
0.640675
-0.059786
-0.644581
0.879818
-0.461409
0.362651
-0.878536
-0.872494
0.651296
-0.591968
-0.746818
0.961913
0.908139
0.014435
-0.168615
-0.465987
0.825556
-0.117893
0.170568
0.120762
-0.520554
0.258889
0.623280
0.696402
0.875668
-0.138401
-0.162389
0.600574
-0.878658
-0.159154
-0.793695
0.982116
0.937254
0.562670
-0.563829
-0.999084
0.862911
-0.371990
-0.782098
0.530869
-0.130589
-0.092074
0.439924
0.482162
-0.211707
-0.347880
-0.913388
-0.873165
-0.640553
0.600879
0.032380
0.434553
0.675954
-0.365947
0.645375
-0.787530
-0.276833
-0.234901
-0.341044
-0.657582
0.821100
-0.510727
0.504624
0.017792
0.668081
-0.994079
0.729057
0.320170
-0.556017
-0.799127
0.992798
0.414716
0.316568
-0.413739
-0.907468
-0.232582
-0.103122
0.176428
0.252724
-0.171545
0.710868
0.489303
-0.868465
-0.476302
-0.780267
0.322855
-0.873592
-0.583911
-0.850459
-0.951903
-0.954527
0.749260
-0.961913
0.337260
-0.946532
0.150121
0.125523
-0.142186
0.432051
0.913877
-0.185522
-0.475387
-0.615406
0.324992
-0.779901
-0.680898
-0.696768
0.456221
0.846736
-0.199072
0.494797
-0.268899
-0.518418
-0.694754
0.140294
0.301309
0.439192
0.251991
-0.422956
0.168859
-0.120762
0.849422
-0.294595
-0.266701
-0.629749
-0.421796
0.956053
0.280190
0.439802
-0.071749
0.010407
-0.673635
-0.528245
0.307230
0.184668
-0.679373
0.629200
-0.372967
-0.109226
0.664785
0.658925
0.523667
0.577990
0.687429
0.126743
0.144200
-0.183569
0.162572
-0.440046
0.405927
0.550707
-0.475448
-0.651173
-0.516099
0.464278
0.224891
0.188940
-0.740654
0.455672
-0.040071
-0.378765
-0.675344
0.700064
0.011689
-0.426740
0.570971
0.599231
-0.518967
-0.670522
0.415815
-0.503159
0.755913
0.492538
0.855464
-0.265603
0.462569
-0.121738
-0.119785
0.645985
-0.541246
-0.727042
-0.419172
0.001801
-0.286599
-0.121006
0.462813
0.346599
0.170629
-0.173254
-0.510483
0.768975
-0.174291
0.009919
-0.990295
-0.544664
-0.667959
0.466536
-0.019745
-0.671499
0.464888
0.016449
-0.621876
0.948180
0.958800
-0.253090
-0.658864
0.555956
-0.787408
-0.439192
0.328776
-0.410993
-0.396832
0.017914
-0.971801
0.462752
-0.798273
-0.510300
0.874508
-0.998108
0.175268
-0.753471
-0.768365
0.993652
0.058199
-0.902524
-0.073885
-0.440291
0.680960
-0.189489
0.061251
0.458907
-0.574145
0.397626
-0.156407
0.490951
0.533616
0.648671
0.053743
-0.541063
0.105564
-0.092074
-0.290872
-0.320536
0.036836
-0.721488
-0.457320
-0.303751
-0.517624
0.991760
-0.949400
0.857173
0.499496
-0.391522
0.313944
-0.240699
-0.816767
-0.922056
0.940184
-0.634510
0.343364
0.452742
-0.291787
-0.797479
0.503525
-0.162511
-0.959716
0.688101
-0.263588
-0.078097
-0.824152
0.631520
-0.448775
-0.091830
-0.408979
-0.261513
-0.731803
-0.595630
0.930601
0.057955
0.544786
-0.950011
-0.301248
-0.997742
-0.350017
0.029206
-0.913022
0.016877
0.015168
-0.671865
0.640858
-0.877499
0.856014
0.157201
-0.572130
-0.997681
0.520066
0.309977
0.935850
-0.238624
0.574145
-0.161901
-0.641774
0.972106
0.174535
-0.235206
0.951476
0.333598
0.174352
0.377606
-0.407270
0.683157
0.984497
0.649770
-0.233375
-0.596057
0.614429
0.457869
0.587390
-0.541673
-0.753716
0.993835
0.127659
0.401532
0.246620
-0.139378
0.702994
-0.625050
-0.629383
0.278542
0.871029
-0.816034
-0.607837
-0.276528
-0.126133
-0.915036
0.385113
-0.239235
-0.023896
0.910886
0.308512
-0.711295
-0.078280
-0.169347
-0.601794
-0.491562
-0.313150
-0.756279
-0.604602
-0.028169
0.670339
0.871700
0.468856
0.931394
-0.881893
-0.316568
0.085910
0.130589
-0.637928
0.928465
-0.430525
-0.259621
-0.106723
-0.601123
-0.044160
-0.880612
-0.322977
0.171239
0.786431
-0.082553
0.222755
0.113742
-0.294595
-0.731498
0.009125
-0.272439
0.897092
-0.228187
-0.686636
0.596484
0.527451
0.645558
0.709647
0.516037
0.140904
-0.454817
-0.825495
0.239113
-0.906003
0.144566
-0.909848
-0.689688
-0.322001
0.497299
0.602588
-0.180639
0.054109
-0.968383
-0.330546
-0.026032
0.826594
-0.543199
0.703177
0.274087
0.551439
0.957091
0.167089
-0.446272
-0.746452
-0.029206
0.014435
0.212989
0.891964
-0.782525
0.651173
-0.224158
0.107517
-0.939329
0.904660
0.538194
0.195471
-0.789727
-0.624683
-0.312723
-0.568163
-0.923338
0.876461
0.322184
-0.700552
-0.442305
-0.511826
0.082430
-0.454634
0.489669
0.276711
0.839778
0.340983
-0.303079
0.674001
0.784295
0.004059
0.051729
0.722037
-0.080477
0.374676
0.156468
0.946593
0.168004
-0.809687
-0.588977
-0.825617
0.538499
0.835994
0.341350
-0.403668
-0.484664
-0.707327
0.903256
0.918027
0.984558
0.852351
0.573046
0.637074
-0.799310
-0.960326
0.391705
-0.422834
0.316385
-0.693777
0.386517
-0.136814
0.536058
0.692190
0.211768
0.163244
0.019623
-0.059114
-0.516953
0.721976
-0.361126
-0.169836
0.786981
-0.757927
-0.045442
-0.492538
0.779412
-0.085177
-0.120701
-0.186804
0.442793
0.626087
-0.063875
-0.782525
-0.937193
-0.334147
0.263527
0.342143
-0.054292
-0.634999
0.742119
0.055330
0.577807
-0.053743
0.984008
-0.081454
0.117832
-0.360027
-0.264626
0.577136
0.405622
0.568468
-0.667653
0.725883
-0.800836
-0.206458
