-0.823725
-0.885311
0.067232
-0.070162
0.402814
-0.484115
0.265603
-0.780206
0.515305
0.381817
-0.787042
-0.793695
0.895383
-0.559191
0.331889
0.239845
0.669057
-0.309854
-0.684011
0.132786
-0.131016
0.143284
-0.581652
-0.601306
0.989807
0.699698
0.389996
-0.002716
0.697989
-0.827021
-0.470321
-0.791559
-0.646168
0.234718
-0.749077
-0.404828
-0.131993
0.208106
0.073946
-0.071383
0.649525
-0.648305
0.775811
-0.246498
-0.645741
-0.162328
-0.827754
0.202429
-0.298868
-0.011383
-0.741874
-0.936705
0.301614
-0.796014
-0.021332
0.734855
-0.929014
0.826106
-0.963134
0.073946
0.915525
-0.019135
-0.178014
-0.100070
-0.649281
-0.834346
0.452620
-0.125828
0.657826
-0.032014
0.308634
-0.739921
-0.378521
0.202490
0.540147
-0.351604
-0.374310
-0.248024
0.943113
-0.569018
0.538255
0.738090
-0.334452
-0.543077
-0.075838
0.749748
-0.069857
0.780816
-0.756157
-0.543077
-0.656789
0.647816
0.015107
0.198462
0.564074
0.355266
0.208472
0.366619
-0.076937
-0.894162
-0.962767
-0.817133
0.973754
-0.966674
-0.327616
-0.737053
-0.095248
-0.678091
0.489853
-0.840022
0.965087
-0.747612
0.542344
-0.062166
-0.705191
0.989380
-0.251015
0.598071
0.005768
-0.281838
-0.602832
-0.900815
-0.593066
0.391400
-0.828364
-0.055147
0.953063
0.183386
-0.034516
0.790643
0.347148
-0.109592
0.418806
-0.255104
-0.691031
-0.409894
-0.068880
-0.803034
-0.991760
0.189795
-0.963622
-0.134007
0.475631
-0.525498
-0.561205
-0.552171
-0.796808
0.373455
-0.573656
0.860103
0.536851
-0.535386
0.045686
-0.744194
0.002899
0.061739
0.949095
0.072604
-0.557237
0.620289
0.713004
-0.297647
-0.987793
-0.188879
0.937498
-0.364238
0.278420
-0.127598
-0.081881
0.746696
0.076510
0.837825
0.795099
0.775018
-0.356304
0.479293
-0.225806
0.408490
-0.729972
-0.960814
-0.948302
-0.981506
-0.070650
0.420148
-0.951231
-0.295022
0.431806
-0.484848
0.524033
0.460616
0.169591
-0.085055
-0.555406
0.174474
0.159581
0.854976
0.049593
0.162450
0.778497
0.020966
-0.423017
0.762078
0.300699
0.621693
0.666860
0.278115
0.845393
0.356487
-0.719352
-0.695975
-0.225990
0.830012
-0.832270
0.685781
-0.287454
0.922727
0.165807
-0.048128
-0.520920
-0.183447
0.349406
-0.267678
-0.510361
-0.681936
-0.064974
0.882443
0.510605
-0.357158
-0.240883
-0.126621
0.357097
0.195593
0.463729
-0.820795
-0.687429
0.496445
0.119480
0.985046
-0.415143
0.811090
-0.642506
0.595264
0.279031
-0.645863
-0.192236
-0.242836
0.000702
0.021638
0.573717
-0.999207
-0.783990
0.740043
-0.239784
-0.818598
-0.240883
-0.160558
-0.879757
0.234107
-0.665822
-0.393048
0.566759
0.946165
-0.329936
-0.515122
0.306009
0.885739
0.871517
-0.635731
0.477035
-0.608997
0.279763
-0.565905
-0.290445
0.087497
0.543260
0.430586
-0.065035
0.820185
0.884335
0.497482
-0.298990
-0.198889
0.818171
-0.678152
0.955260
0.826594
0.024812
0.631153
0.504257
0.132969
-0.728385
0.227393
0.464461
-0.885189
-0.780267
-0.737297
0.038911
-0.813349
0.818110
0.836726
-0.735405
0.529221
0.473556
0.413862
0.174963
0.480941
-0.613147
0.381756
-0.850948
-0.067049
-0.340983
-0.594714
0.744865
-0.461653
-0.756340
0.611194
0.755669
-0.601978
0.492660
-0.507736
0.416181
-0.658376
0.044221
0.699454
0.912717
-0.417646
-0.961547
-0.473983
0.862117
-0.941527
-0.915342
-0.779046
-0.325968
-0.259316
-0.613086
-0.810114
-0.662404
0.897275
-0.667226
0.986206
-0.109836
0.166784
-0.237098
-0.451827
0.100131
0.391339
0.139866
0.575793
-0.852351
-0.951598
0.130039
0.803217
-0.849361
-0.849116
0.638295
-0.871456
-0.053621
0.171056
0.703726
-0.058321
0.244484
0.598376
-0.152867
0.076632
-0.587329
0.449751
-0.932127
0.134251
0.130711
-0.727103
-0.315958
0.878658
-0.551317
-0.573473
-0.766289
0.534410
-0.319010
0.310587
-0.126499
0.635853
0.292825
0.807245
0.153356
0.968078
0.294412
0.723258
0.235817
-0.995727
-0.923826
0.676626
-0.846553
0.560595
-0.091342
-0.001312
-0.668264
-0.847468
-0.845637
-0.753899
-0.750481
-0.609119
0.422163
-0.180944
0.682730
-0.658559
0.162511
-0.960875
-0.471908
-0.796747
0.052767
0.702017
0.094028
0.899045
0.754997
-0.217872
-0.430219
0.078829
-0.715995
-0.254189
-0.602100
0.061617
0.658010
-0.535569
0.841426
-0.101291
0.404340
-0.861812
-0.805902
-0.900327
0.914609
0.261940
0.480941
-0.447005
0.102084
-0.374859
-0.142186
-0.790094
0.610218
-0.964843
0.762139
-0.323588
0.211646
-0.727958
-0.983398
0.182775
-0.083956
-0.707572
-0.082919
-0.748039
0.069063
0.610340
0.620716
0.460005
0.558519
0.540880
-0.149998
-0.841548
0.585925
0.855098
-0.809626
0.487045
-0.026521
0.948424
0.304971
-0.294656
0.438948
0.561144
-0.262062
-0.696341
0.043611
-0.904965
0.928831
-0.305521
0.860714
0.605274
0.546495
0.991882
0.865902
-0.503220
-0.997253
-0.319437
-0.020173
-0.622547
-0.692373
-0.563463
0.909909
0.250282
-0.553758
0.816828
-0.181310
-0.714713
-0.753716
0.618091
-0.437178
0.702567
-0.823359
0.352458
-0.257851
0.920896
-0.049837
-0.562975
-0.788629
-0.032075
-0.080416
0.880612
0.327128
0.115146
-0.352031
-0.800409
0.165136
-0.348857
-0.531724
-0.721915
0.220008
-0.950499
0.138218
-0.072481
-0.463973
0.996887
-0.132786
0.516343
-0.931944
0.098239
-0.866878
-0.371807
0.943297
-0.974609
-0.006134
-0.864315
-0.784173
-0.520066
0.800226
0.952147
0.408551
-0.406171
0.731498
0.916257
-0.541063
-0.288675
-0.928709
-0.476424
0.913694
-0.727653
0.042329
0.700735
-0.665151
0.274880
0.370586
-0.564684
-0.785760
0.979064
0.906247
0.368999
-0.163915
-0.916684
-0.287698
0.385784
0.214942
0.574450
0.927549
-0.633656
0.725578
0.993408
-0.113865
0.848506
-0.761834
-0.186926
0.107761
-0.051729
0.950743
-0.001495
0.754326
0.244057
-0.100192
0.553087
0.192358
-0.930052
-0.080172
0.962584
-0.511155
0.911435
0.574389
0.187475
0.461043
0.379498
-0.954222
-0.561144
-0.325968
0.092502
0.473067
0.624500
0.686575
0.395245
-0.132298
-0.333293
0.436750
-0.387249
0.616443
-0.357219
0.964904
0.936827
0.092380
0.941465
-0.093783
-0.065035
-0.748650
0.846858
0.441816
0.018342
0.838435
0.327921
-0.270852
0.411176
-0.939879
-0.214393
-0.657033
0.269265
0.962462
0.539293
0.352947
0.410993
0.960448
0.619861
0.631275
-0.347819
0.635426
0.167516
0.216163
-0.309000
-0.117527
0.265114
0.303690
-0.292398
0.378460
0.797357
0.639821
0.233863
0.722709
-0.326518
0.261086
-0.841487
-0.504013
-0.224952
-0.463607
-0.317057
0.540452
0.367840
0.881710
-0.005341
0.027009
0.308084
-0.176855
-0.007416
0.564562
0.447615
0.309427
0.840754
-0.590014
-0.410138
0.896908
-0.284158
-0.004791
0.290139
0.289834
-0.268288
-0.974425
0.577746
-0.752739
0.453719
-0.028413
0.416303
0.717277
0.274331
0.014252
-0.370830
-0.498703
-0.945372
-0.039460
0.809442
0.004303
0.659658
0.842158
0.558763
0.893185
-0.059175
-0.147618
-0.968017
0.725517
-0.551317
-0.335124
-0.840083
-0.931883
0.530015
-0.863338
0.653005
0.701895
0.325541
-0.070345
0.880490
-0.811579
-0.672231
0.799799
-0.900876
0.639882
-0.603565
0.151769
0.427595
-0.026887
-0.931700
-0.814875
-0.614368
-0.867672
0.034761
0.530503
0.727531
0.598865
-0.294778
0.916807
-0.423078
0.539476
-0.411725
0.517136
-0.925962
-0.402570
-0.952696
-0.303629
-0.509140
0.321512
0.039094
0.424238
0.008087
0.969481
-0.603381
-0.806574
-0.873836
0.716666
0.808588
-0.039460
-0.468429
-0.443525
0.332804
0.438765
0.213294
-0.530442
-0.531297
-0.472945
-0.121128
-0.813715
-0.039399
-0.511521
0.354961
-0.195654
-0.633106
-0.232215
-0.622059
-0.108737
0.620899
-0.438826
-0.538011
-0.554674
-0.266823
-0.670156
0.339152
-0.473678
-0.009796
0.351909
0.246803
-0.604602
0.493027
0.257485
0.796136
-0.815485
-0.673757
-0.277261
-0.496139
0.211463
0.598560
-0.727165
0.765984
0.426069
0.546434
0.978881
-0.338176
-0.156407
-0.599963
-0.520981
-0.923521
-0.628895
-0.344218
-0.457869
0.409284
-0.103793
-0.119846
-0.866756
-0.238014
-0.246681
-0.137852
0.174291
0.018586
-0.902158
-0.185705
-0.237281
-0.757988
0.253945
-0.330546
0.114536
0.948912
0.435408
0.494797
-0.044893
0.092685
0.095614
-0.280862
0.444929
-0.250587
-0.642140
0.069796
-0.671560
-0.818903
-0.970336
-0.575243
0.500961
-0.846553
0.656606
-0.823969
0.975219
0.858272
0.121311
0.044404
0.324992
-0.631520
-0.593799
-0.401227
0.273782
0.562914
0.130650
-0.217933
-0.987487
0.567675
0.810297
-0.478195
-0.322611
-0.880795
0.226905
-0.199072
0.226905
-0.265542
-0.777581
0.330790
0.443709
0.006378
0.189428
-0.912473
-0.686514
-0.319376
0.938292
0.990478
-0.939512
0.635792
-0.785638
-0.939634
0.486984
-0.708792
-0.842830
0.892392
0.245949
0.198645
-0.264138
0.952696
-0.360210
0.616382
-0.176428
0.770013
0.247597
-0.932127
0.746391
0.047334
0.198096
-0.824458
0.248756
0.504074
-0.381329
0.482223
-0.182531
0.371197
0.473251
0.853694
-0.072420
-0.831477
-0.215735
-0.999634
0.078158
-0.553697
0.153539
0.846492
0.218299
-0.570788
0.961913
0.111728
-0.613819
0.454085
0.776727
0.250526
0.500961
0.384381
-0.870907
0.173193
0.409955
-0.898984
-0.768365
0.135716
0.269021
0.526597
-0.336955
0.966796
0.752800
-0.145421
0.461653
-0.012909
0.095492
0.917112
0.761223
-0.081149
0.936522
-0.662465
0.407392
-0.488083
-0.846492
-0.990600
-0.907651
-0.028840
0.313089
-0.759758
-0.164953
0.135289
0.155065
-0.285684
-0.226966
0.937437
-0.175817
-0.297159
0.804559
0.079928
0.396649
0.680898
-0.348857
-0.467208
-0.675832
0.918027
-0.978210
-0.556444
-0.342326
-0.204810
0.938108
-0.732536
-0.516831
0.038179
0.773125
-0.913816
0.844356
-0.025605
0.055696
0.657949
-0.499863
-0.701163
-0.181188
-0.239906
-0.976806
-0.938719
-0.900815
0.459151
0.157994
-0.081881
0.814203
-0.044282
0.998901
-0.798273
-0.270058
-0.902951
-0.525498
0.982788
0.739128
0.617481
0.450362
-0.933470
-0.663930
0.420392
-0.719901
0.453413
0.232154
-0.126194
0.221656
0.988769
0.981750
0.309977
0.142125
-0.490036
0.077670
-0.359050
0.348613
0.595325
-0.121372
0.822504
-0.883297
-0.658620
-0.753594
0.171361
-0.579394
0.755058
-0.279214
-0.195837
0.755913
-0.961974
0.904904
0.582873
-0.736808
0.905026
-0.296487
-0.513230
-0.443648
0.968505
-0.027802
0.909238
0.608997
0.794183
0.463057
-0.920530
-0.524094
0.444990
0.752739
-0.736259
-0.340312
0.576891
-0.772515
0.448164
0.134922
-0.709830
-0.669790
0.043245
0.837275
0.602710
-0.228980
0.168493
0.661061
0.538255
0.995178
-0.217811
-0.233924
-0.204138
0.056917
-0.728202
-0.514634
-0.707938
0.037507
-0.245277
-0.817927
0.088717
-0.243385
0.526109
-0.016083
-0.613086
-0.515366
-0.152684
0.680898
0.209510
0.775384
-0.894528
-0.968200
0.858699
-0.614978
0.111911
-0.699576
-0.388165
0.171728
-0.764824
0.546678
-0.194922
-0.471541
-0.320048
0.573168
0.195288
-0.731864
0.898190
0.294534
0.147435
0.535813
-0.192846
-0.724235
0.478927
-0.692923
0.247658
-0.845576
0.841792
-0.409040
-0.475692
-0.261513
0.385113
-0.116672
-0.319010
-0.986328
-0.919309
0.145726
0.877316
-0.673757
-0.821955
0.292825
-0.034822
0.727775
0.984802
-0.832759
-0.693167
-0.984863
0.508164
0.695425
-0.708975
0.004608
0.775506
0.362163
-0.227821
-0.851131
0.134007
-0.390179
-0.192175
-0.402570
0.438826
0.204260
-0.458541
0.195593
-0.549547
0.868160
-0.005524
-0.917356
-0.362651
0.382977
-0.628895
0.995361
0.696890
0.829218
0.490036
-0.468551
-0.582568
-0.805536
0.185522
-0.392865
0.938292
-0.099033
0.361919
-0.726737
0.102634
0.688040
-0.841792
-0.493942
-0.305460
0.958129
-0.631581
-0.100009
-0.078585
-0.802667
0.042695
0.868404
0.200354
-0.515366
-0.870235
-0.643544
-0.977172
-0.395550
0.895016
0.738151
0.907651
0.488754
-0.428327
-0.366314
-0.893063
0.564501
-0.342265
-0.346171
-0.790460
0.407514
0.492782
-0.327799
0.066622
-0.355754
0.666982
0.585986
-0.106113
0.681326
-0.918638
0.238624
-0.427046
-0.869869
-0.567064
-0.977477
-0.273293
-0.741020
-0.904294
0.711966
-0.117405
-0.839228
0.627125
-0.234657
0.480453
-0.103916
0.222633
0.200720
-0.402875
-0.967345
-0.696341
-0.441633
-0.511948
0.370281
-0.513413
-0.381085
0.574389
0.466292
0.089450
0.108127
0.588244
-0.058565
-0.848567
-0.055574
0.147069
-0.219703
-0.139744
0.791864
-0.375652
0.390667
0.693350
0.829951
-0.945677
-0.145787
-0.989624
-0.172277
0.806391
-0.254189
0.305338
-0.958068
0.304361
-0.456587
0.048433
0.605579
-0.865780
-0.949156
-0.871883
-0.510666
0.444746
0.884030
-0.154210
-0.384198
-0.209876
-0.399274
0.394269
0.311441
-0.573168
0.415326
-0.298929
0.757439
0.865596
-0.351238
-0.660756
-0.601733
-0.068453
0.058931
-0.550279
0.039460
0.483810
-0.818476
-0.847652
0.532212
0.267617
0.737785
-0.368267
0.550279
0.444929
0.655507
0.770013
-0.802728
-0.622486
-0.750786
-0.369610
-0.179357
-0.624866
-0.768792
0.314066
0.390240
-0.867855
-0.883297
-0.893857
-0.032991
-0.205481
-0.106357
-0.818476
0.276833
0.429487
0.196387
-0.105991
-0.902707
0.126072
0.428999
0.355876
0.467574
-0.746818
-0.959532
-0.055696
0.811945
0.142613
-0.168859
0.214331
-0.941588
-0.692373
0.629261
0.814875
0.897824
-0.204260
0.161840
0.797296
0.618885
-0.843501
0.115452
0.803278
0.775872
0.097140
-0.232643
0.531785
-0.020600
-0.058382
-0.459822
0.115085
0.314188
-0.587939
0.646107
0.996216
-0.186499
-0.642384
-0.028108
0.663198
-0.122776
-0.433454
-0.643483
-0.955443
0.330119
-0.314615
-0.717521
0.418317
0.509812
0.439436
-0.073824
0.127781
-0.929563
0.360881
0.480331
0.870479
0.944273
0.115757
0.629994
-0.043184
-0.378033
0.061739
-0.339763
-0.277749
-0.329447
0.918882
0.940428
-0.080660
0.784051
-0.119114
-0.335307
0.774529
0.928098
-0.378155
0.109653
-0.312662
0.510971
0.365825
-0.561876
-0.442610
-0.496689
0.428449
0.703604
-0.352641
-0.696463
-0.518540
0.506088
-0.394696
-0.488144
0.169408
0.181860
-0.718986
-0.626392
0.452498
0.369976
-0.264382
0.163854
0.436384
-0.290445
0.903378
-0.380108
-0.956725
-0.581652
0.543443
0.616749
-0.742302
-0.407208
0.400311
-0.600269
0.241676
-0.131077
0.574206
0.264931
0.972045
-0.684439
0.425520
-0.251198
0.724357
-0.552477
-0.473556
0.944334
0.996277
0.902707
0.207862
-0.715323
-0.567980
0.197119
0.429182
-0.012787
-0.421674
-0.799554
-0.334147
-0.716910
0.308573
0.918394
0.032746
0.200171
-0.342448
-0.397137
-0.712760
0.358318
-0.828608
0.465804
0.279641
0.659291
-0.488998
-0.745659
0.648244
0.085726
0.930540
-0.225379
0.854427
-0.007294
-0.153417
-0.003265
-0.918210
0.340373
0.779839
-0.870846
-0.722037
0.064852
0.753166
-0.205969
0.340617
0.350810
0.693594
0.638478
-0.190100
-0.760796
-0.220985
0.593799
0.865230
0.421613
-0.848262
0.804010
0.745842
-0.553331
0.788385
-0.846919
-0.213965
-0.890255
-0.091952
-0.559374
-0.356853
0.798761
-0.831477
-0.129551
-0.605396
-0.724479
0.543626
0.213965
0.085116
0.088290
0.342265
-0.649770
0.221473
-0.631886
-0.140904
0.060640
-0.271096
-0.858150
0.403668
0.515427
0.223060
-0.037751
-0.430769
-0.416669
-0.203345
-0.875973
-0.765007
0.883724
0.497848
0.818720
-0.711539
0.998108
0.787347
0.281777
-0.144444
-0.262307
0.214148
0.414899
-0.649342
0.983520
0.552416
-0.556932
-0.665639
-0.871700
0.012482
-0.528184
-0.927976
0.704642
-0.439009
0.598804
0.954894
0.667104
0.710318
0.650929
-0.565722
-0.292581
-0.227332
-0.216407
-0.788568
0.376690
-0.568468
0.218787
0.524583
-0.587024
0.484970
-0.281289
0.772027
-0.366619
0.616688
0.434065
-0.629749
0.068636
0.297464
0.170263
-0.424421
0.675222
-0.474532
-0.761101
-0.972961
0.239113
-0.912107
-0.761101
-0.817560
0.226417
0.759392
-0.032807
0.543077
-0.186377
0.259499
0.203284
0.214637
0.833613
0.728813
-0.575304
0.308573
0.680471
-0.025056
0.520676
-0.709098
-0.564806
-0.999695
0.632191
-0.259072
0.945860
0.301553
-0.981567
0.368877
0.647023
-0.291787
0.900632
0.507370
-0.324442
-0.121921
0.450484
-0.867611
0.591845
-0.021577
0.829585
-0.776666
0.486862
0.773675
0.737663
-0.765496
0.715079
-0.746574
-0.926328
0.539415
-0.688162
0.388043
0.091403
0.294961
0.232826
0.007660
0.718497
0.379009
0.879086
-0.956053
-0.684072
-0.112339
0.600635
-0.162206
-0.450850
-0.971068
-0.970153
-0.781549
0.850764
0.620716
0.964904
-0.304605
0.804376
-0.809931
0.879452
-0.052644
-0.997620
0.433699
0.851924
0.152989
-0.746696
-0.517380
0.111301
0.327799
-0.191259
-0.517685
0.003021
-0.704215
0.569018
0.746635
0.756890
0.683340
0.877743
-0.426984
-0.494064
-0.274514
-0.623585
-0.979675
-0.368999
-0.553148
-0.077120
0.964171
0.600513
-0.542100
-0.622059
0.474349
0.580432
0.494980
-0.542711
0.230323
0.311869
0.386944
-0.378033
0.309671
0.977905
0.073519
-0.696036
0.834101
0.968566
-0.468856
0.765740
-0.268410
0.467635
0.412946
-0.069002
0.152745
-0.696219
0.791986
0.312601
0.340922
-0.164159
-0.332621
0.841792
-0.012848
0.429731
-0.633778
-0.840938
0.528977
-0.371136
-0.367351
0.595630
0.266335
0.015900
0.520676
0.815424
0.224403
0.228492
-0.464888
-0.109653
-0.512070
0.570605
0.293008
-0.885556
-0.574999
-0.441511
-0.258705
-0.147374
0.015961
-0.065706
0.525803
-0.110263
-0.280923
0.125584
0.095370
-0.813288
0.096103
-0.740898
-0.551134
0.852596
-0.489914
-0.477157
0.689138
0.363689
-0.540086
0.054720
-0.209632
-0.753349
-0.017914
-0.853328
0.727653
-0.679861
0.705252
-0.799432
0.064302
0.431379
0.584521
0.986755
-0.931883
-0.855708
-0.334574
-0.665883
0.411176
-0.978942
-0.704520
-0.770623
-0.544359
-0.926206
-0.971435
-0.725761
0.816950
-0.797235
1.000000
0.641469
0.836970
-0.954955
-0.595141
0.166723
0.703421
-0.620655
-0.029328
-0.387799
-0.499619
0.986084
-0.104709
0.829157
0.726554
0.589404
-0.091464
0.081881
0.910764
0.261147
-0.754753
0.317789
-0.797967
0.210608
-0.457930
0.036409
-0.867061
-0.444685
-0.262429
-0.367718
0.582018
0.234718
-0.111911
0.094211
0.801263
-0.811518
0.717948
-0.056490
-0.810114
-0.259682
-0.352702
0.964782
-0.590686
-0.028230
0.116550
0.568224
-0.499130
0.946959
0.674368
-0.563097
0.585009
0.570482
0.452132
0.145482
-0.328227
0.226722
0.234779
0.765740
-0.586352
0.064364
-0.643361
0.643239
0.288980
0.073519
-0.587817
-0.679373
0.756096
-0.111545
-0.479659
-0.615345
0.744804
0.209265
-0.653432
0.753410
-0.917722
-0.445967
-0.272683
-0.484603
0.652760
0.279397
-0.256630
0.092013
0.834773
-0.990417
-0.162633
-0.643361
0.558214
0.082919
-0.203833
0.147862
-0.342998
-0.852351
0.043306
-0.413800
-0.458907
0.787408
0.083834
-0.879086
-0.283853
-0.111362
-0.433027
-0.009919
0.052950
0.237037
-0.721244
0.561022
0.717215
0.619922
-0.147923
0.515427
-0.528855
-0.607898
0.597766
0.197913
-0.242103
-0.332316
0.212622
0.514573
-0.292459
-0.023225
0.034761
0.732963
-0.706656
-0.899106
0.206885
0.396283
-0.483261
0.200781
-0.165441
-0.759636
0.600391
-0.038301
-0.689261
-0.698477
-0.434492
0.261452
-0.314371
-0.671255
0.049776
0.558824
0.666311
0.507187
-0.642811
-0.065767
-0.384503
0.982421
0.349345
0.088900
0.210364
-0.623829
0.961425
0.613269
0.905393
-0.707999
0.093234
-0.001251
-0.397687
0.119175
-0.650807
0.792230
0.891598
-0.269082
0.430464
0.149815
-0.296060
0.891232
0.287088
-0.545518
-0.993713
-0.935789
-0.862423
-0.691275
0.690542
0.553880
-0.648122
0.851314
0.315470
-0.304422
-0.522813
-0.204932
0.620838
0.365398
0.829585
-0.209449
-0.642323
0.475753
-0.261330
0.859493
0.868648
-0.382061
-0.908994
0.993164
0.769158
0.290262
-0.040864
-0.150243
-0.385052
0.645497
0.275674
-0.945616
0.180273
-0.004364
-0.210608
0.185583
0.584826
0.820307
-0.835505
-0.468001
0.000397
0.394757
-0.115513
0.603687
-0.069002
0.324870
0.011139
-0.376751
0.489608
-0.254616
0.026460
0.709952
0.186438
-0.685171
0.119053
0.557176
-0.943052
0.803278
0.997620
0.568834
0.742729
-0.073763
0.962401
0.404035
0.829463
-0.401898
0.638783
0.340129
0.591601
0.351787
-0.347453
0.141209
-0.906796
0.554552
-0.217994
0.643300
0.501572
0.001556
0.487472
-0.565355
-0.229835
-0.807855
0.699087
0.067476
-0.860714
0.283547
-0.760613
0.588916
0.077975
0.396466
0.144139
-0.894894
0.578600
-0.003937
0.057711
-0.615711
0.080844
-0.643422
0.944090
0.381634
-0.703909
-0.376263
0.306436
-0.077059
-0.777886
-0.691641
0.770196
0.957213
0.148839
0.990112
-0.974303
0.013703
-0.107944
-0.913755
-0.287210
0.045442
0.437788
-0.235267
0.388897
-0.118381
-0.974059
0.077242
0.768609
0.630970
0.202429
-0.018159
0.231910
-0.695059
0.549852
0.681265
-0.113498
-0.552599
0.352031
-0.659841
-0.692312
-0.192236
-0.488327
-0.810053
0.542222
-0.504685
0.596973
-0.963561
-0.521043
-0.465865
-0.496384
0.449812
-0.646718
-0.469588
-0.866634
0.443037
-0.945189
-0.106662
0.292642
-0.513535
-0.208167
-0.026826
0.146580
-0.714713
-0.112033
-0.143895
0.336833
0.521165
0.378338
-0.942930
0.557115
-0.660756
-0.988769
0.926450
0.527940
-0.896603
0.485702
-0.722098
-0.607532
0.572130
-0.831660
-0.216834
0.489486
-0.227149
0.631153
0.632984
-0.402936
-0.260781
-0.961974
0.197119
-0.269997
0.549974
-0.597400
0.858638
-0.423872
0.028779
-0.664724
-0.081149
0.735649
0.305521
0.644154
0.329875
0.419965
0.084628
0.448897
0.015656
-0.889340
0.103488
-0.694143
-0.278542
0.112583
-0.387860
0.590442
0.689138
0.637623
0.800592
0.351054
-0.359661
-0.063997
0.330363
0.074923
0.419599
-0.272805
-0.110996
0.899899
-0.704825
0.363872
0.075716
-0.286843
0.126865
-0.383343
0.260659
-0.115635
0.611682
-0.784967
-0.564440
0.438459
-0.404523
-0.271035
0.852596
0.335063
0.909909
0.750053
-0.366863
-0.031831
0.516831
0.688711
0.965514
0.052461
-0.413190
0.483932
0.470870
-0.174047
0.897763
0.798822
0.837764
0.040742
-0.504563
-0.272317
-0.762017
-0.514756
-0.939451
-0.649159
-0.183325
0.793085
0.984985
-0.100742
-0.795404
0.043489
0.795404
0.972289
-0.515793
-0.141087
-0.947386
-0.889523
-0.440229
-0.978454
-0.094821
-0.004913
-0.409894
0.111789
0.455489
-0.909055
0.901730
0.823908
0.675588
0.174047
0.148595
0.977905
0.731742
-0.761162
-0.205542
0.657216
-0.456221
-0.886166
0.710135
0.492172
0.255226
0.812067
0.671133
-0.354839
-0.882565
-0.772576
0.413068
0.790094
0.018036
-0.309122
-0.273721
0.318339
0.069674
-0.596484
0.353008
0.646901
-0.042390
-0.441633
0.931394
0.856075
0.887265
-0.330119
-0.406232
0.063082
0.092563
0.927000
-0.475875
0.625477
-0.099521
0.075594
-0.507309
-0.562731
-0.393231
-0.086093
-0.125401
0.877438
0.448958
0.735893
0.643117
-0.209143
0.579882
-0.970275
0.168249
-0.386700
-0.114597
-0.889706
0.940733
0.463118
-0.532029
0.740654
0.049715
-0.470077
0.847591
-0.472335
-0.248878
0.653432
0.112705
0.604236
-0.359539
-0.491928
-0.677175
-0.242836
0.361187
0.091342
-0.202490
0.135716
-0.826350
0.403729
-0.162023
-0.250404
0.694998
-0.659108
-0.846919
0.909299
0.809320
0.224830
-0.730522
0.766839
-0.817866
-0.681936
-0.653676
-0.082553
-0.201880
0.513779
-0.768548
-0.294046
0.993835
0.531114
0.589892
0.300455
-0.775323
-0.569811
0.228919
-0.372173
-0.846126
0.458419
-0.279946
0.650624
-0.258583
0.946348
-0.473495
0.445845
-0.163915
0.563829
0.175085
-0.270119
0.881222
0.421674
-0.589709
-0.019990
0.842097
-0.756951
-0.535081
-0.175939
0.356670
-0.355510
-0.598987
0.630360
0.803217
-0.205664
-0.613819
-0.027924
0.108921
-0.537217
-0.420576
-0.189001
0.879940
-0.456587
-0.963195
0.422773
0.364360
-0.634571
-0.637013
0.416486
-0.162389
0.452010
-0.456709
-0.547716
0.278115
0.143590
0.367534
0.528977
0.216529
-0.146764
0.158910
-0.825556
-0.746574
0.246193
-0.122349
-0.250465
-0.554491
0.514573
-0.473128
-0.252663
-0.213050
0.672964
0.384198
-0.239051
0.812983
-0.838618
-0.968627
-0.397137
0.226844
0.801874
0.283425
0.419111
-0.370220
0.358806
-0.385907
0.472945
-0.534227
-0.850581
0.777947
0.290628
0.886532
-0.924986
-0.262612
-0.502182
0.918638
0.708365
-0.205359
-0.561876
-0.131138
0.847835
0.064180
0.011567
0.746330
-0.894894
-0.027009
0.297647
0.368633
0.436201
-0.054903
0.267067
0.841731
-0.132542
-0.282083
0.345195
0.766472
-0.475265
0.062349
-0.218848
0.644398
0.263649
0.640126
-0.110141
0.550218
0.264504
-0.010285
0.028169
0.564745
-0.078524
0.870724
-0.362835
-0.071810
-0.581469
0.442366
0.051119
0.161229
-0.088595
-0.106418
-0.219825
0.929136
-0.539476
0.608936
0.192541
-0.984191
0.369427
0.741997
-0.276406
0.884762
-0.179052
-0.046907
-0.657094
0.477035
-0.003754
-0.370342
-0.466781
0.776482
-0.297342
0.846736
-0.510788
-0.942869
0.881039
0.607410
0.583300
-0.856868
0.155919
-0.684500
0.208350
0.960875
-0.268349
0.679495
-0.866207
-0.099826
-0.743339
-0.412641
0.399030
-0.109958
-0.028779
0.938597
-0.983520
-0.516892
-0.207434
0.362407
-0.135533
0.377422
-0.497177
-0.244606
0.128452
-0.086032
-0.926634
0.544725
-0.580676
0.512192
0.567553
0.767937
-0.846248
-0.110691
0.867306
0.235572
-0.513535
0.085971
-0.752556
-0.569567
-0.391339
0.943724
0.336222
-0.225135
0.287881
0.210913
0.561022
0.320231
-0.534837
-0.465804
0.527268
0.950621
0.755486
-0.569445
-0.062777
0.359783
-0.436262
0.577013
0.107639
0.360576
0.567614
0.688284
-0.775445
0.179540
-0.449324
0.026521
0.055879
-0.566637
0.391278
-0.534532
-0.931394
-0.305582
-0.655629
-0.029695
-0.536607
-0.331156
-0.988159
0.701041
-0.931333
-0.945921
-0.735221
0.450850
0.248573
0.010895
-0.370647
0.078280
0.489303
0.294107
-0.312052
0.118809
0.261391
0.127659
-0.502853
0.211097
-0.530198
0.238990
0.263710
-0.709952
-0.324686
-0.269387
-0.827326
0.508835
-0.184484
0.839167
0.875240
-0.603442
-0.474654
-0.048006
-0.184668
0.678152
-0.010224
-0.565538
0.249794
-0.982116
-0.445723
-0.470870
-0.874752
0.198828
0.540941
-0.929502
-0.434797
0.826899
0.220069
0.633229
-0.957274
-0.997864
0.701712
0.199622
0.981506
-0.779839
-0.990112
-0.353496
0.057222
-0.031648
-0.836421
0.595141
0.378826
-0.060335
0.681814
-0.562059
-0.654653
0.708914
-0.666189
-0.282998
-0.650746
-0.646168
-0.269143
0.153050
-0.119663
0.082492
-0.774407
-0.165929
-0.785699
-0.374248
0.360454
-0.573962
-0.160192
-0.469100
0.810724
-0.150914
-0.607715
-0.455550
0.216346
-0.532701
-0.918516
0.632923
-0.067782
0.666066
-0.684133
0.310770
-0.911496
0.308573
-0.951720
0.095309
0.300333
0.762383
-0.527573
-0.626392
0.171972
-0.822504
0.206824
0.551500
-0.847591
-0.910825
0.774224
-0.600452
-0.359844
0.369915
0.817743
-0.046541
0.363323
-0.716544
0.932615
-0.719718
-0.441145
0.799493
-0.376995
-0.456648
0.861568
0.832575
0.987976
0.156285
-0.736686
-0.795160
0.869625
0.490890
-0.193884
0.850337
-0.359478
-0.392987
-0.068392
0.472274
0.405988
-0.972716
0.935057
-0.747124
0.838496
-0.685537
-0.940916
0.713675
0.145482
0.389325
0.953856
-0.617176
-0.890622
-0.623768
-0.973449
-0.536058
-0.522935
-0.794305
0.518113
0.459883
0.074740
0.197302
0.987915
-0.359539
0.450056
-0.245766
-0.121921
0.992492
0.890683
0.904782
0.913694
0.808527
0.500168
0.667470
0.494430
-0.958922
-0.336772
0.828974
-0.227821
-0.683218
-0.340800
-0.722037
0.245582
0.074129
0.947020
0.158544
-0.079257
0.752617
0.141636
0.773309
-0.987304
-0.229408
0.298074
0.570177
-0.023530
0.493332
-0.824946
-0.401471
-0.501877
0.400555
-0.645985
0.822748
0.141758
-0.625050
-0.081210
-0.849727
-0.348918
-0.531724
0.479843
0.762017
-0.215064
-0.407270
-0.274697
0.098788
0.167272
0.667531
0.713065
0.205664
0.912290
0.221412
0.501267
0.648915
-0.896725
0.473983
-0.907407
-0.198462
-0.042207
-0.038423
-0.965758
-0.288003
0.243324
0.791314
0.001617
0.049715
-0.180151
0.747917
0.637928
0.973937
-0.535081
0.111118
0.213660
-0.172155
-0.982543
0.136082
-0.502670
-0.467513
-0.501633
0.807489
0.763787
-0.919187
-0.599780
0.769768
-0.205969
-0.491684
-0.373821
0.129856
-0.072115
0.190466
-0.056734
-0.698050
-0.273293
-0.349956
0.188513
-0.079440
0.672414
-0.587512
-0.919370
0.193823
-0.987609
-0.080538
-0.616749
0.379681
-0.368877
0.770379
0.115390
-0.076510
0.017426
-0.479843
-0.344584
-0.594714
-0.113987
0.466292
-0.355510
-0.400372
0.976623
0.787469
0.840876
-0.685598
-0.778375
0.257241
0.499496
0.185644
-0.236000
0.341716
0.493515
0.906308
-0.441755
0.284158
-0.230995
-0.499680
-0.990356
0.755669
-0.159154
-0.951720
-0.274270
-0.351604
0.108921
-0.266091
-0.554186
-0.759697
-0.113865
0.714103
0.423383
0.626881
-0.117405
0.823298
0.319254
0.052950
0.929991
-0.565477
-0.643300
-0.474471
0.714835
0.662832
0.034700
-0.764397
-0.926145
-0.677664
-0.280496
-0.558458
-0.934080
0.889340
-0.075716
-0.748466
-0.761101
0.338664
-0.809259
0.986755
0.148228
0.842830
0.444929
-0.192663
-0.644032
0.692068
-0.633351
-0.592944
-0.544481
0.305155
0.444624
-0.621021
0.849727
-0.262734
0.504807
-0.149571
-0.929075
0.888180
-0.995666
0.250526
-0.995605
0.906186
0.361736
0.196387
-0.267129
-0.815424
-0.293313
-0.227454
-0.384075
0.116855
0.001740
0.385052
-0.762871
0.311747
0.513779
-0.938169
-0.102634
-0.118686
0.262673
-0.250710
0.582324
0.946043
0.137181
-0.959227
-0.463790
-0.476730
-0.001801
-0.184118
0.285989
-0.258705
-0.534349
0.094150
0.042817
0.130100
-0.219092
-0.905942
0.273354
0.485641
0.055696
0.447981
-0.288430
0.596850
-0.232521
0.412580
-0.224281
-0.034516
0.042024
-0.054964
-0.048250
0.712394
-0.771416
-0.421735
-0.561144
0.509812
-0.569079
-0.736198
-0.558275
-0.251503
0.432173
0.128147
-0.684378
-0.250710
-0.597278
-0.207923
-0.284219
-0.830683
-0.284768
0.728813
0.459883
-0.038606
-0.052095
-0.665212
0.917600
-0.530808
0.871395
-0.983154
0.774529
-0.506882
0.223243
-0.707266
0.171484
-0.293558
0.994568
-0.406415
-0.966918
0.181249
0.324381
-0.179540
0.406171
-0.355327
0.628956
-0.912412
0.543382
0.588061
-0.937254
0.032502
0.810785
0.143773
-0.337687
0.895199
-0.396405
-0.781915
-0.187048
0.990112
-0.682730
-0.218360
-0.819086
-0.304056
0.110324
0.253212
-0.084689
0.029878
-0.585498
0.479720
-0.953856
0.537339
0.310648
-0.422834
0.079318
-0.084384
-0.532823
0.610889
-0.355693
0.203711
0.716483
-0.218604
0.363323
-0.008148
-0.111850
-0.855647
0.931883
-0.243873
0.783441
-0.982727
-0.088656
0.248085
-0.934263
0.628346
0.913633
0.372723
0.166845
0.470504
0.424787
0.656484
-0.563280
0.681570
-0.504318
-0.213355
0.033479
0.956725
-0.115329
-0.764092
0.952025
0.342814
-0.165258
-0.662709
-0.991699
-0.445479
-0.685720
-0.542405
0.486007
-0.955443
0.247353
0.517930
0.323099
-0.183203
-0.872372
-0.843135
0.702994
-0.679312
-0.644093
0.201941
0.046236
-0.943785
0.569506
0.593799
-0.388775
-0.804682
-0.848262
-0.943113
0.022248
-0.837764
-0.137608
0.353496
-0.078280
-0.097690
0.452620
0.323405
-0.550401
0.371136
0.108737
0.812311
-0.341533
-0.828425
0.543626
0.246132
0.269631
0.869747
0.254677
-0.242347
0.221473
-0.006684
0.866817
0.727714
0.869503
-0.316752
0.282144
0.765069
-0.228004
0.109409
-0.989685
-0.825617
-0.640431
0.764153
-0.994079
-0.574816
-0.386456
0.205420
0.991699
0.106418
0.455916
-0.708975
-0.608570
0.595080
0.310282
0.860652
-0.615162
0.920896
-0.203955
-0.891964
0.739494
0.479415
-0.058077
-0.149876
-0.877987
0.874142
-0.553575
0.118748
0.882076
0.308817
0.317301
0.965697
-0.628407
-0.860836
-0.372051
-0.975524
0.631153
0.641163
-0.891232
0.772210
-0.661794
0.416730
0.218360
-0.144383
0.651967
-0.366619
0.435224
-0.647877
0.203406
-0.170019
-0.360088
-0.626270
-0.790277
0.538072
-0.916623
-0.188086
-0.418195
-0.516526
0.812372
0.095920
0.198462
0.226417
-0.145787
-0.697989
-0.105136
-0.250282
0.620594
0.984924
-0.092074
0.296609
0.110263
0.325846
0.633045
0.552599
-0.248390
-0.756462
-0.314859
-0.353191
-0.221656
0.964049
-0.968871
0.223365
0.395611
0.175512
0.755486
-0.161290
-0.762871
-0.503769
0.071322
0.189062
0.741813
0.617115
0.937498
-0.244362
0.215247
-0.742973
0.078585
0.482589
-0.832575
0.092624
0.234474
