0.165197
-0.885311
-0.839473
-0.882321
-0.271218
-0.484115
0.265603
0.865169
0.515305
0.373638
0.885311
-0.793695
0.063753
-0.559191
0.703909
0.700308
-0.964110
0.306497
-0.788629
0.132786
-0.131016
0.753716
-0.581652
-0.601306
-0.779717
0.699698
0.331645
0.601123
0.061129
-0.827021
-0.470321
-0.791559
-0.646168
0.234718
-0.749077
-0.404767
0.409040
0.138035
0.073946
0.263833
0.649525
-0.648305
0.775811
-0.246498
0.512680
-0.684133
-0.827754
0.621815
-0.298868
-0.011383
-0.181494
-0.452559
0.961364
-0.796014
-0.730583
-0.029878
-0.929014
0.826106
-0.963134
0.073946
0.217566
0.219092
-0.473983
-0.701224
-0.604236
-0.834346
0.452620
-0.311014
-0.630787
-0.032014
0.308634
-0.739921
-0.378521
-0.849116
-0.756706
-0.520798
0.516221
-0.248024
0.943113
-0.569018
-0.568590
0.738090
-0.334452
0.159398
-0.250221
0.629688
0.367779
0.780816
-0.176305
-0.458968
-0.656789
0.647816
0.015107
0.937254
0.564074
0.355266
0.208472
0.366619
-0.457015
0.681509
0.576830
-0.817133
-0.093722
-0.966674
-0.327616
-0.922361
-0.723075
-0.678091
-0.404035
-0.840022
-0.815668
0.645436
-0.286599
-0.062166
-0.833247
-0.072481
0.534837
0.598071
0.016755
-0.281838
0.565294
-0.900815
0.384198
0.391400
-0.819269
-0.496994
0.953063
0.932737
-0.034516
0.790643
0.014985
-0.109592
-0.567064
0.352214
-0.691031
0.752861
-0.412275
0.652577
0.149632
-0.342998
-0.963622
-0.134007
0.475631
0.356731
-0.587390
-0.552171
-0.796808
0.888119
-0.573656
0.090182
-0.307901
0.175146
0.828425
-0.744194
0.029145
0.061739
0.949095
0.736320
-0.557237
-0.990905
0.713004
-0.297647
-0.897885
0.515793
-0.440779
-0.428510
0.278420
0.737907
0.216529
-0.391156
-0.152013
0.392987
0.795099
0.775018
-0.356304
0.479293
-0.225806
0.408490
-0.729972
-0.960814
-0.948302
-0.707389
-0.070650
-0.622059
-0.951231
-0.639088
0.431806
-0.484848
0.524033
-0.960448
0.169591
-0.085055
-0.555406
0.174474
-0.869137
0.854976
0.049593
0.162450
0.778497
0.020966
-0.423017
-0.694632
0.300699
-0.364666
0.666860
0.278115
-0.926328
0.116672
-0.719352
-0.695975
-0.225990
0.811762
0.022065
0.685781
-0.287454
0.922727
-0.374187
-0.927976
-0.520920
-0.183447
-0.111423
-0.267678
0.870785
0.404279
-0.064974
-0.764702
0.922910
-0.357158
-0.240883
-0.126621
-0.264382
0.195593
0.204077
0.925474
0.076876
0.496445
0.119480
-0.928098
-0.456099
0.569811
-0.642506
-0.941527
-0.765191
0.774407
-0.192236
-0.242836
0.038606
0.021638
0.417402
-0.999207
0.972533
0.740043
0.485824
-0.818598
0.127720
-0.160558
-0.879757
0.234107
-0.908567
0.345256
0.566759
0.946165
0.758538
0.929563
-0.567858
0.885739
0.871517
-0.598926
-0.943297
0.532701
-0.407147
0.165502
0.718070
-0.169652
0.543260
0.516587
-0.704337
-0.883541
0.842647
0.816645
-0.152379
-0.499496
0.818171
0.688894
-0.677419
0.294839
0.024812
-0.921506
-0.919919
0.132969
-0.728385
0.227393
-0.602222
-0.637196
-0.780267
-0.662526
0.038911
-0.813349
0.524033
-0.734428
-0.805048
0.852412
0.473556
0.109653
0.174963
0.480941
-0.288858
0.381756
-0.850948
0.586352
0.493271
-0.432600
0.744865
-0.461653
-0.861019
0.611194
0.371502
-0.324137
-0.432112
0.606494
0.256264
-0.658376
0.238258
0.369610
-0.358989
0.591418
-0.694266
-0.473983
0.862117
0.800836
-0.915342
0.748405
-0.281411
0.419782
-0.956542
0.174169
0.790094
-0.786126
-0.667226
-0.017731
0.743583
0.166784
-0.593860
-0.451827
-0.847957
0.391339
-0.439497
0.575793
0.382183
0.645924
0.130039
0.803217
-0.849361
-0.849116
-0.124973
-0.267434
-0.988830
0.711112
-0.727348
-0.058321
-0.327921
0.598376
-0.267067
0.076632
-0.587329
0.039399
-0.298074
-0.506211
0.764092
-0.727103
0.480514
-0.706534
-0.627918
-0.622242
-0.766289
0.026887
-0.825190
0.861995
0.517075
0.635853
-0.019379
-0.292337
-0.621998
0.968078
0.345378
0.103183
-0.035188
0.970885
-0.923826
-0.368145
-0.846553
0.816095
-0.036287
-0.001312
-0.580920
-0.847468
-0.028291
-0.753899
-0.024384
0.792474
0.422163
0.154576
0.181005
0.864742
-0.492660
0.434370
0.614795
-0.332072
0.052767
0.702017
-0.164525
0.899045
-0.333232
0.285501
-0.430219
0.301920
0.663930
0.476302
0.515061
0.061617
0.730888
-0.608753
0.872677
-0.836726
-0.730094
0.005951
-0.805902
-0.900327
0.914609
0.261940
0.480941
-0.178869
-0.516831
0.082125
0.521348
0.677358
0.610218
0.489425
0.762139
-0.323588
-0.433210
-0.727958
-0.647572
-0.142491
-0.848262
-0.707572
-0.932493
-0.371380
-0.106235
0.610340
0.620716
0.460005
0.267006
0.540880
-0.149998
-0.841548
-0.236976
0.855098
-0.809626
-0.526475
-0.734550
0.578356
-0.365886
-0.090854
-0.472701
0.711783
-0.746941
0.322306
-0.326640
-0.904965
0.175390
0.063692
-0.876644
0.392010
0.724357
0.991882
0.865902
-0.847652
-0.997253
-0.616688
0.371807
0.551683
-0.849055
0.642750
-0.592212
-0.644887
-0.015351
-0.891415
0.607837
-0.714713
-0.753716
-0.845454
-0.417768
0.257179
-0.823359
0.538865
-0.257851
0.920896
-0.049837
0.923093
-0.551195
-0.224891
-0.080416
0.880612
-0.202246
-0.921506
-0.097140
0.823298
-0.559191
-0.723319
0.030854
-0.375103
0.853816
-0.950499
0.138218
0.808588
-0.864071
0.825861
0.554003
0.302164
-0.931944
0.098239
-0.866878
-0.371807
0.943297
0.816218
-0.006134
-0.405744
-0.784173
-0.575671
0.800226
0.968810
0.915342
-0.812250
0.731498
0.495651
-0.541063
-0.288675
-0.928709
0.003876
0.648610
-0.727653
0.042329
0.700735
0.739189
0.532517
0.484725
-0.564684
-0.785760
-0.785882
0.906247
-0.102817
-0.898556
-0.902097
-0.492355
0.385784
0.456465
0.006378
-0.224586
0.084689
0.783074
0.993408
-0.113865
0.411420
0.971923
-0.186926
0.900510
0.740349
0.289468
0.246498
0.963256
0.233131
-0.516831
0.553087
0.192358
0.767937
0.128330
0.962584
0.652211
-0.380963
0.295145
0.187475
-0.946043
0.947203
-0.096042
-0.561144
0.904050
0.857356
-0.687307
-0.956053
0.686575
-0.691031
0.422468
0.803949
0.436750
0.763543
0.616443
0.757317
0.238380
0.180334
0.163854
0.941465
-0.093783
0.703116
-0.831355
-0.028474
-0.224769
0.018342
0.838435
0.327921
-0.270852
0.411176
-0.134922
0.862117
-0.911557
0.269265
0.547288
0.539293
-0.887448
0.364971
0.369976
-0.430280
-0.958495
-0.621021
0.645802
0.774285
-0.587207
-0.309000
-0.269326
-0.663320
-0.861446
-0.292398
0.378460
-0.867428
0.639821
-0.927122
0.738334
-0.644093
0.068087
-0.062960
0.412458
-0.116367
-0.463607
-0.107700
0.540452
0.441206
-0.061373
0.469466
0.280190
0.308084
-0.176855
-0.007416
0.396344
0.447615
0.721793
0.840754
-0.590014
0.711966
0.162816
-0.408368
-0.651051
0.290139
-0.887020
0.958678
-0.974425
0.577746
-0.128208
-0.381268
0.480697
0.279214
0.717277
-0.185339
0.963195
-0.370830
-0.468917
0.446455
-0.039460
-0.111606
0.004303
0.444319
0.787896
0.558763
0.893185
-0.059175
-0.147618
-0.402326
0.411664
-0.551317
-0.770440
0.695547
0.794733
-0.099277
-0.863338
0.653005
0.459334
0.325541
-0.153233
0.880490
-0.672903
0.996765
0.751335
-0.196814
0.639882
-0.603565
-0.478988
0.427595
-0.026887
-0.235694
0.243934
-0.614368
0.029695
0.034761
0.534043
0.369854
0.918332
-0.294778
0.916807
-0.462691
0.539476
0.853816
0.656423
0.946471
-0.402570
0.649709
-0.485397
0.882443
0.321512
0.039094
-0.645802
0.008087
0.916257
0.407880
-0.806574
-0.873836
0.403424
0.282571
-0.039460
-0.062105
-0.327921
0.332804
0.177526
-0.360271
-0.349284
-0.060396
-0.472945
-0.121128
-0.364483
-0.928892
-0.235817
-0.979553
-0.195654
-0.633106
-0.232215
0.639393
-0.108737
0.620899
-0.438826
0.108127
-0.719596
-0.266823
-0.802301
-0.215308
-0.473678
-0.009796
-0.610279
-0.664113
-0.128880
0.433882
0.104221
0.186254
-0.815485
-0.673757
-0.202551
0.070162
-0.913816
0.592883
-0.727165
-0.072604
0.426069
0.233314
0.589892
-0.338176
-0.156407
0.920957
-0.520981
-0.923521
0.358745
0.358928
-0.457869
-0.119480
0.541795
0.610096
-0.866756
0.416120
-0.246681
-0.137852
-0.338786
0.018586
-0.902158
0.164098
-0.237281
0.925047
0.027558
0.510056
0.168859
0.734001
0.407697
0.494797
0.521653
0.092685
-0.921201
0.761895
-0.325541
-0.250587
-0.642140
-0.819330
0.168310
-0.818903
-0.243873
-0.622547
0.945067
-0.846553
0.656606
0.885189
0.346171
0.858272
0.400006
0.059908
-0.896786
-0.631520
-0.593799
-0.401227
0.722343
0.492843
0.130650
0.494552
-0.987487
0.567675
0.154149
-0.134129
-0.322611
-0.880795
0.484909
-0.186926
0.649892
-0.079867
0.434431
-0.436750
0.687857
0.292581
0.815119
0.907529
0.477401
0.657582
0.299051
0.990478
-0.886715
0.992065
-0.210059
-0.327860
0.486984
-0.008393
-0.783013
0.892392
0.619495
-0.832148
-0.264138
-0.293924
0.294473
0.996094
0.543077
0.551134
-0.207495
-0.932127
0.301187
-0.575610
-0.758843
-0.824458
-0.814081
0.504074
-0.179479
0.482223
-0.182531
0.371197
0.376873
0.853694
0.065828
-0.831477
-0.215735
0.039094
0.078158
0.499069
0.153539
0.846492
0.218299
0.164037
0.148717
-0.379070
0.232643
-0.742546
0.389386
0.993408
-0.110752
0.384381
-0.859676
0.269387
-0.150243
0.137181
-0.907773
0.135716
-0.934874
-0.267922
-0.336955
0.368389
0.119907
-0.145421
0.461653
0.679189
0.095492
0.068026
0.761223
-0.629688
0.936522
-0.218665
0.407392
-0.488083
-0.432783
-0.961852
-0.907651
-0.741508
0.313089
0.534227
0.275979
-0.825739
0.103549
0.965331
0.811274
0.360149
-0.265542
-0.297159
-0.614307
0.193091
-0.376324
0.423627
0.860714
-0.251137
-0.101047
-0.621387
0.081698
-0.258827
0.354900
-0.204810
0.104770
-0.192419
-0.516831
-0.220985
0.764397
-0.106662
-0.784845
0.862789
0.055696
-0.148167
-0.499863
-0.017182
-0.181188
-0.239906
0.111240
-0.938719
-0.890439
0.459151
-0.043001
-0.081881
0.814203
-0.390606
0.998901
-0.561937
0.296548
0.747002
0.996887
0.557176
-0.617664
-0.109287
-0.216956
-0.933470
-0.663930
0.900998
-0.719901
-0.757805
0.859004
-0.692740
-0.869686
0.988769
-0.358135
0.309977
0.561876
-0.556322
0.077670
-0.359050
0.671926
-0.985656
-0.121372
0.719962
-0.332438
0.217383
0.762383
-0.914365
-0.473251
0.755058
-0.487533
-0.693289
0.684561
-0.961974
0.904904
0.582873
-0.736808
-0.264016
0.460433
-0.986023
0.353557
0.232521
-0.605762
0.909238
0.653920
0.381756
-0.645314
-0.920530
0.400250
-0.636036
0.000946
-0.736259
0.582812
0.576891
-0.772515
0.448164
0.488266
-0.709830
0.079379
-0.509018
0.837275
0.602710
-0.228980
0.284402
-0.980651
0.538255
0.712210
-0.217811
-0.233924
0.484542
0.694815
0.381207
-0.514634
-0.415571
-0.171178
0.095981
-0.586230
-0.322550
-0.243385
0.526109
-0.973083
-0.630299
0.867672
-0.152684
0.680898
-0.614978
0.775384
0.487167
-0.968200
0.848872
0.295816
0.174291
0.484054
-0.388165
0.171728
-0.317972
0.532151
-0.194922
-0.204871
-0.054964
0.418928
-0.584826
-0.731864
0.186316
0.409467
-0.072970
0.535813
0.217627
-0.571093
0.668996
0.611927
-0.157689
-0.845576
-0.739616
-0.601611
-0.475692
-0.261513
0.394574
-0.116672
-0.319010
-0.064364
0.054292
0.855708
0.877316
-0.673757
0.862545
0.292825
-0.491440
0.727775
0.870418
-0.902463
-0.251137
0.489303
0.536790
0.501511
0.221046
-0.261086
0.622425
-0.123020
0.641835
-0.851131
-0.480941
-0.390179
0.421003
0.159886
0.857234
-0.897580
-0.458541
-0.862545
0.080050
0.212867
-0.005524
0.936949
0.176611
0.149022
0.619617
0.992431
0.696890
0.829218
-0.292642
-0.511338
-0.415082
0.378094
0.185522
0.915281
0.938292
0.834468
0.457381
0.875851
-0.934935
-0.621326
0.267373
0.761101
0.762688
0.958129
-0.631581
-0.149632
0.271584
-0.048189
0.323527
-0.530259
0.200354
-0.378460
-0.894955
-0.201453
-0.993042
-0.206030
0.895016
-0.036714
0.907651
-0.052278
0.558031
-0.366314
-0.893063
-0.657949
-0.342265
0.930296
-0.790460
0.659536
0.267434
0.477340
0.403485
0.662465
0.003449
0.549120
-0.106113
0.681326
0.628407
0.238624
0.921751
-0.869869
-0.567064
-0.336650
-0.273293
0.982788
0.428083
0.711966
-0.227882
0.935484
0.627125
-0.234657
0.480453
0.260414
0.958190
-0.760552
-0.402875
-0.967345
0.551683
-0.704825
-0.788141
0.638539
-0.513413
-0.056246
-0.964660
0.466292
0.204871
0.371868
0.071383
0.991455
-0.322428
-0.705191
-0.410260
0.976318
-0.715262
0.306803
0.763787
-0.450117
0.693350
0.829951
-0.945677
0.452132
0.533311
0.136082
-0.835261
-0.680105
-0.124790
0.957457
0.304361
-0.456587
0.350993
0.024934
-0.865780
0.383221
0.475570
-0.017304
0.769890
-0.267434
-0.840022
-0.384198
-0.209876
-0.399274
0.441633
0.311441
-0.573168
0.234657
-0.298929
0.757439
-0.285806
-0.825129
-0.660756
0.053377
-0.068453
0.058931
0.834346
0.039460
0.767571
0.357280
-0.903745
-0.775628
-0.030549
0.714957
-0.368267
-0.967772
0.444929
0.655507
0.770013
0.776238
-0.091586
0.629017
-0.783685
-0.394940
-0.722404
-0.768792
0.314066
-0.077181
0.045320
-0.883297
0.855342
0.888180
-0.205481
-0.164159
-0.532579
0.685476
0.340617
-0.838557
-0.629933
-0.902707
0.203528
0.277871
-0.168249
-0.248024
-0.746818
0.358684
-0.545396
0.811945
0.717643
-0.168859
-0.700125
0.035188
-0.541551
-0.735038
0.148350
-0.878964
-0.204260
0.161840
0.797296
0.523972
0.322184
0.115452
-0.880367
-0.730094
0.097140
0.942259
-0.647023
0.280801
0.557482
-0.691031
0.115085
0.314188
-0.587939
-0.581957
-0.447554
-0.186499
-0.985717
-0.028108
0.663198
-0.875057
-0.656484
-0.141148
0.699454
0.176366
-0.314615
-0.717521
0.895383
0.509812
0.689627
-0.207556
0.127781
-0.929563
0.206885
-0.986023
-0.950682
-0.137303
0.115757
-0.329630
-0.423322
0.754509
0.282510
-0.533677
0.293802
0.242470
0.006134
-0.111240
-0.080660
0.784051
0.646107
0.804865
0.876339
-0.306436
0.179601
-0.410260
-0.108249
-0.293558
0.453963
-0.561876
-0.442610
-0.237159
0.428449
0.703604
-0.352641
-0.696463
-0.733818
-0.666005
-0.971557
0.138768
-0.144383
0.181860
-0.545091
-0.626392
0.609546
0.369976
0.394269
0.163854
0.436384
-0.979614
0.903378
-0.380108
0.693167
0.807672
0.485153
0.616749
-0.742302
-0.407208
0.400311
-0.600269
-0.290384
-0.131077
-0.597278
0.264931
0.561876
0.626087
-0.292764
-0.251198
0.724357
0.304544
-0.473556
0.673391
0.996277
0.902707
0.207862
-0.715323
0.831599
0.197119
-0.314432
-0.012787
-0.421674
0.071322
0.899350
0.090365
0.992004
-0.295694
0.524216
-0.300760
0.739494
-0.397137
-0.353252
-0.756157
0.921812
0.465804
0.279641
0.659291
-0.752617
-0.745659
-0.010224
0.764153
0.584277
0.664113
0.818720
0.196692
0.686148
-0.221107
-0.918210
0.744682
0.622181
0.946287
-0.722037
0.860714
0.753166
-0.520432
0.791253
-0.767632
-0.728874
-0.597949
-0.190100
-0.760796
-0.726798
-0.800958
0.865230
0.421613
0.617786
0.119846
0.745842
-0.553331
-0.686392
-0.013764
-0.213965
-0.890255
-0.147801
-0.559374
0.030793
0.798761
-0.786737
-0.046175
-0.749870
-0.724479
0.201270
-0.870296
0.691702
0.026887
0.405744
-0.890988
0.134495
-0.349651
-0.140904
-0.199744
-0.788141
-0.858150
0.403668
-0.818415
0.597400
-0.973327
0.646168
-0.416669
-0.080294
0.502243
0.500900
0.883724
-0.755791
-0.594287
0.075961
-0.887204
-0.435041
0.111850
-0.831904
-0.588794
0.957518
0.414899
-0.649342
-0.902646
0.552416
0.836543
-0.910154
-0.480758
0.808466
0.561693
0.314859
-0.526109
-0.219764
-0.270241
0.440046
-0.193335
0.973510
-0.221351
-0.565722
0.015229
0.509873
0.284707
0.793939
0.627979
-0.446699
0.696585
-0.177038
-0.587024
0.998230
-0.369366
-0.231605
-0.366619
0.616688
0.434065
-0.051851
-0.823603
0.297464
0.170263
-0.424421
0.675222
-0.988159
-0.761101
-0.281594
0.239113
-0.758843
-0.761101
-0.817560
0.226417
-0.469161
0.573778
0.543077
-0.186377
0.259499
0.203284
0.790094
-0.008698
0.010346
0.103183
-0.842402
0.680471
-0.025056
0.520676
-0.700247
-0.564806
-0.999695
0.141270
-0.259072
0.945860
-0.937559
-0.981567
0.368877
0.327860
-0.291787
0.900632
0.507370
0.004975
-0.252358
0.450484
0.020112
0.591845
0.309854
0.829585
-0.776666
0.486862
0.773675
-0.661794
-0.671987
0.715079
0.390973
0.318216
0.539415
-0.688162
-0.374493
0.182287
-0.281777
0.262246
-0.376141
-0.022187
0.379009
0.879086
-0.956053
-0.684072
-0.112339
0.600635
-0.162206
-0.450850
-0.721610
0.713431
-0.781549
0.850764
0.006256
0.964904
0.562426
0.804376
-0.971984
0.289834
-0.052644
-0.997620
-0.756096
-0.712210
0.152989
-0.746696
-0.280862
0.111301
0.327799
-0.191259
0.961608
-0.430586
-0.688772
-0.793695
-0.895260
0.756890
0.683340
-0.977599
-0.426984
0.176122
-0.274514
-0.323344
-0.979675
-0.999634
-0.071383
-0.077120
0.964171
0.600513
-0.262795
-0.913877
-0.271035
0.580432
0.494980
-0.542711
-0.289834
0.550951
0.087924
-0.378033
0.309671
0.977905
0.073519
0.242653
0.834101
0.088839
-0.468856
-0.830988
-0.268410
-0.249794
-0.344035
-0.069002
-0.736625
-0.696219
0.068514
0.312601
0.342875
-0.965270
0.218238
0.841792
-0.569506
0.429731
-0.633778
-0.835078
0.528977
0.979369
-0.367351
0.595630
0.266335
0.015900
0.164342
-0.341899
-0.205420
0.973449
0.969115
-0.109653
-0.512070
0.570605
0.280129
-0.885556
-0.574999
-0.441511
0.770623
0.634571
0.015961
0.601062
0.707450
-0.110263
-0.280923
0.125584
0.095370
-0.813288
-0.528184
-0.740898
0.219337
-0.254677
-0.489914
0.256142
0.044771
0.363689
-0.540086
0.054720
-0.209632
-0.753349
0.518174
-0.853328
0.526658
-0.679861
0.705252
-0.799432
-0.498093
0.431379
0.584521
0.986755
-0.006378
-0.855708
-0.968627
-0.665883
0.589282
-0.978942
-0.704520
-0.770623
-0.544359
0.897580
-0.936399
-0.725761
0.816950
-0.797235
0.016327
0.641469
0.836970
-0.954955
-0.657460
-0.010346
0.703421
0.365825
-0.029328
-0.387799
-0.499619
0.960265
-0.104709
0.829157
-0.441389
0.589404
-0.091464
-0.298318
-0.404828
0.396161
-0.754753
0.317789
-0.797967
-0.459700
-0.457930
0.187963
0.276894
-0.444685
0.204993
-0.367718
-0.309183
0.193701
-0.111911
0.094211
-0.102939
-0.811518
-0.859004
-0.056490
-0.147618
-0.259682
-0.352702
0.964782
-0.590686
-0.028230
0.116550
0.568224
-0.499130
0.946959
0.674368
-0.563097
0.612293
-0.754570
0.452132
0.145482
0.405438
0.056001
-0.346660
0.765740
-0.586352
0.064364
-0.643361
0.466414
0.288980
0.073519
-0.587817
-0.679373
0.756096
0.848506
-0.366436
-0.588305
0.847530
0.883724
-0.653432
0.753410
-0.917722
-0.445967
-0.272683
-0.484603
0.652760
0.279397
-0.256630
0.092013
0.834773
0.581103
-0.162633
0.927000
0.558214
0.082919
-0.203833
0.147862
-0.290567
-0.852351
0.043306
-0.413800
-0.458907
0.787408
0.083834
-0.879086
-0.283853
-0.111362
-0.433027
-0.093844
0.699576
0.237037
-0.730155
0.561022
0.717215
-0.018097
-0.147923
0.515427
-0.428022
-0.996643
0.597766
0.197913
-0.242103
0.702445
0.950987
0.832026
-0.292459
-0.023225
0.483688
0.732963
-0.706656
-0.899106
0.206885
0.396283
-0.483261
0.200781
-0.165441
-0.722648
0.600391
-0.038301
-0.338786
-0.698477
-0.434492
0.261452
-0.474288
0.642079
0.049776
-0.759453
0.666311
0.933714
-0.642811
-0.065767
-0.372845
-0.737236
0.349345
0.475204
0.210364
0.180212
0.961425
0.613269
0.905393
0.422346
0.093234
-0.140294
-0.397687
0.119175
-0.650807
0.792230
0.891598
-0.562243
-0.796075
0.149815
-0.296060
0.660939
0.287088
-0.545518
-0.993713
-0.935789
-0.862423
-0.691275
0.690542
0.553880
-0.648122
0.851314
0.315470
0.125034
-0.760430
0.339946
0.620838
0.745964
-0.956420
0.046480
-0.642323
0.475753
-0.261330
0.859493
0.868648
-0.382061
-0.160375
0.993164
0.769158
0.277017
-0.040864
-0.150243
-0.385052
0.645497
0.275674
-0.945616
0.180273
-0.004364
-0.210608
-0.110446
0.584826
0.820307
-0.835505
-0.689871
-0.657216
0.394757
-0.115513
-0.217017
-0.069002
0.009430
0.011139
-0.376751
-0.367718
0.132847
-0.589404
-0.435224
0.624256
-0.685171
0.119053
0.557176
-0.943052
0.803278
-0.382855
0.568834
0.742729
-0.073763
0.962401
0.404035
0.829463
-0.362224
0.638783
0.340129
0.686148
0.004486
-0.347453
0.141209
-0.906796
0.554552
-0.217994
0.643300
0.501572
-0.932005
0.487472
-0.641346
-0.229835
-0.807855
0.633351
0.403241
-0.860714
-0.841243
-0.760613
0.588916
0.077975
0.396466
0.041719
-0.516648
0.578600
-0.003937
0.802118
-0.391888
0.080844
0.914243
-0.296793
0.381634
-0.214331
-0.376263
-0.029084
0.136753
0.505478
-0.691641
0.770196
0.957213
0.148839
0.990112
-0.974303
0.013703
-0.107944
-0.913755
-0.287210
0.045442
0.437788
-0.235267
0.388897
-0.806452
-0.974059
0.077242
-0.136143
0.630970
0.202429
-0.018159
0.231910
-0.695059
0.549852
0.681265
0.986999
-0.636708
0.352031
-0.659841
-0.692312
-0.192236
-0.488327
-0.810053
-0.757439
-0.504685
0.596973
-0.963561
-0.213721
-0.764641
-0.826289
0.449812
-0.646718
-0.469588
-0.866634
0.443037
-0.945189
-0.106662
0.356792
0.499069
-0.166478
-0.026826
-0.809381
-0.714713
0.353313
-0.143895
-0.057405
0.521165
0.378338
-0.942930
0.557115
-0.615345
-0.988769
0.455855
0.148045
-0.896603
0.982055
-0.722098
-0.607532
0.100131
0.897580
-0.216834
0.085482
0.499496
-0.178747
0.632984
-0.402936
-0.260781
0.303812
-0.548875
-0.269997
-0.807794
-0.597400
0.135472
0.600146
0.188635
-0.768181
-0.081149
0.735649
0.305521
0.644154
0.329875
-0.543443
0.084628
-0.992309
0.959227
-0.432661
0.103488
-0.694143
-0.639393
-0.588427
-0.387860
0.590442
0.264626
-0.230079
0.800592
0.351054
-0.359661
-0.328227
-0.074618
0.080294
0.419599
-0.272805
-0.110996
0.899899
-0.275246
0.240577
0.075716
-0.286843
0.126865
-0.383343
-0.047456
-0.115635
0.611682
-0.958068
-0.564440
0.438459
0.233924
-0.271035
0.596667
0.335063
0.415448
0.750053
0.120151
-0.031831
0.516831
-0.373638
0.345317
-0.378460
-0.016144
0.483932
0.208228
-0.174047
0.976501
0.307352
0.837764
-0.462630
0.085299
-0.272317
-0.762017
-0.514756
-0.939451
-0.126072
-0.690115
0.086337
0.984985
0.440352
-0.641591
0.043489
0.795404
0.972289
0.937071
-0.741630
-0.531419
-0.889523
-0.442793
-0.978454
-0.070589
-0.004913
-0.235389
-0.099277
0.455489
-0.909055
0.901730
0.823908
0.967528
0.573168
0.148595
0.977905
0.731742
-0.761162
-0.127354
0.657216
-0.456221
-0.886166
0.710135
-0.674856
0.255226
0.812067
0.671133
0.345256
-0.882565
-0.772576
0.413068
0.790094
0.018036
-0.309122
-0.273721
0.318339
0.069674
-0.596484
0.353008
0.646901
0.814875
-0.441633
-0.489792
0.856075
0.887265
-0.837703
-0.406232
0.063082
0.092563
0.927000
-0.162633
0.625477
-0.099521
0.075594
-0.528733
-0.562731
-0.571764
-0.086093
-0.125401
0.877438
0.448958
-0.821589
0.643117
0.580981
0.579882
-0.970275
0.168249
-0.386700
-0.114597
-0.889706
-0.670827
-0.537156
-0.683035
0.740654
0.049715
-0.470077
0.847591
-0.472335
-0.248878
0.653432
0.112705
0.604236
-0.359539
-0.491928
-0.900998
-0.606433
0.361187
0.091342
-0.202490
-0.035981
-0.826350
0.403729
-0.842586
-0.250404
0.694998
0.187353
-0.846919
0.909299
0.809320
0.224830
-0.730522
0.766839
-0.410504
-0.681936
-0.653676
-0.314798
-0.201880
-0.639454
0.517258
-0.896908
0.993835
0.531114
0.589892
0.300455
-0.775323
-0.569811
-0.885372
0.326395
-0.846126
0.045015
-0.279946
0.650624
-0.146825
0.946348
-0.128697
0.445845
-0.163915
0.563829
0.987732
-0.270119
0.881222
-0.779778
-0.589709
-0.019990
0.842097
-0.756951
0.497665
0.267739
0.356670
-0.355510
-0.598987
0.630360
0.746086
-0.975524
-0.871578
-0.106967
0.108921
0.590869
-0.420576
-0.189001
0.879940
0.770867
-0.963195
0.422773
-0.234718
-0.634571
-0.625599
0.416486
0.446760
-0.769280
-0.456709
-0.547716
0.278115
0.143590
0.427961
0.528977
0.216529
0.930601
0.649709
-0.825556
0.800958
0.246193
-0.122349
-0.250465
-0.692312
0.514573
-0.473128
-0.252663
-0.479659
0.672964
0.174108
0.395428
0.812983
-0.838618
0.149510
-0.397137
0.226844
0.801874
0.283425
0.419111
-0.440229
0.358806
-0.385907
0.472945
-0.534227
-0.850581
0.777947
0.745598
0.886532
-0.935911
0.841121
-0.325541
-0.066744
0.708365
-0.205359
-0.561876
-0.131138
0.847835
-0.381085
0.011567
0.746330
-0.894894
-0.027009
0.297647
0.368633
0.436201
-0.054903
0.272134
0.745903
-0.132542
-0.282083
-0.375896
0.766472
-0.475265
0.062349
0.619984
-0.777154
-0.493637
0.519211
-0.110141
0.021210
0.264504
-0.010285
0.028169
0.007111
-0.078524
0.779595
0.250282
-0.071810
-0.581469
0.442366
0.051119
0.161229
-0.088595
0.031648
-0.219825
0.929136
-0.539476
0.608936
0.192541
-0.984191
0.898556
0.438276
-0.276406
0.498520
0.510971
-0.046907
-0.657094
0.477035
-0.003754
-0.370342
-0.466781
0.776482
-0.297342
0.846736
-0.774163
-0.942869
0.132298
0.607410
0.583300
-0.856868
0.155919
-0.684500
0.174169
0.553209
-0.268349
0.679495
-0.866207
-0.099826
-0.743339
-0.092380
0.399030
-0.109958
-0.028779
0.938597
-0.983520
-0.516892
-0.207434
0.362407
-0.135533
0.377422
-0.497177
-0.244606
0.640431
-0.699271
0.770318
0.987243
-0.580676
-0.170995
0.567553
0.767937
-0.846248
-0.110691
0.591845
0.235572
-0.513535
0.085971
-0.005951
-0.569567
-0.430036
0.943724
0.393597
-0.225135
0.073397
0.047884
0.561022
0.320231
0.892758
0.127781
-0.637074
0.950621
0.780328
-0.569445
-0.062777
0.759819
0.943907
0.577013
0.107639
0.360576
0.567614
0.059969
-0.775445
0.179540
-0.077181
0.931944
0.055879
-0.045930
0.391278
-0.534532
-0.931394
-0.706839
-0.050874
0.011505
-0.536607
-0.331156
0.699637
0.642323
-0.931333
0.273782
-0.735221
0.450850
0.248573
0.010895
-0.370647
0.078280
0.489303
0.294107
-0.312052
0.118809
0.261391
-0.671743
-0.502853
-0.948668
-0.867977
0.238990
0.263710
-0.709952
-0.514878
0.487716
-0.672048
-0.635487
-0.184484
0.839167
0.106052
-0.603442
-0.474654
-0.048006
0.350627
0.678152
-0.987060
-0.565538
0.249794
-0.982116
-0.445723
0.396405
-0.874752
0.198828
0.650441
-0.929502
-0.434797
0.826899
0.220069
0.633229
-0.957274
-0.997864
0.701712
0.406049
0.981506
-0.723991
-0.990112
-0.353496
0.057222
0.191321
-0.836421
0.363506
0.378826
-0.060335
0.681814
0.568957
-0.654653
0.708914
-0.666189
0.951659
-0.650746
0.535752
-0.113315
0.153050
-0.119663
-0.017609
-0.774407
-0.913327
-0.785699
-0.374248
-0.497604
0.914914
-0.160192
-0.469100
-0.422163
-0.496872
-0.198157
0.238990
0.216346
-0.423505
-0.918516
0.731925
-0.067782
0.666066
-0.684133
0.310770
-0.911496
0.308573
-0.951720
0.095309
0.300333
0.107395
-0.527573
-0.626392
0.171972
-0.921384
0.680349
0.551500
-0.847591
-0.910825
-0.967040
-0.186071
-0.482345
0.369915
0.817743
-0.046541
-0.254311
-0.716544
0.932615
-0.125889
0.051363
0.799493
-0.376995
-0.456648
0.861568
0.024201
-0.958068
0.156285
-0.886654
-0.795160
0.869625
0.490890
-0.193884
0.850337
-0.359478
-0.392987
-0.068392
-0.268838
-0.060884
-0.972716
-0.729362
-0.476608
0.838496
-0.685537
-0.940916
0.713675
0.145482
0.389325
-0.134617
-0.449995
-0.890622
-0.623768
-0.973449
0.069308
-0.295572
-0.794305
0.518113
-0.376141
0.074740
0.197302
-0.738212
0.131382
0.450056
0.054903
-0.121921
-0.413862
-0.838252
0.904782
0.913694
0.808527
0.500168
0.667470
0.494430
-0.958922
-0.336772
0.828974
-0.472274
-0.683218
-0.297952
0.450728
-0.885800
0.074129
-0.531114
0.158544
0.450423
-0.918699
0.471114
0.773309
0.823176
0.855159
-0.683706
0.570177
-0.023530
0.493332
-0.824946
-0.038118
-0.816401
0.400555
-0.645985
0.822748
0.141758
0.121494
-0.113559
-0.889706
-0.817072
-0.531724
0.479843
0.762017
-0.215064
-0.697562
-0.274697
0.098788
0.167272
0.667531
0.610584
0.116184
0.059847
0.221412
0.501267
0.648915
-0.896725
0.473983
-0.907407
-0.198462
-0.042207
-0.038423
-0.965758
-0.288003
0.243324
0.791314
0.001617
-0.179296
-0.180151
-0.179113
0.829890
0.590930
-0.535081
0.408918
0.213660
0.606738
-0.982543
0.136082
-0.502670
-0.467513
0.705741
0.575488
-0.352641
-0.810175
-0.599780
0.302469
0.595325
0.967833
0.721610
0.129856
-0.072115
0.190466
-0.915708
-0.698050
-0.273293
-0.349956
0.508469
0.066622
0.460616
-0.587512
-0.919370
0.193823
-0.987609
0.304117
-0.616749
0.170934
0.242958
0.770379
-0.986389
-0.076510
0.017426
-0.905515
-0.344584
-0.594714
-0.113987
0.466292
0.339763
-0.400372
-0.426435
0.787469
0.840876
-0.854183
0.623646
0.257241
0.999390
0.185644
-0.236000
0.341716
0.493515
0.906308
-0.441755
0.284158
-0.230995
0.853633
-0.990356
-0.470565
-0.159154
-0.951720
-0.631031
-0.351604
0.108921
-0.266091
-0.554186
-0.759697
-0.674734
0.714103
0.423383
-0.385784
-0.117405
0.823298
0.482528
-0.868892
0.929991
0.960326
-0.654958
-0.474471
-0.531663
0.662832
-0.796381
-0.244057
0.500412
-0.745354
-0.264565
-0.558458
-0.934080
0.889340
0.922910
-0.748466
-0.761101
0.338664
-0.809259
0.986755
-0.485397
-0.822077
0.444929
-0.087924
-0.491745
-0.362590
-0.633351
-0.592944
-0.576769
0.913205
0.444624
-0.621021
0.849727
-0.262734
0.863338
-0.087130
-0.929075
0.888180
-0.995666
0.581103
-0.995605
0.906186
0.361736
0.196387
-0.267129
-0.815424
-0.293313
-0.227454
-0.384075
0.639821
0.001740
0.385052
-0.762871
0.311747
0.513779
-0.938169
-0.102634
-0.118686
0.262673
-0.250710
0.921079
0.946043
0.137181
-0.959227
-0.813776
-0.476730
-0.001801
-0.184118
0.285989
-0.258705
-0.374615
0.437117
0.570727
0.307840
-0.219092
-0.905942
0.273354
0.485641
0.055696
0.447981
-0.288430
-0.865230
-0.232521
0.412580
-0.224281
-0.028718
0.042024
-0.054964
-0.048250
0.712394
-0.946776
-0.421735
-0.599109
0.509812
-0.569079
0.402448
-0.558275
-0.251503
0.432173
0.128147
0.463912
-0.803339
-0.597278
-0.207923
-0.284219
-0.949644
-0.396283
0.728813
0.459883
-0.038606
-0.052095
-0.665212
-0.114963
-0.530808
0.871395
-0.983154
0.774529
-0.506882
-0.006989
-0.707266
0.171484
-0.293558
0.994568
-0.309854
-0.635121
-0.213660
0.324381
0.987915
0.014435
-0.355327
0.956053
-0.912412
0.543382
0.588061
-0.937254
0.453047
0.810785
-0.250038
-0.337687
-0.301187
0.111728
0.135533
0.835322
-0.876278
-0.682730
-0.218360
-0.819086
-0.304056
-0.017975
-0.387188
-0.157994
0.029878
-0.585498
0.479720
-0.953856
0.537339
-0.602954
-0.422834
-0.712821
-0.084384
-0.532823
0.610889
-0.909665
0.203711
0.716483
-0.218604
0.363323
-0.903195
-0.320841
-0.855647
0.931883
0.906674
0.783441
-0.794977
-0.088656
0.248085
-0.934263
0.628346
0.913633
0.372723
0.166845
0.366680
0.424787
-0.351787
-0.563280
0.681570
-0.504318
-0.213355
-0.680898
-0.067293
-0.713858
0.838801
0.952025
0.342814
-0.165258
-0.662709
-0.991699
-0.021271
-0.416669
0.725150
0.486007
-0.955443
-0.315043
-0.148839
0.323099
0.899960
-0.197790
-0.189062
-0.921690
-0.785089
-0.644093
0.934263
0.046236
-0.943785
0.569506
0.593799
-0.388775
-0.804682
-0.848262
-0.943113
0.697317
-0.837764
-0.137608
0.353496
-0.078280
-0.693106
0.307779
0.323405
-0.550401
-0.240150
0.108737
0.812311
-0.399457
-0.828425
0.543626
0.246132
0.269631
0.869747
0.329264
0.871029
0.221473
-0.127110
0.819819
0.985656
-0.591357
0.286905
0.282144
0.809565
-0.228004
-0.014618
-0.989685
-0.825617
0.104709
0.764153
-0.994079
0.777581
-0.386456
0.205420
-0.754814
0.008393
0.455916
-0.708975
-0.608570
0.595080
0.310282
0.860652
-0.615162
0.920896
-0.203955
-0.891964
0.739494
0.018708
-0.058077
-0.149876
-0.877987
0.874142
0.738456
0.277017
0.882076
-0.498093
0.317301
0.965697
-0.951476
-0.860836
-0.372051
-0.975524
0.999756
0.641163
-0.920469
-0.061251
0.670888
0.416730
0.218360
-0.144383
0.765618
-0.366619
0.435224
-0.377422
0.203406
0.539781
-0.360088
-0.979858
0.293558
0.538072
-0.916623
-0.188086
-0.418195
-0.516526
-0.229408
0.095920
0.198462
0.226417
-0.145787
-0.697989
-0.105136
-0.187048
0.620594
0.984924
-0.092074
0.296609
0.110263
0.718925
0.329447
-0.301675
-0.248390
0.883602
-0.890744
-0.353191
-0.221656
0.964049
0.368816
0.223365
0.559313
0.175512
0.755486
-0.161290
-0.762871
-0.503769
-0.353435
0.189062
-0.824091
0.617115
0.937498
-0.382672
0.215247
-0.742973
0.121128
0.482589
0.882687
-0.757500
0.553331
