0.304910
-0.009552
0.055574
0.921995
-0.946959
-0.017121
0.935301
0.585620
0.241859
-0.634877
-0.703238
0.724601
-0.018403
0.884457
0.378094
0.248512
0.415510
-0.305399
-0.421918
-0.893918
0.045869
-0.932798
0.713492
-0.103061
0.615833
0.143956
0.684317
-0.746941
-0.626942
-0.131748
0.226661
-0.156774
-0.259926
-0.555040
0.991028
-0.387494
0.808161
0.677602
0.860714
0.717154
0.892758
0.323099
0.446150
-0.675832
0.864620
-0.289163
-0.244606
-0.103671
-0.671377
0.040986
-0.415815
-0.177831
0.481368
-0.308451
0.627613
0.410199
-0.562181
-0.285440
0.956786
0.686392
-0.454146
0.556932
0.281655
0.189001
-0.784051
0.652028
0.704520
-0.396832
-0.173986
0.689322
0.813349
0.751213
0.139988
0.352458
-0.485397
-0.813471
-0.441511
0.687674
0.929746
-0.352702
-0.297159
0.142796
0.120945
-0.165319
-0.950011
0.031892
-0.779962
-0.056429
-0.782830
0.152318
-0.479476
-0.627674
-0.277078
-0.785577
0.187170
-0.610828
0.280374
-0.793695
0.761467
-0.809809
0.316935
0.824213
-0.883786
-0.205603
-0.427900
-0.739982
0.065157
0.066378
0.541002
-0.849361
-0.360088
-0.163549
0.221107
0.547716
-0.456526
-0.767205
-0.670766
-0.843135
0.902707
-0.089999
-0.741386
0.168004
-0.225562
0.433515
0.038789
-0.231788
-0.769463
0.932676
0.801691
-0.195837
0.990722
0.331156
0.805109
0.734733
-0.354167
0.303995
0.441389
-0.318949
0.099399
-0.659169
-0.684866
-0.484542
0.091708
0.855953
0.022980
-0.365520
-0.378033
0.946165
-0.984252
-0.210974
-0.414655
-0.081210
-0.859127
-0.834040
-0.909726
0.497787
0.710623
-0.747307
0.342204
0.257729
0.099826
-0.298318
-0.774712
0.941099
0.308634
-0.150975
-0.047029
0.214026
0.485824
-0.867428
-0.170385
-0.772576
0.887082
-0.960326
-0.437483
-0.901547
0.991150
-0.091708
0.280251
-0.975097
0.537339
-0.924558
-0.282632
-0.763237
0.459273
-0.055818
0.922666
-0.385052
0.965453
0.873775
-0.607898
0.615406
-0.292703
-0.750786
-0.887997
-0.316202
-0.818171
0.137364
-0.130284
0.609058
0.123936
0.893735
-0.830134
0.992737
-0.386822
0.524827
-0.588366
-0.768792
-0.441755
-0.607715
-0.256996
0.733085
-0.079989
0.641774
-0.135716
-0.768303
0.388287
0.206458
-0.756218
-0.930906
0.486496
-0.250954
-0.037019
-0.312052
0.944823
0.922910
-0.383892
0.618213
-0.737907
-0.654775
0.641224
0.833674
-0.805963
-0.070162
-0.773431
-0.722343
-0.070406
0.118809
-0.219642
-0.042573
0.755364
0.432783
-0.026582
0.076022
0.668935
-0.060762
0.253395
-0.771661
-0.892697
0.051057
0.256508
0.258034
0.311686
0.421369
-0.875362
-0.071505
-0.416669
-0.242470
0.738639
0.757195
-0.983032
0.551317
0.836421
0.800836
-0.661061
0.743950
0.947386
0.548692
0.939146
0.729789
0.095798
0.121616
0.130039
0.011261
-0.773736
-0.390118
0.024751
-0.116245
-0.076937
-0.094455
-0.646046
0.902463
-0.143345
-0.194128
0.335551
-0.718802
0.852718
-0.559557
-0.204688
0.643483
0.710929
0.880795
-0.772454
0.336955
0.062227
0.375835
0.620106
-0.226722
0.191870
0.308878
-0.800836
-0.878353
0.344646
0.297281
0.152379
-0.752800
-0.860042
-0.095676
0.061678
0.220985
0.815180
-0.474288
0.583117
0.920652
-0.852229
0.441694
-0.317850
0.422712
-0.455061
-0.251625
0.817316
0.659597
0.779595
-0.563341
-0.225867
-0.659169
-0.895871
0.508713
-0.979614
0.011444
0.628285
0.139195
-0.886654
0.408002
0.585742
-0.629994
-0.720511
0.143468
-0.436384
0.066805
-0.060091
0.946776
-0.184973
-0.566088
0.917783
0.578478
0.416669
-0.706900
0.582202
0.225135
-0.790399
-0.327372
-0.676870
0.608509
-0.825373
-0.589587
-0.431135
-0.676809
0.498459
-0.763970
-0.718802
-0.237465
0.058077
-0.317606
-0.822016
-0.980468
0.717460
0.659658
0.248451
0.132359
-0.009125
0.920408
-0.380413
0.203650
-0.765069
0.591479
0.720878
-0.590747
-0.630970
0.887082
-0.664968
0.217322
0.108249
0.356243
-0.037873
-0.610340
0.019562
-0.359539
0.618641
0.569445
0.344096
-0.537889
0.736625
-0.695486
-0.512436
-0.398602
0.978027
-0.833613
0.141331
0.836726
-0.120579
-0.055269
-0.667653
-0.871639
0.656301
0.791864
-0.016083
-0.301553
0.694571
0.381085
-0.449080
0.891659
0.535752
0.429060
0.999207
0.707938
0.059969
-0.915769
-0.798578
-0.922788
-0.051241
-0.155736
0.236061
-0.520188
0.089022
0.537889
0.284951
-0.154576
-0.450117
0.447371
-0.680776
-0.209693
0.146153
-0.315348
-0.482467
-0.680105
-0.775262
0.287454
0.534288
0.235572
0.111057
0.992370
0.816523
-0.406781
-0.032014
-0.118076
0.657338
-0.781060
-0.554125
-0.863582
-0.373577
-0.898373
-0.801202
-0.724784
-0.158788
0.013031
-0.161229
0.799432
0.211951
0.132908
-0.712088
-0.320963
0.686514
0.960997
0.662954
0.147069
-0.838008
-0.505905
0.773614
0.967467
-0.848079
-0.118809
-0.818232
0.285257
-0.302286
0.507187
0.296976
0.106845
-0.246986
0.245705
-0.239357
-0.301920
-0.044343
0.674673
-0.296609
-0.268960
0.791864
0.072665
0.919492
0.366192
0.706717
-0.056856
0.549608
0.886532
0.833308
-0.926145
0.416791
-0.419416
0.168310
-0.952147
0.653737
-0.402203
0.096652
-0.386639
0.456648
-0.344768
-0.981994
0.883175
0.719291
-0.250526
-0.860652
-0.131077
-0.029878
0.657399
-0.986938
0.757866
-0.728019
0.079867
-0.681265
0.175817
-0.129429
-0.038362
-0.151158
-0.683645
-0.283731
0.831904
-0.627369
-0.778680
0.000702
0.200049
0.929685
-0.952513
-0.420209
-0.338603
0.947447
-0.805719
-0.987243
-0.631642
0.727042
0.254860
0.897824
0.874996
-0.161168
0.348491
0.653127
-0.224586
-0.346721
0.209998
0.965575
-0.110080
0.523179
-0.857112
0.298135
-0.970092
-0.082247
0.432600
0.362468
-0.487045
0.357524
0.908872
-0.841426
0.256447
-0.523484
-0.537461
-0.920530
0.829340
-0.465926
0.253456
-0.922239
0.199866
-0.794610
-0.940367
-0.774407
0.556200
0.265664
-0.055330
0.247230
0.428816
-0.733757
-0.742302
0.085177
-0.462996
0.473739
-0.118442
-0.542711
-0.430525
0.685171
0.526963
0.364910
-0.062777
0.756890
-0.586230
-0.068392
0.339702
-0.703604
-0.927000
0.733940
0.942503
-0.742973
0.857295
-0.188879
0.196509
0.542344
0.612720
-0.763848
0.451949
-0.416486
-0.999817
0.355022
-0.435224
-0.707450
-0.204688
-0.912839
-0.877377
-0.624866
0.876766
-0.880978
-0.011811
0.196326
0.691885
0.641652
-0.465194
0.061068
-0.442732
-0.290994
0.402264
0.645009
0.080416
-0.923338
-0.410749
0.291726
-0.633961
-0.232521
0.330546
-0.420759
-0.294168
-0.747490
-0.198950
-0.068270
-0.177404
0.516526
-0.016755
0.581591
-0.784051
0.944151
0.358318
-0.355449
0.181921
-0.776971
-0.736198
0.225623
0.135716
-0.813227
-0.092074
-0.325724
-0.579760
0.468673
0.986877
-0.402203
0.580370
0.667592
0.832636
-0.119541
0.083712
0.733512
0.718619
-0.174718
0.054170
0.452559
0.798761
0.950682
0.706534
0.575488
-0.107212
0.297342
0.653981
0.131626
-0.601306
-0.215918
0.093295
0.630177
-0.634999
-0.215918
-0.286843
0.069246
-0.596301
0.820063
0.823176
0.894772
-0.768609
0.744987
0.152135
-0.457808
0.243446
-0.204688
0.648793
0.352092
-0.025788
-0.693594
0.596973
-0.822748
-0.650258
-0.764641
0.212806
0.488327
0.847774
-0.708365
0.076388
0.881893
-0.977050
-0.322367
0.338115
-0.067660
-0.722404
-0.628162
0.884457
0.012543
-0.017853
0.519700
-0.433210
0.762810
-0.752556
-0.258278
0.217627
0.813959
0.397443
-0.194433
-0.667531
0.327128
0.217444
0.006561
-0.420820
-0.081576
-0.126865
0.551866
-0.613208
-0.292825
-0.327372
-0.948973
-0.604114
-0.728690
0.748955
-0.749870
-0.366497
-0.269814
-0.806635
0.715201
0.454756
0.138890
0.833613
0.395734
-0.681570
-0.033174
0.886776
0.647877
-0.538743
0.520371
-0.468490
0.866817
0.767083
-0.040193
0.950133
0.869625
0.579882
-0.060335
0.132664
-0.095492
-0.710501
0.425520
-0.286477
0.698172
-0.255959
0.029756
-0.008759
0.420148
-0.729545
-0.779778
0.988098
-0.550768
-0.584033
0.715506
-0.510605
-0.535020
0.422224
-0.496933
0.957945
-0.661733
0.813410
0.738884
-0.248512
0.229347
-0.784967
0.414777
0.809259
0.006928
0.982910
-0.763604
0.804437
-0.977477
0.343181
-0.608386
0.457015
0.985656
-0.032258
0.289956
-0.908689
-0.037019
0.984008
-0.079867
-0.992859
-0.462691
-0.041169
0.537400
0.895260
0.973632
0.780877
-0.171850
0.078463
0.789117
0.244911
0.560350
-0.549486
0.097018
-0.055391
0.215857
0.423994
0.821100
-0.937925
-0.488998
-0.695425
-0.913450
0.211158
0.735588
0.657949
-0.968993
0.363323
0.348979
0.868038
-0.320414
-0.880367
-0.834162
0.129429
-0.965758
-0.567431
-0.143406
-0.662343
0.474899
-0.024140
-0.815119
-0.443464
-0.829279
0.900754
0.339396
-0.654775
0.800348
0.394269
0.104038
-0.088351
-0.306192
0.929868
0.319315
0.836604
-0.551195
-0.048189
0.572985
0.942320
-0.655019
0.057100
0.826838
0.807001
-0.767449
-0.637074
0.258889
-0.554491
-0.326395
0.796319
-0.937864
0.212073
0.896603
0.021271
-0.555895
-0.964537
0.691153
0.272439
-0.525315
-0.298318
0.623585
0.205786
0.667470
0.529160
-0.616932
-0.424482
-0.545640
-0.709464
-0.327494
0.758538
-0.411847
0.401044
0.088412
-0.457991
0.685049
-0.909665
0.570544
0.056795
0.537217
0.760674
-0.867306
0.598987
0.791620
0.329630
0.440229
0.405805
0.420637
0.446699
0.927305
-0.766472
-0.697989
-0.270913
-0.395856
-0.790033
0.043428
-0.510239
-0.079073
-0.304971
-0.212195
0.298318
0.671987
-0.142735
0.469771
0.889218
-0.872188
-0.149144
0.322184
0.208960
-0.462264
0.886166
-0.761589
-0.855037
-0.111240
0.471541
0.720939
-0.331767
-0.135105
-0.912961
-0.277932
-0.643605
-0.130406
-0.416974
0.704520
0.585864
0.339640
-0.231971
0.457625
-0.146886
-0.583239
-0.601001
0.383282
0.650807
-0.403790
-0.665578
-0.604724
-0.735405
-0.533921
-0.980346
0.686331
-0.797052
0.836665
-0.502915
-0.508225
0.753166
0.812189
-0.341166
0.951903
0.462325
-0.784722
-0.649648
-0.653920
0.033601
-0.829829
0.394269
0.964721
-0.113010
-0.141820
-0.526780
-0.880551
0.827448
-0.434309
0.097140
-0.770074
0.676260
0.489486
0.321207
0.775750
-0.236427
0.245033
-0.708060
0.216468
-0.308878
-0.512192
-0.880306
-0.974364
-0.140355
0.932371
-0.319315
0.693106
-0.252419
-0.440718
-0.320414
-0.906247
-0.271706
-0.140904
-0.992431
0.302286
-0.674612
0.300821
-0.280923
0.444441
0.825800
0.231727
0.784600
-0.868709
-0.914670
0.547655
0.402997
-0.019623
0.320658
0.360698
-0.820002
0.031892
0.814570
-0.486923
-0.759880
-0.684683
-0.096469
-0.642506
-0.325602
0.284036
-0.728690
-0.590503
-0.819025
-0.204566
-0.639698
-0.952879
-0.700735
-0.298074
0.540208
-0.235511
0.185339
0.841670
0.514084
0.071444
-0.718253
-0.024262
-0.483016
-0.186743
-0.734062
-0.778680
0.410566
-0.041169
-0.264504
0.813288
-0.549852
0.585314
0.242531
-0.258095
-0.135044
-0.285623
-0.761040
0.306375
0.329264
0.474044
-0.794183
0.429731
-0.405194
0.251747
-0.073458
0.662038
-0.855953
-0.326579
-0.124241
-0.258095
-0.382244
-0.925108
0.115268
0.433882
0.522935
-0.520554
-0.278359
0.518479
-0.455855
-0.715018
0.672781
0.647267
0.689505
-0.196570
0.143956
0.247536
-0.229652
0.377544
-0.542161
0.876095
-0.525315
-0.878658
0.011750
-0.228431
0.394391
0.044038
0.437910
0.157567
0.043733
-0.823969
-0.753471
-0.206030
-0.260781
-0.826228
-0.285257
-0.683401
0.308573
0.693533
0.465194
-0.384503
-0.982482
0.943480
0.994263
0.057344
-0.632862
-0.417158
0.871334
0.197913
-0.318949
0.446699
0.836055
0.029084
-0.349528
-0.171911
0.425336
-0.325419
-0.836055
-0.239113
-0.934751
0.415754
-0.517258
-0.040315
0.886410
-0.586413
-0.807611
0.806574
-0.259926
-0.009308
0.735527
-0.286782
-0.626087
-0.094272
0.330546
-0.079928
0.994140
0.717521
-0.329508
-0.788446
0.409040
0.325663
0.955443
0.630482
0.641408
-0.122593
0.520554
-0.654775
0.291543
0.447554
-0.673269
-0.689261
-0.625660
0.232582
-0.034822
0.459578
-0.550523
-0.141087
0.377117
0.810663
-0.822687
-0.073214
0.667104
0.802850
-0.174047
-0.100925
0.903195
-0.609546
0.173009
-0.646352
-0.095126
-0.632252
0.302347
-0.361553
0.601489
-0.470260
-0.328471
-0.988464
-0.862911
0.118320
0.634388
-0.915891
-0.580004
-0.494491
0.725578
0.065706
0.618458
0.844234
-0.714957
0.564257
0.140965
-0.384014
0.343913
-0.044832
-0.533616
0.255348
-0.646840
-0.852107
-0.115085
-0.557726
0.919614
0.684927
0.574267
-0.127537
0.614795
-0.927610
0.599292
0.954283
-0.306253
-0.619373
0.713431
0.832270
-0.208045
0.157384
0.536058
-0.059420
0.587329
-0.549669
0.044160
-0.091220
-0.906186
-0.216346
0.241127
-0.568468
-0.302591
0.504929
0.073946
-0.178564
-0.744743
0.646168
-0.646290
0.320597
0.483444
0.003510
-0.340983
0.027497
-0.765069
0.138646
0.344829
-0.708487
0.684622
-0.598498
-0.866512
0.020417
0.502304
-0.293985
0.762017
0.755974
-0.181310
0.101047
0.828486
0.085177
0.135838
0.482894
-0.880917
0.665944
0.677541
-0.214393
-0.569262
0.991699
0.926817
0.620716
-0.032868
0.644032
-0.026032
-0.861812
0.872311
0.005524
-0.434980
-0.141270
-0.272011
-0.851924
-0.922788
-0.201086
-0.494858
0.247597
0.956908
-0.895322
-0.314859
-0.321879
0.545763
0.147435
-0.813349
-0.021271
0.081393
-0.227271
0.205786
0.823176
-0.072909
-0.703604
-0.403912
0.877194
-0.772698
0.230934
-0.995605
0.927305
0.124912
-0.093722
-0.809198
0.078036
-0.089999
0.545701
0.690115
-0.665578
0.565172
0.167943
0.146336
-0.911069
-0.348064
-0.292276
-0.673879
0.794549
-0.981079
-0.567980
0.302164
0.579333
0.083895
-0.781182
-0.992187
0.893124
-0.956114
0.023530
-0.151585
-0.990295
-0.188818
-0.280435
0.394086
-0.221900
-0.820795
-0.974548
0.667592
-0.286599
-0.252419
0.119785
0.197058
0.474960
-0.478195
-0.475631
0.142369
-0.849849
-0.124119
-0.335368
-0.531663
0.505234
0.009674
0.079806
0.271523
0.831782
-0.596912
-0.728446
-0.547411
-0.732231
-0.236549
-0.207373
0.104892
0.600330
0.945128
0.309915
0.330851
-0.056795
0.841365
0.948363
0.755974
0.454878
0.183996
0.808405
-0.879818
-0.811518
-0.286721
0.504257
-0.549181
0.801263
-0.493759
-0.536790
-0.431867
-0.833796
0.756279
-0.617847
-0.696951
0.546800
0.932493
-0.888852
0.089389
0.638417
0.788018
0.799371
-0.249123
0.181921
0.276162
0.095981
0.661306
0.034272
-0.789850
-0.333598
-0.609485
0.021149
0.503159
-0.319498
-0.646474
-0.949156
-0.430403
0.673391
-0.478072
0.198828
-0.745903
0.336772
0.030671
-0.431501
-0.917539
0.554735
0.563524
-0.039583
0.329081
0.301859
0.334391
0.657460
-0.412214
0.195959
-0.874813
0.261330
0.440352
0.597156
-0.275491
-0.640309
0.578356
-0.930235
0.416852
-0.178442
0.603870
0.024323
-0.751701
0.579638
-0.533616
-0.661306
0.899838
-0.633839
0.331828
-0.420331
-0.690481
-0.694205
0.397565
-0.785333
0.000031
0.436262
0.233009
0.613025
-0.123142
0.356731
-0.897031
-0.146886
-0.874264
0.208106
0.132664
0.978576
-0.924619
-0.364422
0.882138
-0.980651
-0.012665
0.359539
0.557848
-0.279153
0.784478
-0.104526
-0.324320
0.684622
-0.222266
0.035432
-0.422712
0.368694
-0.338664
-0.224097
0.101108
-0.565050
0.772454
-0.948546
-0.734550
-0.963500
-0.747185
-0.131504
-0.335795
-0.181066
0.995911
-0.516160
-0.448042
0.740715
-0.292398
0.881954
-0.168615
0.451827
0.131748
0.242470
-0.673940
-0.084689
-0.934996
0.147435
0.359722
-0.200354
0.491684
-0.406598
0.186865
-0.933958
0.319193
0.696097
-0.126255
0.201025
-0.213172
-0.083102
-0.724418
-0.700308
0.374371
-0.285867
0.080050
-0.913205
0.575610
0.253212
0.654958
-0.529954
0.054659
0.133702
-0.874508
-0.116245
0.406781
0.586535
-0.562059
0.585070
-0.586413
0.784295
-0.124607
-0.242653
0.674123
-0.226966
0.561327
-0.063021
0.568529
-0.308023
0.413495
-0.210120
0.928098
-0.016877
0.814753
-0.867855
0.302347
-0.317240
0.497909
0.086154
-0.360881
0.802240
-0.372234
0.851070
-0.903012
0.309915
0.058382
0.110752
-0.304056
0.555712
0.443953
-0.664907
-0.256752
-0.629322
-0.085482
0.824824
0.250038
-0.812738
-0.045991
-0.001068
-0.646474
-0.219764
0.487777
0.647023
0.124546
0.097873
-0.335856
0.990783
-0.689383
0.398236
-0.283670
0.060579
0.612598
0.112522
-0.348308
0.155309
0.432173
-0.538316
-0.857845
-0.237526
-0.598193
0.018097
-0.410382
0.281167
0.256264
-0.757866
-0.944884
0.505356
-0.268532
-0.691092
0.987243
0.562975
0.684561
-0.428571
0.216224
0.502915
0.338420
-0.454573
-0.712394
0.280129
0.364299
-0.613758
-0.186377
-0.144871
-0.487838
-0.826350
-0.835994
0.064852
0.023225
-0.058138
-0.910459
0.822382
-0.340983
0.479904
0.322916
-0.390973
-0.863582
0.699576
0.687857
0.430708
0.564684
-0.854732
-0.613941
0.444136
0.182043
0.227577
-0.397198
-0.350688
-0.648000
-0.610950
-0.809748
0.665090
0.494797
0.727958
-0.674184
0.527085
0.726371
-0.100620
-0.432173
0.903806
0.980590
0.306497
0.719596
0.949034
-0.623035
-0.335978
-0.599658
-0.157628
0.748222
0.141636
0.013276
0.597400
0.803339
-0.505112
-0.153600
-0.823420
0.340617
-0.813898
0.822687
-0.831111
-0.663442
-0.282083
0.093661
0.310282
-0.548875
0.147740
-0.586535
0.581225
-0.471786
0.355388
0.029878
0.551073
0.172399
-0.681997
-0.186926
0.827021
-0.336100
-0.153722
0.402081
-0.991699
0.659780
-0.533677
-0.349956
-0.843135
0.916135
0.198035
0.972045
-0.842647
-0.945555
0.547899
0.800287
-0.063265
-0.715201
0.112583
-0.968383
-0.485336
-0.734550
0.201453
0.969359
0.577868
-0.637806
0.506638
0.435163
-0.605884
-0.365337
0.240394
0.423078
0.928892
0.875301
-0.903806
-0.360210
-0.928892
0.935972
0.216529
-0.212806
0.142613
0.660573
0.464400
-0.123569
-0.260414
-0.997009
-0.538377
-0.785516
-0.119175
-0.190649
-0.331278
-0.677175
-0.489608
0.939451
0.482589
-0.112949
0.232704
-0.223060
-0.294961
-0.876095
0.809687
-0.995117
-0.375042
0.142796
0.371258
0.161351
-0.146031
-0.343852
0.195593
-0.898618
0.849422
-0.953490
-0.004486
-0.149083
-0.238685
0.533982
-0.238746
-0.248573
-0.064425
0.621632
0.117649
0.617725
0.550890
-0.686270
-0.775384
-0.363384
0.456099
-0.222571
0.925413
-0.480697
-0.821223
-0.920225
-0.571886
-0.687735
0.999939
-0.715018
-0.694754
-0.206763
0.456648
-0.083102
-0.634327
0.475021
-0.846553
0.242042
-0.369182
-0.220618
0.264321
0.864376
0.637989
0.018281
0.519822
-0.479537
0.861019
0.778680
-0.882015
0.761101
-0.353984
0.286416
0.215796
-0.051912
-0.814264
-0.241066
0.106784
-0.676382
-0.556078
0.525620
0.261757
-0.801874
-0.407025
0.814142
-0.981262
0.534104
0.301859
-0.041658
0.328104
0.477279
0.657826
-0.339030
0.749138
0.961913
-0.083468
0.500839
0.150182
0.169897
0.881161
-0.672170
-0.020356
0.232948
0.088473
0.786248
0.119663
0.154027
0.393170
0.386456
-0.879757
0.815058
-0.666066
0.165868
0.313761
0.267983
-0.218848
0.976012
-0.098605
0.021271
0.424421
-0.099277
-0.509568
0.110385
-0.027497
-0.354228
-0.486801
-0.491989
0.296365
0.512070
-0.528001
-0.558947
-0.177221
0.228736
0.244789
-0.836543
0.980285
0.396527
-0.899167
0.522019
0.220252
-0.030732
0.973937
-0.513047
-0.986267
0.725333
-0.408979
0.933409
-0.982604
-0.191504
0.177648
-0.964843
0.942076
0.406537
-0.084078
0.847224
0.450423
0.908872
0.845271
0.677969
0.215369
-0.673086
-0.217566
-0.348796
0.225745
-0.863643
-0.307169
0.932920
-0.019074
-0.086764
-0.833674
0.967162
-0.962951
-0.444136
-0.120029
-0.270363
-0.182104
-0.633839
0.512070
-0.722526
-0.099826
0.394269
0.129429
-0.856380
0.726737
-0.959166
-0.418134
0.849910
0.058870
-0.820124
0.901120
0.777398
-0.968627
-0.586535
0.180578
0.115085
-0.700064
0.088473
0.181372
0.418439
-0.108127
-0.730461
0.043428
0.601306
0.840327
-0.364299
0.456526
0.935484
0.391705
0.610645
0.534959
0.001251
0.719657
-0.444075
0.676443
0.312540
0.282876
-0.940977
0.506027
-0.071261
0.963134
0.830317
0.239418
-0.029023
-0.175756
0.375469
-0.721305
-0.551622
0.829707
-0.900388
-0.086032
-0.199805
-0.687551
0.172460
-0.367229
0.822810
0.954588
-0.245643
-0.160985
0.242531
0.056429
0.534959
0.845943
-0.954344
0.067354
0.928220
-0.963439
-0.351299
0.146764
-0.205725
0.411542
-0.856075
-0.906186
0.715934
0.618946
-0.708731
-0.320231
-0.393414
0.886593
0.762932
-0.946654
0.783685
0.299905
-0.963683
-0.124546
-0.692740
0.082492
-0.956542
-0.662709
-0.952208
-0.354106
0.038606
-0.684256
-0.047151
0.755181
-0.266457
-0.475448
-0.051485
0.656545
-0.051057
-0.201270
0.183996
0.634144
0.626148
-0.176244
0.744499
-0.730033
0.372723
0.149571
0.240699
0.556444
-0.609851
-0.491806
0.515183
0.027924
0.069369
-0.204871
0.031953
0.120884
0.139256
-0.554796
-0.362041
0.204871
0.969787
0.292764
0.925840
0.838923
0.305155
-0.851009
-0.285195
0.920774
-0.264443
0.605274
0.361980
-0.530747
0.784051
0.165990
-0.032075
0.852535
0.311075
0.035859
0.242958
0.346782
-0.574755
-0.762871
-0.929380
0.023957
0.910947
0.176000
0.782586
-0.063021
0.766533
-0.560106
0.228980
0.030610
-0.932066
0.208594
-0.658193
0.718131
0.168432
-0.296121
-0.761162
0.446333
0.959349
-0.579821
0.703299
-0.585925
-0.945677
0.101352
0.430647
0.041719
-0.806269
-0.171361
-0.807733
-0.943541
-0.993652
-0.165136
-0.057772
0.964721
0.458357
-0.948973
0.108737
-0.498276
0.248573
-0.667714
-0.486251
0.228736
0.757561
0.642201
0.824885
-0.286599
0.341105
-0.042268
0.530259
-0.650502
0.143345
-0.601306
-0.241127
0.554125
0.299661
-0.311075
-0.351909
0.504990
-0.302347
-0.650624
-0.281716
0.268777
-0.024567
0.610401
-0.062593
0.938231
-0.712394
0.346843
0.327860
0.463118
-0.193640
0.354595
0.591662
0.154088
-0.072726
-0.007904
0.217750
-0.447676
-0.927427
-0.648732
-0.757805
-0.451033
0.761467
0.546312
0.278848
0.958251
0.166540
-0.028596
-0.918271
-0.504440
-0.192663
0.761162
-0.060823
-0.781121
0.264138
0.791192
0.726737
0.551195
-0.906064
0.399274
-0.808161
-0.381451
-0.000763
-0.076998
-0.163915
-0.151708
-0.369366
-0.028535
-0.803888
0.929258
0.205054
-0.895993
0.162511
0.672903
0.444197
-0.221290
0.487228
0.856258
-0.306253
0.034028
-0.540208
-0.075533
0.500473
0.527879
0.161901
0.325541
-0.068514
0.388043
-0.046480
-0.648549
0.790582
-0.764153
0.304727
0.976562
-0.714957
0.325602
-0.900082
-0.463057
0.275979
-0.276833
0.437666
-0.509690
0.421430
-0.812677
-0.544115
0.924558
-0.447798
0.402936
-0.256081
-0.430403
-0.274270
-0.796869
0.028169
0.183508
0.467208
0.377789
0.005890
-0.085116
0.657765
0.824824
0.168981
-0.398114
-0.261025
-0.103183
0.807062
0.487289
-0.746635
-0.624073
0.911740
-0.859981
0.841426
0.641041
-0.020905
-0.182043
-0.306070
0.586352
-0.529344
-0.853267
-0.397504
0.610584
0.216346
-0.842158
0.938475
0.696524
0.483810
-0.344829
-0.152623
-0.029939
-0.441694
0.882565
0.300638
0.473922
-0.347453
0.864803
0.687063
0.873165
-0.357646
0.612476
-0.660207
0.911679
0.712882
-0.793817
-0.172460
-0.930479
0.083285
0.247108
-0.512436
-0.551012
0.020234
0.456587
0.766167
0.531297
0.486984
-0.113498
-0.464949
0.142857
0.762505
0.945799
-0.188330
0.849422
-0.696707
0.405683
0.843257
-0.227882
-0.348491
-0.092624
-0.124973
0.343059
-0.594104
-0.859554
0.639821
0.562792
0.663686
0.697623
-0.083834
-0.792657
0.450545
-0.284280
0.935911
0.325968
0.211646
-0.106723
0.497360
0.423688
0.666860
-0.198706
0.829340
0.751030
0.502487
-0.275674
-0.177587
0.819086
-0.120212
-0.776299
0.340617
-0.503098
-0.598315
-0.663015
0.296976
0.391034
0.143040
-0.388409
0.846553
-0.191687
-0.048799
0.488693
0.842158
0.961303
-0.021943
-0.811701
0.499313
0.255776
0.945494
-0.866329
-0.763970
-0.578112
0.056856
-0.140538
0.370830
-0.393353
0.729911
0.367290
-0.803156
0.932127
-0.595386
-0.926817
-0.284890
-0.805231
-0.399152
0.391034
0.194983
0.900510
-0.918271
-0.199377
0.743889
0.971618
0.889523
0.431074
0.420576
-0.076449
0.765557
-0.772454
-0.765007
0.891232
0.604663
0.031037
0.593188
0.802484
0.246193
-0.001251
0.165807
0.772881
0.219520
-0.125828
0.752068
0.657155
0.067049
-0.807855
0.416852
-0.316141
0.283303
-0.731559
-0.609180
0.733390
-0.600085
0.874264
-0.516953
-0.711600
0.075716
0.594958
-0.742241
0.404645
-0.068270
-0.717887
0.280435
0.229713
-0.166478
0.951476
-0.419050
0.465316
0.167760
-0.176611
0.052034
-0.934568
0.391949
-0.845454
0.070345
0.813593
0.291360
-0.546800
0.211341
-0.639332
0.485397
0.146153
0.271523
-0.237770
-0.924741
-0.092990
0.509140
0.920713
-0.540391
-0.142918
-0.948607
-0.008454
-0.075045
0.716178
0.834101
-0.327494
0.483932
0.712638
-0.411847
0.181310
-0.535508
0.929746
0.731437
0.523057
-0.589404
-0.627979
0.005768
0.182348
0.294778
0.560656
0.053255
0.437056
-0.024201
-0.653005
-0.156529
0.650746
-0.104770
-0.430036
0.638356
-0.896359
-0.464156
0.129612
-0.720023
-0.726737
0.964843
-0.084506
-0.859737
0.588977
0.486251
-0.186926
-0.691214
0.131504
0.473983
-0.616871
0.841914
-0.073153
0.095431
0.690847
-0.390790
-0.667592
0.694693
0.906796
-0.555834
0.655812
-0.022004
-0.181372
-0.107089
-0.935667
-0.690237
-0.991272
-0.934996
-0.225684
-0.826777
0.672720
-0.671682
-0.854122
-0.318033
0.392865
-0.929258
0.016205
0.412702
0.151524
-0.160375
-0.424116
0.457320
-0.017304
0.318461
0.134556
0.083712
-0.828486
0.951170
-0.400250
0.928037
0.878414
-0.752129
-0.463179
-0.981628
0.329875
-0.113926
0.926084
0.641957
-0.037690
0.598804
-0.062105
-0.393048
0.701651
-0.425581
0.944884
0.484237
0.659047
-0.477523
0.775140
-0.511643
0.840632
-0.095920
-0.295267
-0.127537
-0.812067
-0.122654
-0.489853
-0.973693
-0.284158
0.171056
0.900571
0.155370
0.864742
-0.310343
0.317118
0.117893
-0.241554
0.802606
0.082003
-0.607837
-0.243263
0.596484
-0.810846
-0.146031
-0.058443
0.474654
-0.421491
-0.036897
-0.863704
0.424604
0.882382
-0.568163
-0.014496
0.232032
-0.039705
0.039766
-0.187292
-0.591479
-0.927732
-0.147191
0.748222
-0.429487
-0.082308
0.620472
-0.521409
0.303385
-0.003876
-0.235511
-0.950072
0.885434
0.417768
0.395856
0.044649
-0.482101
-0.947508
0.451460
0.617176
0.645619
-0.170507
0.046297
0.181494
0.716300
-0.731437
0.102634
0.191748
-0.116184
-0.610096
0.436811
-0.465743
-0.402692
-0.629261
0.007416
0.487411
-0.158849
-0.073214
-0.386883
-0.288491
0.462569
0.444624
-0.197119
-0.510849
0.561083
-0.213538
-0.608692
-0.102878
0.649831
-0.272195
0.400616
-0.029206
-0.293374
-0.434675
0.670705
0.312906
-0.495407
-0.465072
0.570666
-0.678701
0.234657
-0.119907
0.202124
-0.386334
-0.894955
-0.187536
0.638478
-0.931639
0.223365
-0.012299
-0.946043
-0.127720
0.618702
-0.638661
-0.163366
0.942137
-0.104221
-0.039583
0.666250
-0.666311
-0.109897
-0.287881
-0.722343
-0.438765
-0.356548
-0.869625
0.298013
-0.129246
0.388165
-0.920225
-0.920835
-0.395978
0.611927
0.271828
-0.880734
0.531175
0.704520
0.807489
-0.714591
0.750420
0.840571
0.167943
-0.360393
-0.351115
0.050569
0.884823
-0.180334
-0.483810
0.494675
-0.589831
0.239906
0.682180
-0.254128
0.314676
-0.282388
-0.246254
-0.192969
0.833247
0.784906
0.514389
0.960814
-0.127781
-0.627125
0.571886
-0.371136
-0.753044
-0.553636
0.908139
0.992676
0.765313
-0.731071
0.692373
0.097324
0.394940
-0.472823
-0.101108
0.120090
-0.275552
0.279458
0.281594
0.481735
-0.662404
0.894040
-0.890683
0.702750
0.552965
-0.363262
0.060274
-0.846980
-0.008454
-0.337260
0.862911
-0.079562
-0.686636
-0.171728
0.520310
0.729789
0.731559
0.282327
0.400555
-0.374981
-0.924558
0.099765
0.710318
0.643422
0.641224
0.610645
0.121128
-0.962401
0.941649
0.225990
0.502304
0.560167
0.155126
-0.591479
0.656911
0.993164
-0.331400
-0.095614
-0.163854
0.156346
-0.048311
0.456587
0.003265
0.090548
-0.647877
0.045015
-0.702628
0.265297
-0.005585
0.144261
0.968078
-0.925962
0.855831
-0.798517
0.873470
-0.128330
0.924253
0.152440
-0.309915
0.258339
0.149754
-0.652577
-0.236793
-0.803034
-0.473312
0.898801
-0.683279
-0.333110
-0.865780
-0.164953
-0.424299
-0.404767
0.170385
-0.203406
-0.042940
0.204260
-0.805902
0.752434
0.455794
-0.119968
0.887387
0.555284
0.907285
-0.210669
-0.487594
0.238624
0.253029
-0.987854
0.140294
0.780999
0.047334
-0.079379
0.020966
0.528245
0.580065
0.593188
0.051241
-0.618397
0.874569
-0.704764
-0.958129
-0.005768
0.077914
-0.447432
0.903745
0.616871
0.406903
0.650563
0.430158
0.135533
-0.838862
-0.748955
0.626637
0.035127
-0.059114
0.851863
-0.382000
0.066683
0.564440
-0.635426
0.394208
0.318155
0.121677
0.975524
0.050508
0.809503
-0.884457
0.625050
0.402692
-0.310465
-0.917356
0.424116
0.032075
-0.213660
-0.091159
-0.947203
0.877316
-0.938414
0.365947
-0.114841
0.288247
-0.681570
0.133091
-0.868221
-0.295267
0.009430
-0.410321
0.067965
0.796197
0.634388
-0.119175
-0.972289
-0.178014
0.201941
-0.345744
-0.795953
0.440657
-0.361675
-0.067598
0.807184
-0.959838
0.993103
-0.836665
0.944517
-0.587146
-0.982543
0.779290
0.647572
-0.500778
-0.783380
0.597156
-0.881283
0.175756
0.057039
0.861385
0.303812
0.327860
0.330058
0.917417
0.234046
0.028108
0.695547
-0.743034
0.791070
-0.632008
0.731376
0.041047
-0.574084
-0.977905
-0.749321
0.452437
0.745903
0.365520
-0.961791
-0.813410
-0.947752
-0.159825
0.267922
0.989990
-0.671499
-0.983398
-0.844050
0.158300
-0.306864
0.489853
-0.116245
-0.720328
-0.053804
-0.193579
0.254128
-0.694327
0.197119
0.338908
0.105564
0.971679
-0.751701
-0.680471
-0.661916
0.132664
0.936399
-0.007782
0.966735
0.496628
-0.151097
0.403790
-0.338908
0.300638
0.512803
-0.935972
-0.103000
0.123386
-0.558702
-0.554125
-0.925596
-0.639698
0.272073
0.204566
-0.883114
-0.263466
0.614978
0.320353
0.817621
-0.633045
0.363201
0.577807
0.787042
-0.393292
-0.455306
-0.629078
-0.893307
0.427046
-0.545640
0.085482
-0.778314
0.666128
0.415387
-0.349895
-0.874081
-0.544237
-0.391156
0.397443
0.594226
-0.752251
-0.771783
0.709586
0.224647
-0.150426
-0.320780
-0.876034
0.685842
0.097629
0.618885
-0.275979
0.554430
0.691519
0.257790
0.469710
0.792291
-0.431440
0.355632
0.208899
-0.065157
0.957030
0.983215
0.654164
-0.343486
-0.384991
0.141270
-0.503403
-0.855525
-0.688406
0.278603
0.011505
0.798395
0.305582
0.447188
0.070833
0.548204
0.139561
0.555834
-0.046541
-0.083773
0.614429
-0.991028
0.477889
-0.638783
-0.404828
-0.448775
-0.631642
-0.801508
0.856746
-0.657521
-0.842036
-0.869381
0.165075
-0.167028
-0.626759
0.141697
0.223243
0.120090
0.996460
-0.604602
-0.431379
0.322794
0.884091
0.125523
-0.928098
0.040864
-0.022065
-0.511887
-0.843684
-0.338542
-0.877499
-0.550707
0.534227
-0.571825
-0.615101
0.463301
-0.259987
-0.040254
0.078341
-0.167150
0.996033
-0.863155
0.848140
0.398785
-0.467025
0.532640
-0.790704
0.374798
-0.587817
0.789178
0.439253
-0.630116
0.830134
0.687551
-0.048189
0.390973
-0.930601
-0.496139
-0.912656
-0.143529
-0.488571
0.576464
-0.009308
0.013092
-0.788873
-0.141392
-0.913144
-0.185644
-0.721671
-0.154149
-0.438215
-0.448103
0.462264
0.699820
0.280801
-0.306192
-0.896176
-0.729118
-0.321207
0.810358
0.280374
0.392865
-0.197974
-0.793573
0.522385
0.108554
-0.232521
0.890866
0.491501
0.752251
0.579943
-0.902463
-0.388165
-0.518357
-0.073885
0.694693
0.040437
0.781426
-0.259194
0.980590
0.638295
-0.558153
0.194189
0.251686
0.955992
-0.986450
-0.405011
0.340983
-0.560778
0.895260
-0.231788
-0.116306
0.693228
-0.997375
0.817438
-0.484298
0.540269
0.003265
-0.181677
0.445235
-0.336650
0.270913
-0.969970
0.780999
-0.260659
0.718925
-0.851070
-0.213050
-0.840144
-0.201880
0.968444
-0.707633
-0.742241
-0.560656
0.374432
0.191382
-0.609790
-0.669118
0.327982
-0.061556
0.803888
-0.785699
-0.270058
-0.355205
-0.604297
0.592578
-0.680593
0.067232
-0.997803
0.578173
-0.011139
-0.824335
0.453475
0.412152
0.443281
-0.901181
-0.613330
-0.524644
-0.564135
0.856685
0.630421
-0.562853
-0.884335
-0.867122
0.947874
0.206336
0.110385
-0.977905
-0.290689
0.134922
-0.388836
-0.328043
0.668630
-0.633229
0.395856
0.666677
-0.181982
0.580676
0.621509
0.590442
-0.414594
0.124546
0.829768
0.090670
-0.810114
0.946471
