0.715079
-0.746574
0.900876
0.036348
-0.109592
0.647206
-0.172704
0.277200
0.742119
0.530320
0.745293
0.379009
0.105014
-0.997497
0.286172
0.227454
0.201697
0.383465
-0.450850
0.529099
-0.812677
-0.290994
0.861751
-0.440840
0.964904
-0.602588
0.403302
-0.904172
0.089145
0.025056
-0.997620
-0.375408
0.851924
0.857479
0.282815
0.651234
0.422651
0.327799
-0.191259
-0.814631
-0.503525
-0.704215
0.688284
-0.596118
0.843013
-0.961119
0.584887
-0.426984
0.654164
-0.679312
0.041475
0.751213
0.759819
-0.573473
-0.709586
0.241493
0.107212
-0.756096
-0.553148
-0.494491
0.832698
0.241066
-0.542711
-0.566942
-0.253212
-0.032197
0.072237
-0.787286
-0.708853
0.806940
0.944761
0.027863
0.968566
0.913511
-0.037568
0.209082
-0.971740
0.200537
-0.381390
0.641102
-0.696219
0.026093
0.861751
0.205115
-0.164159
-0.332621
-0.923399
0.404950
-0.487716
0.337565
0.964049
-0.746513
-0.371136
-0.014863
0.530320
-0.376873
0.765618
0.367779
-0.817072
0.335856
0.688162
0.769097
-0.638417
-0.874325
0.570605
-0.270608
-0.885556
0.540086
-0.441511
0.493698
-0.512375
0.736320
-0.183203
-0.686514
0.022370
0.079501
0.289163
-0.535203
-0.414960
-0.907407
-0.241310
0.669179
0.852596
0.357768
-0.272134
0.256508
0.439314
-0.860897
-0.043550
-0.813166
0.237953
0.589831
-0.679312
0.342448
-0.691580
0.035432
0.890439
-0.186743
-0.028962
0.584521
0.578356
0.438398
0.353984
0.721305
-0.665883
0.455855
-0.026582
-0.433882
0.265114
-0.544359
-0.526597
-0.773125
0.459944
-0.492355
-0.969420
1.000000
-0.480026
0.437910
0.822748
0.569384
0.603015
-0.341350
-0.620655
0.099704
-0.387799
-0.398907
-0.612781
-0.867244
0.990539
-0.592151
-0.700247
-0.658010
0.507065
0.717338
-0.671010
-0.754753
-0.080416
-0.523423
-0.239296
-0.457930
0.433515
0.816218
-0.444685
-0.274819
0.770440
-0.701224
-0.175451
0.621998
0.013642
-0.216956
0.263955
0.053621
0.464705
0.547288
0.077486
-0.078280
-0.114475
0.261818
-0.512558
0.714469
0.568224
-0.499130
-0.297647
0.209082
-0.563097
0.916807
0.951109
-0.324625
0.070406
0.663808
-0.705618
-0.346660
-0.173193
-0.586352
0.588244
-0.696036
0.339824
0.590320
-0.555528
0.982116
-0.842647
0.985046
-0.587207
-0.479659
-0.615345
-0.405255
0.137669
0.347880
0.753410
-0.358928
-0.445967
-0.889523
-0.484603
-0.205420
0.606738
0.537461
0.679067
0.626759
-0.990417
-0.162633
0.927000
-0.683584
-0.600574
-0.203833
-0.452925
-0.342998
-0.563768
0.210791
-0.413800
-0.430952
0.970092
0.900754
-0.209998
-0.054659
-0.111362
0.636036
-0.009919
-0.732475
-0.930418
0.300699
0.561022
0.717215
0.570116
-0.408612
0.230140
0.839228
0.953368
0.443342
0.137364
-0.324381
-0.877804
0.212622
-0.418622
0.423933
0.854549
0.665883
-0.858699
-0.341227
-0.970885
0.864986
0.154393
-0.731803
0.335185
-0.889828
-0.674612
0.614734
-0.555712
-0.429975
-0.029939
-0.980651
0.202368
0.936216
0.337870
-0.796075
-0.408490
0.666311
0.198584
0.420576
-0.065035
0.796991
0.265603
0.715079
-0.253029
-0.870968
-0.194739
-0.972228
0.913144
-0.194006
-0.721976
0.650136
0.843135
0.057039
0.413312
0.853938
0.792230
-0.140416
0.185949
0.780694
-0.770562
-0.865719
0.350932
-0.499496
-0.836726
-0.307413
-0.935789
0.640309
-0.385052
0.524033
0.927366
-0.244057
-0.334025
0.816462
0.152257
0.943052
-0.450850
-0.608386
0.365398
0.082858
-0.560717
0.563097
0.475753
0.894650
-0.373150
0.131993
-0.854488
-0.548387
0.993164
0.769158
0.899960
-0.610950
-0.049043
-0.594653
0.219398
0.275674
0.463363
0.177953
-0.004364
-0.919431
-0.998535
0.394269
-0.083346
-0.983703
-0.408551
0.668081
0.233497
0.066195
0.603687
-0.273415
0.324870
-0.933714
-0.376751
-0.751274
0.921506
-0.999878
0.650319
0.186438
-0.220557
-0.208106
-0.734489
0.885006
0.803278
0.686331
0.563097
0.580859
0.708243
0.027741
-0.074129
0.559557
0.103244
-0.947569
0.019562
0.317484
0.129551
-0.984069
0.141209
-0.345195
0.554552
-0.503281
0.643300
0.339702
-0.133946
0.487472
-0.936155
-0.742973
-0.807855
-0.468978
0.798395
-0.706290
0.208228
0.002350
-0.537400
0.935240
0.695914
0.857234
0.511093
0.472030
0.922910
-0.359905
0.136265
-0.219275
-0.250649
-0.068880
0.381634
-0.703909
-0.143284
0.306436
-0.077059
0.208716
0.340190
0.770196
0.957213
-0.692557
0.259743
0.371685
-0.059053
0.084567
0.538377
0.555345
0.357952
-0.828181
-0.909665
-0.729484
-0.455855
0.340373
-0.849727
0.500107
0.109775
0.918760
0.792657
0.231910
0.346660
0.285073
0.858516
0.986999
-0.533494
0.744865
-0.969176
0.167333
0.944517
0.079012
-0.810053
0.219886
-0.192236
0.596973
0.699637
0.346232
-0.506088
0.554613
0.741142
-0.078036
-0.469588
-0.866634
-0.734916
0.665212
0.457259
0.086032
-0.276650
0.313395
0.741020
-0.809381
0.457381
-0.184973
-0.143895
0.491134
-0.868770
-0.515488
0.830378
0.201147
0.966674
-0.525803
0.941710
0.283303
-0.066927
0.540147
0.571642
-0.877438
0.978027
0.897580
-0.583361
-0.938169
-0.285379
-0.178747
0.567980
0.376019
-0.260781
0.123386
-0.233497
-0.395672
-0.027680
-0.597400
-0.446089
-0.458663
0.817316
0.897336
-0.081149
0.735649
0.250710
0.644154
0.761650
0.045137
0.119358
0.317606
0.015656
-0.921690
-0.065035
-0.311197
-0.683584
-0.812922
0.305704
0.965514
0.264626
-0.041902
-0.680898
0.351054
-0.082858
-0.445418
0.357646
0.593860
-0.536607
0.225135
-0.110996
0.729667
-0.275246
0.240577
0.075716
-0.015107
-0.649770
-0.397809
-0.056429
0.397992
0.542955
0.638600
-0.055635
0.173376
-0.018342
-0.479965
0.412030
0.003571
-0.972411
0.750053
0.120151
-0.106174
0.625355
-0.228919
-0.086032
-0.045869
0.722831
0.417524
0.442305
0.241859
-0.830988
0.307352
0.256203
0.531968
-0.158605
-0.609363
0.866695
0.047151
-0.939451
0.744316
-0.183325
-0.977294
0.606983
-0.032991
-0.641591
-0.856624
0.795404
-0.419599
0.297830
-0.639393
-0.798273
0.354106
0.659413
0.962706
0.319559
0.766472
-0.235389
0.980102
0.381939
-0.016694
0.901730
-0.987182
0.967528
0.573168
-0.537156
0.254555
-0.924192
-0.761162
0.759941
0.157506
-0.456221
0.725455
0.710135
-0.513962
0.127415
0.470992
-0.506638
-0.994018
-0.882565
-0.772576
-0.326945
0.343974
0.018036
-0.486068
-0.874264
-0.898862
0.811945
-0.313272
-0.710929
-0.005951
0.778924
0.991394
0.541490
0.871273
0.257851
0.227027
-0.807428
-0.196326
0.092563
0.614368
0.224708
0.555162
0.850215
0.826106
0.836238
-0.182714
0.100192
-0.827326
0.892880
0.725700
-0.666372
-0.821589
0.952269
0.915891
0.415204
0.135105
0.168249
-0.386700
-0.114597
-0.624439
0.372600
0.015412
-0.632069
-0.136265
0.049715
-0.138951
0.847591
0.633534
-0.932432
0.739494
0.321635
-0.925291
0.270058
-0.574999
-0.913266
0.225745
0.701163
-0.041963
0.284829
-0.687735
0.241127
-0.885861
-0.564501
0.150304
0.694998
0.187353
-0.087130
-0.762932
0.809320
0.753349
-0.135594
0.004669
-0.786554
0.397443
-0.007843
-0.222571
-0.928343
-0.639454
0.293619
-0.843379
0.008881
0.657277
-0.564745
0.300455
-0.775323
-0.569811
0.920835
-0.030305
-0.167333
-0.654286
0.279763
-0.552355
-0.105075
-0.947447
0.835017
-0.600635
-0.402509
-0.600757
-0.835200
-0.270119
0.029633
-0.897946
-0.367107
-0.019990
0.359783
-0.770135
0.272195
0.711112
0.521958
-0.355510
0.948851
-0.961180
-0.846126
0.912168
-0.455611
0.929807
0.704154
0.646779
-0.858089
-0.189001
0.933409
0.770867
0.667165
0.578845
-0.709403
0.881344
0.131809
0.416486
0.800287
-0.624134
0.542955
-0.359539
0.278115
0.012543
-0.522935
0.638112
0.216529
0.139561
-0.866817
-0.150914
-0.479965
0.274575
0.441572
-0.901242
0.583300
0.893246
-0.095248
0.878109
-0.437422
0.672964
-0.803217
-0.079440
-0.262978
0.008332
0.149510
0.642628
0.473739
-0.541246
-0.361736
0.419111
-0.440229
-0.195837
0.957396
0.263894
0.879879
-0.850581
0.777947
0.745598
0.504929
-0.592639
0.229102
-0.512009
0.500656
0.813227
-0.338481
0.811213
-0.131138
0.713675
0.594226
0.628162
0.618274
-0.894894
-0.519944
0.556627
0.780999
-0.185339
0.667837
0.257851
0.745903
0.850093
-0.814875
0.345195
0.766472
0.503586
-0.583911
-0.446760
-0.777154
0.783624
-0.312540
-0.110141
-0.298013
0.009919
-0.812677
0.028169
0.098483
0.631764
0.168188
0.250282
-0.071810
-0.754814
-0.324625
0.407575
0.161229
0.704459
0.279519
0.052705
0.649281
-0.539476
0.371624
0.642201
0.713370
-0.770318
0.472396
-0.276406
0.919675
-0.266762
-0.808771
-0.657094
-0.003265
0.073336
-0.370342
-0.466781
-0.257363
-0.297342
0.846736
0.115268
-0.942869
0.523667
-0.802789
-0.630543
-0.856868
0.155919
-0.684500
-0.025666
-0.155309
0.505783
-0.915525
-0.278970
-0.099826
-0.709403
-0.429182
0.537461
0.597339
-0.008454
-0.403912
-0.191565
0.421125
0.632923
-0.280618
0.696951
-0.655263
-0.353557
0.791742
0.640431
-0.417707
0.368938
0.987243
-0.879879
0.794244
0.070162
-0.450850
-0.343547
-0.611866
0.095492
0.501633
-0.386578
0.294961
-0.005951
0.822199
-0.430036
-0.558336
0.393597
-0.225135
-0.253517
-0.502487
-0.609119
0.551927
0.488571
-0.465804
0.446760
-0.421918
-0.230995
0.270913
-0.180029
0.759819
0.998474
0.577013
-0.249306
-0.001862
0.095859
0.059969
-0.777581
0.179540
0.008881
0.295450
0.210486
-0.135899
0.391278
-0.534532
-0.368328
0.290262
0.474899
0.846919
-0.601123
-0.331156
-0.988159
-0.712760
-0.468551
0.243141
0.077670
0.558397
0.705252
-0.267067
0.503037
0.554735
0.276467
0.320475
-0.465743
-0.493759
0.549730
-0.853145
-0.502853
0.788202
-0.867977
-0.189001
-0.385540
-0.718986
-0.968322
0.590564
0.616565
-0.635487
-0.184484
0.825007
0.658010
0.075106
-0.474654
-0.951720
0.632984
0.202979
-0.987060
-0.263222
-0.340556
-0.309671
-0.445723
-0.154820
-0.874752
0.198828
0.650441
0.456648
-0.462935
0.411237
-0.569384
0.721244
-0.595508
0.864010
0.701712
0.406049
0.981506
0.226905
0.087558
0.950804
-0.937193
-0.293374
0.147801
0.253395
0.378826
-0.528672
-0.837397
0.454756
-0.508591
0.742729
0.183752
-0.004608
-0.238380
0.535752
-0.246498
0.198645
0.821345
0.706961
0.911679
0.930784
0.216773
-0.374248
-0.447005
0.581835
-0.931700
0.203833
-0.668630
-0.496872
-0.377850
0.984252
0.216346
0.766778
-0.918516
-0.647023
-0.221656
0.168981
-0.851924
0.310770
-0.911496
0.743217
0.119236
0.699149
0.836787
-0.795465
-0.527573
0.526048
-0.748039
0.450301
0.879208
0.909665
0.500534
0.734428
-0.980773
0.672903
-0.139805
0.369915
-0.682669
-0.043123
-0.816950
-0.449019
-0.726188
0.245338
-0.539842
-0.665090
-0.018281
-0.953124
-0.176366
0.705618
-0.188879
0.870846
0.423566
0.811884
0.869625
-0.785516
-0.833613
0.483200
-0.077303
-0.392987
0.145421
-0.510483
-0.691092
-0.972716
-0.601794
-0.876888
-0.630177
-0.685537
-0.940916
0.713675
-0.957884
0.389325
0.449202
-0.300821
0.723380
0.616993
-0.998840
0.069308
-0.295572
-0.066561
0.214087
-0.582324
0.074740
0.839351
0.606006
-0.620716
-0.522080
0.909970
-0.959655
0.125828
0.769219
-0.054659
-0.413739
0.339274
-0.671682
0.667470
-0.608875
0.325358
-0.894711
-0.647755
-0.367473
-0.725211
0.116489
-0.318522
-0.987671
-0.999451
-0.673025
0.181127
0.450423
-0.026215
0.669790
0.773309
0.695364
0.855159
-0.680960
0.570177
-0.465438
0.564989
-0.824946
0.503342
0.640187
0.400555
-0.645985
0.822748
0.141758
0.667165
0.433088
-0.330241
-0.109958
0.336283
-0.431990
0.405683
-0.978454
0.572436
-0.326151
-0.302042
0.659597
-0.748894
0.713065
-0.874081
-0.262246
-0.063265
0.501267
-0.180700
0.280251
0.473983
-0.009003
-0.558519
-0.058992
-0.473739
-0.181555
0.574877
-0.931333
0.567064
0.214698
-0.451277
0.072176
-0.179113
0.227454
0.590930
-0.948363
0.111118
0.213660
0.551439
-0.240272
-0.529038
-0.417768
-0.939756
0.536607
-0.582751
-0.352641
0.899655
-0.853816
-0.252052
0.595325
0.767876
-0.142979
0.016999
0.191443
-0.727775
-0.915708
-0.698050
0.908200
-0.589587
0.188513
0.451094
0.629322
0.359722
-0.194617
0.793512
-0.848994
-0.103061
0.178198
-0.263405
0.804254
0.755425
0.598560
-0.604968
0.017426
-0.905515
-0.288797
0.782647
-0.820063
0.413129
0.860897
-0.977355
0.039338
0.787469
-0.949522
0.664480
-0.494858
-0.282937
0.999390
0.357830
-0.719901
0.341716
0.493515
0.328898
-0.441755
0.959838
-0.609363
-0.045442
-0.978454
-0.806574
-0.950621
0.888180
-0.631031
0.427290
0.095492
0.054598
0.344523
0.679617
0.960936
0.820124
0.423383
-0.651784
0.085788
0.245033
0.319254
0.479720
-0.645070
0.471358
-0.396954
-0.415204
0.429060
0.188086
-0.796381
0.942869
-0.249062
-0.166417
0.684439
-0.724418
0.274270
-0.543260
0.922910
0.228919
-0.360271
0.563768
-0.013215
-0.479720
0.359783
-0.835749
0.444929
0.432478
-0.292154
-0.052461
0.824335
-0.583422
-0.576769
0.913205
-0.837947
-0.244911
0.849727
-0.254921
0.666372
-0.087130
0.072970
0.322123
-0.995666
-0.163610
-0.995605
0.906186
0.361736
0.342143
-0.267129
-0.111728
-0.472152
-0.481429
-0.390973
0.867794
0.001740
-0.731620
0.567614
0.144139
0.292337
0.348979
-0.899594
0.355083
0.262673
-0.250710
0.395062
-0.978942
0.966918
0.297952
-0.202185
-0.476730
-0.859066
0.375225
0.164525
0.390667
0.234962
0.867855
0.597217
-0.820673
-0.219092
-0.905942
-0.245949
-0.771233
-0.566698
0.447981
-0.596179
-0.308145
0.112583
0.728263
0.558763
0.699026
0.042024
-0.054964
0.907468
0.712394
-0.071383
-0.421735
0.519517
0.509812
-0.435530
0.171667
-0.455794
-0.251503
-0.665456
0.128147
-0.824213
0.398846
0.884640
0.655934
-0.747063
-0.949644
0.483627
-0.783990
0.459883
-0.249794
-0.052095
0.569689
0.655934
0.298074
-0.308390
-0.443525
-0.944212
0.030610
0.908567
-0.314920
-0.806635
-0.293558
0.750969
-0.309854
-0.948363
-0.213660
0.170324
-0.887265
0.751762
-0.179418
0.177465
-0.912412
0.047578
0.588061
-0.937254
-0.696097
0.429365
-0.744987
-0.337687
-0.301187
-0.001679
0.278054
0.373577
-0.876278
-0.682730
-0.218360
-0.359111
-0.026704
-0.017975
-0.251198
-0.820734
-0.856563
-0.585498
-0.356670
0.365642
-0.810785
-0.038484
0.998718
-0.116855
-0.084384
-0.532823
0.592761
-0.066561
-0.566149
0.216590
-0.059359
0.084078
-0.643178
0.941588
-0.779046
-0.529160
0.906674
0.783441
0.490280
-0.523484
0.432417
-0.596606
0.628346
-0.876949
-0.611744
-0.790704
0.366680
0.121860
-0.164220
0.074496
0.098483
-0.504318
-0.026765
-0.923154
0.284158
0.365215
0.952757
0.675100
-0.876888
0.636586
0.198279
-0.724662
-0.445479
-0.229286
-0.728751
-0.531602
-0.955443
-0.866817
0.991272
-0.681997
0.083102
-0.197790
-0.834956
-0.577685
-0.007965
-0.644093
0.429121
0.523545
0.550523
0.063875
0.593799
-0.294107
0.834895
0.907346
-0.482711
-0.033662
0.098605
-0.025422
-0.162328
-0.999756
0.214576
-0.945860
-0.299722
0.809015
-0.045442
-0.824091
0.218299
0.919431
0.255409
-0.031404
-0.919492
-0.424604
-0.407697
-0.519089
0.871029
-0.800775
0.972716
-0.729118
-0.898679
-0.542711
-0.054537
0.576525
0.809565
-0.916135
-0.014618
0.716056
-0.683645
0.915891
-0.680837
-0.994079
-0.956725
-0.386456
-0.398846
-0.546739
0.008393
-0.525925
-0.626637
0.257363
0.004120
0.310282
0.027375
0.080599
-0.415265
0.554674
-0.606189
0.739494
0.468795
-0.116184
-0.955687
0.419599
0.468978
0.566698
-0.934263
0.251503
-0.404035
0.110508
-0.462691
-0.470199
0.894162
-0.474227
0.390728
-0.720878
-0.796869
0.173132
-0.231971
0.742851
-0.280923
0.695791
0.063692
0.765618
-0.560717
0.435224
-0.377422
0.445051
-0.145604
0.083834
-0.278115
-0.769707
0.246498
0.915464
-0.680410
-0.699149
0.201636
0.455428
-0.549669
0.198462
-0.528794
0.808405
-0.429975
-0.929136
0.758660
0.620594
0.984924
-0.443525
0.196570
-0.138585
0.574511
0.056063
0.895810
-0.097201
-0.881405
-0.241798
-0.246742
-0.221656
0.842769
0.368816
0.223365
0.759941
-0.592883
0.755486
0.098361
0.478500
0.981506
0.853572
0.612842
0.384503
-0.259499
-0.687796
0.986877
0.176611
-0.335612
-0.476974
0.131138
0.174841
-0.430769
0.140843
