-0.698904
-0.700491
0.774773
0.216956
-0.754265
0.470443
-0.736625
-0.794366
0.138401
0.958800
0.309793
0.154637
0.671010
0.085116
0.502365
-0.798883
-0.398419
-0.647755
-0.847896
0.103000
0.036409
-0.865291
0.529588
-0.877438
-0.469405
-0.346904
-0.545030
0.173681
0.148045
0.971313
0.781610
0.833552
0.121433
-0.792901
0.456526
-0.352580
-0.634327
0.921751
-0.542222
-0.314798
0.559679
-0.142491
0.425092
0.882931
-0.997986
-0.110691
0.820673
-0.745048
0.056368
0.366314
0.517930
0.048860
-0.971191
0.326456
-0.304483
0.704886
-0.888424
-0.215491
0.960570
0.302103
0.375652
0.397626
0.536241
-0.375164
0.934812
0.069369
-0.871029
0.611316
-0.136082
-0.856319
-0.879757
0.606311
0.898923
0.763787
-0.768914
0.505966
0.287332
0.008209
0.269936
0.913755
0.302164
0.542039
0.214454
-0.508591
0.775872
-0.225684
-0.365947
-0.972594
0.313334
0.512986
0.162877
-0.201025
0.808283
0.489242
-0.703665
0.408002
0.862178
-0.969420
-0.820856
-0.550890
0.111606
-0.748039
0.374371
0.859249
-0.519395
0.694937
0.635975
0.992737
-0.250282
-0.567125
0.043306
-0.407025
-0.203406
0.959777
-0.728141
-0.363079
0.217994
0.571215
-0.624195
0.253456
0.048250
-0.362163
0.244057
0.369243
-0.653920
-0.723197
0.528855
-0.298257
-0.592761
0.260231
-0.805719
-0.605762
0.124851
-0.027558
-0.861507
-0.589892
0.468917
0.994446
0.520127
-0.009430
0.342387
0.691702
-0.308206
0.102634
0.043001
0.639271
-0.761467
-0.539476
-0.787225
-0.806207
-0.815668
0.732475
0.760674
-0.005585
-0.338481
-0.653859
-0.038423
0.861385
0.142918
0.802362
-0.525010
0.298074
-0.020112
-0.799738
-0.985412
-0.861751
-0.587146
0.650258
-0.640187
0.015412
-0.923093
-0.890683
-0.857051
-0.024384
-0.184057
-0.106113
0.483383
0.566332
-0.972350
0.164892
-0.066500
-0.763237
-0.952452
-0.548936
-0.951415
0.271767
-0.271462
0.203833
0.602100
-0.510544
0.496078
0.266213
0.278481
-0.023286
0.275857
0.181188
0.533982
-0.113804
-0.477523
-0.052522
-0.505356
0.368145
0.340312
-0.312784
-0.312784
-0.214698
0.204016
0.333293
-0.438215
-0.555162
0.789056
0.150548
-0.121738
0.642262
0.381512
-0.745476
-0.090304
0.254311
-0.613880
-0.488754
-0.023286
-0.362224
-0.906735
-0.268288
-0.557299
-0.171361
0.743400
-0.238258
-0.358074
-0.849788
0.058138
0.091525
-0.536668
0.120518
-0.242103
0.602527
-0.751335
-0.040193
-0.971984
0.246620
0.365642
-0.256813
-0.617481
-0.168676
-0.495407
0.194250
-0.884152
0.811518
-0.373577
0.636647
0.294900
-0.263161
0.138524
-0.972533
0.794610
0.220374
-0.438826
0.553331
-0.346721
-0.435652
0.971435
0.651418
0.952757
0.174841
-0.288858
-0.102573
0.072298
0.570360
0.554918
0.955260
0.991638
0.675344
0.119114
0.821406
0.588916
0.749504
0.865963
0.684378
0.369182
0.542955
-0.439253
-0.614124
-0.383953
-0.054659
-0.407270
-0.385968
-0.556322
0.214087
-0.600818
0.587878
-0.906003
-0.435835
-0.859798
0.251503
0.347942
0.316141
-0.028291
-0.997803
-0.664968
0.174047
0.709647
0.705435
-0.180395
0.293191
0.777825
0.555712
0.404096
0.778741
0.916379
-0.471175
-0.991272
-0.049837
-0.870846
-0.069185
-0.176366
-0.476669
0.665212
0.280618
0.141087
0.898679
0.847407
0.999573
0.767693
-0.186926
-0.184301
-0.528794
-0.825312
-0.518418
-0.269082
0.454146
-0.605457
-0.187963
0.544847
0.015595
-0.478561
0.506211
0.288064
-0.319315
0.349834
-0.086642
-0.293619
-0.970153
0.388348
-0.561876
0.140294
0.965819
-0.283853
0.143345
-0.814386
-0.581957
0.716300
-0.844111
0.147740
0.372417
-0.860408
-0.553087
0.166723
0.733268
-0.129002
-0.776543
-0.192724
0.587939
0.049837
-0.072054
0.183203
0.830073
0.934263
0.372600
-0.406476
-0.539476
-0.701102
0.824946
0.344646
-0.497177
-0.562548
-0.562914
0.670034
0.907468
0.382977
0.052339
-0.368755
0.247475
-0.534898
-0.003693
0.692434
0.963378
-0.694632
0.341105
-0.499985
-0.175146
-0.754631
0.029023
-0.763787
0.207862
-0.351054
-0.187780
0.377178
-0.375774
-0.986999
0.043489
0.954344
0.169897
0.448592
-0.545213
-0.095859
0.606983
0.048799
0.800897
0.746879
-0.264992
0.843623
-0.746513
0.702383
0.150426
-0.213416
-0.810724
0.509873
0.524400
-0.778558
0.207434
0.454695
0.123081
-0.003632
-0.800714
0.543687
0.788934
-0.792230
0.281350
-0.515061
-0.280618
0.950743
-0.892819
-0.462752
0.984069
0.235023
-0.519028
0.761589
0.618580
0.260659
0.162755
-0.956297
0.384869
-0.487899
-0.680166
-0.579516
-0.850642
-0.023408
-0.009674
-0.255226
0.753777
-0.747368
-0.286966
-0.401898
-0.704276
-0.921506
-0.173376
0.016388
0.505966
0.847530
0.702567
0.814203
-0.881527
-0.505478
0.268777
0.636341
-0.524155
0.461959
0.758110
-0.967284
0.571947
0.807184
-0.850581
0.895322
0.122288
-0.934385
0.462386
0.446699
-0.322611
0.332987
-0.209754
-0.298624
-0.636708
0.958495
-0.089450
0.069857
0.109897
-0.898862
0.931700
-0.011139
-0.070772
0.174108
-0.753716
-0.320231
-0.502853
-0.151463
0.135777
0.191015
-0.480331
-0.336650
0.122105
-0.228980
0.046236
0.950804
-0.122044
-0.445051
-0.080905
-0.416791
0.683462
-0.572985
0.062593
0.454573
0.464095
0.958251
0.763543
0.178564
-0.905148
-0.649464
0.693838
-0.863643
-0.995239
-0.404035
-0.561510
-0.086886
0.095798
-0.064608
0.072054
0.096591
0.741203
-0.076754
0.829829
-0.394452
-0.415387
-0.533616
-0.608142
0.833613
0.631703
-0.595935
0.418928
-0.330790
0.026765
-0.677541
-0.001923
-0.449873
0.478927
-0.860042
-0.995911
0.404828
-0.118259
0.597400
-0.979675
-0.494064
-0.919370
-0.498337
-0.376141
0.434065
-0.440718
0.548997
0.832942
-0.911374
-0.996216
0.554918
0.220374
-0.000580
0.517930
-0.865658
-0.958373
-0.888241
0.848933
0.701773
-0.065096
0.173742
-0.437849
0.782281
-0.496811
-0.016999
0.029756
-0.251137
-0.308023
0.231727
0.157018
-0.943541
0.357768
0.007721
0.216041
-0.506394
0.369366
0.334696
0.239784
-0.503769
0.933653
-0.394269
0.964171
0.482589
-0.240394
-0.754448
-0.032807
0.752312
0.633106
0.568529
0.527879
0.627125
-0.421003
-0.994385
0.980834
-0.031404
-0.249550
0.193823
-0.267983
0.510727
0.068331
-0.572985
0.653615
-0.380596
0.184057
0.409833
0.657155
0.817743
-0.604785
-0.350200
-0.332865
-0.734489
0.053682
-0.177526
0.361431
0.669301
-0.476547
0.450240
-0.405011
0.584033
-0.134678
-0.950194
-0.225257
-0.628285
-0.027009
-0.858211
-0.313272
0.208228
0.535630
0.427656
0.660085
0.039216
-0.433149
-0.458785
0.677175
-0.069857
0.180029
0.583728
-0.510727
0.784783
0.877804
-0.938353
0.693838
0.388104
-0.996704
-0.235267
0.444990
0.733757
-0.476180
0.223670
0.120579
-0.670766
0.421247
0.270241
0.562243
-0.474837
-0.916990
-0.078219
0.104221
0.543260
-0.473067
-0.598071
-0.214393
-0.604663
-0.645619
0.210547
-0.668752
0.993469
0.947386
-0.753655
-0.465987
-0.804559
-0.609790
0.863826
0.784173
0.935362
0.515488
0.505539
0.414106
0.012848
-0.336406
-0.390667
0.557237
0.936277
-0.095737
-0.451094
0.133335
0.968017
-0.671072
-0.474471
0.901303
-0.950255
0.326212
-0.893918
-0.165563
0.168737
0.769524
-0.719840
-0.727592
0.221046
0.732109
-0.932676
-0.014985
0.307230
-0.182531
-0.975768
-0.679312
0.033967
-0.388348
-0.760491
0.499191
-0.945006
-0.217689
-0.267983
0.404462
0.751396
0.814447
-0.876461
-0.771294
0.633473
0.609912
0.337260
0.064119
-0.533860
0.349345
-0.060091
-0.110752
-0.429121
-0.729484
-0.028230
0.603320
-0.762139
-0.176244
-0.987609
-0.556810
-0.190649
0.293924
-0.337138
0.160741
0.170080
0.709281
-0.214148
0.553148
-0.774041
0.702994
-0.180456
-0.271828
0.877255
0.949950
-0.825190
0.196265
-0.815729
-0.644887
0.247597
0.958922
0.619312
0.047578
-0.677847
0.831904
-0.657521
-0.791681
-0.605945
0.307047
0.265969
0.169530
-0.650746
0.064547
-0.945067
-0.000824
-0.429365
0.577441
-0.367718
-0.901791
-0.698172
0.990173
0.076693
-0.613453
-0.295755
0.405560
0.026948
-0.952330
0.041536
-0.333781
0.639393
0.281411
0.399030
0.134495
-0.273476
0.506516
-0.953063
0.975219
-0.722648
-0.954405
-0.229713
0.504868
-0.222022
0.551134
-0.742912
-0.357097
-0.092929
0.822077
-0.174718
0.761223
0.694815
0.625050
-0.291910
0.930540
0.071566
-0.609119
-0.822748
-0.218970
-0.200598
0.969115
0.775567
0.561754
-0.764336
-0.096713
-0.097446
0.985168
0.898129
0.307352
0.084323
0.286111
-0.400250
-0.715690
-0.682852
0.693594
-0.358684
0.765740
0.131199
-0.780450
-0.418439
0.482040
-0.157201
0.651540
0.262856
-0.738762
0.582446
0.300760
0.924009
-0.765618
-0.811335
0.026643
-0.822748
-0.924070
0.619068
0.404035
0.760063
0.574023
-0.864925
0.211768
0.846797
0.039766
-0.046052
-0.050630
-0.645070
-0.287210
0.205054
-0.225013
0.887753
0.309244
-0.465682
0.496506
-0.802057
-0.831050
-0.033906
0.238319
-0.361736
-0.554308
0.906980
0.292947
-0.576647
0.418683
-0.647023
-0.608570
0.609668
-0.908506
-0.836604
-0.753655
0.558763
-0.609607
-0.732963
-0.860408
-0.812616
-0.262551
0.537523
-0.323466
-0.126560
-0.390606
-0.925962
0.204627
-0.807428
0.599963
0.098910
-0.043794
0.970946
-0.676138
-0.517014
-0.243629
0.570299
0.036164
-0.664846
-0.624622
0.617725
0.851436
-0.452132
0.835749
-0.665090
0.447249
0.265114
-0.331889
-0.797418
-0.144627
0.296670
-0.691275
-0.636647
0.035615
0.862545
0.204749
0.134617
-0.208472
0.838252
-0.784051
-0.235389
-0.125462
0.412152
0.249367
0.954344
-0.965087
-0.156713
-0.496261
0.439314
-0.557054
0.913938
0.462447
0.376324
-0.323832
-0.250160
-0.273782
0.835078
0.759392
-0.470809
-0.186071
0.655080
-0.185278
0.702261
0.184851
-0.192114
0.126560
0.124851
0.005951
0.424055
-0.609241
0.415571
-0.657643
-0.620411
-0.986084
-0.524827
-0.241737
-0.601672
-0.217627
0.832026
0.189673
0.338115
0.635975
0.641285
-0.118442
-0.577258
-0.322977
-0.435774
0.326090
0.486862
0.668691
0.217322
0.403058
-0.429914
0.857112
-0.144139
0.417890
-0.134617
-0.956847
0.667959
0.076022
-0.381024
-0.439192
0.868343
0.774957
0.495956
-0.467330
-0.980346
0.968566
0.969237
0.281594
0.054537
-0.809442
0.850276
0.598682
0.945616
0.017914
0.358135
0.068148
-0.265542
0.715995
0.330973
0.008576
0.973022
-0.777276
0.281838
0.200049
-0.232582
-0.833674
-0.545335
-0.858882
-0.322428
-0.976196
0.206214
0.702017
0.840144
0.282815
-0.428877
0.830195
-0.789544
-0.324808
-0.132054
0.290628
0.490707
0.551805
-0.957518
0.158116
0.320048
-0.287332
-0.380535
-0.492965
0.856502
0.667653
-0.748650
-0.964110
0.096408
-0.559374
-0.718619
-0.949705
-0.686087
0.251503
-0.213050
-0.910520
0.345988
-0.551134
0.361858
-0.425703
-0.944029
0.058321
-0.102634
0.826350
-0.711966
-0.680044
-0.129307
0.214087
0.622669
0.153111
0.076266
-0.352580
-0.631947
-0.033784
-0.745720
0.979308
0.023164
0.188879
-0.109348
0.440779
0.304910
0.841365
0.168310
0.522263
-0.557848
-0.876400
0.379803
0.089267
0.450362
-0.297159
-0.941038
0.856746
0.396466
0.308512
0.772881
-0.388226
0.886166
0.170019
-0.191321
-0.718009
-0.795770
0.305033
0.159215
-0.788507
-0.864925
-0.948607
0.407453
-0.262856
0.955992
-0.735771
0.877316
-0.420637
-0.422346
-0.252541
-0.574816
0.976806
-0.412641
-0.738517
0.018586
0.500534
0.610828
0.010590
-0.282327
0.961486
-0.721244
0.205908
0.919553
0.212317
-0.858638
0.733024
-0.676565
0.540941
-0.027558
-0.495834
0.151585
-0.010651
0.602832
0.245888
0.806146
0.079928
0.994385
0.724418
-0.618946
-0.248085
-0.799371
0.655873
-0.332011
-0.209449
0.346416
-0.029023
0.772576
-0.617908
-0.895260
0.224952
0.369366
-0.781671
-0.944456
-0.897519
-0.343974
0.766289
-0.359722
-0.717643
0.375835
0.577136
-0.642384
-0.522813
0.609485
-0.648671
-0.405255
-0.823115
0.744987
-0.739494
-0.513108
0.600391
-0.478256
0.839534
0.873531
-0.700980
0.931028
0.913999
-0.815363
-0.738945
-0.586108
0.387616
0.097446
-0.884335
-0.844234
0.623829
0.672720
-0.601611
-0.969115
-0.787835
0.763115
-0.570605
-0.923276
0.924986
0.149144
0.120029
0.583666
0.586962
-0.520127
-0.527879
-0.972900
-0.446028
0.721366
0.032136
-0.324503
0.033418
-0.174657
-0.432600
0.092685
0.554186
-0.182958
-0.643544
0.633900
0.489669
-0.027741
0.870479
0.698233
-0.611194
-0.707450
-0.894223
0.131260
0.490463
0.632679
-0.224647
0.936460
-0.113498
0.786248
0.921140
0.009430
0.843501
0.313761
-0.162999
0.923215
-0.570666
0.406598
0.516709
0.997131
-0.190283
-0.691092
-0.689871
0.456038
0.678152
0.923460
-0.025117
0.830073
0.510849
-0.432051
0.662404
0.623035
-0.402631
-0.211707
-0.156102
-0.076388
0.632740
0.435041
-0.160558
-0.081271
-0.143651
0.761223
0.517258
-0.834590
-0.673940
-0.398724
-0.784173
-0.573107
-0.101169
0.542405
-0.627613
-0.690664
0.706839
-0.317301
0.806391
0.544847
-0.203772
0.434309
0.451460
-0.371563
0.623157
-0.160375
-0.066622
-0.863094
0.714530
0.661184
0.350383
-0.732414
-0.627857
-0.044160
0.123264
0.538682
0.454817
0.811457
0.319010
-0.537950
-0.449507
-0.008209
0.952757
-0.633717
0.265969
0.847102
-0.852229
0.674123
-0.528428
-0.047517
-0.098178
0.800714
0.450056
0.011505
-0.624378
0.458357
-0.657582
-0.367473
0.820307
0.023896
-0.223060
0.947630
0.845698
-0.933592
0.978393
-0.581469
-0.498032
-0.030000
-0.783929
-0.957701
-0.105136
0.606250
-0.377606
-0.351848
0.966369
0.317484
0.739494
0.772698
0.926695
-0.249367
-0.447920
-0.539476
0.430708
-0.108005
-0.218421
0.524094
0.718497
0.358989
-0.540391
0.765679
-0.679739
0.059114
0.043794
-0.162206
0.764397
0.797235
-0.375347
-0.654164
0.810663
0.967895
0.169164
-0.154637
-0.220801
0.226966
0.225562
-0.064730
0.636341
-0.533555
0.992126
-0.521226
-0.181738
0.371319
0.413739
0.517197
0.095553
0.160924
-0.746330
0.492416
0.710318
-0.701956
-0.940489
0.546129
0.430036
-0.464156
0.928343
-0.547227
-0.217811
0.787835
-0.634327
0.974242
-0.347575
-0.109409
0.667104
0.666799
0.451460
0.786676
0.987243
-0.624073
0.371929
0.140294
0.254616
-0.162511
0.994140
-0.223792
-0.952879
-0.739799
0.459334
-0.412397
0.558763
0.994263
0.703848
-0.578478
-0.139866
0.073214
0.652699
-0.335429
-0.788263
0.923338
0.405744
-0.216590
0.562975
0.391949
-0.954039
-0.144871
0.021149
-0.534715
0.846553
-0.017243
-0.089084
0.923826
0.787530
-0.388043
-0.127598
-0.051241
0.797662
0.579882
-0.978820
-0.296976
0.542100
-0.151708
-0.938719
-0.542467
0.332621
0.332499
-0.508042
-0.105197
0.707938
-0.354778
0.661733
0.453291
0.567186
0.292520
-0.148350
0.195349
0.617725
-0.546739
0.526841
-0.816034
-0.308451
-0.757012
0.769890
0.699759
0.309366
-0.141942
0.224830
0.928220
0.429426
0.200781
-0.163244
-0.748711
0.975890
0.817255
0.127720
-0.654408
-0.619373
0.574633
0.170141
-0.059725
0.469832
0.853633
-0.014557
0.199255
-0.451033
-0.389508
-0.781915
-0.125340
0.030610
-0.991394
0.682180
-0.627003
-0.516404
0.373150
-0.413617
-0.469100
0.063936
0.833918
0.922971
0.998718
-0.905271
0.877865
-0.777520
-0.643544
0.850887
0.791742
-0.828486
-0.536485
-0.259072
0.986267
-0.663930
0.824824
0.071871
-0.278054
0.584643
-0.733207
0.883480
-0.080294
0.667348
-0.992737
0.416364
-0.527879
-0.658010
0.299722
-0.389325
0.282815
0.915342
-0.207434
-0.320780
-0.772942
0.236915
0.880184
-0.955321
-0.916807
-0.333048
-0.959655
0.967284
-0.328959
0.602588
0.922849
-0.951231
-0.003265
0.124485
-0.451888
-0.215003
0.903562
0.931761
0.679922
-0.260537
-0.122044
0.572314
0.613208
0.833491
0.421918
0.575304
-0.567980
-0.453841
0.278481
-0.415265
0.195898
-0.938902
-0.943968
-0.850826
0.470504
0.833857
0.025605
0.485214
0.321024
-0.499008
0.481002
-0.206519
0.247475
-0.620106
0.757073
0.386761
-0.383282
-0.753410
0.874142
0.916501
0.168859
-0.128513
0.564623
-0.601550
-0.357280
0.089450
0.856807
0.564135
0.848079
-0.882992
-0.208960
-0.239051
-0.561937
0.952940
-0.920347
0.132054
-0.460860
-0.424665
0.417463
0.287210
0.859981
-0.882199
0.773064
-0.411176
-0.655507
0.768426
-0.171361
0.825190
-0.714713
-0.299600
