-0.047945
0.432173
0.873714
0.527573
-0.237526
-0.791559
0.018097
-0.410382
-0.239784
-0.437971
-0.716300
-0.318827
-0.961425
-0.971618
-0.702017
0.282632
0.665212
-0.577624
-0.688833
0.690115
0.724784
-0.972839
-0.600024
0.853999
-0.224952
0.971007
0.465682
0.598132
0.744865
-0.487838
0.335307
-0.835994
0.239357
0.326640
-0.058138
-0.663686
-0.002777
-0.143406
-0.544176
0.322916
0.716666
0.767815
0.106784
0.687857
0.209143
0.841243
-0.783013
-0.613941
0.026215
0.182043
0.287454
0.275185
-0.583422
0.881161
0.889706
-0.809748
-0.494003
0.494797
0.123569
0.923460
0.527085
-0.868892
-0.100620
-0.432173
0.903806
0.282022
0.306497
-0.395672
0.117344
-0.916562
-0.116062
-0.101657
-0.157628
0.245399
0.183447
0.013276
-0.739982
0.803339
0.323954
-0.093356
-0.434431
-0.500168
0.992370
0.735527
-0.944578
0.184423
-0.604297
0.093661
0.893979
0.053011
0.273232
0.509629
0.890011
0.327494
-0.961425
-0.069552
0.551073
0.463179
-0.335551
-0.367534
-0.985412
-0.372356
-0.153722
-0.059969
-0.991699
-0.250710
-0.533677
-0.349956
-0.052217
0.500412
0.198035
0.299112
-0.842647
-0.044527
0.547899
-0.769646
-0.063265
-0.715201
-0.246986
0.239357
-0.998962
-0.316202
0.953001
0.969359
0.577868
-0.637806
0.344157
0.860775
0.098483
0.810968
-0.037141
0.423078
0.928892
-0.357341
-0.183081
-0.741325
-0.650868
0.328104
0.093173
-0.212806
-0.352641
0.441328
0.464400
-0.955077
0.117588
0.698050
0.920408
0.304788
0.403729
0.070162
-0.318033
-0.573778
-0.373760
0.181921
0.511338
0.408246
-0.412702
-0.223060
0.310770
-0.876095
0.809687
0.656972
-0.375042
0.801202
0.620472
-0.326334
-0.146031
-0.343852
-0.879940
-0.543504
0.849422
-0.953490
0.614917
-0.711905
-0.238685
0.533982
-0.238746
0.948729
-0.930845
0.621632
0.117649
0.099338
-0.692679
0.102695
-0.614307
-0.715812
0.506333
0.719840
0.925413
0.987487
0.833247
0.236305
0.468795
-0.687735
-0.035798
0.295206
0.964415
0.171728
0.456648
0.586413
-0.846065
0.038362
-0.142735
-0.789178
-0.842708
0.908078
-0.566576
0.864376
-0.145482
0.018281
-0.626331
-0.898740
-0.536058
-0.579028
0.700980
0.402326
0.088778
-0.397931
0.055330
-0.051912
0.910398
0.631825
-0.676992
-0.676382
0.659291
0.525620
0.261757
-0.801874
-0.407025
0.834040
-0.981262
-0.185583
0.301859
-0.041658
-0.881893
-0.765252
0.657826
0.567309
0.749138
0.961913
-0.083468
-0.768914
-0.995361
0.169897
0.693350
-0.672170
0.491928
0.633595
0.874813
0.786248
-0.223670
0.154027
0.393170
0.000763
0.167638
0.162206
0.983337
0.469405
0.313761
-0.707572
-0.881222
0.621021
-0.786615
0.515488
0.424421
-0.099277
0.377728
0.375164
0.981201
0.462874
-0.486801
-0.982116
-0.129734
0.368877
0.087313
0.260048
0.374981
0.228736
-0.828242
0.091220
0.087863
0.482467
0.711173
0.522019
-0.023041
-0.030732
0.973937
0.297342
-0.865108
-0.950194
-0.457503
0.933409
0.989624
-0.191504
0.487594
0.730277
-0.256874
0.406537
-0.084078
-0.049837
-0.210852
0.908872
0.338847
-0.570055
-0.129673
0.443159
0.998413
-0.545824
0.414533
-0.863643
0.113926
0.932920
0.720695
0.875729
-0.891476
0.967162
-0.962951
-0.444136
-0.959044
-0.807855
0.328593
-0.097507
-0.498947
-0.722526
-0.099826
-0.822260
-0.943968
0.783746
0.726737
0.651967
-0.998047
0.849910
-0.266579
0.752861
-0.804315
-0.220130
-0.968627
0.170202
-0.522996
0.110019
-0.700064
-0.992370
0.283975
0.712516
0.869259
-0.730461
-0.750725
0.601306
-0.996277
-0.364299
0.456526
0.935484
-0.660451
0.444319
0.534959
-0.077425
0.549608
0.379681
0.941771
0.312540
0.282876
-0.940977
-0.475753
-0.071261
-0.381878
0.830317
0.954161
-0.973998
0.818964
0.377117
-0.721305
0.784417
-0.607776
0.296060
0.003510
-0.153539
0.421430
0.308939
-0.367229
0.610828
0.954588
-0.609302
0.801630
-0.221961
-0.326395
0.534959
0.845943
-0.954344
0.067354
0.928220
-0.073641
-0.860591
0.146764
0.285684
0.411542
-0.856075
-0.906186
0.715934
0.618946
-0.578600
0.762993
-0.393414
0.886593
0.065828
-0.946654
0.783685
0.057222
-0.428449
-0.209021
0.243263
-0.661000
0.089633
0.469222
0.913877
-0.354106
0.092074
0.635792
0.633839
0.108005
-0.266457
-0.676992
-0.482467
0.782037
0.222755
-0.931700
0.183996
0.634144
0.626148
0.033906
0.670827
-0.805536
0.925291
0.696280
0.240699
0.556444
-0.720267
0.981079
0.515183
0.027924
0.069369
-0.204871
0.031953
0.120884
0.001617
-0.554796
-0.705985
0.774224
0.969787
0.292764
0.925840
0.190588
-0.491867
-0.851009
-0.285195
-0.498398
-0.264443
-0.287820
-0.192969
-0.292520
0.784051
0.414289
-0.032075
0.786615
-0.170324
-0.790338
0.537706
0.346782
-0.970153
-0.703055
-0.023408
0.023957
0.185217
-0.302530
0.782586
-0.861263
-0.783929
0.965636
0.228980
0.030610
-0.932066
-0.479720
-0.800226
0.718131
0.168432
-0.046480
-0.292520
-0.216285
-0.261513
-0.579821
0.703299
-0.790704
0.741935
0.071017
-0.489731
0.041719
-0.294656
0.019379
0.044588
-0.058809
0.804926
0.834407
-0.057772
0.964721
0.458357
0.933958
0.002411
0.213843
0.248573
-0.257973
-0.486251
0.438093
0.740959
-0.525437
0.824885
-0.503769
-0.143895
0.806940
-0.771477
0.721732
0.698904
0.432966
-0.636464
-0.196875
0.550645
-0.292459
0.887753
0.504990
0.510910
0.661306
0.841060
0.698599
-0.024567
-0.408612
-0.886349
0.938231
0.005951
0.280374
0.327860
-0.073702
0.238197
0.720756
0.591662
0.077181
-0.019562
0.429670
0.665151
-0.447676
0.136937
-0.648732
-0.464522
-0.451033
0.761467
-0.928037
-0.203101
0.719718
-0.858943
-0.078829
-0.683828
-0.191198
-0.442793
-0.585192
-0.060823
-0.781121
0.264138
0.013703
0.208045
-0.665944
0.168310
-0.588610
0.018769
-0.381451
-0.492477
-0.363079
-0.284951
-0.282327
0.501755
0.173559
-0.720145
0.651051
0.205054
0.367656
0.162511
0.079501
0.102512
-0.897092
0.487228
-0.577624
-0.306253
0.034028
0.330180
-0.075533
-0.531358
-0.140782
-0.282144
0.631214
0.321146
-0.292703
-0.046480
-0.202307
0.790582
-0.319742
0.241432
-0.841060
0.393780
0.325602
0.429121
0.953490
0.275979
-0.276833
0.902402
-0.509690
-0.981567
-0.004975
-0.911618
0.581713
-0.549730
0.115329
-0.256081
-0.867428
-0.274270
-0.796869
0.852901
-0.060762
-0.062105
0.377789
-0.291055
-0.272744
0.109409
0.828547
-0.196265
-0.398114
-0.629872
0.374493
0.715384
0.487289
-0.890805
-0.482406
0.911740
0.609241
-0.687490
0.641041
-0.820368
-0.182043
0.566881
-0.958678
0.455611
0.388531
-0.776360
0.510056
0.216346
-0.643666
-0.217200
0.696524
-0.927305
-0.344829
0.646779
0.503037
-0.441694
0.882565
-0.530503
0.880734
0.367229
0.992370
0.687063
-0.349528
0.535142
0.612476
-0.331645
-0.837886
-0.574755
0.889157
0.458113
-0.930479
0.478744
0.247108
-0.512436
-0.242225
0.253395
0.161534
-0.455672
0.840327
0.486984
-0.723930
-0.055940
0.598926
0.762505
-0.645924
0.788385
-0.930052
0.155492
0.405683
0.721671
-0.707999
-0.348491
-0.529160
0.843379
0.060518
0.149388
-0.859554
0.589831
0.562792
0.833918
0.697623
0.261391
0.080294
-0.810419
0.217444
0.562487
0.325968
-0.512741
0.809259
-0.649953
0.423688
0.806879
-0.198706
-0.194494
-0.252541
0.298441
-0.275674
-0.177587
0.519517
-0.120212
-0.299722
-0.916318
0.876339
-0.953429
-0.432783
0.522202
0.063021
0.143040
-0.351665
-0.662465
0.230262
0.183020
0.993469
0.169836
-0.173376
-0.021943
-0.288186
0.854305
0.298624
0.945494
0.573290
-0.489059
0.888730
0.056856
-0.389569
0.370830
-0.393353
0.729911
0.367290
-0.803156
-0.626576
-0.103610
-0.925291
-0.543199
-0.805231
-0.399152
-0.225990
0.194983
0.900510
-0.640492
0.688894
0.698904
0.971618
-0.832575
-0.415387
-0.562731
0.370037
-0.154149
-0.772454
0.682974
0.394147
0.314432
-0.408612
-0.625416
0.802484
-0.687857
0.048494
0.336161
-0.793573
-0.202002
-0.125828
0.752068
0.657155
0.067049
-0.807855
-0.166723
-0.291665
0.283303
-0.731559
-0.557970
0.733390
0.799493
0.874264
0.915464
0.639698
0.075716
-0.517258
-0.051057
0.379437
-0.764946
-0.717887
0.314676
0.652516
-0.552477
0.951476
0.103427
-0.108127
0.734611
-0.176611
0.522446
-0.934568
0.815851
-0.845454
0.192114
0.839290
0.291360
0.428083
0.935484
0.840754
0.485397
0.146153
0.271523
-0.420087
-0.924741
-0.760979
0.509140
0.920713
-0.540391
0.736503
-0.781182
0.296854
0.660024
0.716178
0.980895
0.762139
-0.161718
0.719901
-0.236976
-0.732292
-0.450240
0.929746
0.731437
-0.431990
-0.793634
-0.627979
-0.366008
-0.320353
0.515671
-0.538316
0.263710
-0.985107
-0.024201
-0.653005
-0.991516
0.180456
-0.104770
-0.430036
0.638356
-0.896359
-0.464156
0.770379
-0.720023
-0.868221
0.232826
0.786065
0.962951
0.822138
-0.819636
0.395917
-0.691214
0.131504
0.818659
0.315958
0.841914
-0.338237
0.095431
0.774163
-0.390790
-0.667592
-0.702811
0.932920
0.364727
-0.358013
-0.843684
0.687979
-0.121311
-0.935667
-0.690237
-0.991272
-0.934996
-0.225684
-0.044649
0.554064
-0.671682
-0.830195
-0.204627
0.392865
-0.929258
-0.908444
0.412702
0.151524
0.251137
-0.424116
0.436445
-0.017304
0.683279
0.081820
-0.628162
-0.118625
0.951170
0.491562
-0.161901
0.750603
0.375347
-0.778924
0.733940
0.329875
-0.113926
-0.392193
0.641957
-0.891903
0.703787
-0.998657
-0.393048
-0.524949
0.177526
0.017975
-0.508042
-0.297586
0.148961
0.204627
-0.709891
-0.538011
0.635121
0.667653
-0.211158
0.331095
-0.602893
0.675344
-0.973693
-0.284158
0.328043
0.511704
0.155370
-0.273049
-0.897763
-0.126438
0.044221
0.755974
-0.970336
-0.047456
-0.230873
-0.243263
0.280740
-0.943419
-0.523850
0.647450
0.474654
-0.976745
0.358196
-0.840876
0.011505
-0.615040
-0.568163
-0.386029
-0.621570
-0.541978
0.084994
-0.187292
-0.591479
-0.783624
-0.560717
-0.204932
0.389386
-0.198035
0.459578
-0.470992
0.828059
-0.003876
-0.605823
0.271035
0.345134
0.417768
0.159276
0.044649
0.142430
-0.947508
0.451460
0.617176
-0.921934
0.317118
-0.069063
0.181494
0.275491
0.698538
0.759697
0.191748
-0.271950
-0.007721
0.436811
-0.465743
-0.083895
-0.629261
0.007416
0.864437
0.676870
0.486740
-0.899838
-0.288491
-0.043306
0.444624
-0.671194
-0.125645
-0.807489
0.658620
-0.608692
0.053865
-0.456893
-0.463668
-0.527635
-0.029206
-0.596362
-0.434675
0.352214
-0.611988
-0.495407
-0.465072
0.570666
-0.678701
-0.383709
-0.864376
0.202124
0.774651
-0.894955
-0.187536
0.920957
-0.931639
0.768365
0.101291
-0.996948
-0.739372
-0.898373
0.556627
0.857051
0.727470
-0.104221
0.524888
-0.658437
-0.666311
-0.260964
0.149632
-0.678945
-0.438765
-0.356548
-0.854183
-0.992981
-0.129246
-0.803949
-0.920225
0.054903
0.508652
0.140965
-0.566515
-0.621509
0.531175
-0.497238
0.137608
-0.862850
0.749077
0.840571
0.620899
-0.360393
-0.351115
0.313395
0.884823
0.401593
-0.661061
-0.678701
-0.589831
0.634388
0.682180
0.760369
0.314676
-0.282388
0.020051
0.746696
0.038179
0.784906
0.514389
0.946287
-0.080966
-0.361797
0.232521
-0.371136
-0.753044
-0.553636
0.490951
0.810907
-0.371746
-0.982971
0.384930
-0.872433
0.146825
-0.062838
-0.101108
0.140172
0.302225
0.279458
0.102145
0.481735
-0.250954
0.085360
-0.890683
-0.467086
0.797479
-0.588549
0.060274
0.431623
-0.698721
-0.910703
0.862911
0.369854
0.382611
-0.711844
-0.431013
0.316996
0.731559
0.282327
0.400555
-0.463485
-0.924558
0.436079
0.641591
-0.838618
-0.385113
-0.714530
0.247902
0.449995
-0.522568
-0.176366
-0.912778
-0.042024
0.265236
-0.180212
-0.736137
-0.480880
0.752007
0.379559
0.390301
0.156346
-0.048311
-0.623768
-0.611255
-0.192602
-0.647877
-0.709769
-0.702628
0.265297
-0.715629
-0.987121
0.209815
-0.925962
0.576525
-0.087130
-0.008637
0.345805
-0.323893
-0.271157
-0.885861
-0.170263
0.035127
-0.652577
-0.861629
0.781915
-0.209754
0.898801
-0.683279
0.204688
-0.995239
0.423627
0.602344
0.068819
0.713981
0.503891
-0.123630
0.593738
-0.408063
-0.699576
-0.749077
-0.119968
0.720328
-0.446455
0.561083
0.187170
0.088595
0.238624
0.960936
-0.987854
-0.813410
0.160680
0.047334
-0.419782
0.551805
0.580493
-0.181372
0.593188
0.605823
-0.342448
-0.603198
-0.704764
-0.509323
0.900571
0.348796
-0.447432
0.174169
0.616871
-0.146641
0.355632
-0.803522
0.352397
0.514695
0.184484
0.248634
0.035127
0.889035
0.851863
-0.382000
0.066683
0.888852
-0.635426
0.940733
-0.249489
-0.348796
-0.488998
0.050508
0.420942
0.234535
-0.424421
0.773858
0.835505
-0.053743
-0.557543
0.946471
-0.213660
-0.104465
0.102329
0.782281
0.825312
-0.359416
-0.458235
0.154881
-0.630299
0.628834
0.592456
0.485824
0.289468
0.730033
-0.752678
0.796197
-0.140233
-0.119175
-0.303690
-0.178014
-0.721915
0.288980
0.852779
0.440657
0.506760
-0.067598
-0.211463
0.298807
-0.228065
0.120884
-0.268899
-0.587146
-0.347758
0.386212
-0.093417
0.204688
0.490890
-0.073885
-0.457747
0.195959
-0.061251
-0.953795
0.449324
0.593371
0.984985
0.768548
0.076266
0.494552
-0.288858
-0.390851
0.791070
-0.632008
0.731376
0.304788
0.945982
0.183874
0.050874
-0.366741
-0.438826
0.365520
-0.677908
-0.813410
-0.563341
0.977783
0.921140
-0.464888
0.161473
0.666066
-0.844050
0.961669
0.168004
-0.147496
-0.564074
0.409772
-0.053804
0.355388
-0.362346
0.899289
-0.913572
0.068697
0.105564
0.971679
0.694632
-0.680471
-0.661916
0.132664
-0.080905
0.640004
0.966735
-0.999695
-0.196326
0.403790
-0.338908
0.300638
0.512803
-0.619495
-0.103000
0.123386
-0.966735
-0.646657
-0.925596
-0.639698
-0.289773
0.262368
-0.794916
0.058016
0.614978
-0.635609
0.442488
0.342021
-0.924375
0.577807
-0.147252
-0.393292
-0.566271
0.699149
0.023347
-0.410749
0.953551
0.663930
-0.778314
0.666128
0.415387
-0.841487
-0.874081
-0.419721
-0.391156
-0.505905
0.594226
-0.752251
0.139744
-0.448347
0.224647
-0.355937
0.638295
-0.664052
0.685842
0.097629
0.711295
-0.275979
0.554430
-0.009369
0.393231
-0.726188
-0.554125
-0.304422
0.052950
-0.222938
-0.065157
0.633473
0.983215
0.284463
0.478561
0.427412
-0.855525
-0.349895
-0.855525
0.431562
-0.563707
0.332194
-0.950438
0.160375
0.447188
-0.655812
0.785211
-0.184790
-0.634571
-0.274331
-0.133030
0.888791
-0.219398
0.477889
0.282266
-0.628162
-0.448775
-0.631642
-0.154942
0.142186
0.643422
0.133518
-0.121250
-0.232093
-0.167028
0.931822
-0.936522
0.314249
0.271706
-0.015778
-0.604602
0.215003
0.685171
0.884091
0.061434
-0.928098
-0.808466
0.646718
-0.132176
0.287698
0.363018
-0.877499
-0.550707
0.534227
-0.571825
-0.615101
0.732658
-0.259987
-0.904599
0.174841
-0.167150
-0.342143
0.242042
0.848140
0.701956
0.712760
0.532640
-0.790704
0.145116
-0.377300
-0.782220
0.301187
0.594348
0.830134
-0.084140
0.969298
0.390973
0.621265
-0.496139
-0.912656
0.436750
-0.684805
0.576464
-0.819025
0.013092
-0.041963
0.514939
0.596850
-0.667409
0.710135
-0.154149
-0.438215
-0.448103
0.889584
0.986877
-0.792352
0.506943
-0.960936
-0.729118
-0.277261
0.194128
0.280374
0.314310
-0.197974
-0.793573
-0.885861
0.108554
-0.232521
0.873470
0.682119
-0.808954
-0.672231
0.393841
-0.388165
-0.289041
-0.073885
0.282388
0.765069
0.941404
0.276894
0.876217
-0.556871
-0.664480
0.473006
0.251686
0.955992
-0.986450
-0.405011
0.340983
-0.560778
-0.871456
0.329325
0.720267
0.693228
0.690603
-0.596118
-0.653066
0.540269
0.522813
-0.181677
0.058321
-0.336650
0.270913
-0.903317
0.780999
-0.260659
0.718925
0.317850
-0.213050
0.918394
0.820673
0.968444
-0.707633
-0.456221
-0.285684
-0.528916
0.363018
-0.609790
-0.232032
0.310160
0.621937
0.900815
-0.785699
-0.162633
0.931455
-0.604297
0.777886
-0.680593
-0.675649
-0.997803
0.584948
-0.268410
-0.076876
0.453475
0.412152
-0.897641
-0.901181
-0.372662
0.180090
-0.564135
-0.247841
0.958739
-0.562853
0.395184
0.199683
-0.672353
-0.976196
0.351115
-0.977905
0.828974
-0.950133
-0.302896
-0.328043
0.668630
0.576769
0.324259
0.309854
-0.181982
-0.598071
-0.595508
-0.442671
-0.082003
-0.163182
0.923215
0.090670
0.969237
0.409589
