-0.761589
0.755669
-0.343547
0.921995
-0.946959
-0.048372
0.935301
0.585620
0.241859
-0.634877
-0.703238
0.507309
-0.667959
0.649037
0.378094
0.448531
0.415510
-0.305399
-0.550707
-0.322367
0.045869
0.661794
0.713492
-0.103061
-0.196081
0.805109
0.280190
-0.746941
-0.626942
-0.637440
0.226661
-0.156774
-0.259926
-0.555040
0.991028
-0.177221
0.808161
0.677602
-0.023652
0.717154
0.892758
0.323099
0.446150
0.229713
0.864620
-0.289163
-0.879574
-0.103671
-0.849971
0.040986
0.044527
-0.177831
0.481368
-0.358684
0.406964
0.665578
-0.562181
-0.156285
0.956786
0.686392
-0.454146
0.556932
0.281655
-0.233131
-0.784051
-0.289895
-0.704581
-0.396832
-0.431074
0.689322
0.813349
0.751213
0.271645
0.352458
-0.485397
-0.813471
-0.742729
0.687674
0.001007
-0.411786
-0.297159
-0.715629
0.968139
-0.554247
-0.950011
0.031892
-0.779962
-0.056429
-0.782830
-0.758843
-0.303629
-0.627674
-0.878475
-0.785577
0.187170
0.691641
-0.745720
-0.055208
-0.830927
-0.269936
0.082614
-0.834956
0.147923
-0.140721
-0.362163
-0.228248
-0.719779
0.066378
0.541002
-0.116184
-0.055391
-0.193518
0.221107
0.824824
0.071871
-0.767205
0.019623
-0.843135
0.788873
0.574633
-0.074435
-0.375774
0.751213
0.433515
0.038789
-0.231788
-0.357585
0.932676
0.801691
-0.195837
0.990722
-0.043855
-0.131809
0.734733
-0.354167
0.303995
0.840693
0.931028
0.099399
0.274453
-0.684866
0.210364
0.896054
0.373943
0.022980
0.656667
0.993164
0.044527
-0.110263
-0.210974
0.888730
-0.056368
-0.859127
-0.834040
-0.608509
0.301370
-0.690420
-0.747307
0.948607
0.257729
-0.125462
-0.902890
0.094089
-0.742546
-0.350993
-0.089206
-0.047029
-0.974364
0.485824
0.838069
-0.877743
-0.095553
0.218360
0.766289
-0.764519
-0.858516
0.991150
-0.449019
0.280251
-0.577074
0.267006
-0.924558
-0.612781
0.879025
0.459273
-0.055818
-0.458480
-0.205786
0.965453
0.142125
-0.607898
0.481307
0.358379
-0.552904
0.528245
0.922422
-0.818171
-0.126560
-0.130284
0.609058
0.123936
-0.239051
-0.830134
0.860408
-0.096835
-0.893307
0.049287
-0.966185
0.948729
-0.438704
-0.490280
0.004730
-0.838679
0.641774
-0.135716
-0.594897
0.388287
0.206458
-0.299478
-0.930906
-0.461043
-0.250954
0.317545
0.311319
0.168676
0.922910
-0.440901
0.618213
0.279153
-0.654775
0.699759
0.833674
0.810541
-0.070162
-0.840999
-0.968810
-0.335978
0.118809
-0.807184
0.845637
0.755364
0.432783
0.901669
-0.524339
0.051729
-0.060762
0.253395
-0.771661
-0.892697
-0.451277
0.256508
-0.849666
0.311686
0.421369
0.075716
-0.071505
-0.844478
0.612354
-0.197546
0.757195
-0.983032
0.950926
-0.175146
0.800836
-0.661061
-0.092441
0.947386
0.548692
-0.575304
-0.378399
0.550951
0.121616
-0.291665
-0.250343
-0.841182
-0.390118
0.142979
-0.116245
-0.040254
0.791986
-0.646046
-0.378521
0.945738
-0.194128
0.335551
-0.718802
-0.141148
-0.559557
-0.204688
0.643483
0.710929
0.880795
-0.772454
-0.085360
-0.235267
0.375835
0.079989
0.692801
-0.364727
-0.648366
-0.800836
-0.878353
0.344646
-0.543931
-0.617908
-0.732047
0.328837
-0.095676
0.061678
0.220985
0.815180
-0.474288
-0.059359
0.920652
-0.620289
0.441694
-0.094028
0.422712
0.165258
-0.251625
-0.436323
0.659597
0.779595
-0.563341
-0.718863
-0.758232
-0.895871
0.508713
0.510422
0.011444
0.628285
0.139195
-0.886654
0.476363
0.585742
-0.128269
0.815241
0.143468
-0.436384
0.616138
0.922056
0.815546
0.317423
0.065096
0.776543
0.578478
0.416669
-0.706900
0.582202
0.225135
0.072542
-0.327372
0.675649
0.608509
-0.825373
0.326701
-0.819452
-0.211280
0.784234
-0.273293
-0.718802
0.342387
0.058077
-0.317606
0.823603
-0.980468
0.632618
0.266030
0.364605
-0.540452
-0.009125
0.920408
-0.380413
0.203650
-0.765069
0.591479
0.291360
-0.432356
-0.714347
0.737358
0.420209
0.217322
0.108249
0.356243
-0.037873
0.561266
0.019562
-0.214881
0.618641
0.569445
-0.812983
-0.440840
0.736625
-0.695486
0.589770
-0.398602
-0.334880
-0.226966
-0.442000
0.836726
0.719779
-0.243568
-0.667653
-0.523240
0.656301
0.791864
-0.078524
-0.301553
0.694571
-0.602710
-0.404828
-0.389935
0.535752
-0.780084
-0.740410
0.707938
0.059969
-0.870846
-0.798578
-0.922788
-0.731193
0.696951
0.236061
-0.520188
0.089022
0.537889
0.519456
-0.154576
0.513291
0.789178
-0.680776
0.254738
0.146153
-0.315348
-0.482467
-0.680105
-0.775262
0.050874
0.511887
0.235572
0.111057
0.992370
-0.572924
-0.943724
-0.032014
-0.118076
-0.900082
-0.781060
0.467269
0.765618
-0.373577
-0.898373
-0.390667
0.468001
-0.158788
0.013031
-0.161229
0.799432
-0.329936
0.132908
0.095981
0.052217
0.686514
0.960997
0.662954
0.024201
0.471114
0.648915
-0.897214
0.967467
-0.079623
-0.118809
-0.818232
0.285257
0.695975
0.370281
-0.806269
0.106845
-0.856502
0.245705
0.821284
0.740837
-0.044343
0.674673
-0.296609
-0.268960
0.116428
0.072665
0.745537
0.109531
0.706717
-0.056856
-0.592944
0.916013
0.041414
-0.680715
0.416791
0.173559
0.168310
-0.952147
-0.976867
0.652333
0.096652
-0.463729
-0.681326
-0.344768
-0.981994
0.883175
0.083895
-0.250526
-0.860652
-0.199683
-0.029878
0.657399
0.913388
-0.393597
0.905515
0.079867
-0.681265
0.175817
0.359294
-0.038362
-0.151158
-0.683645
-0.283731
0.831904
0.689505
0.275002
0.000702
0.200049
0.613025
-0.507797
-0.450789
0.002411
0.395184
-0.501144
0.623035
-0.631642
-0.982727
0.640187
0.897824
-0.450545
-0.161168
0.348491
0.653127
0.540757
-0.346721
0.209998
0.347942
-0.088900
0.523179
0.561998
0.298135
0.360637
-0.082247
0.432600
0.762505
-0.487045
0.918210
0.908872
0.398541
0.256447
0.898129
-0.721854
-0.464034
0.829340
-0.501877
-0.330485
-0.922239
0.199866
-0.409406
-0.470016
-0.774407
-0.199805
-0.402448
-0.621387
0.247230
-0.745598
0.499619
-0.742302
0.783441
-0.704215
0.473739
-0.118442
-0.542711
0.908139
0.685171
-0.190954
-0.727103
0.043306
0.756890
-0.586230
-0.068392
0.339702
-0.703604
-0.863765
0.033296
-0.705069
0.642262
0.470687
0.982177
0.196509
0.621021
-0.220435
-0.763848
0.451949
0.994507
0.044343
0.458846
0.863338
-0.707450
-0.204688
-0.912839
0.681875
-0.624866
0.876766
-0.880978
0.346965
0.196326
0.145543
-0.132420
-0.465194
-0.801691
0.253456
-0.290994
0.402264
-0.132176
0.983764
-0.923338
0.571520
0.550096
0.920408
-0.232521
0.330546
-0.420759
0.072298
0.973510
-0.198950
-0.068270
-0.177404
0.516526
-0.016755
0.971557
-0.759453
0.519578
0.564684
0.412702
0.863338
0.857784
0.581042
-0.832942
0.658315
-0.543748
0.638356
-0.325724
-0.579760
0.435835
-0.983581
-0.504257
-0.245216
0.667592
0.832636
-0.802118
0.083712
0.095431
-0.293313
-0.174718
0.054170
-0.723075
-0.725517
0.950682
0.706534
-0.326640
-0.659963
0.297342
0.653981
-0.940367
-0.196509
-0.495041
0.093295
0.630177
0.855770
-0.475570
-0.829463
0.069246
0.210669
0.379864
-0.672964
0.894772
-0.717277
-0.712882
0.152135
-0.807794
-0.939695
-0.204688
-0.644642
-0.695364
-0.025788
-0.693594
0.596973
-0.544664
-0.650258
-0.764641
0.952513
-0.692129
-0.309366
0.257424
0.898190
0.881893
-0.977050
-0.322367
-0.515732
-0.532945
-0.230323
-0.628162
0.884457
0.586596
-0.017853
0.519700
-0.433210
-0.295999
0.945494
-0.258278
0.217627
0.268288
0.251442
-0.525987
0.803217
-0.470809
0.217444
0.006561
-0.837153
0.932859
-0.126865
-0.664296
-0.655446
-0.935789
-0.246803
-0.827509
-0.895627
-0.209998
0.608020
-0.757378
-0.366497
0.364177
-0.806635
0.675588
-0.750298
0.138890
-0.382672
0.443281
-0.148412
0.539232
0.886776
-0.177404
-0.538743
0.859004
0.075594
-0.263710
-0.791742
0.483627
-0.563280
0.869625
0.579882
0.934812
0.132664
-0.095492
-0.710501
0.425520
-0.286477
-0.780755
-0.255959
0.029756
0.912717
0.771783
0.754448
0.592029
0.877499
-0.550768
-0.584033
0.715506
-0.510605
-0.330790
0.422224
0.577136
-0.311869
-0.494980
0.411542
0.738884
-0.248512
-0.648061
0.224525
-0.727775
0.809259
0.369304
0.982910
-0.763604
0.804437
-0.744987
0.019562
-0.608386
0.457015
0.308695
-0.032258
0.289956
0.726371
0.254494
0.984008
0.502060
0.564318
0.367290
-0.806269
0.871822
0.895260
0.973632
0.780877
0.909726
0.078463
0.789117
-0.304849
0.560350
-0.549486
0.097018
-0.055391
0.215857
0.548265
-0.407575
-0.937925
-0.488998
0.726920
-0.913450
0.211158
0.735588
0.657949
0.656301
0.363323
0.723441
0.741447
-0.320414
-0.880367
0.357524
0.129429
-0.965758
-0.613330
0.336283
-0.662343
0.663381
0.138707
-0.815119
-0.443464
0.512864
0.900754
0.275369
0.412519
-0.750786
0.394269
0.764214
-0.088351
-0.745231
0.929868
0.152013
0.836604
-0.551195
-0.048189
0.572985
-0.143590
-0.655019
-0.415937
0.826838
0.807001
-0.530808
-0.637074
-0.703543
-0.554491
-0.175329
0.796319
-0.937864
0.212073
0.896603
0.021271
-0.012726
0.637928
0.691153
0.272439
-0.525315
0.764458
0.362407
0.413984
0.667470
0.529160
-0.088351
0.933836
0.757317
-0.709464
-0.327494
0.758538
-0.670949
-0.903134
-0.463240
-0.677419
0.685049
-0.083529
0.570544
0.056795
0.537217
0.760674
-0.867306
0.365581
0.791620
0.329630
0.866756
-0.149815
0.420637
0.446699
-0.191015
0.634571
-0.751762
0.036897
0.361370
0.129673
0.890683
0.834529
-0.079073
0.077364
0.431928
-0.683218
0.588061
-0.142735
0.668508
-0.306925
-0.731803
0.990539
-0.677725
0.208960
0.666311
0.299295
0.035737
-0.855037
0.149449
-0.239174
0.720939
-0.331767
0.713797
0.891903
0.376690
-0.570177
-0.130406
-0.944090
0.256996
0.424787
0.339640
-0.231971
0.744987
-0.472091
-0.855525
-0.601001
0.383282
0.650807
-0.403790
-0.665578
-0.274209
-0.735405
0.421918
-0.980346
0.686331
-0.397259
-0.844844
-0.007355
-0.508225
0.753166
0.812189
-0.414716
0.951903
0.462325
-0.784722
-0.649648
0.571154
-0.053316
-0.829829
0.394269
-0.843379
-0.511704
-0.141820
0.839412
0.444563
0.827448
-0.377422
0.097140
-0.770074
0.680898
-0.392071
0.321207
0.775750
-0.286599
0.109104
-0.239051
0.216468
-0.308878
0.175146
-0.510544
0.329325
0.239113
0.932371
0.355022
0.693106
-0.131565
-0.440718
-0.320414
0.244850
-0.238990
-0.140904
-0.042512
0.606738
0.974792
0.000519
-0.280923
0.444441
-0.180212
-0.206214
0.374126
-0.868709
-0.914670
0.340922
0.517075
0.791803
0.320658
0.360698
0.184606
-0.657704
0.814570
0.055452
-0.759880
-0.684683
-0.096469
0.560228
0.714530
-0.491867
-0.668935
-0.206763
0.211585
-0.204566
-0.559252
-0.898740
-0.700735
-0.298074
0.540208
-0.235511
0.778497
0.841670
0.514084
0.071444
-0.718253
-0.024262
-0.483016
-0.186743
0.737968
-0.778680
0.410566
-0.041169
-0.874081
0.813288
-0.549852
0.585314
0.242531
-0.258095
-0.135044
0.295145
-0.761040
0.961608
-0.479476
0.474044
-0.794183
-0.436445
-0.405194
-0.766228
-0.027253
-0.757622
-0.855953
0.410077
0.924619
-0.258095
-0.372662
0.671926
0.697623
0.111179
-0.090732
-0.520554
0.832881
0.518479
-0.776360
-0.715018
0.672781
-0.939085
0.689505
-0.301126
0.143956
-0.864620
-0.499130
0.377544
-0.572253
0.301126
-0.525315
-0.595752
0.011750
-0.228431
0.394391
0.044038
0.973388
-0.173559
0.913816
-0.823969
-0.505783
-0.206030
-0.260781
0.714530
-0.285257
0.757683
-0.161840
0.910459
-0.304117
0.691885
-0.982482
0.943480
-0.547533
-0.946226
-0.638356
0.520798
-0.968871
0.197913
-0.614978
0.144078
0.932554
0.029084
-0.349528
-0.171911
-0.952696
-0.325419
-0.450850
-0.239113
-0.533555
-0.153966
0.879513
-0.040315
-0.918271
-0.586413
-0.807611
-0.949644
-0.259926
-0.885189
0.735527
0.803156
-0.626087
-0.766411
-0.398846
-0.079928
-0.229713
0.717521
0.872982
-0.705618
-0.245582
0.325663
0.955443
-0.307230
0.641408
0.371563
0.520554
-0.654775
0.291543
0.447554
-0.673269
-0.815241
-0.625660
-0.722159
-0.034822
-0.476363
0.078219
-0.141087
0.377117
0.111606
-0.822687
-0.073214
-0.353130
0.802850
-0.000092
-0.100925
0.318400
-0.609546
0.173009
-0.646352
-0.095126
0.085604
-0.496750
-0.891476
0.601489
-0.132481
-0.328471
-0.988464
-0.474227
0.730277
0.634388
-0.915891
-0.580004
0.031831
0.725578
0.079989
-0.785455
0.199011
-0.714957
0.846248
-0.548753
0.857540
-0.816767
0.997925
0.848628
-0.637135
-0.241859
-0.852107
-0.115085
-0.557726
-0.383526
0.304971
-0.017853
-0.127537
0.614795
-0.927610
0.599292
0.954283
-0.346843
-0.619373
0.713431
0.021516
-0.476058
0.769951
0.536058
-0.228553
0.587329
-0.549669
-0.423933
-0.091220
-0.906186
-0.216346
-0.922849
-0.568468
-0.051607
0.504929
-0.100925
0.480209
-0.744743
0.095614
-0.646290
0.728507
0.483444
0.003510
-0.708060
0.024323
-0.765069
-0.621082
0.344829
0.718863
0.684622
-0.598498
-0.610401
0.020417
0.022675
-0.293985
0.762017
0.708853
0.682669
0.101047
0.432234
-0.741630
-0.271279
0.450545
-0.880917
0.665944
0.704703
-0.214393
-0.569262
0.991699
-0.377056
0.620716
-0.833857
0.644032
-0.026032
-0.147862
0.872311
0.005524
0.303995
-0.144688
-0.544359
-0.851924
-0.770379
-0.201086
-0.494858
0.247597
0.956908
0.683828
-0.314859
-0.321879
0.545763
-0.872738
-0.012177
0.677114
0.081393
-0.227271
0.205786
0.823176
0.229286
0.531724
0.050691
0.877194
-0.772698
0.230934
0.718863
0.927305
0.124912
-0.908628
-0.242531
0.913450
-0.089999
0.312906
0.514084
-0.665578
0.565172
0.167943
0.423139
-0.911069
-0.324870
-0.292276
0.456893
0.794549
-0.423505
-0.567980
0.302164
-0.733757
-0.598682
-0.057527
0.032746
0.949278
-0.556139
-0.094821
-0.582812
0.848628
-0.188818
-0.793329
-0.336406
-0.221900
0.415815
-0.974548
0.752007
0.603626
-0.252419
0.618946
-0.169469
0.869747
0.340068
0.777154
-0.956420
-0.719352
-0.124119
0.310404
0.767937
0.001679
0.009674
0.079806
-0.330790
0.831782
-0.596912
-0.371319
-0.353679
-0.732231
-0.236549
-0.207373
0.104892
-0.391461
-0.328898
-0.449263
0.330851
-0.056795
0.841365
0.948363
-0.141636
0.454878
0.183996
0.342509
-0.879818
0.297586
-0.286721
0.504257
-0.549181
-0.413007
-0.493759
-0.041658
-0.431867
-0.833796
0.756279
-0.617847
-0.696951
0.426252
-0.288736
0.843928
-0.959716
0.078585
0.788018
0.799371
0.785089
0.181921
0.276162
-0.194067
0.267922
-0.595874
0.514817
-0.333598
-0.609485
0.021149
0.404645
-0.727592
-0.646474
-0.949156
0.136753
0.673391
-0.478072
-0.901669
-0.811579
-0.770562
0.541612
0.811884
-0.917539
0.554735
0.307413
0.246132
-0.111606
0.078585
0.499435
0.657460
-0.501572
0.684744
0.177282
0.261330
0.440352
0.622974
-0.275491
-0.640309
0.578356
-0.142186
0.416852
0.435041
0.603870
-0.027009
-0.751701
-0.700125
-0.533616
-0.661306
0.899838
0.357280
0.331828
-0.420331
0.035005
0.076937
-0.929319
-0.785333
-0.200903
-0.540330
-0.248817
0.149571
-0.643483
0.356731
-0.950011
-0.146886
-0.874264
-0.039460
0.132664
0.978576
-0.661000
-0.639698
-0.754875
-0.980651
-0.012665
0.359539
-0.699149
-0.279153
0.432722
0.741997
-0.324320
0.684622
-0.222266
-0.985717
-0.422712
0.078402
-0.484481
-0.221961
0.303079
-0.565050
-0.229896
-0.230201
-0.734550
0.731498
-0.298929
-0.875240
-0.771233
-0.181066
0.572192
0.592090
-0.448042
0.740715
-0.292398
-0.007172
-0.168615
0.443220
-0.628346
0.242470
0.959410
-0.437788
-0.934996
-0.580859
0.359722
-0.680166
-0.369366
0.205176
-0.596301
-0.107273
0.319193
-0.460494
-0.126255
0.201025
-0.213172
-0.083102
-0.724418
-0.700308
0.374371
0.831904
0.080050
0.418134
0.451643
-0.934812
0.654958
0.636341
0.054659
0.870663
-0.874508
-0.116245
0.406781
0.586535
-0.562059
0.585070
-0.586413
-0.971923
0.882260
0.939695
-0.157506
-0.226966
0.561327
-0.258827
0.568529
0.267312
-0.243873
0.272500
-0.719840
-0.016877
0.814753
-0.855403
0.302347
-0.317240
0.497909
0.086154
-0.794733
0.802240
0.036897
-0.512375
-0.903012
-0.310404
-0.556749
-0.818659
0.139378
0.555712
0.443953
-0.363567
0.480636
0.847102
0.851985
0.162511
0.179479
0.872677
-0.045991
0.999451
-0.646474
-0.219764
0.419172
0.946593
-0.841365
0.097873
0.759270
0.976989
0.548326
0.398236
-0.978088
0.060579
-0.808283
-0.012299
-0.460128
0.155309
0.432173
0.873714
-0.857845
-0.237526
-0.834895
0.018097
-0.410382
0.256508
0.155614
-0.757866
0.896664
0.505356
0.817011
-0.691092
-0.098910
0.562975
-0.714957
-0.428571
0.216224
0.502915
-0.972839
-0.454573
0.433515
-0.224952
0.364299
-0.613758
-0.172033
-0.144871
0.344768
-0.826350
-0.835994
0.064852
0.023225
-0.058138
-0.883847
0.822382
-0.143406
0.479904
0.322916
-0.390973
0.767815
0.767144
0.687857
0.785394
0.564684
-0.854732
-0.613941
0.511521
0.510544
0.227577
0.904111
-0.350688
-0.648000
-0.610950
-0.809748
-0.494003
0.494797
0.727958
-0.674184
0.527085
0.726371
-0.100620
-0.432173
0.903806
0.980590
-0.300577
0.719596
0.949034
-0.623035
-0.335978
0.243263
-0.157628
0.748222
0.141636
0.013276
-0.203711
0.803339
-0.505112
-0.153600
-0.823420
0.838557
-0.813898
0.822687
-0.831111
-0.663442
-0.282083
-0.183386
0.173986
-0.548875
0.147740
-0.586535
0.102756
-0.160619
-0.801874
0.029878
0.551073
0.172399
-0.681997
-0.186926
0.827021
-0.336100
-0.153722
0.397076
-0.991699
0.659780
0.280496
-0.349956
-0.052217
0.916135
-0.520188
0.972045
-0.842647
0.232215
-0.887265
0.215552
-0.094211
-0.715201
0.112583
-0.968383
0.275063
-0.734550
-0.401715
0.969359
0.577868
-0.637806
-0.477279
0.435163
-0.605884
0.146702
0.240394
0.423078
0.928892
0.875301
-0.417158
-0.360210
-0.928892
0.857051
0.216529
-0.212806
0.692434
0.660573
0.464400
-0.487167
-0.260414
-0.997009
-0.538377
-0.942930
-0.119175
0.070162
-0.331278
-0.677175
-0.489608
0.578295
0.727897
-0.027619
0.232704
-0.223060
0.310770
-0.876095
0.809687
0.656972
-0.375042
0.142796
0.371258
0.161351
-0.146031
-0.343852
-0.879940
-0.898618
0.860958
-0.953490
-0.490890
-0.149083
-0.238685
-0.223304
-0.238746
-0.248573
-0.064425
-0.812006
0.117649
0.617725
0.550890
-0.686270
-0.775384
-0.363384
0.506333
-0.222571
0.925413
0.453108
-0.821223
-0.920225
-0.571886
-0.687735
0.999939
-0.715018
-0.694754
-0.206763
0.456648
-0.083102
-0.634327
0.475021
-0.142735
0.242042
-0.135105
-0.220618
0.264321
0.864376
0.637989
0.018281
0.519822
-0.272866
0.035615
0.778680
-0.882015
0.761101
-0.353984
0.286416
-0.640187
-0.051912
-0.814264
-0.241066
0.106784
-0.676382
-0.556078
0.525620
0.261757
-0.801874
-0.407025
0.814142
-0.981262
0.534104
0.301859
-0.041658
0.328104
0.477279
0.657826
-0.339030
0.749138
0.961913
-0.083468
0.708243
0.150182
0.169897
-0.810602
-0.672170
-0.020356
0.232948
0.088473
0.786248
-0.223670
0.154027
0.393170
0.000763
-0.879757
0.279092
-0.666066
0.967223
0.313761
0.267983
0.020234
0.976012
-0.098605
-0.661489
0.424421
-0.099277
-0.509568
0.375164
-0.027497
-0.354228
-0.486801
-0.491989
0.296365
0.512070
0.607288
-0.558947
-0.177221
0.609119
0.244789
-0.836543
0.980285
0.482467
-0.899167
0.522019
0.220252
-0.030732
0.973937
-0.513047
-0.315531
-0.507492
-0.408979
0.933409
0.495224
-0.191504
0.555345
-0.964843
0.942076
0.406537
0.571337
0.847224
-0.931150
0.908872
0.845271
-0.988281
0.215369
-0.673086
-0.217566
-0.348796
0.225745
-0.863643
-0.307169
0.932920
0.720695
-0.086764
-0.833674
0.967162
-0.962951
-0.444136
-0.120029
-0.270363
-0.463424
-0.678457
0.512070
-0.722526
-0.099826
0.394269
0.129429
-0.856380
0.726737
-0.297342
-0.418134
0.849910
0.058870
-0.820124
-0.928343
-0.220130
-0.968627
-0.586535
0.802728
-0.120945
0.033906
0.088473
0.181372
-0.927061
0.766839
-0.730461
0.043428
0.601306
0.840327
-0.364299
-0.723624
0.935484
0.391705
0.610645
0.534959
0.001251
0.549608
-0.444075
0.941771
0.312540
0.282876
-0.940977
0.506027
-0.071261
0.933653
0.830317
0.239418
-0.451155
0.950804
0.545274
0.014252
-0.551622
-0.607776
-0.900388
0.003510
0.603687
0.421430
0.308939
-0.367229
0.610828
0.954588
-0.528550
-0.160985
0.242531
0.056429
0.534959
0.845943
-0.954344
0.067354
0.928220
-0.963439
-0.351299
0.146764
0.285684
0.411542
-0.856075
-0.906186
0.715934
-0.523789
-0.708731
-0.320231
-0.393414
0.886593
0.762932
-0.946654
-0.769951
0.753410
-0.428449
-0.124546
-0.247658
0.987304
-0.956542
-0.662709
-0.952208
-0.354106
0.038606
0.839534
0.633839
0.755181
-0.266457
-0.475448
-0.051485
0.656545
-0.051057
-0.201270
0.183996
0.962279
0.626148
-0.546861
0.531907
-0.730033
-0.728446
0.149571
0.240699
0.556444
-0.609851
0.981079
0.515183
0.027924
0.069369
-0.204871
0.031953
0.120884
0.139256
-0.554796
-0.362041
0.204871
0.969787
0.292764
0.925840
0.838923
0.305155
-0.851009
-0.285195
0.920774
-0.264443
0.605274
0.361980
-0.530747
0.784051
0.165990
-0.032075
0.852535
-0.947874
0.527329
0.785882
0.346782
-0.970153
-0.762871
-0.929380
0.023957
0.910947
0.176000
0.782586
-0.063021
0.766533
-0.560106
0.228980
0.030610
-0.932066
0.208594
-0.658193
-0.378399
0.168432
-0.296121
0.912046
0.446333
0.959349
-0.698050
0.703299
-0.790704
-0.945677
0.847957
0.430647
-0.317301
-0.806269
-0.589221
-0.692434
-0.943541
-0.993652
0.080966
-0.057772
0.964721
0.458357
0.778069
0.108737
-0.602893
0.248573
-0.257973
-0.486251
0.228736
0.757561
0.642201
0.824885
0.206641
-0.143895
-0.042268
0.530259
-0.650502
0.143345
-0.799615
-0.241127
0.554125
0.299661
-0.311075
-0.351909
0.504990
-0.302347
-0.650624
-0.281716
0.268777
-0.024567
-0.408612
-0.062593
0.938231
-0.712394
0.650502
0.327860
-0.891842
-0.418989
0.151952
0.591662
0.154088
-0.607166
0.443525
0.217750
-0.447676
-0.927427
-0.648732
-0.250771
-0.451033
0.761467
0.546312
-0.375652
0.958251
-0.064730
-0.028596
-0.454146
-0.504440
-0.192663
0.761162
-0.060823
-0.781121
-0.949034
0.791192
0.726737
0.551195
-0.906064
0.657888
0.018769
-0.381451
-0.000763
-0.076998
-0.163915
0.038362
-0.369366
-0.028535
-0.803888
0.929258
0.205054
0.139195
0.162511
0.672903
0.444197
0.751335
0.487228
0.856258
-0.306253
0.034028
-0.540208
-0.075533
0.923154
0.527879
-0.731132
0.325541
-0.068514
0.388043
-0.046480
-0.648549
0.790582
-0.764153
-0.128452
0.976562
0.127049
0.325602
-0.900082
0.501572
0.275979
-0.276833
0.902402
-0.509690
-0.981567
-0.812677
-0.544115
-0.931700
-0.447798
0.115329
-0.256081
-0.430403
-0.274270
-0.796869
0.028169
-0.089084
0.467208
0.377789
0.005890
-0.085116
0.657765
0.809442
0.168981
-0.398114
-0.261025
-0.149449
0.807062
0.487289
0.353984
0.954466
0.911740
-0.859981
0.841426
0.641041
-0.222938
-0.182043
-0.306070
-0.958678
-0.529344
-0.853267
-0.397504
0.917783
0.216346
-0.842158
0.938475
0.696524
-0.727775
-0.344829
-0.152623
0.686819
-0.441694
0.882565
0.300638
0.473922
-0.347453
0.864803
0.687063
0.873165
-0.357646
0.612476
-0.331645
-0.013825
-0.574755
0.889157
-0.172460
-0.930479
0.083285
0.247108
-0.512436
-0.551012
0.020234
0.456587
0.766167
0.531297
0.486984
-0.113498
-0.464949
0.142857
0.762505
0.506394
-0.051180
0.849422
-0.696707
0.405683
0.843257
-0.227882
-0.348491
-0.529160
-0.563036
0.863216
-0.594104
-0.859554
0.512192
0.562792
0.663686
-0.496933
-0.977599
-0.792657
-0.810419
-0.284280
0.935911
0.325968
0.211646
0.809259
-0.649953
0.423688
0.806879
-0.198706
0.774407
0.434858
0.502487
-0.275674
-0.177587
-0.201453
-0.120212
-0.425153
0.340617
-0.780755
-0.598315
-0.663015
0.296976
0.391034
0.143040
0.739372
0.846553
0.705130
-0.048799
0.488693
0.842158
0.881588
-0.117832
-0.811701
0.499313
0.252480
0.945494
-0.866329
-0.763970
-0.578112
0.056856
0.239723
0.370830
-0.393353
0.729911
0.367290
-0.803156
0.932127
-0.595386
-0.926817
-0.284890
-0.805231
-0.399152
0.391034
0.194983
0.900510
-0.918271
-0.199377
0.743889
0.971618
-0.832575
0.431074
-0.562731
-0.076449
-0.798822
-0.772454
-0.765007
0.891232
0.604663
0.801447
0.593188
0.802484
0.246193
-0.680654
0.165807
-0.793573
0.219520
-0.125828
0.752068
-0.603137
-0.824152
-0.807855
-0.582324
-0.010773
0.283303
-0.731559
-0.609180
0.715506
-0.600085
0.874264
-0.516953
-0.711600
0.075716
0.426801
-0.640919
0.404645
-0.068270
-0.717887
0.280435
0.229713
-0.166478
0.951476
-0.419050
0.465316
0.167760
-0.176611
0.052034
-0.934568
-0.820185
-0.845454
0.070345
0.813593
0.291360
-0.546800
0.211341
-0.639332
-0.494858
-0.389203
-0.254860
0.369610
-0.924741
-0.092990
0.509140
0.920713
-0.540391
-0.459639
-0.948607
-0.107883
-0.075045
0.716178
0.980895
-0.327494
-0.338603
-0.692190
-0.411847
-0.442610
-0.535508
0.929746
0.731437
-0.431990
-0.398236
-0.627979
0.906308
0.182348
0.294778
0.743522
0.053255
0.437056
-0.024201
0.677114
-0.962401
0.180456
-0.426252
-0.430036
0.638356
-0.896359
0.816950
0.595080
-0.720023
-0.868221
0.964843
-0.935057
0.599719
0.588977
0.486251
-0.313456
-0.691214
0.131504
0.473983
-0.616871
-0.249306
0.540086
0.095431
0.690847
-0.390790
-0.667592
0.694693
-0.380779
-0.555834
-0.358013
-0.022004
0.540391
-0.107089
-0.935667
-0.252846
-0.991272
-0.934996
-0.225684
-0.044649
0.672720
-0.671682
-0.854122
-0.318033
0.392865
-0.929258
0.016205
0.412702
0.151524
0.251137
-0.424116
0.082858
-0.629444
0.683279
0.134556
0.083712
0.222266
0.951170
-0.400250
0.928037
0.878414
-0.752129
-0.463179
0.771294
0.329875
-0.113926
0.926084
0.641957
-0.037690
0.069979
-0.574877
-0.393048
0.701651
0.177526
0.173315
0.008026
-0.780389
-0.477523
-0.200903
-0.511643
-0.538011
0.635121
-0.295267
-0.581591
-0.812067
-0.602893
0.317301
-0.973693
-0.284158
0.328043
0.900571
0.155370
0.643910
-0.310343
0.317118
0.300882
-0.241554
-0.970336
-0.047456
-0.042940
-0.811090
0.596484
-0.810846
-0.146031
-0.058443
0.474654
-0.421491
-0.036897
-0.863704
0.424604
-0.212317
-0.568163
-0.014496
0.232032
-0.039705
-0.668325
-0.187292
-0.591479
-0.927732
-0.147191
0.748222
-0.304605
0.128391
0.620472
-0.331889
0.303385
-0.003876
-0.842463
-0.950072
0.795404
0.122044
0.395856
0.044649
-0.482101
-0.947508
-0.063814
0.617176
-0.921934
-0.170507
-0.838130
0.181494
0.716300
-0.731437
0.102634
0.191748
-0.116184
-0.610096
0.436811
-0.465743
-0.402692
-0.629261
0.007416
0.487411
-0.158849
-0.073214
-0.386883
-0.288491
0.462569
0.444624
-0.197119
-0.510849
0.561083
-0.587756
-0.608692
-0.102878
0.649831
-0.072115
0.400616
-0.029206
-0.293374
-0.434675
0.670705
0.312906
-0.495407
-0.655324
0.570666
-0.252113
0.234657
0.367962
0.202124
-0.191748
-0.894955
-0.187536
0.638478
-0.931639
0.768365
-0.012299
-0.946043
-0.739372
0.618702
-0.638661
-0.163366
-0.576586
-0.104221
-0.039583
0.666250
-0.666311
-0.109897
-0.468856
0.943541
-0.438765
-0.356548
-0.869625
0.298013
-0.129246
0.388165
-0.920225
-0.920835
-0.169958
0.611927
0.598498
-0.156529
0.531175
0.704520
0.802545
-0.714591
-0.266518
0.840571
-0.694693
-0.360393
-0.351115
0.050569
0.415326
-0.180334
-0.483810
0.494675
-0.589831
0.245338
0.682180
-0.254128
0.314676
-0.282388
-0.246254
-0.192969
-0.151036
0.784906
0.514389
0.960814
0.209387
-0.531297
0.745354
-0.371136
-0.753044
-0.553636
0.887265
0.992676
0.765313
-0.731071
0.692373
0.097324
0.394940
-0.472823
-0.101108
0.120090
0.309061
0.279458
0.281594
0.481735
-0.662404
0.894040
-0.890683
0.702750
0.552965
-0.363262
0.060274
-0.846980
-0.563829
-0.337260
0.862911
-0.743095
-0.448042
-0.171728
0.520310
-0.479720
0.731559
0.282327
0.400555
-0.374981
0.420515
0.099765
0.710318
0.643422
-0.778558
0.610645
0.121128
0.391644
0.941649
0.225990
0.502304
0.692923
0.155126
0.494858
0.656911
0.993164
-0.331400
-0.095614
-0.163854
0.156346
-0.048311
0.456587
-0.611255
0.090548
-0.647877
-0.709769
-0.417280
0.265297
-0.005585
0.144261
0.300882
-0.925962
0.855831
-0.798517
0.873470
-0.128330
0.924253
0.638417
-0.309915
0.258339
-0.485519
-0.652577
-0.236793
0.288491
-0.473312
0.898801
-0.683279
-0.333110
0.516282
-0.164953
0.602344
-0.404767
0.713981
-0.203406
-0.578295
0.204260
-0.408063
-0.699576
-0.749077
-0.119968
0.116855
0.555284
0.907285
-0.210669
-0.487594
0.238624
0.960936
-0.987854
0.140294
0.780999
0.047334
-0.079379
0.020966
0.528245
0.276894
0.593188
0.051241
-0.630238
0.874569
-0.704764
-0.958129
-0.005768
0.546556
-0.447432
0.174169
0.616871
0.406903
0.650563
0.430158
0.135533
-0.838862
-0.748955
0.626637
0.035127
-0.059114
0.851863
-0.382000
0.066683
-0.640980
-0.635426
0.394208
-0.249489
0.121677
0.975524
0.050508
0.809503
0.377422
-0.712088
0.790887
-0.310465
-0.917356
0.424116
-0.215491
-0.213660
-0.091159
0.814142
0.877316
-0.938414
0.365947
0.123203
0.766228
-0.681570
0.133091
-0.868221
0.485824
0.506333
0.354045
0.067965
0.796197
0.634388
-0.119175
-0.972289
-0.178014
0.957945
-0.345744
-0.795953
0.440657
-0.361675
-0.067598
0.807184
-0.959838
0.993103
-0.836665
0.944517
-0.587146
0.863948
0.779290
-0.093417
0.786126
-0.783380
0.597156
-0.881283
0.175756
-0.601917
-0.953795
0.303812
0.327860
0.330058
0.917417
0.234046
0.028108
0.695547
-0.743034
0.791070
-0.096347
0.731376
0.041047
-0.574084
-0.977905
0.050874
0.780999
0.745903
0.365520
0.290017
-0.813410
-0.947752
-0.159825
0.921140
0.989990
-0.671499
0.690786
-0.419721
0.158300
-0.306864
0.489853
-0.116245
-0.720328
-0.053804
-0.193579
0.254128
-0.694327
0.197119
0.068697
0.105564
0.971679
-0.751701
-0.680471
-0.661916
0.132664
0.936399
-0.007782
0.966735
0.496628
-0.151097
0.403790
-0.338908
0.300638
0.512803
-0.935972
-0.103000
0.123386
-0.558702
-0.854183
-0.925596
-0.639698
0.272073
0.204566
-0.220679
0.360942
0.614978
-0.635609
0.648061
-0.633045
0.363201
0.577807
0.787042
-0.393292
-0.455306
-0.629078
-0.893307
0.427046
-0.545640
0.204321
-0.778314
0.666128
0.415387
-0.349895
-0.874081
-0.544237
-0.391156
-0.505905
0.276955
-0.752251
-0.927122
0.846370
0.224647
0.155126
-0.320780
-0.876034
0.909482
0.097629
-0.457320
-0.275979
0.554430
0.152867
0.889218
-0.644704
0.792291
-0.431440
0.355632
0.208899
-0.065157
0.957030
0.983215
0.654164
0.478561
-0.384991
0.141270
-0.503403
-0.855525
0.927793
-0.563707
0.011505
0.798395
0.305582
0.447188
0.070833
0.785211
0.139561
0.555834
-0.046541
-0.164708
0.084628
-0.991028
0.477889
0.263588
-0.404828
-0.448775
-0.631642
-0.801508
0.856746
-0.657521
0.934446
-0.869381
0.165075
-0.167028
-0.626759
0.141697
-0.824885
0.120090
0.996460
-0.604602
-0.431379
0.322794
0.884091
0.125523
-0.604785
0.040864
-0.126804
-0.511887
-0.843684
-0.338542
-0.877499
-0.550707
0.534227
0.538133
-0.615101
0.463301
-0.259987
0.263222
-0.950926
-0.167150
0.996033
-0.863155
0.848140
0.701956
-0.467025
0.532640
-0.790704
0.374798
-0.288797
0.789178
0.439253
-0.630116
0.830134
0.687551
-0.048189
0.390973
0.777459
-0.496139
-0.912656
0.241066
-0.684805
0.576464
-0.009308
0.013092
-0.041963
0.300455
-0.202612
-0.185644
-0.184606
-0.154149
-0.094150
-0.448103
0.406110
0.724235
0.280801
0.506943
0.754082
-0.729118
0.837031
0.011994
0.280374
0.392865
-0.197974
-0.793573
0.522385
0.108554
-0.232521
-0.491684
0.682119
0.752251
-0.672231
-0.570482
-0.388165
0.314615
-0.073885
0.282388
0.040437
0.781426
-0.259194
0.980590
0.845027
0.290506
0.194189
0.251686
0.955992
0.876278
-0.405011
0.340983
-0.560778
-0.434248
-0.211280
-0.250038
0.693228
0.690603
0.817438
-0.484298
0.540269
0.003265
-0.181677
0.618152
-0.336650
0.270913
-0.969970
0.780999
-0.260659
0.718925
-0.851070
-0.213050
-0.840144
-0.201880
0.968444
-0.707633
-0.742241
0.415876
-0.686941
0.615223
-0.609790
-0.669118
0.327982
-0.322245
0.900815
-0.785699
-0.270058
-0.355205
-0.604297
0.592578
-0.680593
0.067232
-0.997803
0.578173
-0.440962
-0.824335
0.453475
0.412152
0.850276
-0.901181
0.994690
-0.524644
-0.564135
0.926023
0.958739
-0.562853
-0.884335
-0.999390
-0.383831
-0.034639
0.110385
-0.977905
-0.290689
0.134922
-0.388836
-0.328043
0.881466
-0.633229
-0.664296
0.666677
-0.181982
-0.598071
0.621509
0.590442
-0.414594
0.792474
0.829768
0.090670
-0.810114
0.946471
