0.037141
0.082064
-0.314920
-0.476791
-0.008026
0.952269
0.057833
-0.900693
0.669912
0.973754
-0.686880
-0.107273
0.045808
-0.988098
-0.938353
-0.743034
-0.376812
0.319864
-0.558519
-0.188330
0.126682
0.249001
0.035005
-0.499313
-0.587268
0.944456
-0.520493
-0.473556
0.282571
0.741874
-0.966491
0.220008
0.330546
0.389386
-0.893063
0.602893
0.720206
0.997192
0.454634
-0.418683
0.903256
-0.249794
0.061312
-0.769707
0.356731
0.848933
-0.571398
0.961852
0.511521
0.583178
0.943968
-0.409955
-0.921018
0.920408
0.292703
-0.178991
-0.094638
-0.469527
0.502915
0.210913
0.855708
0.810236
-0.992981
-0.897885
0.106113
-0.702689
0.993774
0.685842
-0.567736
-0.024262
0.642994
0.592822
-0.549730
-0.823420
-0.941649
-0.420209
0.601550
-0.171178
0.977783
0.053804
0.140172
-0.884579
-0.733451
0.520554
0.426252
0.897275
-0.422956
0.740837
-0.298868
-0.787713
-0.182409
0.720023
-0.236976
0.391339
0.157079
0.673574
-0.077548
-0.326029
-0.996643
0.104221
-0.598560
-0.064913
-0.900632
-0.154576
0.618763
-0.765252
0.485702
-0.092990
0.331156
0.298196
-0.068209
-0.602222
0.098849
-0.201392
0.712577
-0.529221
-0.222022
-0.567492
-0.269570
-0.196081
0.482406
-0.512375
-0.768426
0.314249
0.989380
0.984558
0.100742
-0.312296
0.915891
0.245399
-0.937925
-0.254006
0.244362
0.677480
0.194189
-0.812006
0.512803
-0.913694
-0.449019
-0.354106
-0.065950
0.973632
-0.374493
0.827143
0.975524
-0.964171
0.063387
0.292398
-0.689932
-0.608264
-0.451399
0.812922
0.905454
-0.076022
0.202673
-0.556017
0.512131
0.956603
0.318644
-0.835505
-0.094882
0.408368
-0.377361
0.461715
0.098972
0.921201
-0.001190
0.079745
-0.024873
0.531968
0.273476
0.882321
0.939085
-0.801386
0.466109
-0.892026
0.621265
0.478927
0.283853
0.446394
0.493088
0.007111
-0.277627
-0.071688
-0.935606
0.220985
-0.286721
-0.394391
0.121677
-0.142674
-0.868587
-0.857295
0.251930
0.949767
-0.790582
-0.947752
0.761467
0.552599
-0.568285
-0.137730
-0.767205
-0.174657
0.371563
-0.358745
0.684194
-0.556810
-0.088290
-0.686819
-0.815790
-0.208106
-0.872250
-0.322428
0.322794
0.992737
0.747490
-0.547777
-0.061007
0.408490
0.879818
-0.156529
-0.753044
-0.199072
0.392438
0.163488
0.973998
0.525620
0.776605
-0.386822
-0.304910
-0.947264
0.070650
0.436018
0.266579
-0.905087
-0.014985
-0.120640
-0.886654
0.284524
0.750969
0.844600
-0.065279
-0.878964
-0.901303
-0.288308
0.903989
-0.973693
0.840144
0.754204
0.568163
-0.036164
-0.251747
-0.460799
-0.113804
-0.323954
0.426923
0.728324
0.580493
-0.270608
-0.791559
-0.462142
-0.009308
0.647633
0.399091
-0.457259
-0.218909
0.541917
-0.045137
-0.261696
0.976745
0.095065
0.383282
0.900143
-0.709769
-0.739494
-0.718314
-0.968322
0.299966
-0.147313
0.578417
0.767632
-0.332560
-0.966552
-0.899167
-0.965880
0.389508
0.818049
-0.226539
0.391705
-0.116245
-0.566210
0.944456
0.180090
0.200720
-0.802057
0.600513
-0.739067
-0.033296
-0.889096
0.219459
0.741020
-0.294778
0.581713
-0.692495
-0.860958
0.942625
0.026704
-0.753227
-0.880612
-0.842402
0.121372
0.184484
0.627308
-0.906796
0.508652
0.011750
0.357524
0.627430
0.027192
-0.096408
0.538133
-0.373760
-0.323283
-0.983947
-0.513169
0.737785
-0.253334
-0.357707
-0.818232
-0.469405
-0.861629
-0.810297
-0.975341
-0.129124
0.443587
-0.973144
0.697745
-0.909055
-0.837214
0.802728
-0.431562
0.164159
-0.623280
0.633595
0.222327
-0.019196
-0.580309
-0.975219
0.301187
0.814081
0.129917
-0.437239
-0.917051
0.387005
0.051546
0.890133
-0.273354
0.571520
-0.611133
0.395978
0.878048
0.582018
-0.193030
0.592639
0.668325
0.621632
-0.799799
0.552965
-0.660451
-0.311197
0.654164
-0.795953
-0.091830
-0.271950
-0.004791
0.039216
0.287149
0.818110
0.206519
0.429731
0.415937
0.135899
0.229591
-0.845332
-0.766472
-0.686758
0.228675
-0.496078
0.001740
0.664235
0.692495
0.125462
-0.759087
-0.466109
-0.759697
-0.805231
0.407880
0.233375
-0.445296
-0.894223
-0.880184
-0.231788
-0.735771
0.306925
0.975219
0.626576
-0.311075
-0.235328
-0.087008
0.576769
0.066622
0.577258
0.950438
0.631703
-0.512925
-0.125828
0.897275
-0.640614
-0.282510
-0.340312
-0.947142
0.889462
0.175329
0.160375
-0.368572
-0.737602
0.841975
0.813776
-0.337931
0.559252
0.955687
-0.655568
0.644154
-0.148412
0.167089
0.872311
0.288430
-0.738639
-0.780755
0.424055
0.506149
-0.059725
-0.425642
0.173254
0.971862
0.662954
-0.573229
0.184240
0.179479
0.720817
0.622547
0.103305
0.645253
-0.388287
-0.195410
0.865658
-0.539781
-0.968688
-0.183081
-0.594104
-0.805780
0.401166
-0.159276
0.742912
0.963683
0.604907
0.032014
0.627735
-0.595752
-0.244850
0.117161
0.921079
-0.966430
-0.373333
-0.300333
0.530931
0.465438
0.842463
0.723441
-0.351482
0.305338
-0.758232
0.910581
0.410871
0.859004
0.855159
-0.199927
-0.045930
-0.947996
-0.177770
-0.249306
-0.256325
-0.586962
-0.284463
-0.778253
0.821100
-0.305460
-0.704703
0.069796
-0.813349
-0.165319
-0.118442
-0.671926
0.872860
0.647633
0.153478
0.830378
-0.143651
0.746330
0.756462
0.740837
-0.935667
-0.973449
-0.757683
-0.378704
0.569445
0.269265
-0.765374
0.032258
0.498154
0.940733
0.813227
-0.632191
-0.223670
-0.565844
0.499191
0.034944
0.442549
-0.516037
0.999878
-0.850032
-0.626698
0.221229
0.862117
-0.380840
-0.842463
0.589526
-0.036348
0.954588
-0.557787
0.691092
0.355754
0.139012
0.737480
0.420820
0.733024
0.315714
0.754021
-0.829768
0.697378
0.281045
-0.558580
-0.294290
-0.746025
0.583483
0.691946
-0.994629
0.348125
-0.395367
0.869503
0.975585
0.306864
0.942259
-0.844234
-0.584948
0.371197
-0.374432
-0.242347
-0.484970
-0.377789
-0.607959
0.563097
0.585192
-0.799310
0.788751
-0.580859
0.268654
0.338908
0.992553
0.513291
-0.580432
0.937498
-0.585864
-0.225135
-0.996765
0.263283
0.113742
-0.835749
-0.580187
0.167699
0.281594
-0.212989
-0.420392
0.842341
-0.731132
0.943236
0.940428
-0.155736
-0.621265
0.060030
-0.007660
0.588610
0.390545
0.487594
-0.233619
-0.766717
0.663076
0.232948
0.678640
0.298196
-0.382855
-0.746208
0.519150
-0.849666
0.397565
-0.082980
-0.971374
-0.497360
-0.637867
0.911924
-0.195227
-0.882015
0.778619
0.068880
-0.165807
0.123753
-0.053255
0.830439
-0.233070
0.547655
-0.067354
-0.202307
-0.073702
-0.477340
-0.437300
0.515427
-0.721183
0.572192
-0.236671
0.992431
-0.620167
-0.074496
-0.754692
0.192724
-0.671987
-0.551988
0.630238
-0.285379
-0.992920
0.250160
-0.863338
-0.942686
0.154820
0.240577
-0.554979
-0.533921
-0.129246
0.129612
0.177343
0.882565
0.505783
-0.642750
-0.499313
-0.118381
0.321329
0.602039
0.460982
-0.423566
0.806757
0.893918
-0.858516
0.675832
-0.196509
-0.926939
-0.271096
0.046663
-0.292825
0.227088
-0.078646
0.036103
0.527207
0.261208
0.089450
0.531602
-0.037080
0.404584
0.577746
-0.493027
-0.435835
-0.552904
-0.568896
-0.275613
0.998962
-0.726066
-0.752556
0.647389
-0.619495
-0.662343
0.303201
0.926695
-0.225318
0.047639
0.521897
0.697623
-0.706595
0.451216
0.964049
0.507004
-0.979980
-0.019807
-0.906674
0.541673
-0.860347
0.807794
-0.179235
-0.191259
0.373882
-0.137059
-0.940611
0.695608
-0.379376
0.725150
0.037141
-0.657460
-0.042268
-0.982238
0.706900
0.617786
-0.615162
-0.251991
-0.134434
-0.749748
0.107700
0.783441
0.118137
-0.960509
-0.849239
-0.721549
0.812555
-0.872860
-0.820795
-0.521592
0.770989
0.181005
-0.680044
0.055269
-0.924131
-0.300394
0.174841
-0.846919
0.683645
0.479965
-0.390057
0.780267
-0.815729
0.259011
-0.491745
0.763176
-0.322184
0.539720
0.591784
-0.430342
0.931883
0.478195
0.977111
0.425459
-0.273232
0.196570
0.785699
0.341899
0.368999
-0.109165
-0.110508
-0.309732
-0.545701
-0.040681
0.532334
0.815607
-0.665578
0.476547
-0.602161
-0.592883
0.382122
-0.306314
-0.159581
-0.628285
-0.385662
-0.739738
0.925901
0.628346
0.981323
-0.022370
-0.384503
-0.530198
-0.299783
-0.301126
-0.277749
0.916196
0.541124
0.295145
-0.799677
-0.524644
-0.919187
0.132237
-0.609607
-0.188879
0.100436
-0.084262
0.407697
0.951415
0.714103
0.432844
-0.178259
0.372234
-0.217566
-0.040010
-0.697806
0.570605
0.185278
0.420270
0.161351
0.456893
0.123875
0.332499
-0.994934
-0.289834
0.861812
0.076388
0.551866
0.617847
0.546556
-0.843074
0.423383
-0.467940
0.722648
0.249245
0.432234
-0.096530
-0.435591
-0.113315
0.353313
-0.002106
0.837031
-0.779412
0.763665
-0.260475
-0.384808
-0.048250
0.285440
0.563707
-0.618397
0.085482
-0.509568
-0.754082
0.398175
0.827937
-0.126804
-0.164159
-0.731803
-0.527085
-0.985168
0.827570
-0.634388
0.474715
0.289102
0.527818
0.078463
0.950438
-0.423872
-0.589282
-0.010834
0.322672
-0.494430
0.480270
-0.602710
0.426984
-0.544786
-0.444014
0.342326
-0.501267
-0.530808
0.386273
-0.201575
0.425031
0.573656
0.403058
-0.818293
0.751091
0.900754
-0.473312
0.286294
0.775872
-0.871639
0.973571
-0.862728
0.994690
0.401288
0.909177
-0.599841
-0.183935
-0.578784
0.228370
0.010712
-0.686392
0.369304
-0.348979
-0.302225
0.662282
-0.986145
0.457869
0.231300
-0.196631
0.951170
-0.257790
-0.778497
0.582690
0.903317
-0.908750
0.909726
-0.828181
-0.353923
-0.296609
0.117527
0.240761
0.020295
0.401044
0.845393
-0.252907
-0.647206
-0.108921
0.141209
0.635731
0.379254
0.968871
-0.045076
-0.714103
-0.986633
-0.364910
0.641102
0.002655
-0.584094
0.692679
0.857173
-0.725883
0.207678
0.900571
0.628895
0.177404
0.593677
0.490768
-0.229347
0.390423
-0.301126
-0.576647
-0.930662
0.289956
0.384991
-0.528916
-0.830500
0.046297
-0.755364
-0.825922
0.586962
0.799432
0.915525
-0.835627
0.085360
0.732963
-0.118564
-0.898495
0.039155
-0.522935
-0.582751
0.969787
0.567980
0.747246
0.197363
0.225745
0.368328
-0.275430
0.433576
-0.873959
-0.586108
-0.241493
-0.584155
-0.913938
-0.475814
0.997925
0.535386
0.717765
0.823542
0.082980
0.129307
-0.552599
0.023591
-0.428327
-0.426984
0.014740
0.857356
0.611621
-0.379498
0.234107
0.239662
0.808893
-0.557787
-0.288553
-0.213843
-0.284524
0.673879
0.853084
-0.869625
0.887570
0.235939
-0.192236
-0.842036
-0.555773
-0.943724
-0.723258
0.951598
-0.909848
0.798334
-0.563036
0.434553
-0.966491
-0.545946
-0.250038
-0.141087
0.403974
0.202857
-0.205115
0.653249
-0.170324
-0.165746
0.375469
-0.598193
-0.304483
0.994079
0.618213
-0.809381
0.372539
0.892392
-0.894345
-0.328227
-0.811823
-0.549059
-0.788751
-0.547105
-0.822993
-0.952086
-0.820124
-0.658437
0.831782
-0.114292
0.079379
-0.955321
0.347636
-0.432295
-0.071139
0.363872
0.085665
-0.428999
-0.542344
0.603626
-0.914243
-0.297769
-0.876705
0.154393
-0.542283
0.861995
0.405805
0.964599
0.908811
0.614551
-0.229774
-0.053743
0.787774
-0.066073
-0.353984
-0.199805
0.174230
0.411115
0.723685
-0.581042
-0.521531
-0.667470
0.852168
0.057649
0.640675
-0.155248
-0.644581
0.879818
0.366131
0.362651
0.165685
-0.872494
0.651296
-0.591968
-0.746818
0.973998
0.908139
0.014435
-0.168615
-0.465987
0.825556
-0.117893
0.170568
0.120762
-0.003021
0.258889
0.623280
0.696402
0.079562
-0.138401
-0.162389
0.600574
0.965697
-0.159154
0.232276
0.982116
0.937254
0.177953
0.820734
-0.999084
0.862911
-0.371990
-0.203589
0.530869
-0.130589
-0.948057
0.439924
0.066195
-0.211707
-0.705985
-0.913388
0.941465
-0.640553
0.600879
0.032380
0.434553
0.367534
-0.365947
0.645375
-0.787530
0.335429
-0.234901
-0.341044
-0.657582
0.821100
-0.510727
0.370769
0.017792
0.668081
-0.994079
0.729057
0.320170
-0.556017
-0.799127
0.992798
0.414716
0.316568
-0.413739
-0.907468
0.979614
-0.103122
0.410077
0.252724
-0.171545
0.710868
0.489303
0.482833
-0.476302
-0.780267
0.322855
-0.873592
-0.583911
-0.977783
-0.951903
-0.954527
0.749260
-0.734916
0.337260
-0.946532
0.150121
0.125523
-0.142186
-0.481796
0.913877
-0.372295
-0.475387
-0.615406
0.324992
-0.779901
0.710379
0.277810
0.834040
0.666189
-0.199072
0.494797
-0.268899
-0.274819
-0.694754
0.140294
0.301309
-0.214209
-0.708365
-0.422956
0.168859
0.042329
0.849422
-0.294595
-0.266701
-0.629749
-0.682852
0.956053
-0.944212
0.439802
-0.071749
0.010407
-0.673635
-0.528245
0.307230
-0.751152
-0.321451
-0.619922
-0.372967
-0.109226
0.664785
0.543809
-0.358257
0.389325
-0.599780
0.126743
0.144200
-0.634205
0.641835
-0.092929
0.405927
0.550707
-0.731742
0.214331
-0.516099
0.464278
-0.795770
-0.452681
0.559252
0.455672
-0.040071
-0.378765
-0.675344
0.700064
0.011689
-0.426740
0.569933
0.794916
-0.518967
0.180090
0.415815
-0.503159
0.755913
0.492538
0.855464
-0.580615
0.462569
-0.121738
-0.119785
0.645985
-0.541246
-0.727042
-0.419172
0.001801
-0.594775
-0.121006
0.462813
0.346599
0.170629
0.327311
-0.510483
0.768975
-0.174291
0.009919
0.664480
-0.544664
-0.667959
-0.806024
-0.019745
-0.671499
0.464888
0.657949
0.748466
0.948180
0.958800
-0.253090
-0.658864
0.555956
-0.787408
-0.439192
0.328776
-0.410993
-0.396832
0.017914
-0.927732
0.462752
-0.798273
-0.510300
0.874508
-0.998108
0.979736
-0.753471
-0.768365
0.993652
0.058199
-0.902524
-0.073885
0.375896
-0.355754
-0.189489
0.061251
0.458907
-0.574145
0.397626
-0.156407
0.490951
0.533616
0.648671
0.053743
-0.541063
0.105564
-0.228919
-0.290872
-0.383404
0.036836
-0.721488
-0.457320
-0.303751
-0.517624
-0.346294
-0.949400
0.857173
0.499496
-0.391522
-0.142369
-0.131016
-0.816767
-0.682852
0.940184
-0.634510
0.343364
0.452742
-0.454268
-0.875973
0.503525
-0.812250
0.775506
0.688101
-0.263588
-0.078097
-0.824152
0.631520
-0.448775
-0.091830
-0.961486
0.876827
-0.747612
-0.595630
0.930601
0.057955
0.544786
-0.950011
-0.399945
-0.997742
-0.350017
0.029206
-0.913022
-0.316507
0.015168
-0.671865
0.522568
0.167150
0.115146
0.157201
-0.572130
-0.774407
0.520066
0.309977
0.935850
-0.238624
0.574145
0.743767
-0.641774
0.972106
0.174535
-0.235206
0.951476
0.333598
0.174352
0.377606
-0.407270
0.683157
0.563524
0.649770
-0.233375
-0.596057
-0.727165
0.561998
0.587390
-0.541673
-0.753716
0.993835
0.127659
0.401532
0.246620
-0.139378
0.871761
-0.625050
0.076815
0.278542
0.871029
-0.816034
-0.752190
-0.276528
0.549608
0.408429
0.385113
-0.239235
-0.023896
0.910886
-0.147679
-0.711295
-0.078280
-0.169347
-0.601794
-0.491562
-0.440779
-0.756279
-0.604602
-0.028169
0.670339
0.871700
-0.179052
0.931394
-0.881893
-0.316568
0.085910
0.130589
-0.284829
0.928465
-0.731681
-0.259621
-0.106723
0.323283
-0.044160
-0.243324
-0.322977
-0.548204
-0.555773
0.517258
0.222755
0.749321
-0.294595
-0.330180
-0.060152
-0.272439
0.897092
-0.228187
-0.686636
-0.289285
0.527451
0.645558
0.709647
0.516037
-0.492965
-0.454817
-0.825495
0.681021
-0.906003
0.739006
-0.909848
-0.689688
-0.322001
0.214270
0.602588
-0.180639
0.493027
-0.968383
-0.330546
-0.026032
0.826594
0.378643
0.703177
0.274087
0.551439
0.957091
0.167089
-0.446272
-0.746452
-0.029206
0.014435
0.212989
0.891964
0.953368
0.651173
-0.224158
0.107517
-0.939329
0.904660
0.538194
0.195471
-0.343364
-0.624683
-0.312723
-0.568163
-0.923338
0.876461
0.821345
-0.700552
-0.442305
0.767876
0.082430
-0.454634
0.489669
0.276711
0.839778
0.340983
-0.303079
0.674001
0.784295
0.059908
0.051729
0.722037
-0.080477
0.374676
0.486801
0.946593
0.168004
-0.809687
-0.588977
-0.227393
0.538499
0.835994
-0.989074
-0.403668
-0.484664
-0.252052
0.903256
0.918027
-0.591601
0.852351
0.925901
0.637074
-0.799310
-0.960326
0.391705
-0.784906
0.316385
-0.351176
0.386517
-0.136814
0.536058
0.692190
0.211768
0.163244
0.019623
-0.059114
-0.516953
0.721976
-0.361126
-0.169836
0.786981
-0.757927
-0.045442
0.298685
0.779412
-0.208106
-0.120701
0.663076
-0.882260
0.626087
-0.063875
-0.782525
-0.937193
-0.334147
-0.071200
0.342143
-0.054292
0.270547
0.742119
0.055330
0.577807
-0.163976
0.984008
-0.081454
0.117832
-0.360027
-0.264626
0.577136
-0.252419
-0.361003
-0.667653
0.725883
-0.800836
-0.206458
