0.712516
0.082064
-0.314920
0.867367
-0.008026
0.952269
0.057833
-0.900693
0.669912
-0.309305
-0.649648
-0.107273
0.045808
0.822016
-0.938353
-0.743034
-0.397259
0.319864
-0.558519
-0.188330
0.385601
-0.223304
-0.023225
-0.499313
-0.862667
-0.620838
-0.450545
-0.473556
0.667165
0.741874
-0.966491
0.220008
-0.691946
0.389386
0.715995
0.602893
0.720206
-0.793085
0.454634
-0.418683
-0.783502
-0.892514
0.061312
-0.661916
0.356731
-0.476547
-0.600513
0.483627
0.511521
0.583178
0.113681
0.495346
0.836238
0.920408
-0.727714
-0.178991
-0.094638
-0.647816
0.502915
0.879269
0.855708
0.810236
0.449568
-0.897885
0.106113
-0.702689
0.993774
0.685842
0.656178
-0.264260
-0.028596
0.592822
-0.549730
-0.823420
-0.008454
0.155492
0.601550
-0.171178
0.977783
0.053804
0.140172
-0.884579
0.193457
-0.773553
0.426252
0.897275
-0.422956
0.573229
-0.528672
-0.787713
0.902219
0.313883
-0.236976
-0.426679
0.157079
0.109958
-0.044649
0.218421
-0.996643
-0.619312
-0.449934
-0.064913
-0.690298
-0.154576
-0.672414
-0.765252
0.485702
0.872005
0.023774
0.647145
-0.101352
-0.841792
-0.914426
-0.201392
0.665822
-0.044710
-0.774590
-0.207434
0.630177
-0.196081
0.482406
0.074984
-0.768426
-0.208777
0.232826
0.984558
-0.172582
0.968627
0.915891
0.245399
-0.830683
0.429243
0.253761
-0.739860
0.194189
-0.812006
-0.790460
-0.913694
-0.449019
0.441694
-0.354717
0.973632
-0.131260
0.827143
-0.748283
0.714896
0.063387
0.292398
-0.689932
0.249367
-0.451399
-0.358989
0.864803
-0.076022
0.202673
-0.687490
-0.526963
-0.444685
0.318644
0.875546
0.051424
-0.938108
0.993408
0.461715
0.098972
0.921201
0.001068
-0.121738
0.683584
0.531968
0.273476
0.363628
0.939085
-0.768975
0.391461
0.691031
0.621265
-0.422285
-0.271645
-0.121372
0.493088
-0.765252
-0.359050
-0.071688
-0.935606
0.220985
-0.286721
-0.394391
-0.149022
0.886288
-0.796503
-0.857295
0.980163
-0.672414
-0.790582
-0.497177
0.761467
0.552599
-0.631764
0.029695
0.296121
-0.174657
0.371563
0.163732
0.684194
-0.280740
-0.088290
-0.686819
-0.699698
-0.208106
-0.872250
-0.322428
0.322794
0.992737
0.747490
-0.296365
-0.097690
0.456099
0.879818
-0.156529
-0.753044
-0.333903
0.392438
0.163488
0.973998
0.849605
-0.863155
-0.239113
0.923093
-0.947264
0.070650
-0.138707
0.513840
-0.905087
-0.014985
-0.120640
-0.886654
0.626148
0.597949
0.844600
-0.065279
-0.878964
0.509079
0.452681
0.903989
-0.973693
0.840144
0.754204
0.568163
-0.099643
-0.370647
-0.285562
-0.113804
0.550218
0.426923
0.728324
0.333415
-0.270608
-0.791559
-0.494064
-0.009308
0.461715
0.399091
-0.457259
-0.218909
0.299051
-0.186132
-0.261696
0.976745
0.095065
-0.954711
0.900143
0.084078
-0.702078
-0.718314
-0.968322
0.299966
-0.100925
-0.852840
0.767632
-0.345317
-0.966552
-0.899167
0.428266
0.389508
0.818049
-0.704093
-0.596850
-0.387066
-0.547349
0.944456
0.180090
0.200720
-0.084201
0.600513
-0.739067
-0.033296
-0.889096
-0.483261
0.009857
0.118625
0.581713
-0.692495
-0.860958
0.744621
-0.454207
0.974609
-0.880612
-0.842402
0.010041
0.184484
0.627308
-0.906796
0.508652
-0.324992
0.357524
0.627430
-0.975280
-0.096408
-0.882321
-0.373760
-0.323283
-0.983947
0.544298
-0.601611
-0.253334
-0.357707
-0.818232
-0.469405
0.991394
0.908994
-0.190954
-0.129124
0.582385
-0.973144
0.697745
-0.909055
-0.837214
0.802728
-0.431562
-0.719779
0.360149
0.633595
0.483627
-0.385479
-0.580309
-0.975219
0.301187
0.814081
0.129917
-0.437239
-0.917051
-0.588794
0.051546
-0.847896
0.009674
0.687674
-0.943480
0.395978
0.878048
-0.176489
-0.837764
0.592639
0.668325
0.621632
-0.799799
0.552965
-0.660451
-0.311197
-0.610584
-0.795953
-0.193884
0.190771
0.231849
-0.368511
-0.945006
0.818110
0.206519
-0.424726
0.415937
0.666860
0.229591
-0.845332
-0.766472
-0.686758
0.228675
-0.496078
0.001740
-0.981628
0.692495
0.125462
-0.759087
-0.976562
-0.759697
0.895199
0.621815
0.661550
0.764214
-0.894223
0.837703
0.321390
-0.735771
0.306925
-0.921323
0.128513
-0.311075
0.505905
0.470382
0.576769
0.066622
0.577258
0.950438
0.503037
0.003998
-0.775994
0.889340
0.731315
-0.282510
-0.340312
-0.947142
0.240883
0.175329
-0.368938
-0.368572
0.678640
0.841975
0.054842
-0.337931
-0.256630
-0.950316
-0.655568
-0.701224
-0.148412
0.003937
0.872311
0.146886
-0.738639
-0.441511
-0.325053
-0.785821
-0.003754
-0.425642
-0.233131
-0.997070
0.662954
0.436323
0.298379
0.179479
0.012848
0.622547
-0.742546
0.340556
-0.388287
0.253090
-0.804376
0.707633
0.477096
-0.183081
-0.594104
-0.805780
-0.056124
0.030854
0.742912
-0.256874
0.604907
0.004608
0.062166
-0.595752
0.212134
0.220740
-0.377422
0.257241
-0.373333
-0.300333
0.705496
0.438398
-0.563158
0.723441
-0.826350
0.568468
-0.758232
0.910581
-0.585376
0.859004
0.633412
-0.551439
-0.045930
-0.947996
-0.177770
0.555162
0.277322
0.157933
0.109348
0.133091
-0.256630
-0.806269
-0.704703
0.998169
-0.813349
0.518052
0.289346
-0.671926
0.890988
0.647633
0.153478
0.830378
0.447127
0.746330
0.756462
-0.730399
-0.935667
-0.184240
-0.445540
0.267861
0.898007
-0.100070
-0.583605
0.652333
0.498154
-0.051424
-0.516648
-0.632191
-0.223670
-0.872738
-0.569323
0.690237
0.898862
-0.516037
0.970519
-0.850032
-0.626698
0.852412
0.862117
0.950438
-0.842463
0.589526
-0.036348
0.323405
-0.557787
0.691092
-0.899838
-0.635670
-0.748466
-0.246803
-0.357158
0.315714
0.869503
0.486618
0.697378
-0.354900
-0.558580
-0.081271
0.651540
0.583483
0.691946
-0.994629
0.945128
-0.355571
-0.289834
0.975585
-0.429243
-0.487533
0.879818
-0.490158
0.119175
-0.374432
0.953246
-0.872555
0.984313
-0.607959
-0.398907
0.585192
0.008942
0.425275
-0.580859
0.028779
0.338908
-0.771355
0.513291
0.188940
0.937498
-0.585864
0.358135
-0.253517
0.800775
0.113742
-0.476608
0.339640
-0.894589
0.281594
0.495041
-0.420392
0.541246
-0.095492
0.943236
0.804621
-0.515610
-0.621265
-0.176305
-0.729728
0.586108
-0.630238
-0.254433
-0.233619
0.686941
0.663076
0.232948
0.678640
0.298196
-0.728385
-0.733451
-0.101901
-0.598193
0.397565
-0.082980
0.488998
-0.497360
-0.637867
-0.799066
-0.427229
-0.882015
0.778619
0.072481
-0.165807
0.123753
-0.053255
-0.772820
-0.233070
0.547655
0.894528
0.164953
0.508286
-0.477340
-0.437300
0.557360
-0.721183
0.572192
-0.727653
-0.174902
0.664174
-0.074496
-0.405438
-0.579272
-0.054476
-0.551988
0.630238
-0.285379
-0.992920
0.250160
0.511521
-0.197058
-0.330973
0.240577
-0.967528
0.411847
-0.129246
-0.854060
-0.288247
0.882565
0.602588
-0.375652
-0.499313
-0.118381
-0.458846
0.602039
0.460982
0.132115
0.806757
0.893918
-0.858516
-0.144322
-0.447127
0.689322
0.244606
-0.782525
-0.292825
0.227088
-0.078646
-0.105991
-0.972655
0.305582
0.089450
0.763726
0.356243
-0.709098
0.577746
-0.493027
-0.162389
0.778924
-0.641102
-0.240455
0.998962
-0.726066
0.353923
-0.403790
-0.619495
-0.662343
-0.914609
-0.907834
-0.225318
0.345683
0.099460
-0.786431
-0.898556
-0.082369
0.964049
0.507004
-0.979980
0.401654
-0.906674
0.541673
-0.672414
-0.582263
0.231666
0.552782
-0.872921
0.680654
-0.940611
0.695608
-0.564806
0.199316
0.037141
0.396649
-0.042268
0.078158
0.053011
0.617786
-0.615162
-0.251991
-0.134434
-0.749748
-0.047273
0.783441
0.394086
-0.960509
0.200354
0.029878
0.871273
-0.379009
-0.262856
-0.521592
0.770989
0.012482
0.522324
0.055269
-0.924131
-0.320109
0.174841
-0.846919
-0.264992
-0.250404
-0.966613
-0.133152
-0.815729
0.517502
-0.491745
0.763176
-0.322184
0.195654
0.591784
-0.430342
-0.266335
-0.029695
-0.829035
-0.607715
-0.273232
0.196570
0.785699
0.341899
-0.251991
-0.109165
-0.110508
-0.309732
-0.545701
-0.852168
0.133518
-0.634388
-0.665578
0.476547
-0.602161
-0.253334
0.382122
0.325236
-0.328715
0.715934
-0.904965
0.459822
0.925901
0.896420
0.981323
0.825373
-0.637257
-0.530198
0.978759
0.719901
-0.817621
-0.829890
0.541124
0.295145
-0.799677
-0.524644
0.975158
-0.904599
-0.937376
-0.445112
0.100436
-0.084262
0.407697
0.812372
0.409894
0.432844
0.894894
0.780389
-0.772210
-0.875851
-0.697806
0.570605
0.826167
0.420270
0.161351
-0.355998
-0.798700
-0.492538
0.184668
0.946959
-0.349101
0.337626
0.551866
0.917295
0.546556
-0.843074
-0.670644
-0.191687
0.840022
-0.220862
0.432234
-0.096530
0.703543
-0.113315
0.216407
-0.002106
0.837031
-0.779412
-0.274209
0.068941
-0.384808
-0.048250
0.285440
0.563707
-0.618397
0.085482
0.683340
-0.905637
0.398175
0.483871
-0.126804
-0.164159
0.507675
0.127232
-0.985168
0.802301
-0.109653
0.474715
0.289102
0.527818
0.078463
0.950438
0.514817
-0.589282
-0.963073
0.977783
0.972594
-0.721061
-0.344523
0.426984
-0.101718
-0.504135
0.297647
0.225806
-0.530808
0.386273
-0.201575
0.425031
-0.638600
0.767266
0.864742
-0.614978
0.318339
0.055086
0.741447
-0.667531
-0.871639
0.000580
-0.862728
0.780450
0.401288
0.909177
0.050935
-0.183935
0.666311
0.948607
0.010712
-0.039094
0.369304
0.980041
-0.302225
-0.549120
-0.109287
0.687674
0.231300
-0.652882
0.951170
-0.940855
-0.356792
0.582690
0.903317
-0.285073
-0.684683
0.840205
-0.652455
0.424421
0.117527
-0.919248
-0.780389
0.401044
0.029389
-0.252907
-0.647206
-0.108921
0.715323
-0.768975
0.379254
0.968871
0.452986
-0.714103
-0.986633
-0.364910
-0.473739
0.002655
-0.721183
-0.812067
0.857173
-0.725883
-0.298135
-0.690115
0.628895
0.177404
0.593677
0.490768
-0.656117
0.390423
-0.178686
-0.947569
-0.930662
0.681265
0.384991
0.380169
0.608020
0.830073
-0.755364
-0.271096
0.586962
0.799432
-0.388531
-0.835627
-0.489181
0.732963
-0.121372
0.310770
-0.836299
-0.522935
-0.582751
0.969787
0.567980
-0.151952
0.518113
0.225745
0.576952
0.446821
0.433576
-0.300455
0.222938
0.068392
-0.584155
-0.203528
0.195715
0.997925
0.535386
-0.598498
-0.396710
0.082980
0.146886
0.567797
0.023591
-0.609729
-0.426984
0.608448
-0.961791
0.611621
-0.379498
0.234107
0.239662
-0.223975
-0.557787
-0.288553
-0.213843
0.914548
0.673879
0.853084
-0.800043
-0.385540
0.435774
-0.192236
-0.842036
-0.555773
0.256752
0.826044
0.951598
-0.896176
0.798334
-0.563036
0.738395
-0.347087
-0.545946
-0.079501
-0.141087
0.403974
-0.619556
-0.226844
-0.136937
-0.170324
-0.708914
0.375469
-0.598193
-0.603565
-0.415448
0.527879
-0.809381
0.372539
-0.061739
-0.894345
-0.328227
-0.811823
0.887082
0.537828
-0.403790
-0.822993
0.434614
-0.691641
-0.287027
-0.767632
-0.114292
0.595752
-0.225929
-0.855037
-0.432295
-0.071139
-0.826228
0.628224
-0.428999
0.521043
-0.970458
0.398297
-0.297769
-0.876705
-0.740776
-0.542283
0.861995
0.837092
0.964599
0.035798
-0.070650
0.075411
-0.297098
0.787774
0.152379
0.866085
-0.199805
0.174230
0.411115
0.723685
-0.748650
-0.406476
-0.331828
-0.725883
0.568346
0.676199
-0.155248
-0.644581
-0.804559
-0.461409
0.362651
0.165685
0.915281
0.144322
0.832270
-0.746818
0.595935
-0.187109
0.407636
-0.238319
-0.465987
0.825556
-0.117893
-0.738762
0.120762
-0.003021
0.258889
0.623280
0.696402
0.079562
0.956297
0.404645
0.600574
0.941649
-0.823542
0.668630
-0.529160
0.937254
0.177953
0.287637
-0.999084
0.862911
-0.371990
-0.782098
0.887448
-0.070589
-0.684439
0.453902
0.066195
-0.211707
-0.705985
-0.128330
-0.941771
-0.640553
-0.614551
0.739006
-0.498581
-0.990356
-0.365947
0.645375
-0.787530
0.335429
-0.234901
0.455123
-0.291726
-0.790765
-0.421857
0.977416
0.017792
0.668081
-0.502792
0.729057
0.836726
-0.990356
-0.799127
0.992798
0.414716
0.519639
-0.413739
-0.364788
-0.284524
0.389569
-0.779962
-0.146702
0.522446
-0.592822
0.283975
0.482833
-0.476302
-0.780267
-0.719779
-0.543809
-0.583911
-0.850459
0.019379
-0.051057
-0.154820
-0.683279
0.402020
-0.946532
0.335307
0.323710
-0.142186
0.432051
0.913877
-0.185522
-0.475387
-0.615406
0.324992
-0.779901
0.710379
-0.182653
-0.033662
-0.082980
-0.199072
0.563829
-0.268899
0.504074
-0.694754
0.140294
0.301309
-0.679495
-0.708365
-0.422956
0.906064
0.042329
0.886166
-0.294595
-0.266701
0.005646
0.683096
0.956053
-0.944212
0.439802
-0.071749
0.010407
0.402020
-0.597583
0.307230
-0.646413
-0.679373
-0.619922
-0.372967
-0.109226
-0.618885
-0.810358
-0.358257
0.566088
-0.599780
0.126743
0.144200
-0.634205
0.641835
-0.092929
0.741935
0.550707
-0.475448
0.667104
-0.516099
0.498642
0.357768
-0.081393
-0.740654
0.240761
-0.040071
-0.042268
-0.675344
0.219092
0.898556
-0.426740
0.569933
0.101108
-0.518967
0.180090
0.415815
-0.307352
0.755913
0.492538
0.855464
-0.580615
0.263955
-0.121738
-0.119785
0.645985
-0.541246
-0.727042
-0.515244
0.001801
-0.594775
-0.121006
-0.046480
-0.600085
0.179052
-0.173254
-0.510483
0.502670
-0.174291
0.246498
-0.919370
-0.544664
-0.667959
-0.806024
-0.445845
0.058443
0.646168
-0.530259
-0.195044
-0.782037
-0.286294
-0.780267
0.948057
0.555956
-0.787408
-0.439192
-0.014008
-0.913816
0.126743
0.113193
-0.927732
0.462752
0.348125
-0.510300
0.874508
-0.998108
0.516953
-0.753471
-0.768365
0.993652
-0.455306
0.174474
0.968566
-0.440291
0.680960
-0.189489
0.334025
0.275307
-0.574145
0.537156
0.499680
0.490951
0.401532
0.648671
-0.553819
-0.541063
0.105564
0.880978
-0.290872
-0.757073
-0.672658
-0.802728
-0.457320
-0.165441
-0.517624
-0.202795
-0.949400
0.857173
0.499496
-0.391522
-0.558763
0.557054
0.936155
-0.682852
0.508652
-0.886898
0.343364
0.452742
-0.291787
-0.797479
0.503525
-0.887875
0.775506
0.564501
-0.263588
-0.078097
-0.824152
0.711295
-0.383221
-0.091830
-0.961486
-0.791681
-0.919980
-0.493210
0.930601
-0.485763
0.544786
-0.950011
-0.399945
-0.997742
-0.350017
0.029206
-0.913022
-0.316507
0.404706
-0.800836
-0.263344
0.167150
-0.900937
0.157201
-0.155919
-0.651296
0.520066
0.309977
0.935850
-0.813410
-0.670644
0.743767
-0.641774
0.972106
0.174535
-0.235206
0.951476
0.141392
-0.668935
0.377606
0.517136
0.683157
0.563524
-0.187353
-0.738395
-0.897458
-0.381146
0.284768
0.587390
-0.027802
-0.753716
0.993835
0.127659
0.401532
-0.520432
0.372417
-0.047700
-0.625050
0.873287
0.881039
0.871029
-0.816034
-0.607837
-0.276528
0.549608
0.621265
0.414533
-0.239235
0.616260
0.910886
-0.975768
-0.711295
0.163671
-0.572802
-0.601794
-0.491562
-0.440779
0.330180
-0.604602
-0.028169
-0.612537
0.920774
-0.179052
0.931394
-0.881893
-0.128636
0.508835
0.130589
-0.804437
0.928465
-0.731681
-0.259621
-0.189123
0.323283
-0.044160
-0.880612
-0.914182
-0.731925
0.834223
0.135655
-0.429975
0.228797
-0.294595
-0.313578
0.009125
-0.272439
0.753777
0.567248
0.606555
-0.289285
0.126133
0.645558
0.528855
0.516037
-0.325968
0.957396
0.708548
0.297220
-0.906003
0.739006
-0.909848
-0.689688
-0.322001
0.214270
0.502609
0.230201
-0.079928
0.319987
-0.330546
-0.576891
0.826594
0.378643
0.703177
0.274087
0.551439
0.992309
0.167089
-0.074618
-0.746452
0.763298
0.014435
-0.061068
0.891964
-0.782525
0.651173
-0.224158
0.964171
0.259682
0.904660
0.412397
0.195471
0.092502
-0.629444
-0.312723
-0.568163
-0.554430
0.876461
0.821345
-0.700552
0.195349
0.767876
0.082430
0.913450
0.489669
0.874325
-0.804621
0.164708
0.454756
0.674001
0.751946
0.059908
0.051729
0.673025
-0.080477
0.374676
0.486801
0.604724
0.168004
-0.809687
-0.588977
-0.227393
0.538499
0.835994
-0.207617
-0.398358
-0.484664
-0.252052
-0.259499
0.918027
-0.591601
0.852351
-0.696890
0.637074
0.057344
-0.960326
0.683706
-0.784906
0.165685
-0.603320
0.095676
0.761589
0.536058
0.692190
0.211768
0.493759
-0.801263
-0.059114
-0.516953
0.721976
-0.553697
-0.169836
-0.945372
-0.757927
-0.045442
0.637806
0.018220
-0.085177
-0.120701
0.663076
-0.882260
-0.617542
-0.293313
-0.782525
-0.937193
-0.334147
0.706839
0.342143
-0.054292
0.270547
0.814570
0.669118
-0.842280
-0.899777
0.984008
-0.081454
0.117832
-0.124546
-0.264626
0.577136
0.405622
0.568468
-0.582629
0.725883
-0.800836
-0.206458
