-0.660878
0.911863
-0.144627
0.374126
-0.110141
-0.357402
-0.784600
-0.858638
0.963683
0.042390
-0.787042
-0.191687
-0.559862
-0.559191
-0.827998
0.046541
0.669057
0.638661
-0.726005
0.180273
-0.106662
0.155370
0.439253
-0.601306
-0.635426
0.011994
0.696646
-0.002716
-0.563280
0.990234
0.716239
-0.791559
-0.968932
-0.391766
-0.749077
-0.913144
-0.703116
0.943724
0.073946
-0.321329
-0.376629
0.703726
-0.314859
0.891964
-0.337931
0.066134
0.991272
-0.138340
-0.753044
0.615955
0.114597
-0.667104
0.200110
-0.746941
0.063692
0.456709
0.004791
-0.698111
0.761467
0.073946
-0.612720
-0.884701
-0.459639
-0.542222
-0.214209
0.194861
0.452620
0.674917
-0.451949
-0.056551
0.771905
-0.658315
0.117832
-0.430464
-0.639454
0.078219
0.676138
-0.056368
0.943113
0.388531
0.770440
0.772393
-0.334452
0.702261
-0.296121
0.450179
0.829829
-0.512558
-0.065157
-0.180456
0.020661
0.634510
-0.195715
0.919797
0.034516
-0.905087
0.776177
-0.063570
0.758538
-0.248695
0.348674
0.843074
0.730033
0.351543
0.842402
-0.922361
0.389447
-0.678091
0.501083
-0.740776
-0.477157
0.420759
-0.174841
-0.062166
0.492660
0.751579
0.263283
-0.405683
0.130589
-0.085055
0.732719
-0.900815
0.112339
0.391400
0.344401
-0.055147
-0.304849
0.183386
-0.014801
0.492050
-0.551866
-0.636647
0.951476
-0.401776
0.480331
0.644826
-0.592639
0.319376
-0.778436
0.432478
-0.963622
-0.429182
0.806269
0.356731
0.269631
-0.607593
0.726798
0.373455
0.735710
0.443403
-0.820673
-0.678823
0.045686
-0.709525
-0.896603
0.199316
0.485885
-0.080050
-0.557237
-0.691458
0.488266
-0.297647
-0.450911
0.401288
-0.937864
-0.273476
0.936338
0.255654
0.922300
0.593677
-0.475753
0.744926
0.385418
0.775018
-0.356304
-0.111240
0.104648
-0.198157
0.673452
-0.292764
-0.880367
0.177770
-0.117100
0.173498
0.907285
-0.098605
-0.840327
-0.122105
-0.022553
0.046907
-0.014740
-0.472396
0.192541
-0.299905
0.159581
0.681326
0.966247
0.228980
0.778497
0.031465
-0.513169
0.372784
-0.681875
0.424421
-0.187536
0.961547
-0.277932
0.225990
-0.719352
0.671133
-0.225990
-0.592334
0.988220
-0.841853
-0.988769
0.922727
0.068758
0.409040
-0.947813
-0.815363
-0.945372
-0.164098
0.239906
-0.681936
0.756951
0.090121
-0.848750
0.971801
-0.376690
0.968383
0.180883
-0.266518
-0.956481
-0.820795
-0.687429
-0.641346
0.300516
-0.587451
-0.415143
-0.236000
-0.642506
-0.920591
-0.765191
-0.645863
-0.192236
0.352763
0.531663
-0.848994
-0.125889
0.170751
-0.167333
-0.572924
0.195044
0.722098
-0.411237
0.949034
-0.879757
-0.944761
0.474166
-0.239357
0.566759
-0.263222
0.839900
0.936949
0.116489
-0.232521
0.871517
0.727470
-0.207862
-0.212622
0.815302
0.582385
-0.713065
0.087497
0.543260
-0.275185
-0.217689
0.043916
0.220923
0.304178
0.505112
-0.055025
-0.944029
0.042207
0.670522
0.837153
0.024812
0.631153
-0.919919
0.641896
0.407270
0.066988
0.982360
0.078890
-0.974853
-0.304300
0.038911
-0.813349
0.818110
0.617481
0.468978
0.964904
0.473556
0.861080
-0.190893
-0.728263
0.932798
-0.674429
-0.956542
-0.148106
-0.778558
-0.713187
0.846309
-0.581896
-0.342448
-0.348369
-0.922300
-0.439375
-0.821955
-0.507736
0.441389
0.836116
0.723685
0.660207
0.923338
-0.417646
-0.961547
0.084567
-0.869503
0.308634
0.279214
-0.421186
0.504990
-0.454085
0.538804
-0.384869
-0.041047
0.897275
0.639454
0.358867
-0.109836
0.861019
-0.237098
0.164586
0.362651
0.057161
0.985534
-0.962157
0.743278
0.675649
0.130039
-0.257790
-0.886166
-0.849116
0.587207
-0.136876
0.695059
0.555223
0.790216
-0.058321
0.103366
-0.906186
-0.436201
-0.979614
-0.239418
0.637989
-0.063570
0.134251
0.063204
-0.727103
-0.315958
-0.695608
-0.551317
0.685537
0.458052
0.190466
0.669179
0.587634
-0.126499
-0.316446
0.292825
-0.292337
-0.394391
0.917722
-0.661245
0.781671
0.248695
0.573962
-0.927854
0.981567
-0.333720
-0.561022
0.736076
-0.908383
0.345622
0.742119
-0.363140
-0.828364
-0.061617
-0.130039
0.914548
-0.180944
-0.628101
-0.760796
0.162511
-0.561998
0.824580
-0.601550
-0.924741
0.825922
-0.164769
0.129856
0.456771
-0.313761
-0.658986
0.908017
-0.373089
-0.027436
-0.374126
-0.550157
0.365337
0.344035
-0.665090
-0.455123
0.250038
0.974731
-0.449690
0.088107
-0.547777
0.261940
0.791192
-0.945555
-0.768181
0.578661
-0.342387
0.279092
0.267495
-0.146641
-0.611927
-0.626209
0.971007
-0.727958
-0.850398
-0.537645
-0.465560
0.539109
0.566332
0.918210
-0.174474
0.610340
0.923704
0.338115
-0.981384
0.540880
-0.149998
-0.442671
0.885739
-0.487167
-0.418561
-0.290201
0.861629
-0.845332
0.969787
-0.079684
0.506272
-0.965392
0.035798
-0.696341
0.632923
-0.783990
0.811029
-0.617847
-0.613636
-0.841304
-0.211707
0.953001
-0.914670
-0.394757
-0.775201
-0.319437
-0.866817
-0.597339
0.017548
0.843684
-0.998291
0.395489
-0.753655
-0.723258
0.957518
0.391522
0.254555
-0.409345
-0.557421
-0.112705
-0.823359
-0.874935
-0.165929
0.920896
-0.049837
0.731803
-0.788629
-0.328898
-0.839106
-0.325175
0.959777
-0.353984
-0.632374
0.535508
-0.671194
0.089022
-0.531724
-0.296670
0.220008
0.206641
-0.182409
0.009491
-0.220923
0.588061
-0.459822
0.294717
-0.529038
0.375408
0.993042
0.777642
-0.197058
0.251381
0.780511
0.262490
-0.810846
-0.143468
-0.949583
0.975646
0.461348
-0.596179
-0.284646
-0.893857
-0.270791
0.201880
-0.437483
-0.693472
-0.270180
-0.045747
0.572130
0.280801
-0.665151
0.745598
-0.886959
0.191687
-0.785760
-0.562975
0.906247
-0.584643
0.406232
0.795038
-0.895016
-0.963012
-0.021821
0.861263
-0.504685
0.538560
0.725578
0.042024
-0.113865
-0.180273
-0.761834
-0.669790
0.152684
0.357280
0.878780
0.098727
-0.237526
-0.228492
-0.872738
0.835200
0.321635
0.730705
-0.615345
-0.592578
0.630665
0.079623
0.574389
-0.181188
0.461043
-0.684622
-0.468673
0.784845
0.951659
-0.930235
-0.667104
0.624500
0.868099
0.612598
0.686270
0.803949
-0.421979
-0.470504
0.752373
-0.357219
0.848567
0.401410
-0.030732
0.038972
0.996216
-0.065035
0.084384
0.807001
-0.743828
0.100314
0.617786
0.327921
0.575976
0.411176
-0.939879
-0.214393
-0.799249
0.647511
0.107944
-0.046419
-0.039705
0.691885
0.369976
0.581957
0.269997
0.416852
0.131382
-0.472884
0.216163
0.585986
-0.090060
0.265114
-0.228309
-0.292398
0.378460
-0.026399
-0.527573
0.565783
-0.948912
-0.490219
-0.996216
-0.897580
-0.504013
-0.512009
-0.270547
-0.988403
-0.219520
-0.891537
0.179968
-0.142918
0.027009
0.880978
0.576464
-0.062105
0.387616
0.723380
0.704947
-0.498276
-0.738578
0.503708
-0.989990
-0.284158
-0.600208
-0.166967
0.670827
-0.268288
0.041536
0.577746
0.141270
-0.891232
-0.346355
0.456771
-0.323649
-0.185339
-0.360759
0.863521
-0.433515
-0.426130
-0.690298
0.809442
0.246803
0.659658
-0.891232
0.916379
-0.769585
-0.633595
-0.308023
-0.188574
0.355693
0.846309
-0.074923
-0.840083
-0.535142
0.844600
-0.890072
-0.155309
0.676199
0.325541
0.699026
0.356975
-0.317423
-0.026276
0.814875
0.460677
-0.779839
-0.972228
0.151769
0.044527
0.291299
-0.040193
-0.856807
0.195532
0.904904
-0.953429
0.530503
-0.613269
-0.605945
0.413556
-0.349834
0.312357
-0.514817
0.386517
-0.645924
-0.201636
-0.708426
-0.119785
0.343425
-0.189978
0.321512
0.055513
-0.967162
0.698660
-0.611194
-0.603381
-0.806574
0.884701
-0.683096
-0.215552
-0.952025
0.321574
0.194433
0.974670
0.438765
0.925474
-0.655446
0.919614
0.130406
-0.787774
0.703726
0.699454
-0.642079
-0.499435
-0.195654
0.070833
-0.097201
0.726737
-0.108737
-0.271340
-0.054781
0.863582
-0.554674
-0.266823
0.757195
0.118076
-0.473678
-0.009796
-0.767449
-0.183325
0.966796
-0.526841
-0.842524
0.681997
0.276894
0.287271
0.712027
0.461409
-0.537156
0.730033
-0.702322
-0.164464
0.543565
0.450911
0.730399
-0.338176
0.510117
0.446516
-0.264077
0.831721
-0.100009
-0.344218
0.353435
0.409284
-0.490646
0.972167
-0.855892
-0.238014
0.959166
0.503342
-0.589709
0.692434
0.499680
-0.211219
0.900693
0.853145
0.253945
0.093844
0.114536
-0.646352
-0.579089
0.460860
0.790155
-0.543870
0.959716
0.454756
-0.811884
-0.967528
0.193945
0.619861
-0.103488
-0.586840
-0.970336
0.006500
-0.598071
0.718192
-0.470321
-0.823969
0.479171
-0.553880
0.930662
0.044404
-0.651906
-0.618580
0.688772
0.760369
0.031159
-0.008881
-0.496445
0.808100
0.623341
0.367046
-0.553758
-0.940367
0.091098
0.928282
0.314432
-0.483016
-0.023103
0.914609
-0.777581
0.833674
0.443709
0.615955
-0.128758
-0.145665
-0.415265
-0.703177
0.935057
0.080111
-0.939512
-0.397076
-0.647328
0.261818
0.198889
-0.702506
-0.483383
-0.087924
0.122288
0.198645
-0.020783
-0.206763
-0.104892
-0.167150
0.782342
0.770013
0.054415
0.478317
-0.333720
-0.529466
0.198096
0.111484
0.248756
0.600330
-0.128636
-0.803522
-0.587024
0.052828
-0.969970
-0.675161
-0.072420
-0.831477
0.848140
0.750359
0.078158
-0.628712
0.153539
0.846492
0.158788
-0.995117
0.286721
0.003449
-0.671194
0.214576
0.102634
-0.761040
0.222022
-0.614856
-0.462996
-0.563219
-0.336100
-0.692007
0.028047
-0.875790
0.670949
0.526597
0.213294
0.156529
-0.653554
-0.154088
-0.120212
0.398175
-0.444929
0.473739
0.334574
-0.729118
0.262490
-0.492965
-0.977233
-0.836543
-0.128452
-0.699393
-0.237587
-0.741508
0.921751
0.534227
0.928343
0.005463
0.129368
0.081210
-0.360332
-0.303873
0.313028
0.183081
0.804559
0.312296
-0.468429
-0.608509
0.144688
-0.540269
-0.004608
0.963317
-0.165929
0.161596
-0.164708
-0.748589
0.317545
-0.841182
-0.491928
-0.322794
-0.581042
0.150853
0.844356
-0.577441
0.055696
-0.465316
0.255531
0.272195
0.421369
0.534410
0.177282
-0.627247
-0.900815
0.528550
0.026704
-0.060030
-0.270486
-0.360698
0.545701
-0.798273
-0.941771
0.446394
0.890988
0.004791
-0.025971
0.863704
0.299966
-0.933470
0.001129
-0.436384
-0.757500
-0.667043
-0.835688
0.307596
0.034028
0.976073
-0.702872
0.596118
0.142125
0.653737
0.276528
-0.359050
0.348613
0.139378
0.798578
-0.552171
-0.883297
0.827631
0.496933
-0.316568
-0.579394
-0.130345
-0.393414
0.886715
0.755913
-0.582080
-0.390423
0.137242
0.738762
0.898373
-0.336344
0.247291
-0.796747
0.056612
0.896786
0.909238
0.608997
0.937071
-0.645314
-0.915220
0.169347
0.167333
0.601672
-0.608142
0.065706
-0.125950
-0.161473
-0.683218
-0.964721
0.139622
0.689505
0.935728
0.053804
-0.865230
-0.228980
-0.875912
0.661061
0.836360
0.836177
-0.217811
0.970275
0.721061
0.802118
-0.728202
0.284890
0.996704
0.625233
0.095981
-0.606006
-0.168859
0.382794
-0.772759
-0.016083
-0.813105
0.917417
-0.319315
-0.732963
-0.040193
0.244911
0.211646
0.883053
0.507797
-0.543992
-0.741630
-0.636219
-0.388165
0.191321
-0.196142
0.829707
0.426618
-0.011200
0.889340
0.163305
0.195288
0.194067
0.522874
-0.784112
0.147435
-0.318033
-0.192846
0.316935
0.478927
0.979553
-0.677480
-0.119663
-0.417951
-0.400739
-0.475692
0.022370
0.861263
0.531358
0.895688
-0.064364
0.002167
-0.880367
-0.016083
-0.487594
-0.091464
0.648549
-0.251381
-0.285623
0.109470
-0.441023
-0.415876
0.485580
-0.894406
0.332377
0.757439
-0.417463
-0.710562
0.361370
-0.227821
-0.851131
-0.619678
-0.390179
-0.151036
-0.249001
0.372051
-0.236427
-0.172643
-0.443648
0.575976
-0.626514
-0.446394
-0.917356
-0.362651
0.890622
-0.641285
0.417402
0.341105
0.708670
0.464705
-0.110324
-0.582568
0.287637
-0.323344
0.795404
-0.779656
0.834468
0.590442
-0.702567
-0.633839
-0.521531
0.453230
-0.623768
-0.617725
0.528001
0.694571
-0.868221
0.874630
-0.337687
0.644642
-0.121677
0.749077
-0.515366
-0.870235
0.959288
0.921201
0.635731
0.560289
-0.403424
-0.493393
0.345378
-0.330302
0.776116
0.723075
-0.584521
0.595508
-0.346171
-0.208716
0.407514
0.275735
0.997681
0.368755
-0.355754
0.863948
0.128636
0.298013
-0.020417
0.357646
-0.319864
-0.576281
0.127232
0.118442
-0.977477
0.828059
-0.920652
-0.831416
0.711966
-0.448408
-0.342387
-0.539232
0.554003
0.480453
0.931333
-0.115268
-0.739006
-0.310648
-0.725700
0.112217
0.110508
-0.869869
-0.792474
0.361980
-0.813288
0.436995
-0.583178
-0.351543
-0.627674
-0.649953
0.921567
0.129856
-0.189184
0.147069
0.395489
-0.868587
0.522446
-0.418134
0.550645
0.409772
0.994507
-0.818781
-0.418622
0.281594
0.084872
-0.117771
-0.254189
-0.689016
0.513840
0.988647
-0.450911
0.015290
-0.158483
0.428327
-0.949156
-0.293069
-0.148106
-0.376751
0.884030
0.099338
-0.963256
-0.304056
-0.399274
0.656178
0.311441
-0.573168
-0.846675
0.675466
0.994140
-0.215003
0.187048
-0.660756
0.235145
0.877804
-0.992737
-0.015534
0.039460
0.285440
-0.516831
-0.977294
0.532212
-0.794549
-0.378521
0.471847
0.091220
-0.062838
0.142552
0.645619
-0.802728
0.403241
0.017914
-0.052278
0.230506
0.421552
-0.523789
0.314066
0.125034
-0.938963
0.777520
-0.374187
0.888180
0.766900
-0.882443
-0.186438
-0.463118
-0.143956
0.207862
-0.105991
0.066256
-0.718863
-0.254372
0.355876
-0.530259
-0.746818
0.003571
0.429365
0.988281
0.142613
0.678396
0.998291
0.303446
-0.564928
0.327433
-0.147557
0.880306
0.336100
0.524888
-0.794061
-0.520371
-0.843501
0.115452
0.029328
-0.957518
-0.564440
0.628590
-0.748589
0.274148
-0.134800
0.345988
0.115085
0.314188
-0.587939
-0.434004
0.135350
0.411237
0.177709
0.399030
0.526658
0.126316
-0.433454
-0.582934
0.306925
-0.617603
0.395795
-0.717521
0.175756
-0.873836
0.761162
-0.073824
0.127781
-0.411420
0.360881
0.480331
-0.884396
-0.619068
0.676199
0.340190
-0.087985
-0.378033
-0.753471
0.928587
0.293802
-0.936155
0.918882
0.474837
-0.393902
0.784051
-0.158361
-0.661367
-0.868954
0.798212
-0.257302
0.241066
-0.114170
0.141697
-0.424421
-0.736747
-0.124302
-0.842830
-0.365093
0.436750
-0.041597
0.961913
-0.969543
-0.358440
-0.123936
0.368389
0.169408
0.181860
-0.472091
0.445296
0.584216
0.316446
-0.506149
-0.656911
-0.371075
0.187536
0.739189
-0.234107
-0.662893
-0.352458
0.543443
-0.643422
0.177465
-0.407208
-0.459395
0.843196
0.241676
-0.232826
0.981017
-0.949461
0.417219
-0.684439
0.483932
-0.956114
0.724357
0.930662
0.865902
-0.787347
0.957884
-0.926817
0.615528
0.706534
-0.053865
0.682730
-0.494064
-0.539903
-0.990173
-0.535813
0.217078
0.147496
-0.033967
0.062044
0.032746
0.703543
0.123630
-0.095248
-0.595813
-0.110630
-0.828608
-0.536302
0.298013
0.074923
0.652394
0.794244
-0.012299
0.478256
0.352275
-0.333537
-0.674245
0.656484
-0.017060
0.385601
0.384014
0.636891
0.260537
-0.290445
-0.656423
0.694388
-0.789239
-0.071932
0.616016
0.350810
0.540269
0.638478
-0.022492
0.373943
-0.964537
-0.511338
0.977172
0.180944
-0.848262
-0.766045
0.311747
-0.452132
-0.204627
-0.846919
-0.213965
-0.890255
0.136814
-0.638966
0.030793
0.891415
-0.831477
-0.006439
0.815851
-0.733146
-0.680105
-0.915525
0.900510
0.759453
0.274697
-0.483261
-0.343974
-0.384686
-0.140904
0.942259
0.247780
0.202307
0.422224
-0.653249
-0.729179
0.611682
-0.026826
0.216590
-0.154271
0.980834
0.003998
0.883724
0.729362
-0.492233
-0.711539
0.998108
0.787347
0.281777
0.981323
0.568896
0.933470
-0.247902
0.910520
0.304422
-0.122959
-0.594043
-0.665639
0.611255
0.210913
0.779473
0.253151
-0.264870
0.500656
-0.846980
-0.237342
-0.193335
0.328104
0.461226
-0.767815
0.745720
-0.435530
-0.216407
0.789300
0.376690
-0.568468
-0.872860
0.109287
-0.613697
0.815912
-0.348125
0.356609
-0.989807
0.614307
0.434065
-0.629749
-0.619984
-0.039399
0.087619
-0.424421
0.718070
-0.988159
-0.964904
-0.470870
0.275613
-0.497238
0.740593
-0.823298
0.677969
0.990722
-0.032807
0.923521
-0.269326
0.217017
0.203284
-0.000458
-0.142186
0.177160
0.196203
-0.660634
-0.872677
0.317911
0.784234
-0.076632
-0.487167
-0.948912
-0.119114
-0.674184
-0.266579
0.111118
-0.739738
0.429426
0.607410
-0.646474
-0.387005
0.866451
-0.324442
0.912595
-0.064058
0.732475
-0.865413
-0.938536
-0.078463
0.150731
-0.597034
0.365825
-0.058870
0.092502
0.715079
-0.746574
0.900876
-0.840999
-0.191259
0.386761
0.788995
-0.954711
0.278054
0.530320
0.792352
-0.324381
-0.380413
-0.956053
0.267556
0.227454
-0.693533
-0.382672
-0.450850
0.838679
-0.425153
0.922910
-0.956725
0.495651
-0.423566
-0.487899
-0.904416
-0.229163
-0.823237
0.025056
-0.522507
-0.999207
0.851924
-0.640187
0.393963
0.965758
-0.337931
0.327799
-0.191259
-0.517685
-0.244789
0.026337
0.896786
0.075350
-0.279824
-0.002045
0.447249
0.289468
0.085116
-0.507065
-0.781854
-0.484848
-0.906247
0.407331
-0.663381
0.395001
0.600513
-0.542100
0.885250
0.474349
0.832698
0.609729
-0.183081
0.655385
-0.253212
-0.222571
-0.156835
-0.787286
0.204321
0.517624
0.367534
0.167028
0.994934
-0.365459
0.275613
-0.268410
-0.971740
-0.344035
0.150914
-0.504868
0.437178
0.791986
0.312601
0.322916
-0.164159
-0.332621
0.783319
0.404950
0.325541
0.188635
0.777703
-0.746513
0.960509
-0.014863
-0.134434
0.255959
-0.359600
-0.781854
-0.314310
0.489731
-0.442915
-0.979614
-0.874508
-0.874325
-0.584460
-0.270608
-0.885556
-0.640065
-0.028474
-0.911863
0.682485
0.299051
0.097629
0.525803
-0.261391
-0.486923
-0.457991
0.009735
-0.813288
-0.687857
0.940611
-0.426862
0.852596
0.357768
0.463790
0.256508
0.363689
-0.386151
0.066500
0.513779
-0.115879
0.738456
-0.461470
0.733085
-0.691580
0.035432
-0.799432
0.168004
-0.101047
0.655995
-0.387799
0.494064
-0.944945
0.149205
-0.918149
0.455855
0.928465
0.713736
0.077792
-0.544359
-0.564745
-0.398724
-0.322672
0.816950
0.883175
0.358074
0.615406
0.437910
0.679617
-0.588916
0.630787
-0.484909
0.264626
-0.042024
-0.387799
-0.322001
0.986084
0.674368
0.404157
0.447859
0.101779
-0.036653
0.507065
0.393170
0.924558
-0.754753
0.127842
0.265481
-0.239296
-0.878964
0.775018
0.123325
-0.478988
0.688955
0.724601
0.582018
0.184851
-0.111911
0.510666
-0.486496
0.180273
-0.807917
-0.670400
-0.493393
0.399396
0.519028
0.025544
-0.626453
0.037141
0.929075
-0.115574
-0.499130
-0.947813
0.674368
-0.877010
0.124180
0.951109
0.452132
-0.526963
-0.849727
-0.016144
-0.346660
-0.250771
0.028535
-0.937193
0.064669
-0.307718
0.466597
0.073519
-0.988037
0.142796
-0.818842
0.848506
0.868282
-0.615345
-0.829279
0.147435
-0.577013
0.753410
-0.917722
0.184301
-0.272683
0.495956
-0.766045
0.081576
-0.096469
0.148167
0.464034
-0.990417
-0.985778
0.435041
0.558214
0.259560
-0.203833
0.598621
-0.291177
-0.555651
0.210791
-0.413800
0.764214
0.787408
0.061556
-0.790033
0.117649
-0.111362
0.250160
0.081637
-0.134861
0.237037
0.868648
-0.622242
0.353496
0.948912
-0.847285
0.515427
0.631397
-0.860714
-0.068026
-0.861995
-0.242103
-0.332316
0.736503
0.467879
0.986572
-0.525376
0.140172
-0.759270
-0.656972
-0.252297
0.206885
0.484664
-0.731803
0.335185
-0.889828
-0.674612
0.614734
0.614185
-0.689261
-0.029939
-0.980651
0.287027
0.936216
0.337870
-0.796075
-0.408490
0.666311
-0.236061
0.420576
-0.065035
0.796991
0.265603
0.715079
-0.253029
-0.870968
-0.194739
-0.008576
0.913144
-0.194006
-0.721976
0.650136
0.885800
0.057039
-0.977416
0.853938
0.792230
-0.140416
0.185949
0.780694
0.754326
-0.543870
0.350932
-0.499496
-0.836726
-0.307413
-0.935789
0.640309
-0.385052
0.524033
0.927366
-0.614368
0.867550
0.816462
0.152257
0.943052
-0.450850
-0.608386
0.365398
0.082858
-0.560717
0.405255
0.475753
0.894650
-0.373150
0.131993
-0.854488
-0.548387
0.993164
0.769158
0.899960
-0.610950
-0.049043
0.041108
0.219398
0.275674
0.463363
0.678701
-0.403607
-0.919431
-0.998535
0.384808
-0.083346
-0.525987
-0.408551
-0.209387
0.233497
0.066195
0.603687
0.733695
0.324870
-0.933714
-0.376751
0.546434
0.921506
-0.999878
0.709952
-0.539964
-0.567919
-0.208106
-0.734489
0.885006
0.803278
0.686331
0.563097
-0.828730
0.708243
0.027741
-0.074129
-0.423139
0.469527
-0.947569
-0.074374
0.317484
-0.421064
-0.984069
0.141209
-0.345195
0.554552
-0.503281
0.692251
0.339702
-0.133946
-0.852596
-0.936155
-0.742973
-0.807855
0.339579
0.798395
-0.706290
0.208228
0.002350
0.974975
0.935240
-0.440596
0.857234
0.511093
0.472030
0.922910
-0.523545
0.136265
-0.219275
-0.250649
-0.068880
0.381634
-0.703909
0.687124
0.306436
-0.647267
0.114353
0.914548
0.770196
0.957213
-0.465621
0.259743
0.371685
-0.059053
-0.721610
-0.769158
0.555345
0.357952
-0.828181
-0.909665
0.970580
-0.455855
0.340373
0.544969
0.500107
0.109775
0.918760
0.792657
0.231910
0.346660
-0.452864
0.304666
0.986999
-0.533494
0.744865
-0.969176
0.167333
0.944517
0.079012
-0.810053
0.491256
-0.192236
0.596973
0.699637
0.346232
-0.506088
-0.184729
0.741142
-0.078036
-0.469588
-0.866634
-0.734916
0.665212
0.457259
0.086032
-0.276650
-0.480880
0.741020
-0.809381
0.457381
-0.184973
0.216285
0.491134
0.299844
-0.515488
-0.942930
0.766778
0.966674
-0.525803
0.941710
0.283303
-0.066927
0.540147
-0.752922
-0.877438
0.103000
0.057649
-0.583361
0.085482
-0.285379
-0.178747
0.567980
0.376019
-0.931211
0.123386
-0.233497
-0.395672
0.931150
-0.613330
0.338603
-0.458663
-0.436262
0.897336
-0.081149
-0.316874
0.250710
-0.743828
0.761650
0.759026
0.119358
0.317606
0.015656
-0.898007
-0.065035
-0.311197
-0.683584
-0.812922
0.305704
0.965514
0.264626
-0.041902
-0.680898
0.351054
-0.675649
-0.445418
0.357646
0.894406
0.974487
0.225135
-0.110996
0.729667
-0.275246
0.665761
-0.123142
-0.015107
-0.649770
-0.397809
-0.056429
0.397992
0.542955
0.638600
-0.055635
0.173376
-0.018342
-0.479965
0.412030
0.058809
-0.972411
0.750053
0.120151
-0.106174
0.625355
-0.228919
-0.086032
-0.045869
0.722831
-0.816401
0.442305
0.241859
-0.830988
-0.822504
-0.423505
0.531968
-0.158605
-0.609363
0.866695
-0.585376
-0.939451
-0.198706
-0.183325
-0.977294
-0.650624
-0.032991
-0.641591
-0.856624
0.795404
-0.089022
0.819147
0.376995
0.455672
0.354106
0.659413
-0.508957
0.319559
0.766472
-0.235389
0.980102
0.381939
-0.016694
0.901730
0.508103
0.967528
0.573168
-0.537156
0.201270
-0.924192
-0.761162
0.759941
0.157506
-0.456221
-0.147984
0.710135
-0.513962
0.835444
0.470992
-0.506638
-0.994018
-0.241310
-0.772576
-0.326945
0.343974
0.018036
-0.486068
-0.874264
-0.898862
0.811945
-0.313272
-0.163366
-0.005951
0.778924
-0.239967
0.273293
0.871273
-0.367290
0.982727
-0.807428
0.418867
0.092563
0.436689
0.224708
0.625477
0.850215
0.826106
0.836238
-0.182714
0.100192
0.237831
-0.666616
0.725700
-0.666372
-0.821589
0.738823
0.915891
-0.370098
0.135105
0.168249
0.332438
-0.114597
0.098544
0.372600
0.015412
-0.632069
0.061434
0.049715
-0.138951
0.847591
0.633534
-0.932432
0.739494
0.321635
-0.925291
0.270058
-0.574999
0.001373
0.225745
0.701163
-0.041963
0.284829
-0.687735
0.241127
-0.885861
-0.564501
0.150304
0.694998
0.438520
0.105441
-0.762932
0.809320
0.753349
-0.135594
0.004669
-0.306742
0.397443
-0.007843
-0.222571
-0.928343
-0.639454
0.293619
0.689322
0.008881
-0.095431
-0.564745
0.300455
-0.775323
-0.569811
0.920835
0.822687
-0.167333
-0.654286
0.279763
0.585864
0.936033
-0.947447
0.835017
0.104465
-0.881283
-0.600757
-0.308329
-0.270119
0.732292
-0.897946
0.087619
-0.019990
0.359783
0.752861
-0.964293
0.601856
0.521958
0.951903
0.046419
-0.961180
-0.846126
0.912168
-0.455611
0.929807
0.704154
0.646779
-0.655385
-0.189001
0.933409
0.770867
0.667165
0.578845
-0.709403
0.511948
0.131809
-0.327494
0.813044
0.837092
-0.456709
-0.828974
0.278115
0.143590
-0.522935
0.638112
0.748650
0.139561
-0.866817
-0.997497
-0.262551
0.274575
0.441572
-0.901242
-0.521043
0.893246
-0.095248
0.878109
0.630177
0.672964
-0.803217
0.395428
-0.262978
0.008332
0.149510
0.642628
-0.391705
-0.541246
-0.361736
0.023835
-0.440229
-0.195837
0.957396
0.263894
-0.534227
-0.850581
0.777947
0.745598
0.504929
-0.592639
-0.967162
-0.512009
0.500656
0.402326
0.199988
-0.561876
-0.131138
0.713675
0.594226
0.628162
-0.329447
-0.894894
-0.519944
-0.057955
0.780999
-0.620289
0.667837
0.257851
0.745903
0.850093
0.363994
0.345195
0.709586
0.330973
-0.583911
-0.446760
-0.777154
0.783624
-0.332865
0.192175
-0.924192
0.009919
-0.327311
0.861751
0.098483
0.337626
0.168188
0.250282
-0.071810
-0.916868
-0.324625
0.407575
-0.901914
0.704459
0.279519
0.052705
0.649281
-0.539476
0.371624
-0.212928
0.713370
-0.891354
0.472396
-0.276406
0.919675
-0.484237
-0.808771
-0.657094
-0.003265
0.073336
-0.370342
-0.466781
-0.682119
-0.297342
0.846736
0.115268
-0.942869
-0.062410
-0.802789
-0.630543
-0.856868
0.155919
-0.684500
0.372051
-0.155309
0.505783
-0.915525
-0.278970
-0.099826
-0.709403
-0.429182
0.537461
-0.129673
-0.008454
-0.403912
0.923215
-0.096774
0.632923
0.362407
-0.692251
-0.676443
0.492660
0.788018
0.343913
0.027070
0.663747
0.987243
-0.580676
0.298929
0.567553
0.129002
-0.085177
-0.419233
0.790216
0.691397
0.046602
0.641896
-0.637318
-0.202063
-0.090854
0.943724
-0.376019
-0.225135
0.073397
0.433027
0.944334
-0.771233
-0.142796
-0.465804
0.263039
-0.020112
0.755486
-0.569445
0.051607
0.378399
0.199988
0.389935
0.863765
0.822321
0.656911
-0.418134
-0.544176
0.179907
-0.586535
0.931944
0.055879
0.701529
0.391278
-0.534532
-0.299234
0.254799
-0.456771
-0.510239
-0.531297
-0.554247
-0.988159
0.160985
-0.931333
0.273782
-0.735221
0.498093
0.948302
0.010895
-0.855586
0.809687
-0.600452
0.086154
-0.935911
-0.350993
0.110752
-0.643849
-0.045930
0.800165
-0.888852
0.159520
0.263710
-0.718986
-0.839167
0.063631
0.616565
-0.635487
-0.184484
-0.786859
0.304483
-0.304056
-0.474654
0.549242
-0.702811
-0.160802
-0.987060
-0.752251
0.774346
0.079806
-0.445723
-0.292154
-0.822260
0.198828
0.650441
0.631214
-0.434797
-0.368694
0.194494
0.447798
0.933226
-0.986328
0.701712
-0.827265
0.981506
0.824702
-0.709037
-0.353496
-0.937193
-0.791681
0.031343
0.980773
0.378826
0.589282
-0.707999
0.312296
-0.691885
0.916440
0.258095
0.825983
0.041658
0.822443
0.980529
0.153050
0.821345
-0.357952
0.524888
0.930784
-0.961364
-0.827631
-0.859249
0.574084
-0.160192
-0.016572
0.810724
-0.496872
-0.377850
0.984252
0.216346
0.628834
-0.918516
-0.647023
-0.239113
0.281961
-0.684133
0.310770
-0.911496
0.393048
0.119236
0.699149
0.444502
0.074190
-0.527573
0.526048
0.140294
0.450301
0.879208
0.037019
-0.996948
0.734428
-0.687613
-0.683645
-0.607898
-0.430952
-0.579760
-0.046541
-0.816950
0.512375
0.932615
0.245338
0.084811
-0.213172
-0.085788
-0.263161
0.968505
0.922422
-0.188879
0.123264
0.175939
0.923276
-0.558641
-0.307840
-0.585986
-0.843379
-0.077303
-0.952635
0.145421
-0.320353
-0.981628
0.070040
-0.601794
-0.876888
0.590136
-0.652211
-0.063204
0.713675
0.892819
0.389325
0.456221
-0.300821
0.589770
0.417158
-0.998840
-0.990234
0.736625
-0.822443
0.214087
-0.582324
-0.487472
0.653981
-0.113254
-0.620716
-0.632313
-0.753044
-0.959655
0.125828
0.816767
-0.054659
-0.413739
0.339274
-0.671682
0.667470
-0.608875
0.978210
-0.894711
0.296304
-0.374737
-0.725211
0.116489
0.896725
-0.987671
0.074129
-0.531114
-0.356670
-0.301553
-0.566637
-0.917966
0.773309
0.806940
0.855159
-0.680960
0.570177
-0.465438
0.564989
-0.824946
0.503342
-0.950865
0.956847
0.399457
-0.090243
0.141758
0.667165
0.043916
-0.330241
-0.109958
0.336283
-0.973449
0.405683
0.072420
-0.176061
-0.326151
-0.302042
0.257424
-0.748894
0.713065
0.116184
0.429060
-0.731254
0.501267
0.967284
0.430952
0.473983
0.735893
-0.558519
0.625172
-0.473739
-0.181555
-0.832148
0.387249
0.791314
0.214698
-0.451277
0.072176
-0.179113
0.227454
0.590930
-0.679495
-0.996643
0.213660
0.070223
-0.192663
-0.239723
-0.752739
-0.939756
0.536607
-0.582751
-0.352641
0.129368
-0.427839
-0.252052
0.595325
0.967833
-0.674978
0.212134
0.191443
-0.727775
-0.897702
-0.698050
0.908200
-0.589587
0.188513
0.451094
0.629322
-0.409345
-0.194617
-0.372295
-0.922971
0.004669
0.178198
-0.263405
0.804254
0.164098
0.598560
-0.604968
0.017426
-0.814631
-0.288797
-0.169225
-0.626576
0.466292
0.860897
-0.977355
0.111240
0.069124
-0.949522
0.664480
0.181616
0.161412
0.999390
-0.228004
-0.328898
0.341716
-0.957030
0.328898
-0.441755
0.088351
-0.666494
-0.045442
-0.978454
0.129673
0.729789
0.888180
0.876156
0.427290
0.108921
0.054598
-0.463240
0.501144
0.259438
-0.479232
0.423383
-0.385784
0.085788
-0.314676
0.982299
0.479720
-0.645070
0.471358
0.171728
-0.415204
-0.632435
0.188086
0.430403
0.942869
-0.136998
0.827876
-0.044404
-0.739006
-0.934080
-0.516648
0.922910
-0.194555
-0.360271
-0.518967
0.019135
-0.479720
0.707938
-0.826228
0.499557
-0.755486
0.653188
-0.052461
0.824335
0.740165
-0.576769
0.080477
-0.837947
-0.244911
0.849727
-0.219459
0.666372
-0.087130
0.072970
0.322123
-0.995666
-0.163610
-0.995605
-0.680288
0.361736
0.342143
0.485580
-0.121555
-0.348247
0.440291
0.998047
-0.337382
0.001740
-0.731620
0.431440
0.144139
0.292337
0.814814
-0.899594
-0.344035
0.262673
-0.250710
0.395062
-0.978942
0.966918
0.782769
-0.291849
-0.476730
-0.859066
0.375225
0.164525
-0.451033
0.562120
0.867855
0.600513
0.764519
-0.506272
-0.905942
-0.245949
-0.771233
0.055696
0.447981
-0.605945
0.045320
0.112583
0.188757
0.558763
0.699026
0.042024
-0.054964
-0.048250
0.712394
-0.071383
0.153966
-0.671377
0.509812
0.501511
-0.230079
-0.073092
0.637745
0.306070
0.128147
-0.824213
0.398846
0.525925
0.655934
-0.747063
-0.949644
0.028657
-0.783990
0.643422
0.122837
-0.052095
0.569689
-0.131687
-0.555040
-0.144566
-0.670034
0.189367
0.030610
0.908567
-0.314920
-0.806635
-0.293558
0.750969
-0.309854
-0.948363
-0.213660
0.170324
-0.887265
0.751762
-0.179418
0.177465
0.138585
0.047578
0.588061
-0.794794
-0.198706
0.429365
-0.744987
-0.130222
0.894223
-0.741142
0.278054
0.373577
-0.876278
-0.073519
-0.342631
-0.571398
-0.026704
0.478561
-0.037873
-0.820734
-0.856563
-0.585498
0.000702
0.365642
0.602039
0.852779
0.998718
-0.712821
0.218665
-0.532823
0.653920
0.652394
-0.592944
0.216590
-0.004975
0.648671
0.030183
0.941588
0.494064
-0.938963
0.906674
-0.852718
-0.925901
-0.582263
0.349528
-0.596606
0.628346
-0.876949
-0.611744
0.328410
0.661184
0.121860
-0.059542
0.995483
-0.577563
-0.504318
-0.026765
0.997864
-0.551439
-0.425214
0.952757
0.675100
-0.876888
0.636586
-0.662709
-0.359966
-0.743889
-0.897092
-0.728751
-0.531602
0.743950
-0.769890
0.517930
-0.681997
0.083102
-0.197790
-0.834956
-0.756401
-0.007965
-0.644093
0.880306
-0.256325
0.550523
0.369671
0.199805
0.951781
0.834895
0.252297
-0.771966
-0.961241
-0.658742
-0.137608
-0.061739
-0.999756
0.764580
-0.945860
0.117527
0.809015
0.837275
0.182714
0.218299
-0.659841
0.255409
-0.889462
-0.919492
0.269631
-0.407697
-0.637806
0.871029
-0.800775
-0.829035
-0.729118
-0.898679
0.792718
-0.054537
0.997436
0.809565
0.850764
-0.014618
0.716056
-0.683645
0.915891
0.012055
-0.763054
-0.018464
-0.649464
-0.398846
-0.012421
0.008393
0.868954
-0.992248
0.257363
0.004120
0.310282
-0.692740
-0.327433
0.955992
0.957213
-0.469527
0.739494
0.421979
0.471969
-0.955687
0.419599
-0.150670
-0.984130
-0.934263
0.251503
-0.404035
0.207495
-0.472274
-0.470199
0.894162
-0.474227
-0.972106
-0.317606
-0.796869
-0.025117
-0.482955
0.742851
-0.280923
0.695791
0.063692
-0.831294
-0.114536
0.435224
-0.377422
-0.640614
-0.495285
0.742546
-0.278115
-0.769707
-0.521897
-0.345012
-0.680410
-0.699149
0.122593
-0.576037
-0.549669
0.198462
-0.528794
-0.350505
-0.429975
-0.929136
0.758660
0.620594
0.984924
-0.092074
0.196570
0.740043
0.559252
0.056063
0.895810
-0.369427
0.883602
-0.300638
-0.353191
-0.221656
0.842769
-0.313150
0.223365
0.759941
0.475265
0.755486
-0.335734
0.427046
0.371807
-0.625782
0.612842
0.384503
-0.054659
-0.687796
-0.688711
0.176611
-0.363811
0.528550
0.874264
-0.923826
-0.553270
0.140843
