0.155309
-0.403790
0.752556
-0.629810
-0.237526
0.749199
0.680837
-0.410382
0.281167
0.701712
0.226356
-0.944884
0.325968
-0.435713
-0.691092
-0.098910
0.097201
0.404035
-0.289407
0.549425
-0.642018
-0.457686
-0.638844
-0.929624
-0.224952
0.364299
0.868892
-0.172033
-0.413434
-0.487838
-0.966491
-0.546007
0.064852
0.757378
0.483077
0.061739
-0.556688
-0.143406
0.342692
0.234962
-0.390973
0.858943
0.871029
0.687857
-0.165502
-0.531480
0.501205
-0.613941
0.511521
0.765435
0.227577
0.495346
0.981445
0.151769
-0.610950
-0.809748
0.873287
0.288675
0.727958
0.012238
-0.368938
-0.344035
-0.075411
0.500351
0.499496
0.980590
0.182958
0.719596
0.949034
-0.623035
0.815424
-0.917844
-0.157628
0.748222
0.415937
0.013276
0.597400
-0.402326
0.253151
-0.153600
-0.845637
0.838557
0.224525
0.822687
-0.037446
-0.663442
-0.919980
-0.938047
0.168004
-0.548875
0.116428
-0.586535
0.581225
-0.781976
-0.801874
0.520066
0.421247
0.172399
-0.681997
0.191931
0.128697
-0.055269
-0.153722
0.397076
-0.991699
0.818720
-0.533677
0.042940
-0.464644
0.408918
0.198035
-0.659780
-0.296609
0.092746
0.547899
-0.992004
-0.063265
0.310831
0.413617
0.891232
-0.485336
-0.734550
-0.756462
0.969359
-0.730094
0.323893
-0.148228
0.353801
-0.605884
0.165319
0.827021
-0.025178
0.928892
0.875301
-0.903806
-0.977721
-0.956053
0.857051
-0.132420
-0.045503
0.692434
0.660573
0.769036
-0.123569
0.943541
-0.635487
0.017060
-0.627918
-0.119175
-0.666555
-0.331278
-0.677175
0.905454
0.939451
-0.202124
-0.027619
-0.619984
0.846492
-0.132542
-0.254250
0.755058
0.656972
-0.375042
-0.380047
0.371258
-0.845943
-0.034700
-0.343852
0.116611
-0.898618
0.351176
0.693411
-0.490890
-0.149083
0.690298
-0.387555
0.077303
-0.248573
-0.709891
0.621632
-0.859249
-0.833369
0.550890
0.500534
-0.099155
-0.363384
0.598621
0.490951
0.183447
-0.959838
-0.821223
-0.920225
-0.334635
-0.687735
-0.754814
0.454390
-0.694754
-0.206763
-0.101962
-0.802484
0.902036
0.475021
-0.285806
0.242042
-0.369182
-0.646779
0.264321
-0.505173
-0.137181
0.269753
0.519822
0.594287
-0.963073
0.778680
0.403180
0.300943
-0.353984
0.861812
0.399030
0.319376
-0.330241
-0.784173
0.745170
-0.676382
0.902158
0.602771
-0.622120
-0.801325
-0.407025
0.116245
-0.942015
0.022065
-0.439070
-0.041658
0.328104
-0.557299
0.598254
0.675222
0.749138
-0.251869
-0.083468
0.708243
0.981994
0.387371
0.140599
-0.672170
0.891903
-0.249489
0.588366
0.504990
-0.223670
0.154027
-0.201270
0.000763
-0.879757
0.728324
-0.545274
0.967223
0.313761
-0.532456
0.020234
0.976012
-0.303812
0.865230
0.992370
-0.148106
0.077486
-0.227332
-0.027497
0.814814
0.837397
0.731376
0.296365
0.512070
-0.337382
0.950194
-0.434553
-0.991272
-0.505478
-0.836543
0.980285
0.876705
-0.899167
0.522019
0.220252
-0.030732
0.973937
0.910215
0.846614
-0.507492
0.423444
0.933409
0.848994
0.547411
0.177648
-0.964843
0.097812
0.406537
0.808527
0.847224
-0.923338
0.950499
0.658010
-0.587695
0.215369
-0.673086
-0.465438
0.346416
0.225745
-0.863643
-0.307169
0.932920
0.720695
-0.968261
-0.579943
0.967162
-0.962951
0.481674
0.086398
-0.270363
0.682608
-0.678457
0.512070
-0.722526
0.733573
0.394269
0.129429
-0.856380
0.089206
-0.074923
-0.418134
-0.339091
-0.129124
0.900571
0.503708
-0.028962
-0.968627
-0.529588
0.802728
-0.286721
0.932798
-0.068331
0.181372
-0.927061
0.966796
-0.667348
-0.658620
0.601306
-0.127903
-0.364299
-0.389386
0.935484
0.713431
0.610645
0.534959
-0.744255
-0.627491
0.316507
0.941771
0.312540
-0.567125
-0.892148
0.958556
-0.074374
0.303079
0.830317
0.695181
0.664235
0.512253
0.375469
-0.681204
-0.551622
0.460799
-0.874996
0.003510
-0.199805
-0.370403
0.308939
-0.367229
0.610828
-0.762810
-0.528550
-0.845332
0.242531
-0.316935
0.534959
-0.009430
0.223853
-0.981628
-0.092013
-0.727042
-0.351299
0.742790
-0.927000
0.411542
0.059053
-0.596362
0.542283
0.629505
0.017304
-0.534043
-0.425153
-0.434004
0.845759
-0.946654
0.830927
-0.449751
0.057588
-0.124546
-0.247658
0.987304
-0.956542
-0.662709
-0.952208
-0.677602
0.991028
-0.671926
0.080477
-0.153905
0.870113
-0.211524
-0.051485
0.656545
-0.650380
-0.463790
0.183996
0.634144
0.626148
-0.546861
0.966552
-0.730033
-0.819819
-0.485397
0.240699
0.556444
-0.609851
0.914609
0.515183
0.236610
0.069369
-0.365398
-0.211158
-0.992309
-0.583361
0.165319
0.527024
0.251320
0.969787
0.292764
0.622547
0.838923
0.555406
-0.851009
0.086886
0.799432
0.794916
0.535203
0.361980
0.580920
0.784051
-0.884396
-0.032075
0.852535
0.010529
-0.314737
-0.311014
-0.270608
-0.874508
-0.762871
0.596912
0.782281
0.490341
0.176000
0.782586
-0.402753
0.766533
-0.584948
0.662160
0.030610
-0.156957
0.208594
-0.658193
-0.636586
0.934812
0.358135
0.633351
0.527024
-0.983886
-0.792474
0.703299
-0.790704
-0.945677
0.732047
0.468734
0.041719
-0.806269
-0.854671
-0.128574
-0.943541
-0.113620
0.365154
-0.763726
0.964721
0.458357
0.657582
0.108737
0.213843
0.248573
0.811518
0.991272
-0.266030
0.828364
0.861141
-0.095614
0.206641
0.243629
-0.042268
0.530259
-0.943113
0.143345
0.366558
-0.241127
0.554125
0.299661
-0.197363
-0.351909
0.167760
-0.302347
-0.650624
0.091891
0.268777
-0.829096
-0.826167
-0.062593
0.226844
0.589526
-0.857356
-0.945067
-0.053133
-0.418989
0.376751
-0.540391
-0.653920
-0.607166
0.443525
0.217750
-0.434065
0.756645
-0.417890
-0.850459
-0.479293
-0.715934
-0.426923
-0.375652
-0.158238
-0.809626
-0.759514
0.065706
-0.504440
-0.192663
0.257973
-0.060823
-0.781121
0.264138
0.495041
0.002411
0.035615
-0.906064
-0.373699
-0.283486
-0.381451
-0.000763
0.575793
-0.259194
0.038362
0.318644
0.046602
0.226417
0.384991
0.205054
-0.895993
-0.261574
0.321635
-0.904782
0.870296
-0.744011
0.856258
-0.306253
0.981750
0.371807
-0.239967
0.887936
0.527879
-0.731132
0.848628
0.617237
0.861873
-0.046480
-0.292093
0.047639
0.454878
-0.229652
0.555406
-0.714957
0.835566
-0.900082
0.501572
0.275979
-0.276833
0.264748
0.133824
0.305948
0.059053
-0.544115
-0.931700
-0.447798
0.115329
-0.256081
-0.430403
-0.041231
-0.906735
0.028169
-0.060762
-0.160558
-0.206091
0.005890
-0.085116
-0.694510
0.487472
-0.654653
-0.794733
-0.532640
0.288797
0.940733
0.004913
-0.778436
0.821589
-0.207617
-0.859981
0.841426
0.641041
-0.353557
0.513596
-0.286111
-0.958678
-0.242286
-0.938108
-0.472518
0.917783
0.216346
-0.842158
-0.086093
-0.599902
0.456404
-0.344829
-0.152623
-0.084323
0.010102
0.882565
0.300638
0.473922
-0.347453
0.864803
0.687063
-0.123325
-0.357646
0.612476
0.344890
-0.331095
-0.817377
-0.592700
0.071749
0.151646
-0.293619
-0.124668
-0.147984
0.260414
0.331889
0.993835
0.766167
-0.302469
0.486984
-0.113498
0.950987
0.480270
0.357707
-0.722953
0.465560
-0.494919
-0.505295
0.405683
0.271035
-0.875607
0.694571
-0.864864
-0.251320
0.785150
-0.594104
-0.398602
0.763848
-0.027741
0.663686
0.697623
0.495895
0.850154
0.346721
-0.284280
0.935911
0.325968
-0.500534
0.809259
-0.823054
0.711173
-0.464705
-0.175878
0.774407
0.730033
0.502487
0.827570
0.510849
-0.087985
-0.671987
0.278665
0.340617
-0.503098
-0.310282
-0.663015
0.296976
-0.597644
-0.572497
-0.457564
0.846553
-0.512741
-0.927305
0.447615
-0.965087
-0.258889
-0.021943
-0.811701
0.499313
0.252480
0.993103
-0.158483
-0.763970
-0.611560
-0.796625
-0.140538
0.872372
-0.393353
0.729911
0.355937
-0.803156
0.924680
0.470992
-0.926817
-0.481307
-0.170263
-0.349528
0.355449
-0.847774
-0.740165
-0.383099
0.722953
0.743889
-0.023041
-0.273232
0.064425
0.197241
-0.092563
0.765557
-0.710501
-0.765007
0.461043
0.604663
-0.944639
-0.903378
-0.214270
0.666494
-0.680654
0.165807
0.997559
0.076571
0.217872
-0.960570
-0.389569
0.067049
-0.807855
0.314676
0.508286
-0.091708
-0.944212
-0.028962
0.733390
0.860591
0.719901
-0.516953
-0.180761
0.075716
0.594958
-0.640919
-0.794061
-0.068270
-0.717887
0.961974
0.229713
-0.023103
0.979308
-0.708426
0.548082
0.167760
-0.053072
0.052034
-0.783441
-0.504868
-0.748589
-0.942442
0.062105
0.291360
0.380291
0.161351
0.478866
0.485397
0.773797
0.271523
0.981628
-0.581652
-0.092990
0.509140
0.920713
-0.755974
0.201697
-0.948607
-0.894162
-0.075045
0.716178
0.980895
-0.976684
-0.161718
0.712638
0.856929
0.181310
-0.535508
-0.598376
0.918088
-0.431990
-0.398236
-0.453413
-0.413495
0.182348
-0.919492
0.445845
-0.686758
0.437056
-0.024201
-0.653005
-0.216102
0.180456
-0.104770
-0.418317
0.638356
0.405683
-0.634388
-0.602283
-0.720023
-0.868221
-0.246193
0.950438
0.678762
0.588977
0.486251
-0.754509
-0.691214
-0.632435
0.827631
-0.616871
0.841914
0.540086
-0.264687
-0.837397
0.694815
0.942808
0.694693
-0.919309
0.072115
-0.358013
-0.022004
-0.181372
-0.107089
-0.935667
-0.546495
-0.991272
0.646413
-0.235755
-0.044649
0.672720
0.532395
0.750359
0.597827
0.506516
-0.815058
-0.443831
0.171361
0.151524
0.555528
-0.071688
0.436445
-0.017304
-0.337931
-0.167150
0.083712
-0.075900
0.951170
-0.400250
-0.627674
0.878414
-0.752129
-0.463179
-0.414594
0.329875
-0.113926
-0.382977
-0.773064
0.214026
-0.306558
0.085665
-0.393048
-0.378643
0.451094
0.944884
-0.862239
0.859920
0.079440
0.775140
0.299905
-0.019440
0.955870
-0.295267
0.013031
-0.631886
0.049104
0.317301
-0.973693
-0.284158
-0.765496
0.900571
0.155370
-0.968749
-0.340312
-0.314371
0.487289
-0.241554
-0.443281
-0.598621
0.261879
-0.243263
-0.896298
-0.210730
-0.178137
0.873592
0.007660
0.956542
-0.036897
-0.863704
-0.961608
0.561693
-0.052095
0.135289
-0.098117
0.644398
0.039766
-0.038789
-0.591479
0.683645
-0.066683
0.748222
0.856624
0.128391
-0.248146
-0.554735
-0.844050
-0.300455
-0.235511
-0.198035
0.795404
0.368267
0.014008
-0.100070
-0.482101
-0.363140
0.451460
0.617176
0.163610
-0.170507
-0.472091
-0.698233
0.780633
0.619922
0.299905
-0.626026
-0.116184
-0.610096
0.333842
-0.465743
-0.928098
-0.629261
-0.967467
-0.489547
-0.986206
-0.073214
0.224036
-0.288491
0.462569
0.435408
0.011567
0.174718
0.799066
-0.416242
0.274941
0.288736
0.521104
0.556505
-0.189489
-0.029206
-0.293374
-0.434675
-0.234474
0.312906
0.398175
0.186254
-0.247963
-0.678701
0.619007
0.651173
0.202124
-0.191748
0.655629
-0.187536
0.638478
0.400372
0.110935
0.224708
0.456526
-0.237770
-0.788629
-0.638661
-0.163366
-0.498337
-0.416181
0.767754
-0.212928
-0.666311
-0.109897
-0.468856
-0.741630
-0.783685
-0.356548
0.927976
0.298013
-0.855220
0.928831
0.231300
-0.481185
0.883663
-0.579699
0.598498
-0.451888
-0.149876
0.749504
0.048006
0.405927
0.930601
-0.466048
-0.826838
-0.121616
0.083346
-0.046419
-0.063753
0.587939
-0.483810
0.494675
-0.622364
-0.410627
0.760430
-0.866634
0.174230
-0.965270
-0.246254
-0.192969
0.739494
-0.368694
-0.536973
0.366253
0.209387
-0.678579
0.116062
-0.371136
0.787103
0.710807
0.908139
-0.462569
-0.694571
0.139134
-0.179601
0.135716
0.394940
-0.494552
-0.101108
0.120090
-0.113926
0.031098
0.217017
0.471725
0.470199
0.894040
-0.890683
0.425520
-0.706168
-0.363262
0.276406
-0.277566
-0.563829
-0.337260
0.862911
-0.371990
-0.686636
0.435408
0.520310
-0.479720
-0.922666
0.630360
0.400555
-0.402570
-0.924558
0.913083
-0.213294
0.643422
-0.778558
-0.285623
0.998413
0.391644
-0.456526
0.225990
-0.255104
-0.617908
0.856624
-0.591479
0.273782
0.050691
-0.336161
0.765374
-0.704154
0.156346
-0.512436
-0.246193
-0.525376
0.090548
0.125278
0.817560
0.752861
0.265297
-0.566820
-0.515366
0.300882
-0.925962
0.552293
-0.798517
0.873470
0.631336
0.855037
0.967772
0.051912
0.258339
0.001251
-0.134129
0.859920
0.496811
-0.128636
0.017731
-0.683279
-0.473128
0.924314
-0.164953
0.823542
-0.404767
0.713981
0.253639
-0.731498
-0.280068
-0.408063
-0.699576
-0.308206
0.023713
-0.132603
0.046175
0.907285
-0.210669
-0.535997
0.610828
-0.764092
0.370952
0.140294
0.998230
-0.605945
0.929136
0.516892
0.204016
-0.495285
0.693228
0.612476
-0.245643
0.874569
-0.335368
-0.977721
0.437727
0.077914
-0.367229
0.174169
0.616871
-0.528245
0.650563
0.430158
-0.820307
0.340373
0.628590
0.626637
0.430097
0.952818
0.851863
0.566088
0.677969
-0.423750
-0.635426
0.394208
-0.249489
0.121677
0.975524
0.050508
0.681692
-0.759575
-0.369060
0.790887
0.380596
0.071200
0.522568
-0.009491
0.241493
-0.838374
-0.993103
0.403974
0.804010
-0.500534
0.123203
0.766228
-0.681570
0.133091
-0.600574
0.485824
-0.094699
-0.934751
0.855464
-0.132359
-0.467818
-0.119175
-0.356365
-0.783197
0.477706
-0.345744
0.548936
0.440657
-0.183630
-0.067598
0.921262
-0.959838
0.840022
-0.005585
0.944517
-0.587146
-0.982543
0.124546
0.425092
0.499863
-0.783380
-0.682119
-0.881283
-0.729911
-0.566149
-0.679922
-0.905210
0.707450
0.330058
-0.796564
0.234046
0.143223
-0.380230
-0.743034
0.922239
-0.632008
0.747063
-0.131687
-0.691885
-0.977905
0.050874
-0.009430
0.745903
0.365520
-0.923887
0.190649
-0.947752
-0.159825
0.921140
0.989990
-0.863704
-0.028779
-0.844050
0.158300
0.806269
0.489853
-0.116245
-0.720328
-0.053804
-0.193579
0.254128
-0.694327
0.686758
-0.543138
0.105564
0.130467
-0.616138
-0.758660
-0.661916
0.130772
0.473128
-0.308390
0.966735
-0.108554
-0.151097
-0.232154
-0.458235
-0.859188
0.603137
0.085299
-0.103000
0.123386
-0.558702
0.536546
-0.160375
-0.639698
-0.660573
0.208045
-0.594470
-0.375713
-0.156407
0.590136
0.648061
-0.078097
-0.924375
0.577807
0.512436
-0.766778
0.284036
0.423750
-0.422346
0.427046
-0.640553
-0.621754
-0.392560
-0.781671
-0.625721
-0.539048
-0.874081
-0.468490
-0.391156
-0.025605
-0.901364
0.991089
-0.288553
-0.448347
-0.798883
-0.355937
-0.845271
-0.876034
0.739555
0.097629
0.935850
-0.332072
-0.801386
-0.459273
0.287698
0.290384
0.792291
-0.868709
0.649281
0.404706
-0.016633
-0.164953
0.983215
0.600940
0.573840
-0.146092
0.141270
-0.503403
-0.644154
-0.191382
0.056185
0.470687
0.623280
-0.587268
-0.529588
0.308084
-0.240638
0.441267
-0.588733
0.203955
-0.133030
0.614429
-0.291177
0.477889
-0.661733
-0.404828
-0.900754
-0.255287
-0.154942
0.856746
-0.903256
-0.977233
-0.842463
0.165075
0.691702
0.931822
0.235084
0.314249
0.271706
0.996460
-0.604602
0.835749
-0.997070
0.574572
-0.100497
0.733695
-0.458357
0.646718
-0.758049
0.355815
-0.847224
-0.527757
-0.550707
-0.844600
-0.571825
-0.615101
-0.531602
-0.259987
0.989563
-0.950926
0.505722
-0.271645
0.868954
0.306497
0.701956
0.712760
0.394391
0.213660
-0.988586
-0.680593
-0.561876
0.301187
-0.163976
0.626453
0.687551
-0.048189
-0.868770
-0.116916
-0.496139
0.332743
0.302835
0.367901
0.576464
-0.256020
0.013092
-0.100925
0.358989
-0.523423
-0.185644
0.747673
0.680349
-0.893368
0.656850
-0.876705
0.802118
-0.792352
-0.895505
-0.843989
-0.729118
-0.004852
0.194128
-0.374981
0.314310
-0.123753
-0.645192
-0.483016
0.108554
0.804621
-0.427107
0.682119
0.441816
0.719840
0.195471
0.353313
0.404889
-0.073885
0.282388
-0.361980
-0.077425
-0.259194
0.096835
0.134190
0.588244
0.821100
-0.366314
0.955992
-0.986450
-0.405011
0.340983
0.749443
-0.860042
-0.166051
0.720267
0.693228
0.193884
0.715262
0.898312
0.540269
0.065401
0.217627
0.383587
-0.336650
0.509751
-0.969970
0.835994
-0.260659
0.718925
-0.158910
-0.130222
0.767632
-0.424360
-0.973083
-0.707633
-0.456221
0.593860
-0.968627
0.278481
-0.609790
-0.845149
0.090915
-0.322245
0.900815
-0.936827
0.718986
0.879879
-0.904294
0.592578
-0.680593
-0.926756
-0.997803
-0.577258
-0.440962
-0.076876
0.714103
0.412152
-0.541429
-0.901181
-0.587756
-0.851558
-0.564135
0.926023
-0.882260
-0.921140
-0.354167
-0.378460
0.839045
0.688101
-0.092196
0.610401
-0.290689
-0.550096
-0.752678
-0.351299
0.668630
0.576769
-0.437666
-0.618152
0.590503
0.666250
0.486251
0.590442
0.544053
0.568468
0.829768
0.090670
-0.044038
-0.635914
