0.652333
0.919675
0.900876
0.075228
-0.495285
0.647206
0.655995
0.999817
-0.194678
0.530320
0.745293
0.856807
0.105014
0.170507
0.371746
0.744438
0.201697
-0.239784
0.218482
0.529099
-0.726371
-0.290994
0.861751
-0.440840
-0.673452
-0.602588
0.403302
0.268349
-0.401227
-0.587756
-0.221412
0.185827
0.851924
0.896420
0.582324
0.281961
0.422651
0.327799
-0.191259
-0.814631
0.917844
-0.704215
0.724113
-0.470687
0.843013
0.881405
-0.693472
0.268654
-0.758232
-0.679312
0.482040
0.271706
-0.635853
0.791009
0.737968
0.241493
0.505173
-0.960631
0.504318
0.923460
0.832698
-0.480270
-0.542711
-0.566942
0.155431
-0.238929
0.072237
0.107395
0.375469
0.578784
-0.418195
0.880673
0.968566
-0.764275
-0.393109
-0.544176
0.095676
-0.785211
-0.381390
-0.053682
-0.696219
-0.897458
0.206458
0.537584
0.766289
-0.332621
0.960875
0.404950
-0.487716
0.859737
0.964049
-0.746513
0.965148
0.757256
-0.083468
-0.376873
0.348308
0.367779
0.838557
0.335856
0.304117
-0.979614
0.484176
-0.874325
-0.291543
-0.291177
-0.314798
0.540086
0.663625
-0.745170
-0.512375
0.253883
0.204505
0.959105
0.022370
0.106845
0.963744
-0.857906
-0.414960
0.911557
-0.241310
0.326823
0.852596
-0.478927
-0.402142
0.256508
0.543382
-0.860897
-0.624561
-0.813166
-0.388531
0.892026
-0.573840
0.173742
-0.691580
-0.112461
0.890439
0.922422
-0.028962
0.006623
0.341533
0.438398
0.464400
-0.770074
0.624866
0.455855
-0.313456
-0.433882
0.265114
-0.890316
-0.571764
-0.773125
0.459944
-0.317850
-0.969420
-0.674062
-0.480026
-0.066439
-0.577074
-0.499069
-0.818354
-0.341350
-0.620655
-0.816034
-0.387799
0.071261
-0.098117
0.650197
0.893735
0.688162
0.848994
-0.658010
0.578112
-0.422224
-0.671010
-0.754753
0.894589
-0.301126
-0.263100
-0.457930
0.433515
0.098300
-0.314554
-0.274819
-0.377483
-0.701224
-0.638722
0.621998
0.013642
-0.216956
-0.152867
0.053621
-0.416181
0.547288
0.077486
0.177404
0.606067
0.100864
-0.228126
-0.276772
-0.439253
-0.476730
0.578539
0.209082
0.829585
-0.572008
0.951109
-0.324625
0.070406
0.030915
-0.705618
0.986694
-0.169408
0.262612
0.838618
0.367290
0.367656
0.590320
-0.326151
-0.217689
0.218421
0.985046
0.479659
-0.479659
-0.615345
0.155126
-0.416425
0.615162
-0.631397
0.692007
-0.445967
-0.889523
-0.484603
-0.302408
0.616321
0.802484
0.869930
-0.908872
-0.990417
0.807550
-0.988891
0.784600
-0.832331
-0.659352
-0.532640
-0.342998
-0.563768
0.005707
-0.413800
-0.430952
-0.335551
-0.000275
-0.393780
-0.054659
0.855647
0.355083
0.165685
-0.732475
0.894833
-0.677664
0.561022
0.962767
-0.740959
-0.127110
-0.547655
0.047151
-0.124424
0.013886
0.137364
-0.324381
-0.884274
0.212622
0.527573
0.423933
0.479476
0.675710
-0.858699
-0.341227
-0.152562
0.793390
0.154393
0.253456
0.765252
0.000641
-0.722648
0.614734
0.998596
-0.017548
0.009125
-0.854244
0.103183
0.065828
0.706046
0.913999
0.877194
-0.084567
-0.698294
0.719657
0.676870
-0.162938
-0.754265
0.013031
0.265053
-0.033479
0.310099
-0.760918
-0.028596
0.972411
0.294351
0.650136
-0.001251
0.505417
-0.071871
-0.562059
0.792230
-0.539415
-0.399518
-0.872250
-0.431928
0.234413
0.125095
-0.499496
-0.037690
0.539109
0.569140
0.042451
-0.691275
-0.326029
0.291421
-0.096835
-0.111850
0.033906
0.045686
-0.820124
0.082308
-0.914853
0.365398
0.889828
-0.345805
-0.595386
0.774529
-0.354289
0.351970
0.690298
0.385357
0.322123
0.934935
0.231300
-0.640370
-0.040864
-0.791375
-0.186682
-0.229713
-0.639027
-0.522202
0.991455
0.234230
-0.180700
0.534349
0.903867
-0.369610
0.112461
0.778558
-0.436995
-0.244484
-0.115513
0.603687
-0.001068
0.324870
0.067476
-0.073946
-0.751274
0.054109
-0.999878
0.919309
-0.790155
-0.232521
0.555589
0.275491
0.046602
-0.474776
-0.356059
-0.501999
-0.496872
-0.073763
0.020112
-0.455184
0.072848
0.463485
-0.283609
-0.487899
-0.971374
-0.785333
0.256569
-0.893918
-0.931394
0.384564
-0.384991
-0.592334
0.859493
0.438520
-0.818720
0.827570
0.194800
-0.807855
-0.358745
-0.493149
0.692618
-0.301737
-0.760613
-0.587817
0.867489
0.864498
-0.466781
0.458541
0.449019
0.267495
0.460128
0.452986
0.500412
-0.645863
-0.812189
-0.572741
-0.507859
-0.376263
0.306436
0.537034
0.520249
-0.445296
-0.970214
-0.017365
-0.033540
0.698477
0.371685
-0.976257
-0.230995
-0.913755
0.342753
-0.771905
-0.157872
-0.177648
-0.976745
-0.722404
0.834956
-0.586718
0.870724
-0.547227
0.202429
-0.874813
0.743156
0.836970
0.747917
0.892331
0.352886
0.370403
-0.257363
-0.459639
0.008881
-0.292520
0.210120
0.426313
0.526109
-0.999145
-0.561998
-0.963561
-0.111606
-0.325236
-0.063326
-0.328837
0.051851
-0.469588
-0.866634
0.030732
-0.596789
0.229041
-0.411298
0.748405
-0.277505
0.193701
-0.884213
0.982665
-0.945799
-0.488021
0.478805
-0.116489
0.460982
-0.299356
0.230750
0.015595
0.250710
-0.516343
0.527940
0.655263
0.373272
0.219581
0.717948
-0.000946
0.024506
-0.479537
-0.260598
0.255226
-0.962523
-0.593188
-0.294473
-0.320231
-0.667165
0.657643
-0.269997
0.497726
-0.751396
-0.352580
0.600146
-0.894955
0.811457
-0.410627
-0.946165
-0.333293
-0.542589
-0.963988
0.111728
0.431684
-0.200903
-0.680898
-0.984313
-0.641041
-0.353740
0.317423
0.023347
0.749687
0.126560
0.110569
-0.230079
-0.680898
-0.661428
-0.603320
0.719047
-0.833796
-0.258461
0.494736
-0.246742
0.896664
-0.752800
-0.275246
0.145299
-0.723502
0.617847
-0.089206
0.125095
-0.380657
-0.022126
-0.554125
0.416608
-0.953063
0.702567
0.233924
0.807184
-0.078829
-0.648915
-0.588366
0.377606
-0.712455
0.294839
0.425764
0.193152
0.345317
-0.784845
-0.502121
0.483932
0.807428
0.810602
-0.571703
0.388226
0.066134
-0.661550
-0.282327
-0.627613
-0.196936
0.946226
0.809320
0.675649
-0.163854
0.070894
0.950804
0.966796
0.888058
-0.781854
0.289102
0.753166
0.346477
-0.929014
-0.531419
0.978271
-0.106174
0.380047
-0.271828
0.336833
-0.811823
0.226112
0.455489
0.806391
0.113804
0.823908
-0.550707
-0.090426
-0.537156
0.705802
0.731742
0.365154
0.571947
-0.448164
-0.456221
-0.924986
0.060945
-0.035310
-0.521897
0.812067
0.110202
-0.208777
-0.907773
-0.561327
-0.326945
0.849055
0.631947
0.340495
-0.180883
0.022858
0.069674
-0.596484
0.353008
-0.215186
-0.953978
0.452071
-0.125034
-0.712577
0.887265
0.869991
-0.614002
-0.660390
0.500168
-0.731376
0.282815
0.489486
-0.421979
-0.779778
0.319437
-0.013459
0.100192
0.508469
-0.655629
0.972777
0.562243
-0.765679
0.019318
0.447005
-0.449263
0.524705
0.168249
-0.691580
-0.382061
-0.022370
0.830256
-0.418195
-0.171056
-0.201025
0.904782
0.653676
0.509568
-0.459517
-0.158177
0.136021
0.155858
-0.240272
-0.359539
0.017426
-0.009247
-0.242836
0.361187
-0.785821
-0.641102
-0.371319
0.881527
-0.349162
0.811823
-0.220740
0.457320
0.768731
-0.276467
-0.621876
-0.673391
0.485336
-0.000885
-0.560350
-0.835994
-0.681936
-0.444990
-0.776360
-0.277078
-0.877987
0.517258
0.589831
-0.472091
0.722159
-0.905576
0.996643
-0.775323
-0.569811
-0.555284
-0.647023
0.031465
-0.659658
0.873226
0.060762
-0.467208
0.806879
0.364727
0.913633
-0.529527
0.935240
-0.363384
0.106418
0.029633
0.308939
0.731132
0.406171
-0.930601
0.264687
0.260842
0.676382
0.356670
-0.355510
0.270302
0.630360
0.956236
0.077914
-0.722709
-0.367351
0.362285
-0.968261
-0.457869
-0.189001
0.237342
0.116794
0.025849
-0.451155
-0.532029
-0.850032
0.500595
0.416486
0.019623
-0.664357
0.811457
-0.121067
0.342204
0.143590
0.803522
-0.073092
-0.574450
-0.707694
-0.644948
-0.163488
-0.968566
-0.193091
0.752495
-0.595264
-0.554491
-0.436750
-0.892514
0.142003
0.119419
0.192785
0.440901
0.295877
-0.822138
0.023652
0.149510
0.420515
-0.391705
0.163854
-0.027009
-0.571581
-0.408368
-0.512314
-0.555834
-0.996887
-0.534227
-0.263527
-0.647267
0.499741
-0.304178
-0.420331
0.853938
-0.431318
-0.239296
0.570055
0.094821
0.757378
0.608448
-0.684256
-0.869503
0.153844
-0.368267
0.955138
-0.216407
0.544542
-0.678701
0.269997
-0.244667
0.733940
0.909665
0.286538
-0.695486
0.131809
0.852596
0.203711
0.167882
-0.191321
-0.575793
-0.831721
0.029084
-0.385846
-0.740959
0.659719
0.295145
0.152867
0.313028
-0.785821
0.632130
-0.369488
0.538621
0.049409
-0.625599
-0.303568
-0.828974
-0.007477
0.716178
0.366314
-0.335856
-0.539476
0.653127
-0.513169
0.499802
-0.398358
-0.234474
-0.296793
0.718619
-0.945799
-0.961852
0.517075
-0.251442
0.207068
-0.172704
0.830683
-0.231361
-0.297342
0.475143
-0.720878
-0.942869
0.132298
-0.342509
0.106662
-0.469588
0.155919
0.426618
0.629017
0.565844
0.185095
-0.244850
-0.005585
-0.341288
0.874874
0.799921
0.049471
-0.331400
-0.008454
-0.463301
-0.539781
0.906064
-0.776238
0.362407
0.505600
-0.676443
-0.470016
0.788018
-0.084445
0.951659
0.663747
0.987243
-0.580676
0.298929
0.567553
0.547777
-0.074862
-0.273110
0.790216
0.578112
0.046602
0.641896
-0.637318
-0.202063
-0.090854
-0.186804
-0.376019
-0.685537
0.073397
0.036531
-0.433454
-0.771233
-0.142796
-0.750603
0.237831
0.805475
-0.240638
-0.569445
0.051607
0.378399
0.672903
0.389935
-0.843867
-0.395001
-0.243690
-0.418134
0.554369
0.846187
-0.586535
0.931944
-0.773431
0.441084
0.391278
-0.768914
-0.660207
0.325724
-0.456771
-0.190954
-0.406171
-0.554247
0.351726
-0.811884
0.869991
0.273782
0.734123
0.498093
-0.772454
0.010895
-0.371746
-0.266884
-0.600452
-0.771538
0.276406
0.118809
0.467818
-0.643849
0.478927
-0.036164
-0.014679
-0.072665
0.263710
-0.718986
-0.839167
-0.981017
0.766350
-0.635487
-0.184484
-0.077120
-0.525071
-0.373272
-0.510056
0.549242
0.380657
-0.160802
0.892026
-0.752251
0.774346
-0.577990
-0.445723
-0.767144
-0.822260
0.198828
0.650441
0.456648
-0.434797
-0.368694
-0.504501
0.447798
0.933226
-0.986328
0.508530
-0.827265
0.981506
0.824702
0.764214
-0.450179
0.946287
-0.031648
0.147801
0.980773
-0.300882
0.589282
-0.707999
0.312296
-0.691885
0.916440
-0.113315
0.825983
0.041658
0.822443
-0.140965
0.153050
0.821345
-0.357952
0.524888
-0.059053
-0.471664
-0.827631
0.512253
0.574084
-0.160192
-0.669362
-0.136631
0.667348
-0.377850
-0.889645
0.772027
-0.986511
-0.445601
-0.647023
-0.293191
-0.049715
-0.643544
0.528428
-0.657399
0.831904
0.119236
0.699149
-0.177953
0.074190
0.815607
0.467086
0.140294
0.153783
-0.202918
0.299051
-0.996948
0.734428
-0.029084
0.878292
-0.261879
-0.430952
-0.579760
-0.618824
-0.816950
0.512375
-0.840327
-0.761345
0.084811
-0.213172
-0.858211
-0.164037
-0.296304
0.922422
0.637745
-0.077975
0.175939
-0.634205
-0.558641
-0.142308
-0.585986
-0.843379
-0.077303
-0.392987
-0.633229
0.784967
-0.981628
-0.853938
-0.028901
-0.876888
0.761223
-0.652211
-0.926511
0.774590
0.892819
0.637684
0.284219
-0.466964
-0.125828
0.019196
-0.470626
0.922727
0.436140
-0.822443
-0.947386
-0.582324
-0.469039
-0.499313
-0.104404
0.279214
-0.901730
-0.753044
0.124424
0.125828
0.816767
0.631031
0.463485
0.339274
-0.937010
0.667470
-0.346110
-0.847407
-0.894711
0.296304
-0.965148
-0.203833
0.116489
-0.139073
0.807550
-0.158849
-0.531114
-0.239357
-0.878964
-0.362590
-0.072909
0.773309
0.806940
0.314615
-0.180517
0.570177
-0.465438
0.564989
0.798944
0.503342
-0.208228
0.400555
-0.147313
-0.924558
0.749138
0.739677
0.461043
-0.330241
-0.438765
0.336283
-0.973449
-0.991760
-0.859859
-0.176061
-0.326151
-0.459395
0.257424
-0.748894
0.452986
0.265725
0.429060
-0.063265
0.501267
-0.184606
0.280251
0.159398
0.735893
-0.537217
0.625172
-0.114353
0.485275
-0.715629
0.387249
-0.609058
0.214698
-0.610584
0.023347
-0.179113
0.446333
0.590930
-0.948363
-0.235755
0.466903
0.448653
-0.192663
0.340068
-0.657582
0.242653
0.536607
-0.582751
-0.352641
-0.619190
0.277200
0.052644
0.595325
0.967833
-0.674978
-0.676443
-0.408673
-0.727775
0.199622
0.952269
0.350688
-0.589587
0.188513
-0.792840
0.629322
0.359722
-0.194617
-0.372295
-0.856685
0.503037
0.178198
-0.491562
0.804254
0.431196
0.598560
-0.141636
0.236549
-0.706717
-0.288797
-0.169225
-0.382611
0.466292
-0.166845
-0.010834
0.575915
0.787469
0.013276
0.965941
-0.062593
-0.104587
0.983215
-0.451582
-0.328898
-0.985961
0.493515
0.328898
-0.676443
0.088351
0.195898
-0.719901
-0.239601
0.129673
0.729789
0.888180
0.562548
0.427290
-0.648854
0.054598
-0.463240
-0.789850
0.835505
0.122410
-0.321207
-0.016633
0.085788
-0.314676
0.982299
-0.954955
0.022858
0.471358
0.171728
0.674306
-0.632435
0.188086
-0.540208
0.942869
0.431501
-0.166417
-0.143773
-0.728751
-0.934080
-0.100803
0.205481
-0.194555
-0.360271
0.618702
0.745476
-0.479720
0.359783
-0.389264
0.444929
0.428877
-0.579760
0.455245
0.824335
0.262368
0.439680
0.080477
-0.837947
-0.244911
0.057405
-0.219459
0.666372
-0.087130
0.614307
-0.881954
-0.995666
-0.469466
0.889523
-0.875729
0.522263
0.950743
0.624317
0.371563
0.199561
0.581774
0.998047
-0.345622
0.001740
0.864681
-0.532029
-0.467513
0.292337
-0.849788
-0.899594
-0.783807
0.823847
-0.912046
0.395062
-0.978942
0.966918
0.782769
0.195349
-0.533250
-0.354534
-0.384381
0.061983
-0.451033
0.235084
0.867855
0.600513
0.550768
0.323771
-0.101962
-0.245949
0.135594
-0.104648
0.447981
-0.661916
0.045320
0.112583
-0.538438
0.558763
0.111667
0.851375
0.371197
-0.048250
0.712394
0.891964
0.153966
-0.956297
0.509812
-0.282632
-0.541917
0.496689
0.637745
0.306070
-0.781426
0.687796
0.658681
-0.278481
0.655934
-0.185217
0.729301
0.767571
-0.783990
0.643422
-0.230934
-0.052095
0.569689
-0.131687
-0.444075
0.480148
-0.443525
-0.644276
0.713187
0.229347
0.919065
0.243629
0.672720
0.750969
0.914731
-0.948363
0.058504
0.496506
-0.828425
0.972228
-0.108921
0.722526
0.463485
0.047578
-0.324015
-0.161657
-0.464766
0.429365
0.402631
-0.469588
-0.301187
-0.741142
-0.594104
-0.134617
0.542100
-0.821833
-0.342631
-0.687246
-0.026704
0.478561
0.449812
0.416425
0.619312
-0.585498
0.000702
0.365642
0.810602
0.444868
-0.246498
-0.712821
-0.084384
-0.532823
0.162145
-0.070711
-0.706290
0.216590
-0.004975
-0.900143
-0.175878
-0.374248
0.624805
-0.529160
-0.130955
-0.852718
-0.863643
-0.848323
-0.862423
-0.596606
-0.158300
-0.830561
0.557848
-0.069979
-0.918638
0.121860
-0.059542
0.074496
-0.821406
-0.504318
-0.582385
0.949278
-0.551439
-0.694266
0.952757
0.675100
-0.876888
0.636586
0.650563
-0.311319
-0.743889
-0.229286
-0.494858
-0.531602
0.743950
-0.272134
-0.694205
-0.681997
0.083102
-0.396222
-0.834956
-0.577685
-0.007965
-0.644093
0.880306
-0.450117
0.550523
0.393292
0.199805
-0.294107
0.834895
0.252297
0.698416
-0.961241
0.475448
-0.449690
-0.061739
-0.212195
0.764580
-0.007782
0.117527
-0.333354
0.572802
0.161473
0.218299
-0.655263
0.790826
0.469344
-0.319742
0.236427
-0.832636
-0.519089
0.871029
-0.800775
-0.829035
-0.729118
-0.898679
0.391522
-0.010773
0.997436
-0.734184
0.598132
-0.014618
0.164403
-0.683645
0.348186
0.545885
-0.431135
0.354289
0.007843
0.013215
-0.012421
0.008393
-0.943846
-0.765740
0.257363
0.004120
0.310282
-0.834346
-0.772210
-0.221778
0.085665
-0.469527
-0.273354
0.421979
0.471969
-0.955687
0.419599
0.312601
-0.254494
0.641652
0.251503
-0.902951
0.207495
0.679678
-0.470199
0.496139
-0.474227
0.390728
-0.317606
-0.796869
-0.839900
-0.700674
0.278359
0.317850
0.696036
0.592090
-0.831294
-0.114536
-0.057161
-0.377422
-0.640614
-0.495285
0.913511
0.164953
0.329447
0.532029
-0.345012
-0.680410
0.963622
0.425642
-0.512864
0.364849
0.452132
-0.528794
-0.350505
-0.429975
0.202307
-0.767205
0.620594
-0.292398
0.752983
0.196570
0.740043
0.835383
-0.374248
-0.729789
-0.248390
0.984863
-0.241798
-0.341960
-0.221656
0.842769
-0.313150
0.223365
0.387616
0.345805
0.755486
0.225257
-0.421674
-0.711295
0.507370
0.898007
0.384503
0.953734
-0.168126
-0.845759
0.233680
0.932798
-0.932981
0.874264
-0.971679
0.972289
0.140843
