-0.823725
-0.885311
-0.454512
-0.561693
0.333659
-0.484115
-0.071261
-0.862606
0.967345
-0.689261
-0.787042
-0.174596
-0.274636
-0.559191
-0.590381
0.700308
0.753838
-0.463790
-0.788629
0.132786
-0.131016
-0.802301
0.953368
-0.601306
-0.067232
0.699698
0.353130
-0.209326
0.061129
-0.827021
0.912839
-0.418744
-0.903989
-0.455855
-0.379559
-0.404828
-0.533433
0.138035
-0.069063
0.898801
0.649525
-0.648305
0.631214
0.175146
-0.645741
-0.980651
-0.637379
0.621815
-0.839595
0.986694
-0.181494
0.935118
0.299295
0.941282
0.895383
-0.029878
0.536424
0.826106
0.443281
0.073946
0.915525
0.239479
-0.230140
-0.815058
0.442915
-0.834346
-0.439436
-0.299295
0.657826
-0.170324
0.319071
-0.739921
0.938414
-0.849116
-0.482528
-0.351604
-0.904599
-0.248024
0.943113
-0.787103
0.538255
-0.443648
-0.364177
0.025178
-0.075838
-0.763726
-0.757561
-0.598376
-0.402264
-0.173070
-0.032929
0.647816
0.015107
-0.671682
-0.211524
0.355266
0.372478
0.366619
-0.076937
-0.894162
-0.887509
-0.731742
0.973754
-0.966674
-0.204627
-0.922361
-0.963622
-0.678091
-0.404035
-0.840022
-0.424970
-0.747612
0.542344
-0.062166
0.564501
0.319620
0.863460
-0.810541
0.825190
-0.601062
-0.602832
-0.900815
0.550645
0.391400
0.328593
-0.055147
0.574267
0.932737
-0.291116
0.057344
0.761345
-0.109592
0.581652
0.352214
-0.333293
0.241859
-0.005524
0.649037
0.149632
-0.849788
-0.717032
-0.358440
0.475631
-0.865841
0.653005
0.387066
-0.796808
0.579760
-0.573656
-0.664296
-0.307901
-0.482955
0.045686
-0.845271
0.844478
-0.033540
-0.110691
0.736320
-0.659230
0.640797
0.751030
0.094028
-0.656545
0.381512
0.442183
0.722709
0.666311
0.737907
-0.877987
0.939573
0.076510
-0.300089
0.672597
0.775018
-0.859188
-0.179540
-0.035859
0.408490
-0.995972
-0.960814
0.605152
-0.331645
-0.413862
-0.436750
-0.951231
-0.141514
0.762749
-0.484848
-0.335063
0.460616
0.169591
0.802057
-0.555406
0.174474
-0.814692
-0.859066
0.530259
0.162450
0.778497
0.020966
0.644154
-0.781487
0.488937
-0.279519
-0.985961
0.270669
-0.612415
-0.920225
-0.719352
-0.884274
-0.578722
-0.148900
0.266213
0.857784
-0.287454
-0.158910
0.354717
-0.048128
-0.220557
-0.196326
0.194617
-0.267678
0.870785
0.583728
-0.341411
-0.764702
-0.178198
0.046419
-0.240883
0.100558
0.941771
0.195593
0.764458
-0.735649
0.076876
0.657277
-0.911924
0.985046
0.065096
0.936033
-0.642506
0.595264
-0.765191
-0.645863
0.800592
0.528062
0.377422
0.021638
0.417402
0.678274
-0.941404
-0.068575
0.989380
0.739799
-0.236488
-0.599597
-0.367901
0.560656
-0.026032
0.345256
-0.502487
-0.803644
-0.229469
0.525620
0.127354
-0.448653
0.871517
-0.635731
0.799310
0.495895
0.495224
0.234046
0.423994
-0.169652
0.219459
0.430586
-0.177282
-0.883541
-0.792230
0.816645
0.141881
-0.198889
-0.441755
-0.678152
0.669179
0.522324
0.864010
-0.921506
-0.919919
-0.042879
-0.059603
0.227393
0.464461
-0.637196
-0.780267
-0.064974
-0.916929
-0.265908
-0.757073
0.758110
-0.506394
0.081027
0.473556
-0.893063
0.174963
0.480941
-0.900571
-0.951170
0.911252
0.262185
0.493271
-0.021577
-0.883908
-0.461653
0.906552
0.611194
0.755669
-0.390179
-0.383953
0.460860
0.087741
-0.658376
0.573290
0.699454
-0.358989
0.388104
-0.694266
-0.668081
-0.503952
-0.511216
-0.292642
-0.226600
-0.157079
-0.449080
-0.132725
-0.093905
0.621204
0.682058
-0.667226
-0.418561
-0.512192
0.166784
-0.593860
-0.854488
-0.016877
-0.924131
0.139866
-0.423688
0.382183
-0.951598
0.229835
0.019745
0.663442
-0.672475
0.140477
0.381390
-0.812128
0.711112
0.703726
-0.174596
-0.830866
0.598376
0.405438
-0.619190
-0.187841
0.916868
-0.432417
0.134251
0.764092
-0.793268
0.191198
-0.609729
-0.627918
0.943785
0.892636
-0.275063
-0.086032
0.310587
0.148473
0.635853
-0.019379
-0.268654
-0.136265
0.968078
0.123264
0.990051
-0.035188
0.672170
0.171911
0.475204
-0.827387
-0.252358
-0.036287
-0.071139
0.441939
-0.012482
-0.028291
0.527635
0.938841
0.400983
0.422163
0.343852
0.781426
-0.658559
0.333842
0.769036
-0.881649
0.762627
0.052767
0.852962
0.959899
0.899045
-0.333232
0.793390
-0.430219
0.371319
0.404218
0.016449
0.515061
-0.626026
0.730888
0.182226
0.872677
0.646352
0.946959
-0.829218
-0.694388
-0.281777
-0.690786
-0.848811
0.325419
-0.178869
-0.516831
0.082125
0.650990
-0.516343
-0.547044
-0.860958
-0.682485
-0.323588
0.269753
-0.727958
-0.658742
0.088168
-0.191687
-0.707572
0.981017
-0.371380
0.069063
0.117161
0.620716
0.460005
0.254433
-0.881161
-0.149998
-0.518479
0.999695
0.855098
0.113742
0.480758
0.060579
0.948424
-0.262978
-0.090854
0.438948
0.610889
-0.262062
-0.912961
0.263710
-0.904965
0.169652
-0.999207
-0.876644
0.605274
-0.667653
0.621998
-0.680471
-0.847652
-0.557482
-0.616688
-0.181433
0.551683
0.540086
-0.563463
-0.469405
0.250282
0.386822
-0.540452
-0.584521
-0.910276
-0.753716
-0.456038
0.852290
0.257179
-0.747490
0.373394
0.024689
-0.600757
-0.049837
0.506394
-0.934812
0.597949
-0.080416
-0.405072
-0.202246
-0.767998
0.107578
0.823298
-0.623829
-0.043855
-0.531724
-0.375103
0.227577
-0.950499
-0.848384
-0.516465
0.865352
0.588061
-0.903256
-0.016694
-0.931944
-0.605457
-0.647511
-0.371807
0.539964
-0.974609
-0.006134
-0.664968
-0.784173
0.091952
0.800226
0.968810
-0.206885
-0.300455
0.731498
0.970641
0.542344
-0.288675
-0.928709
-0.883908
-0.321451
0.818476
0.225562
0.700735
0.004547
0.274880
0.370586
-0.738578
-0.772881
-0.905332
-0.371868
0.931700
-0.382916
-0.902097
-0.640736
0.385784
0.861812
-0.998352
-0.426984
-0.126621
0.092990
0.715201
-0.113865
0.209510
0.971923
-0.186926
-0.776849
-0.602222
0.561876
0.465743
0.963256
0.189978
-0.735282
0.486801
0.615833
0.767937
-0.080172
0.962584
0.652211
-0.545213
0.583605
0.187475
0.957396
-0.729972
-0.096042
-0.763604
0.919858
0.857356
0.489914
-0.443525
0.543504
0.976440
-0.282022
0.821284
-0.766106
-0.387249
0.616443
0.908750
-0.210303
0.033723
-0.842097
-0.053865
-0.908811
-0.403119
0.489120
-0.972289
-0.137669
-0.162877
0.838435
-0.244545
-0.523362
0.411176
-0.868709
-0.586413
-0.908811
0.269265
0.547288
-0.056490
-0.937437
-0.741569
0.369976
0.619861
0.631275
0.442854
0.635426
0.774285
-0.296304
-0.289590
0.594104
0.265114
-0.861446
-0.292398
0.156896
0.549608
0.639821
-0.927122
0.019501
-0.162084
-0.384014
0.975402
-0.548631
0.653249
0.798456
0.330729
0.532823
0.441206
0.881710
0.469466
0.210791
0.308084
-0.176855
0.097201
-0.559923
0.447615
0.114170
-0.724845
0.096957
-0.506333
0.896908
-0.860530
-0.616749
-0.033723
0.289834
-0.268288
-0.974425
0.168249
-0.624195
-0.730277
0.480697
0.453658
-0.286172
-0.269143
-0.722098
0.093234
-0.468917
-0.257057
-0.039460
0.828303
0.004303
-0.527696
0.427839
0.453230
-0.516648
-0.059175
-0.147618
0.316324
0.158177
-0.256203
-0.335124
-0.857173
0.794733
-0.968505
-0.387310
0.653005
-0.788995
0.993591
-0.039399
0.525742
-0.947569
0.996765
-0.456954
0.457808
0.275307
-0.075838
-0.159825
0.427595
-0.026887
-0.931700
0.243934
-0.742668
-0.867672
0.006928
0.408551
0.534776
-0.120579
-0.294778
-0.867489
-0.423078
-0.178991
0.663015
0.606494
-0.032319
-0.402570
0.280313
0.528062
-0.509140
-0.170690
-0.423139
-0.829585
-0.109104
0.916257
-0.419660
-0.435835
-0.475814
0.716666
-0.864193
-0.039460
-0.062105
-0.443525
0.634327
-0.744804
-0.052767
-0.104770
0.677297
-0.472945
-0.121128
-0.364483
0.371075
-0.511521
-0.979553
0.749504
-0.873287
-0.232215
-0.622059
-0.716544
0.620899
0.441877
0.108127
-0.554674
0.272256
-0.670156
0.339152
-0.473678
-0.009796
-0.868954
-0.717154
-0.128880
0.433882
-0.441816
0.186254
-0.815485
-0.052705
-0.723136
0.070162
0.211463
0.732780
-0.727165
0.360881
0.426069
0.546434
-0.047334
0.681997
-0.156407
-0.908811
-0.520981
-0.833735
0.166051
0.616626
-0.457869
-0.591845
0.256142
0.338664
-0.682302
0.028108
0.925535
-0.137852
-0.662526
0.018586
0.345378
-0.718253
-0.237281
-0.328837
0.008881
-0.445784
-0.052828
0.734001
-0.759575
-0.034333
-0.922483
-0.527268
0.896054
0.572619
-0.325541
-0.250587
0.974487
-0.826167
0.780267
-0.818903
-0.970336
-0.804498
0.500961
0.184545
0.656972
0.702261
0.975219
0.858272
-0.642079
0.837397
-0.896786
-0.964171
-0.151463
0.624012
-0.389569
0.150853
0.130650
0.956908
-0.987487
-0.046236
0.317911
-0.104831
-0.146702
-0.880795
-0.211768
-0.186926
0.559923
0.094394
-0.051180
0.330790
0.443709
0.182592
0.614368
-0.506760
0.599109
0.657582
-0.457259
0.990478
-0.886715
-0.060579
-0.887570
-0.939634
-0.640980
-0.036714
-0.842830
-0.939695
0.543565
-0.018159
-0.652638
-0.513657
0.065523
-0.322428
0.690115
-0.980590
0.458052
0.363140
0.408551
0.155858
-0.758843
0.412152
0.248756
-0.046541
0.197790
0.482223
0.543748
0.714103
0.473251
-0.619800
0.121006
-0.831477
-0.215735
-0.999634
0.548387
0.571947
0.153539
0.159520
0.218299
0.164037
0.961913
0.111728
-0.665639
-0.799860
0.776727
0.993408
-0.898679
-0.103366
0.972289
0.173193
-0.278115
-0.141575
0.313822
-0.456404
0.269021
0.436628
-0.394147
-0.064180
-0.980712
0.711478
-0.838313
0.626698
-0.088229
0.690298
-0.746696
0.531602
-0.786493
-0.218665
-0.440352
-0.199622
-0.827326
-0.961852
0.801996
0.903378
-0.387860
0.534227
0.275979
0.135289
0.103549
-0.241249
0.811274
0.016816
-0.175817
-0.297159
-0.103122
-0.755852
0.124790
-0.608509
0.081515
-0.247475
0.185705
0.089511
-0.131748
-0.556444
0.747612
-0.468001
0.371502
-0.732536
-0.458113
0.216102
-0.452132
0.775567
-0.851985
-0.543199
-0.499680
-0.706534
-0.499863
-0.475448
-0.181188
0.764641
0.684256
0.811213
-0.898618
0.638356
0.157994
-0.081881
-0.846675
-0.044282
0.998901
0.718680
0.296548
-0.104831
-0.602405
0.975219
-0.617664
-0.773125
0.658132
-0.752251
-0.601856
0.900998
-0.719901
0.659719
-0.594104
-0.692740
0.613758
0.988769
0.045869
0.709891
-0.353862
-0.317728
-0.236305
0.144871
-0.623768
-0.985656
-0.121372
-0.375896
-0.128269
0.677664
0.594165
-0.690481
-0.051119
0.527512
-0.279214
-0.693289
0.684561
-0.961974
0.904904
-0.469283
-0.736808
-0.587817
0.500839
0.217017
0.355693
0.232521
-0.027802
-0.128636
-0.884762
0.102512
-0.645314
0.529466
-0.416486
0.306314
-0.736747
-0.957823
0.706595
-0.706290
-0.772515
0.239906
0.488266
-0.709830
0.803644
-0.509018
0.844172
-0.784478
-0.228980
-0.004242
-0.980651
0.000031
0.035493
-0.520859
0.215003
-0.204138
0.694815
-0.357646
0.687246
-0.471419
-0.691885
0.095981
0.791925
-0.593066
0.029633
-0.672475
-0.253761
-0.227393
0.867672
-0.152684
0.528184
-0.269387
-0.508652
0.017914
0.959227
0.449202
-0.173559
-0.326701
0.294290
-0.682546
0.569628
0.953185
0.546678
0.268899
-0.471541
-0.437605
0.418928
0.933348
-0.156835
0.186316
-0.317362
0.147435
-0.351299
0.237892
0.200964
0.035005
0.611927
0.247658
0.591113
0.841792
-0.409040
-0.475692
-0.029267
0.394574
-0.116672
0.861568
-0.375103
-0.919309
0.145726
0.510239
-0.616138
-0.821955
-0.067110
0.316141
0.575304
0.984802
-0.190283
-0.251137
0.076449
0.841853
0.263100
0.452132
-0.261086
-0.741569
-0.761345
-0.227821
-0.851131
-0.874203
-0.805658
0.343669
0.265969
-0.640553
0.151158
-0.458541
0.154942
-0.330851
-0.327128
-0.005524
0.138218
-0.127293
0.910764
-0.165929
0.679800
0.672781
0.151097
-0.118625
-0.584521
0.652516
0.378094
-0.057833
0.729301
-0.490524
0.834468
-0.391156
0.017060
0.102634
-0.877010
-0.841792
0.436689
-0.765252
-0.483993
-0.631581
-0.398541
0.271584
-0.048189
-0.339213
0.387188
-0.221412
-0.673513
-0.489486
-0.201453
-0.997986
-0.432051
-0.441450
0.235511
-0.015900
0.488754
0.421857
-0.681753
-0.468245
-0.657949
0.351970
0.946043
-0.301859
-0.967467
-0.903867
-0.907163
0.613514
0.797601
0.033479
-0.116550
0.210547
-0.845393
0.525376
-0.693594
0.460555
0.377850
-0.056734
-0.977477
-0.002716
0.982788
0.428083
0.711966
-0.117405
-0.222144
0.627125
0.975707
-0.457747
0.260414
0.222633
0.083895
0.054415
-0.967345
0.551683
-0.511093
-0.766717
0.370281
-0.198523
-0.634144
-0.964660
0.466292
0.569201
0.932249
-0.747246
-0.058565
-0.482589
-0.144078
0.847713
0.207251
0.661855
-0.255348
0.034028
-0.450117
0.693350
0.884030
-0.945677
0.913877
-0.158727
-0.810968
-0.906125
-0.932432
-0.262368
0.957457
-0.329142
-0.456587
-0.869503
0.853023
0.721061
0.383221
0.533738
-0.017304
0.444746
0.827815
0.095431
-0.384198
0.361248
-0.399274
-0.323222
0.311441
0.972839
0.654958
-0.298929
0.521958
-0.285806
0.114170
0.310709
-0.789727
-0.280496
0.058931
-0.550279
-0.803339
0.922910
-0.818476
-0.130467
0.450056
-0.030549
-0.918027
-0.368267
0.275307
0.444929
0.453719
-0.935423
-0.802728
-0.091586
-0.191931
-0.525864
0.989135
0.958434
-0.768792
0.342021
-0.621937
0.244240
-0.883297
-0.893857
0.888180
-0.740715
-0.164159
-0.532579
0.906186
-0.878109
0.196387
0.117038
0.971618
0.203528
0.372906
0.134434
-0.248024
-0.299783
-0.268593
-0.996094
0.811945
0.142613
0.409589
-0.102634
-0.662465
0.977966
0.385846
0.582324
-0.833308
-0.204260
0.931333
0.622059
-0.187231
-0.884640
0.115452
0.196692
-0.315104
0.097140
0.923887
0.796625
-0.020600
-0.575182
-0.279519
-0.377606
0.314188
0.143284
-0.997742
0.087130
0.767388
-0.042390
-0.028108
0.662099
0.760979
-0.433454
-0.128758
0.155065
0.218848
-0.652760
-0.717521
-0.998779
0.509812
0.902219
-0.073824
-0.097812
-0.929563
0.509384
0.154210
-0.032502
-0.137303
0.543504
-0.116001
-0.043184
-0.169652
0.860652
0.070101
0.293802
-0.475387
-0.358135
-0.665212
-0.080660
0.784051
0.682180
-0.528916
0.774529
-0.221961
-0.138890
-0.410260
-0.375958
-0.293558
-0.539109
-0.561876
-0.442610
0.717399
0.428449
0.680471
-0.352641
-0.901914
-0.733818
-0.666005
-0.394696
-0.488144
0.169408
0.962401
-0.718986
0.051851
0.609546
0.369976
-0.963500
0.163854
0.436384
-0.915525
0.903378
0.917600
-0.819086
0.807672
0.835017
0.483871
0.928953
-0.142796
-0.563707
-0.600269
-0.365459
0.859798
0.574206
0.396283
0.561876
0.904050
-0.965453
-0.026582
0.724357
-0.689871
0.416791
0.547838
0.101901
0.902707
-0.178808
0.799554
-0.540025
-0.475265
0.160375
-0.586230
-0.421674
0.248085
-0.368938
0.040925
-0.021088
0.606861
-0.617542
0.163121
-0.342448
-0.397137
-0.384320
0.680715
-0.828608
-0.213355
-0.356731
0.374432
0.333110
-0.745659
-0.663076
-0.294412
0.405744
0.664113
0.832759
-0.933409
0.449934
-0.236854
-0.918210
0.845393
0.779839
0.972777
0.807733
-0.679739
-0.141636
0.592029
-0.739860
-0.440901
-0.543260
-0.853999
0.359294
0.879818
0.760857
0.593799
0.407453
-0.277017
-0.848262
0.870235
0.745842
-0.916746
0.006989
0.217505
-0.213965
-0.890255
0.981689
0.500717
0.030793
-0.744072
0.410993
0.908811
0.444746
-0.724479
0.543626
-0.354228
-0.230689
0.325236
0.009796
0.701224
0.221473
-0.006684
-0.668386
0.685965
-0.271096
-0.858150
0.403668
0.515427
0.005524
-0.973327
0.961364
0.744255
-0.775933
0.832209
-0.002594
0.883724
0.497848
0.865474
0.075961
-0.887204
0.252663
0.421552
-0.253700
-0.884579
0.957518
0.414899
-0.171667
-0.328532
0.552416
-0.891964
-0.416791
-0.480758
0.699332
-0.528184
0.339579
-0.462691
0.870663
0.598804
0.762383
0.749565
-0.727775
0.650929
-0.152318
0.728751
0.982910
-0.348857
0.447371
0.376690
-0.239967
0.552477
0.524583
-0.587024
-0.224586
0.307169
0.748650
0.233558
0.616688
0.780816
0.187719
0.247108
0.279031
0.349223
-0.776666
0.747612
0.538499
-0.761101
-0.929685
-0.701834
0.716666
-0.761101
0.198462
0.226417
-0.759758
-0.032807
0.296304
-0.666982
0.489486
0.203284
0.214637
0.833613
0.010346
-0.112217
0.131077
-0.368633
0.822748
-0.224647
-0.700247
-0.353191
-0.999695
0.016083
0.659902
-0.210059
-0.801996
-0.170385
-0.360576
0.054048
-0.334819
-0.187902
0.507370
0.189062
0.543016
0.735649
0.020112
-0.593677
0.691275
-0.146153
0.654653
-0.360576
-0.918149
-0.498032
-0.753655
0.300089
0.512986
-0.974181
0.890194
-0.138401
0.106540
0.539964
0.555040
0.386456
-0.316019
-0.779229
0.000031
0.879086
-0.805658
0.652394
0.927488
-0.004791
0.082064
0.384869
0.852046
0.666250
0.420148
0.270669
0.620716
-0.972411
-0.954100
0.804376
0.768548
0.289834
0.784417
-0.579455
-0.756096
0.851924
0.152989
-0.705191
-0.975524
-0.980346
0.327799
-0.055757
0.674001
0.845454
0.827570
-0.872555
-0.732170
-0.828181
0.683340
-0.399152
-0.426984
0.176122
-0.274514
-0.155858
0.259499
-0.368999
-0.553148
-0.077120
0.964171
0.930357
-0.758599
0.688955
0.081515
0.580432
0.494980
0.070040
-0.907712
-0.368694
-0.761284
-0.823725
-0.262551
0.977905
0.073519
0.373455
0.834101
-0.222449
-0.039766
0.712333
0.567675
0.338969
-0.799921
-0.069002
0.985168
-0.308023
0.736869
-0.355205
0.342875
0.465072
0.519456
0.841792
-0.992431
0.454878
-0.290689
0.404828
0.694327
-0.438887
0.339457
-0.886959
0.266335
0.506882
0.164342
-0.612781
0.880123
0.731376
0.969115
-0.039338
-0.533372
-0.989807
0.280129
-0.783074
0.692984
-0.625172
0.443892
0.365825
0.015961
0.678213
0.707450
0.269936
0.747063
0.161473
0.095370
-0.813288
-0.505295
0.316019
0.367168
-0.254677
-0.629017
0.613514
-0.067904
0.184057
0.085238
-0.596912
-0.547227
-0.178198
0.079501
-0.853328
-0.099033
-0.040620
0.128391
-0.799432
-0.650563
-0.527390
0.584521
-0.993835
-0.331278
-0.855708
-0.261757
0.686209
0.589282
-0.832942
0.100314
-0.031404
-0.292398
0.043489
0.749809
-0.725761
0.816950
0.689383
-0.784967
-0.390484
0.836970
0.243995
0.505600
0.571032
-0.448714
0.582263
0.739494
-0.538560
0.862972
0.552538
-0.347209
-0.804376
0.726554
0.589404
0.389752
-0.107028
-0.559252
0.005097
0.644704
0.953429
-0.797967
0.320780
-0.527696
0.187963
0.276894
0.121006
0.319987
-0.367718
0.582018
0.234718
-0.720634
-0.290750
-0.029817
0.587512
0.733695
0.070223
-0.390362
-0.534959
0.574633
0.964782
-0.378094
-0.849300
0.557604
-0.124668
0.598987
0.716483
0.674368
-0.563097
0.612293
0.951109
0.452132
0.145482
0.515976
0.448958
0.664174
0.127842
-0.586352
0.064364
0.739921
0.470565
-0.548021
-0.083651
-0.587817
-0.679373
-0.557176
0.848506
0.639760
-0.804621
-0.469649
-0.799738
0.426435
0.110813
-0.917722
-0.445967
0.599109
0.027558
0.652760
0.717399
-0.490280
0.775933
0.834773
-0.680593
-0.162633
-0.401410
0.558214
0.418500
0.009674
0.241615
0.005097
-0.852351
-0.540513
-0.032991
-0.458907
0.787408
0.083834
0.129551
0.101962
-0.168493
-0.027009
-0.009919
0.621815
-0.853206
0.258950
0.561022
-0.251930
-0.822810
-0.362896
0.515427
0.502731
-0.607898
0.236549
-0.548997
-0.242103
-0.332316
-0.254982
0.754509
-0.184851
-0.299112
0.034761
0.732963
-0.310038
0.077548
0.206885
0.227210
-0.483261
-0.727287
0.347087
0.028047
0.270730
-0.731559
-0.901425
0.865902
-0.818110
0.261452
0.267800
0.186254
-0.633290
0.544908
0.666311
-0.107700
-0.642811
-0.065767
0.898190
0.982421
0.349345
0.088900
0.551073
-0.248756
-0.697745
0.330729
0.355327
0.290567
-0.749260
-0.469649
-0.397687
-0.472396
-0.185461
0.003204
0.851741
0.817988
0.525193
-0.549242
-0.296060
0.660939
0.461653
-0.545518
0.199927
-0.935789
-0.663991
0.815363
-0.814325
0.842708
-0.648122
0.602222
-0.238014
-0.203162
-0.760430
0.339946
-0.934446
0.573168
0.115207
-0.209449
-0.642323
0.952696
0.018220
-0.813349
0.160131
-0.554369
-0.160375
0.993164
0.769158
0.008820
0.866634
0.054903
-0.862728
-0.065706
0.275674
-0.031648
-0.412580
-0.916868
0.451033
0.185583
-0.031709
0.108005
-0.835505
-0.611866
0.137059
0.394757
-0.995544
-0.863399
0.596118
0.324870
-0.385052
-0.644276
0.994934
0.132847
-0.589404
0.709952
0.659902
-0.685171
0.507431
0.762078
-0.620960
-0.972533
0.291299
0.547960
0.857479
0.737236
-0.686270
0.012116
0.119541
0.603504
0.813044
-0.426923
0.686148
-0.731498
0.080782
-0.875546
-0.906796
-0.175634
-0.774957
-0.902463
0.020661
-0.663259
0.264748
0.576647
-0.229835
-0.807855
-0.058016
0.403241
-0.294229
-0.814203
0.613758
0.571581
-0.581164
-0.805841
-0.983581
0.881832
0.578600
0.281838
0.997497
0.218665
0.306986
-0.802850
-0.265236
-0.182897
-0.936583
-0.376263
-0.029084
-0.743034
0.299844
0.352947
0.770196
0.695730
0.416791
-0.123814
-0.974303
0.013703
-0.107944
0.065706
0.779229
-0.282022
-0.098422
-0.193152
-0.827876
0.732841
0.551073
-0.641041
-0.052767
0.630970
0.202429
-0.018159
0.616138
-0.695059
-0.992248
0.216468
-0.883908
0.359233
0.352031
0.106479
-0.692312
0.312479
-0.488327
-0.467757
0.285440
0.238990
-0.140782
0.111667
-0.532701
-0.872738
-0.496384
0.449812
-0.392865
-0.691275
-0.455367
0.189978
0.281533
-0.053560
0.356792
0.384136
0.050142
-0.481368
-0.809381
0.499252
-0.211585
-0.143895
-0.845576
-0.621021
0.336772
-0.942930
-0.570116
-0.235145
0.653127
-0.860469
-0.104099
0.408185
0.145970
-0.215613
-0.014374
0.391278
0.973754
-0.216834
-0.340678
-0.693899
-0.398968
0.632984
-0.990905
-0.260781
0.537400
-0.995056
-0.269997
0.477950
0.558885
0.135472
-0.781854
0.587634
-0.768181
-0.063265
0.456893
0.305521
0.449629
0.926634
0.936338
-0.962096
-0.390484
0.996338
0.569445
0.398602
0.790521
0.079318
0.853755
-0.387860
0.387921
0.264626
0.971984
0.564745
0.606494
-0.539232
-0.152318
-0.827692
0.056185
0.641774
-0.906858
-0.533738
-0.232093
0.008515
-0.647511
-0.014557
-0.140721
-0.695730
0.616382
0.634632
-0.115635
-0.342814
-0.776971
0.924986
0.438459
0.233924
-0.974975
0.814386
-0.021088
-0.044832
0.750053
0.120151
-0.343120
-0.608081
0.688711
0.031343
0.310160
0.482711
0.037263
0.469893
0.450056
0.525071
0.307352
-0.222694
-0.462630
0.139317
0.322611
0.570910
0.572008
0.905454
-0.294656
0.928587
-0.450117
-0.120334
-0.094333
-0.641591
0.000702
-0.708853
-0.943663
-0.465072
0.795099
-0.504379
-0.889523
0.960997
0.240272
-0.595874
-0.835627
-0.084201
-0.480331
-0.011078
-0.503464
0.542344
-0.558336
0.967528
-0.971252
-0.002411
-0.277932
0.936155
0.663930
-0.226539
0.657216
-0.456221
-0.030061
-0.891537
0.332865
-0.550035
0.077792
0.092929
-0.277139
-0.178930
-0.772576
-0.766533
0.575488
0.710318
-0.612964
0.679678
0.360515
0.069674
-0.596484
0.353008
0.646901
-0.809992
0.427473
-0.739433
-0.835444
-0.913327
-0.352153
-0.048006
-0.970824
-0.119114
0.241188
0.615955
0.227332
-0.785577
0.525437
-0.892026
0.410016
-0.571764
0.871151
-0.012299
0.877438
0.788934
-0.821589
-0.995911
-0.209143
0.661733
-0.132420
0.168249
-0.386700
0.620899
0.027741
0.037935
0.636586
0.145054
0.403607
-0.125278
-0.467269
0.847591
0.862850
-0.248878
-0.174657
0.496750
-0.780572
-0.196692
-0.491928
-0.948851
0.104221
0.361187
-0.080844
-0.757744
0.488632
0.291787
-0.147740
-0.411664
-0.678091
0.694998
-0.415693
-0.316385
0.448042
0.532273
0.224830
0.847285
0.073885
-0.793756
-0.681936
-0.021699
-0.898618
-0.536607
0.978759
-0.693350
-0.488998
0.993835
0.791437
0.956114
0.516648
-0.775323
-0.318278
0.560411
0.634632
0.350932
0.835017
-0.619068
-0.900632
-0.292215
-0.607410
-0.419050
0.445845
-0.789178
0.890072
-0.602710
0.016877
-0.347636
-0.361187
-0.016327
0.382672
-0.132542
-0.756951
0.830561
-0.005341
0.122410
-0.604114
-0.572497
0.314615
0.292215
-0.205664
-0.675100
0.211768
0.773247
-0.537217
-0.196203
-0.189001
-0.910154
0.312662
-0.179785
-0.865963
-0.554674
-0.634571
-0.072970
-0.917234
0.291482
0.039094
-0.456709
0.077486
-0.095126
0.529283
0.427961
-0.998779
-0.177587
0.930601
0.358440
0.135350
0.176244
-0.043855
-0.512314
-0.250465
-0.554491
0.514573
-0.473128
-0.947020
-0.093844
0.393353
0.482101
-0.136692
0.165502
0.030915
-0.250526
-0.267373
-0.388104
-0.802240
0.838069
-0.047212
-0.440229
-0.421613
-0.417463
-0.051607
0.433088
0.462508
0.717399
0.745598
0.123142
-0.142369
-0.262612
-0.782830
-0.066744
-0.611927
-0.069918
-0.611988
0.844478
0.065523
-0.598865
-0.895749
-0.366070
0.855647
-0.929258
0.311930
-0.432478
0.546861
0.201880
0.638295
-0.099521
0.547411
-0.141697
-0.486618
0.658315
0.752617
0.062349
0.458785
-0.777154
0.723014
0.640126
-0.914914
-0.033052
0.116733
0.200232
0.314432
0.007111
0.108371
0.870724
0.250282
-0.071810
0.287637
-0.637501
0.965026
-0.103488
-0.088595
0.989196
-0.806391
-0.786676
-0.539476
0.267067
-0.909055
0.316019
0.830317
-0.774468
0.998657
-0.135533
0.016205
0.787774
0.758415
0.717215
-0.003754
-0.215369
-0.095920
0.916990
0.850703
-0.754326
-0.510788
-0.385479
0.132298
0.964660
-0.437666
0.708060
0.155919
-0.302835
0.295694
-0.499863
-0.268349
0.679495
-0.038972
-0.363567
-0.743339
-0.075350
-0.068758
-0.675771
-0.785882
-0.431928
0.509262
0.995422
0.364360
0.696524
0.620045
0.377422
0.657094
-0.244606
0.640431
0.632252
0.400739
0.002106
-0.508591
-0.142613
-0.324137
0.767937
0.405377
-0.277078
0.963500
0.531968
-0.513535
-0.660024
0.296365
0.712210
-0.477340
0.496384
0.524766
-0.864071
0.073397
-0.458602
0.561022
0.341533
0.195837
-0.465804
-0.689383
0.950621
0.235267
-0.569445
-0.062777
-0.227210
-0.436262
0.023164
0.107639
-0.205054
0.085299
0.963805
0.759026
0.593493
-0.449324
0.379376
0.055879
-0.190588
0.237831
0.194739
-0.179601
0.023041
-0.917844
0.451765
0.176489
-0.228919
0.459029
0.642323
-0.067904
0.882076
-0.735221
0.838984
0.500473
-0.900204
-0.370647
-0.083712
-0.766655
-0.091220
0.423750
0.992676
0.209143
-0.823847
-0.502853
-0.279214
0.378033
0.366131
-0.125462
0.449263
-0.396588
-0.269387
-0.827326
0.782464
-0.184484
0.971313
-0.953001
0.675588
-0.474654
-0.048006
-0.294778
0.381512
0.384747
0.284280
0.157994
-0.982116
-0.445723
0.755547
0.483871
0.686575
0.650441
-0.284341
0.395367
-0.025971
0.788690
-0.008148
0.318339
-0.997864
-0.805963
0.199622
0.372539
-0.281655
-0.432417
0.623218
0.565355
-0.006500
0.334941
0.261330
0.378826
0.211280
0.681814
0.568957
-0.730644
0.507736
0.848811
0.951659
-0.650746
-0.628895
-0.463790
0.153050
-0.338420
-0.594043
-0.774407
-0.726737
-0.140660
-0.072909
0.963683
-0.246681
-0.160192
-0.515793
0.715384
0.216346
-0.838618
0.238990
0.476424
-0.807062
0.697928
-0.350139
0.303140
0.297769
0.004730
-0.705557
-0.080111
0.322855
0.807306
0.095309
0.999512
0.354350
0.730583
0.541429
-0.514573
0.191992
-0.781121
0.551500
-0.323527
0.942808
0.227638
-0.186071
0.745170
-0.007904
-0.446333
0.110752
0.529466
0.619007
0.740410
-0.746818
0.190954
-0.401471
-0.709403
0.492172
0.570238
0.270241
0.825556
0.156285
-0.812006
0.916990
0.464278
0.490890
-0.390790
-0.129429
-0.642506
-0.392987
-0.092135
-0.268838
0.645314
-0.587268
-0.729362
-0.611194
0.304605
-0.685537
0.455611
0.784417
0.747978
0.389325
-0.643422
-0.617176
0.395795
-0.394269
0.607898
-0.659780
-0.295572
-0.794305
-0.451216
0.286416
0.219764
-0.987793
0.689505
0.131382
0.489242
-0.245766
-0.121921
-0.983459
-0.838252
-0.255776
0.842402
-0.610584
-0.892636
-0.363384
0.025544
-0.958922
-0.336772
0.694937
0.350444
0.664357
-0.297952
-0.635609
0.192480
0.074129
0.540757
0.658559
-0.581835
-0.691641
0.141636
0.773309
-0.381634
0.377911
0.298074
0.791986
-0.023530
-0.369304
-0.382977
0.197424
0.640187
0.814447
0.372295
0.822748
-0.076266
-0.911802
-0.547655
-0.411420
-0.519333
0.417829
0.912046
0.762017
0.015290
0.232826
-0.274697
0.864925
0.167272
0.539293
0.713065
0.207862
-0.223487
0.287515
0.616016
-0.847346
-0.896725
0.473983
0.120701
-0.198462
0.204138
0.564745
-0.965758
0.664907
0.243324
0.257179
0.001617
0.085055
0.363445
0.747917
0.829890
-0.013459
-0.991516
0.340556
-0.027314
0.932371
-0.664113
0.663747
-0.502670
0.401959
0.705741
-0.212195
-0.834651
-0.810175
-0.599780
-0.001679
-0.205969
0.967833
-0.484603
0.129856
-0.072115
0.007538
-0.056734
-0.977477
-0.273293
-0.646718
0.791620
0.711966
0.460616
-0.983764
0.627125
0.575732
0.485580
-0.010163
0.222633
0.379681
-0.402875
0.770379
0.983825
-0.982543
0.280984
0.596912
-0.344584
0.983947
-0.113987
0.466292
0.339763
-0.948057
-0.747246
0.787469
-0.482589
-0.144078
0.623646
-0.461165
-0.894955
0.383282
-0.236000
0.800897
0.693350
0.495102
-0.922788
0.047761
-0.518418
0.050264
0.578967
-0.264809
-0.159154
-0.951720
-0.631031
-0.225257
0.428816
-0.266091
-0.553087
0.383221
0.915525
-0.017304
0.560106
0.610706
-0.117405
0.823298
0.800226
0.444563
0.929991
-0.565477
-0.624866
-0.474471
0.112888
-0.744987
0.836177
-0.422224
0.500412
0.266152
-0.280496
0.058931
-0.366131
0.889340
0.922910
0.235878
-0.119785
0.690542
0.223121
0.986755
0.013459
-0.896970
0.464949
-0.087924
0.440046
-0.916684
-0.091586
-0.810846
0.869564
-0.090487
-0.881344
0.544969
0.342021
-0.262734
0.771233
-0.883297
-0.883847
0.888180
0.416425
-0.909726
-0.684744
0.906186
-0.758660
0.196387
-0.149144
-0.875301
-0.374493
0.428999
0.189306
0.577013
0.037935
0.135655
-0.762871
-0.708304
-0.013642
0.173742
-0.102634
-0.268654
-0.281411
-0.250710
0.582324
0.664113
0.137181
-0.959227
-0.896298
-0.692923
0.544603
0.541307
-0.416242
-0.315104
-0.555040
0.437117
0.789178
0.499374
-0.995972
-0.071017
-0.950072
-0.381451
-0.827326
0.939879
0.996216
-0.238624
-0.232521
0.136082
0.884213
0.546800
0.042024
0.728568
-0.256569
0.712394
-0.067904
-0.085360
-0.599109
0.509812
-0.282510
-0.464217
0.162572
-0.251503
0.432173
-0.335795
0.134434
-0.960204
-0.624866
-0.843623
-0.284219
-0.830683
0.574145
0.474715
0.202368
-0.261940
0.195410
0.059175
0.917600
0.784051
0.682180
-0.954100
0.774529
0.060945
-0.468429
-0.176794
-0.375958
0.641224
0.147618
-0.543748
-0.901547
0.791009
0.324381
0.049715
-0.519761
-0.355327
0.575060
-0.666005
-0.216224
0.102695
0.913572
0.215613
0.810785
0.051851
-0.337687
0.760308
-0.963500
0.110996
0.431501
0.139805
-0.682730
0.917600
-0.819086
-0.883358
-0.327738
-0.273110
-0.084689
0.457442
-0.585498
0.790948
0.102451
0.251381
0.810785
0.225623
-0.712821
0.436445
0.425520
-0.026582
0.724357
-0.161351
-0.031709
-0.218604
0.640614
0.417280
-0.178808
-0.445601
-0.166723
-0.568468
-0.587451
-0.161412
-0.798090
0.248085
-0.196692
0.040925
0.138218
0.372723
0.863704
-0.941160
-0.342448
0.867061
0.553270
0.372173
0.796258
-0.213355
0.014435
0.753166
-0.569933
0.838801
-0.663076
-0.294412
0.284646
0.618519
0.038667
0.697134
-0.315775
0.634816
0.486007
0.227088
0.309977
-0.850398
0.244667
-0.816401
-0.639760
0.032929
-0.108188
0.510056
-0.644093
-0.581408
0.230995
-0.558214
0.760857
-0.983154
-0.388775
0.826472
-0.848262
0.804010
-0.861812
-0.916746
0.426740
-0.783990
-0.078280
-0.019868
0.750664
-0.816584
-0.250649
-0.849116
0.410993
-0.911985
0.845576
-0.828425
0.543626
0.576647
0.269631
-0.887753
-0.532212
-0.941404
0.221473
-0.484237
0.952696
-0.378704
-0.446150
-0.105136
-0.910398
0.879452
-0.228004
-0.123508
0.127415
-0.395734
-0.775933
0.076754
-0.602527
-0.733268
0.497848
0.792535
-0.372417
-0.887204
0.243080
0.421552
-0.608570
-0.239113
0.310282
0.837580
-0.615162
-0.262123
0.552416
-0.891964
-0.416791
-0.291299
-0.737602
0.036958
-0.751274
-0.462691
0.062410
0.598804
0.372600
0.749565
-0.080905
0.518845
0.547777
-0.860836
0.982910
0.206336
-0.590930
-0.276894
-0.772881
0.299539
0.891049
-0.459517
0.218360
0.307169
0.699087
0.070467
0.887204
0.741813
-0.922239
0.247108
0.279031
-0.979858
0.252846
-0.637623
-0.916623
0.228431
0.413312
0.177404
-0.622791
0.109775
0.198462
0.226417
-0.398358
-0.024079
0.471725
0.646229
-0.599109
0.984924
0.562487
-0.957884
0.518540
0.718925
-0.247780
0.552599
-0.248390
-0.160802
0.199316
-0.353191
-0.125095
0.705313
0.368816
0.223365
-0.801996
0.175512
0.755486
0.054048
-0.212256
-0.503769
0.507370
0.673330
-0.322611
0.601550
-0.095126
0.688650
0.448714
0.737114
0.078585
0.482589
0.884884
0.824213
-0.533799
