-0.403546
0.189611
-0.314920
0.882443
0.183752
0.952269
-0.434675
-0.900693
0.248817
0.973754
0.088046
0.619312
0.045808
0.475265
0.034944
0.017304
-0.342814
0.137547
0.359600
-0.188330
-0.593066
0.394086
-0.023225
-0.129856
0.519883
0.944456
-0.520493
-0.626820
0.323099
-0.144932
-0.988342
-0.693045
0.330546
-0.199377
0.555834
0.602893
0.703055
-0.040315
-0.386578
-0.418683
0.903256
0.879086
0.061312
-0.769707
0.356731
0.005097
-0.571398
0.961852
0.204871
0.432173
0.676199
-0.867733
-0.512436
0.304910
0.812311
-0.755119
-0.013215
-0.610279
0.518723
-0.909848
0.573229
0.810236
0.981506
-0.897885
-0.897336
0.941832
0.972106
0.685842
-0.567736
-0.570299
-0.865596
0.731193
-0.352519
0.573840
-0.420698
-0.681387
0.772210
-0.171178
0.977783
0.539476
0.140172
-0.302774
-0.484970
0.233924
0.426252
-0.956359
0.752678
0.740837
-0.731254
-0.787713
0.817560
-0.878536
0.416791
-0.131138
-0.644215
0.864620
-0.077548
0.557848
-0.996643
-0.619312
-0.598560
-0.064913
0.741935
-0.154576
-0.496261
0.352519
0.485702
-0.277749
-0.224525
0.330119
-0.068209
-0.602222
0.810053
-0.201392
0.855708
-0.847224
-0.683645
0.791681
-0.184118
0.012970
-0.125706
-0.872005
0.443281
0.314249
0.636830
0.984558
0.336772
-0.312296
0.915891
0.061983
-0.244606
0.825007
-0.790216
-0.960265
0.194189
-0.812006
0.512803
-0.913694
0.527390
-0.354106
0.511765
0.093905
-0.374493
-0.211768
0.975524
-0.225684
-0.380047
0.938292
0.054720
-0.422407
-0.451399
0.710562
0.905454
-0.023347
0.583728
-0.556017
0.512131
0.956603
-0.802911
0.864864
-0.773125
0.284341
0.868954
0.461715
-0.516282
0.075106
-0.011139
-0.494064
0.442366
0.880062
0.273476
-0.480148
-0.969481
-0.180456
-0.821284
-0.892026
0.621265
0.478927
0.283853
0.446394
-0.549669
-0.848811
-0.779290
0.972167
0.866451
-0.704764
0.235817
-0.340129
0.121677
-0.111179
0.883847
-0.857295
0.980163
-0.957457
0.296609
-0.947752
0.761467
-0.422102
0.639882
-0.015473
0.445051
-0.174657
0.537523
-0.987060
-0.968566
-0.556810
-0.924863
-0.976257
0.072420
-0.208106
-0.978454
-0.442915
0.640980
0.992737
0.747490
-0.547777
-0.329814
0.118198
0.879818
-0.156529
-0.839717
0.367290
-0.987487
0.163488
0.356609
0.170751
0.512986
-0.239113
-0.834712
-0.947264
-0.578600
0.572802
0.240150
0.344951
-0.340251
-0.120640
-0.886654
0.096896
-0.281961
0.340617
-0.065279
0.749016
-0.901303
0.472030
0.896115
-0.973693
0.840144
0.941588
-0.320170
-0.036164
-0.370647
-0.837092
-0.113804
-0.971007
-0.614246
0.728324
-0.883847
0.510849
0.443587
-0.028230
-0.429731
0.647633
-0.055574
-0.457259
-0.218909
0.541917
-0.045137
-0.872188
0.174963
0.095065
0.383282
-0.984069
-0.709769
0.964904
-0.456160
-0.968322
-0.528001
0.398907
-0.911557
0.767632
-0.064669
-0.560045
0.560045
-0.495102
0.582324
-0.077975
0.614002
0.391705
0.812311
-0.338908
0.517502
0.667898
0.508957
-0.802057
0.434492
-0.739067
0.960143
-0.202673
-0.223609
0.276833
0.915098
0.850520
-0.797479
0.760674
-0.741935
-0.506577
-0.832087
-0.880612
-0.842402
0.226417
0.184484
0.627308
0.949278
-0.457564
-0.324992
0.878658
-0.805719
-0.119663
0.252358
0.677114
-0.373760
-0.323283
0.976318
-0.513169
0.737785
-0.534532
0.429121
-0.587573
-0.079867
-0.946409
-0.810297
-0.975341
0.990234
-0.726920
-0.973144
-0.411054
-0.909055
0.304178
0.802728
0.652272
0.120518
0.981506
0.939879
0.624989
-0.162023
-0.644093
0.795526
0.301187
0.405988
-0.862972
0.144139
-0.917051
-0.240516
0.603931
0.094211
0.552171
-0.157262
0.361126
-0.007599
0.878048
-0.834040
-0.240028
0.234779
0.747795
0.676321
-0.799799
-0.683950
0.364422
0.181188
0.211402
0.008087
-0.090854
-0.271950
-0.004791
0.724601
-0.425153
-0.919919
0.826777
-0.948363
0.624256
0.135899
-0.696097
-0.596118
-0.766472
-0.686758
0.228675
-0.103488
-0.315348
-0.673086
0.216468
-0.456893
0.271340
-0.450606
-0.759697
0.269021
-0.722953
-0.584521
-0.445296
-0.894223
-0.880184
-0.231788
-0.936888
-0.370586
0.975219
0.626576
-0.228431
0.019868
-0.087008
0.526170
0.066622
0.577258
-0.792352
0.494247
-0.594226
-0.810297
0.505478
-0.640614
0.877987
0.285806
-0.947142
0.889462
0.175329
0.160375
0.897702
-0.135105
0.586169
0.469039
-0.337931
-0.069491
0.517014
-0.655568
-0.419965
-0.148412
0.511887
0.651845
0.288430
0.374554
-0.902219
0.152379
-0.530808
-0.272927
-0.652577
-0.941282
0.233680
0.597888
-0.803522
0.184240
0.508347
0.720817
-0.343364
-0.208289
-0.129734
-0.099033
0.688833
0.043306
-0.539781
0.986938
-0.183081
-0.594104
-0.805780
0.401166
-0.498520
-0.146275
0.173498
0.039338
-0.284402
0.867244
-0.154210
-0.936583
0.117161
0.921079
-0.093722
0.693899
-0.300333
-0.859554
-0.257057
-0.344096
0.723441
-0.351482
-0.413800
-0.250282
-0.178625
-0.453352
-0.890866
0.028108
-0.199927
-0.639821
0.701285
-0.177770
0.482101
-0.256325
0.930845
-0.284463
-0.778253
0.821100
-0.806269
-0.215430
-0.439619
-0.356609
0.339152
-0.030854
-0.671926
0.288064
0.814325
0.153478
0.830378
0.538255
-0.156835
0.756462
0.286782
-0.935667
-0.973449
0.284402
-0.378704
-0.408124
-0.570360
-0.765374
0.032258
-0.821467
0.148656
-0.516648
0.796503
0.205969
-0.128330
-0.295755
0.690237
0.442549
-0.205176
0.999878
0.202063
-0.626698
0.221229
0.924741
-0.380840
-0.075900
0.589526
-0.036348
-0.508286
-0.557787
-0.648854
-0.589709
0.245582
0.089572
0.420820
-0.376446
0.557909
-0.601123
0.782220
0.488021
0.966796
0.816401
-0.294290
-0.746025
0.583483
0.154637
-0.410382
0.157201
-0.638356
0.869503
-0.328104
-0.674795
0.696768
-0.844234
0.715690
0.119175
0.176305
-0.825922
-0.026643
-0.576037
-0.607959
-0.398907
-0.764397
-0.044343
0.788751
-0.580859
0.424238
-0.073519
0.992553
0.956420
0.914670
0.085116
-0.585864
-0.225135
-0.305460
-0.667837
0.600574
-0.835749
-0.285379
-0.223182
-0.475326
0.204993
-0.420392
-0.053926
-0.731132
0.943236
0.132603
-0.793329
0.401715
0.060030
0.365520
0.950194
0.085299
0.487594
-0.048006
-0.766717
-0.806696
0.232948
0.808405
0.298196
-0.657949
0.988281
-0.019074
0.977355
0.551744
0.865596
0.108066
-0.497360
0.168371
0.911924
0.304788
0.911802
0.778619
0.794488
-0.185644
0.123753
-0.661855
0.830439
-0.233070
-0.050447
0.573840
0.647145
0.978820
-0.477340
0.162450
0.515427
0.261635
-0.441939
0.740226
0.992431
-0.558580
0.468184
-0.754692
0.701224
-0.671987
-0.614734
0.630238
-0.285379
0.656178
-0.002716
0.014313
0.570910
-0.133335
-0.314982
-0.689138
-0.896603
0.048372
0.329203
-0.523667
-0.274636
0.254433
0.376812
-0.848750
-0.118381
0.571825
-0.362163
0.273904
-0.593005
0.806757
0.893918
-0.858516
0.363506
0.370647
-0.926939
-0.859249
-0.160009
-0.292825
0.520859
-0.078646
-0.245766
0.983459
0.118198
0.089450
-0.314066
-0.037080
-0.851802
0.577746
-0.493027
0.472640
-0.552904
-0.568896
0.571154
0.653188
-0.726066
-0.147008
-0.991394
0.778741
-0.662343
-0.004120
-0.907834
-0.225318
0.047639
-0.605884
0.697623
-0.706595
0.373821
0.964049
0.732170
0.303385
0.401654
0.899716
-0.393902
0.850520
0.745476
-0.178991
0.552782
0.373882
0.437239
-0.940611
-0.346599
-0.412946
0.725150
0.262856
-0.657460
-0.930296
-0.083834
0.671133
0.943236
0.075961
0.361309
0.961852
-0.749748
0.201514
0.823725
0.118137
-0.960509
0.013459
-0.721549
0.812555
-0.170385
-0.200354
-0.521592
0.770989
-0.593371
0.244301
-0.583117
-0.924131
0.910581
0.174841
0.570238
0.683645
0.479965
-0.616688
0.468490
-0.815729
0.471541
0.903073
0.083102
-0.971068
0.825068
0.591784
0.654286
-0.457625
0.478195
0.977111
0.804071
-0.103671
-0.669912
0.785699
0.389447
0.368999
-0.556688
-0.110508
0.636525
-0.789361
-0.040681
-0.011933
0.556505
0.961730
0.903134
-0.602161
-0.790338
0.904233
-0.306314
0.187414
-0.628285
-0.157567
-0.574206
-0.401349
0.628346
-0.999573
0.580004
-0.211951
-0.530198
-0.299783
-0.065157
-0.443770
-0.048555
0.541124
0.295145
0.597339
0.885495
0.845271
-0.135105
-0.455245
-0.509568
0.100436
0.672414
-0.353435
-0.223304
0.576891
0.218238
0.882626
0.372234
-0.474349
-0.040010
0.846980
0.571215
0.871456
0.420270
0.254677
-0.462081
0.123875
0.767876
0.230384
0.008148
0.782037
0.442244
0.843745
-0.824824
0.546556
-0.843074
0.924497
-0.672170
0.166173
0.249245
-0.227943
0.358928
0.127415
-0.113315
-0.424848
-0.002106
0.164708
-0.031953
0.969481
0.048555
-0.384808
-0.564806
0.285440
0.317057
0.422040
-0.337565
0.831599
-0.254799
-0.824824
0.827937
-0.126804
0.453902
-0.731803
-0.527085
-0.841487
0.111850
-0.634388
0.803278
0.281350
-0.019623
0.078463
-0.204993
-0.620594
-0.170019
-0.010834
0.472091
-0.494430
0.480270
-0.150426
-0.667165
-0.544786
-0.797479
0.397992
0.343547
0.614734
-0.416669
-0.201575
-0.886532
0.573656
-0.497421
-0.818293
-0.760796
0.913083
-0.473312
0.286294
0.666921
0.731681
-0.511643
-0.667959
0.994690
0.568163
0.062716
0.184790
0.866146
-0.501938
-0.020234
0.010712
-0.686392
-0.618885
0.712088
-0.302225
-0.549120
-0.109287
0.440474
-0.044343
-0.096042
0.951170
-0.940855
0.522691
-0.028291
0.350017
-0.374310
0.288491
-0.828181
0.082186
0.193701
0.310587
0.109653
0.020295
0.594226
0.029389
-0.693960
-0.647206
-0.447005
-0.703787
0.635731
-0.619617
0.968871
-0.045076
-0.714103
0.013886
-0.364910
0.641102
0.750481
0.985107
0.170019
0.857173
-0.568651
-0.381329
0.900571
0.258583
0.177404
-0.693716
0.490768
-0.229347
0.390423
-0.301126
-0.543748
-0.028779
-0.996460
0.384991
-0.528916
-0.608631
0.046297
0.341288
0.151769
-0.580065
0.308023
0.728385
-0.835627
0.085360
0.281045
-0.869320
-0.335490
-0.594165
-0.522935
0.159886
-0.238441
-0.526780
-0.344401
0.197363
0.085910
-0.253822
0.540086
0.433576
-0.774285
-0.586108
0.834956
-0.584155
-0.913938
-0.243812
-0.752739
0.535386
-0.207984
0.823542
0.412397
-0.278787
0.532517
-0.597400
-0.428327
-0.786431
0.208533
0.857356
0.725211
-0.276589
0.234107
0.239662
0.808893
-0.557787
-0.288553
-0.859004
-0.330363
0.673879
0.578295
-0.972777
-0.694876
-0.683157
-0.099338
-0.842036
0.146397
0.406476
-0.723258
0.781182
-0.896176
0.695914
0.461898
-0.732047
0.934507
-0.545946
-0.250038
-0.141087
0.265297
0.202857
0.340617
-0.136937
-0.170324
-0.888363
-0.732658
-0.598193
-0.304483
-0.472213
0.618213
0.473922
-0.704886
0.879086
0.844234
-0.840205
-0.811823
-0.549059
-0.479781
-0.403790
-0.584826
-0.829951
-0.577502
-0.658437
0.831782
0.062288
-0.202918
-0.638234
0.388165
0.735893
-0.269509
0.041780
0.081698
0.340678
-0.791253
0.603626
-0.914243
-0.297769
-0.876705
0.154393
-0.542283
-0.884884
0.405805
0.243141
0.908811
-0.070650
-0.229774
0.177770
-0.980407
0.956359
-0.959655
0.261330
0.904782
0.411115
-0.679800
-0.454268
0.769829
-0.667470
-0.561937
0.057649
-0.322123
0.960448
-0.800104
0.066195
-0.461409
-0.977172
-0.594653
0.125217
0.651296
-0.591968
-0.612171
0.225929
-0.864315
-0.124973
0.936827
-0.199561
0.825556
-0.117893
0.170568
0.120762
-0.520554
0.182714
-0.351848
0.696402
0.897519
-0.696585
-0.333964
0.925962
-0.878658
-0.707877
-0.688711
-0.544908
-0.892514
0.437727
-0.563829
0.853084
0.862911
0.041719
0.348125
-0.141331
-0.130589
-0.376995
0.593005
-0.722404
-0.211707
-0.711173
-0.913388
0.593677
-0.148045
0.236366
-0.759636
0.461959
-0.062227
-0.365947
0.645375
-0.658681
0.335429
0.999573
-0.432661
-0.865474
0.801935
0.605152
0.370769
0.727165
-0.242225
-0.318278
0.729057
0.320170
-0.556017
-0.174841
-0.223060
0.414716
0.316568
0.666250
-0.907468
0.979614
-0.643666
-0.934141
0.009308
-0.843257
0.486190
0.649220
0.450911
0.824152
-0.919736
-0.042756
-0.694998
-0.102512
0.102451
0.901852
-0.954527
0.958678
-0.737724
0.337260
-0.522752
0.624012
0.227393
0.288186
-0.973022
0.543565
-0.705130
-0.475387
-0.615406
0.324992
0.451155
-0.390057
0.966552
0.456221
-0.249062
-0.199072
0.715079
-0.268899
-0.549181
0.561266
0.192114
0.301309
0.494003
0.381390
-0.493637
0.031098
-0.069552
0.849422
-0.294595
-0.181127
-0.629749
-0.599841
-0.350444
0.280190
0.439802
-0.071749
-0.237709
-0.738578
-0.528245
-0.331034
0.184668
-0.679373
-0.330973
0.480697
-0.309732
-0.424116
0.658925
0.712210
0.577990
0.553148
0.126743
0.252235
-0.239784
-0.922605
0.861812
-0.268166
0.550707
-0.404767
0.538133
-0.820612
0.651906
0.486801
0.307779
0.304971
0.455672
-0.955077
-0.378765
-0.675344
0.082614
0.011689
0.747734
0.569933
0.134922
0.492721
-0.891903
0.415815
-0.503159
0.835566
0.492538
0.604785
-0.397992
0.462569
0.856075
-0.480026
0.645985
-0.541246
-0.727042
-0.419172
0.001801
0.645802
-0.966796
0.462813
-0.766045
-0.414411
-0.173254
-0.554491
-0.015839
-0.314310
0.009919
-0.990295
0.646962
-0.601367
0.466536
-0.450606
-0.156590
0.685110
0.016449
0.306131
0.948180
0.958800
-0.220496
-0.608448
0.693838
0.883053
0.454451
0.328776
-0.410993
-0.396832
-0.704764
0.869198
-0.477218
0.588183
-0.049348
-0.265664
-0.998108
0.907651
0.802240
-0.603442
0.769158
-0.263649
0.985229
0.237098
-0.440291
0.680960
-0.038423
0.692129
0.783929
0.575854
-0.468978
-0.156407
0.490951
0.533616
0.013215
0.053743
-0.541063
0.864376
0.222266
0.150670
-0.005829
0.036836
-0.721488
0.831599
0.681448
-0.710257
0.068819
-0.030305
0.857173
0.499496
-0.391522
0.087252
-0.633961
-0.791437
-0.469344
0.940184
-0.634510
0.343364
-0.428388
-0.349223
-0.865780
0.503525
-0.887875
-0.677786
-0.301614
-0.263588
-0.610645
-0.668020
0.631520
-0.448775
-0.091830
-0.642079
-0.261513
0.268105
-0.573168
0.930601
-0.265358
0.544786
-0.950011
0.511887
-0.239662
-0.350017
0.273354
-0.913022
0.236244
0.015168
-0.246498
-0.742607
0.415021
0.856014
0.415876
0.940367
0.615894
0.520066
0.639088
0.935850
-0.238624
-0.717399
0.801996
-0.641774
-0.780755
-0.943968
-0.371624
0.951476
0.333598
0.174352
0.377606
-0.439863
0.683157
0.516648
0.649770
0.500168
-0.596057
0.614429
0.561998
-0.830622
-0.541673
-0.021271
0.993835
0.747917
-0.775628
-0.722648
0.269204
-0.780023
-0.207373
-0.472518
0.278542
0.871029
-0.957396
-0.322489
0.807428
-0.180944
-0.915036
0.385113
-0.239235
-0.355754
0.135350
-0.648427
-0.622791
0.829157
-0.169347
-0.601794
-0.491562
-0.579882
-0.650014
0.084201
0.315409
0.670339
0.446944
-0.179052
0.931394
0.430219
-0.354778
0.085910
0.021699
0.540819
0.048616
-0.875118
-0.259621
0.157689
0.323283
-0.606189
-0.880612
0.584155
0.688284
-0.020539
0.517258
0.222755
0.696341
0.003815
0.471236
-0.319864
-0.272439
0.897092
-0.752556
0.558153
-0.288247
-0.919858
0.289529
-0.147801
-0.785943
0.896603
-0.036531
0.213477
-0.505417
-0.906003
-0.564684
0.255898
-0.333903
-0.731193
0.157689
0.006806
0.390301
-0.176672
-0.059175
-0.330546
-0.017853
-0.652333
-0.214209
0.934019
-0.200476
0.551439
-0.352031
0.167089
-0.764885
-0.746452
-0.029206
-0.273721
0.220679
0.039705
-0.782525
0.850154
-0.224158
0.107517
-0.939329
-0.807917
0.314127
0.587268
-0.789727
0.752678
-0.302042
-0.568163
-0.572008
-0.700858
0.821345
0.748100
-0.878536
-0.946165
0.661184
0.009430
0.489669
0.024751
0.839778
0.573473
0.340068
-0.068270
-0.727287
0.488144
0.051729
0.230506
0.096652
0.324625
0.277993
-0.642933
0.168004
-0.809687
-0.588977
0.628956
0.647877
0.835994
0.797235
0.007721
-0.484664
0.646779
-0.972228
0.918027
-0.293985
0.852351
0.955321
0.637074
0.769036
-0.969054
0.391705
0.587573
0.316385
-0.693777
-0.481246
0.497909
0.536058
0.716178
0.211768
0.094455
0.019623
-0.059114
-0.516953
-0.078158
0.548326
-0.169836
0.886349
-0.335124
-0.045442
-0.492538
0.779412
-0.085177
0.622120
0.933531
-0.952879
0.626087
-0.063875
0.721122
-0.937193
-0.334147
0.970031
0.342143
0.591479
0.933897
0.742119
0.055330
0.577807
-0.053743
0.984008
-0.308695
0.117832
0.825190
-0.264626
0.187597
-0.609729
0.568468
0.011200
0.725883
-0.800836
0.030183
