0.715079
-0.746574
-0.974181
0.890194
-0.138401
-0.721305
0.539964
0.294961
0.386456
-0.204138
-0.779229
0.000031
0.879086
-0.956053
0.080233
0.927488
0.600635
-0.162206
-0.450850
-0.257912
-0.190405
-0.781549
0.178747
0.620716
0.958312
-0.954100
0.804376
-0.904172
0.289834
0.784417
-0.793268
-0.756096
0.851924
0.152989
-0.746696
-0.539476
0.111301
0.327799
-0.191259
0.482711
0.499374
0.827570
-0.872555
-0.732170
-0.056124
0.683340
-0.399152
-0.426984
0.176122
-0.274514
0.172155
-0.586840
-0.368999
-0.333842
-0.077120
0.964171
0.600513
-0.758599
-0.913877
0.778680
0.580432
0.494980
-0.856136
-0.907712
0.550951
0.149266
-0.823725
0.309671
0.977905
0.073519
0.373455
0.834101
0.165441
-0.468856
0.712333
-0.268410
0.558397
0.017609
-0.069002
-0.016266
-0.696219
0.736869
0.359050
0.342875
0.701590
0.868160
0.841792
-0.703726
0.479904
-0.092685
0.404828
0.528977
-0.438887
-0.367351
-0.886959
0.266335
-0.293069
0.164342
-0.612781
0.880123
0.731376
0.969115
-0.039338
-0.533372
-0.989807
0.280129
-0.783074
-0.657277
-0.625172
0.443892
0.365825
-0.527757
0.898129
0.707450
-0.760979
-0.220374
0.161473
0.095370
-0.813288
-0.505295
0.316019
0.367168
-0.254677
-0.489914
0.613514
-0.067904
0.363689
0.085238
0.054720
-0.209632
-0.131626
0.079501
-0.853328
-0.612903
-0.040620
0.705252
-0.799432
0.705618
-0.527390
0.584521
-0.071688
0.069979
-0.855708
-0.784906
0.686209
0.589282
-0.978942
-0.704520
-0.031404
-0.544359
0.534715
0.894162
-0.725761
0.816950
-0.793085
-0.892331
-0.747795
0.836970
0.243995
-0.657460
0.571032
0.887082
0.582263
-0.029328
-0.387799
-0.499619
0.683401
-0.474715
0.394513
0.726554
0.589404
0.389752
-0.437056
0.623096
-0.726005
0.644704
-0.912229
0.224403
0.320780
-0.527696
0.187963
0.276894
0.700491
0.319987
0.201514
0.582018
-0.862484
-0.720634
0.402081
0.495651
-0.354900
0.733695
-0.372906
-0.905515
0.588855
-0.511155
0.964782
-0.378094
-0.849300
0.496078
-0.124668
-0.129063
0.716483
0.674368
-0.563097
0.612293
-0.139378
0.452132
-0.835871
0.515976
0.685781
0.664174
-0.226356
-0.689749
-0.144566
0.739921
0.470565
0.285440
-0.083651
-0.677480
-0.679373
-0.213172
0.848506
-0.338786
0.200598
-0.087924
0.784112
0.426435
-0.600269
-0.917722
-0.445967
0.599109
0.027558
-0.539537
0.981811
-0.490280
0.425642
0.834773
-0.680593
-0.162633
-0.760002
-0.116367
0.491073
-0.109104
0.225990
0.799799
-0.852351
-0.540513
-0.032991
-0.458907
0.787408
0.083834
-0.961180
0.277383
-0.168493
0.694937
0.666982
0.621815
-0.853206
-0.173193
0.561022
-0.251930
-0.123325
-0.191565
0.445662
-0.331217
-0.494675
-0.530320
-0.548997
0.233619
-0.332316
0.153294
0.754509
-0.966247
-0.299112
0.034761
-0.308451
0.522141
0.700003
0.206885
0.693167
-0.550829
-0.727287
0.347087
0.028047
0.270730
-0.038301
-0.662038
0.487167
-0.587695
0.261452
0.667470
-0.504135
-0.633290
0.544908
0.827754
-0.107700
-0.027802
-0.160314
0.898190
0.982421
0.349345
-0.771294
0.551073
-0.248756
0.158361
0.725822
0.355327
0.290567
0.093234
0.059542
0.152257
-0.316141
0.477706
0.003204
0.059969
-0.189123
-0.602222
-0.834101
0.053438
0.660939
-0.565294
-0.545518
0.199927
-0.935789
0.739006
0.297403
-0.814325
0.842708
0.582141
0.602222
-0.288247
0.760613
-0.760430
0.339946
-0.641469
0.252663
-0.741935
-0.424482
0.005707
0.148534
0.221717
-0.019318
0.202429
-0.281228
-0.160375
0.993164
0.769158
0.292398
0.866634
0.429426
-0.262551
-0.065706
0.275674
-0.903867
-0.703421
-0.916868
0.451033
0.255715
-0.031709
0.108005
-0.977172
-0.580493
0.137059
0.394757
0.771966
-0.863399
0.274026
0.324870
0.012055
-0.019074
-0.847591
-0.762749
-0.391888
0.709952
0.659902
-0.685171
-0.166662
-0.247597
-0.620960
0.803278
0.291299
0.963134
0.050935
-0.132054
0.962401
0.111362
-0.901242
0.603504
0.638783
-0.054537
0.686148
0.904111
-0.965270
0.141209
-0.906796
0.554552
-0.774957
0.809626
-0.718314
-0.663259
0.476608
0.821345
-0.229835
-0.807855
0.468307
0.403241
-0.860714
-0.394086
0.613758
-0.503891
0.077975
-0.805841
-0.983581
-0.894894
-0.182226
0.281838
-0.780755
0.306314
0.161290
0.632679
-0.265236
-0.666433
-0.214331
-0.376263
-0.029084
-0.743034
-0.969237
0.352947
0.770196
0.695730
0.135594
0.177343
-0.974303
0.013703
-0.107944
0.671682
-0.287210
0.045442
-0.098422
-0.235267
0.862911
0.732841
0.551073
-0.641041
-0.178014
0.630970
0.202429
-0.018159
0.231910
0.119114
-0.992248
0.307657
0.948546
0.359233
0.352031
0.348552
-0.692312
0.922849
-0.488327
-0.467757
0.285440
-0.513840
0.596973
-0.963561
-0.682485
0.198645
-0.496384
0.449812
0.960326
-0.691275
-0.730949
0.834346
0.272988
-0.053560
0.356792
-0.513535
0.050142
-0.324381
0.229225
0.499252
0.353313
-0.143895
0.336833
-0.621021
-0.095431
-0.942930
0.010407
-0.660756
0.567064
-0.761834
-0.667653
-0.896603
0.145970
-0.215613
0.376934
0.391278
-0.831660
-0.216834
0.085482
-0.693899
-0.906247
-0.095126
-0.402936
-0.260781
0.537400
-0.548875
-0.269997
0.190832
0.558885
0.135472
0.172887
0.860836
-0.768181
-0.063265
0.791498
0.305521
0.932920
0.329875
0.538377
0.084628
-0.390484
0.996338
0.827204
0.103488
-0.694143
0.821711
-0.588427
-0.387860
0.590442
0.264626
0.169530
0.564745
0.606494
-0.539232
-0.328227
-0.827692
-0.278237
-0.435347
-0.272805
-0.540269
-0.232093
-0.701956
-0.889767
0.075716
-0.140721
-0.406293
-0.383343
-0.935606
-0.115635
0.611682
-0.776971
-0.213294
0.438459
0.233924
-0.389080
0.814386
-0.145543
-0.044832
0.750053
0.120151
-0.031831
0.601123
0.688711
0.348003
0.052461
0.482711
0.037263
0.469893
-0.174047
0.525071
0.307352
-0.222694
-0.462630
0.662282
-0.167943
-0.009674
-0.034272
0.905454
0.495773
-0.733879
-0.506760
0.984985
-0.094333
-0.641591
-0.391217
0.700858
0.972289
0.658071
0.565294
-0.348369
-0.889523
0.551134
-0.488510
0.226722
-0.835627
-0.084201
-0.099277
-0.011078
-0.971984
0.542344
-0.945982
0.967528
-0.397076
0.249855
-0.596545
0.688833
0.744743
-0.560289
0.657216
-0.456221
0.812494
0.908383
-0.746879
-0.550035
-0.747063
0.092929
0.345256
0.640370
-0.772576
0.384442
0.966796
-0.675161
0.693350
0.679678
0.511704
0.069674
-0.596484
0.353008
0.646901
-0.762566
-0.025971
-0.604846
0.856075
-0.913327
-0.352153
-0.642567
-0.970824
0.092563
0.377789
0.552110
0.625477
-0.099521
0.075594
0.852779
-0.562731
-0.571764
-0.086093
0.768853
0.877438
-0.611133
-0.821589
0.643117
-0.209143
0.661733
-0.132420
0.168249
-0.386700
-0.437178
-0.889706
0.037935
-0.585742
-0.321574
0.488205
0.049715
-0.470077
0.847591
0.466781
-0.248878
0.686941
-0.706473
0.604236
-0.447920
-0.491928
-0.948851
0.104221
0.361187
0.282998
0.555834
-0.035981
0.291787
-0.147740
-0.162023
-0.378277
0.694998
-0.415693
-0.145665
-0.044404
-0.931272
0.224830
0.847285
0.766839
-0.793756
-0.681936
-0.021699
-0.898618
-0.536607
-0.709220
0.840876
-0.349956
0.993835
0.791437
0.956114
0.516648
-0.775323
-0.569811
-0.285989
0.326395
-0.964782
0.045015
-0.072115
-0.941771
-0.258583
-0.723319
-0.419050
0.445845
-0.789178
-0.451704
0.067782
0.268593
-0.745231
-0.361187
-0.589709
-0.939695
0.842097
-0.756951
0.497665
0.951415
0.122410
-0.355510
0.141575
0.314615
0.169591
-0.205664
-0.871578
-0.106967
0.773247
-0.537217
0.951109
-0.189001
-0.910154
0.770867
-0.179785
-0.744926
0.410749
-0.634571
-0.072970
0.273171
0.366008
0.012848
-0.456709
0.077486
-0.113742
0.872494
0.427961
-0.998779
-0.517685
0.930601
-0.889950
-0.825556
0.834590
0.343059
-0.833247
-0.250465
-0.554491
0.514573
-0.473128
-0.252663
0.639821
0.393353
0.958861
-0.467025
0.812983
-0.555895
-0.405988
-0.397137
-0.388104
0.101108
0.283425
-0.047212
-0.440229
-0.421613
0.448469
-0.343974
-0.561937
0.462508
0.777947
0.745598
0.123142
-0.142369
-0.262612
0.196936
0.158116
0.824152
-0.069918
-0.561876
-0.614734
0.847835
-0.598865
-0.465072
-0.811335
0.745109
-0.027009
0.297647
-0.432478
0.436201
0.201880
0.638295
-0.099521
0.222449
-0.141697
-0.209937
-0.681082
-0.603931
-0.864559
0.458785
-0.777154
-0.582873
0.640126
0.076937
0.093661
-0.463851
-0.689688
0.314432
0.007111
-0.078524
0.870724
0.250282
-0.071810
-0.894589
0.270302
0.051119
-0.167638
-0.088595
-0.495285
-0.219825
-0.805292
-0.539476
0.487716
-0.909055
-0.984191
-0.032502
-0.774468
-0.276406
-0.135533
-0.677419
-0.557237
0.758415
0.477035
-0.003754
-0.370342
-0.095920
0.022553
0.850703
0.029267
-0.510788
-0.385479
-0.350932
0.607410
-0.833247
-0.856868
0.155919
0.675161
0.068819
-0.499863
-0.268349
0.679495
-0.038972
-0.363567
-0.743339
-0.075350
0.613575
-0.675771
-0.083407
-0.884396
0.249245
0.307474
0.364360
0.696524
0.620045
0.377422
-0.497177
-0.244606
0.640431
0.528733
0.400739
0.450545
0.066805
0.375530
-0.324137
0.767937
-0.710135
-0.991638
0.963500
-0.125278
-0.513535
0.532884
0.296365
0.712210
-0.477340
0.943724
0.336222
-0.225135
0.073397
-0.458602
0.483688
0.320231
0.509507
-0.465804
-0.689383
-0.676077
0.755486
-0.569445
-0.062777
0.359783
0.818537
0.023164
-0.155492
-0.481002
0.085299
0.341533
-0.989563
0.593493
-0.449324
0.379376
0.055879
-0.190588
0.772820
0.491440
-0.931394
-0.564257
-0.301492
0.451765
0.479171
-0.228919
0.459029
0.642323
0.728690
-0.752434
-0.735221
0.425886
0.500473
-0.900204
-0.370647
0.746818
0.489303
-0.712271
0.423750
0.992676
0.404096
-0.848079
-0.502853
0.576952
0.038240
0.238990
-0.125462
0.449263
-0.396588
-0.269387
-0.827326
0.782464
-0.184484
0.971313
-0.481429
-0.975097
-0.076693
-0.048006
-0.294778
0.537828
0.675893
-0.637135
0.249794
-0.982116
-0.445723
0.971374
-0.874752
0.198828
0.650441
-0.284341
-0.061922
0.826899
0.220069
-0.008148
0.318339
-0.997864
0.701712
0.199622
0.372539
-0.281655
-0.432417
0.863826
-0.413251
-0.031648
0.334941
-0.250649
0.378826
0.211280
0.681814
0.568957
0.371746
0.708914
0.848811
-0.444685
-0.650746
-0.628895
0.993896
0.680532
-0.934629
-0.594043
0.685904
-0.726737
-0.140660
-0.072909
-0.287027
-0.246681
-0.160192
-0.515793
0.715384
0.785943
-0.607715
0.238990
0.476424
-0.807062
0.697928
0.260781
0.303140
0.297769
0.799249
0.913144
-0.911496
-0.050874
0.919614
0.095309
-0.175878
0.354350
0.230140
0.541429
-0.514573
0.940123
-0.781121
0.551500
-0.323527
0.763726
0.227638
-0.186071
-0.359844
0.771172
0.817743
-0.771599
0.363323
0.619007
0.439985
-0.746818
0.090976
0.799493
-0.709403
-0.456648
0.570238
0.006928
0.517014
0.156285
-0.812006
0.561571
0.464278
0.490890
-0.193884
-0.936460
0.957945
-0.392987
-0.092135
0.531297
0.514512
-0.587268
-0.729362
-0.922605
0.304605
-0.685537
-0.705191
0.784417
0.747978
0.389325
-0.522935
-0.289834
-0.890622
-0.394269
0.607898
0.069308
-0.295572
-0.794305
-0.451216
0.087558
-0.163793
0.565172
0.653188
0.131382
0.489242
-0.245766
-0.121921
0.352092
-0.838252
-0.069002
0.842402
0.808527
0.500168
-0.363384
-0.420209
-0.958922
-0.336772
0.463301
-0.480026
-0.909299
-0.297952
-0.635609
0.192480
-0.702383
-0.531114
0.158544
-0.581835
-0.918699
0.141636
0.773309
-0.987304
-0.039216
0.298074
0.791986
-0.023530
-0.109897
-0.934568
-0.800165
-0.262612
0.814447
-0.585070
0.822748
-0.058565
-0.911802
-0.113559
-0.749565
-0.700797
-0.940977
0.863094
0.762017
-0.453230
0.232826
-0.274697
0.864925
0.167272
0.111606
0.713065
0.064669
0.912290
0.287515
0.501267
-0.031404
-0.896725
0.473983
0.120701
-0.198462
0.204138
-0.055635
-0.965758
-0.380902
0.243324
-0.432539
0.001617
0.085055
-0.180151
0.747917
0.180944
-0.013459
-0.991516
0.667837
-0.444441
-0.053560
-0.554064
0.663747
-0.502670
-0.035127
0.705741
-0.212195
-0.834651
-0.810175
-0.599780
-0.001679
0.331156
-0.344035
-0.484603
0.129856
-0.072115
0.190466
-0.056734
-0.971068
-0.321207
-0.646718
0.474532
0.711966
0.460616
-0.410932
-0.016327
0.575732
-0.457747
0.107517
0.222633
0.379681
-0.331339
0.770379
0.551683
-0.511093
0.280984
0.468612
-0.344584
0.983947
-0.113987
0.466292
0.339763
-0.948057
-0.747246
0.787469
-0.148839
-0.932249
0.654103
-0.461165
-0.894955
0.383282
-0.236000
0.341716
0.442366
-0.632984
-0.922788
0.047761
-0.213172
0.594348
0.578967
-0.264809
-0.159154
-0.951720
0.412824
0.686758
0.428816
-0.266091
-0.554186
0.819636
-0.674734
0.714103
0.560106
-0.385784
-0.461653
0.823298
0.800226
-0.092074
0.929991
-0.565477
-0.624866
-0.474471
0.112888
-0.179662
0.836177
-0.422224
0.500412
0.266152
-0.280496
-0.342570
-0.366131
-0.936644
0.922910
-0.748466
-0.119785
0.690542
-0.527940
0.986755
0.148228
-0.822077
-0.756157
-0.087924
-0.248512
0.334941
-0.091586
-0.810846
0.869564
-0.090487
0.444624
-0.621021
0.258522
-0.262734
0.771233
-0.883297
-0.929075
0.888180
0.416425
-0.815851
-0.995605
0.906186
-0.758660
0.196387
-0.267129
-0.799982
-0.338664
0.726920
0.189306
0.577013
0.607471
-0.254006
-0.762871
-0.708304
0.145116
-0.007721
-0.102634
-0.178625
0.215552
-0.250710
0.582324
-0.349834
0.137181
-0.959227
-0.896298
-0.692923
0.544603
-0.184118
0.191565
-0.315104
-0.555040
0.437117
0.423811
0.499374
0.559313
0.208472
-0.950072
0.485641
-0.827326
0.939879
0.996216
0.596850
-0.232521
0.412580
0.884213
0.431745
-0.971129
0.728568
-0.070223
0.712394
-0.946776
-0.085360
-0.599109
0.509812
0.629017
-0.073824
0.127781
0.517136
0.432173
-0.335795
-0.032502
0.569689
-0.624866
-0.207923
-0.284219
-0.830683
0.574145
0.474715
-0.740715
-0.261940
-0.659169
-0.665212
-0.377056
0.784051
0.682180
-0.954100
0.774529
-0.506882
-0.468429
-0.176794
-0.743034
-0.293558
0.147618
-0.676931
-0.901547
0.791009
0.324381
0.049715
-0.519761
-0.355327
-0.733818
-0.666005
0.543382
0.588061
-0.521226
0.453047
0.810785
0.828913
-0.337687
-0.301187
-0.963500
0.135533
0.431501
-0.801386
-0.682730
0.017853
-0.077303
0.807672
-0.327738
-0.387188
-0.084689
0.029878
-0.585498
0.402081
0.518967
0.742851
0.810785
0.225623
-0.712821
-0.084384
0.425520
-0.026582
0.724357
0.203711
-0.338359
-0.218604
0.640614
0.417280
-0.178808
-0.370769
0.931883
0.906674
0.645924
-0.982727
-0.798090
0.260170
-0.196692
0.040925
-0.091647
0.372723
-0.004120
0.366680
0.579211
0.867061
0.553270
-0.131382
0.796258
-0.213355
0.014435
0.753166
-0.569933
0.838801
0.952025
-0.294412
0.284646
0.618519
0.038667
0.697134
-0.315775
-0.542405
0.486007
0.227088
0.309977
0.517930
0.244667
-0.816401
0.259743
-0.189062
-0.108188
0.510056
-0.644093
-0.012116
0.046236
-0.943785
0.760857
0.593799
-0.388775
-0.927061
-0.848262
-0.738823
0.745842
-0.916746
0.426740
0.353496
-0.078280
-0.097690
-0.908383
-0.816584
-0.550401
-0.849116
0.410993
-0.911985
0.845576
-0.828425
0.543626
0.246132
0.269631
0.869747
0.329264
-0.872372
-0.641346
-0.006684
-0.714286
-0.641835
-0.446150
-0.105136
0.282144
0.879452
-0.228004
-0.123508
-0.880856
-0.395734
-0.719108
0.764153
-0.602527
-0.733268
0.497848
-0.820612
-0.372417
-0.310892
0.243080
0.421552
-0.608570
0.322855
0.310282
0.837580
-0.615162
-0.262123
0.552416
-0.891964
-0.416791
-0.160070
-0.737602
-0.528184
-0.751274
-0.426374
0.062410
0.598804
0.372600
-0.664602
0.628040
0.932920
0.547777
-0.591540
-0.621326
0.074679
-0.960692
-0.590686
-0.772881
0.299539
0.891049
-0.371319
0.791864
0.307169
0.699087
-0.366619
0.393902
0.741813
-0.870418
0.247108
0.279031
-0.979858
0.252846
0.159398
0.542894
0.228431
0.413312
0.682546
-0.622791
0.109775
-0.277871
0.226417
-0.398358
-0.404035
0.471725
-0.666982
0.034394
0.984924
-0.966063
-0.957884
0.833186
0.361431
-0.247780
0.992004
-0.248390
-0.160802
0.786920
-0.353191
-0.125095
0.705313
0.368816
0.223365
-0.801996
0.517380
0.322611
0.054048
-0.212256
0.900632
-0.778558
0.189062
-0.322611
0.601550
0.860164
-0.619251
-0.799554
-0.653859
0.078585
0.482589
0.308817
0.824213
-0.030244
