0.300089
0.512986
-0.974181
0.890194
-0.138401
-0.983032
0.539964
0.555040
0.839595
-0.316019
0.469161
0.000031
0.508042
-0.805658
0.928587
0.927488
-0.441389
0.082064
0.060884
0.852046
-0.190405
0.420148
0.270669
0.620716
-0.972411
-0.954100
0.804376
0.768548
0.289834
0.784417
-0.579455
-0.756096
0.868465
0.152989
-0.705191
-0.539476
0.111301
0.327799
-0.055757
0.674001
-0.468062
0.827570
-0.872555
-0.732170
-0.828181
0.683340
0.845698
-0.426984
-0.793939
-0.274514
-0.155858
-0.839473
-0.368999
-0.553148
0.974120
0.964171
0.930357
-0.758599
0.688955
0.081515
0.580432
0.494980
0.063692
-0.907712
-0.117649
-0.453291
-0.823725
-0.457015
0.977905
0.073519
0.404645
0.834101
-0.222449
-0.039766
0.712333
0.267251
0.338969
-0.799921
-0.069002
0.985168
-0.308023
0.736869
-0.355205
0.342875
0.465072
0.519456
0.841792
0.976806
0.479904
-0.290689
0.404828
0.694327
-0.438887
0.544481
-0.886959
-0.971313
0.984985
0.164342
-0.612781
0.880123
0.731376
0.969115
-0.039338
-0.533372
-0.989807
0.280129
-0.783074
0.956236
-0.366924
0.443892
0.365825
-0.666738
0.898129
0.707450
-0.760979
0.747063
0.161473
0.095370
-0.813288
-0.651357
0.316019
-0.789483
-0.254677
-0.629017
0.613514
-0.067904
0.184057
0.085238
-0.152989
-0.209632
-0.178198
0.079501
-0.853328
-0.099033
0.509201
0.128391
-0.799432
-0.650563
-0.527390
0.032807
-0.120579
-0.010651
-0.855708
-0.261757
-0.389142
0.589282
-0.832942
0.100314
-0.031404
-0.292398
0.043489
0.749809
-0.725761
0.816950
0.472640
-0.784967
-0.390484
0.836970
-0.613330
0.907224
0.571032
-0.448714
0.582263
-0.995422
-0.387799
0.862972
0.552538
-0.474715
-0.804376
0.726554
0.589404
0.389752
-0.453108
-0.225074
-0.622364
0.644704
0.656667
-0.797967
-0.514328
-0.527696
0.187963
0.276894
0.121006
0.319987
-0.367718
0.582018
0.234718
-0.720634
0.094211
0.165380
-0.811518
-0.048006
0.070223
-0.390362
-0.719047
0.574633
0.964782
-0.378094
-0.849300
0.557604
-0.124668
0.598987
0.716483
0.588549
-0.563097
0.612293
0.249672
0.452132
0.145482
0.515976
-0.603992
-0.405560
0.765740
-0.586352
0.064364
0.739921
-0.976806
0.482467
-0.930784
-0.587817
-0.679373
-0.557176
0.848506
-0.851924
0.200598
-0.469649
-0.081149
0.426435
0.110813
-0.917722
-0.445967
0.599109
0.096103
0.652760
0.717399
0.544176
0.092013
0.834773
0.581103
-0.162633
-0.401410
0.558214
0.418500
-0.203833
0.241615
0.202918
-0.852351
-0.540513
-0.111484
-0.458907
0.787408
0.083834
0.129551
0.277383
-0.168493
-0.027009
-0.009919
0.621815
-0.853206
0.258950
0.561022
0.339335
-0.123325
-0.191565
0.515427
0.502731
-0.607898
-0.670766
0.197913
-0.242103
-0.332316
-0.254982
0.754509
-0.966247
-0.299112
0.034761
0.732963
-0.251930
-0.479659
0.206885
-0.049715
-0.483261
-0.727287
0.347087
0.028047
-0.379498
-0.038301
-0.901425
-0.249550
0.231300
0.261452
0.667470
-0.504135
-0.633290
0.422224
0.666311
0.933714
-0.642811
-0.065767
0.898190
0.982421
0.349345
0.088900
0.551073
-0.248756
0.405255
0.330729
0.355327
-0.888058
0.093234
-0.469649
-0.397687
0.119175
-0.185461
0.003204
0.569445
-0.229163
0.430464
0.149815
-0.296060
0.660939
0.461653
-0.545518
0.199927
-0.935789
-0.663991
0.815363
-0.814325
0.842708
-0.648122
0.602222
0.906735
-0.203162
-0.760430
0.339946
-0.641469
-0.353069
0.115207
-0.209449
-0.642323
0.952696
-0.474715
0.353191
0.160131
-0.554369
-0.160375
0.029633
0.769158
-0.861629
0.866634
0.313639
0.865780
-0.065706
0.275674
-0.903867
0.180273
-0.916868
-0.509323
0.185583
-0.031709
0.160192
-0.835505
-0.611866
0.137059
0.394757
-0.995544
-0.863399
0.596118
0.324870
-0.385052
-0.376751
-0.101108
0.132847
-0.589404
-0.397992
0.435835
-0.642872
0.507431
0.825434
-0.620960
-0.667348
0.291299
0.547960
0.857479
0.737236
-0.686270
0.127415
0.097995
0.603504
0.813044
0.067782
0.686148
-0.731498
-0.965270
-0.875546
-0.906796
-0.175634
-0.774957
0.239051
0.020661
-0.663259
0.476608
0.576647
-0.229835
-0.162511
-0.058016
0.403241
-0.294229
-0.814203
0.613758
0.571581
-0.581164
-0.805841
-0.983581
0.881832
0.578600
0.281838
-0.780755
0.218665
-0.782220
-0.802850
-0.265236
-0.182897
-0.936583
-0.376263
-0.029084
-0.986084
0.299844
0.352947
0.225562
0.695730
0.416181
-0.721427
-0.974303
0.013703
0.515427
-0.378216
0.779229
0.693960
-0.098422
-0.193152
0.365398
0.732841
-0.525437
-0.641041
-0.052767
0.630970
0.202429
-0.018159
0.616138
-0.695059
-0.992248
0.307657
0.948546
0.359233
0.352031
0.990539
0.321390
0.312479
-0.488327
-0.467757
0.285440
0.238990
-0.140782
0.111667
-0.532701
-0.872738
-0.888058
0.449812
0.873898
-0.691275
0.011689
0.189978
0.565783
-0.053560
-0.504807
-0.513535
0.050142
-0.941954
-0.809870
0.499252
-0.953124
-0.143895
-0.845576
-0.621021
-0.095431
-0.942930
0.010407
-0.660756
0.567064
-0.761834
-0.667653
0.408185
-0.875362
-0.215613
-0.141820
-0.590075
-0.831660
-0.216834
0.085482
-0.497177
-0.906247
0.632984
-0.402936
0.106052
0.537400
-0.548875
-0.269997
-0.655934
0.558885
0.135472
0.172887
0.860836
-0.768181
-0.063265
-0.568285
0.305521
0.932920
-0.389386
-0.610584
0.084628
-0.390484
0.530931
-0.889340
-0.877255
-0.694143
0.685110
0.853755
-0.387860
0.590442
0.264626
0.169530
-0.496078
0.606494
-0.539232
-0.152318
-0.827692
-0.278237
0.506394
-0.272805
-0.540269
-0.232093
-0.701956
0.589404
0.075716
-0.140721
-0.406293
-0.383343
0.246620
-0.115635
0.733024
-0.776971
0.924986
0.438459
0.233924
-0.974975
0.814386
0.899655
-0.044832
-0.986755
0.120151
-0.031831
-0.190649
0.688711
0.348003
0.148473
0.421674
0.037263
0.481124
0.450056
0.525071
0.307352
0.830805
-0.462630
0.139317
-0.167943
-0.009674
-0.034272
0.905454
0.495773
-0.273904
-0.659536
-0.969237
-0.094333
-0.641591
-0.391217
0.780877
0.972289
-0.667409
0.565294
-0.473373
-0.889523
-0.784783
0.240272
-0.595874
-0.835627
-0.084201
-0.908567
0.556932
-0.227088
0.542344
-0.427717
0.892453
0.573168
-0.002411
-0.596545
0.688833
0.744743
-0.226539
0.657216
0.091769
0.812494
0.908383
-0.746879
0.645802
0.077792
0.092929
0.345256
-0.003937
-0.772576
0.384442
0.966796
-0.871151
-0.612964
0.679678
-0.516465
0.069674
-0.793878
0.353008
0.646901
-0.545701
-0.025971
-0.604846
0.856075
-0.913327
0.808405
-0.048006
-0.970824
0.092563
0.241188
0.841914
0.625477
-0.099521
0.155370
0.852779
-0.562731
-0.571764
-0.086093
0.208594
0.877438
-0.540147
-0.821589
-0.995911
0.526780
0.661733
-0.132420
0.168249
-0.386700
-0.437178
-0.127110
0.037935
0.802667
-0.321574
0.488205
0.049715
-0.470077
0.847591
0.466781
-0.248878
0.694449
-0.706473
0.604236
-0.447920
-0.491928
0.581347
0.104221
0.653676
0.282998
0.555834
-0.035981
0.291787
-0.872188
-0.162023
-0.540147
-0.334208
0.842402
-0.145665
-0.044404
-0.049959
0.224830
-0.873775
-0.249062
-0.793756
-0.681936
-0.021699
-0.898618
0.546495
-0.082186
0.840876
-0.014924
0.993835
0.791437
0.956114
0.516648
0.455733
-0.569811
0.560411
0.499802
0.452864
0.045015
-0.072115
-0.941771
0.929991
0.793390
-0.419050
0.445845
-0.789178
-0.402509
-0.145787
0.268593
-0.347636
-0.361187
-0.016327
-0.939695
0.174780
-0.756951
0.497665
0.951415
0.122410
-0.355510
0.141575
0.314615
0.169591
-0.205664
-0.871578
-0.106967
0.773247
-0.537217
0.503281
-0.189001
-0.234169
0.770867
-0.179785
-0.744926
0.410749
-0.634571
-0.072970
0.273171
0.366008
0.012848
-0.456709
0.077486
-0.113742
0.768609
0.427961
0.401593
-0.429853
0.349712
-0.768120
0.135350
-0.136998
-0.043855
-0.833247
-0.250465
-0.554491
0.514573
-0.473128
0.122837
0.351421
0.393353
0.755791
-0.706778
0.812983
-0.555895
0.322001
0.238441
-0.388104
-0.802240
0.283425
-0.047212
-0.440229
-0.421613
0.925352
0.353923
0.433088
0.462508
0.777947
0.745598
0.123142
-0.142369
-0.262612
0.196936
-0.066744
0.571947
-0.069918
-0.561876
0.844478
0.065523
-0.598865
-0.401227
-0.768853
0.745109
0.713370
0.725883
-0.432478
0.000519
0.201880
0.638295
-0.125950
-0.967772
-0.141697
-0.486618
-0.681082
0.752617
0.062349
0.781426
-0.777154
-0.582873
-0.027863
0.076937
-0.802057
0.116733
-0.689688
0.314432
0.007111
0.108371
0.870724
0.250282
0.572314
0.961486
0.442366
0.051119
-0.167638
-0.908689
-0.495285
-0.219825
0.545640
-0.539476
0.487716
-0.909055
-0.984191
-0.032502
-0.774468
-0.276406
-0.641041
0.016205
-0.557237
0.758415
0.477035
-0.003754
-0.370342
-0.095920
0.022553
0.850703
0.029267
-0.510788
-0.385479
0.132298
0.607410
-0.833247
-0.856868
-0.179846
0.350200
0.295694
-0.499863
-0.268349
0.719901
-0.218482
-0.757744
-0.743339
-0.075350
-0.068758
-0.675771
-0.426191
-0.431928
-0.689383
0.995422
0.364360
-0.713065
0.981323
0.377422
0.614612
-0.244606
0.564135
0.528733
0.400739
0.837397
-0.914792
0.643178
0.517319
0.767937
-0.710135
-0.991638
0.963500
-0.125278
-0.513535
0.532884
-0.203406
0.712210
-0.477340
0.943724
0.524766
-0.966491
0.073397
-0.999390
0.561022
0.341533
0.629261
-0.465804
-0.689383
-0.948668
0.235267
-0.569445
-0.062777
0.359783
-0.436262
0.023164
0.107639
-0.481002
0.085299
0.447432
-0.989563
0.593493
-0.449324
0.379376
0.055879
-0.190588
0.772820
0.491440
-0.931394
0.701041
-0.301492
0.451765
0.479171
-0.228919
0.459029
0.642323
-0.067904
-0.752434
-0.410871
0.425886
0.500473
-0.900204
-0.370647
-0.083712
0.489303
-0.091220
-0.509445
0.992676
0.404096
-0.848079
-0.502853
0.576952
0.038240
0.238990
-0.125462
0.449263
-0.396588
-0.269387
-0.827326
0.782464
0.862484
0.426435
-0.399274
-0.975097
-0.958129
-0.048006
-0.294778
0.537828
0.211035
-0.637135
0.249794
-0.982116
-0.445723
0.521592
-0.476119
0.198828
0.650441
-0.284341
-0.389080
0.826899
0.220069
-0.008148
0.318339
0.121006
0.701712
0.199622
0.372539
-0.281655
-0.432417
-0.023408
-0.413251
-0.031648
0.132542
-0.250649
0.378826
0.211280
0.681814
0.568957
-0.654653
0.708914
0.848811
0.951659
-0.650746
-0.628895
0.993896
0.153050
-0.934629
-0.594043
-0.774407
-0.726737
-0.140660
-0.072909
-0.287027
-0.246681
-0.160192
-0.515793
0.715384
0.785943
-0.607715
0.238990
0.476424
-0.807062
0.878048
0.260781
0.303140
0.297769
0.799249
0.913144
-0.911496
0.383038
0.807306
0.095309
-0.800287
0.354350
0.250099
0.541429
-0.506333
0.598132
-0.781121
0.551500
-0.323527
-0.910825
0.227638
-0.186071
-0.359844
0.771172
0.817743
-0.019745
-0.359783
0.020295
0.740410
-0.746818
0.190954
0.799493
-0.709403
0.167455
0.570238
0.006928
0.517014
0.156285
-0.812006
0.561571
0.464278
0.490890
-0.390790
-0.936460
-0.142674
-0.392987
-0.092135
-0.268838
0.645314
0.916196
0.575793
-0.922605
-0.920957
-0.685537
-0.705191
0.784417
0.747978
-0.066012
-0.522935
-0.013276
-0.890622
-0.394269
0.607898
-0.985473
-0.295572
-0.794305
-0.451216
0.087558
-0.163793
0.565172
0.653188
0.131382
0.489242
-0.245766
-0.121921
0.352092
-0.838252
0.567064
0.842402
0.457564
0.500168
-0.363384
-0.420209
-0.958922
-0.336772
0.463301
-0.480026
-0.909299
-0.297952
-0.635609
0.192480
0.074129
-0.531114
0.158544
-0.581835
-0.629078
0.141636
0.773309
-0.003693
-0.039216
0.298074
0.791986
-0.023530
-0.369304
-0.934568
0.197424
0.640187
0.814447
0.491684
0.822748
-0.058565
-0.911802
-0.113559
-0.411420
-0.700797
0.020356
0.863094
0.762017
0.091342
0.150121
-0.274697
0.864925
0.167272
0.111606
0.713065
0.064669
0.912290
0.287515
0.501267
-0.031404
-0.896725
0.473983
0.120701
-0.693777
0.204138
0.862972
-0.965758
-0.380902
0.243324
0.791314
0.001617
0.085055
-0.378643
0.747917
0.829890
-0.013459
-0.991516
0.667837
-0.316446
0.025544
-0.554064
0.663747
-0.502670
-0.467513
0.705741
-0.212195
0.475570
-0.810175
-0.599780
-0.001679
-0.205969
0.967833
-0.484603
0.129856
-0.072115
0.190466
-0.056734
-0.971068
-0.273293
-0.654469
0.474532
0.711966
0.460616
0.485702
-0.016327
-0.241371
-0.457747
-0.010163
0.222633
0.379681
-0.402875
0.770379
0.551683
-0.511093
0.280984
0.468612
-0.344584
0.983947
-0.113987
0.466292
0.974059
-0.948057
-0.747246
0.787469
-0.148839
-0.998230
0.623646
-0.290078
0.007477
0.822260
-0.236000
0.341716
0.693350
0.495102
-0.922788
0.047761
-0.213172
0.853633
0.578967
-0.264809
-0.159154
-0.951720
-0.631031
-0.225257
0.428816
-0.266091
-0.554186
0.383221
0.112644
-0.017304
0.560106
-0.385784
-0.117405
0.823298
0.800226
-0.092074
0.929991
-0.565477
-0.517991
-0.474471
0.112888
-0.179662
0.836177
-0.422224
0.500412
0.266152
-0.280496
0.058931
-0.610584
0.889340
0.483627
0.235878
-0.119785
0.690542
0.572863
0.986755
0.148228
-0.822077
0.444929
-0.087924
-0.248512
-0.802728
-0.091586
-0.144139
0.869564
-0.090487
0.444624
-0.621021
0.342021
-0.262734
0.771233
-0.883297
-0.929075
0.888180
0.416425
-0.365459
-0.684744
0.906186
-0.758660
0.196387
-0.149144
0.349712
0.620533
0.428999
0.189306
0.577013
0.204077
-0.564257
-0.762871
-0.708304
0.066683
-0.007721
-0.102634
0.124302
-0.281411
-0.250710
0.582324
-0.349834
0.137181
-0.959227
-0.896298
-0.692923
0.544603
-0.184118
0.196692
-0.315104
-0.555040
0.437117
0.423811
-0.132969
0.559313
0.377728
-0.950072
-0.381451
-0.890561
0.939879
0.996216
0.596850
-0.232521
0.412580
0.884213
0.546800
0.042024
0.728568
-0.256569
0.712394
-0.458785
-0.085360
0.170446
0.509812
0.629017
-0.073824
0.127781
-0.261574
0.432173
-0.318155
-0.032502
-0.571886
-0.624866
-0.207923
-0.284219
0.208411
0.574145
0.474715
0.104099
-0.112033
-0.659169
-0.930723
0.917600
0.784051
0.682180
0.855892
0.774529
-0.506882
-0.468429
-0.176794
-0.743034
-0.293558
0.147618
-0.543748
-0.418134
0.791009
0.548326
0.049715
-0.519761
-0.355327
-0.733818
-0.666005
-0.983764
0.102695
0.913572
0.453047
0.810785
0.051851
-0.337687
0.760308
-0.177648
0.135533
0.431501
-0.801386
-0.682730
0.917600
-0.819086
0.807672
-0.327738
-0.387188
-0.084689
0.029878
-0.585498
0.790948
0.102451
0.742851
0.810785
0.225623
-0.712821
-0.084384
0.425520
-0.026582
0.724357
0.203711
-0.338359
0.814447
0.640614
0.417280
-0.178808
-0.370769
0.931883
0.906674
-0.587451
0.202551
-0.798090
0.248085
-0.196692
0.040925
-0.091647
0.372723
-0.004120
-0.941160
-0.342448
0.867061
0.553270
0.681570
0.796258
-0.213355
0.014435
0.753166
-0.569933
-0.608509
0.433088
-0.294412
-0.611011
0.079745
0.038667
0.697134
-0.315775
-0.542405
0.486007
0.227088
0.309977
0.517930
0.412152
-0.461104
0.335002
0.032929
-0.108188
0.510056
-0.644093
-0.119175
0.046236
-0.760796
0.760857
0.039155
-0.388775
-0.927061
-0.848262
0.804010
0.745842
-0.849727
0.426740
-0.096042
-0.449629
-0.097690
0.750664
-0.816584
-0.250649
-0.849116
0.410993
-0.911985
0.845576
0.519272
0.543626
0.246132
-0.788995
-0.887753
-0.532212
-0.872372
0.934202
-0.006684
-0.714286
-0.378704
-0.446150
-0.105136
-0.910398
-0.528123
-0.228004
-0.123508
0.364849
-0.395734
-0.390423
0.764153
-0.709220
-0.733268
0.497848
-0.820612
-0.372417
-0.887204
0.243080
0.421552
-0.608570
-0.239113
-0.515061
0.600574
-0.615162
-0.262123
0.552416
-0.891964
-0.416791
-0.160070
-0.737602
-0.528184
0.146214
-0.462691
-0.688589
0.598804
0.372600
0.749565
0.628040
0.932920
0.547777
-0.591540
-0.621326
-0.070894
0.410932
-0.590686
-0.095798
0.299539
0.891049
-0.371319
0.218360
0.307169
0.699087
-0.366619
0.393902
0.741813
-0.870418
0.375896
0.279031
0.836421
0.252846
-0.637623
0.542894
0.228431
0.413312
0.177404
-0.020539
0.109775
-0.277871
0.226417
-0.398358
-0.032807
0.471725
-0.666982
0.489486
0.984924
0.562487
-0.957884
0.518540
0.718925
-0.247780
0.552599
-0.248390
-0.160802
0.786920
-0.353191
-0.125095
0.705313
0.368816
0.223365
-0.801996
0.175512
0.863704
-0.685659
-0.212256
0.900632
0.507370
0.189062
-0.322611
0.601550
-0.398480
-0.619251
-0.216041
0.734916
0.078585
0.482589
0.758171
0.824213
-0.188391
