0.715079
-0.746574
0.911069
0.890194
0.126988
-0.721305
0.539964
0.294961
0.262246
0.007660
0.718497
0.379009
0.879086
-0.956053
-0.684072
-0.112339
0.600635
-0.162206
-0.450850
-0.257912
-0.190405
-0.781549
0.850764
0.696768
0.964904
-0.954100
0.804376
-0.904172
0.289834
-0.052644
-0.985290
-0.662648
0.851924
0.152989
-0.746696
-0.539476
0.111301
0.327799
-0.191259
-0.801569
0.676565
-0.688772
-0.793695
-0.895260
0.756890
0.683340
-0.977599
0.500656
0.176122
-0.274514
0.527085
-0.979675
-0.368999
-0.553148
-0.077120
0.964171
0.600513
-0.232887
-0.913877
-0.271035
0.580432
0.639943
-0.542711
0.230323
0.550951
0.386944
-0.378033
0.309671
0.977905
0.073519
0.925779
0.834101
0.666189
-0.468856
0.712333
-0.268410
0.115024
0.017609
-0.069002
-0.643178
-0.696219
-0.030854
0.312601
0.342875
0.209510
0.868160
0.841792
-0.012848
0.429731
-0.633778
0.404828
0.528977
-0.438887
-0.367351
0.595630
0.266335
-0.161779
0.164342
0.815424
0.880123
0.973449
0.969115
-0.109653
-0.512070
0.570605
0.280129
0.685293
0.956236
-0.441511
-0.258705
0.634571
0.015961
0.601062
0.707450
-0.760979
-0.280923
0.161473
0.095370
-0.813288
-0.505295
-0.573717
0.367168
-0.254677
-0.489914
0.256142
-0.388043
0.363689
0.360576
0.054720
-0.209632
-0.829890
0.589831
-0.853328
-0.612903
-0.729118
0.705252
-0.799432
0.705618
0.431379
0.584521
0.276467
-0.006378
-0.855708
0.731864
0.681936
0.589282
-0.978942
-0.704520
-0.770623
-0.544359
0.897580
0.894162
-0.725761
0.816950
-0.797235
0.688162
0.808161
0.836970
-0.954955
-0.657460
0.571032
0.703421
-0.791253
-0.029328
-0.387799
-0.903439
0.584033
-0.104709
0.829157
0.726554
0.589404
0.663015
-0.733390
-0.733757
-0.078280
0.644704
0.169591
-0.797967
0.210608
-0.457930
0.187963
0.276894
-0.859066
0.319987
-0.367718
0.582018
0.234718
-0.111911
0.094211
-0.530076
-0.811518
-0.326518
0.070223
-0.493393
-0.259682
0.574633
0.964782
0.594714
-0.849300
0.116550
-0.854427
0.598987
0.946959
0.674368
-0.563097
0.612293
0.951109
0.452132
0.145482
0.515976
0.226722
-0.346660
0.765740
-0.586352
0.064364
0.739921
0.466414
-0.088290
0.073519
-0.587817
-0.679373
-0.557176
0.848506
-0.851924
0.200598
-0.428388
0.066012
-0.947020
0.753410
-0.917722
-0.445967
-0.272683
-0.484603
0.652760
0.279397
-0.256630
0.092013
0.834773
-0.430464
-0.162633
0.927000
0.558214
0.082919
-0.007843
0.241615
-0.342998
-0.852351
0.043306
-0.032991
-0.458907
0.787408
0.930357
0.129551
-0.283853
0.086276
-0.027009
-0.009919
0.699576
0.237037
-0.721244
0.561022
0.310831
-0.123325
-0.147923
0.515427
-0.528855
-0.607898
-0.471053
0.197913
-0.242103
-0.332316
0.212622
0.754509
0.512192
-0.023225
0.034761
0.732963
0.248878
-0.340556
0.230323
-0.049715
-0.483261
-0.727287
-0.165441
0.028047
0.133152
-0.038301
-0.338786
0.487167
-0.434492
0.261452
0.667470
-0.504135
0.264504
-0.759453
0.666311
0.933714
-0.642811
-0.065767
0.898190
0.982421
0.349345
0.088900
-0.456160
0.817560
0.961425
0.613269
0.905393
0.989441
0.093234
0.908078
-0.397687
0.119175
-0.650807
0.003204
0.723869
-0.229163
0.430464
0.149815
-0.880306
0.660939
0.461653
-0.545518
0.199927
-0.935789
-0.862423
0.815363
-0.267312
0.842708
-0.648122
0.851314
0.315470
-0.203162
-0.760430
0.339946
0.620838
-0.994934
0.115207
-0.209449
-0.642323
-0.434004
-0.474715
0.353191
0.868648
-0.858455
-0.160375
0.993164
0.769158
0.290262
-0.367595
-0.150243
0.482040
-0.065706
0.275674
0.644642
0.180273
0.386273
0.451033
0.185583
-0.005829
0.820307
-0.835505
-0.724601
-0.415204
0.394757
-0.115513
0.603687
-0.069002
0.324870
-0.385052
-0.376751
-0.101108
0.132847
-0.589404
0.709952
-0.772759
-0.685171
0.540696
0.557176
-0.943052
0.803278
0.325419
-0.615284
0.857479
0.119907
0.962401
0.111362
-0.901242
-0.401898
0.638783
-0.383953
-0.613269
0.617115
-0.347453
0.790338
-0.906796
0.554552
-0.937010
0.643300
0.020661
-0.760308
-0.829463
0.821345
-0.229835
-0.807855
0.699087
0.403241
-0.112583
-0.394086
-0.760613
-0.503891
0.077975
0.396466
-0.983581
-0.894894
0.090426
-0.003937
-0.780755
0.306314
0.080844
-0.643422
-0.265236
-0.253090
-0.214331
-0.376263
-0.029084
-0.128452
-0.969237
0.352947
-0.523362
0.695730
0.148839
0.990112
-0.974303
0.013703
-0.107944
0.671682
-0.287210
0.045442
0.437788
-0.235267
-0.165624
0.732841
-0.974059
0.077242
-0.178014
0.630970
0.202429
-0.018159
0.231910
-0.695059
-0.992248
0.681265
-0.113498
0.359233
0.352031
0.348552
-0.692312
-0.192236
-0.488327
-0.614185
0.285440
-0.513840
0.596973
-0.963561
0.198218
-0.764641
-0.496384
0.449812
0.019257
-0.469588
0.132359
0.443037
0.926389
-0.106662
-0.201575
-0.513535
-0.496994
-0.026826
-0.809381
0.499252
0.353313
-0.143895
0.336833
-0.986877
-0.095431
-0.942930
0.010407
-0.660756
0.567064
-0.761834
0.527940
-0.896603
-0.024689
0.078463
-0.607532
0.391278
-0.831660
-0.216834
0.085482
-0.959899
0.631153
0.632984
-0.402936
-0.260781
-0.097629
-0.548875
-0.269997
0.549974
-0.597400
-0.802606
-0.281716
0.028779
-0.768181
-0.063265
0.791498
0.305521
0.982910
0.329875
0.818903
0.084628
-0.390484
0.996338
-0.889340
0.103488
-0.694143
-0.639393
-0.588427
-0.387860
0.590442
0.264626
0.169530
-0.668569
0.606494
-0.359661
-0.328227
0.357646
-0.278237
-0.435347
-0.272805
0.868709
-0.889889
-0.701956
0.363872
0.075716
-0.286843
0.126865
-0.383343
-0.047456
-0.115635
-0.410993
-0.784967
-0.564440
0.438459
0.233924
-0.051057
-0.158238
0.335063
-0.044832
0.750053
0.120151
-0.031831
-0.278970
0.688711
0.348003
0.052461
0.482711
0.037263
0.469893
-0.174047
0.525071
0.307352
-0.222694
-0.462630
0.139317
-0.272317
-0.762017
-0.034272
0.905454
0.495773
-0.273904
0.793085
0.984985
-0.094333
-0.641591
0.043489
0.700858
0.972289
0.658071
0.565294
-0.348369
-0.889523
-0.784783
-0.978454
0.226722
-0.004913
-0.084201
-0.099277
0.455489
-0.395123
0.901730
0.653310
0.967528
0.573168
0.249855
0.977905
0.688833
0.744743
-0.205542
0.657216
-0.456221
-0.498642
0.908383
0.768670
-0.550035
-0.030061
0.092929
0.345256
-0.110752
-0.522263
0.993408
0.790094
0.018036
0.721793
-0.273721
0.511704
0.069674
-0.596484
0.353008
0.646901
-0.762566
-0.441633
-0.604846
0.856075
-0.251076
-0.352153
0.943052
0.842830
0.092563
0.927000
0.479720
0.625477
-0.099521
0.075594
0.852779
-0.562731
-0.571764
-0.086093
-0.125401
0.877438
0.788934
-0.821589
0.643117
-0.209143
0.579882
-0.132420
0.168249
-0.386700
0.410749
-0.889706
-0.670827
-0.585742
0.666555
-0.340373
0.049715
-0.470077
0.847591
0.466781
-0.248878
0.686941
0.051729
0.604236
-0.359539
-0.491928
-0.948851
-0.242836
-0.538316
0.091342
-0.311869
-0.035981
0.291787
0.403729
-0.162023
-0.378277
0.694998
0.830805
-0.846919
-0.796197
0.809320
0.224830
0.847285
0.766839
-0.793756
-0.681936
0.207190
0.255837
0.056246
-0.709220
0.517258
-0.896908
0.993835
0.531114
0.589892
0.516648
-0.775323
-0.569811
-0.885372
0.326395
-0.586901
0.045015
-0.279946
0.467330
-0.258583
0.946348
0.304483
0.445845
-0.163915
0.563829
0.987732
0.268593
0.714286
-0.021149
-0.589709
-0.099643
0.842097
-0.756951
0.497665
0.712394
-0.073824
0.667104
-0.598987
0.630360
0.803217
-0.205664
-0.871578
-0.106967
0.773247
-0.446333
0.356792
-0.825983
-0.910154
0.770867
-0.179785
0.422773
0.435957
-0.634571
-0.625599
0.340800
-0.162389
0.452010
-0.456709
-0.547716
-0.113742
0.872494
0.427961
-0.998779
-0.517685
0.930601
-0.595752
-0.825556
0.800958
-0.043855
-0.521409
-0.250465
-0.554491
0.514573
-0.473128
-0.252663
0.639821
0.672964
0.384198
-0.239051
0.812983
0.659291
0.149510
-0.397137
0.293069
-0.802240
0.283425
-0.047212
-0.440229
0.358806
0.761345
-0.955138
-0.739067
0.462508
0.777947
0.745598
0.886532
-0.650502
-0.262612
0.177465
-0.066744
0.708365
-0.205359
-0.561876
0.844478
0.847835
-0.687124
-0.231422
0.746330
-0.894894
-0.027009
0.297647
0.368633
0.436201
0.201880
-0.033845
0.841731
0.484848
0.386151
0.345195
0.766472
-0.030915
0.062349
0.137730
-0.777154
0.263649
0.640126
0.076937
0.550218
0.264504
-0.689688
0.321390
0.727226
-0.078524
0.870724
0.250282
-0.071810
-0.581469
0.442366
0.051119
0.161229
-0.088595
0.954711
-0.219825
0.285623
-0.539476
0.487716
0.297220
-0.984191
0.369427
0.438276
-0.276406
-0.602466
0.510971
-0.557237
0.758415
0.477035
-0.003754
-0.370342
-0.095920
0.776482
-0.297342
0.029267
-0.510788
-0.385479
0.132298
0.607410
-0.833247
-0.856868
0.155919
0.675161
0.068819
-0.499863
-0.525437
0.679495
-0.142430
-0.363567
-0.743339
-0.075350
0.613575
-0.675771
-0.028779
-0.884396
-0.983520
-0.516892
-0.207434
0.696524
0.620045
0.377422
0.062288
-0.244606
0.640431
0.528733
-0.926634
0.987243
-0.659536
-0.185461
-0.226478
0.767937
-0.846248
-0.991638
0.963500
-0.125278
-0.513535
0.532884
0.296365
0.565600
-0.430036
0.943724
0.336222
-0.225135
0.073397
0.047884
0.561022
0.320231
-0.060335
-0.465804
-0.304849
0.950621
0.755486
-0.569445
-0.062777
0.359783
-0.436262
0.577013
0.107639
0.360576
0.567614
0.059969
0.093966
0.846187
-0.449324
0.379376
0.055879
-0.566637
0.774163
0.491440
-0.931394
0.593860
-0.301492
0.011505
-0.536607
-0.228919
0.222938
0.642323
-0.931333
-0.752434
-0.735221
0.450850
0.500473
-0.900204
-0.370647
-0.083712
0.489303
-0.091220
0.423750
0.992676
-0.159886
-0.848079
-0.502853
0.576952
-0.036348
0.238990
0.263710
0.449263
-0.396588
-0.269387
-0.827326
0.782464
-0.184484
0.971313
-0.481429
-0.603442
-0.474654
-0.048006
-0.190100
0.537828
-0.176366
-0.500656
0.249794
-0.982116
-0.445723
0.396405
-0.874752
0.198828
0.650441
-0.284341
-0.434797
0.826899
0.220069
0.663869
0.318339
-0.158544
-0.805963
0.199622
0.372539
-0.281655
-0.432417
0.623218
0.565355
-0.083529
0.334941
-0.486984
0.797540
0.211280
0.681814
0.568957
-0.730644
0.708914
-0.106052
0.343730
0.741142
0.619922
-0.463790
0.142613
0.613636
0.820490
-0.774407
-0.726737
-0.140660
-0.374798
-0.053255
-0.246681
-0.160192
-0.515793
0.940001
0.216346
0.243751
-0.927061
-0.223731
0.146031
0.697928
-0.923887
0.303140
0.328227
0.164830
0.548204
-0.080111
0.326823
0.807306
0.095309
0.999512
-0.445173
0.730583
0.541429
-0.882504
0.191992
-0.781121
0.551500
-0.323527
-0.082125
0.046297
-0.874203
-0.103488
0.085238
0.817743
-0.317911
0.529466
-0.644398
0.740410
0.704154
-0.185217
0.618580
0.734245
0.911069
0.721122
0.270241
0.825556
0.156285
0.223548
0.916990
0.464278
0.027375
-0.390790
-0.129429
-0.853450
-0.392987
-0.092135
-0.268838
0.645314
-0.587268
-0.207251
0.854671
0.797845
-0.685537
0.455611
0.784417
0.941832
0.389325
-0.404584
-0.617176
-0.430403
-0.392682
0.607898
0.395917
-0.411786
-0.338786
-0.451216
0.286416
0.219764
0.654469
0.403363
-0.499557
0.489242
-0.245766
-0.437056
0.257973
-0.752678
-0.255776
-0.403912
-0.168126
-0.892636
-0.363384
-0.956175
0.940062
-0.336772
0.694937
-0.223487
-0.400983
-0.297952
-0.455428
0.192480
-0.177648
0.783258
-0.304178
-0.581835
-0.419782
0.141636
-0.274087
-0.381634
-0.039216
0.298074
0.671316
-0.023530
-0.369304
-0.382977
0.197424
0.698416
0.814447
0.372295
0.822748
0.671377
-0.911802
-0.113559
0.254067
-0.700797
0.780633
-0.677358
0.762017
0.761284
-0.815729
-0.274697
0.864925
0.167272
-0.592029
0.841731
-0.071383
0.214820
0.716727
-0.159581
0.734611
-0.896725
0.473983
0.790155
0.766778
0.204138
0.564745
-0.965758
-0.872738
0.018097
-0.252541
0.098972
-0.696036
0.363445
0.747917
0.829890
-0.013459
-0.991516
0.741142
-0.027314
-0.427229
0.366008
0.663747
0.051668
-0.467513
0.705741
-0.801508
0.339640
-0.108737
-0.463424
-0.001679
0.409040
0.127171
-0.484603
0.129856
-0.823847
-0.247597
0.689688
-0.054415
-0.887387
0.204566
-0.076449
0.711966
-0.197180
-0.983764
0.627125
0.575732
0.485580
-0.257973
-0.115635
0.379681
0.579028
-0.532945
0.274758
-0.967162
-0.163366
-0.768487
-0.344584
0.983947
-0.113987
-0.759392
0.339763
-0.948057
0.976684
0.938169
-0.482589
-0.144078
-0.454634
-0.624439
-0.894955
0.275491
0.061495
0.800897
0.693350
0.495102
-0.449629
0.047761
-0.213172
0.491562
0.578967
0.569323
-0.272500
-0.309977
0.984069
-0.225257
-0.436323
-0.266091
-0.310404
0.383221
-0.217383
-0.017304
0.078402
0.610706
-0.117405
0.823298
0.800226
-0.092074
0.929991
-0.565477
-0.624866
0.440229
0.112888
-0.179662
0.836177
0.054537
-0.346538
0.266152
-0.280496
0.804437
-0.366131
0.889340
0.186865
0.235878
-0.602710
-0.073702
-0.593860
0.986755
-0.392193
-0.896970
-0.913572
-0.087924
-0.053682
0.716544
-0.091586
0.621204
0.440107
-0.090487
-0.881344
0.478561
0.342021
-0.262734
0.771233
-0.883297
-0.929075
-0.674917
-0.940672
-0.909726
-0.684744
0.906186
-0.862972
0.196387
-0.149144
-0.875301
-0.374493
0.428999
0.651479
0.577013
0.037935
0.124424
-0.762871
-0.636586
0.378155
-0.165502
0.084445
-0.118686
-0.281411
-0.628407
0.582324
0.645314
-0.024262
-0.959227
-0.896298
0.472274
0.544603
-0.633900
0.196692
-0.315104
-0.955931
0.437117
0.843989
0.499374
0.703970
-0.071017
-0.950072
-0.381451
-0.848140
0.721244
0.996216
-0.238624
-0.232521
0.412580
0.884213
0.546800
0.042024
0.728568
-0.127964
-0.745903
-0.067904
-0.085360
-0.599109
0.537950
-0.282510
-0.464217
-0.678701
0.352031
-0.305277
0.129612
-0.814447
-0.637928
-0.624866
-0.921995
-0.284219
-0.830683
0.574145
0.474715
0.270852
-0.168188
-0.659169
-0.665212
-0.138524
0.091037
0.682180
-0.954100
-0.212928
0.060945
0.766594
-0.956359
-0.375958
-0.293558
0.147618
-0.543748
0.765557
0.791009
-0.642018
-0.429548
-0.519761
-0.816034
-0.254616
0.104526
0.357402
0.256935
0.783929
0.215613
-0.697012
0.023225
0.223853
-0.562365
-0.963500
0.110996
0.756401
0.000641
-0.657765
0.096103
-0.675466
-0.883358
-0.425703
-0.421674
-0.084689
0.029878
-0.864193
0.258095
0.102451
0.742851
-0.945921
0.225623
0.521409
0.903317
0.425520
-0.026582
0.724357
-0.161351
0.433943
0.758293
0.574572
0.417280
-0.178808
-0.445601
-0.166723
0.906674
-0.587451
-0.611011
-0.490524
-0.374371
-0.090121
0.040925
0.138218
0.372723
0.234718
-0.653066
0.068880
-0.498154
-0.555345
0.681570
-0.067537
-0.213355
0.014435
0.753166
-0.569933
0.838801
0.580493
-0.635792
0.284646
0.027985
0.990722
0.697134
0.416852
-0.019990
0.486007
0.809198
0.309977
-0.850398
0.244667
-0.816401
-0.639760
-0.734001
-0.428877
0.510056
-0.644093
-0.581408
0.602588
-0.760796
0.760857
0.429975
-0.388775
0.826472
-0.848262
-0.730338
-0.861812
-0.916746
0.163854
-0.783990
-0.078280
-0.019868
0.750664
0.004181
-0.250649
-0.713553
0.410993
-0.911985
0.706839
-0.828425
-0.847102
0.246132
0.269631
-0.675832
-0.532212
0.211463
0.221473
-0.484237
0.214881
-0.378704
0.990905
-0.912473
-0.910398
0.077975
0.393048
-0.123508
0.364849
0.688955
-0.551866
-0.096164
0.482650
-0.265481
0.278176
0.573534
-0.778497
-0.025971
0.830561
-0.428816
-0.608570
-0.243385
0.310282
-0.698294
0.137425
-0.337016
-0.553087
-0.022614
-0.129185
-0.160070
-0.737602
-0.149876
-0.969604
-0.462691
-0.732353
0.598804
0.954039
0.749565
0.317301
0.965697
-0.628407
-0.860836
0.700980
0.206336
-0.699087
-0.276894
0.070040
0.772210
-0.181372
-0.459517
0.218360
0.773064
-0.741630
-0.366619
0.661489
0.741813
-0.076205
0.247108
0.279031
0.747002
0.252846
-0.637623
-0.916623
0.228431
0.413312
-0.149632
0.288980
0.711051
0.198462
0.226417
-0.398358
-0.696707
-0.433271
0.905454
0.489486
0.565477
0.562487
-0.957884
-0.862362
0.718925
-0.247780
0.552599
-0.248390
-0.160802
-0.890744
-0.353191
-0.125095
0.818415
0.368816
0.223365
0.102756
0.175512
-0.462630
-0.876339
-0.434736
-0.237159
0.842952
0.722282
-0.275979
0.601550
-0.592761
0.288919
0.448714
0.192480
0.078585
0.482589
0.769951
-0.191198
-0.226295
