-0.823725
-0.885311
-0.138340
-0.070162
-0.272011
-0.484115
0.265603
-0.780206
0.515305
-0.838313
-0.787042
-0.793695
-0.559862
-0.559191
0.331889
0.700308
0.669057
-0.309854
-0.788629
0.132786
-0.131016
0.753716
-0.581652
-0.601306
0.989807
0.699698
0.389996
-0.002716
0.061129
-0.827021
-0.470321
-0.791559
-0.646168
-0.455855
-0.749077
-0.404828
0.122776
0.138035
0.073946
0.168920
0.649525
-0.648305
0.775811
-0.246498
-0.645741
-0.684133
-0.827754
0.621815
-0.298868
-0.011383
-0.181494
-0.936705
0.961364
-0.796014
-0.021332
-0.029878
-0.929014
0.826106
-0.963134
0.073946
0.915525
0.382855
-0.178014
-0.124485
0.442915
-0.834346
0.452620
-0.311014
0.657826
-0.032014
0.308634
-0.739921
0.938414
-0.849116
-0.756706
-0.351604
-0.904599
-0.248024
0.943113
-0.569018
0.538255
0.738090
-0.334452
0.159398
-0.075838
-0.763726
0.367779
0.780816
-0.963439
-0.173070
-0.656789
0.647816
0.015107
0.895260
0.564074
0.355266
0.208472
0.366619
-0.076937
-0.894162
-0.411908
-0.817133
0.973754
-0.966674
-0.175817
-0.922361
-0.095248
-0.678091
-0.404035
-0.840022
-0.408734
-0.747612
0.542344
-0.062166
-0.705191
0.319620
-0.251015
-0.174291
0.825190
-0.281838
-0.602832
-0.900815
0.384198
0.391400
-0.819269
-0.055147
0.953063
0.932737
-0.034516
0.790643
0.347148
-0.109592
0.951476
0.352214
-0.691031
0.752861
-0.068880
0.020295
0.149632
-0.195715
-0.963622
-0.134007
0.475631
0.356731
0.551378
-0.552171
-0.796808
0.579760
-0.573656
0.090182
-0.307901
-0.535386
0.045686
-0.744194
-0.368633
0.061739
0.949095
0.736320
-0.557237
0.009857
0.727226
-0.297647
0.379742
-0.188879
-0.440779
-0.428510
0.666311
0.737907
-0.877987
-0.391156
0.076510
0.837825
0.795099
0.775018
-0.356304
0.479293
-0.225806
0.408490
-0.729972
-0.960814
-0.948302
-0.331645
-0.070650
-0.436750
-0.951231
-0.141514
-0.985046
-0.484848
0.524033
0.460616
0.169591
-0.085055
-0.555406
0.174474
-0.869137
-0.189611
0.049593
0.162450
0.778497
0.020966
-0.423017
-0.694632
-0.833003
-0.364666
0.666860
0.278115
0.845393
0.356487
-0.719352
-0.077548
-0.225990
0.811762
0.266213
0.685781
-0.287454
-0.158910
0.068758
-0.048128
-0.520920
0.535508
0.349406
-0.267678
0.870785
-0.681936
-0.064974
-0.764702
0.510605
-0.357158
-0.240883
-0.126621
0.357097
0.195593
0.204077
0.965575
0.076876
0.496445
0.119480
0.985046
-0.415143
-0.176061
-0.642506
0.595264
-0.765191
-0.645863
-0.192236
-0.242836
-0.380352
0.021638
0.417402
-0.999207
0.972533
0.740043
0.989380
0.739799
-0.236488
0.978210
-0.367901
0.234107
-0.665822
0.345256
0.566759
0.257057
0.690237
0.929563
-0.567858
0.885739
0.871517
-0.635731
-0.943297
-0.000153
-0.407147
-0.316996
0.423994
-0.169652
0.543260
0.430586
-0.065035
-0.883541
0.884335
0.816645
-0.298990
-0.198889
0.818171
-0.678152
0.840999
0.294839
0.024812
-0.921506
-0.919919
0.132969
-0.728385
0.227393
0.464461
-0.637196
-0.780267
-0.662526
0.038911
-0.813349
0.193945
-0.734428
-0.506394
0.852412
0.473556
0.413862
0.174963
0.480941
-0.613147
0.381756
-0.850948
-0.067049
0.493271
-0.021577
0.744865
-0.461653
-0.756340
0.611194
0.755669
-0.324137
-0.597888
0.606494
0.416181
-0.658376
0.573290
0.699454
-0.358989
0.591418
-0.694266
-0.473983
0.862117
-0.941527
-0.915342
0.748405
-0.325968
-0.449080
-0.956542
-0.810114
0.621204
0.687368
-0.667226
-0.017731
0.743583
0.166784
-0.593860
-0.451827
-0.961791
0.391339
0.139866
0.575793
0.382183
-0.951598
0.130039
0.803217
-0.849361
-0.849116
0.638295
-0.267434
0.129917
0.711112
0.703726
-0.058321
-0.989135
0.598376
-0.224769
0.076632
-0.587329
0.039399
-0.932127
0.134251
0.764092
-0.727103
0.191198
-0.706534
-0.627918
-0.573473
-0.766289
0.534410
-0.319010
0.310587
-0.057649
0.635853
-0.019379
-0.292337
0.153356
0.968078
0.219398
0.723258
-0.035188
0.970885
-0.923826
-0.368145
-0.846553
-0.252358
-0.036287
-0.001312
-0.580920
-0.847468
-0.028291
-0.753899
-0.024384
-0.609119
0.422163
0.343852
0.682730
-0.658559
0.333842
-0.230567
0.614795
-0.796747
0.052767
0.702017
-0.404462
0.899045
-0.333232
0.434553
-0.430219
0.301920
-0.421430
0.476302
0.515061
0.061617
0.730888
-0.608753
0.872677
-0.836726
0.404340
0.005951
-0.805902
-0.900327
0.914609
0.261940
0.480941
-0.178869
-0.516831
0.082125
-0.142186
-0.790094
0.610218
-0.964843
0.762139
-0.323588
0.577136
-0.727958
-0.647572
-0.142491
-0.370281
-0.707572
-0.851009
-0.371380
0.069063
0.610340
0.620716
0.460005
0.254433
0.540880
-0.149998
-0.841548
-0.043428
0.855098
-0.809626
0.487045
0.060579
0.948424
-0.365886
-0.090854
0.438948
0.561144
-0.262062
-0.696341
-0.269448
-0.904965
0.928831
0.063692
-0.876644
0.605274
0.724357
0.991882
0.865902
-0.847652
-0.997253
-0.616688
-0.020173
0.551683
0.540086
-0.563463
-0.592212
0.250282
-0.258461
0.816828
0.607837
-0.714713
-0.753716
-0.845454
-0.437178
0.257179
-0.823359
0.373394
-0.257851
0.920896
-0.049837
0.923093
-0.551195
-0.032075
-0.080416
0.880612
-0.202246
0.115146
0.107578
0.823298
-0.623829
-0.937254
-0.531724
-0.375103
-0.873470
-0.950499
0.138218
0.633900
-0.463973
0.588061
-0.132786
0.516343
-0.931944
0.098239
-0.866878
-0.371807
0.943297
-0.974609
-0.006134
0.281289
-0.784173
0.832148
0.800226
0.968810
-0.206885
-0.406171
0.731498
0.970641
-0.541063
-0.288675
-0.928709
0.045808
0.648610
-0.727653
0.042329
0.700735
-0.665151
0.274880
0.370586
-0.564684
-0.785760
-0.944395
0.906247
0.368999
-0.898556
-0.902097
-0.492355
0.385784
0.456465
-0.672231
0.927549
0.307047
0.783074
0.993408
-0.113865
-0.348430
0.971923
-0.186926
-0.776849
0.261086
0.289468
0.246498
0.963256
0.233131
-0.516831
0.553087
0.192358
0.767937
-0.080172
0.962584
0.652211
-0.380963
0.574389
0.187475
-0.946043
-0.729972
-0.096042
-0.561144
-0.325968
0.857356
-0.687307
-0.956053
0.686575
0.976440
0.422468
0.803949
0.436750
-0.387249
0.616443
0.757317
-0.210303
0.180334
0.163854
0.941465
-0.093783
0.703116
-0.831355
-0.028474
-0.224769
0.018342
0.838435
0.327921
-0.270852
0.411176
-0.868709
-0.586413
-0.657033
0.269265
0.547288
0.539293
-0.887448
0.364971
0.369976
0.619861
0.631275
-0.621021
0.635426
0.774285
-0.587207
-0.309000
-0.298196
0.265114
-0.861446
-0.292398
0.378460
0.549608
0.639821
-0.927122
0.738334
-0.644093
0.261086
-0.841487
-0.504013
-0.116367
-0.463607
-0.317057
0.540452
0.441206
0.881710
0.469466
0.027009
0.308084
-0.176855
-0.007416
0.564562
0.447615
0.114170
0.840754
-0.590014
-0.410138
0.896908
-0.284158
-0.004791
0.290139
0.289834
-0.268288
-0.974425
0.577746
-0.752739
-0.381268
0.480697
0.279214
0.717277
-0.185339
-0.307596
-0.370830
-0.468917
0.446455
-0.039460
0.809442
0.004303
0.444319
0.842158
0.558763
0.893185
-0.059175
-0.147618
-0.344218
0.725517
-0.551317
-0.335124
0.995056
0.794733
-0.099277
-0.863338
0.653005
0.701895
0.325541
-0.039399
0.880490
-0.947569
0.996765
0.751335
-0.900876
0.639882
-0.603565
0.151769
0.427595
-0.026887
-0.931700
0.243934
-0.614368
-0.867672
0.034761
0.530503
0.552416
0.598865
-0.294778
0.916807
-0.423078
0.539476
-0.575915
0.656423
0.946471
-0.402570
0.649709
0.611988
-0.509140
0.321512
0.039094
-0.645802
0.008087
0.916257
0.407880
-0.806574
-0.873836
0.716666
0.808588
-0.039460
-0.062105
-0.443525
0.332804
0.438765
-0.360271
-0.349284
-0.531297
-0.472945
-0.121128
-0.364483
-0.928892
-0.511521
-0.979553
-0.195654
-0.633106
-0.232215
-0.622059
-0.108737
0.620899
-0.438826
0.108127
-0.554674
-0.266823
-0.670156
0.339152
-0.473678
-0.009796
0.232337
0.246803
-0.128880
0.433882
0.257485
0.186254
-0.815485
-0.673757
-0.277261
0.070162
0.211463
0.598560
-0.727165
0.819880
0.426069
0.546434
0.589892
-0.338176
-0.156407
-0.692740
-0.520981
-0.923521
0.358745
0.358928
-0.457869
-0.119480
-0.103793
0.610096
-0.866756
-0.238014
-0.246681
-0.137852
0.174291
0.018586
-0.902158
0.484176
-0.237281
0.853145
-0.127720
-0.330546
-0.717399
0.734001
-0.759575
0.494797
0.521653
0.092685
-0.183630
-0.875790
-0.325541
-0.250587
-0.642140
-0.826167
0.168310
-0.818903
-0.970336
-0.622547
0.500961
-0.846553
0.656606
-0.823969
0.975219
0.858272
0.121311
0.044404
-0.896786
-0.631520
-0.593799
-0.401227
0.273782
-0.336222
0.130650
0.494552
-0.987487
0.567675
0.154149
-0.134129
-0.322611
-0.880795
0.484909
-0.186926
0.226905
-0.079867
-0.777581
0.330790
0.443709
0.292581
0.815119
-0.912473
-0.686514
0.657582
0.213843
0.990478
-0.886715
-0.060579
-0.887570
-0.939634
0.486984
-0.008393
-0.842830
0.892392
0.245949
-0.832148
-0.264138
-0.293924
-0.360210
0.996094
-0.176428
-0.513901
0.458052
-0.932127
0.746391
0.155858
-0.758843
-0.824458
0.248756
0.504074
-0.381329
0.482223
-0.182531
0.371197
0.473251
0.853694
0.065828
-0.831477
-0.215735
-0.999634
0.078158
-0.753716
0.153539
0.846492
0.218299
0.164037
0.961913
0.111728
-0.665639
0.454085
0.776727
0.993408
-0.898679
0.384381
-0.859676
0.173193
0.409955
-0.898984
-0.768365
0.135716
0.269021
0.985717
-0.336955
0.626637
-0.976928
-0.145421
0.461653
0.679189
0.095492
0.917112
0.761223
-0.629688
0.936522
-0.218665
0.407392
-0.488083
-0.846492
-0.961852
-0.907651
-0.741508
0.313089
0.534227
0.275979
0.135289
0.103549
-0.285684
0.811274
0.360149
-0.175817
-0.297159
0.767571
0.860286
0.487167
-0.608509
-0.348857
-0.456709
-0.576586
-0.602771
-0.131748
-0.556444
0.395367
-0.204810
0.938108
-0.732536
-0.516831
-0.220985
0.764397
-0.106662
0.844356
0.023591
0.055696
0.657949
-0.499863
-0.701163
-0.181188
-0.239906
0.684256
-0.938719
-0.890439
0.459151
0.157994
-0.081881
0.814203
-0.044282
0.998901
-0.561937
0.296548
-0.902951
0.373577
0.982788
-0.617664
0.617481
0.773492
-0.933470
-0.663930
0.900998
-0.719901
0.799982
-0.594104
-0.692740
0.221656
0.988769
0.981750
0.309977
0.142125
-0.490036
0.077670
-0.359050
0.671926
-0.985656
-0.121372
0.719962
-0.907834
0.217383
0.594165
-0.914365
-0.051119
0.755058
-0.279214
-0.693289
0.684561
-0.961974
0.904904
0.582873
-0.736808
0.905026
0.246742
0.217017
-0.443648
0.232521
-0.027802
0.909238
0.608997
0.794183
-0.645314
-0.920530
0.266518
0.177709
0.000946
-0.736259
0.582812
0.576891
-0.772515
0.448164
0.488266
-0.709830
-0.669790
-0.509018
0.837275
0.602710
-0.228980
-0.535569
-0.980651
0.538255
0.995178
-0.217811
-0.233924
-0.204138
0.694815
-0.728202
-0.514634
-0.471419
-0.171178
0.095981
-0.817927
-0.322550
-0.243385
0.526109
-0.973083
-0.630299
0.867672
-0.152684
0.680898
0.209510
0.775384
-0.894528
-0.968200
0.186987
0.295816
0.174291
0.294290
-0.388165
0.171728
-0.939573
0.546678
-0.194922
-0.471541
-0.437605
0.418928
0.195288
-0.731864
0.186316
-0.317362
0.147435
0.535813
0.507981
0.233192
0.536546
0.611927
0.247658
-0.845576
0.841792
-0.409040
-0.475692
-0.261513
0.394574
-0.116672
-0.319010
-0.064364
-0.919309
0.145726
0.877316
-0.673757
-0.821955
0.292825
-0.491440
0.727775
0.984802
-0.902463
-0.251137
0.796503
0.508164
0.695425
0.221046
-0.261086
0.957945
0.361370
-0.227821
-0.851131
-0.480941
-0.390179
-0.192175
-0.402570
0.438826
-0.897580
-0.458541
0.154942
0.080050
0.212867
-0.005524
-0.917356
-0.127293
0.149022
-0.165929
0.995361
0.696890
0.829218
0.490036
-0.511338
0.652516
0.378094
0.185522
-0.392865
0.938292
0.834468
-0.391156
-0.726737
0.102634
0.688040
-0.841792
0.436689
-0.305460
0.958129
-0.631581
0.920164
0.271584
-0.048189
0.323527
-0.530259
0.200354
-0.515366
-0.894955
-0.201453
-0.446272
0.982849
0.895016
-0.036714
0.907651
0.488754
0.301431
-0.366314
-0.893063
-0.657949
-0.342265
-0.346171
-0.790460
0.659536
0.666799
-0.327799
0.403485
-0.355754
0.666982
0.549120
-0.106113
0.681326
0.969420
0.238624
0.460555
-0.869869
-0.567064
-0.977477
-0.273293
0.982788
0.428083
0.711966
-0.117405
-0.839228
0.627125
-0.234657
0.480453
0.260414
0.222633
-0.760552
-0.402875
-0.967345
0.551683
-0.441633
-0.766717
0.370281
-0.513413
-0.381085
-0.964660
0.466292
0.089450
0.371868
-0.747246
-0.058565
-0.482589
-0.705191
0.589953
0.976318
-0.139744
0.791864
0.763787
-0.450117
0.693350
0.829951
-0.945677
0.194800
0.513352
-0.172277
-0.906125
-0.680105
-0.262368
0.957457
0.304361
-0.456587
-0.309793
0.605579
-0.865780
0.383221
0.533738
-0.017304
0.444746
-0.267434
0.095431
-0.384198
-0.209876
-0.399274
-0.323222
0.311441
-0.573168
0.234657
-0.298929
0.757439
-0.285806
-0.351238
-0.660756
-0.789727
-0.068453
0.058931
-0.550279
0.039460
0.483810
-0.818476
-0.903745
-0.775628
-0.030549
0.714957
-0.368267
0.550279
0.444929
0.655507
0.770013
-0.802728
-0.091586
-0.750786
-0.141575
-0.394940
0.658010
-0.768792
0.314066
-0.077181
0.045320
-0.883297
-0.893857
0.888180
-0.205481
-0.164159
-0.532579
0.906186
0.429487
0.196387
-0.105991
-0.902707
0.203528
0.428999
-0.212622
-0.248024
-0.746818
-0.959532
-0.055696
0.811945
0.142613
-0.168859
-0.102634
-0.575426
-0.541551
-0.735038
-0.760613
0.897824
-0.204260
0.161840
0.797296
0.618885
-0.290017
0.115452
0.196692
0.775872
0.097140
-0.467635
-0.647023
-0.020600
0.557482
-0.344829
0.115085
0.314188
-0.587939
-0.997742
0.996216
-0.186499
-0.042390
-0.028108
0.663198
-0.875057
-0.433454
-0.141148
-0.955443
0.330119
-0.314615
-0.717521
0.418317
0.509812
0.439436
-0.073824
0.127781
-0.929563
0.360881
0.154210
0.870479
-0.137303
0.115757
0.629994
-0.043184
0.196142
0.282510
-0.339763
0.293802
0.242470
0.918882
0.940428
-0.080660
0.784051
0.682180
-0.335307
0.774529
0.928098
0.033540
-0.410260
-0.312662
-0.293558
0.365825
-0.561876
-0.442610
0.717399
0.428449
0.703604
-0.352641
-0.696463
-0.733818
-0.666005
-0.394696
-0.488144
0.169408
0.181860
-0.718986
-0.626392
0.609546
0.369976
0.394269
0.163854
0.436384
-0.290445
0.903378
-0.380108
-0.819086
0.807672
0.485153
0.616749
-0.742302
-0.407208
0.400311
-0.600269
-0.365459
-0.131077
0.574206
0.264931
0.561876
-0.684439
0.425520
-0.251198
0.724357
0.304544
-0.473556
0.944334
0.996277
0.902707
0.207862
-0.715323
-0.567980
0.197119
-0.314432
-0.012787
-0.421674
-0.799554
-0.334147
-0.715262
0.308573
-0.732719
0.032746
0.163121
-0.342448
-0.397137
0.639576
-0.756157
-0.828608
0.465804
0.279641
0.659291
0.333110
-0.745659
0.138585
-0.294412
0.584277
0.664113
0.854427
0.196692
0.641957
-0.003265
-0.918210
0.340373
0.779839
0.972777
-0.722037
0.064852
0.753166
-0.205969
0.791253
-0.456832
0.693594
0.638478
-0.190100
-0.760796
0.760857
0.593799
0.865230
0.421613
-0.848262
0.804010
0.745842
-0.553331
0.788385
-0.846919
-0.213965
-0.890255
-0.091952
-0.559374
0.030793
0.798761
0.410993
0.908811
-0.749870
-0.724479
0.543626
-0.870296
0.085116
0.325236
0.342265
0.672292
0.221473
-0.349651
-0.140904
-0.199744
-0.271096
-0.858150
0.403668
0.515427
0.223060
-0.973327
0.646168
-0.416669
-0.433271
-0.875973
-0.075167
0.883724
0.497848
0.865474
0.075961
-0.887204
-0.435041
0.111850
-0.831904
-0.884579
0.957518
0.414899
-0.649342
-0.328532
0.552416
-0.556932
-0.910154
-0.480758
0.808466
-0.528184
0.314859
0.704642
0.740654
0.598804
-0.586657
-0.193335
0.710318
0.650929
-0.565722
-0.860836
0.982910
-0.216407
0.447371
0.376690
-0.446699
0.552477
0.524583
-0.587024
-0.224586
-0.369366
0.748650
-0.366619
0.616688
0.434065
-0.051851
0.247108
0.297464
0.170263
-0.424421
0.675222
-0.988159
-0.761101
0.499435
0.239113
0.716666
-0.761101
-0.817560
0.226417
0.759392
-0.032807
0.771477
-0.666982
0.489486
0.203284
0.214637
0.833613
0.010346
0.103183
0.308573
0.680471
-0.025056
0.520676
-0.700247
-0.564806
-0.999695
0.016083
-0.259072
0.945860
-0.801996
-0.170385
0.368877
0.054842
-0.291787
0.900632
0.507370
-0.978576
-0.121921
-0.795221
0.020112
0.591845
-0.021577
0.829585
-0.776666
0.486862
0.773675
0.737663
-0.671987
0.715079
-0.746574
0.911069
0.890194
0.126988
-0.721305
0.539964
0.294961
-0.340129
-0.829463
-0.929991
0.379009
0.879086
-0.956053
0.080233
-0.112339
-0.443709
-0.162206
-0.450850
-0.257912
-0.190405
-0.781549
0.850764
0.634571
0.958312
-0.869137
0.142613
-0.904172
0.289834
0.784417
-0.997620
-0.756096
0.851924
0.152989
-0.746696
-0.539476
0.111301
0.327799
-0.191259
-0.801569
0.499374
0.827570
-0.872555
0.551744
0.756890
0.683340
-0.977599
-0.426984
0.176122
-0.274514
-0.623585
-0.997192
-0.368999
-0.553148
-0.077120
0.964171
0.600513
-0.232887
-0.913877
-0.271035
0.580432
0.494980
-0.542711
0.230323
-0.885067
0.386944
-0.378033
0.309671
0.767815
0.073519
0.373455
-0.584521
-0.344462
-0.468856
0.693899
-0.268410
0.558397
0.017609
-0.069002
-0.016266
0.806452
-0.030854
0.666433
0.342875
-0.166601
-0.411969
0.841792
-0.012848
-0.585314
-0.092685
0.744255
0.900632
-0.438887
-0.367351
0.214881
0.266335
-0.161779
0.164342
0.815424
0.880123
0.735099
-0.771905
-0.996216
-0.533372
-0.178686
0.280129
-0.783074
0.956236
-0.521043
-0.258705
0.634571
-0.522996
0.601062
0.707450
-0.760979
-0.280923
0.161473
0.293313
-0.813288
0.923032
0.316019
0.367168
-0.254677
-0.489914
0.256142
0.870785
0.363689
0.085238
-0.189489
-0.457686
-0.178198
0.079501
0.986938
-0.612903
-0.729118
0.705252
-0.799432
0.705618
0.431379
0.584521
0.182897
-0.006378
-0.855708
0.731864
0.681936
0.589282
-0.978942
0.352275
-0.031404
-0.544359
0.897580
0.894162
-0.725761
0.648061
-0.797235
-0.982604
0.808161
-0.470077
-0.954955
-0.657460
0.571032
0.703421
-0.063997
-0.029328
-0.387799
-0.499619
0.960265
-0.104709
0.829157
-0.411847
0.589404
0.663015
-0.733390
-0.733757
0.005097
0.644704
0.169591
-0.943297
0.210608
-0.527696
0.187963
0.276894
-0.859066
0.319987
-0.367718
0.582018
0.234718
-0.111911
0.094211
0.165380
-0.811518
0.733695
0.070223
-0.493393
-0.534959
-0.903989
-0.675649
0.594714
-0.849300
0.116550
-0.124668
0.598987
0.716483
0.674368
0.115452
0.612293
0.951109
0.452132
0.145482
0.515976
0.226722
-0.346660
0.765740
0.014679
0.064364
0.739921
0.466414
0.288980
0.073519
-0.360332
0.547899
-0.557176
0.848506
-0.851924
0.515610
-0.469649
-0.799738
-0.310404
0.110813
-0.917722
-0.445967
0.379986
-0.484603
0.652760
0.279397
0.289407
0.092013
0.834773
0.581103
-0.162633
-0.052950
0.558214
0.418500
-0.203833
0.241615
-0.342998
-0.852351
0.043306
-0.032991
-0.463424
0.787408
0.083834
0.129551
-0.283853
-0.682241
-0.234901
-0.009919
0.699576
0.815790
0.258950
0.561022
-0.182592
-0.129673
0.734733
0.515427
-0.354534
0.056612
-0.471053
0.197913
-0.242103
-0.332316
-0.254982
-0.419904
-0.966247
-0.023225
0.693167
0.732963
-0.310038
-0.479659
0.206885
-0.049715
-0.797418
-0.727287
-0.165441
-0.845882
0.600391
-0.038301
-0.338786
0.487167
-0.818110
0.261452
0.667470
-0.504135
-0.633290
0.422224
0.666311
-0.646840
-0.642811
-0.065767
0.898190
0.982421
0.349345
0.088900
0.329447
0.817560
0.961425
0.613269
0.905393
0.290567
0.093234
0.908078
-0.397687
0.119175
-0.261452
0.003204
0.851741
-0.229163
0.430464
-0.038972
-0.296060
0.660939
-0.188696
-0.545518
0.199927
-0.332926
-0.077181
0.815363
-0.814325
0.842708
-0.648122
0.851314
0.315470
-0.203162
0.651540
0.339946
0.099765
0.264565
0.115207
-0.209449
-0.642323
-0.497299
-0.474715
0.353191
-0.409772
-0.554369
-0.160375
0.993164
0.769158
0.924009
-0.040864
-0.150243
0.482040
-0.065706
0.275674
-0.945616
0.180273
0.386273
0.451033
0.185583
-0.005829
0.108005
-0.835505
-0.611866
0.137059
0.394757
0.689322
-0.820673
-0.591113
0.324870
-0.067904
0.193823
-0.101108
0.132847
-0.589404
0.709952
0.797723
-0.556505
-0.221229
-0.397748
-0.620960
-0.667348
0.291299
0.547960
0.857479
0.063448
-0.686270
-0.341044
0.119541
-0.653432
0.813044
-0.426923
0.686148
0.140049
-0.965270
-0.883358
-0.906796
-0.175634
-0.774957
-0.730277
0.006134
-0.759392
-0.331278
0.576647
-0.245033
-0.162511
0.597278
0.403241
-0.832148
-0.722465
0.613758
0.690786
0.398907
-0.805841
-0.983581
0.881832
0.578600
0.281838
-0.780755
0.169652
0.306986
-0.261269
-0.265236
-0.182897
0.873409
-0.376263
-0.029084
0.136937
0.299844
0.507553
0.770196
0.809931
-0.735771
0.156041
0.764824
0.013703
0.155370
-0.869869
0.779229
-0.282022
-0.098422
-0.193152
0.844111
0.732841
-0.525437
-0.872799
-0.496384
0.630970
0.202429
0.619190
-0.909177
-0.362651
-0.992248
-0.443342
0.948546
0.137181
0.352031
0.990539
0.522507
0.312479
-0.488327
0.162572
-0.248451
0.238990
0.640065
-0.281106
-0.852229
0.571520
-0.888058
0.449812
-0.037507
-0.691275
-0.455367
0.189978
-0.353374
-0.053560
0.088961
0.384136
0.138096
-0.440779
-0.814875
0.499252
-0.211585
-0.143895
-0.845576
-0.621021
0.336772
-0.942930
-0.672964
-0.235145
0.557848
0.374981
-0.104099
0.247658
0.145970
-0.215613
0.939634
0.023469
0.092929
-0.216834
0.085482
-0.708609
-0.479965
0.538499
-0.990905
-0.260781
0.537400
-0.995056
-0.269997
-0.919004
0.558885
-0.458541
-0.781854
-0.139866
-0.768181
-0.063265
0.399396
-0.786187
-0.406049
0.926634
0.183813
-0.316202
0.761101
0.996338
0.569445
0.398602
0.790521
-0.423688
0.853755
-0.808710
0.015534
-0.477279
0.971984
0.185522
0.606494
-0.539232
0.901364
-0.827692
0.379986
-0.435347
-0.906858
-0.984130
-0.232093
-0.794794
-0.647511
0.639210
-0.140721
0.420148
0.788385
0.634632
-0.509201
-0.342814
-0.776971
0.924986
0.438459
0.488937
-0.631764
-0.229957
-0.021088
0.012421
0.662832
-0.157994
-0.343120
-0.608081
0.859615
-0.160924
0.310160
0.482711
-0.581652
-0.766839
-0.623218
0.525071
0.307352
-0.222694
-0.513962
0.139317
-0.472091
0.570910
-0.103854
0.905454
-0.294656
0.579028
0.329997
-0.120334
-0.094333
-0.641591
0.000702
-0.516526
0.972289
0.425764
0.897397
-0.504379
-0.088961
-0.049043
0.240272
-0.043123
-0.402814
0.697256
-0.480331
0.764153
0.488021
-0.205725
-0.427717
-0.786493
-0.971252
-0.506088
-0.142674
-0.283547
0.663930
0.132786
0.657216
-0.808832
-0.030061
0.393902
0.307535
0.175756
-0.690420
-0.272134
0.038240
-0.178930
-0.062410
-0.652821
0.575488
-0.807184
-0.612964
0.679678
-0.581042
0.069674
-0.596484
0.353008
0.646901
-0.809992
0.427473
-0.839900
-0.835444
-0.913327
-0.352153
-0.048006
-0.970824
-0.119114
-0.332865
0.650746
0.227332
0.798090
0.525437
-0.786920
-0.157140
-0.510422
0.871151
-0.012299
0.877438
0.788934
-0.821589
0.025727
-0.209143
0.661733
0.685232
0.470626
-0.386700
0.620899
0.027741
-0.184484
0.636586
0.145054
0.403607
-0.125278
-0.586230
0.847591
-0.009247
-0.248878
-0.174657
-0.340007
0.212500
0.839106
-0.491928
-0.601062
0.104221
0.829096
-0.080844
-0.757744
0.488632
0.289651
-0.147740
0.864071
-0.540147
-0.499741
-0.415693
-0.316385
0.425825
0.532273
0.224830
0.847285
0.073885
-0.793756
-0.681936
-0.021699
-0.144993
-0.536607
-0.363445
-0.693350
-0.267190
0.993835
0.791437
0.956114
-0.088717
-0.389874
-0.461287
0.560411
-0.588794
0.431501
0.873592
-0.040071
0.166967
-0.292215
-0.607410
-0.419050
0.445845
0.186682
0.966491
0.491501
0.016877
0.618946
-0.361187
-0.016327
-0.939695
-0.132542
-0.756951
0.830561
0.996826
0.561876
0.321574
-0.572497
0.314615
0.169591
0.385113
0.382366
-0.646168
-0.189367
-0.996155
0.997620
-0.621387
-0.448836
-0.631031
-0.179785
-0.744926
-0.402997
-0.867244
-0.072970
-0.917234
0.612842
0.012848
-0.456709
0.077486
-0.095126
-0.892453
-0.800897
-0.998779
-0.595691
0.465194
0.358440
0.135350
0.176244
0.458052
-0.512314
-0.537889
-0.554491
-0.371380
-0.473128
-0.947020
-0.025849
0.393353
-0.880734
0.816218
0.165502
0.030915
0.850887
-0.267373
-0.388104
0.125034
0.838069
-0.414838
-0.440229
0.106235
0.324870
-0.051607
0.433088
0.626148
-0.219520
0.080416
0.123142
-0.925535
-0.262612
-0.524033
-0.066744
-0.611927
0.661733
-0.679312
0.714347
0.065523
0.991821
-0.401227
-0.995422
0.855647
-0.336711
-0.194250
-0.432478
0.546861
0.201880
0.087436
-0.528489
0.756157
-0.141697
-0.486618
0.026093
0.633595
0.366985
0.458785
0.232948
0.462569
0.640126
0.298318
-0.108310
-0.863155
0.652028
0.314432
0.007111
0.108371
0.870724
-0.254128
0.976501
0.287637
-0.637501
0.965026
-0.103488
-0.784295
0.989196
-0.847346
0.265969
-0.539476
0.487716
-0.580920
0.316019
0.830317
-0.774468
0.998657
-0.457259
-0.784600
0.787774
0.758415
0.717215
-0.003754
-0.215369
-0.009064
0.022553
0.642872
-0.423139
-0.391461
-0.962035
0.132298
0.964660
-0.437666
0.708060
-0.716727
-0.433210
0.295694
-0.499863
0.862484
0.679495
-0.038972
0.100009
-0.743339
-0.050081
-0.068758
-0.675771
0.232948
-0.464034
-0.075533
0.995422
0.364360
0.696524
0.620045
-0.307779
0.657094
-0.244606
0.640431
0.632252
-0.545396
0.002106
-0.508591
0.388897
-0.324137
0.767937
-0.710135
-0.277078
0.963500
0.068636
0.043123
-0.660024
0.296365
0.420087
-0.439070
0.496384
0.910215
-0.864071
-0.782708
0.746696
0.561022
0.341533
0.195837
-0.465804
-0.341655
0.950621
-0.820673
-0.637989
-0.062777
-0.227210
-0.870052
0.154332
0.107639
-0.120762
0.085299
-0.219153
-0.858943
0.593493
-0.413190
0.379376
0.055879
-0.815607
0.237831
0.367656
-0.179601
0.312296
0.743950
0.451765
0.060152
-0.228919
-0.785577
0.642323
-0.067904
0.712455
-0.182714
-0.255837
0.500473
-0.900204
-0.370647
0.562426
-0.628834
-0.091220
-0.061739
-0.197119
0.299112
-0.848079
0.901852
0.811945
-0.665517
0.115696
-0.125462
0.449263
-0.192358
-0.269387
0.648000
0.782464
-0.911435
-0.273354
-0.481429
0.675588
-0.440352
-0.048006
-0.294778
0.537828
0.211035
-0.654530
0.090670
-0.964232
-0.445723
-0.603198
-0.389874
-0.179479
0.712088
-0.895749
0.395367
-0.025971
0.208594
-0.008148
-0.824824
-0.158544
-0.805963
-0.930357
0.372539
-0.245766
-0.432417
0.623218
-0.483749
-0.116794
0.334941
-0.486984
-0.723441
0.468795
0.681814
0.636158
-0.730644
0.708914
0.848811
0.003693
0.053560
-0.628895
-0.463790
0.142613
0.613636
0.394513
-0.774407
-0.726737
-0.140660
0.226295
-0.053255
-0.579028
-0.160192
-0.000397
-0.668203
0.216346
0.243751
-0.927061
-0.714713
0.146031
0.697928
0.947081
0.303140
0.545396
0.164830
0.548204
-0.080111
0.326823
0.145787
0.095309
-0.652882
-0.445173
0.730583
0.541429
-0.882504
0.191992
-0.781121
0.848018
-0.323527
-0.082125
0.046297
-0.874203
-0.103488
0.085238
0.817743
-0.317911
0.529466
0.445357
0.740410
0.704154
0.190954
0.618580
-0.271096
0.911069
0.428144
0.270241
0.825556
0.156285
-0.861080
0.916990
0.464278
-0.446333
-0.390790
-0.129429
-0.853450
-0.392987
0.681021
-0.268838
0.645314
-0.587268
-0.207251
0.854671
-0.123081
-0.685537
0.455611
-0.075900
0.747978
0.389325
-0.404584
-0.617176
-0.430403
-0.394269
0.607898
0.395917
-0.411786
-0.338786
-0.451216
0.286416
0.219764
0.156957
0.653188
-0.499557
0.489242
-0.245766
-0.559191
0.257973
-0.486618
0.322794
0.842402
-0.168126
-0.892636
-0.363384
-0.483261
0.940062
-0.336772
0.694937
-0.223487
-0.400983
0.547105
0.568834
0.351665
-0.177648
0.540757
-0.524583
0.097018
-0.419782
0.141636
-0.274087
-0.235145
-0.737297
0.977172
0.671316
-0.940062
-0.369304
-0.382977
0.197424
0.108860
0.814447
0.372295
0.822748
0.671377
-0.911802
-0.113559
0.254067
-0.700797
0.780633
0.912046
0.762017
0.831172
0.032991
-0.274697
0.864925
0.167272
-0.592029
0.713065
-0.071383
-0.152745
0.716727
-0.159581
-0.847346
-0.896725
0.473983
0.790155
-0.885067
0.204138
0.564745
-0.965758
0.918760
0.018097
-0.252541
0.126072
-0.696036
0.152501
0.747917
0.829890
-0.013459
-0.991516
-0.989441
-0.965026
-0.427229
0.366008
0.663747
0.051668
-0.467513
0.705741
-0.801508
0.339640
-0.368511
-0.463424
-0.001679
0.409040
0.127171
-0.484603
0.129856
-0.823847
-0.247597
-0.056734
-0.054415
-0.887387
-0.646718
0.818232
-0.604602
0.201086
0.956847
0.627125
0.575732
0.485580
-0.257973
-0.115635
-0.312357
0.579028
-0.532945
0.274758
0.807672
-0.163366
0.596912
-0.344584
0.983947
-0.113987
-0.759392
0.339763
0.007172
0.976684
-0.391156
-0.482589
-0.144078
0.623646
-0.461165
-0.894955
0.100742
0.061495
0.098605
0.163671
0.495102
-0.922788
0.047761
-0.213172
0.491562
-0.267006
-0.264809
0.370708
-0.394879
0.445173
-0.225257
-0.470931
-0.266091
-0.554186
0.383221
-0.461043
-0.017304
0.560106
0.610706
-0.117405
0.068636
0.800226
-0.092074
0.929991
-0.565477
-0.624866
-0.434858
0.112888
-0.179662
0.836177
0.054537
0.500412
0.266152
-0.280496
0.804437
-0.366131
0.889340
-0.262123
0.235878
-0.602710
-0.073702
0.223121
0.986755
-0.392193
-0.896970
-0.913572
-0.087924
-0.053682
-0.381756
-0.091586
0.621204
0.869564
-0.090487
-0.881344
0.478561
0.342021
-0.262734
0.785089
-0.883297
-0.929075
-0.632008
0.954100
-0.909726
-0.684744
0.906186
-0.862972
0.196387
-0.149144
-0.875301
0.924375
0.428999
0.091769
0.577013
0.037935
0.318461
-0.762871
-0.708304
0.378155
-0.165502
-0.602100
-0.118686
-0.555956
-0.568346
0.582324
-0.949767
0.359478
-0.959227
-0.896298
0.472274
0.544603
-0.584643
0.196692
-0.882382
0.010285
0.437117
0.843989
0.499374
0.559313
-0.071017
-0.950072
0.326823
-0.827326
0.939879
0.996216
-0.238624
-0.232521
0.412580
0.884213
-0.452742
0.042024
0.728568
-0.256569
0.712394
-0.067904
-0.942442
-0.599109
0.537950
-0.282510
-0.464217
0.172887
0.352031
-0.305277
-0.998657
0.006317
-0.637928
-0.624866
-0.185888
-0.560900
-0.830683
0.099094
0.474715
0.202368
-0.168188
-0.659169
0.957579
-0.138524
0.134068
0.682180
-0.954100
0.992492
-0.638966
0.766594
-0.176794
-0.375958
-0.293558
0.147618
-0.906613
0.407331
0.791009
-0.642018
0.394818
-0.519761
-0.355327
0.575060
-0.629933
0.357402
0.102695
0.783929
0.215613
-0.697012
0.023225
0.223853
-0.562365
-0.963500
0.110996
0.756401
-0.187292
0.209754
0.008393
-0.675466
-0.883358
-0.425703
0.567675
0.732292
0.029878
-0.864193
-0.212683
0.102451
0.742851
-0.945921
0.225623
-0.712821
-0.319071
-0.965026
-0.812494
0.724357
0.805963
0.433943
0.425275
-0.680715
0.417280
-0.390728
-0.445601
-0.166723
0.906674
-0.587451
-0.611011
-0.490524
0.248085
-0.090121
0.040925
0.138218
-0.009186
-0.518296
-0.941160
0.726249
-0.498154
-0.555345
-0.757378
-0.113681
-0.213355
0.014435
0.753166
-0.569933
0.838801
0.580493
-0.635792
0.284646
0.618519
0.038667
0.448897
-0.315775
-0.019990
-0.722465
-0.239723
0.309977
-0.850398
0.244667
-0.816401
-0.639760
-0.734001
-0.428877
0.510056
-0.644093
-0.581408
-0.370769
-0.760796
0.760857
0.429975
-0.388775
0.826472
-0.848262
-0.730338
-0.861812
-0.916746
0.426740
-0.783990
0.984252
-0.019868
0.750664
0.004181
-0.250649
-0.849116
0.110080
0.516160
-0.017182
-0.828425
-0.847102
0.246132
0.269631
0.311869
-0.532212
-0.062349
0.221473
-0.484237
0.622608
-0.378704
-0.446150
-0.912473
-0.910398
0.077975
-0.230445
-0.123508
0.364849
0.688955
-0.551866
-0.759209
-0.602527
0.854427
0.955931
0.573534
0.562426
-0.237403
0.243080
0.421552
-0.608570
-0.205176
0.251869
0.499680
0.137425
0.824396
-0.553087
-0.891964
-0.129185
-0.160070
-0.737602
-0.149876
-0.969604
-0.462691
-0.732353
0.598804
-0.225806
0.749565
0.317301
-0.470565
-0.792352
-0.860836
0.982910
0.206336
-0.699087
-0.276894
0.070040
0.772210
-0.181372
-0.175878
0.218360
0.307169
-0.741630
-0.366619
0.661489
0.961730
0.426130
0.247108
0.279031
0.747002
-0.491073
-0.637623
-0.916623
0.228431
0.413312
-0.422285
-0.408795
0.109775
0.198462
0.226417
-0.398358
-0.473067
-0.433271
0.449629
0.489486
-0.801325
0.273110
-0.957884
0.893490
0.718925
-0.247780
-0.416364
-0.248390
-0.160802
-0.890744
-0.353191
-0.125095
0.132298
0.368816
0.223365
-0.801996
0.770318
0.755486
-0.876339
-0.434736
-0.494247
0.507370
0.722282
-0.275979
-0.667043
-0.592761
-0.382672
0.448714
0.737114
0.078585
0.482589
0.769951
-0.191198
-0.226295
