0.021393
-0.700491
-0.576891
0.993835
0.235633
0.543748
-0.060213
0.458480
-0.036531
0.958800
0.031037
-0.877316
-0.096469
0.085116
0.502365
0.808832
0.404706
-0.156774
0.962279
0.438398
0.385723
-0.616810
0.031159
0.978271
-0.776727
0.718802
0.527940
0.024689
-0.689932
0.971313
-0.663503
-0.514328
0.861263
-0.875851
-0.534288
-0.569933
-0.634327
-0.836482
-0.542222
0.987060
0.223792
-0.142491
-0.609058
-0.194250
0.505295
-0.110691
0.143284
-0.328227
-0.113498
-0.545274
-0.128269
0.732109
-0.786126
-0.736991
-0.408795
-0.271767
-0.107028
0.901730
0.493576
0.179357
-0.930235
0.546739
-0.498703
0.118931
0.336467
0.216407
-0.596667
-0.117954
-0.423139
0.490463
0.517258
0.606311
-0.822871
0.573840
-0.480453
0.691824
-0.739067
0.249733
0.058382
0.416242
0.035432
-0.526414
-0.309854
-0.508591
0.630238
-0.225684
0.359600
-0.972594
-0.674001
0.107395
0.173376
-0.794733
-0.452498
0.416547
-0.592090
-0.639515
-0.984802
-0.754570
0.933958
0.361919
0.111606
-0.167943
0.374371
0.859249
-0.369549
0.255959
0.635975
0.074557
-0.147252
0.585559
0.505722
-0.513047
0.179968
0.959777
0.315775
-0.681631
-0.683645
0.924680
0.246498
-0.434370
-0.593738
0.809198
0.466475
0.369243
-0.604907
-0.239601
-0.139866
-0.298257
0.373272
0.257729
0.501572
-0.605762
-0.025727
0.570910
0.408002
-0.888180
-0.637684
-0.631092
0.112094
-0.754021
-0.554247
0.168065
-0.308206
0.860347
-0.698233
-0.088412
-0.572558
-0.511704
-0.787225
-0.179418
0.832575
0.732475
0.140721
-0.667104
-0.309610
0.591235
-0.505173
-0.001373
-0.131809
-0.803278
-0.626942
-0.438948
0.648732
-0.023225
0.054598
-0.275430
0.571581
-0.149876
-0.990417
-0.602588
0.901425
-0.890683
-0.569933
-0.024384
0.265114
0.896420
0.508286
0.135289
0.520493
-0.824213
0.172155
0.135166
-0.947203
-0.500168
-0.438093
-0.732170
-0.740654
0.637318
-0.260964
-0.013276
0.737724
0.266213
0.564928
-0.176428
0.877621
0.181188
0.533982
0.470077
0.090304
-0.618641
-0.505356
-0.038179
0.532884
0.596179
-0.693899
-0.214698
0.000824
-0.384625
0.908811
0.096469
0.023774
0.023652
-0.635426
-0.310953
0.381512
-0.617542
0.441694
-0.759392
-0.613880
-0.183081
-0.778985
0.017609
0.179479
-0.879147
-0.739494
0.239051
0.743400
0.193213
-0.358074
0.540147
0.839595
0.106235
0.179235
0.344951
-0.008759
0.949767
-0.751335
0.759453
-0.971984
-0.430891
-0.402936
0.232582
0.873348
0.786065
-0.157201
0.054781
-0.567309
-0.411786
-0.455061
-0.982788
0.509629
0.491012
0.725211
-0.544298
-0.358684
0.124119
-0.438826
0.103549
-0.900998
-0.436811
0.960875
-0.548936
0.197119
0.174841
-0.248756
0.594409
-0.260964
-0.340251
0.935789
-0.381268
-0.162328
0.278726
-0.197424
-0.451338
0.915403
0.968505
0.408246
-0.634816
0.423139
0.817621
0.042268
-0.614124
-0.383953
-0.054659
-0.675039
0.170446
-0.867306
-0.166173
-0.362957
-0.014435
-0.423322
-0.435835
-0.859798
-0.290262
-0.066561
0.155126
0.765740
0.158055
0.265481
0.285684
-0.765374
0.478439
0.357097
0.293191
-0.624256
-0.052400
0.603504
-0.145360
0.179113
0.469344
-0.311197
0.320536
-0.481124
-0.957579
0.984313
0.986206
0.341594
0.144688
0.094577
0.840327
0.847407
-0.635365
-0.918271
0.322123
-0.184301
0.079257
-0.596545
-0.518418
-0.708609
-0.342082
0.799005
-0.823298
0.975707
0.481307
0.181372
0.875179
0.987365
0.533799
0.592029
-0.011750
-0.964293
0.748711
0.388348
-0.283425
0.140294
0.795831
0.026643
0.676138
0.542405
-0.402142
0.580370
-0.844111
0.918271
-0.142857
0.314554
-0.807611
0.543748
-0.233070
-0.308634
0.364483
-0.412091
-0.994751
-0.681875
0.558885
0.183203
0.916440
0.934263
0.404645
-0.406476
-0.485336
-0.385052
-0.328471
-0.441877
-0.515305
-0.562548
-0.295022
0.621998
0.117588
-0.280496
-0.643727
-0.103549
-0.581164
-0.671926
0.597827
0.692434
0.963378
-0.683218
0.125095
-0.123997
-0.175146
0.184362
0.054292
-0.978698
-0.367107
-0.123936
-0.092074
-0.244911
0.983093
-0.986999
-0.105747
-0.805902
-0.242164
-0.857662
-0.608020
-0.791742
0.606983
0.547960
-0.726676
0.562243
0.066622
-0.224891
0.165563
-0.997497
-0.138279
0.111057
-0.726981
0.293252
0.837092
-0.792596
-0.118137
-0.656301
0.022370
-0.038118
-0.928709
0.705679
0.148045
-0.653005
0.281350
0.221839
-0.280618
0.336589
-0.310831
-0.558763
-0.845943
-0.057588
-0.519028
0.267983
0.261818
-0.604236
-0.367290
-0.265542
0.384869
-0.334880
-0.680166
0.613392
0.599719
0.349773
0.976684
-0.325297
-0.145665
-0.226295
0.321757
-0.831843
-0.266274
-0.482101
-0.183508
0.776238
0.615101
-0.580187
-0.525132
-0.954772
-0.098727
0.736076
0.164281
-0.097140
0.059236
-0.506516
0.743339
0.151158
0.348186
-0.401776
0.090609
0.714347
0.122288
-0.666860
0.970153
-0.604602
0.329814
0.428449
-0.757866
0.888913
-0.238258
0.957823
-0.089450
0.466903
0.641713
-0.346355
0.860347
0.450423
0.542711
0.174108
-0.236549
-0.095737
0.807733
0.609485
0.158361
-0.901120
0.907773
-0.336650
-0.293069
0.435224
0.714530
-0.022736
-0.696829
-0.053316
-0.098727
-0.243324
-0.062410
0.876156
-0.807672
-0.723930
-0.026215
-0.707144
0.848506
0.182897
0.103732
0.136448
-0.597583
0.778558
0.266823
-0.061556
-0.125278
0.498276
-0.457930
-0.306009
0.054720
-0.102756
0.673513
0.307230
-0.634144
-0.828730
-0.086520
0.005097
0.730155
-0.963073
0.631703
-0.595935
0.964171
0.807611
-0.302835
-0.677541
0.643239
-0.449873
-0.171484
-0.860042
0.976318
0.645802
-0.145421
0.594287
0.808527
-0.494064
-0.740043
-0.498337
-0.943297
-0.913083
0.525437
-0.963256
0.031526
0.379376
-0.189489
0.554918
0.916684
0.385174
-0.530381
-0.449568
0.597400
-0.888241
-0.630177
0.713919
-0.517014
-0.600513
0.361919
-0.601306
-0.817743
0.028962
0.836177
0.996338
-0.523545
-0.408918
0.165136
-0.943541
0.766717
-0.657033
0.920713
0.383587
-0.858760
-0.216102
-0.826533
0.338237
0.158788
-0.811090
0.391583
-0.782403
0.656056
0.829157
-0.485580
0.752312
0.906491
0.551317
0.135716
0.627125
-0.542589
-0.918638
0.980834
-0.427351
-0.955382
0.193823
0.924863
-0.448714
0.351787
0.681753
0.653615
-0.038362
0.106784
0.312418
-0.044832
-0.618213
-0.820185
-0.491562
-0.692740
-0.694876
-0.506577
-0.145482
0.728996
-0.929685
0.193274
-0.704642
0.098483
-0.480270
-0.734733
-0.243873
-0.342387
-0.199927
0.058321
0.748589
0.905210
0.025483
0.364422
0.771905
-0.172155
-0.074496
0.140294
0.243568
0.340739
0.219520
-0.696158
0.583728
0.297342
-0.508896
-0.038972
-0.109714
0.532517
-0.973388
0.336406
-0.235267
0.930967
-0.625599
0.132115
-0.967101
-0.072726
0.545396
-0.131565
0.270241
0.562243
-0.260292
0.413373
-0.560961
-0.289712
-0.703787
-0.070223
-0.216224
-0.214393
0.575365
-0.271096
-0.012848
-0.822260
-0.116855
-0.887143
0.157018
-0.845332
0.483993
0.065645
-0.951964
-0.487716
0.025300
0.960692
0.277383
-0.759331
0.527146
0.989319
0.429548
-0.900815
-0.436201
0.747063
-0.451094
-0.879025
-0.335856
-0.880978
-0.400128
0.895322
-0.247291
0.882015
-0.513474
-0.717338
0.127903
-0.321940
0.514573
0.068209
-0.605152
-0.496506
0.174902
-0.500351
-0.451521
0.519211
-0.975768
0.658010
-0.750114
0.309122
0.722098
0.585437
0.862667
0.338298
0.315226
-0.849605
0.193091
0.814447
0.642201
-0.037385
-0.364299
0.808222
-0.030244
0.719535
-0.479232
-0.760186
-0.650380
0.215857
0.666250
0.518113
-0.028230
-0.675466
-0.762139
-0.663991
0.330241
0.165136
0.227210
-0.859127
-0.045015
0.331889
0.277749
0.658376
0.703543
0.279458
0.608203
0.249794
0.915586
0.617664
0.877255
-0.493332
0.425886
0.196265
0.234352
-0.703299
0.379376
-0.775750
-0.660268
-0.332316
0.142796
0.785699
0.575732
-0.063204
0.287088
-0.359600
0.770074
0.214148
-0.605457
-0.552599
0.074679
-0.000824
0.162938
0.341166
-0.517136
0.768914
-0.715690
0.761834
-0.727897
-0.317850
-0.833613
-0.862362
0.026948
0.960875
0.998962
-0.292947
0.931028
-0.112949
0.495834
-0.628712
-0.273476
0.957640
-0.902768
0.975219
-0.838862
0.089022
0.458846
0.801752
-0.222022
0.176794
-0.742912
0.156957
0.961730
-0.479904
0.742546
0.319926
0.718314
-0.872677
0.107761
0.930540
0.071566
-0.428266
-0.848140
-0.192663
0.430525
-0.455428
0.899106
-0.583361
0.427351
-0.793939
0.345866
-0.912412
-0.376385
-0.446028
-0.816523
0.963195
-0.241859
0.505722
0.477706
0.209143
-0.640736
0.765740
0.314371
-0.780450
-0.238014
-0.204932
-0.439131
0.491684
0.154515
-0.205420
-0.695975
-0.080050
-0.723991
0.600330
-0.062838
-0.169286
0.042207
-0.499924
-0.281777
-0.341777
-0.777398
0.801935
-0.715873
0.051546
0.969298
0.039766
0.595935
-0.416059
0.294351
-0.287210
0.950438
-0.406903
0.411969
0.078768
-0.031587
0.991943
-0.913327
-0.993286
0.415510
-0.745598
0.584277
0.173132
-0.964537
-0.963622
0.683828
-0.491867
0.326212
0.002716
0.908444
0.746086
-0.454329
-0.213538
0.625782
-0.609607
-0.878903
0.518662
-0.047884
-0.099643
-0.040437
0.696463
0.500961
0.360393
-0.793573
-0.871944
-0.775689
-0.614673
0.019807
-0.405316
-0.587390
0.753471
-0.524522
0.068636
-0.753899
0.819575
-0.373577
0.095798
0.607776
-0.441328
0.303812
-0.864864
-0.382794
-0.938292
-0.444258
0.968139
0.278909
0.826655
0.242531
-0.685171
0.268288
0.525315
0.098727
-0.481552
0.238136
0.311625
-0.963744
-0.211463
0.355510
0.939146
0.500656
0.022736
0.106540
0.550401
0.715384
-0.660634
0.265908
-0.727714
0.661733
0.954527
-0.211585
0.210547
0.880551
0.229835
0.188025
-0.193030
-0.939085
-0.935118
0.211890
0.343547
0.979553
0.573351
0.749809
-0.364788
-0.588855
0.468795
0.481735
-0.615711
-0.178137
-0.316874
0.611255
-0.311991
-0.245216
0.279946
0.595202
0.034577
-0.119785
-0.705252
0.447737
0.846797
0.134068
-0.493759
-0.577258
-0.063814
-0.901730
0.004791
0.530686
-0.545885
0.603504
-0.284219
0.926206
0.527268
-0.741447
0.057283
0.610767
-0.338786
-0.069002
-0.813593
-0.822626
-0.896481
-0.347697
-0.673818
-0.687796
0.668142
-0.656301
-0.109714
-0.854915
0.302774
-0.911191
-0.802850
-0.592883
-0.632862
0.979614
-0.621326
0.673940
-0.435896
0.331278
0.601672
-0.995911
0.889096
-0.013092
-0.200903
0.928892
-0.951903
-0.996216
-0.347697
-0.938963
0.680288
0.688589
0.085421
0.180883
-0.099704
0.571703
0.980224
0.346843
-0.563158
-0.170324
0.458419
0.882321
-0.392560
-0.627308
0.336283
0.804804
0.692557
0.397687
0.122898
-0.602771
0.582446
-0.893307
0.880001
0.352275
-0.040376
-0.053621
-0.510727
-0.336283
-0.830561
0.417768
-0.412091
0.405988
-0.740349
0.916074
-0.976867
-0.832087
-0.115757
-0.301004
0.758599
0.598437
0.073885
0.344584
0.407453
0.176672
-0.190405
-0.061495
0.100558
-0.635182
0.510300
0.441084
0.680410
-0.631397
0.440229
-0.752129
-0.590442
-0.431196
0.946654
-0.669362
-0.817133
0.407025
-0.662587
0.323038
-0.790765
0.678152
0.917478
-0.136448
-0.892026
0.424482
0.856746
0.429365
0.860408
0.898923
0.054598
0.105930
-0.287637
0.425459
0.518662
-0.975280
-0.540941
-0.190832
-0.580187
-0.805536
-0.067904
-0.651540
-0.728690
-0.424909
-0.735771
0.595874
0.898984
-0.306619
-0.343303
-0.236610
0.568285
-0.107700
0.454878
-0.618213
0.500534
0.013581
-0.658132
0.723502
0.473128
0.819025
0.476363
0.919553
-0.001190
-0.594592
0.710135
-0.089938
-0.737724
-0.958434
-0.645131
0.151585
-0.333903
-0.040132
0.550401
0.519578
0.745964
-0.110752
-0.346110
0.713065
0.796381
-0.586291
-0.664296
-0.347331
0.610157
0.520920
-0.951659
0.311197
0.777764
-0.185583
0.884335
0.940611
-0.822504
0.769219
-0.557115
0.574816
0.058260
-0.027680
-0.085604
0.042512
0.577136
-0.461837
0.065096
0.089694
0.731559
-0.495956
-0.992920
0.967772
0.699576
-0.710074
0.600024
-0.185461
0.907224
0.971313
-0.070528
-0.380657
-0.944334
0.911374
-0.738945
0.281106
0.500168
-0.166662
-0.228492
-0.554064
-0.710623
-0.393902
-0.601611
0.680105
-0.353252
-0.406964
-0.580065
-0.923276
-0.393292
-0.989013
-0.495895
0.469100
-0.637928
0.943907
-0.882748
0.995422
-0.518357
-0.346232
0.898434
-0.783319
0.031098
-0.508408
0.353130
-0.883053
0.947508
-0.629749
-0.233375
0.163793
0.165685
-0.222999
-0.588794
0.016938
0.921628
-0.102084
-0.162328
-0.989380
-0.709891
-0.630909
-0.516160
-0.980773
0.358379
0.151341
-0.794916
0.756890
0.401227
-0.384136
0.826777
0.616993
0.942930
-0.891110
-0.768365
-0.614246
0.166173
-0.676077
0.882504
-0.620350
-0.153905
-0.988647
-0.627003
-0.050569
-0.764458
0.928220
-0.173315
-0.804376
-0.348308
-0.987854
-0.548082
-0.333842
0.212195
-0.913205
-0.139439
-0.337748
0.470626
-0.949095
0.782647
0.232643
0.217627
-0.177526
-0.784173
0.118931
0.747368
0.183203
-0.872982
-0.690664
0.008820
0.760186
-0.003876
-0.721549
-0.148900
0.761528
-0.901608
-0.151341
0.740959
-0.150853
0.170202
-0.539720
-0.026582
0.716544
0.350383
-0.108493
0.333781
0.189184
-0.978454
0.141148
-0.762993
0.495834
0.008942
-0.092929
0.417585
0.431196
0.185217
0.938292
0.718802
0.607532
-0.358135
-0.567614
0.952269
-0.203711
0.835444
0.783868
-0.637196
-0.140904
0.679983
-0.058809
0.187231
0.684744
-0.793817
0.425459
0.927732
0.224525
0.828974
0.011933
0.132725
0.077303
0.371441
-0.500107
-0.783929
0.987487
-0.133396
0.567309
0.338969
-0.990661
0.966369
0.433576
0.574572
-0.306925
0.021638
0.507187
0.991333
-0.677908
-0.508774
-0.595691
0.201941
-0.769280
0.336344
-0.419233
0.773186
0.765679
0.071078
0.059114
0.043794
-0.915098
-0.199866
-0.472701
-0.092441
-0.754204
-0.807245
0.437178
0.446760
-0.154637
-0.232521
0.870846
0.228614
-0.156590
-0.688833
0.647450
0.992126
0.191931
0.067965
-0.117283
0.869686
-0.155187
0.907102
-0.168676
0.200293
0.062288
0.420698
0.415082
0.662404
-0.528001
-0.017487
-0.987182
0.563768
-0.494552
-0.825129
-0.295328
-0.693350
-0.775994
-0.347575
0.413617
-0.339824
0.416486
0.183203
0.889950
-0.590258
0.847163
0.542222
-0.204016
0.690664
-0.664541
-0.267800
0.643300
-0.039888
-0.861446
-0.502731
0.452864
0.632496
0.174535
0.457442
-0.397198
-0.841853
-0.237526
-0.227271
0.778436
0.857356
-0.040254
0.316324
0.747673
-0.087436
-0.271096
-0.806940
0.836177
-0.466659
0.427839
0.846553
0.826655
-0.501328
-0.878231
0.200537
0.492538
0.896298
-0.460433
0.275307
-0.355449
-0.276894
-0.168981
-0.106967
-0.932188
-0.395734
-0.808954
-0.996216
0.332499
0.856380
0.592090
-0.965026
0.319132
0.013764
-0.777459
-0.864498
0.324320
-0.064302
0.034333
0.007721
-0.996155
-0.606189
0.696524
0.699271
-0.151219
-0.903439
-0.074618
0.681814
-0.828730
0.459700
0.876827
-0.906858
0.826960
0.951537
0.187597
0.320780
0.930052
-0.788507
-0.338237
-0.231788
0.324381
0.170141
0.892331
0.670400
-0.843684
0.309915
-0.959593
0.476180
-0.828486
0.989013
0.406110
-0.604846
0.558885
0.323954
0.686758
-0.018036
0.130467
-0.413617
0.583605
-0.589831
-0.996277
-0.017243
0.429914
-0.259133
-0.764885
-0.883908
0.119419
0.954161
-0.139988
-0.362346
-0.306681
-0.591540
-0.306375
-0.774407
-0.929441
-0.918638
0.813044
-0.040071
-0.376995
-0.483016
0.976806
0.667348
0.873348
0.265786
0.365642
0.911374
-0.800531
-0.737358
-0.180822
0.009003
0.531663
-0.558214
0.765130
-0.171422
0.655141
-0.213904
0.572680
0.598987
-0.796747
-0.917478
0.324076
0.602588
0.266945
0.029511
0.762566
-0.380230
0.435835
0.578417
-0.835566
-0.682546
-0.015107
-0.212989
-0.326640
0.955016
-0.385418
-0.855220
-0.528855
-0.510788
0.476363
0.216834
-0.535691
0.249184
-0.239113
0.702689
-0.858821
0.688284
0.470504
0.833857
0.319498
-0.757500
-0.674856
0.027863
0.457259
-0.206519
-0.348186
0.154759
-0.706046
-0.116916
0.304117
-0.958922
-0.440352
-0.853206
-0.595019
0.302774
0.069308
0.145177
-0.316507
0.676809
0.645924
0.048982
-0.855159
-0.058321
-0.266030
0.826228
-0.903073
0.952940
0.167211
0.899716
-0.113620
0.756706
0.830683
-0.724967
0.819758
0.477828
0.024079
-0.411176
0.133030
0.311686
-0.753105
0.661794
-0.786737
0.455245
