-0.636708
-0.060396
0.822443
0.921995
0.831660
-0.745842
0.935301
0.461226
0.481185
-0.634877
-0.703238
0.182226
0.576098
0.854915
0.719047
0.128330
-0.662770
0.166845
-0.951476
-0.798273
0.069002
0.664663
0.389508
-0.651051
0.148595
0.702750
0.947569
-0.746941
-0.362468
-0.131748
0.235023
-0.181310
-0.259926
-0.555040
-0.355449
0.965514
-0.526658
0.677602
-0.096164
0.970763
0.290567
0.323099
0.446150
-0.393109
0.864620
-0.289163
-0.103305
0.956053
0.765618
0.713797
0.845149
-0.177831
0.772149
-0.358684
0.442976
-0.079318
-0.447676
-0.156285
-0.355022
-0.798700
-0.454146
0.195288
0.281655
-0.629017
-0.784051
0.652028
-0.841060
-0.396832
0.876339
0.379925
0.813349
-0.509995
0.993225
0.352458
0.142003
0.130284
-0.780267
0.687674
0.261208
-0.352702
-0.297159
-0.587268
0.825495
0.726615
-0.472152
0.490524
-0.779962
-0.723319
-0.909421
-0.940367
-0.438887
-0.627674
-0.878475
0.950499
-0.817255
0.691641
0.883908
0.137303
0.535081
0.007294
0.082614
-0.834956
-0.883786
-0.938658
0.986755
-0.587146
0.818598
0.066378
0.022675
-0.890927
-0.081820
-0.375591
0.579638
0.315348
0.071871
0.672353
0.019623
-0.941588
0.902707
-0.240883
0.515244
0.808954
0.491806
0.433515
-0.070833
0.661672
-0.243202
-0.432173
0.801691
-0.232093
-0.682791
-0.141697
0.798090
0.271279
0.917661
0.475936
0.134495
-0.437483
0.071993
-0.125462
0.466720
0.517685
0.031281
0.855953
-0.074679
0.341899
-0.253883
0.184179
-0.110263
-0.210974
0.888730
-0.081210
-0.859127
-0.966613
0.885922
0.497787
0.601489
-0.747307
-0.193091
-0.293008
0.690298
0.556261
-0.362224
0.446333
-0.670034
-0.663259
0.905271
0.458419
0.542711
0.028474
0.981628
-0.241676
0.887082
0.611866
-0.549852
-0.408673
0.991150
-0.449019
0.588549
0.214881
0.640614
-0.833247
-0.085604
-0.976440
-0.301004
-0.467940
-0.479598
-0.385052
-0.923948
0.873775
-0.607898
0.430036
0.370830
0.099521
-0.636525
-0.764397
-0.818171
-0.126560
0.583605
0.499741
-0.972045
0.130894
-0.164525
0.532517
-0.841731
-0.893307
-0.588366
-0.966185
0.691824
-0.438704
-0.490280
0.004730
-0.814325
0.374065
-0.135716
0.868770
-0.274209
0.715384
-0.501755
-0.930906
-0.461043
-0.250954
0.317545
0.311319
0.944823
0.922910
0.758232
0.618213
0.560533
-0.654775
-0.331217
0.833674
-0.805963
-0.070162
-0.840999
-0.722343
-0.344340
0.118809
-0.807184
0.845637
0.755364
0.432783
-0.630238
0.694082
0.668935
-0.060762
-0.955443
-0.771661
-0.683828
0.965453
0.256508
0.815668
0.311686
0.421369
0.075716
0.644337
-0.437239
0.612354
-0.051424
-0.333781
-0.052705
0.519333
0.216346
0.800836
-0.661061
0.743950
-0.319681
0.548692
0.698172
-0.569872
0.095798
0.121616
0.130039
-0.250343
-0.841182
-0.390118
0.024751
-0.116245
-0.040254
-0.094455
-0.646046
-0.378521
-0.203162
-0.194128
0.335551
-0.554003
-0.024506
-0.559557
0.969298
0.643483
0.241249
-0.668813
-0.772454
-0.142491
-0.235267
0.599780
0.079989
0.692801
-0.364727
0.109348
-0.962706
-0.878353
0.344646
-0.785028
-0.590197
-0.732047
-0.860042
-0.095676
0.061678
-0.839534
0.815180
-0.630665
-0.028352
0.227882
-0.869625
0.441694
0.507431
0.422712
-0.455061
-0.251625
0.817316
-0.837886
0.779595
-0.809931
-0.718863
-0.659169
0.665090
0.508713
0.545091
0.011444
0.628285
0.715445
-0.455184
0.783380
0.585742
-0.629994
0.017853
0.143468
-0.436384
0.066805
-0.060091
-0.689688
0.865596
-0.342570
0.776543
0.578478
0.585559
-0.706900
0.383282
0.225135
0.072542
0.143040
-0.045259
0.608509
-0.381085
-0.589587
-0.819452
0.502060
0.790216
-0.170202
-0.718802
0.652272
0.058077
-0.317606
0.449995
0.596179
-0.233741
0.659658
0.364605
0.132359
-0.009125
-0.293741
0.972472
-0.029023
-0.983947
0.591479
0.720878
0.118625
-0.593188
-0.722648
0.389813
0.217322
0.108249
0.067537
0.810846
-0.610340
0.019562
-0.359539
-0.950133
0.569445
0.951109
-0.439558
-0.578356
-0.695486
0.589770
-0.398602
-0.990173
-0.833613
0.016694
0.836726
0.843684
-0.044343
0.319620
-0.523240
-0.826533
0.599841
-0.271828
-0.301553
0.694571
-0.337687
0.356914
-0.245949
0.303568
-0.780084
0.002655
-0.062410
0.848567
-0.870846
-0.798578
-0.922788
-0.051241
0.804254
0.236061
-0.520188
0.089022
0.537889
0.284951
-0.154576
0.513291
0.789178
-0.214881
-0.209693
0.146153
-0.315348
-0.192907
-0.680105
-0.775262
0.050874
0.511887
0.235572
0.111057
0.992370
0.816523
0.093112
0.182958
-0.118076
-0.416242
0.364727
0.268288
-0.863582
-0.373577
-0.898373
-0.801202
-0.275063
0.385723
0.013031
-0.161229
0.799432
0.043367
0.132908
-0.424604
-0.320963
0.195227
0.960997
0.662954
0.131016
0.471114
-0.302713
0.337016
0.967467
-0.079623
-0.118809
0.860714
0.285257
0.233131
0.330668
0.165685
-0.002716
-0.246986
0.245705
0.821284
-0.301920
-0.044343
0.674673
-0.296609
-0.268960
0.116428
0.072665
0.919492
0.366192
0.706717
-0.056856
-0.072848
0.916013
0.833308
-0.926145
0.416791
0.173559
0.168310
0.031831
0.938536
0.652333
0.096652
0.029756
-0.681326
-0.344768
-0.541917
0.883175
-0.603687
0.737053
-0.860652
-0.131077
-0.029878
-0.161046
0.913388
0.757866
-0.075289
0.079867
-0.681265
0.175817
0.359294
-0.038362
0.407453
0.195349
-0.283731
0.831904
-0.627369
-0.034822
0.000702
0.200049
0.613025
-0.952513
-0.450789
0.002411
0.738456
-0.501144
-0.987243
-0.631642
-0.510117
-0.534410
0.897824
-0.450545
-0.161168
0.048372
0.653127
0.540757
-0.346721
-0.044893
0.816401
0.762932
0.261757
-0.857112
0.298135
0.360637
-0.082247
0.432600
0.362468
-0.487045
0.660512
0.001801
-0.541490
0.068941
0.898129
-0.721854
-0.464034
0.829340
0.119541
0.253456
-0.922239
0.199866
0.439253
-0.622791
-0.666189
0.556200
-0.551622
0.979553
0.247230
-0.745598
-0.733757
-0.742302
0.783441
-0.704215
0.473739
0.650807
-0.542711
-0.430525
0.685171
0.200598
-0.727103
0.043306
0.768303
-0.586230
0.456648
0.339702
-0.703604
-0.863765
-0.014496
0.942503
-0.152745
0.298379
-0.959349
0.196509
0.813044
0.229347
-0.763848
0.501999
-0.297708
0.044343
0.355022
0.057039
-0.707450
-0.204688
-0.912839
0.360027
-0.624866
0.876766
-0.880978
0.346965
-0.054659
0.691885
-0.132420
-0.465194
-0.801691
0.253456
-0.073275
0.402264
0.645009
-0.161229
-0.923338
-0.410749
0.291726
0.716422
-0.232521
-0.808222
0.659352
0.072298
0.973510
-0.198950
0.220923
-0.177404
0.516526
-0.016755
0.971557
-0.836543
0.519578
0.564684
-0.355449
0.181921
-0.776971
0.581042
-0.832942
0.658315
-0.813227
0.638356
-0.325724
0.988769
-0.006073
-0.983581
0.077792
0.700797
-0.380535
0.832636
0.206030
0.083712
0.733512
-0.293313
-0.174718
0.054170
-0.723075
0.083956
0.950682
0.706534
-0.326640
-0.118931
-0.022858
0.653981
-0.940367
-0.196509
0.975768
0.093295
0.630177
-0.713309
-0.475570
-0.829463
0.069246
-0.852840
-0.855159
0.602710
0.894772
0.012848
-0.970885
0.776421
0.119724
-0.939695
0.898740
0.802301
-0.695364
0.233070
0.133335
0.610096
-0.822748
-0.743645
-0.764641
0.212806
0.488327
-0.564745
-0.278420
0.483627
0.662343
-0.460555
0.876888
0.147496
-0.532945
-0.230323
-0.628162
0.849483
0.459029
-0.017853
0.519700
-0.433210
-0.708121
0.226844
-0.258278
0.217627
-0.758660
0.251442
-0.884274
0.133457
0.327128
-0.373272
-0.261940
-0.024751
-0.325297
-0.126865
-0.121860
-0.009552
0.364238
0.698172
-0.827509
-0.604114
-0.209998
0.748955
-0.819697
-0.366497
0.364177
-0.806635
0.715201
0.706290
0.138890
-0.015778
0.443281
0.912839
0.539232
-0.346049
-0.973937
-0.538743
0.859004
0.038850
-0.832942
-0.791742
0.343486
0.950133
-0.562120
0.579882
0.934812
0.132664
-0.095492
-0.218055
0.425520
-0.464095
-0.811029
-0.255959
0.029756
-0.577013
0.771783
0.754448
0.588977
0.877499
-0.550768
0.069613
0.715506
-0.458602
-0.036409
0.422224
0.577136
0.957945
-0.661733
0.411542
-0.795770
-0.248512
-0.137303
0.033967
0.414777
0.809259
0.369304
0.982910
-0.763604
0.187536
-0.977477
-0.860042
-0.830866
-0.480819
-0.654469
-0.032258
0.289956
-0.684133
0.180334
0.984008
0.502060
0.292642
-0.778008
-0.041169
0.674062
0.895260
0.973632
-0.668020
0.909726
0.078463
0.843379
0.991089
0.673696
0.465011
-0.446089
-0.055391
-0.614490
0.225623
-0.407575
-0.937925
-0.488998
0.726920
0.756584
0.211158
0.735588
0.657949
0.656301
0.363323
-0.879757
0.868038
-0.686636
-0.880367
0.357524
0.129429
-0.480209
-0.943113
0.336283
0.396527
0.663381
-0.968749
-0.815119
-0.443464
-0.829279
0.900754
-0.803644
0.412519
0.800348
0.394269
0.276284
-0.088351
-0.306192
0.929868
0.152013
0.836604
-0.551195
-0.048189
0.572985
-0.143590
-0.655019
0.057100
-0.653249
0.807001
0.574145
-0.637074
0.258889
0.444441
-0.040132
0.796319
-0.937864
0.212073
0.844417
0.299051
0.629810
-0.964537
0.691153
0.272439
0.924924
-0.298318
0.623585
0.956664
0.667470
0.529160
0.432844
-0.749748
-0.545640
-0.709464
-0.327494
0.901608
0.012360
0.401044
-0.463240
0.531724
0.685049
-0.083529
-0.113498
-0.756951
0.341655
0.760674
-0.867306
0.598987
-0.369060
0.329630
-0.199866
-0.149815
0.420637
0.241859
0.190588
-0.134983
-0.439985
0.036897
-0.395856
-0.790033
-0.985229
-0.510239
-0.079073
-0.304971
-0.939940
0.550829
0.588061
-0.462142
0.668508
-0.306925
-0.236061
0.990539
-0.294534
-0.656423
0.666311
-0.449202
0.035737
-0.207862
-0.014924
0.828120
0.720939
-0.331767
0.860408
-0.912961
0.802728
-0.643605
0.656850
-0.944090
0.704520
0.424787
0.339640
-0.231971
-0.371075
-0.146886
-0.162267
-0.601001
0.383282
0.650807
-0.403790
-0.665578
-0.604724
-0.735405
-0.035310
-0.980346
-0.773736
0.541856
0.836665
0.796869
-0.508225
0.753166
0.812189
-0.047578
0.074435
0.267617
0.263283
-0.649648
-0.077731
0.033601
-0.829829
0.394269
-0.843379
-0.113010
-0.141820
0.839412
-0.550218
0.827448
-0.434309
-0.030244
-0.770074
0.756096
0.489486
-0.361919
0.775750
-0.286599
0.562487
-0.898434
0.216468
-0.308878
-0.083834
-0.490097
0.304849
-0.788995
0.932371
0.355022
0.693106
-0.131565
-0.440718
-0.320414
-0.894833
-0.813227
0.167333
-0.042512
0.606738
0.924436
0.000519
0.200293
0.444441
-0.180212
-0.604785
-0.792718
-0.868709
-0.914670
0.340922
0.517075
0.791803
0.320658
0.360698
0.234535
0.746818
0.814570
-0.638417
-0.759880
-0.684683
0.259865
0.334574
0.341594
0.630909
-0.728690
-0.378338
-0.819025
-0.204566
-0.559252
-0.569506
-0.416791
-0.298074
0.596850
-0.235511
0.778497
-0.096713
0.514084
0.284890
-0.718253
0.088595
-0.483016
-0.193152
0.445723
0.797235
0.410566
-0.041169
-0.440046
-0.167821
-0.549852
0.585314
0.242531
-0.258095
-0.135044
-0.277261
-0.761040
0.961608
0.954161
0.474044
-0.892880
-0.436445
0.954405
-0.766228
-0.027253
-0.988647
0.041292
-0.744804
0.062960
-0.258095
-0.372662
-0.925108
0.115268
0.433882
-0.697745
-0.318888
-0.918271
0.804498
-0.455855
-0.715018
0.505173
0.647267
0.689505
-0.301126
0.143956
0.568407
-0.229652
0.377544
-0.123447
0.468001
-0.525315
-0.595752
0.011750
-0.228431
-0.659108
0.795892
-0.558763
-0.082492
0.772759
-0.823969
-0.505783
0.518540
-0.260781
-0.828242
0.543504
0.718009
0.012177
0.904599
-0.304117
0.691885
-0.982482
0.943480
-0.546129
-0.946226
-0.638356
-0.935545
0.051790
0.197913
-0.318949
0.446699
-0.876400
0.029084
-0.349528
-0.171911
0.425336
-0.325419
0.922666
-0.239113
-0.596850
-0.153966
-0.307779
-0.040315
-0.134800
-0.586413
-0.807611
-0.343181
-0.259926
-0.009308
-0.347453
-0.847102
-0.388531
0.799005
-0.398846
-0.079928
0.728874
0.720634
-0.164342
-0.010651
0.409040
0.559740
0.955443
0.128086
0.641408
0.371563
0.520554
-0.654775
0.550279
0.447554
-0.679678
-0.689261
-0.625660
0.401837
-0.034822
-0.476363
-0.550523
-0.141087
0.377117
0.111606
0.986877
-0.746452
0.966796
0.802850
-0.174047
-0.100925
-0.609912
-0.505722
0.824763
-0.646352
-0.095126
0.085604
-0.127720
0.818476
-0.292581
-0.821406
-0.328471
-0.988464
-0.474227
-0.752922
0.634388
0.871944
-0.580004
0.031831
0.725578
0.065706
0.988220
0.199011
-0.714957
0.526902
-0.548753
-0.903562
0.343913
-0.672720
0.068026
-0.622181
0.544725
-0.852107
0.656911
-0.557726
-0.383526
0.684927
0.574267
-0.127537
0.614795
-0.927610
0.599292
0.954283
-0.482711
0.563890
0.713431
0.021516
-0.756096
0.157384
0.536058
-0.059420
0.696280
-0.549669
-0.423933
-0.091220
-0.906186
0.012177
0.649953
-0.568468
-0.051607
-0.144993
-0.100925
0.695608
-0.984069
0.095614
-0.825129
0.486435
-0.478072
0.003510
-0.377667
0.024323
-0.765069
-0.621082
0.344829
-0.708487
0.232459
-0.598498
-0.610401
0.955321
-0.512009
-0.293985
0.762017
0.755974
-0.181310
0.101047
-0.617298
0.138707
-0.144627
-0.738517
-0.880917
-0.197363
0.704703
-0.214393
-0.569262
0.991699
0.926817
0.589648
-0.833857
-0.004425
-0.026032
-0.861812
0.872311
0.005524
0.197058
-0.144688
-0.170324
-0.851924
0.186804
-0.138401
-0.382488
0.247597
0.956908
0.683828
-0.314859
-0.321879
0.545763
0.248695
-0.630177
0.677114
0.081393
-0.227271
0.205786
0.823176
0.229286
-0.948180
-0.403912
0.877194
-0.772698
0.470687
-0.704520
0.927305
0.124912
0.869930
-0.242531
0.711051
-0.089999
0.545701
0.330058
-0.665578
0.565172
-0.185156
0.423139
-0.911069
-0.348064
-0.292276
0.456893
0.794549
0.802728
-0.567980
0.302164
-0.733757
-0.598682
-0.057527
-0.992187
-0.634754
-0.556139
0.023530
-0.582812
-0.990295
-0.188818
-0.280435
0.069857
-0.221900
0.415815
-0.974548
0.606494
-0.286599
-0.252419
0.119785
0.197058
0.869747
0.340068
0.767144
-0.956420
-0.849849
-0.124119
-0.335368
0.767937
0.001679
0.009674
0.079806
-0.917356
0.831782
-0.512131
-0.276955
-0.353679
-0.732231
-0.236549
-0.207373
0.096652
0.600330
-0.843623
-0.545763
0.328104
-0.293252
0.841365
0.948363
-0.141636
-0.243629
0.183996
0.808405
-0.879818
-0.811518
-0.286721
0.504257
-0.549181
-0.413007
-0.058565
0.666128
-0.431867
-0.833796
0.756279
-0.617847
-0.696951
0.426252
0.244484
0.843928
0.596912
0.638417
-0.758477
0.799371
0.785089
0.009247
0.276162
-0.142003
0.905698
-0.199927
0.324198
-0.333598
0.237709
0.528794
0.379986
-0.727592
0.288003
0.946837
0.136753
0.141392
0.436628
0.554552
-0.745903
-0.770562
-0.785394
-0.431501
-0.917539
0.800592
0.563524
0.246132
0.329081
0.078585
0.740043
0.657460
-0.412214
0.195959
-0.256081
0.261330
-0.770196
-0.614612
-0.275491
-0.640309
-0.728996
-0.930235
0.416852
0.882260
0.603870
0.220923
-0.751701
0.579638
-0.533616
-0.661306
0.126072
-0.378887
0.331828
0.068880
0.035005
0.087252
0.397565
-0.785333
0.052278
-0.675588
-0.321146
0.410627
0.961180
0.356731
-0.259621
-0.146886
-0.874264
-0.185278
0.132664
0.978576
-0.661000
-0.639698
-0.754875
0.097995
-0.012665
0.359539
-0.427961
-0.279153
0.161412
-0.430097
-0.324320
0.684622
-0.222266
0.035432
-0.422712
0.992004
-0.484481
-0.221961
-0.152501
-0.565050
0.772454
-0.230201
-0.734550
-0.963500
0.082003
-0.875240
-0.771233
-0.181066
0.572192
0.352641
0.399823
0.740715
-0.292398
0.881954
-0.168615
0.443220
-0.628346
0.897275
-0.091037
-0.049043
-0.934996
0.300455
0.359722
-0.200354
-0.592639
-0.406598
-0.313272
0.676809
0.571886
0.645497
-0.126255
0.746635
-0.213172
-0.083102
0.796808
-0.667959
0.374371
0.897763
0.080050
0.418134
0.451643
0.525925
0.654958
-0.529954
0.054659
-0.689444
-0.874508
-0.116245
0.406781
0.586535
-0.562059
0.875729
-0.586413
-0.971923
-0.250404
0.939695
0.137059
-0.226966
-0.986206
-0.029145
-0.489914
0.267312
-0.884640
-0.306558
0.928098
-0.016877
0.814753
-0.344218
0.302347
-0.317240
0.823786
0.086154
-0.794733
-0.682546
-0.372234
-0.481552
0.091769
0.970641
0.847774
-0.448897
0.139378
0.555712
-0.391339
0.807733
-0.406842
0.846065
-0.674184
0.824824
-0.533067
-0.265114
-0.504563
0.999451
-0.646474
-0.219764
-0.332682
0.946593
0.612659
0.626331
-0.530442
0.976989
-0.097629
0.757256
0.447920
0.185705
-0.505844
-0.012299
0.210547
-0.362407
-0.922422
0.873714
0.527573
-0.237526
-0.523484
0.018097
0.487106
-0.348247
-0.437971
-0.757866
-0.318827
-0.961425
-0.006684
-0.691092
-0.098910
0.331156
-0.577624
-0.491379
0.751152
0.403119
-0.972839
-0.454573
-0.403912
-0.224952
0.065462
0.465682
0.776543
-0.069979
-0.683340
0.335307
-0.530137
-0.650197
0.326640
-0.147679
0.160924
-0.744438
-0.143406
-0.049471
0.322916
-0.180273
0.767815
0.106784
0.687857
0.209143
0.564684
-0.854732
0.984924
0.245827
0.182043
-0.809320
0.904111
-0.350688
-0.648000
-0.610950
-0.809748
-0.494003
0.494797
0.123569
-0.674184
0.527085
-0.868892
-0.100620
-0.432173
0.903806
0.890561
0.306497
0.314554
0.949034
-0.400983
-0.335978
0.243263
-0.157628
-0.202429
0.141636
-0.998169
0.788629
0.803339
-0.869442
0.992981
-0.823420
0.838557
-0.813898
0.729606
-0.313761
0.737602
-0.229652
0.067537
0.310282
-0.548875
-0.743950
-0.586535
0.581225
0.805292
-0.961425
0.029878
0.265053
0.463179
-0.681997
-0.367534
0.827021
-0.336100
0.862178
-0.605579
0.207923
0.659780
-0.533677
-0.349956
-0.052217
0.500412
0.198035
0.988708
-0.842647
0.296793
0.163182
-0.769646
-0.063265
-0.715201
-0.105441
-0.968383
-0.998962
-0.316202
-0.578417
0.969359
0.577868
0.618824
-0.316874
0.435163
-0.605884
-0.365337
-0.684133
0.423078
-0.903317
-0.190832
-0.183081
0.379070
-0.650868
0.857051
0.216529
-0.212806
0.692434
0.660573
0.464400
-0.955077
0.117588
0.825373
0.920408
0.304788
-0.506882
0.070162
0.422407
-0.677175
-0.373760
-0.665944
0.727897
0.540880
-0.412702
-0.636158
0.310770
-0.876095
0.809687
0.656972
-0.375042
-0.472457
0.371258
0.161351
-0.146031
-0.343852
-0.879940
-0.543504
0.849422
-0.953490
-0.490890
-0.149083
-0.238685
0.533982
-0.238746
-0.248573
0.025849
0.621632
0.117649
0.617725
-0.549059
0.102695
-0.614307
-0.040498
0.506333
0.719840
-0.943358
0.050508
-0.821223
-0.109836
0.468795
-0.687735
-0.035798
-0.715018
0.964415
0.171728
0.425520
0.529954
-0.634327
0.038362
-0.142735
0.242042
0.689199
0.213050
0.112644
0.864376
-0.145482
-0.834468
-0.626331
-0.898740
-0.536058
0.971129
0.515122
0.761101
0.028047
0.286416
0.848811
-0.940245
0.910398
0.979308
0.106784
0.663442
-0.754204
0.525620
0.261757
-0.801874
-0.407025
-0.197485
-0.981262
-0.764275
0.217078
-0.041658
-0.487106
-0.765252
-0.136143
0.198096
0.749138
0.961913
-0.083468
0.145787
-0.631520
0.169897
-0.767998
-0.672170
0.027009
-0.380657
0.106967
0.786248
-0.223670
0.154027
0.393170
-0.150670
0.251503
-0.099033
-0.666066
0.967223
-0.560045
-0.087619
0.020234
-0.133885
-0.098605
-0.172948
0.424421
0.730094
-0.657216
0.375164
0.981201
-0.354228
-0.486801
-0.491989
-0.100070
0.917539
0.607288
-0.558947
-0.131138
0.228736
-0.828242
-0.836543
0.566881
0.482467
0.174902
0.522019
-0.023041
-0.030732
0.973937
-0.686026
-0.865108
-0.507492
0.025300
0.933409
-0.310709
-0.191504
-0.405866
0.276833
-0.256874
0.406537
-0.084078
0.984375
0.450423
0.908872
0.338847
-0.988281
-0.490158
0.443159
-0.756157
-0.545824
-0.226783
-0.863643
0.113926
0.932920
0.720695
0.969726
-0.833674
0.967162
-0.962951
-0.444136
0.657033
-0.270363
-0.223853
-0.097507
-0.498947
-0.722526
-0.099826
-0.822260
0.694388
-0.951842
0.726737
0.651967
-0.132603
0.849910
-0.823786
-0.820124
-0.804315
0.765069
-0.968627
0.170202
0.802728
-0.425336
-0.700064
-0.642872
0.181372
-0.927061
0.869259
-0.730461
-0.292764
-0.843989
0.840327
-0.364299
0.456526
0.935484
0.109775
0.444319
0.534959
0.001251
0.549608
0.379681
0.941771
0.312540
0.282876
-0.940977
-0.475753
-0.071261
0.963134
0.830317
0.239418
-0.973998
0.818964
0.375469
-0.300760
-0.551622
-0.607776
-0.900388
0.586291
-0.153539
-0.087069
0.308939
-0.367229
0.610828
0.954588
-0.609302
-0.160985
0.450301
-0.326395
0.534959
0.845943
-0.954344
0.067354
0.928220
-0.779901
-0.860591
0.146764
0.285684
0.411542
-0.363933
-0.906186
0.715934
0.618946
-0.708731
0.762993
-0.393414
0.886593
0.065828
-0.946654
0.783685
0.299905
0.210059
0.529893
0.348003
0.802545
0.591906
-0.662709
-0.952208
-0.354106
0.595691
0.267312
0.633839
0.827143
-0.266457
-0.475448
-0.275796
0.656545
-0.051057
-0.931700
0.183996
0.634144
0.626148
0.729484
0.400189
-0.942137
0.925291
-0.516831
0.240699
0.933042
-0.892819
0.981079
-0.428327
-0.138646
0.069369
-0.204871
0.031953
0.120884
0.001617
-0.554796
-0.362041
0.204871
-0.905881
0.100742
0.925840
0.838923
0.613514
0.590686
-0.285195
0.029695
-0.264443
0.559618
0.660634
-0.516221
0.784051
0.165990
-0.032075
0.852535
-0.170324
-0.790338
-0.968688
0.346782
-0.970153
-0.762871
0.317606
0.023957
0.185217
-0.302530
-0.199561
-0.861263
-0.564928
-0.343608
0.176122
0.030610
-0.932066
-0.432539
-0.658193
0.718131
0.168432
0.830317
0.221351
0.446333
0.557421
-0.579821
0.703299
-0.790704
0.741935
0.847957
0.430647
0.041719
-0.294656
0.940794
0.044588
-0.943541
0.022492
0.080966
-0.057772
0.964721
0.496261
0.933958
0.002411
0.213843
0.248573
-0.257973
-0.486251
0.438093
0.757561
0.642201
-0.553514
0.206641
-0.143895
-0.751396
-0.771477
-0.756890
-0.500900
0.756279
-0.241127
0.932615
0.299661
-0.311075
-0.503647
0.504990
-0.302347
-0.720206
-0.281716
0.268777
-0.024567
-0.408612
-0.886349
0.938231
0.005951
0.618519
0.327860
-0.073702
0.238197
0.151952
-0.085726
0.077181
-0.019562
0.118564
0.541246
-0.447676
-0.927427
-0.648732
-0.393597
-0.451033
0.385235
0.546312
-0.375652
0.958251
-0.858943
-0.078829
0.288919
-0.504440
0.940855
0.761162
-0.060823
-0.781121
0.264138
0.791192
0.822504
0.551195
-0.906064
-0.588610
0.018769
-0.437971
0.313700
-0.456038
-0.163915
-0.696158
-0.369366
-0.028535
-0.720145
0.230201
0.205054
0.667837
0.162511
0.079501
0.102512
-0.897092
0.307657
-0.577624
-0.306253
0.034028
-0.540208
-0.075533
0.500473
-0.140782
0.359783
0.325541
-0.434858
-0.292703
-0.046480
-0.648549
0.790582
-0.319742
0.241432
0.350688
0.393780
0.325602
-0.900082
0.416608
0.275979
0.506882
0.902402
-0.509690
-0.981567
0.191687
-0.911618
-0.931700
-0.665944
0.115329
-0.256081
-0.430403
-0.274270
-0.796869
0.028169
-0.060762
-0.062105
0.377789
0.634449
-0.085116
0.657765
0.828547
0.168981
-0.398114
0.190832
-0.954283
0.807062
0.487289
0.565355
0.954466
0.911740
0.609241
-0.097995
0.641041
-0.820368
0.438337
-0.419477
-0.958678
-0.945189
0.388531
0.280007
-0.277383
0.216346
-0.643666
-0.247536
0.191015
-0.727775
-0.115696
0.823664
-0.166723
-0.441694
0.882565
0.300638
0.880734
0.367229
0.992370
0.687063
-0.608264
-0.365642
0.612476
-0.331645
0.359783
-0.574755
0.889157
-0.172460
-0.930479
0.478744
0.247108
-0.512436
-0.242225
0.020234
0.619984
0.766167
0.531297
0.486984
-0.113498
-0.258583
0.142857
0.762505
0.506394
-0.144627
-0.576708
0.155492
0.405683
0.843257
-0.707999
-0.348491
-0.529160
0.553941
0.863216
0.900937
-0.859554
0.512192
0.562792
0.663686
0.697623
-0.977599
-0.792657
-0.810419
0.217444
0.935911
-0.524705
-0.512741
0.809259
-0.687979
0.595202
0.806879
-0.198706
0.541795
-0.519578
-0.514695
0.471541
-0.177587
0.519517
-0.120212
0.905637
-0.916318
0.314127
-0.953429
-0.432783
0.805170
0.063021
0.774407
-0.351665
-0.422895
0.230262
-0.048799
-0.157750
0.169836
-0.168004
-0.021943
-0.288186
0.854305
0.298624
-0.532395
0.878475
-0.489059
0.835200
-0.075411
-0.944639
0.370830
-0.393353
-0.743828
0.422529
-0.803156
-0.773247
-0.389935
-0.925291
-0.901486
-0.805231
0.147679
0.944456
0.194983
0.900510
0.492355
-0.340312
0.698904
0.971618
-0.887570
0.294534
-0.562731
0.053987
-0.154149
-0.772454
-0.765007
0.394147
0.314432
-0.408612
-0.418867
0.802484
0.298746
0.048494
0.336161
-0.793573
-0.202002
0.345256
0.752068
0.657155
0.096286
0.145421
-0.166723
0.846736
0.283303
-0.731559
-0.557970
0.733390
0.799493
0.874264
0.915464
0.065584
0.315470
-0.670705
-0.090487
-0.752983
-0.764946
0.075961
0.314676
0.996155
-0.166478
0.951476
0.103427
-0.199316
0.487899
0.208045
0.751885
0.585925
0.815851
-0.011261
-0.696829
0.844722
0.084445
0.428083
0.905698
0.840754
0.485397
-0.212928
0.967711
0.741813
-0.902890
-0.760979
-0.852840
0.920713
-0.540391
0.736503
-0.781182
0.975646
0.660024
0.235817
0.980895
0.762139
-0.281350
0.247902
-0.236976
0.262734
-0.450240
-0.082980
0.731437
-0.431990
0.696036
-0.627979
-0.366008
-0.320353
0.515671
-0.538316
0.780877
-0.985107
-0.024201
-0.217505
-0.991516
0.632069
-0.591601
-0.430036
0.638356
-0.896359
0.205664
0.044649
0.981384
-0.868221
-0.987182
0.164647
0.853694
0.822138
-0.819636
-0.563585
0.479171
0.131504
0.818659
0.059969
0.456038
-0.338237
0.709708
0.690847
-0.390790
-0.667592
-0.702811
-0.049043
0.364727
-0.358013
0.465255
0.687979
-0.192297
0.018952
-0.690237
-0.830866
-0.934996
-0.225684
0.881954
0.554064
-0.671682
-0.830195
-0.204627
0.392865
0.771355
-0.908444
0.212012
0.912778
0.251137
0.484481
0.926695
0.234962
0.683279
-0.937193
0.501572
-0.118625
-0.737907
0.491562
0.928037
-0.151402
-0.485214
-0.778924
0.733940
0.329875
-0.113926
-0.624012
-0.407086
0.782952
0.703787
-0.998657
-0.307230
-0.250649
0.177526
0.124790
-0.671072
0.420698
0.148961
0.978027
-0.709891
-0.317484
0.635121
0.972106
-0.211158
0.331095
-0.939268
0.317301
-0.973693
-0.284158
0.730766
0.900571
0.155370
-0.284219
0.653066
0.317118
0.044221
0.755974
-0.970336
-0.542711
-0.727165
-0.243263
0.596484
0.491562
0.999817
-0.311441
-0.788079
-0.421491
0.397809
-0.840876
0.397076
0.270119
-0.074496
-0.386029
-0.621570
-0.541978
0.116672
-0.714530
-0.591479
-0.783624
-0.894284
-0.204932
0.389386
-0.198035
0.937803
-0.470992
0.579028
-0.003876
-0.149266
0.105441
-0.410077
0.417768
0.159276
0.044649
0.256264
-0.694021
0.451460
0.617176
-0.921934
-0.669118
-0.720145
-0.712149
-0.522629
-0.335856
0.759697
0.191748
-0.336222
-0.718863
0.165624
-0.465743
-0.083895
0.339763
0.685842
0.864437
0.880123
0.486740
-0.899838
-0.288491
0.462569
0.444624
-0.197119
-0.125645
-0.333415
0.658620
-0.775567
-0.099887
-0.456893
-0.029023
0.660268
-0.029206
-0.596362
-0.434675
0.352214
-0.611988
0.839961
0.634510
0.570666
-0.111850
-0.383709
0.513230
0.202124
0.774651
-0.894955
0.902890
0.920957
-0.931639
0.768365
-0.384320
0.104953
-0.739372
0.618702
0.639088
0.857051
0.727470
-0.059725
0.524888
-0.014924
-0.666311
-0.260964
0.149632
-0.678945
0.620167
0.793512
0.353740
-0.752739
0.411664
-0.682180
0.956420
0.737724
0.508652
0.140965
-0.566515
-0.621509
0.786981
-0.497238
0.807489
-0.028657
0.749077
0.865169
0.620899
-0.360393
-0.351115
0.313395
0.984497
0.704276
-0.661061
0.829585
-0.589831
0.245338
0.682180
0.592639
0.314676
-0.282388
0.020051
0.746696
0.038179
0.784906
-0.874813
0.572497
0.703055
-0.470321
0.232521
-0.371136
0.757500
0.198157
0.790887
0.810907
0.024812
0.296548
0.926511
-0.275491
0.660085
-0.062838
-0.441267
0.140172
-0.309549
0.300516
0.102145
0.481735
-0.250954
0.085360
-0.890683
-0.467086
0.552965
-0.588549
-0.005280
0.431623
-0.333476
-0.910703
0.817927
0.369854
0.382611
0.547166
0.755852
0.293069
-0.102512
-0.939879
0.400555
-0.501633
0.856807
0.436079
-0.147801
-0.838618
-0.385113
0.906735
0.121128
0.457015
-0.522568
0.172033
-0.912778
-0.971129
0.265236
-0.122715
-0.328898
-0.480880
0.752007
-0.917905
0.192236
0.860714
-0.048311
-0.623768
0.137181
-0.192602
-0.647877
0.423505
-0.566820
0.265297
-0.715629
0.144261
0.209815
-0.523240
0.576525
-0.087130
-0.008637
-0.397076
0.768487
-0.271157
-0.071261
-0.184484
0.590136
-0.652577
-0.236793
0.781915
-0.473312
0.898801
-0.601978
0.204688
-0.127049
-0.216102
0.602344
-0.404767
0.770074
-0.282144
0.243812
0.593738
-0.408063
-0.699576
-0.749077
0.402997
0.720328
0.555284
0.561083
0.187170
0.088595
-0.699087
0.082125
0.943846
-0.813410
-0.617420
0.047334
-0.772576
0.558947
0.809076
-0.899411
0.593188
-0.685354
-0.618397
-0.603198
-0.704764
0.949950
0.900571
-0.720267
-0.733695
0.174169
0.616871
-0.146641
-0.448714
-0.803522
0.135533
0.228919
0.184484
-0.879513
0.070406
0.515122
0.678884
-0.382000
0.066683
0.888852
-0.635426
0.940733
-0.249489
-0.348796
-0.558641
-0.457991
0.574511
-0.934324
-0.424421
0.773858
0.835505
-0.053743
0.890744
0.946471
-0.213660
-0.906980
-0.142918
0.782281
0.826899
0.592761
0.602771
0.154881
-0.630299
0.628834
0.592456
-0.963500
0.289468
0.399823
-0.752678
0.796197
-0.140233
-0.259926
-0.303690
-0.886410
-0.125401
0.288980
0.852779
0.440657
0.506760
-0.554430
-0.211463
0.298807
-0.228065
-0.670766
-0.268899
-0.587146
0.155675
0.288308
-0.093417
0.204688
0.438459
0.629749
-0.457747
0.659352
-0.061251
-0.043916
0.303812
0.327860
-0.411786
-0.531785
0.296793
-0.052889
-0.288858
0.569323
-0.991699
-0.492172
0.731376
0.231971
0.945982
0.183874
-0.090670
-0.366741
-0.438826
0.365520
-0.857173
0.642140
-0.216529
-0.726371
0.921140
0.713736
0.161473
0.666066
-0.844050
0.443098
0.870418
0.916013
-0.632801
-0.980895
0.975280
-0.188086
0.175695
0.899289
0.197119
0.068697
0.105564
0.665395
0.822016
0.138585
-0.651662
-0.410138
-0.080905
0.640004
0.966735
-0.799188
-0.151097
0.403790
-0.781610
0.300638
0.512803
0.104282
-0.404767
0.123386
-0.966735
-0.684256
-0.925596
-0.639698
0.272073
0.524522
-0.794916
0.058016
0.118198
-0.635609
0.534104
0.342021
-0.277139
-0.516526
-0.151036
-0.393292
-0.666250
0.606433
0.949705
-0.490036
0.953551
0.280862
-0.778314
0.118076
0.415387
-0.841487
-0.893857
0.647755
-0.391156
0.435591
-0.489120
-0.752251
-0.288553
-0.448347
0.224647
-0.355937
-0.320780
-0.664052
0.685842
0.097629
0.623280
-0.275979
-0.598376
-0.009369
0.393231
-0.327799
-0.088595
-0.304422
0.052950
-0.521714
-0.065157
0.633473
0.983215
0.654164
-0.910886
0.870235
-0.855525
-0.238990
-0.855525
-0.898251
-0.563707
0.332194
0.798395
0.160375
-0.779046
-0.655812
0.785211
-0.963866
-0.634571
-0.274331
0.850032
0.614429
-0.991028
0.431806
0.237465
-0.595935
-0.608081
-0.631642
-0.139866
0.323405
0.351604
-0.026399
0.151708
-0.485946
-0.532334
-0.118320
-0.936522
0.314249
0.047517
-0.015778
-0.173803
-0.431379
0.685171
0.884091
0.061434
0.366558
-0.808466
0.646718
0.011139
-0.337504
0.363018
-0.877499
-0.160253
0.469344
0.243751
0.640797
0.834040
-0.931028
-0.904599
0.174841
0.994018
-0.342143
0.242042
0.070162
0.701956
0.712760
0.532640
-0.790704
0.145116
-0.377300
-0.782220
0.301187
0.241859
0.830134
-0.644826
0.969298
0.390973
-0.880245
0.598254
0.130528
0.436750
-0.740532
0.576464
-0.756096
0.013092
-0.041963
0.683584
0.596850
-0.293619
0.710135
-0.154149
-0.501633
-0.448103
-0.390912
0.342998
-0.174230
0.139500
-0.716727
-0.729118
-0.502792
0.194128
-0.689688
-0.156713
-0.197974
-0.793573
0.513352
0.108554
0.880306
0.873470
0.563829
-0.808954
-0.672231
0.393841
-0.388165
-0.289041
-0.073885
0.228614
-0.361980
0.781426
-0.833552
0.980590
0.638295
0.689871
0.194189
0.251686
0.955992
-0.986450
-0.405011
0.340983
0.875607
-0.254372
-0.166051
0.720267
0.693228
0.690603
-0.071139
-0.362224
0.540269
0.522813
-0.181677
0.782403
-0.336650
0.270913
-0.969970
0.780999
-0.260659
0.718925
-0.851070
-0.213050
0.918394
-0.201880
0.968444
-0.707633
-0.456221
0.415876
-0.528916
0.191382
-0.609790
-0.669118
-0.256264
-0.322245
0.900815
-0.785699
-0.270058
0.879879
-0.740715
0.592578
-0.680593
0.067232
-0.997803
-0.203711
-0.440962
-0.076876
0.453475
0.412152
-0.936522
-0.901181
-0.587756
-0.524644
-0.564135
0.926023
0.958739
-0.562853
0.395184
-0.867122
-0.672353
0.265419
0.110385
0.893735
-0.290689
-0.121982
-0.462630
-0.328043
0.668630
0.576769
-0.069246
0.666677
-0.181982
-0.598071
0.621509
0.590442
-0.414594
0.459395
0.829768
0.090670
-0.810114
-0.221351
