-0.823725
-0.885311
0.067232
-0.070162
-0.232582
-0.032685
-0.712699
-0.093173
0.893674
-0.724296
-0.787042
0.588855
0.525925
-0.927244
0.665029
0.239845
0.669057
-0.309854
-0.554979
0.132786
-0.566820
0.753716
0.685904
-0.601306
-0.294595
0.515427
0.401410
-0.002716
-0.563280
-0.770562
0.736747
-0.791559
-0.968932
-0.876827
-0.539232
-0.913144
0.431684
-0.330607
0.152318
0.032197
-0.524339
-0.648305
-0.314859
-0.524033
-0.645741
-0.684133
-0.657949
0.032441
-0.298868
-0.011383
-0.181494
0.571459
0.301614
-0.746941
-0.888424
-0.594897
-0.747734
0.826106
-0.666189
0.073946
0.915525
-0.884701
0.395245
0.558458
0.955443
-0.882076
0.452620
0.674917
-0.451949
-0.032014
0.308634
0.205603
0.246315
0.515732
0.152013
-0.403546
0.676138
-0.182104
0.178442
-0.805780
0.538255
0.772393
-0.334452
-0.653066
-0.075838
-0.303201
-0.557115
-0.512558
-0.756157
0.769951
-0.123325
-0.990112
0.681021
0.120579
-0.786676
-0.407514
0.301492
0.366619
-0.295206
-0.248695
0.610645
0.843074
0.730033
-0.966674
0.430647
-0.922361
0.389447
-0.678091
-0.404035
-0.766961
-0.546983
-0.747612
0.542344
-0.062166
0.080172
0.989380
0.627613
0.961486
0.370220
-0.689505
0.569933
-0.900815
0.238807
0.391400
-0.647145
-0.516587
0.583544
0.183386
-0.034516
0.728568
-0.225196
-0.797357
0.951476
-0.401776
-0.691031
-0.605213
-0.068880
0.020295
-0.219520
0.189795
-0.782769
-0.134007
0.475631
0.803766
-0.338725
-0.607593
-0.554491
0.373455
-0.573656
0.443403
0.536851
-0.712333
0.190527
-0.330058
0.002899
0.831477
0.682302
-0.080050
-0.557237
0.711173
0.433271
-0.232704
-0.450911
-0.237953
0.511826
-0.803339
0.278420
-0.127598
0.922300
0.593677
-0.910031
0.744926
-0.991638
0.519517
-0.356304
-0.687796
0.553514
0.501572
-0.519517
0.441633
0.497971
-0.707389
-0.386273
0.037324
-0.471541
0.118198
0.431806
0.702567
0.524033
0.460616
-0.595508
0.420698
-0.555406
-0.425886
0.159581
0.681326
0.914609
0.563952
0.778497
0.020966
-0.423017
-0.587817
0.300699
0.621693
0.666860
0.278115
-0.143406
0.356487
-0.719352
0.114048
-0.225990
-0.422956
0.521592
0.685781
0.204443
0.922727
-0.452620
-0.969665
0.643483
0.122898
0.221107
-0.373577
-0.824030
-0.681936
-0.064974
0.882443
0.510605
-0.088900
-0.570666
0.968383
-0.617908
-0.086764
-0.123630
-0.995300
-0.687429
0.570299
0.119480
0.601611
0.185705
-0.236000
-0.642506
0.597339
-0.765191
-0.645863
-0.192236
-0.788079
0.030488
0.021638
0.573717
0.669118
0.972533
0.220008
-0.239784
0.397259
-0.411237
0.609851
0.736991
0.638112
-0.393414
0.279946
-0.858028
0.559069
-0.248207
-0.515122
-0.302042
-0.773980
0.871517
-0.635731
-0.195532
-0.608997
-0.175085
-0.316996
-0.607654
0.347697
-0.584399
-0.905393
0.539842
-0.872005
0.728324
0.497482
0.298624
-0.198889
0.344279
-0.397931
-0.675344
-0.427229
0.777215
0.631153
-0.714591
0.132969
-0.170507
0.227393
0.982360
0.215979
0.740349
0.397015
0.038911
-0.813349
0.033357
0.617481
-0.709037
0.964904
0.473556
0.413862
0.174963
-0.351848
-0.613147
0.681997
0.568224
-0.217322
0.927732
-0.713187
0.744865
-0.264809
0.466842
0.611194
0.033052
0.953368
-0.597888
-0.512009
0.130711
0.762871
-0.679373
0.699454
0.681936
-0.417646
-0.961547
-0.912961
0.276345
0.308634
0.831477
-0.425581
0.185034
-0.419538
0.521592
-0.088534
-0.314676
0.897275
0.639454
-0.973632
0.887631
0.166784
-0.237098
-0.451827
-0.961791
0.786859
-0.189428
0.575793
-0.406781
-0.951598
0.130039
-0.059481
-0.849361
-0.849116
0.809809
-0.780999
-0.597217
0.902280
0.790216
-0.058321
-0.989135
0.598376
-0.635853
0.288797
0.830988
0.449751
-0.932127
0.134251
0.130711
-0.727103
-0.315958
-0.302408
0.587634
0.685537
-0.846614
0.458846
-0.319010
0.703604
-0.126499
0.635853
0.292825
-0.892697
0.261391
0.300577
0.562914
0.781671
0.235817
-0.968444
-0.816950
0.676626
0.160253
-0.561022
0.024873
-0.001312
-0.668264
0.766472
-0.969848
-0.753899
-0.750481
-0.674123
0.422163
0.630848
0.682730
-0.055025
0.162511
-0.659780
-0.694937
-0.796747
-0.606494
0.636097
0.094028
0.079318
0.840693
0.134312
-0.430219
0.908017
-0.715995
0.293313
-0.374126
0.061617
-0.620289
0.344035
0.618641
-0.101291
0.136387
0.587878
-0.810724
0.026399
-0.186010
-0.316507
-0.892880
-0.447005
0.151097
-0.374859
-0.342387
0.098117
0.087069
0.042817
-0.611927
-0.323588
0.211646
-0.727958
-0.983398
0.182775
-0.000946
-0.794244
0.220557
0.209449
0.069063
0.610340
0.620716
0.550218
0.178442
0.540880
-0.149998
0.201392
0.885739
0.855098
-0.418561
0.279641
-0.026521
-0.330241
0.304971
0.645192
-0.284036
0.780694
-0.262062
-0.696341
-0.493393
-0.904965
-0.953001
-0.617847
0.120151
0.129795
0.796686
0.884640
-0.243507
-0.503220
0.091952
0.658254
-0.372417
-0.597339
-0.692373
0.275307
0.909909
0.250282
-0.753655
0.816828
-0.607654
-0.714713
-0.595996
0.618091
-0.437178
0.699576
-0.823359
-0.874935
0.782586
0.920896
-0.049837
-0.267251
-0.788629
-0.032075
0.890011
0.544725
-0.097079
0.115146
-0.280679
0.309061
-0.259499
0.089022
-0.488876
-0.296670
0.220008
0.696585
0.051119
-0.072481
0.205054
0.962706
-0.247719
0.516343
-0.931944
-0.098178
-0.002106
-0.037141
0.417524
0.665700
-0.006134
0.845698
-0.115513
0.183691
0.520493
-0.958617
0.482467
-0.596179
0.847041
-0.550584
0.298929
0.213233
0.272256
-0.977599
0.121433
0.507065
0.572130
0.280801
-0.612598
0.274880
0.404889
0.461531
-0.510605
0.879330
0.906247
-0.736869
-0.163915
-0.916684
-0.287698
0.319926
-0.669546
0.861263
0.927549
-0.911313
0.857723
0.042024
-0.113865
0.949644
-0.761834
-0.697745
-0.019501
0.214209
-0.384747
-0.001495
0.963256
-0.228492
0.830988
0.835200
0.192358
0.767937
0.027314
-0.728751
-0.247780
0.004547
-0.476669
-0.181188
-0.249489
-0.486557
0.599902
-0.501450
-0.838069
-0.568163
0.650990
-0.905148
-0.797906
0.976440
-0.512070
0.717277
0.892453
-0.387249
-0.753899
0.984008
-0.912778
0.954588
-0.030732
-0.602039
0.454451
-0.065035
0.460067
-0.023286
0.441816
0.100314
-0.719352
-0.067598
0.958556
0.268410
-0.939879
-0.214393
-0.799249
0.269265
-0.580126
0.261147
0.606250
0.248634
0.369976
0.796686
-0.871700
-0.347819
0.782281
0.167516
0.216163
0.369366
0.181127
0.265114
-0.391705
-0.292398
0.378460
0.797357
0.893796
0.233863
-0.204199
-0.326518
-0.702628
-0.841487
-0.504013
0.304483
-0.313456
-0.418561
0.540452
-0.891537
-0.714652
-0.296060
0.027009
0.308084
-0.176855
-0.007416
0.022004
-0.625355
0.075594
0.840754
-0.590014
-0.514451
0.567309
-0.284158
-0.832392
0.290139
0.745720
-0.268288
-0.960082
0.577746
-0.752739
-0.981994
0.001373
0.133641
-0.323649
-0.185339
0.014252
-0.553758
-0.137669
-0.967101
-0.690298
0.809442
0.246803
0.425642
-0.891232
0.558763
0.893185
-0.059175
-0.308023
-0.344218
-0.603504
-0.551317
0.982910
-0.840083
-0.931883
0.974731
0.370464
0.653005
0.006989
0.325541
0.618030
0.880490
0.291482
-0.672231
0.814875
-0.900876
0.814508
-0.972228
0.151769
-0.847041
-0.026887
-0.040193
-0.814875
-0.614368
-0.331400
0.061800
0.530503
-0.613269
0.423566
-0.232704
0.916807
0.312357
-0.675161
-0.441450
-0.645924
-0.925962
-0.122166
0.649709
0.154759
-0.064119
0.321512
0.055513
-0.967162
0.377544
0.969481
-0.603381
-0.806574
0.884701
-0.818964
0.808588
-0.486923
0.114292
0.702200
-0.333964
0.438765
-0.440474
-0.655446
-0.322611
0.130406
-0.787774
0.703726
0.699454
-0.642079
0.158605
-0.195654
-0.235878
0.180578
0.392132
-0.108737
0.620899
-0.438826
0.863582
-0.554674
0.028657
-0.670156
0.118076
-0.473678
-0.009796
0.162389
-0.831111
0.966796
0.536973
-0.502487
0.801630
0.276894
-0.673757
0.712027
0.070162
-0.537156
0.598560
-0.702322
0.765984
0.087558
0.528184
0.978881
-0.338176
-0.156407
0.446516
-0.349345
0.332438
-0.100009
-0.344218
0.209754
0.409284
-0.490646
0.972167
-0.149083
-0.238014
0.179785
0.503342
0.174291
0.018586
-0.902158
-0.211219
0.532029
0.853145
0.253945
-0.974059
0.114536
0.948912
-0.595447
0.460860
0.790155
0.092685
-0.479781
0.706412
-0.206519
-0.250587
-0.711417
0.980163
-0.103488
0.099704
-0.970336
0.006500
-0.598071
0.718192
-0.470321
-0.823969
-0.668630
-0.791375
-0.447310
0.044404
0.031037
-0.428694
-0.593799
-0.091281
0.087374
0.562914
-0.496445
0.494552
-0.987487
0.367046
0.810297
-0.796381
-0.668569
-0.603320
-0.049776
-0.406049
-0.023103
0.819086
-0.777581
0.330790
0.443709
0.615955
-0.613880
0.634877
0.066439
0.715812
0.938292
0.753349
-0.939512
0.498276
0.155248
0.261818
0.486984
-0.956908
-0.293619
-0.999512
0.122288
0.198645
-0.264138
0.649281
0.752556
0.996094
-0.359905
0.770013
-0.605945
0.478317
-0.406659
-0.258705
0.198096
0.160436
0.248756
0.600330
-0.128636
-0.939085
-0.182531
0.371197
-0.229163
0.853694
-0.072420
-0.831477
-0.215735
-0.755730
0.078158
-0.930296
0.153539
0.846492
-0.949889
-0.579943
0.286721
0.969970
-0.868099
0.454085
0.776727
0.886410
0.500961
-0.720328
0.229591
0.173193
0.409955
-0.898984
0.577013
-0.808588
0.670949
0.526597
0.213294
0.156529
-0.653554
0.807733
-0.120212
0.990478
0.251259
0.473739
0.650807
-0.729118
0.262490
0.886410
0.407392
0.898190
-0.128452
-0.117893
-0.237587
-0.741508
0.313089
0.534227
-0.437300
0.135289
0.155065
-0.285684
0.319559
-0.399274
0.313028
-0.297159
0.804559
0.079928
-0.468429
-0.608509
0.144688
-0.540269
-0.315714
0.918027
-0.165929
-0.950072
-0.164708
-0.748589
0.938108
0.963317
0.508530
0.038179
-0.581042
0.387371
0.844356
-0.577441
0.055696
0.657949
-0.767510
-0.727226
-0.181188
0.534410
-0.870418
0.819514
-0.900815
0.459151
-0.285257
-0.666189
-0.270486
-0.326762
0.719047
-0.798273
-0.754387
-0.902951
0.510117
0.572985
0.739128
0.617481
0.299966
-0.933470
0.380413
0.485092
-0.757500
-0.309671
-0.835688
-0.477889
0.034028
-0.411054
-0.702872
0.596118
0.142125
-0.490036
-0.111057
-0.359050
0.348613
0.595325
0.798578
0.822504
0.483261
-0.178625
0.496933
-0.316568
-0.579394
-0.130345
0.017243
0.109165
0.713309
0.795587
-0.390423
-0.849788
0.738762
0.898373
-0.296487
0.247291
-0.796747
0.017060
0.896786
0.931578
0.608997
0.937071
-0.645314
0.076205
-0.524094
0.167333
0.752739
-0.312113
0.191198
0.576891
-0.147191
-0.683218
-0.090732
0.139622
-0.669790
0.043245
0.053804
0.602710
-0.228980
0.693350
0.661061
0.836360
0.836177
0.818049
0.970275
-0.204138
0.024812
-0.728202
0.284890
-0.707938
0.457320
0.095981
-0.606006
0.637989
-0.243385
0.526109
-0.016083
0.908261
-0.515366
-0.319315
-0.732963
0.593310
0.244911
0.578600
0.883053
0.858699
-0.614978
-0.741630
0.356548
-0.388165
0.171728
0.852596
0.119236
0.115085
-0.471541
-0.220862
0.573168
0.195288
-0.151891
-0.602527
-0.809442
0.147435
-0.033845
-0.192846
-0.943480
0.196081
-0.692923
0.247658
-0.845576
0.841792
0.916807
-0.475692
0.735954
-0.502365
-0.116672
0.895688
-0.064364
0.833796
-0.880367
0.481918
0.869503
0.932371
0.640004
-0.251381
0.539781
0.109470
-0.441023
-0.415876
0.485580
0.508164
0.332377
0.757439
0.004608
-0.752068
0.361370
-0.247658
-0.851131
-0.619678
-0.390179
0.451765
-0.402570
-0.414533
0.086703
0.417158
-0.050935
-0.549547
-0.626514
-0.233924
-0.917356
-0.362651
0.962645
-0.641285
0.107273
0.341105
-0.423322
0.611438
-0.110324
-0.582568
0.287637
-0.598437
-0.392865
0.280374
0.834468
0.361919
0.635121
0.840754
0.688040
0.453230
-0.623768
-0.591845
0.578722
0.694571
0.564135
-0.712333
-0.337687
0.644642
-0.121677
0.200354
-0.515366
0.659352
-0.464156
0.921201
0.635731
0.895016
-0.019440
-0.521104
0.723258
-0.330302
-0.366314
-0.893063
-0.584521
0.595508
0.013764
0.261818
0.407514
0.098666
-0.419660
0.368755
-0.355754
0.863948
0.128636
-0.106113
0.681326
0.746941
-0.319864
0.078585
-0.869869
-0.387921
-0.977477
0.828059
0.982788
0.431501
0.660146
0.647267
0.071444
0.627125
-0.645314
0.480453
0.191931
-0.115268
-0.241249
-0.310648
-0.725700
-0.696341
0.110508
-0.016083
-0.792474
0.157018
-0.813288
0.574389
0.466292
-0.351543
0.421369
0.588244
0.613880
0.129856
-0.189184
0.147069
-0.219703
-0.868587
0.791864
-0.698111
0.390667
0.925169
0.420270
-0.023652
-0.290506
0.114353
-0.172277
-0.197851
-0.254189
-0.689016
0.285257
-0.702200
0.796991
0.959838
-0.163060
-0.929014
-0.949156
-0.293069
0.796197
-0.874203
0.884030
0.095431
-0.384198
0.821345
-0.399274
0.199438
0.311441
-0.573168
-0.846675
-0.298929
0.757439
-0.215003
0.607471
-0.660756
0.235145
0.877804
0.058931
-0.015534
0.039460
0.285440
-0.516831
0.502365
0.532212
0.085299
-0.718070
0.471847
-0.971068
-0.227821
0.655507
0.765313
-0.802728
0.403241
-0.750786
0.286660
0.905148
0.456954
-0.768792
0.314066
-0.664296
0.914487
0.397748
-0.374187
0.888180
0.766900
-0.106357
-0.186438
0.276833
-0.143956
0.196387
-0.105991
-0.902707
-0.718863
0.497360
0.355876
-0.530259
-0.746818
-0.976196
-0.055696
0.823603
-0.822871
-0.268777
0.524033
0.303446
-0.692373
0.724601
0.010163
0.880306
0.194983
0.073641
-0.794061
0.556261
-0.843501
0.115452
-0.935240
0.775872
0.600269
0.628590
0.531785
0.376507
-0.998901
-0.459822
0.115085
0.314188
-0.587939
-0.287942
0.996216
-0.460005
0.533982
-0.028108
-0.382122
0.126316
-0.433454
-0.643483
-0.955443
0.330119
-0.314615
0.809320
-0.885189
-0.873836
0.761162
-0.073824
0.127781
-0.611560
0.360881
0.480331
-0.410871
0.944273
0.115757
0.340190
0.399518
-0.378033
0.905210
-0.494491
0.293802
-0.329447
0.918882
0.940428
0.278603
0.784051
-0.931394
0.941221
-0.114109
-0.295511
0.631458
0.236366
-0.356243
-0.412214
0.997986
-0.561876
-0.124302
-0.842830
0.384136
0.436750
-0.041597
-0.696463
-0.518540
-0.358440
0.296731
-0.400128
0.169408
0.181860
-0.331889
0.445296
-0.642628
0.369976
0.686941
-0.656911
-0.371075
-0.290445
-0.366314
-0.380108
-0.769707
-0.581652
0.543443
0.616749
-0.742302
-0.407208
0.382916
0.843196
0.241676
-0.394024
0.848994
0.264931
0.417219
-0.684439
0.483932
-0.956114
0.724357
-0.552477
0.865902
0.944334
0.996277
-0.926817
0.207862
0.632862
0.986633
-0.788873
-0.494064
-0.012787
-0.846492
0.163305
0.217078
-0.716910
-0.339579
0.062044
0.032746
0.786004
-0.342448
-0.860164
0.639576
-0.110630
-0.828608
-0.628712
0.298013
0.074923
-0.255226
-0.378460
0.499924
-0.485092
-0.615223
0.122349
0.854427
-0.849971
-0.153417
0.385601
-0.918210
0.636891
0.260537
-0.290445
-0.900266
0.064852
0.650319
-0.071932
0.616016
0.350810
0.531114
0.638478
-0.027192
-0.399945
0.731254
0.593799
-0.330485
-0.647572
-0.848262
0.804010
-0.322611
-0.553331
0.796319
-0.846919
-0.213965
-0.890255
0.556810
0.911252
0.030793
-0.329691
-0.831477
-0.300821
-0.605396
-0.724479
0.543626
0.213965
0.900510
-0.761711
-0.105075
0.800104
-0.147435
-0.631886
-0.140904
-0.444502
0.705008
-0.858150
-0.643056
-0.191504
0.223060
0.611682
-0.026826
0.216590
0.038484
-0.712210
0.003998
0.883724
0.729362
0.224158
0.021760
0.998108
0.787347
0.281777
-0.929197
0.013825
0.933470
-0.329936
-0.512680
0.304422
0.987487
-0.594043
-0.665639
0.611255
0.141697
0.779473
-0.927976
-0.264870
-0.439009
-0.250099
-0.586657
-0.193335
0.892758
0.589831
-0.036714
0.745720
0.451399
-0.216407
0.992676
-0.388104
-0.568468
0.218787
-0.951109
0.070589
0.815912
-0.847285
-0.263405
0.491562
0.616688
0.434065
-0.629749
-0.871090
-0.284585
0.170263
-0.424421
0.718070
-0.988159
-0.761101
-0.470870
0.275613
-0.293497
-0.222999
-0.823298
0.677969
0.990722
-0.032807
-0.226051
0.242470
0.938231
0.956175
-0.039216
-0.142186
-0.645436
-0.053255
-0.649586
0.680471
-0.599963
-0.316507
-0.076632
-0.487167
0.288736
-0.119114
0.878658
-0.323160
-0.937559
-0.981567
0.368877
0.379986
-0.646474
0.223487
0.866451
-0.324442
0.912595
-0.527757
0.732475
-0.609851
-0.938536
-0.326762
-0.776666
-0.597034
0.365825
0.737663
0.445662
0.073824
0.225440
-0.926328
0.539415
-0.303507
0.388043
-0.172704
0.294961
0.232826
-0.697439
-0.529527
0.013276
0.105014
-0.220496
-0.684072
0.797723
-0.694021
-0.162206
-0.450850
-0.568957
0.087069
0.062410
-0.510605
0.645253
0.789483
-0.304605
0.804376
-0.192907
0.668630
-0.052644
-0.997620
0.433699
0.851924
0.152989
-0.746696
0.224036
-0.626637
0.301065
-0.191259
-0.517685
-0.275613
0.990967
-0.029084
0.746635
-0.520676
-0.140904
0.584887
-0.426984
0.021699
-0.274514
-0.876095
-0.484848
-0.178503
0.028596
-0.077120
0.964171
0.600513
-0.493454
-0.900815
0.474349
0.916746
-0.972961
-0.542711
0.419538
0.898801
-0.469832
-0.981872
-0.824213
0.977905
0.073519
-0.696036
0.834101
0.968566
0.734794
-0.020661
-0.313028
-0.091464
-0.907102
0.979553
0.152745
-0.696219
0.551378
0.312601
0.340922
-0.682119
-0.332621
0.746879
0.194311
-0.471358
-0.633778
0.840693
0.020173
-0.371136
-0.367351
0.449690
0.266335
0.015900
0.164342
-0.276955
0.880123
0.771905
0.415448
0.288858
-0.512070
0.570605
-0.480941
-0.757073
-0.574999
0.287698
-0.258705
-0.390912
0.015961
0.929807
0.615833
-0.110263
-0.280923
0.946348
0.095370
-0.813288
0.088107
-0.942564
0.976989
0.852596
0.873287
0.637806
-0.268044
-0.990478
-0.986145
-0.205420
-0.209632
-0.227577
-0.550584
0.865108
-0.492660
0.442366
0.035432
0.914182
0.151891
0.431379
0.369732
0.986755
0.700552
-0.962828
-0.334574
0.900327
0.499008
0.486679
0.950194
-0.770623
-0.133152
0.479904
-0.203345
-0.384747
-0.010834
-0.967528
1.000000
-0.496811
0.836970
-0.954955
0.100497
0.630787
0.703421
-0.620655
0.276406
0.364727
-0.499619
0.986084
-0.639515
0.373577
0.391827
-0.918149
-0.091464
-0.128758
0.910764
0.900204
-0.518174
0.317789
-0.092013
-0.608509
-0.457930
0.187963
-0.274209
-0.444685
-0.546617
-0.367718
0.654592
0.069552
-0.111911
0.729423
-0.639027
0.824213
-0.452437
0.715018
-0.493393
-0.259682
0.695608
0.964782
-0.945128
0.106357
0.116550
0.008576
-0.044588
0.946959
0.457991
-0.563097
-0.452559
-0.089938
0.452132
0.367229
-0.965087
-0.778375
-0.346660
-0.957274
-0.586352
0.709037
-0.643361
0.119724
0.741447
0.372417
-0.587817
-0.679373
0.222755
0.848506
-0.479659
-0.615345
0.230689
-0.986145
-0.653432
-0.183630
-0.917722
-0.445967
-0.672781
-0.484603
-0.766045
0.279397
-0.256630
-0.041475
-0.537034
-0.990417
-0.162633
-0.557237
0.597095
0.782464
-0.203833
-0.962096
-0.342998
0.625721
0.043306
0.902951
0.016083
0.787408
0.083834
-0.879086
-0.469832
-0.111362
0.501999
0.902219
-0.153233
0.237037
-0.721244
-0.353862
0.636586
0.619922
0.078646
0.515427
-0.415815
-0.607898
0.597766
0.197913
0.431379
-0.332316
0.212622
-0.418622
-0.292459
0.938169
0.258705
0.732963
-0.706656
-0.899106
0.206885
-0.455000
-0.483261
0.200781
-0.459883
0.699149
-0.633106
0.175329
-0.833430
0.614612
-0.544908
0.261452
-0.314371
0.648915
-0.677053
0.558824
0.387249
0.933714
-0.134251
0.091708
-0.518845
-0.581225
0.349345
0.088900
0.527451
-0.194739
0.961425
0.913144
0.905393
-0.707999
0.514695
-0.001251
-0.397687
0.315470
-0.650807
0.792230
0.891598
-0.978210
0.430464
0.880123
0.854488
0.660939
0.348247
-0.545518
-0.307413
-0.935789
0.501938
-0.691275
-0.401227
0.262307
-0.841853
-0.284463
0.315470
-0.751518
0.672536
0.314371
0.175268
0.247963
0.829585
-0.495651
-0.642323
0.859981
-0.697073
-0.196936
-0.251747
-0.845576
-0.311014
0.993164
0.769158
0.889523
0.094821
-0.150243
0.999817
0.645497
0.275674
0.463363
0.238380
-0.004364
0.500778
0.185583
0.569018
-0.847346
-0.979919
-0.839228
-0.657216
-0.812372
-0.115513
0.603687
-0.069002
0.324870
-0.101962
-0.376751
-0.615833
0.843074
-0.999878
-0.120579
0.186438
-0.232521
0.119053
0.745231
-0.943052
0.803278
0.997620
-0.868221
-0.523850
-0.073763
-0.595813
-0.464217
0.235145
-0.792352
-0.971007
0.200842
-0.971374
-0.178442
-0.316568
-0.700919
-0.906796
0.927915
-0.217994
0.643300
0.501572
-0.120823
0.185217
-0.320597
-0.742973
-0.807855
-0.900815
0.425214
-0.739494
0.234596
-0.785333
0.588916
0.077975
0.396466
0.857234
-0.894894
0.589892
-0.003937
0.420026
-0.074679
0.080844
-0.439192
0.341716
0.381634
-0.703909
0.528489
0.662648
-0.077059
-0.777886
0.432356
-0.064791
0.957213
0.148839
0.990112
0.297159
0.013703
-0.244606
-0.913755
-0.287210
0.045442
0.437788
-0.105869
0.308023
-0.925779
0.390667
0.842280
0.050020
0.630970
0.202429
0.438337
-0.692373
-0.695059
0.746941
0.681265
-0.672353
-0.063265
0.352031
-0.473861
0.650441
-0.192236
-0.488327
0.273598
-0.459456
-0.235450
0.596973
0.510605
-0.213721
-0.206091
-0.826289
0.389386
-0.735466
-0.439436
-0.866634
0.606800
-0.945189
0.229041
0.356792
-0.650807
-0.312845
-0.026826
-0.809381
-0.714713
-0.947142
-0.082003
0.336833
0.315714
0.204932
-0.977355
0.557115
-0.615345
0.375286
-0.755669
-0.771599
-0.896603
-0.140110
0.077059
-0.515244
-0.315531
0.289956
-0.216834
-0.167150
-0.155126
-0.178747
0.632984
-0.365581
-0.260781
0.459334
-0.548875
0.175085
-0.682485
0.713919
0.018769
-0.792352
0.188635
0.811457
0.987182
0.735649
0.305521
-0.549730
-0.109043
0.649159
-0.931639
-0.736442
0.015656
-0.725883
-0.940001
-0.694143
-0.639393
0.391217
0.582568
0.590442
0.264626
-0.230079
-0.680898
0.136753
0.393780
-0.051790
0.357646
0.593860
0.252235
0.274697
0.124851
0.891232
-0.562304
-0.922849
0.075716
0.909543
0.806207
0.699759
-0.047456
-0.165075
0.274209
0.992370
-0.406720
-0.095859
0.286111
-0.995178
-0.745293
-0.544603
0.920591
0.679312
0.044954
-0.445357
0.642140
-0.533738
0.345317
0.052461
-0.864925
0.483932
0.208228
-0.174047
0.243263
0.865841
0.994690
0.229835
0.354839
-0.977477
-0.762017
0.319193
-0.939451
-0.229652
-0.183325
-0.376263
0.984985
-0.791620
0.932005
0.394452
0.795404
-0.254250
0.658071
-0.639393
-0.531419
0.934324
-0.742912
-0.978454
0.254250
-0.004913
-0.235389
-0.099277
0.455489
0.677175
0.838069
-0.189306
0.967528
0.970336
-0.537156
0.254555
0.731742
-0.916074
0.571947
0.657216
0.533372
0.135166
-0.643666
0.582202
0.255226
0.201392
0.671133
0.649220
-0.882565
-0.772576
0.333232
0.790094
0.018036
-0.309122
0.436323
-0.539415
-0.845088
-0.596484
0.353008
-0.942564
0.814875
0.320109
0.199744
0.856075
0.887265
-0.330119
-0.365947
0.063082
0.092563
0.295389
-0.162633
0.625477
0.006012
0.867611
-0.952818
-0.291604
-0.571764
0.515549
0.008698
-0.309061
0.448958
-0.821589
0.643117
0.726737
0.579882
-0.970275
0.168249
-0.386700
-0.960082
-0.876705
-0.670827
-0.537156
0.808161
0.740654
0.049715
0.016755
0.847591
-0.730705
-0.248878
0.833979
-0.726005
0.604236
0.602405
-0.491928
0.001373
-0.242836
0.361187
0.474166
0.742241
-0.570727
0.410504
0.403729
-0.162023
0.835505
0.694998
0.187353
-0.875729
0.909299
0.809320
-0.799921
-0.772881
-0.702567
-0.020661
-0.858943
-0.444990
-0.665334
-0.814753
-0.639454
0.517258
-0.506760
-0.357830
0.702445
0.504196
0.300455
-0.775323
-0.569811
-0.885372
0.368816
-0.352824
-0.714225
0.887509
0.060762
-0.318033
-0.390667
0.413495
0.445845
-0.163915
-0.600757
0.987732
-0.270119
-0.352580
0.120273
-0.589709
-0.019990
0.842097
0.357891
0.497665
-0.778924
0.283853
0.458846
-0.284585
0.630360
0.956236
-0.975524
0.617054
-0.655202
0.108921
0.859981
-0.032685
-0.189001
0.884457
0.770867
0.667165
0.728629
-0.990478
-0.634571
0.131809
0.416486
0.800287
-0.769280
-0.456709
0.123692
0.278115
0.143590
-0.542405
0.528977
0.216529
0.039155
0.649709
-0.825556
0.705679
-0.975707
-0.230079
-0.250465
-0.554491
0.514573
0.906858
0.878109
0.042634
0.672964
-0.644215
0.395428
-0.651479
-0.838618
0.149510
-0.397137
-0.391705
-0.531297
0.283425
-0.068636
0.676321
0.358806
-0.385907
0.343547
-0.534227
-0.850581
-0.646657
-0.568407
0.886532
-0.935911
0.841121
-0.508896
-0.066744
0.020844
-0.205359
-0.561876
-0.131138
0.847835
0.089999
0.815119
0.746330
-0.894894
0.443892
0.446577
-0.043184
0.842952
-0.989807
0.622303
0.745903
-0.134861
0.943358
0.380596
0.766472
-0.241676
0.062349
0.436445
0.393109
-0.493637
-0.901425
0.362468
-0.190832
-0.726005
-0.642506
0.491806
0.313028
-0.785821
0.870724
-0.991821
-0.071810
0.818659
-0.600452
0.051119
0.161229
0.823847
0.031648
0.390301
0.929136
-0.539476
-0.849361
0.642201
0.269936
0.081637
0.438276
-0.276406
0.919675
-0.266762
0.008393
0.812983
0.477035
0.627308
-0.370342
-0.466781
0.776482
0.048677
0.846736
-0.714591
-0.942869
-0.474715
-0.985046
0.577258
-0.856868
0.155919
-0.110019
-0.789544
0.553209
0.614490
0.421918
0.126988
0.707511
0.065645
0.106967
0.195471
0.951048
-0.155919
0.126926
-0.983520
-0.918455
-0.207434
0.362407
-0.053804
0.700613
-0.497177
0.273537
-0.048189
-0.417707
0.124546
0.987243
-0.580676
0.512192
0.442915
0.767937
-0.352214
-0.419233
0.790216
0.691397
0.046602
0.085971
-0.005951
-0.202063
-0.430036
0.293741
0.393597
-0.225135
0.073397
-0.187353
-0.609119
0.641835
0.892758
-0.465804
0.446760
0.950621
0.755486
-0.569445
-0.777337
0.759819
-0.249855
0.577013
-0.249306
-0.601794
0.852657
0.059969
-0.775445
0.749382
0.063936
0.931944
0.055879
0.085116
-0.506699
-0.534532
-0.931394
0.254799
-0.050874
0.011505
0.541368
0.911130
-0.988159
0.106235
-0.931333
0.273782
-0.735221
-0.695181
-0.963439
0.010895
-0.855586
-0.189673
0.489303
0.294107
-0.930479
0.118809
0.800226
-0.643849
-0.502853
0.232826
0.739128
0.159520
-0.082980
-0.993896
0.907773
-0.250282
-0.715629
-0.539354
-0.184484
-0.675649
0.458541
0.885006
-0.474654
-0.385235
0.350627
-0.160802
-0.987060
-0.687307
-0.312906
-0.384991
0.022553
0.396405
-0.874752
0.198828
0.893063
-0.929502
-0.434797
0.411237
0.194494
0.447798
0.416364
-0.997864
0.439253
-0.907102
0.981506
0.226905
0.529588
0.283364
-0.937193
-0.031648
0.147801
-0.407331
0.378826
0.727531
0.681814
0.568957
0.929807
0.337687
0.153722
0.951659
0.771172
0.535752
-0.609607
0.153050
0.821345
-0.357952
-0.774407
0.930784
-0.961364
-0.374248
-0.447005
0.914914
-0.397320
-0.016572
-0.999878
0.465682
-0.251381
0.984252
0.216346
-0.455733
0.781610
0.235450
-0.067782
-0.616626
-0.684133
0.310770
0.944029
0.308573
0.119236
0.699149
0.595325
0.150121
-0.527573
0.526048
0.140294
-0.921384
-0.035981
0.424482
-0.492599
0.688528
0.289041
-0.186071
0.322062
0.369915
-0.579760
-0.046541
0.398236
-0.646229
0.539659
0.841487
0.024506
-0.455245
-0.995727
-0.456648
0.258278
-0.694449
-0.931516
0.828303
0.523850
-0.795160
0.869625
0.490890
-0.291177
0.850337
-0.077303
-0.392987
0.878231
-0.268838
-0.803583
0.286477
-0.601794
-0.272988
-0.137608
-0.685537
-0.940916
0.713675
-0.554125
0.389325
0.449202
-0.300821
0.723380
0.616993
-0.973449
0.069308
-0.295572
0.678335
0.214087
-0.582324
0.074740
0.197302
0.606006
0.131382
-0.522080
0.086703
0.309977
-0.413862
-0.838252
-0.418683
-0.413739
-0.958434
0.784967
0.667470
-0.608875
0.587878
-0.336772
0.915342
-0.227821
0.805719
-0.824580
0.435469
-0.987671
-0.368328
-0.531114
0.212256
0.450423
0.792352
0.836848
0.941465
0.823176
0.855159
0.298074
0.570177
-0.023530
-0.791742
-0.824946
-0.038118
-0.304971
-0.632740
-0.104343
0.822748
0.141758
-0.753471
-0.113559
-0.437056
-0.303934
-0.531724
0.479843
0.762017
-0.441023
-0.004364
-0.274697
0.098788
0.167272
0.667531
0.713065
0.116184
-0.974548
-0.616932
0.773003
0.273232
0.908017
-0.962645
-0.263100
-0.990173
-0.042207
-0.038423
-0.965758
-0.288003
-0.263710
0.488754
-0.453230
0.354717
0.224219
-0.179113
0.227454
0.481429
-0.535081
0.111118
0.213660
0.435896
-0.077731
0.136082
-0.820185
-0.939756
-0.738456
0.575488
-0.352641
0.423627
-0.599780
0.707511
0.595325
-0.161718
0.980285
-0.413129
-0.072115
-0.393170
-0.915708
-0.954100
-0.371685
0.277871
0.188513
-0.794122
-0.646107
0.301553
-0.018036
0.193823
0.794610
0.390667
-0.616749
0.379681
0.242958
0.938475
-0.986389
0.463424
0.017426
0.289163
-0.344584
-0.329875
-0.113987
0.466292
-0.195959
-0.186987
-0.426435
0.787469
-0.949522
-0.854183
0.141148
-0.104587
0.628834
-0.709403
-0.115085
0.341716
0.493515
0.906308
-0.441755
0.088351
-0.230995
0.853633
0.045747
-0.674917
-0.252968
-0.951720
-0.631031
0.488388
0.108921
-0.162938
0.226966
-0.851985
0.577624
0.262185
0.166112
-0.213050
-0.117405
0.823298
0.319254
-0.868892
0.457442
-0.565477
0.519028
-0.474471
-0.464034
0.263466
0.271706
-0.313089
0.404462
-0.348735
-0.264565
-0.558458
-0.934080
0.889340
0.922910
-0.748466
-0.360271
-0.824152
-0.013215
0.986755
-0.485397
-0.071322
-0.332987
-0.224464
0.475936
0.429853
-0.633351
-0.415754
0.499985
0.913205
0.060152
-0.626576
-0.894345
-0.262734
-0.114475
-0.087130
0.957762
0.888180
-0.546861
0.581103
-0.155065
0.906186
0.361736
-0.034516
-0.267129
-0.815424
-0.293313
-0.870540
-0.384075
-0.059603
0.001740
-0.731620
-0.424970
0.311747
-0.742912
0.705130
-0.907773
-0.425764
0.161473
0.520310
0.921079
-0.507736
0.628101
0.683828
-0.813776
-0.476730
-0.001801
-0.329814
0.164525
-0.204688
0.944456
0.437117
0.898495
0.307840
-0.219092
-0.905942
0.424055
-0.358806
0.055696
0.447981
-0.288430
0.596850
-0.599475
0.412580
-0.224281
-0.225013
0.948729
-0.994995
-0.048250
-0.502060
-0.388409
-0.421735
-0.871639
0.509812
-0.569079
0.402448
0.741203
-0.251503
0.432173
0.128147
0.331523
0.590747
0.526597
-0.207923
0.646962
-0.949644
-0.849788
0.885434
0.459883
0.974548
0.435347
-0.418012
0.044649
0.979369
0.257851
-0.484054
0.774529
0.025605
0.908567
-0.277444
-0.024812
-0.293558
0.994568
-0.309854
-0.635121
0.481124
0.240699
0.987915
0.014435
-0.179418
0.956053
0.853999
-0.478133
0.588061
-0.937254
0.453047
-0.955016
0.143773
-0.530259
-0.301187
0.111728
0.135533
0.373577
-0.876278
-0.682730
0.581530
-0.819086
-0.057894
-0.017975
-0.315104
-0.157994
-0.422712
-0.585498
-0.088900
-0.953856
0.537339
-0.602954
0.951415
-0.712821
-0.084384
-0.399274
-0.694510
0.794610
0.203711
0.716483
-0.218604
0.084078
-0.635487
0.467025
-0.855647
-0.356487
0.066622
-0.817743
-0.794977
-0.729362
0.248085
0.233497
-0.826655
0.913633
-0.093295
0.695730
0.366680
0.424787
0.831233
0.675283
-0.874081
-0.504318
-0.966063
-0.923154
0.028962
0.830256
0.838801
-0.632557
0.881710
-0.429365
0.394513
0.361003
-0.445479
0.898068
0.949889
-0.531602
-0.955443
0.741386
0.471847
0.323099
-0.807001
-0.197790
0.562853
0.486190
-0.785089
-0.248085
0.595996
-0.584948
-0.943785
0.569506
0.593799
-0.288003
-0.802301
-0.436872
-0.771966
-0.083468
0.293069
-0.711966
-0.061739
-0.078280
0.214576
0.307779
0.323405
0.663625
-0.240150
0.108737
0.812311
0.005341
-0.828425
0.543626
0.925535
0.269631
0.427839
-0.880734
0.126133
0.527940
0.040742
0.173376
-0.145482
-0.797723
0.286905
0.282144
-0.481796
0.093539
-0.014618
0.109043
-0.683645
-0.847530
0.957823
-0.994079
-0.574816
-0.386456
-0.818781
0.970153
0.008393
-0.142430
-0.508164
0.059481
0.595080
0.310282
-0.597400
0.058321
0.887143
-0.598804
-0.891964
0.739494
-0.177465
0.989929
0.688162
0.170507
-0.285501
0.738456
0.598804
0.575793
-0.359050
0.227149
0.965697
0.560717
-0.860836
-0.372051
0.390728
0.153356
-0.996338
-0.893124
0.082125
0.265542
-0.674123
0.218360
0.725822
0.775506
-0.289041
-0.817377
-0.715934
-0.406293
0.199927
-0.360088
-0.078219
0.865841
0.246498
-0.672720
-0.720756
-0.418195
-0.516526
-0.229408
-0.231666
0.198462
0.226417
-0.145787
-0.697989
0.106296
0.752800
0.620594
0.984924
-0.582568
-0.693594
-0.388470
-0.934141
0.434614
0.794061
0.987365
-0.264077
-0.534776
-0.353191
-0.221656
-0.479049
0.694754
0.245277
0.277261
0.318888
-0.230934
-0.246376
-0.762871
-0.503769
0.478500
0.189062
0.384503
-0.977050
0.079501
0.986877
0.176611
-0.335612
0.477706
0.482589
-0.021882
-0.757500
-0.184790
