0.641469
-0.248756
0.067232
-0.070162
-0.757683
-0.032685
0.597278
-0.093173
0.515305
-0.969970
-0.787042
0.035859
-0.559862
-0.927244
0.331889
0.392010
0.669057
-0.309854
-0.554979
-0.882809
0.610096
0.753716
-0.581652
-0.601306
-0.294595
0.699698
0.724723
-0.002716
-0.563280
0.990234
0.716239
-0.268044
-0.669485
-0.876827
0.486923
0.080111
0.431684
-0.204077
0.152318
-0.321329
-0.066683
-0.648305
-0.314859
0.563829
-0.645741
-0.684133
-0.657949
-0.831294
0.181921
-0.011383
-0.181494
-0.721427
0.301614
-0.746941
-0.888424
0.299783
-0.747734
0.826106
-0.666189
0.073946
0.915525
-0.884701
-0.411054
-0.542222
0.955443
0.194861
0.452620
0.674917
-0.451949
-0.032014
0.308634
0.205603
-0.934446
0.515732
0.152013
-0.757439
-0.025056
-0.062471
0.178442
-0.805780
0.538255
0.772393
-0.334452
-0.653066
-0.075838
-0.594836
-0.557115
-0.512558
-0.756157
0.769951
-0.123325
0.105380
0.681021
-0.260964
0.036531
0.197363
0.301492
0.366619
-0.295206
-0.255104
0.610645
0.843074
0.730033
-0.966674
0.430647
-0.922361
0.389447
0.848689
-0.404035
0.986877
-0.546983
-0.747612
0.542344
-0.062166
0.080172
0.989380
-0.455245
0.961486
0.257179
-0.689505
-0.048433
-0.900815
0.238807
0.391400
-0.370647
-0.055147
0.583544
0.625233
-0.034516
0.728568
-0.225196
0.248878
0.805475
-0.401776
-0.691031
-0.605213
-0.068880
-0.811213
0.149632
0.189795
-0.169469
-0.134007
0.475631
0.803766
0.683523
-0.607593
-0.554491
0.373455
-0.573656
0.443403
-0.997559
-0.408673
0.190527
-0.330058
0.002899
0.831477
-0.232948
-0.080050
-0.557237
0.711173
0.433271
-0.232704
-0.450911
-0.237953
0.698294
0.039277
0.278420
-0.127598
0.540635
0.593677
-0.996460
0.744926
-0.991638
0.425764
-0.356304
-0.687796
0.553514
0.784722
0.367595
-0.821467
0.497971
-0.707389
-0.070650
0.037324
-0.471541
0.118198
-0.565783
0.702567
0.524033
0.460616
0.002533
0.420698
-0.555406
0.043123
0.037996
0.681326
0.914609
0.228980
0.778497
-0.892697
-0.790521
0.372784
0.523728
0.621693
0.666860
0.278115
-0.143406
0.356487
-0.719352
0.620350
-0.225990
-0.422956
-0.832270
0.685781
0.204443
0.922727
0.126011
0.409040
0.919919
-0.747307
0.221107
-0.067782
-0.824030
-0.681936
-0.064974
0.882443
0.510605
-0.088900
-0.570666
0.968383
-0.617908
-0.086764
0.463729
-0.197058
-0.687429
0.570299
0.119480
0.601611
-0.415143
-0.165563
-0.642506
0.597339
-0.750237
-0.645863
-0.192236
-0.788079
0.030488
0.021638
0.573717
0.312052
0.972533
0.220008
-0.239784
0.397259
-0.411237
0.609851
-0.825617
0.746208
0.474166
0.279946
-0.858028
0.559069
-0.276589
-0.515122
-0.079989
-0.773980
0.871517
-0.635731
-0.207862
-0.654286
0.279763
0.611499
-0.831599
0.347697
0.543260
-0.905393
-0.065035
-0.872005
-0.280679
0.497482
0.298624
-0.198889
0.113926
-0.678152
0.803827
-0.980590
0.777215
0.631153
0.244301
0.132969
0.407270
-0.561266
0.982360
0.215979
0.740349
0.397015
0.038911
-0.813349
0.139073
0.617481
-0.709037
0.964904
0.473556
0.413862
0.174963
-0.351848
-0.606677
0.681997
0.568224
-0.918516
0.927732
0.704337
0.744865
-0.781732
0.466842
0.611194
0.033052
-0.601978
-0.597888
-0.512009
0.130711
0.762871
0.095370
-0.568285
0.681936
-0.417646
-0.830805
0.174291
0.219520
0.308634
0.831477
0.805414
0.185034
-0.454085
0.951353
-0.088534
-0.968261
-0.453536
0.639454
-0.973632
0.887631
0.166784
-0.237098
-0.451827
-0.961791
0.786859
-0.189428
0.575793
-0.406781
-0.951598
0.130039
-0.059481
-0.849361
-0.849116
0.809809
-0.780999
0.129917
0.902280
0.790216
0.362407
-0.989135
0.598376
-0.635853
0.288797
0.830988
0.449751
-0.932127
0.134251
0.289407
-0.727103
-0.315958
-0.302408
-0.551317
0.685537
-0.846614
0.156957
-0.319010
-0.611499
-0.543870
-0.534410
0.292825
-0.292337
0.153356
0.917722
-0.340251
-0.561327
0.235817
-0.995727
-0.923826
0.676626
0.255593
-0.561022
0.614002
-0.001312
-0.668264
0.766472
-0.191870
0.604846
-0.750481
-0.674123
0.422163
0.630848
0.682730
-0.055025
0.162511
-0.960875
-0.892392
-0.796747
0.107395
0.086215
0.094028
0.079318
0.840693
0.134312
-0.430219
-0.082736
-0.715995
-0.254189
-0.115085
0.061617
-0.620289
0.344035
0.618641
0.886166
0.659474
0.587878
0.563402
-0.900327
0.206397
-0.767205
-0.600757
-0.447005
0.102084
-0.008087
-0.342387
0.098117
-0.338542
0.042817
-0.611927
-0.323588
0.211646
0.409711
-0.983398
0.182775
0.040559
-0.794244
-0.017609
0.209449
0.069063
0.610340
0.620716
0.460005
-0.679006
0.540880
-0.149998
0.035432
0.279763
-0.032197
-0.418561
0.279641
-0.026521
-0.330241
-0.503708
0.645192
-0.302713
0.561144
-0.262062
-0.696341
-0.493393
-0.904965
-0.953001
-0.617847
0.120151
0.129795
0.815119
-0.038850
-0.243507
-0.503220
0.969481
-0.319437
-0.372417
-0.597339
0.686392
0.574267
0.909909
0.250282
0.682669
0.816828
-0.242592
-0.714713
-0.595996
0.618091
-0.437178
0.523240
-0.823359
-0.874935
0.782586
0.920896
-0.049837
0.731803
-0.788629
-0.032075
0.077303
0.544725
-0.097079
0.115146
-0.280679
0.309061
-0.259499
0.089022
-0.531724
-0.296670
-0.647267
0.696585
0.051119
-0.072481
0.567980
0.962706
-0.247719
0.516343
-0.931944
0.928953
-0.002106
-0.371807
-0.197058
0.665700
-0.006134
-0.039827
-0.115513
0.183691
0.520493
-0.625233
0.482467
-0.049287
0.847041
-0.550584
0.298929
0.213233
0.272256
-0.977599
-0.607715
0.507065
0.572130
-0.562304
-0.665151
0.274880
0.643910
0.461531
0.485702
-0.944395
0.906247
-0.736869
-0.163915
-0.916684
-0.287698
0.319926
-0.629872
-0.750725
0.927549
-0.290017
0.725578
0.042024
-0.113865
-0.284829
-0.761834
-0.697745
0.367656
0.214209
-0.384747
-0.001495
0.963256
-0.228492
0.170751
0.835200
0.885311
0.767937
0.027314
-0.728751
-0.247780
0.004547
-0.476669
-0.181188
0.876949
0.173925
0.599902
-0.501450
-0.838069
0.859859
0.650990
0.624500
-0.797906
0.976440
-0.132298
0.803949
0.892453
-0.387249
-0.753899
-0.357219
0.964904
0.936827
-0.030732
0.967345
0.639088
-0.065035
0.460067
-0.023286
0.441816
0.100314
0.838435
-0.067598
-0.335246
0.411176
-0.939879
-0.214393
-0.799249
0.269265
-0.580126
0.261147
0.606250
0.982849
0.369976
0.796686
0.631275
-0.347819
0.782281
0.167516
0.216163
0.369366
-0.117527
0.265114
0.052522
-0.292398
0.378460
0.797357
0.893796
0.233863
-0.204199
-0.326518
-0.702628
-0.841487
-0.504013
-0.579821
-0.313456
0.754875
0.540452
-0.891537
-0.303690
-0.296060
0.295694
0.308084
-0.522385
-0.007416
0.022004
0.723380
0.075594
0.840754
-0.590014
-0.339702
-0.989990
-0.284158
-0.832392
0.017121
0.745720
-0.268288
0.149083
0.577746
-0.752739
0.740776
0.001373
0.133641
0.196265
-0.185339
0.014252
0.953307
-0.137669
0.166784
-0.690298
0.809442
-0.894284
0.659658
0.239784
0.558763
0.893185
-0.059175
-0.067476
0.835749
-0.220374
-0.551317
-0.228736
-0.840083
-0.931883
0.974731
0.370464
-0.469710
0.701895
-0.148167
0.418073
0.880490
-0.317423
-0.583728
0.814875
0.021882
0.814508
0.425031
0.151769
-0.617542
-0.026887
-0.040193
-0.814875
-0.614368
-0.124546
-0.644093
0.530503
-0.613269
-0.397015
0.894406
0.916807
-0.751518
0.437056
0.451033
-0.645924
0.789544
-0.456832
0.649709
0.154759
-0.064119
0.321512
0.692373
0.831538
0.377544
0.969481
0.224708
-0.806574
-0.873836
0.716666
0.808588
-0.195593
0.991333
-0.675283
-0.672903
0.438765
-0.440474
0.790826
-0.531297
-0.816462
-0.787774
0.703726
-0.039399
-0.663137
0.197546
-0.195654
-0.198767
0.180578
0.598560
-0.386822
0.278481
-0.438826
-0.532762
-0.554674
0.691702
-0.670156
0.339152
-0.473678
0.354961
-0.292581
-0.831111
-0.128880
-0.155004
0.257485
0.681997
0.722037
0.025910
-0.330607
0.842463
0.211463
-0.464156
-0.853511
0.765984
-0.243324
0.382977
0.720084
0.804743
-0.650136
-0.997925
-0.349345
-0.923521
-0.628895
-0.344218
-0.457869
0.409284
-0.490646
-0.509873
0.740349
-0.944395
0.584948
0.503342
-0.120945
-0.413434
-0.902158
-0.581225
0.532029
0.853145
0.880795
0.903073
0.604236
-0.921690
0.846187
-0.152257
0.893551
0.764702
-0.183630
0.644276
-0.206519
0.143956
-0.642140
0.113926
-0.103488
0.538621
-0.970336
-0.575243
-0.598071
0.718192
-0.470321
-0.823969
-0.668630
-0.243690
-0.407086
0.044404
0.324992
-0.428694
-0.593799
0.513779
0.087374
0.562914
0.400922
0.494552
-0.987487
0.367046
0.242897
0.792291
-0.731498
-0.603320
-0.336894
-0.406049
0.054353
0.819086
-0.777581
0.330790
0.443709
0.615955
-0.613880
0.634877
0.066439
0.715812
0.938292
0.329386
-0.939512
0.635792
0.155248
-0.779656
0.486984
-0.708792
-0.293619
-0.999512
-0.896420
0.198645
-0.264138
0.649281
0.752556
0.996094
-0.359905
0.770013
-0.605945
0.478317
-0.406659
-0.258705
0.198096
0.160436
0.248756
0.600330
-0.128636
0.346477
-0.182531
0.371197
-0.229163
-0.910703
-0.072420
-0.831477
-0.215735
-0.755730
0.078158
-0.930296
0.153539
0.846492
0.687185
-0.579943
0.286721
0.969970
0.776055
0.454085
0.776727
-0.998291
0.500961
-0.720328
0.229591
0.173193
0.409955
-0.898984
-0.581103
-0.808588
-0.505295
0.174108
0.213294
0.156529
-0.653554
0.807733
-0.120212
0.990478
0.075228
-0.725333
-0.812799
-0.235878
0.262490
0.886410
0.407392
0.898190
-0.846492
0.101169
-0.907651
-0.741508
0.313089
0.534227
-0.437300
0.884030
-0.665517
-0.285684
0.319559
-0.399274
0.037324
-0.297159
0.804559
-0.866390
0.003571
-0.608509
-0.986633
-0.540269
-0.315714
0.918027
-0.165929
-0.556444
-0.342326
-0.748589
0.938108
-0.763604
-0.369304
0.038179
-0.581042
0.387371
0.844356
-0.577441
0.055696
0.657949
-0.767510
0.242836
-0.181188
0.277566
-0.870418
0.819514
-0.900815
-0.194800
-0.285257
-0.666189
-0.270486
-0.326762
0.719047
-0.798273
-0.164037
0.994751
0.510117
0.572985
0.739128
0.617481
0.299966
-0.828120
0.380413
-0.316568
-0.757500
-0.667043
-0.835688
0.499008
0.034028
0.988769
-0.702872
0.596118
0.142125
-0.490036
0.077670
-0.359050
0.348613
0.595325
0.798578
0.822504
-0.883297
-0.430708
0.496933
0.991516
-0.008515
-0.130345
0.017243
0.109165
-0.557299
-0.052705
-0.390423
-0.849788
0.738762
0.898373
-0.296487
0.247291
-0.796747
0.968505
0.896786
0.909238
0.608997
0.937071
-0.645314
0.981994
-0.524094
0.167333
0.752739
-0.312113
0.191198
0.576891
-0.147191
-0.683218
-0.090732
0.139622
-0.405194
0.043245
0.053804
0.602710
-0.228980
0.693350
0.661061
0.836360
0.836177
-0.217811
0.970275
-0.905820
0.379315
-0.728202
0.284890
-0.707938
0.457320
0.378094
-0.606006
0.953734
-0.243385
-0.952391
-0.016083
0.908261
-0.515366
-0.152684
-0.161351
-0.040193
-0.144505
-0.894528
0.883053
0.164159
-0.614978
-0.741630
0.356548
-0.388165
0.171728
-0.488815
0.689627
0.115085
-0.471541
0.417158
0.573168
0.036470
-0.731864
-0.375958
0.294534
0.147435
-0.033845
-0.855281
-0.315470
0.478927
-0.692923
0.247658
-0.845576
0.841792
0.453047
-0.475692
0.735954
-0.502365
0.863887
0.795221
-0.745476
0.833796
-0.880367
-0.016083
0.869503
0.932371
-0.174474
-0.251381
0.539781
0.109470
0.985839
-0.415876
0.485580
0.508164
0.332377
0.757439
0.004608
-0.752068
0.361370
-0.949156
-0.851131
-0.619678
-0.390179
-0.192175
-0.402570
-0.952086
0.086703
-0.458541
-0.050935
-0.549547
-0.626514
-0.005524
-0.917356
-0.873348
0.962645
0.804743
0.804682
0.024323
-0.423322
-0.444563
-0.110324
0.148717
0.287637
-0.598437
-0.392865
-0.158055
0.834468
0.361919
0.635121
0.840754
0.688040
-0.841792
-0.623768
-0.591845
0.578722
0.694571
0.908750
-0.712333
0.593493
0.644642
-0.121677
0.200354
-0.869076
-0.870235
0.320414
0.921201
0.635731
0.895016
-0.102023
0.906308
0.628895
-0.330302
0.808771
-0.893063
-0.174413
0.595508
-0.346171
-0.374554
0.407514
0.098666
-0.419660
0.368755
-0.355754
0.402997
0.128636
-0.106113
0.681326
-0.664968
-0.319864
0.078585
-0.869869
-0.567064
0.472701
-0.130528
0.982788
-0.831416
0.711966
-0.810663
0.071444
0.627125
0.823664
0.480453
0.191931
-0.115268
-0.241249
-0.310648
-0.725700
-0.696341
0.110508
-0.068575
0.107883
0.157018
-0.381085
-0.673818
0.466292
-0.351543
0.421369
0.588244
0.613880
0.849361
-0.189184
0.937803
-0.219703
-0.868587
0.791864
-0.698111
0.390667
0.409772
0.420270
-0.227515
0.555284
0.114353
-0.172277
-0.197851
-0.254189
-0.355083
0.395001
0.380902
0.796991
0.869198
-0.163060
-0.865780
-0.949156
-0.293069
0.796197
-0.874203
0.884030
-0.471603
-0.384198
0.821345
-0.399274
0.394269
0.311441
-0.573168
-0.846675
-0.298929
-0.628040
0.041963
0.481979
-0.660756
0.235145
-0.400372
0.058931
-0.015534
0.286721
0.945250
-0.516831
0.502365
0.532212
0.227088
-0.718070
0.471847
-0.971068
-0.227821
0.655507
-0.110874
-0.802728
0.342998
-0.750786
0.054781
0.905148
0.456954
-0.768792
0.314066
-0.519944
0.914487
-0.883297
-0.034761
0.562548
0.766900
-0.106357
-0.748527
0.276833
-0.143956
0.196387
-0.105991
-0.902707
-0.718863
0.497360
0.355876
-0.530259
-0.746818
-0.660939
-0.055696
0.823603
0.142613
-0.168859
0.524033
0.303446
-0.692373
0.327433
0.010163
0.880306
0.194983
0.524888
-0.202795
0.556261
-0.843501
0.115452
-0.225929
0.775872
0.600269
0.628590
0.531785
0.376507
-0.998901
-0.459822
0.115085
0.314188
-0.587939
-0.287942
0.996216
0.870602
0.533982
-0.028108
-0.382122
0.126316
0.256996
-0.643483
-0.955443
0.330119
-0.314615
-0.717521
0.175756
-0.873836
0.761162
0.570605
0.127781
-0.611560
0.360881
0.480331
-0.410871
0.944273
0.115757
0.340190
0.399518
-0.378033
0.905210
-0.494491
0.293802
-0.329447
0.918882
0.940428
0.278603
0.784051
-0.931394
0.941221
0.301309
0.797174
0.631458
0.236366
-0.356243
-0.412214
-0.424421
-0.561876
-0.124302
-0.842830
-0.365093
0.436750
-0.041597
-0.696463
-0.518540
-0.358440
0.519761
-0.400128
0.169408
0.181860
0.750481
0.445296
0.452498
0.369976
-0.704398
-0.656911
-0.371075
-0.290445
-0.366314
-0.961547
-0.103610
-0.581652
0.543443
-0.205969
-0.742302
-0.407208
0.382916
0.843196
0.241676
-0.394024
0.848994
0.264931
0.417219
-0.684439
0.483932
0.903989
0.724357
-0.552477
-0.747490
0.944334
0.996277
-0.926817
0.207862
-0.892087
0.986633
-0.788873
-0.494064
-0.012787
0.524644
0.983642
0.217078
-0.716910
0.339885
0.062044
0.032746
0.786004
-0.342448
0.999329
0.639576
-0.559984
-0.828608
-0.628712
0.298013
0.074923
-0.255226
-0.035798
0.973510
-0.485092
-0.615223
0.122349
0.854427
-0.849971
-0.112644
0.385601
-0.918210
0.636891
0.260537
-0.290445
0.323649
0.736625
0.650319
-0.071932
0.616016
0.350810
0.531114
0.638478
-0.027192
-0.399945
0.273965
0.593799
-0.330485
-0.647572
-0.848262
0.804010
0.587207
-0.553331
0.796319
-0.846919
-0.213965
-0.890255
0.556810
0.911252
0.030793
-0.329691
-0.831477
-0.300821
-0.605396
-0.724479
0.543626
0.213965
0.900510
-0.761711
-0.105075
0.800104
-0.147435
-0.631886
-0.932981
-0.444502
0.705008
0.641408
0.692068
-0.888546
0.223060
0.611682
-0.026826
0.216590
0.038484
-0.712210
-0.383831
0.883724
0.729362
0.224158
-0.711539
0.300089
0.787347
0.281777
-0.929197
0.013825
0.933470
-0.329936
0.131993
0.304422
0.987487
-0.594043
-0.665639
0.611255
0.141697
0.779473
-0.927976
-0.264870
-0.814020
-0.250099
-0.586657
-0.193335
0.892758
0.589831
-0.036714
0.745720
0.451399
-0.216407
0.992676
0.376690
-0.568468
0.218787
-0.951109
-0.613697
0.815912
-0.847285
-0.999207
0.491562
0.616688
0.759941
-0.128269
-0.298868
-0.284585
0.170263
-0.424421
0.718070
-0.988159
-0.761101
-0.470870
0.275613
-0.293497
-0.222999
-0.823298
0.677969
0.990722
-0.153172
-0.226051
0.242470
0.938231
0.203284
-0.039216
-0.142186
0.010346
-0.053255
-0.649586
0.199988
-0.599963
-0.316507
-0.076632
-0.487167
0.288736
-0.119114
-0.416913
-0.266579
-0.937559
-0.981567
0.368877
0.379986
-0.646474
0.223487
0.866451
0.710746
0.912595
-0.527757
0.732475
-0.609851
-0.220130
-0.326762
-0.776666
-0.597034
0.365825
0.737663
0.445662
0.715079
-0.746574
0.900876
-0.055574
-0.109592
0.647206
-0.172704
0.294961
0.742119
0.530320
0.745293
0.379009
0.105014
-0.956053
0.267556
0.227454
0.201697
-0.382672
-0.450850
0.838679
0.087069
-0.290994
0.850764
0.620716
0.964904
0.673391
0.403302
-0.904172
-0.823237
0.025056
-0.997620
-0.999207
0.851924
-0.433515
0.282815
0.651234
0.214393
0.327799
-0.998352
-0.517685
-0.244789
-0.704215
0.840938
-0.569201
0.220923
-0.002045
0.584887
0.133824
0.085116
0.215918
-0.623585
-0.484848
-0.906247
-0.553148
-0.709586
0.241493
0.600513
-0.542100
-0.721549
0.474349
0.832698
0.609729
-0.542711
0.655385
-0.253212
-0.032197
0.120884
-0.330424
0.990783
0.517624
0.367534
0.093905
0.968566
-0.365459
0.712333
-0.268410
-0.971740
-0.344035
-0.175268
0.152745
-0.696219
0.791986
0.050691
0.340922
-0.164159
-0.332621
-0.923399
0.404950
0.429731
-0.120579
0.964049
-0.746513
-0.371136
-0.274209
-0.134434
0.255959
-0.286172
0.164342
-0.009857
0.922422
0.771905
-0.979614
-0.859859
-0.874325
0.570605
-0.270608
-0.885556
-0.553697
-0.441511
-0.258705
-0.512375
-0.269143
-0.805780
0.525803
0.317789
-0.280923
-0.457991
0.574023
-0.813288
-0.907407
-0.241310
-0.426862
0.852596
0.357768
-0.849178
0.256508
0.363689
-0.540086
0.739433
0.513779
-0.115879
0.589831
-0.853328
0.342448
-0.691580
0.035432
0.128941
0.358379
-0.897885
0.954222
0.578356
-0.941221
-0.962828
-0.612659
-0.665883
0.455855
-0.026582
-0.704520
-0.770623
-0.544359
-0.526597
-0.203345
0.482894
0.816950
0.883175
1.000000
-0.496811
0.437910
0.822748
0.569384
0.630787
0.703421
-0.620655
-0.029328
-0.387799
-0.322001
0.986084
-0.572924
0.990539
0.726554
0.589404
-0.091464
0.507065
0.393170
-0.671010
-0.754753
0.317789
0.772332
-0.239296
-0.457930
0.775018
-0.184729
-0.444685
-0.274819
-0.367718
0.582018
0.184851
0.621998
0.013642
0.801263
0.824213
-0.452437
0.464705
0.547288
-0.259682
-0.078280
0.158971
0.000336
-0.691214
0.714469
0.568224
-0.499130
0.146153
0.674368
-0.563097
0.819208
0.951109
0.452132
0.070406
0.030915
-0.705618
-0.346660
-0.173193
-0.250710
0.588244
-0.643361
0.335734
0.466597
-0.555528
0.982116
-0.742485
-0.131870
-0.587207
-0.479659
-0.615345
-0.622974
0.137669
-0.653432
0.753410
-0.917722
-0.445967
-0.272683
-0.484603
-0.873348
0.279397
0.537461
0.092013
0.626759
-0.990417
-0.162633
0.927000
0.558214
0.782464
-0.203833
-0.221473
-0.342998
-0.563768
0.210791
0.948424
0.016083
0.787408
0.083834
0.838252
-0.469832
-0.111362
0.716361
-0.009919
-0.732475
0.237037
0.300699
0.561022
-0.002777
0.619922
0.422040
0.724662
-0.000031
-0.744865
0.597766
-0.985473
-0.242103
-0.332316
0.212622
0.100558
-0.292459
-0.666494
0.233863
0.732963
-0.706656
-0.417402
-0.687735
-0.629994
-0.483261
0.335185
-0.889828
-0.674612
0.614734
-0.038301
-0.689261
0.498581
-0.980651
0.417280
0.936216
-0.671255
0.049776
-0.408490
0.666311
0.933714
-0.720634
-0.065035
0.574267
-0.581225
-0.477950
-0.096408
-0.870968
-0.194739
-0.972228
0.913144
0.905393
-0.707999
0.650136
-0.001251
0.138829
-0.863277
-0.800409
0.792230
-0.140416
0.159093
0.780694
-0.770562
-0.865719
0.660939
-0.499496
-0.836726
-0.307413
-0.935789
-0.862423
-0.691275
0.448531
0.291787
-0.244057
0.851314
0.603015
0.381451
-0.264931
-0.204932
0.620838
0.365398
0.573351
-0.781732
-0.642323
0.475753
-0.697073
0.859493
0.131993
-0.356182
0.127842
0.368877
0.769158
0.889523
-0.040864
-0.150243
-0.385052
0.645497
0.275674
0.463363
0.177953
0.434675
-0.919431
0.557115
0.569018
-0.083346
-0.353923
-0.408551
-0.209387
0.233497
0.066195
0.603687
0.576159
0.324870
0.388470
-0.376751
-0.751274
-0.979858
-0.999878
-0.690970
0.186438
0.369610
-0.494858
0.667348
-0.943052
0.803278
0.686331
-0.894467
0.742729
-0.073763
0.792657
-0.074129
0.348308
0.219214
-0.947569
0.340129
0.317484
0.129551
-0.984069
0.141209
-0.308084
0.554552
0.213477
0.643300
0.501572
0.704825
0.487472
-0.936155
-0.742973
-0.807855
0.699087
0.798395
-0.706290
0.234596
-0.760613
-0.333964
0.077975
-0.440596
0.857234
0.511093
0.578600
-0.003937
-0.359905
0.742241
-0.337565
-0.250649
0.090793
0.613697
-0.703909
-0.143284
0.306436
-0.077059
-0.777886
-0.691641
0.770196
0.957213
-0.009735
0.259743
0.371685
0.910337
0.084567
0.674184
-0.287210
0.357952
0.437788
-0.235267
-0.348369
-0.925779
0.390667
0.077242
0.500107
0.109775
0.202429
0.792657
0.231910
-0.695059
-0.452864
0.681265
0.986999
-0.636708
0.744865
-0.969176
-0.505905
-0.192236
-0.488327
-0.810053
0.219886
-0.504685
0.596973
0.699637
-0.111606
-0.506088
-0.184729
0.741142
-0.078036
-0.469588
-0.866634
0.911618
-0.803156
0.229041
0.356792
-0.650807
-0.480880
0.741020
-0.809381
0.810175
0.353313
-0.143895
0.336833
0.315714
-0.515488
-0.942930
0.557115
-0.615345
-0.988769
0.941710
0.527940
-0.066927
0.465804
-0.722098
-0.342448
0.978027
0.897580
-0.697867
0.085482
0.426923
-0.178747
0.567980
0.376019
-0.260781
0.123386
-0.233497
-0.269997
0.839900
-0.597400
-0.446089
-0.458663
0.188635
0.617542
-0.081149
0.735649
0.250710
-0.849605
-0.963988
0.045137
0.119358
0.247597
-0.363018
-0.432661
-0.641041
-0.694143
0.223304
-0.812922
0.240822
0.965514
0.264626
-0.041902
-0.680898
0.351054
-0.379192
-0.175207
0.357646
0.836421
-0.240638
0.225135
-0.110996
0.899899
-0.275246
0.951598
0.075716
0.351909
-0.649770
0.177831
-0.047456
0.397992
0.077364
-0.655568
-0.406720
-0.547960
-0.976318
-0.479965
0.412030
0.003571
0.524644
0.750053
0.120151
-0.159703
0.642140
0.688711
-0.086032
-0.045869
-0.010529
-0.816401
0.442305
0.477157
0.243263
0.307352
-0.423505
-0.924070
-0.794183
-0.609363
-0.762017
-0.514756
-0.939451
-0.198706
-0.183325
-0.357036
0.984985
-0.032991
-0.641591
-0.620228
0.795404
-0.909543
0.452559
-0.639393
-0.531419
0.620777
-0.442793
-0.978454
0.319559
0.766472
-0.235389
-0.099277
0.455489
-0.016694
0.901730
0.823908
0.967528
0.573168
-0.537156
0.254555
-0.971435
-0.761162
0.759941
0.657216
-0.456221
-0.732353
0.710135
-0.344096
-0.782403
0.812067
-0.310038
0.336467
-0.882565
-0.772576
-0.326945
0.790094
0.018036
-0.486068
0.436323
-0.898862
0.674245
-0.031037
0.353008
-0.114536
0.924436
0.991394
0.541490
-0.098178
0.940794
-0.330119
-0.406232
0.379559
0.092563
0.212928
-0.847591
0.625477
-0.621509
-0.779778
0.538560
-0.182714
0.100192
-0.847102
-0.125401
-0.827387
-0.666372
-0.821589
0.890194
0.580981
0.579882
-0.970275
0.168249
-0.386700
-0.114597
-0.889706
0.372600
0.236549
0.808161
0.787591
0.049715
-0.138951
0.847591
-0.872921
-0.932432
0.653432
0.711417
-0.243568
-0.359539
-0.491928
0.001373
-0.242836
0.701163
-0.041963
0.439070
-0.371319
-0.826350
0.403729
-0.340678
0.835505
0.694998
0.187353
-0.650685
0.909299
0.809320
0.793878
-0.148595
0.766839
-0.835994
0.583178
-0.444990
-0.222571
0.223243
-0.639454
0.517258
0.689322
0.373394
0.531114
0.500595
0.300455
-0.775323
-0.569811
0.920835
-0.647023
-0.167333
-0.659658
0.690603
0.585864
-0.105075
0.575793
0.835017
0.577013
-0.163915
-0.600757
-0.835200
-0.270119
0.029633
0.421674
-0.589709
-0.305765
0.359783
-0.770135
0.497665
0.601856
0.356670
0.869381
-0.284585
0.912412
-0.168798
0.912168
-0.455611
-0.106967
0.108921
0.646779
-0.420576
-0.189001
-0.096713
0.770867
0.667165
0.422773
-0.705374
0.222022
0.131809
0.416486
0.800287
0.081210
-0.523118
0.662160
0.278115
0.143590
0.803522
-0.155797
0.216529
0.139561
0.649709
-0.150914
-0.924009
-0.967528
-0.328349
-0.901242
-0.554491
0.514573
0.906858
0.878109
0.338420
0.672964
-0.803217
0.395428
-0.348613
0.953551
0.149510
0.196142
-0.391705
-0.541246
-0.361736
0.419111
-0.440229
-0.195837
-0.385907
-0.108127
0.757744
-0.850581
0.777947
0.542528
0.886532
-0.592639
0.841121
-0.474776
0.500656
0.570055
-0.706778
-0.561876
-0.131138
0.847835
0.594226
-0.037019
0.898373
-0.894894
-0.027009
0.556627
-0.697073
-0.185339
-0.075900
-0.340739
0.745903
-0.516709
0.363994
0.345195
0.443648
-0.475265
-0.583911
-0.721732
-0.777154
0.783624
0.029389
-0.110141
-0.924192
0.264504
-0.642506
0.028169
0.098483
0.337626
0.168188
0.250282
-0.071810
-0.916868
0.442366
0.051119
0.161229
0.704459
0.279519
-0.219825
-0.242836
-0.539476
0.371624
0.642201
0.713370
0.369427
-0.218543
-0.276406
0.919675
-0.266762
0.651234
-0.657094
0.190466
0.073336
-0.236488
-0.466781
0.776482
-0.297342
0.846736
-0.714591
-0.942869
0.132298
-0.177587
0.406354
-0.856868
0.155919
-0.174413
-0.025666
0.001740
0.505783
0.421918
0.643971
-0.099826
-0.709403
-0.429182
-0.598560
-0.129673
-0.008454
-0.403912
-0.983520
0.555651
-0.313456
0.362407
-0.692251
0.228675
0.506394
-0.191382
0.640431
-0.417707
0.770318
0.987243
-0.580676
0.298929
0.567553
-0.450850
-0.481796
-0.611866
0.790216
0.691397
0.046602
-0.630421
-0.499191
0.822199
-0.430036
-0.558336
0.393597
-0.225135
-0.253517
0.016755
-0.609119
0.551927
0.892758
-0.465804
0.446760
0.950621
0.903317
-0.569445
-0.180029
0.931822
0.199988
-0.263894
-0.249306
-0.933592
0.095859
0.059969
-0.775445
0.179540
-0.728202
0.739250
0.055879
-0.135899
-0.090487
-0.534532
-0.368328
0.447188
-0.050874
0.846919
-0.455367
-0.331156
-0.988159
0.106235
-0.816340
0.273782
0.411176
-0.550523
0.705252
0.010895
-0.484725
0.554735
0.645558
-0.734001
-0.465743
0.289834
0.549730
-0.313395
-0.502853
0.788202
-0.867977
0.159520
0.263710
-0.718986
-0.218848
-0.276162
0.616565
-0.635487
-0.184484
0.088168
0.458541
0.266579
-0.474654
0.549242
0.350627
-0.995727
-0.987060
-0.752251
-0.340556
0.079806
-0.440352
0.396405
-0.874752
0.198828
0.650441
0.456648
-0.434797
0.411237
0.194494
0.447798
-0.351543
-0.997864
0.701712
0.406049
0.981506
0.226905
0.087558
-0.353496
-0.937193
0.708304
0.147801
0.363506
0.378826
0.727531
0.681814
0.312296
-0.508591
0.708914
-0.841548
0.951659
0.041658
0.535752
-0.178076
0.153050
0.311930
-0.357952
-0.774407
0.930784
-0.961364
-0.374248
-0.447005
0.574084
-0.160192
-0.016572
0.810724
-0.496872
-0.377850
0.984252
0.216346
-0.532701
-0.918516
-0.647023
-0.407025
0.347392
-0.684133
0.310770
-0.911496
0.308573
0.119236
0.699149
0.444502
-0.291971
-0.527573
0.526048
0.140294
0.450301
0.879208
-0.562853
0.830195
0.734428
-0.351604
-0.186071
-0.607898
-0.382122
-0.579760
-0.046541
0.145726
-0.449019
0.932615
0.245338
0.084811
-0.665090
-0.484664
-0.456648
0.258278
0.705618
-0.188879
0.828303
0.159337
-0.795160
0.869625
-0.335246
-0.291177
0.850337
-0.077303
-0.392987
0.145421
-0.510483
-0.981628
-0.972716
-0.601794
-0.876888
0.590136
-0.685537
-0.940916
0.713675
-0.957884
0.999451
0.449202
0.555345
0.723380
0.616993
-0.998840
0.069308
0.091464
-0.822443
0.214087
-0.582324
0.074740
0.057161
0.606006
-0.620716
-0.522080
-0.753044
0.309977
-0.413862
0.816767
-0.054659
-0.413739
-0.228797
0.865291
0.667470
-0.608875
0.090793
-0.336772
0.828974
-0.374737
-0.725211
-0.297952
0.271279
-0.987671
0.074129
-0.531114
0.212256
0.450423
0.376507
-0.325175
0.998962
0.823176
-0.045198
-0.680960
0.570177
-0.023530
-0.704459
-0.824946
-0.038118
0.640187
0.400555
-0.645985
0.822748
0.141758
0.492721
-0.113559
0.763237
-0.303934
0.336283
-0.942259
0.762017
-0.978454
-0.697562
-0.274697
-0.302042
0.257424
-0.748894
0.713065
0.116184
-0.402203
-0.063265
0.676077
0.507248
-0.896725
0.473983
-0.907407
-0.558519
0.915403
-0.473739
-0.965758
-0.152684
0.387249
0.791314
0.214698
-0.451277
-0.180151
-0.179113
0.227454
-0.241493
-0.535081
0.819758
0.744987
0.435896
-0.982543
-0.239723
-0.332255
-0.939756
-0.738456
0.575488
-0.352641
-0.810175
-0.427839
-0.252052
0.595325
0.967833
-0.464400
0.212134
-0.072115
-0.393170
-0.915708
-0.698050
-0.339396
0.811640
0.188513
-0.079440
0.629322
-0.929930
-0.018036
0.193823
0.121311
0.390667
0.178198
-0.263405
0.242958
0.593432
0.598560
-0.604968
0.017426
-0.905515
0.126926
0.782647
-0.113987
0.466292
0.339763
-0.400372
-0.426435
0.787469
-0.949522
-0.854183
0.141148
-0.104587
0.999390
-0.127659
-0.816950
0.341716
0.493515
0.328898
-0.441755
0.088351
-0.230995
-0.045442
-0.111423
-0.470565
-0.159154
0.888180
-0.631031
0.551500
0.108921
-0.266091
-0.427778
0.940001
-0.061495
0.820124
0.423383
-0.385784
-0.117405
0.823298
0.319254
0.479720
-0.645070
0.471358
0.519028
-0.474471
-0.464034
0.188086
-0.796381
0.942869
0.029511
-0.166417
-0.264565
-0.558458
-0.934080
-0.543260
0.922910
-0.194555
-0.360271
0.563768
0.882748
0.986755
0.359783
-0.835749
0.444929
0.867061
-0.292154
0.429853
-0.748833
-0.583422
-0.576769
-0.893979
-0.837947
-0.244911
0.849727
0.939573
-0.114475
-0.087130
0.454451
0.322123
-0.995666
-0.163610
-0.995605
0.906186
0.361736
-0.909421
-0.267129
-0.815424
-0.293313
-0.481429
-0.216346
-0.764275
-0.113071
-0.731620
0.567614
0.311747
0.513779
0.587756
-0.907773
0.355083
-0.024995
-0.250710
0.921079
0.946043
0.966918
0.297952
-0.291849
-0.476730
-0.859066
0.375225
0.164525
-0.908200
0.944456
0.437117
0.597217
0.307840
-0.219092
-0.905942
0.424055
-0.111972
0.055696
0.447981
-0.288430
0.596850
0.904599
0.412580
0.836360
0.699026
0.042024
-0.054964
-0.048250
0.712394
-0.071383
-0.366863
0.742546
0.509812
-0.569079
0.171667
-0.455794
-0.251503
0.432173
0.128147
-0.824213
-0.686880
-0.342692
-0.207923
-0.284219
0.196142
-0.361675
-0.783990
0.459883
-0.014740
-0.052095
0.569689
0.076693
-0.778253
0.741874
-0.443525
0.353679
0.030610
0.908567
-0.707266
0.171484
-0.293558
0.994568
-0.309854
0.928282
0.781365
0.881466
0.987915
0.751762
-0.179418
0.177465
-0.146702
-0.478133
0.597156
-0.646474
-0.696097
0.429365
0.507859
-0.337687
-0.301187
0.111728
0.278054
0.373577
-0.116611
-0.682730
-0.218360
0.103732
-0.630055
-0.017975
-0.251198
-0.820734
-0.856563
0.260353
0.479720
0.365642
-0.810785
-0.038484
0.998718
-0.712821
-0.084384
-0.532823
0.592761
-0.803522
-0.566149
0.716483
0.594653
0.084078
-0.541063
0.941588
-0.779046
-0.529160
0.906674
0.783441
0.188391
-0.523484
-0.216651
-0.596606
0.342998
-0.253700
-0.611744
0.178991
0.366680
0.424787
-0.351787
0.074496
-0.905515
-0.504318
0.734916
-0.923154
-0.067293
-0.713858
0.952757
-0.792718
-0.453413
0.636586
-0.662709
0.394818
-0.445479
-0.416669
0.503952
-0.833430
-0.955443
0.248390
0.517930
0.323099
0.328837
-0.197790
-0.834956
-0.577685
-0.007965
-0.644093
0.429121
0.046236
-0.943785
0.569506
0.593799
-0.294107
0.670217
0.252297
-0.771966
-0.961241
-0.837764
-0.137608
-0.061739
-0.999756
0.214576
0.307779
0.323405
0.940916
-0.045442
0.182714
0.614246
-0.659841
0.255409
0.543626
-0.919492
0.269631
0.869747
-0.519089
0.289773
-0.800775
0.972716
-0.237953
-0.898679
-0.591357
0.286905
0.282144
0.809565
0.850764
-0.014618
0.719901
0.332987
0.915891
0.012055
-0.994079
-0.502487
-0.386456
0.382305
-0.012421
0.008393
0.868954
-0.626637
-0.608570
-0.252297
0.310282
-0.805597
-0.327433
0.703116
-0.806757
0.030061
0.739494
0.468795
0.989929
-0.955687
0.419599
0.468978
0.738456
-0.934263
0.575793
0.727165
0.207495
-0.034700
-0.470199
0.894162
-0.372051
0.390728
-0.395123
-0.996338
-0.893124
-0.482955
-0.661794
0.360454
-0.846187
0.063692
0.765618
-0.366619
0.435224
-0.377422
-0.777703
-0.565111
-0.360088
-0.278115
-0.059114
0.246498
-0.916623
-0.188086
0.067904
-0.516526
-0.625965
0.190771
0.198462
-0.452559
0.192907
-0.429975
-0.584338
-0.187048
0.620594
0.984924
-0.092074
-0.693594
-0.140965
0.450179
0.434614
0.895810
-0.248390
0.883602
-0.241798
-0.020478
-0.221656
0.842769
0.368816
0.223365
0.759941
0.586718
0.755486
0.868770
0.478500
0.584765
0.507370
-0.065828
0.384503
0.896603
-0.687796
0.986877
0.176611
-0.335612
-0.476974
-0.049043
-0.021882
-0.757500
-0.139866
