0.155309
-0.403790
0.524583
-0.629810
0.903684
0.749199
0.680837
-0.410382
0.281167
0.701712
0.226356
0.887020
-0.067965
0.126560
0.137059
-0.098910
0.097201
0.404035
0.123325
0.549425
0.579760
-0.457686
-0.454573
-0.376446
-0.224952
0.762322
0.731132
-0.804315
0.963256
-0.353130
-0.521409
-0.546007
0.064852
0.757378
0.307291
-0.607288
-0.556688
-0.143406
-0.545824
-0.281106
-0.390973
0.311930
0.871029
-0.301126
-0.165502
-0.445784
0.501205
-0.428877
0.511521
0.182043
0.227577
0.815790
0.981445
0.151769
0.205542
-0.081881
0.873287
-0.888607
-0.451033
-0.267190
-0.368938
-0.344035
-0.075411
0.305216
0.903806
0.980590
0.182958
-0.175573
-0.377300
0.244667
0.319254
0.214820
0.734306
-0.823420
0.709952
0.013276
-0.593127
-0.402326
0.253151
-0.074984
0.402509
0.838557
-0.733451
0.366680
-0.831111
-0.663442
0.532090
-0.938047
0.168004
-0.548875
0.116428
-0.586535
0.730583
-0.781976
0.372967
0.520066
0.927549
-0.071932
0.705313
-0.619312
0.127537
0.618152
-0.366802
-0.288064
-0.991699
0.818720
-0.689077
0.227882
-0.173681
0.235328
0.131565
0.019074
-0.424055
0.103183
-0.819575
-0.769646
0.652394
0.310831
0.413617
-0.184362
0.235939
0.006500
0.687307
0.841426
0.599353
0.323893
-0.148228
0.353801
-0.434370
0.165319
-0.254128
-0.025178
-0.403974
-0.116245
-0.903806
-0.977721
0.424482
-0.890378
-0.132420
-0.045503
0.653249
0.973632
-0.743278
-0.613025
-0.407025
-0.635487
0.275307
0.292398
0.171728
-0.283242
-0.331278
-0.490463
0.905454
0.939451
-0.202124
0.773675
-0.683584
0.007538
0.121677
0.571947
0.755058
-0.175146
0.632191
-0.380047
0.371258
0.406232
0.143406
-0.814203
-0.879940
0.675893
0.628834
0.798334
0.295999
-0.149083
0.391461
-0.239113
-0.661428
-0.632435
-0.967956
-0.073580
-0.859249
-0.833369
-0.650990
0.415693
-0.099155
-0.847468
0.598621
0.431867
-0.236854
-0.838435
-0.796503
0.801508
-0.334635
-0.687735
0.598743
-0.526658
0.129734
0.129368
0.416059
0.909665
0.902036
0.475021
-0.775323
0.596057
0.842830
-0.646779
0.438032
0.991272
-0.137181
0.018281
0.519822
-0.416181
-0.963073
0.778680
-0.562426
0.300943
-0.353984
0.861812
0.399030
-0.281838
-0.330241
-0.784173
0.278237
0.356914
-0.474227
0.525620
-0.058199
-0.219153
0.032991
-0.521531
-0.942015
0.022065
-0.439070
-0.041658
0.927610
-0.557299
-0.886654
-0.339030
0.969665
0.372417
-0.083468
0.708243
0.981994
0.387371
0.140599
-0.672170
0.891903
-0.249489
-0.667470
0.504990
-0.223670
-0.170934
0.393170
0.424360
-0.613269
0.728324
-0.883847
0.967223
-0.927610
-0.532456
0.020234
0.976012
-0.812189
0.753349
0.102756
0.862789
-0.362896
-0.227332
-0.027497
0.670827
-0.486801
0.731376
0.296365
0.512070
-0.337382
0.950194
0.804071
0.776421
0.244789
0.743583
0.980285
0.932432
-0.899167
0.522019
0.220252
-0.030732
0.973937
0.910215
-0.460250
0.871456
-0.904538
0.933409
-0.644276
0.547411
-0.284585
0.978149
0.097812
0.406537
0.808527
0.528611
-0.783319
0.950499
0.658010
-0.616321
0.215369
-0.673086
-0.465438
0.346416
-0.132664
0.098239
0.918149
-0.041963
0.720695
-0.968261
-0.377178
0.967162
-0.962951
-0.957091
0.728568
0.189062
-0.373760
-0.678457
0.512070
-0.085604
0.733573
0.213965
-0.917234
-0.856380
0.846309
-0.074923
-0.418134
0.849910
-0.129124
0.900571
0.503708
0.213355
-0.959227
-0.529588
0.802728
-0.286721
-0.798761
-0.068331
-0.341594
-0.595874
-0.597949
-0.667348
-0.383526
0.301187
0.204260
-0.364299
-0.807917
-0.103305
0.632740
0.051546
0.377667
-0.427961
0.528062
-0.119419
0.941771
-0.014008
-0.567125
-0.892148
-0.324503
-0.074374
0.790948
0.830317
0.695181
0.028291
-0.992553
0.375469
0.303446
0.973022
0.190771
-0.874996
-0.530808
0.946593
0.978881
-0.832820
-0.367229
0.405316
-0.762810
-0.528550
-0.845332
-0.116611
0.056429
0.874142
-0.003815
0.223853
-0.981628
-0.092013
0.887936
0.516404
0.742790
-0.927000
0.411542
0.059053
-0.596362
0.810480
-0.764214
-0.889523
-0.534043
-0.191443
0.136814
0.329814
0.939207
0.754692
-0.449751
0.167211
-0.124546
-0.605945
-0.265847
0.598865
0.021821
0.294046
0.258950
0.486740
0.661611
-0.348491
0.089511
0.813166
-0.088168
-0.176366
0.656545
-0.650380
-0.463790
0.291849
0.837825
0.626148
0.824763
0.251808
0.959288
-0.728446
-0.485397
0.468062
0.556444
-0.500595
0.461165
0.515183
0.236610
0.069369
0.469893
-0.322489
-0.124058
0.577868
0.896970
0.610279
0.251320
0.969787
0.292764
0.622547
-0.242347
0.555406
-0.665090
-0.983032
-0.988220
-0.539781
-0.968688
0.361980
-0.357707
-0.805780
-0.884396
0.950621
-0.296793
-0.832453
-0.688589
0.074984
0.590442
-0.970153
0.259316
0.596912
-0.106662
0.910947
0.176000
0.782586
-0.662404
-0.580004
-0.584948
-0.744072
-0.991089
-0.156957
0.208594
-0.221778
0.011261
0.934812
0.541856
0.091586
0.259926
-0.587024
-0.792474
0.399091
-0.790704
-0.945677
0.109348
-0.627674
-0.441267
-0.806269
-0.854671
-0.128574
-0.943541
-0.408429
0.792962
-0.057772
0.964721
0.458357
0.341594
0.108737
0.447127
0.121372
0.811518
0.991272
-0.266030
0.828364
0.642201
-0.095614
0.206641
-0.522385
-0.042268
-0.808832
-0.652882
0.143345
0.366558
-0.241127
0.209449
0.299661
-0.722526
0.931028
-0.048555
-0.177831
0.104465
0.091891
0.180517
-0.829096
0.925962
-0.365337
-0.640126
0.589526
-0.857356
-0.945067
-0.053133
-0.418989
0.151952
-0.637013
0.082186
-0.734184
0.443525
0.217750
0.327738
-0.927427
-0.790155
-0.850459
-0.479293
0.292703
0.564806
-0.375652
-0.939817
-0.994629
-0.466659
0.342387
-0.504440
-0.381207
0.257973
-0.060823
-0.781121
0.264138
0.495041
0.210425
0.735466
-0.101169
0.531541
-0.051607
-0.381451
-0.000763
0.575793
0.928037
0.632740
-0.574694
0.179601
0.052583
0.384991
0.205054
-0.895993
-0.484359
-0.089694
-0.904782
0.870296
-0.858577
0.348552
-0.306253
0.981750
0.238868
-0.052583
-0.420392
0.527879
-0.731132
0.325541
-0.506943
0.260231
-0.046480
-0.492172
0.732597
0.454878
-0.229652
0.555406
0.360027
-0.753594
-0.958190
0.012238
0.695853
0.709098
0.507248
-0.548509
-0.563890
0.059053
0.898740
-0.931700
-0.447798
-0.497360
-0.256081
-0.430403
-0.041231
-0.421613
0.778619
-0.060762
-0.160558
-0.206091
0.764824
-0.085116
0.415326
0.487472
0.613330
-0.138768
-0.027009
0.288797
-0.011994
-0.478317
-0.120029
-0.016205
-0.804743
-0.080660
0.841426
0.624195
0.878964
0.917356
0.346721
-0.958678
-0.192724
-0.583300
0.421796
-0.032014
-0.380291
-0.842158
-0.086093
-0.599902
-0.721427
-0.344829
-0.152623
-0.576830
0.010102
0.145848
0.300638
0.473922
-0.347453
0.971801
-0.969115
-0.123325
-0.357646
-0.423566
0.127232
-0.803095
-0.817377
-0.592700
-0.048799
0.628224
-0.293619
-0.124668
-0.147984
0.475509
-0.049593
0.947569
0.883663
-0.302469
-0.304056
-0.534715
0.950987
0.580676
0.284097
0.738639
0.536302
-0.544298
-0.108798
-0.536546
0.891354
0.025605
0.335002
-0.650746
-0.251320
0.189184
-0.594104
-0.398602
0.763848
0.047639
-0.613086
0.697623
0.495895
-0.430525
0.346721
-0.817438
0.935911
0.500961
0.771294
0.809259
-0.026887
0.423688
-0.598865
-0.175878
0.774407
0.730033
-0.940611
0.827570
0.079684
-0.087985
-0.578906
0.297647
0.340617
-0.503098
0.003937
-0.663015
0.213233
-0.006745
-0.134434
-0.457564
0.846553
-0.512741
-0.048799
0.933287
-0.639088
-0.065340
-0.021943
-0.765923
-0.297891
-0.755547
0.945494
0.583483
-0.763970
-0.611560
-0.796625
0.240150
0.319681
-0.393353
0.729911
0.293008
0.359416
0.053987
-0.909970
-0.926817
-0.162999
-0.417890
-0.134922
-0.372112
0.260353
-0.740165
-0.383099
0.722953
0.743889
-0.050874
-0.273232
0.064425
0.420820
0.728507
0.765557
-0.772454
-0.946471
-0.372967
-0.131993
-0.944639
-0.903378
0.719718
-0.586108
0.864437
0.165807
0.169713
0.382122
0.325236
-0.960570
0.263405
-0.811945
0.776666
0.690176
-0.670949
-0.812067
0.773431
-0.028962
0.599475
0.666494
0.719901
-0.516953
-0.180761
-0.952818
0.594958
-0.640919
-0.153172
-0.068270
0.132237
0.007538
0.312235
-0.023103
-0.148900
-0.708426
-0.190283
0.167760
-0.053072
0.083163
-0.783441
-0.504868
0.462264
-0.102451
0.570605
0.291360
0.420270
0.161351
0.966674
0.307718
0.773797
-0.677175
0.981628
0.861812
-0.092990
0.551866
0.920713
0.546556
0.201697
0.943968
-0.894162
-0.075045
0.716178
0.634571
-0.499924
-0.161718
0.026093
-0.889096
-0.285989
0.607654
-0.299722
0.072726
0.555956
-0.398236
-0.453413
-0.413495
-0.707938
-0.138768
0.472823
-0.686758
0.440535
-0.819575
-0.653005
0.873226
0.180456
-0.104770
-0.059847
0.637745
0.315592
-0.634388
-0.166784
-0.720023
0.497665
-0.806635
0.950438
0.427107
0.588977
0.486251
-0.220008
0.603076
-0.632435
0.030610
-0.932005
-0.544786
0.110019
-0.183569
0.160741
0.874264
-0.101047
0.741081
-0.143162
-0.420270
-0.549303
0.718131
-0.326456
-0.107089
0.857479
-0.690237
-0.159703
0.059420
-0.564440
-0.044649
-0.374920
-0.799554
0.286416
-0.250587
0.161412
0.192053
-0.443831
0.171361
0.825678
0.555528
-0.071688
0.436445
0.690725
-0.180639
-0.167150
-0.561571
-0.075900
0.951170
-0.400250
-0.627674
0.016511
-0.752129
0.013215
0.596484
0.329875
-0.113926
0.123936
-0.773064
0.214026
0.004120
0.085665
-0.393048
-0.378643
-0.647206
-0.069613
0.377606
0.184912
0.079440
0.775140
-0.456526
0.860714
0.955870
-0.404096
0.116916
0.909421
0.960143
0.317301
0.710990
-0.284158
0.586108
0.900571
0.662160
-0.256691
0.437971
-0.571093
0.864132
-0.728568
-0.443281
-0.598621
0.261879
-0.243263
-0.489975
0.843867
-0.178137
0.873592
-0.788263
0.332438
0.464888
-0.725394
-0.541673
0.561693
-0.052095
0.135289
0.624073
-0.871395
0.521958
-0.419294
-0.591479
-0.916623
-0.943785
0.748222
0.993591
-0.570482
-0.248146
0.856258
-0.844050
-0.300455
0.824458
-0.198035
-0.222083
-0.913938
0.014008
-0.100070
-0.482101
0.800287
0.451460
0.617176
0.163610
-0.170507
-0.472091
-0.582873
0.842647
-0.709342
0.870357
0.191748
-0.541795
-0.610096
0.333842
0.441572
-0.928098
-0.629261
-0.910520
0.989380
0.655568
-0.073214
0.956359
-0.288491
0.790033
0.662282
-0.842036
0.069063
0.256752
-0.202551
0.274941
0.888607
0.521104
0.511887
-0.189489
0.670949
-0.293374
-0.892941
-0.227454
0.312906
-0.495407
0.421125
0.660451
-0.678701
-0.259194
0.367962
0.202124
-0.191748
0.655629
0.188818
0.638478
0.203284
-0.162755
-0.273415
0.456526
-0.042695
-0.788629
-0.638661
-0.108371
-0.498337
-0.416181
0.725333
-0.222327
0.083895
-0.040315
-0.468856
-0.278603
-0.577013
0.160985
0.927976
0.298013
-0.939512
0.928831
0.891415
0.603626
-0.752434
0.451643
0.598498
-0.563463
0.531175
-0.650868
-0.465316
-0.684500
-0.389752
-0.070650
0.491440
-0.121616
-0.565050
-0.046419
-0.156041
0.587939
0.747551
0.494675
-0.622364
-0.747185
-0.977477
-0.469527
0.757500
0.312235
0.334452
-0.192969
-0.713492
-0.368694
-0.682363
-0.030427
0.165685
0.657460
0.116062
-0.837214
0.393170
0.117954
0.908139
0.992676
-0.694571
0.139134
0.537339
0.002228
0.394940
-0.494552
-0.119358
0.048433
0.751396
0.696402
0.119236
-0.289163
0.937803
0.819514
-0.056185
0.866634
-0.379376
-0.363262
0.276406
0.976318
-0.563829
-0.337260
0.862911
-0.371990
0.027070
0.435408
0.182287
-0.035249
-0.922666
0.630360
-0.994079
-0.292032
-0.924558
0.913083
0.430525
0.643422
-0.778558
-0.285623
-0.559618
0.391644
0.185095
0.241981
-0.255104
-0.617908
0.636097
-0.540147
0.273782
0.050691
-0.336161
-0.095614
-0.450789
-0.540757
-0.512436
0.275124
-0.623646
-0.799127
0.477889
-0.922422
-0.702628
0.265297
-0.566820
-0.072176
0.300882
-0.925962
0.552293
-0.565661
-0.393475
0.631336
0.000397
-0.386151
0.051912
0.258339
0.001251
0.350017
-0.850459
0.496811
0.772759
0.017731
-0.683279
-0.333110
0.015168
-0.164953
0.823542
0.479476
0.713981
0.253639
0.493271
0.424299
0.530869
-0.699576
-0.308206
-0.889279
-0.132603
0.046175
0.020173
-0.723563
0.054964
0.390057
-0.764092
-0.036836
0.140294
-0.944761
-0.605945
0.214087
-0.470931
-0.104282
-0.673208
0.529099
0.612476
0.860897
0.307291
0.958800
-0.977721
-0.005768
0.077914
-0.367229
-0.368694
-0.538072
-0.264077
0.474410
-0.602100
0.012543
-0.560228
0.866695
0.626637
0.430097
0.952818
-0.588488
-0.669179
-0.170141
-0.619495
-0.635426
0.793023
0.450423
-0.226661
0.204443
-0.864132
0.681692
-0.759575
-0.369060
0.230445
0.995544
-0.466231
0.522568
-0.500473
0.743034
-0.535508
-0.993103
-0.044099
-0.756340
0.478744
0.123203
0.766228
0.633961
-0.679800
-0.600574
0.485824
-0.172033
0.995911
-0.233741
-0.221778
-0.467818
-0.196265
-0.356365
0.955992
0.477706
0.386517
0.995666
0.440657
-0.398968
-0.121006
0.279946
-0.959838
0.239845
-0.913205
0.944517
0.382305
-0.982543
-0.417402
0.240638
0.499863
0.722831
-0.682119
0.842830
-0.419477
-0.566149
0.871456
-0.905210
-0.273293
0.330058
-0.796564
-0.159032
0.143223
0.040620
-0.715323
0.922239
-0.632008
0.432417
0.342326
0.901120
0.107212
0.050874
-0.863582
0.568407
0.365520
-0.923887
-0.832148
-0.947752
0.491501
0.144322
0.989990
-0.846797
0.575121
-0.844050
0.472274
0.806269
0.489853
-0.116245
0.969787
-0.053804
-0.193579
0.254128
-0.165502
0.147069
-0.543138
0.016022
0.130467
-0.616138
0.018952
-0.661916
-0.944700
0.473128
-0.308390
0.966735
-0.108554
-0.162877
0.033906
-0.983215
-0.530747
0.603137
-0.200842
-0.103000
0.123386
0.515610
-0.378521
-0.160375
-0.639698
-0.660573
0.449446
-0.198828
-0.375713
0.348430
0.590136
0.922300
-0.078097
-0.924375
-0.584521
0.439558
-0.766778
0.284036
0.674245
-0.713187
0.363323
0.706534
-0.717521
-0.392560
-0.894772
0.010041
0.994140
0.024689
-0.468490
-0.391156
-0.025605
-0.901364
0.577685
0.393963
-0.759514
-0.798883
-0.724784
0.685293
-0.728813
0.739555
-0.637501
-0.735527
-0.150914
0.632252
0.953063
0.263283
-0.311686
0.792291
0.694266
0.649281
0.404706
0.617664
-0.164953
0.983215
-0.605396
0.478561
-0.707083
-0.308939
-0.503403
-0.644154
0.232093
0.585253
0.384320
-0.485885
-0.587268
-0.016327
0.407453
-0.455794
0.871395
-0.588733
-0.906064
-0.953612
0.380596
-0.291177
-0.885006
-0.096286
0.273049
0.973937
-0.255287
-0.154942
0.856746
0.254921
-0.977233
0.159764
0.165075
-0.927488
-0.478988
0.235084
0.314249
-0.690054
0.911985
-0.604602
-0.431379
-0.010529
0.929258
-0.100497
0.733695
-0.458357
0.149144
-0.758049
0.520310
-0.847224
0.309122
-0.818537
-0.844600
-0.618152
-0.615101
-0.531602
-0.070284
0.989563
0.326456
-0.630299
-0.271645
0.138401
-0.511643
0.701956
0.712760
0.479293
0.899533
-0.988586
-0.680593
-0.561876
0.301187
0.357280
0.241920
0.657704
0.834040
-0.153294
0.777459
-0.496139
0.671377
-0.590930
0.367901
0.576464
-0.256020
0.845637
0.826228
0.358989
-0.150365
-0.185644
-0.208106
-0.759148
-0.893368
0.656850
0.762322
0.167211
0.386456
-0.301126
0.008637
0.260048
-0.515793
0.194128
-0.374981
-0.161901
-0.249794
-0.869259
0.058504
0.108554
-0.769219
-0.427107
-0.000092
-0.456526
0.719840
0.195471
-0.231788
0.404889
0.565416
0.571276
-0.361980
0.919614
-0.259194
0.096835
0.134190
-0.413862
0.821100
-0.366314
-0.276162
-0.743522
-0.739616
0.340983
0.346965
0.225379
0.376995
-0.072420
-0.521653
-0.875729
0.715262
0.898312
0.594104
-0.079012
0.217627
0.383587
-0.336650
-0.651296
-0.969970
0.835994
-0.260659
0.718925
0.261452
0.127354
0.600696
-0.687490
-0.145054
-0.231910
-0.333415
-0.655995
-0.799310
0.998718
-0.978515
0.620899
0.090915
-0.322245
0.387310
-0.936827
-0.651967
0.879879
-0.904294
-0.018708
0.536546
-0.207007
-0.963744
-0.577258
-0.762566
-0.076876
0.714103
0.412152
-0.541429
-0.077364
-0.587756
-0.524644
-0.564135
0.926023
-0.803949
0.845637
-0.354167
0.730705
0.088168
0.412946
0.949156
0.610401
-0.290689
-0.809320
-0.462630
0.212500
0.938414
0.576769
0.222327
0.864620
0.590503
0.666250
0.544725
-0.352702
-0.817194
0.568468
0.829768
-0.788629
0.963866
-0.948668
