-0.638539
0.305582
0.635914
0.527573
-0.237526
0.918455
0.018097
-0.210181
0.770684
-0.437971
-0.811090
-0.318827
0.605762
0.328837
-0.774773
-0.890622
0.330363
-0.328104
0.972289
0.926389
-0.632313
-0.972839
-0.495224
0.911557
-0.139866
-0.653188
0.838191
-0.739311
0.447859
-0.487838
-0.560717
-0.662465
0.798334
0.868282
0.139134
-0.680349
-0.336528
0.705374
-0.544176
0.610645
0.466231
0.626331
0.921690
0.289163
0.209143
0.841243
-0.593066
-0.613941
0.032929
-0.615833
0.287454
-0.658681
-0.583422
-0.233253
0.885617
-0.100436
-0.553819
-0.859737
-0.892087
0.923460
-0.494003
0.791375
0.052461
-0.432173
0.016205
-0.431196
-0.405988
0.108615
0.850581
-0.191504
-0.555773
-0.329875
-0.157628
0.245399
0.788568
0.243629
-0.095126
-0.291726
-0.125156
-0.073763
0.442610
-0.500168
-0.510544
-0.421186
0.376568
0.244850
-0.604297
0.547594
0.871517
-0.147740
-0.271401
0.093051
0.890011
0.805292
-0.060335
-0.732047
0.551073
-0.409833
-0.423200
-0.770745
-0.985412
-0.372356
-0.882992
0.932066
0.964965
0.404157
-0.771722
0.009186
-0.052217
-0.268227
0.198035
0.299112
0.791314
0.096530
0.547899
-0.769646
0.131626
-0.715201
-0.898068
0.675832
-0.271889
-0.316202
0.173009
0.142613
-0.402142
0.756645
0.344157
0.860775
0.898129
-0.365337
-0.085177
0.173803
0.993774
-0.357341
0.032868
0.042207
-0.874264
0.250710
-0.115635
0.137364
0.204138
-0.325541
0.464400
-0.955077
0.059542
-0.954588
0.920408
-0.696097
0.403729
0.992065
0.113681
0.650929
-0.336711
-0.812860
0.268410
-0.249489
-0.412702
-0.404157
-0.747063
0.685476
-0.346599
-0.353862
-0.375042
-0.650929
0.520554
-0.785455
0.843928
0.650197
-0.879940
-0.472518
-0.377056
0.922727
0.614917
-0.000702
-0.480148
-0.291849
-0.238746
0.948729
-0.418134
0.621632
0.155553
0.713370
0.701163
-0.966491
-0.562059
0.395978
0.599719
0.657643
-0.397443
0.506699
-0.555589
-0.109836
0.468795
0.460738
-0.035798
0.295206
0.599963
-0.670766
0.164769
0.885311
-0.846065
0.301675
-0.992492
-0.789178
-0.842708
0.908078
0.059542
-0.999023
0.071383
-0.613453
-0.626331
-0.021638
0.700125
-0.579028
0.108554
0.782647
0.551683
0.289224
-0.603626
0.045198
0.382366
0.210608
-0.528062
-0.419172
0.730766
-0.044710
0.008332
-0.801874
0.020295
0.592822
-0.981262
-0.185583
-0.546617
0.061556
-0.926389
0.312906
0.657826
-0.908872
-0.584216
-0.230323
-0.060579
0.356853
-0.145482
0.329875
0.255959
-0.766289
0.068819
0.558214
-0.760613
0.473067
0.160131
-0.625111
-0.209998
-0.369243
-0.638295
0.330058
0.104160
0.256142
-0.517075
0.152501
-0.881222
0.975829
0.968444
0.817621
-0.839473
-0.099277
0.377728
-0.895322
-0.365276
0.647633
-0.271462
0.459517
-0.996582
0.818293
-0.835444
-0.821345
-0.007965
0.258889
0.162694
0.752434
0.049593
-0.864071
-0.785882
0.522019
-0.460494
0.105319
-0.425275
0.622913
0.062288
-0.950194
-0.243446
0.888974
0.283120
0.751396
0.474654
0.108005
-0.256874
0.414899
0.082308
0.613025
-0.343974
0.601672
0.265053
0.534715
0.636708
-0.608936
-0.687735
-0.681631
0.745964
-0.653859
-0.613697
-0.247230
0.720695
0.857784
0.281533
-0.621632
-0.026337
0.673635
0.776788
-0.111728
0.418806
-0.651112
0.272317
0.571947
0.068026
-0.003265
0.128574
0.364666
0.073153
-0.800226
0.904965
-0.900449
-0.370708
-0.820124
0.671865
-0.220130
0.150365
-0.835810
0.774163
0.597827
-0.700064
-0.354289
0.283975
0.624134
0.391644
0.921812
-0.754814
-0.358135
-0.324198
-0.364299
0.081393
0.958861
-0.660451
-0.492477
0.778436
-0.234779
0.549608
0.030183
-0.438093
0.710379
0.282876
0.750664
0.056551
0.083102
0.942625
-0.149022
0.508713
0.121494
0.786798
-0.497909
0.773064
0.784417
-0.707694
-0.357707
-0.677786
-0.191748
0.012543
0.308939
-0.871639
0.610828
0.921018
-0.070956
-0.798639
-0.179296
-0.326395
0.502670
0.845943
0.497055
-0.862239
-0.648000
-0.073641
-0.649403
-0.486496
0.285684
-0.810968
0.645741
0.427900
0.715934
-0.063936
0.335795
-0.482894
0.654408
0.886593
-0.013092
-0.946654
0.783685
-0.798334
0.976806
0.759758
-0.760613
-0.661000
-0.884457
-0.122105
-0.192419
-0.354106
-0.405255
-0.023103
-0.009674
-0.945921
-0.266457
-0.475448
-0.482467
-0.215857
0.368206
-0.931700
0.183996
-0.412458
0.121250
0.033906
0.855525
-0.490219
0.925291
-0.607410
0.581408
-0.966063
0.910031
0.386883
0.741935
-0.889096
0.741020
-0.004913
0.411298
-0.286416
-0.065584
-0.983764
-0.705985
0.916074
0.360393
0.222755
-0.612964
-0.345073
-0.070406
0.678335
0.636464
-0.498398
0.981811
-0.861385
0.338420
-0.292520
0.108921
0.165990
-0.819391
0.786615
-0.480758
0.626453
0.518479
-0.500412
0.764153
0.274758
-0.442793
0.023957
0.723319
-0.750908
0.782586
-0.006928
-0.074190
-0.086947
0.134068
0.030610
-0.394574
-0.479720
0.863704
0.010102
0.226173
0.949767
-0.292520
0.683218
0.110263
-0.579821
-0.558092
-0.981017
0.268410
0.847957
-0.990783
-0.652699
-0.294656
-0.608753
-0.286172
-0.058809
0.166906
0.834407
0.079012
-0.421430
-0.414838
0.933958
0.265175
-0.971557
-0.663442
-0.052828
-0.598437
-0.589038
-0.870113
-0.750175
0.824885
0.304971
-0.743583
-0.398114
-0.542589
-0.648549
0.515610
0.551439
-0.194861
0.094638
0.550645
0.195715
0.678274
0.420881
-0.132786
0.661306
-0.240211
-0.560656
-0.024567
-0.814508
0.555712
-0.687002
0.005951
0.033052
0.327860
-0.036348
-0.469283
0.431013
0.525559
0.780816
0.145299
0.931700
0.665151
-0.882382
-0.299783
-0.160985
0.812738
0.730033
0.642140
0.059725
0.543870
-0.559557
-0.858943
-0.078829
-0.683828
0.186743
-0.120029
0.487777
-0.583850
0.011750
-0.762627
0.013703
0.672475
0.256508
0.168310
-0.986633
0.377422
0.938475
-0.645314
-0.769768
-0.284951
-0.282327
0.501755
0.528306
-0.538255
-0.645009
0.677602
0.255470
0.162511
-0.338481
0.231605
-0.596484
0.487228
0.806330
-0.162206
-0.951292
0.892758
-0.075533
-0.602954
-0.140782
-0.626576
0.402875
0.365215
0.464949
-0.046480
-0.979125
0.790582
-0.024567
-0.229774
0.064791
0.765618
0.325602
-0.056856
0.488693
0.663503
-0.276833
0.298990
0.237587
-0.981567
-0.928770
0.186865
0.722037
-0.695669
0.107944
0.482894
-0.867428
0.982849
-0.733512
-0.304788
-0.034211
0.075106
-0.324259
-0.291055
-0.272744
-0.804010
-0.274758
0.451949
-0.398114
-0.417219
0.374493
0.875362
0.088473
-0.405011
-0.482406
-0.508774
-0.608020
0.092074
0.528550
-0.431440
0.744011
0.208960
0.287454
-0.307840
0.530992
0.102329
0.510056
-0.456893
0.440352
0.986023
0.549364
0.503647
-0.344829
0.283547
-0.372723
-0.441694
-0.521897
0.565416
0.927427
-0.323893
0.992370
0.687063
-0.174352
0.535142
0.612476
-0.766655
0.469649
0.604297
0.636952
0.246864
-0.258827
0.478744
-0.460799
-0.512436
0.605823
-0.496323
-0.021577
-0.455672
0.840327
0.329814
-0.061007
-0.055940
0.598926
0.762505
0.863521
-0.572985
-0.397565
0.424787
-0.387555
0.721671
-0.908506
-0.542833
0.922910
-0.906552
0.060518
0.282266
-0.211707
0.589831
0.707633
-0.665883
-0.905576
-0.837947
-0.924009
0.627857
0.687002
-0.586901
0.325968
0.376324
-0.770257
-0.002960
0.423688
0.806879
-0.211707
0.820124
0.737968
0.061190
-0.275674
-0.909787
0.519517
0.591845
0.817743
-0.491623
0.266396
-0.103793
-0.432783
0.059359
-0.484298
0.808771
0.634205
0.630360
-0.105869
0.906858
0.440352
-0.681509
0.909421
-0.501938
0.549669
0.009857
0.154881
0.276284
-0.510178
0.916868
-0.645924
-0.579394
0.412763
0.370830
-0.393353
-0.743889
0.367290
-0.830439
-0.300760
-0.103610
-0.925291
-0.543199
-0.805231
0.262734
-0.225990
-0.944212
0.900510
0.735405
-0.399396
0.698904
0.991638
-0.943419
0.134983
-0.562731
-0.958922
-0.296609
-0.577319
0.995972
0.109470
-0.824152
-0.408612
0.180822
-0.117100
0.063631
-0.339274
0.564867
-0.981140
-0.469161
-0.226112
-0.302591
0.657155
0.813349
-0.513230
-0.073458
0.933653
0.283303
-0.731559
0.229286
-0.221290
-0.293680
-0.616810
0.915464
0.639698
-0.024384
0.242286
-0.051057
-0.107456
-0.764946
-0.717887
-0.580981
-0.968139
-0.166478
-0.246559
0.656667
0.514084
0.286538
-0.176611
0.002228
0.817438
-0.972228
-0.790826
0.267190
0.839290
0.632008
0.428083
0.935484
0.006317
0.485397
0.960814
0.218543
-0.528245
0.970336
-0.120579
0.077486
-0.242225
-0.242714
-0.196631
-0.103488
-0.296243
0.638966
0.716178
0.468490
0.762139
-0.161718
-0.902585
-0.496811
-0.025605
-0.458296
0.830805
0.697501
0.225929
0.704215
-0.961852
-0.366008
0.193213
-0.291665
-0.538316
0.263710
-0.644093
-0.992615
-0.653005
-0.791498
-0.551927
-0.638478
-0.430036
0.148473
-0.328532
-0.119358
0.283120
0.901181
-0.751762
-0.394818
-0.522568
-0.488449
0.822138
0.422163
0.395917
-0.233619
0.062349
0.818659
0.438093
-0.332072
-0.338237
0.758721
-0.066073
0.820551
0.701285
0.126438
-0.407270
-0.984497
0.621509
-0.468368
0.103427
-0.121311
0.980224
-0.690237
-0.141697
0.932676
0.161962
-0.044649
0.973266
0.028657
-0.830195
-0.204627
0.293985
-0.929258
-0.908444
0.877865
0.578478
-0.779534
0.722465
-0.378155
0.016449
-0.769341
-0.929991
-0.189062
-0.118625
0.951170
-0.634205
0.089877
0.750603
-0.556261
-0.778924
-0.082492
-0.908322
0.440291
-0.392193
-0.425031
0.566637
0.703787
0.900571
-0.727042
-0.733879
0.177526
0.500534
0.569506
-0.928953
-0.852657
-0.344279
-0.905637
-0.538011
-0.050508
0.898984
-0.211158
0.233070
-0.406232
0.911740
0.723014
-0.083285
0.684317
0.312845
0.155370
-0.492355
-0.926939
-0.902585
0.044221
0.985351
0.243934
-0.047456
-0.559496
0.671560
0.596484
-0.286966
-0.448225
-0.075961
0.413190
0.772637
-0.405560
-0.426374
0.011505
-0.146458
0.229652
0.061190
-0.052461
0.254616
0.489059
0.710318
-0.984985
-0.783624
0.035676
-0.875179
0.389386
0.274880
-0.189489
-0.252541
0.973754
-0.003876
-0.235511
-0.799738
0.034333
0.623218
0.576159
0.899411
-0.260720
-0.413495
0.235206
-0.858150
-0.016083
0.458724
-0.550645
0.199805
0.898312
0.065523
-0.457930
0.795160
-0.558397
-0.007721
0.881893
-0.301187
0.284829
-0.653066
0.007416
0.541002
0.676870
0.522935
-0.899838
-0.762505
0.452071
0.969359
-0.387249
0.146214
0.561083
0.658620
0.713736
0.053865
0.096408
-0.449202
-0.849239
0.938963
0.869808
0.817255
0.770379
-0.890744
-0.328227
0.528428
-0.477157
0.912717
-0.383709
0.231056
0.810480
0.274514
0.908444
0.865658
-0.406720
-0.931639
-0.181799
0.375591
-0.996948
0.482162
-0.029084
0.221778
-0.367901
0.727470
-0.567370
-0.971862
0.754631
-0.666311
0.760674
-0.474044
0.614490
-0.183630
0.462264
-0.854183
0.605090
-0.973022
-0.870907
0.821284
0.655812
-0.111545
-0.786431
-0.307840
-0.495407
0.531175
0.460677
0.030915
-0.683096
0.319376
0.840571
0.207556
-0.360393
-0.623402
0.192785
0.343913
0.401593
0.363750
-0.678701
0.138707
0.830866
-0.007904
-0.785882
0.314676
-0.542528
0.937132
-0.556078
0.038179
-0.866451
0.482345
-0.518845
-0.080966
0.669790
0.232521
-0.447554
-0.753044
-0.553636
-0.672048
0.982238
0.752434
-0.982971
0.384930
-0.445845
0.215674
-0.859859
-0.616749
0.838252
0.302225
0.281777
0.208655
0.481735
-0.250954
0.085360
0.631825
-0.340739
-0.804682
-0.086947
-0.184973
-0.072909
0.965453
-0.782403
-0.453047
-0.862728
0.357402
0.650868
-0.431013
-0.939329
-0.923948
-0.046602
-0.801447
-0.648549
-0.999145
0.436079
0.641591
0.975036
0.413984
0.990417
0.247902
-0.970946
0.142308
-0.943236
0.314005
0.741935
0.711112
-0.725761
-0.614368
0.762017
0.354289
-0.845027
0.807367
0.156346
-0.048311
0.206763
0.593005
-0.192602
0.602100
-0.709769
0.253151
0.265297
-0.715629
0.684194
0.082614
-0.925962
0.576525
-0.087130
-0.232521
0.446333
-0.482528
0.144261
0.445906
0.192785
-0.019929
0.304178
0.451827
0.010773
0.964293
-0.470687
-0.385296
0.204688
-0.293863
-0.593616
0.930723
0.270302
-0.846858
0.597766
-0.465255
0.593738
-0.751335
-0.748650
-0.707450
0.350688
0.318339
-0.932249
0.130100
0.187170
0.779473
-0.886654
-0.336955
-0.987854
-0.625660
-0.550279
0.047334
0.670766
-0.019501
0.482162
0.762627
0.593188
0.605823
-0.383099
0.411054
0.627857
-0.828791
0.900571
-0.606983
-0.678762
0.174169
0.616871
-0.650014
-0.207923
-0.171117
-0.685476
-0.535264
0.184484
-0.498032
-0.840815
0.889035
0.512131
0.859615
-0.564867
-0.074435
-0.635426
0.881527
-0.520798
-0.348796
-0.488998
-0.460982
0.378094
0.646352
0.947020
0.773858
0.297464
0.802667
0.950499
0.946471
-0.010224
0.097995
-0.175695
-0.964904
0.022858
-0.320048
-0.011261
0.154881
0.806207
-0.011689
0.269814
-0.476180
-0.966308
-0.971984
0.548509
0.176061
-0.104831
0.455061
-0.303690
-0.178014
-0.966674
0.288980
-0.411359
-0.590991
0.506760
-0.031770
0.375286
0.298807
0.800348
-0.168065
-0.268899
-0.157262
-0.247414
0.386212
-0.093417
0.894833
0.219947
-0.888607
-0.457747
-0.087130
-0.061251
-0.132969
-0.626759
0.749626
0.272988
-0.764458
0.076266
0.494552
0.624317
-0.092318
-0.961913
0.177404
0.297769
-0.240150
-0.709464
-0.327189
-0.796258
0.674917
-0.372356
0.840510
-0.677908
-0.813410
-0.744804
0.977783
0.869442
-0.767449
0.593677
-0.445540
-0.113254
0.906613
0.168004
-0.806452
-0.466720
0.848384
0.844783
-0.056246
-0.487533
0.906674
-0.043306
-0.985107
-0.245949
-0.480697
-0.751701
0.004730
-0.661916
-0.314920
0.013092
0.936155
0.966735
-0.511460
-0.610218
-0.572130
-0.338908
0.300638
0.323283
-0.888180
0.992492
0.123386
-0.893918
0.852901
-0.925596
0.081088
0.136265
-0.370952
0.103183
-0.162816
0.614978
-0.847163
-0.585681
-0.446089
-0.064730
0.713675
-0.494003
-0.246864
-0.666250
0.157445
-0.569384
0.610096
0.847163
0.663930
-0.778314
0.836482
0.315653
-0.496689
-0.406720
-0.880673
0.439802
-0.505905
-0.107883
0.932493
0.496506
-0.873470
0.226539
-0.530442
0.312662
0.576220
-0.125767
0.013398
0.711295
0.372539
0.902951
0.219642
-0.607532
0.901669
-0.270180
0.452681
-0.911313
-0.521714
0.359294
-0.228248
0.008454
0.642933
0.478561
-0.231666
0.491501
-0.773858
-0.639332
0.725333
0.041780
0.322367
-0.712149
0.101413
0.905026
0.629261
0.785211
0.195227
0.044954
0.916868
-0.510239
0.932432
0.969237
0.441694
0.347148
0.498642
-0.291604
-0.631642
0.771172
0.501328
0.643422
-0.033296
0.778985
0.940794
-0.781610
0.742973
0.849605
0.314249
0.109409
0.355754
-0.604602
0.789972
-0.658071
0.573046
0.878414
-0.928098
-0.613269
0.902097
0.011139
0.023347
0.868404
-0.877499
0.347148
-0.403851
-0.793085
0.071078
-0.531602
-0.053560
0.710135
0.281411
0.671560
-0.342143
0.804987
0.848140
0.701956
0.001251
0.532640
0.863338
0.784722
0.122898
-0.782220
0.301187
0.594348
0.588794
-0.638295
0.546251
-0.687735
0.349345
0.182836
0.600024
0.219886
0.729728
-0.408551
0.715201
-0.495102
-0.601062
-0.221290
-0.294656
-0.185644
0.710135
-0.852290
0.411664
0.772271
-0.317972
0.986877
0.122166
-0.766900
-0.136265
-0.729118
-0.277261
0.130406
0.997314
-0.328715
-0.197974
0.091159
-0.542589
0.108554
-0.232521
0.873470
0.051363
-0.131748
-0.672231
0.609119
-0.388165
0.119175
-0.073885
-0.486190
0.558519
-0.684011
-0.590320
-0.331767
-0.217322
0.734977
-0.611805
0.080538
0.607959
-0.438398
-0.405011
-0.872372
-0.078585
-0.396283
0.329325
-0.627430
0.577136
-0.561815
-0.646901
0.000641
0.540269
0.354411
0.993469
0.442183
-0.357646
0.307657
-0.903317
0.147923
-0.907407
0.718925
0.317850
-0.213050
-0.712882
0.820673
-0.766167
-0.707633
-0.384869
-0.131748
0.350261
0.363018
-0.076632
0.416486
0.932554
0.621937
-0.714652
-0.785699
-0.634144
-0.230262
-0.048555
0.169286
-0.982177
-0.981017
0.598682
0.082247
-0.268410
-0.684500
-0.449507
0.154393
-0.616260
0.243751
-0.372662
-0.625904
0.210242
-0.247841
-0.523667
-0.562853
0.395184
0.196814
-0.623096
0.657704
0.046724
-0.977905
-0.152196
0.633534
0.448286
0.380657
0.668630
0.576769
0.324259
0.206458
0.556749
-0.598071
-0.408063
0.355876
-0.967040
0.767327
0.923215
-0.971679
0.044893
0.352886
