0.155309
0.177465
0.524583
-0.629810
-0.205542
0.749199
0.680837
-0.410382
0.281167
0.701712
0.226356
-0.944884
-0.067965
0.499374
-0.691092
-0.098910
0.097201
0.924009
0.123325
0.549425
-0.571215
-0.457686
-0.454573
-0.929624
-0.224952
0.762322
0.731132
-0.804315
0.321390
-0.353130
-0.521409
-0.546007
0.064852
0.757378
0.307291
0.061739
0.031465
-0.143406
0.342692
-0.281106
-0.390973
0.311930
-0.040193
-0.152989
0.112522
-0.531480
0.501205
0.030549
0.511521
0.002350
0.989624
0.760979
0.582568
0.151769
-0.935850
0.040986
0.873287
-0.567736
-0.519395
0.012238
0.885983
-0.344035
-0.192541
0.675283
0.903806
0.980590
0.182958
0.719596
0.949034
-0.040498
0.815424
-0.917844
-0.080050
-0.278115
0.415937
-0.048433
0.597400
-0.402326
0.253151
-0.153600
-0.845637
-0.030610
0.281167
0.366680
-0.831111
-0.663442
-0.545457
0.981017
0.043794
-0.548875
0.116428
-0.586535
-0.771172
-0.781976
-0.801874
-0.134312
0.927549
0.118320
-0.681997
0.167516
0.127537
0.618152
-0.366802
0.397076
-0.991699
0.818720
0.979431
-0.349956
-0.464644
0.251564
0.198035
-0.659780
-0.296609
0.606067
-0.819575
-0.769646
0.652394
-0.854366
0.413617
0.891232
0.235939
0.006500
0.687307
0.841426
0.979125
0.323893
-0.148228
0.353801
-0.605884
0.165319
0.632008
-0.025178
0.928892
0.875301
-0.903806
-0.977721
-0.405805
0.857051
-0.132420
0.754265
0.840693
0.973632
0.769036
-0.123569
-0.407025
-0.635487
0.017060
0.292398
-0.119175
-0.283242
-0.331278
-0.677175
0.905454
0.939451
-0.202124
0.773675
-0.683584
0.007538
0.121677
0.571947
0.755058
0.656972
0.632191
-0.380047
-0.169774
0.813654
0.603381
-0.814203
-0.879940
-0.898618
0.628834
0.693411
0.959105
-0.149083
0.391461
-0.387555
-0.432051
-0.248573
-0.709891
-0.073580
-0.859249
-0.833369
-0.650990
0.415693
-0.099155
0.777581
0.598621
0.043611
-0.740776
-0.838435
-0.796503
-0.920225
-0.334635
-0.687735
0.598743
-0.526658
0.129734
0.129368
0.416059
0.909665
0.902036
0.475021
-0.775323
0.242042
0.842830
-0.646779
0.438032
0.991272
-0.137181
0.018281
0.519822
-0.416181
-0.963073
0.778680
-0.562426
0.300943
-0.353984
-0.941588
0.399030
-0.281838
-0.330241
-0.784173
0.278237
0.356914
-0.474227
0.525620
-0.622120
-0.219153
0.122227
0.116245
-0.942015
0.022065
-0.439070
-0.041658
-0.842341
-0.557299
-0.886654
-0.339030
0.969665
-0.251869
0.334513
0.708243
0.981994
0.387371
0.140599
-0.672170
0.891903
-0.249489
0.618091
0.504990
-0.223670
-0.238746
0.393170
-0.875179
-0.401288
0.728324
-0.883847
0.967223
-0.927610
-0.532456
0.020234
0.376202
-0.149388
0.753349
0.992370
0.206702
-0.362896
-0.227332
-0.027497
0.670827
-0.486801
0.731376
0.296365
0.512070
-0.337382
0.950194
-0.434553
-0.991272
0.244789
0.792779
0.980285
0.876705
-0.899167
0.522019
0.220252
-0.030732
0.973937
0.910215
-0.460250
0.871456
-0.794183
0.933409
-0.341044
0.547411
0.736930
-0.964843
0.097812
-0.345805
0.808527
0.528611
-0.783319
0.950499
0.658010
0.899594
0.215369
-0.666128
-0.465438
0.346416
0.225745
-0.863643
-0.307169
-0.041963
0.720695
-0.968261
-0.579943
0.967162
-0.962951
-0.957091
-0.410504
-0.270363
0.712394
-0.678457
0.512070
-0.722526
0.733573
0.213965
0.129429
-0.856380
0.846309
-0.074923
-0.159764
0.849910
-0.299173
0.900571
0.503708
-0.220130
-0.968627
-0.529588
0.802728
-0.286721
0.932798
-0.068331
-0.341594
-0.927061
0.966796
-0.667348
-0.345561
0.601306
0.945921
-0.548936
-0.389386
-0.342692
-0.551622
0.051546
-0.047151
-0.427961
-0.627491
-0.119419
-0.548387
0.312540
-0.567125
-0.892148
0.958556
-0.074374
0.790948
0.830317
-0.441939
-0.790033
-0.992553
0.375469
0.303446
0.492843
0.190771
-0.874996
-0.732109
-0.059481
0.677847
0.308939
-0.367229
0.405316
0.780023
-0.469222
-0.845332
0.242531
0.056429
0.534959
0.097690
0.223853
-0.981628
-0.092013
0.887936
0.516404
0.742790
-0.927000
0.411542
0.059053
-0.596362
0.810480
0.629505
0.017304
-0.534043
-0.425153
-0.194678
0.845759
-0.946654
0.754692
-0.449751
0.167211
-0.124546
-0.247658
0.987304
0.963012
0.021821
0.294046
0.258950
0.486740
0.661611
-0.348491
-0.153905
0.813166
-0.088168
0.227577
0.656545
-0.650380
-0.463790
0.183996
0.837825
0.626148
-0.546861
0.966552
0.959288
-0.728446
0.050447
0.240699
0.556444
-0.500595
-0.767449
0.515183
0.236610
0.069369
-0.365398
-0.794122
-0.124058
0.577868
0.896970
0.610279
0.251320
0.969787
0.292764
0.622547
0.631031
0.555406
-0.851009
-0.983032
-0.988220
-0.978210
0.535203
0.361980
-0.357707
0.784051
-0.884396
0.950621
-0.296793
-0.832453
-0.688589
0.074984
0.590442
-0.970153
0.259316
0.596912
-0.106662
0.910947
0.161351
0.782586
-0.662404
0.766533
-0.584948
0.383343
0.302408
-0.156957
0.208594
-0.085116
0.011261
0.934812
0.541856
0.091586
0.259926
1.000000
-0.792474
0.703299
-0.790704
-0.945677
0.109348
0.468734
0.736198
-0.806269
-0.854671
-0.128574
-0.943541
0.298196
0.348430
-0.057772
0.964721
0.858760
0.341594
0.108737
0.447127
0.121372
0.811518
0.991272
-0.266030
0.828364
0.642201
-0.095614
0.206641
0.243629
-0.042268
-0.808832
-0.652882
0.143345
-0.187658
-0.241127
0.209449
0.299661
-0.170934
-0.351909
0.167760
-0.036225
0.104465
0.091891
-0.668447
-0.829096
-0.826167
-0.062593
-0.648915
0.589526
-0.857356
-0.945067
-0.053133
-0.418989
0.151952
-0.637013
0.062349
-0.734184
0.443525
0.217750
-0.434065
-0.927427
-0.648732
0.299112
-0.479293
-0.398236
-0.426923
0.225318
-0.939817
-0.994629
0.143101
0.342387
-0.504440
0.977172
0.257973
0.396344
-0.781121
0.264138
0.495041
0.067110
0.035615
-0.101169
0.531541
-0.051607
-0.381451
-0.000763
0.575793
-0.908628
0.632740
-0.933287
-0.950743
0.226417
0.384991
0.205054
-0.895993
-0.484359
-0.089694
0.061190
0.506516
-0.858577
0.348552
-0.306253
0.981750
-0.201209
-0.837092
0.887936
0.527879
-0.731132
0.325541
0.617237
0.750175
-0.046480
-0.292093
-0.007660
0.454878
-0.229652
0.555406
0.693533
-0.753594
-0.958190
-0.671621
0.695853
-0.486679
0.507248
0.133824
-0.563890
0.059053
0.377300
-0.931700
-0.447798
0.115329
-0.256081
-0.430403
0.665578
-0.296060
0.028169
0.275185
-0.160558
-0.206091
0.005890
-0.085116
-0.286294
0.487472
0.613330
-0.794733
-0.532640
0.288797
-0.011994
-0.478317
-0.371380
-0.146947
-0.527024
-0.859981
0.841426
0.624195
0.878964
-0.012970
0.346721
-0.958678
-0.192724
-0.583300
-0.472518
-0.032014
-0.380291
-0.842158
-0.086093
-0.599902
-0.721427
-0.344829
-0.152623
-0.576830
0.010102
0.882565
0.300638
-0.506821
-0.347453
0.581286
-0.043977
-0.123325
-0.357646
0.612476
-0.420942
-0.803095
-0.817377
-0.592700
-0.048799
0.628224
-0.114780
0.574755
0.209937
0.475509
0.331889
0.993835
-0.138157
-0.302469
-0.874264
0.673452
0.950987
0.580676
0.357707
0.738639
0.536302
-0.494919
-0.108798
-0.536546
-0.350139
0.025605
0.502243
-0.650746
-0.251320
0.785150
0.879086
-0.398602
0.763848
0.047639
-0.613086
0.697623
0.495895
-0.430525
0.346721
0.906247
0.935911
0.325968
-0.500534
0.809259
-0.026887
0.423688
-0.464705
-0.175878
0.774407
0.730033
0.502487
0.827570
0.510849
-0.087985
-0.578906
0.297647
0.340617
0.209510
0.456282
0.501633
0.213233
-0.251259
-0.134434
-0.457564
0.846553
-0.512741
-0.048799
0.933287
-0.639088
-0.219275
-0.021943
-0.172521
-0.217139
0.858516
0.945494
0.583483
-0.763970
-0.611560
-0.796625
0.240150
0.055147
-0.393353
0.729911
-0.271340
0.359416
0.053987
-0.909970
0.923704
0.938475
0.599475
-0.349528
0.394696
-0.847774
-0.740165
-0.929991
0.722953
0.271584
-0.023041
-0.273232
0.064425
0.420820
-0.092563
0.765557
-0.772454
-0.946471
0.461043
0.604663
-0.944639
-0.903378
0.719718
-0.167760
-0.524949
0.165807
0.169713
0.382122
0.325236
0.660146
-0.389569
-0.811945
0.776666
0.314676
0.508286
-0.536668
0.773431
-0.028962
-0.872066
-0.884274
0.719901
-0.516953
-0.180761
-0.952818
0.594958
-0.640919
-0.224525
-0.068270
0.132237
0.961974
0.444014
-0.023103
-0.148900
-0.708426
-0.302042
0.167760
-0.053072
0.052034
-0.783441
-0.504868
-0.748589
-0.155980
0.762383
0.291360
0.420270
0.161351
0.511032
0.734794
0.773797
-0.677175
0.980956
0.173925
-0.092990
0.430952
0.920713
0.546556
0.314859
0.943968
-0.894162
-0.075045
0.716178
0.634571
0.800104
-0.161718
0.026093
-0.889096
0.181310
-0.535508
-0.299722
0.072726
0.555956
-0.398236
-0.453413
-0.413495
-0.707938
-0.138768
0.445845
-0.686758
0.440535
-0.819575
-0.653005
-0.676321
0.180456
0.830622
-0.731498
0.637745
0.315592
-0.634388
-0.166784
-0.720023
0.497665
-0.246193
-0.666677
0.678762
-0.513352
0.486251
-0.220008
0.603076
-0.632435
0.030610
-0.616871
0.719352
0.426984
-0.183569
-0.340556
0.874264
0.280496
0.694693
-0.143162
0.072115
-0.358013
-0.022004
-0.342204
-0.107089
-0.935667
-0.690237
0.900693
0.526292
-0.072481
-0.044649
0.672720
0.532395
0.286416
0.596912
-0.002777
0.993225
-0.443831
0.171361
-0.063387
0.555528
-0.071688
0.436445
-0.017304
0.473312
-0.167150
0.083712
-0.075900
0.951170
-0.126377
-0.627674
0.878414
-0.752129
0.082369
0.547227
0.329875
-0.113926
0.123936
-0.773064
0.214026
-0.675954
0.085665
-0.393048
-0.378643
-0.459761
0.944884
0.377606
0.184912
-0.304300
0.775140
0.299905
-0.268410
0.955870
-0.404096
0.013031
-0.631886
0.960143
0.317301
0.710990
-0.284158
-0.465316
0.316691
0.484115
-0.045076
-0.934568
-0.314371
0.487289
-0.241554
-0.443281
-0.598621
-0.152562
-0.243263
-0.896298
-0.210730
-0.178137
0.873592
0.695425
-0.514817
0.464888
-0.863704
-0.961608
0.561693
-0.052095
0.135289
0.624073
-0.499924
-0.389264
-0.943480
-0.591479
0.683645
-0.943785
0.748222
0.993591
0.128391
-0.248146
-0.554735
-0.844050
-0.300455
-0.235511
-0.198035
0.795404
-0.913938
0.014008
-0.100070
-0.482101
0.890072
0.451460
0.617176
0.163610
-0.170507
-0.472091
-0.582873
0.780633
-0.709342
0.299905
0.191748
-0.116184
-0.610096
0.333842
0.441572
-0.928098
-0.629261
-0.910520
0.989380
0.655568
-0.194983
0.956359
-0.288491
0.790033
0.493210
-0.842036
0.174718
0.256752
-0.680776
0.274941
0.888607
0.521104
-0.244789
-0.189489
0.070589
-0.293374
-0.434675
-0.227454
0.312906
-0.495407
0.421125
0.660451
-0.276345
0.234657
0.049776
0.202124
-0.191748
0.045625
0.188818
0.638478
0.203284
-0.162755
0.224708
0.456526
-0.234657
-0.788629
-0.638661
-0.163366
-0.498337
-0.416181
0.767754
-0.460921
-0.666311
-0.855831
-0.468856
-0.278603
-0.109043
-0.356548
0.192236
0.298013
-0.939512
0.928831
0.231300
-0.920835
0.883663
0.133335
0.598498
-0.156529
0.531175
-0.650868
-0.465316
0.405927
0.930601
-0.469955
-0.878048
-0.460250
-0.470809
-0.046419
-0.156041
0.587939
-0.638356
0.494675
-0.622364
-0.747185
-0.977477
-0.469527
0.757500
-0.965270
-0.246254
-0.192969
0.233741
-0.368694
0.049287
0.960082
0.165685
0.657460
0.116062
-0.837214
0.393170
0.117954
-0.383587
0.992676
-0.694571
0.139134
-0.179601
0.002228
0.782464
-0.494552
-0.101108
0.120090
-0.526231
0.031098
0.119236
-0.289163
0.470199
0.819514
-0.056185
0.866634
-0.379376
-0.363262
0.276406
0.709586
-0.563829
-0.337260
0.862911
-0.371990
0.027070
0.435408
0.182287
-0.479720
-0.922666
0.630360
0.373760
0.223914
-0.924558
0.913083
-0.213294
0.643422
-0.778558
-0.285623
-0.559618
0.391644
0.185095
0.225990
-0.255104
-0.327921
0.636097
-0.591479
0.273782
0.050691
-0.336161
-0.095614
-0.450789
0.608386
-0.512436
0.275124
-0.623646
-0.799127
0.477889
0.363811
-0.702628
0.106967
-0.566820
-0.824274
0.300882
-0.925962
0.552293
-0.798517
0.873470
0.631336
0.000397
0.789483
0.051912
0.258339
0.001251
0.350017
-0.850459
0.496811
-0.705008
0.017731
-0.683279
-0.333110
-0.946532
-0.164953
0.823542
0.479476
0.713981
0.253639
0.493271
0.424299
-0.408063
-0.699576
-0.308206
-0.889279
-0.132603
0.046175
0.907285
0.667104
0.054964
0.153966
-0.764092
-0.036836
0.140294
0.401654
-0.605945
0.214087
0.516892
-0.104282
0.076937
0.693228
0.612476
0.860897
0.874569
0.958800
-0.977721
-0.005768
0.077914
-0.367229
0.506638
-0.538072
-0.528245
0.474410
0.829585
0.012543
0.345439
0.866695
0.626637
0.430097
0.952818
0.851863
0.566088
-0.118503
-0.619495
-0.635426
0.793023
0.450423
0.121677
0.975524
0.050508
0.681692
-0.759575
-0.369060
0.230445
0.995544
0.098666
0.522568
-0.500473
0.241493
-0.838374
-0.993103
-0.044099
-0.756340
0.478744
0.123203
0.766228
0.633961
0.133091
-0.600574
0.485824
-0.172033
0.657399
0.069857
-0.221778
-0.467818
-0.119175
-0.356365
0.955992
0.477706
-0.345744
0.548936
0.440657
-0.398968
-0.121006
-0.063753
-0.959838
0.060518
-0.913205
0.944517
0.382305
-0.982543
-0.417402
0.240638
0.499863
-0.783380
-0.682119
0.842830
-0.729911
-0.566149
-0.679922
-0.905210
0.707450
0.330058
-0.796564
0.234046
0.143223
-0.380230
-0.715323
0.922239
-0.632008
0.432417
0.600085
0.072542
0.107212
0.050874
-0.863582
-0.397076
0.365520
-0.923887
0.530381
-0.947752
0.544908
0.921140
0.989990
-0.846797
-0.028779
-0.844050
0.472274
0.806269
0.489853
-0.116245
-0.720328
-0.053804
-0.193579
0.254128
-0.694327
0.147069
-0.543138
0.105564
0.130467
-0.616138
-0.710929
-0.661916
-0.122593
-0.953795
-0.308390
0.966735
-0.108554
-0.151097
0.033906
-0.983215
-0.859188
0.603137
-0.200842
-0.103000
0.123386
0.515610
-0.378521
-0.846797
-0.639698
-0.660573
0.732658
-0.594470
-0.375713
-0.156407
0.590136
0.648061
-0.078097
-0.924375
-0.575671
0.439558
-0.766778
0.284036
0.674245
-0.422346
0.363323
-0.640553
-0.717521
-0.392560
-0.894772
-0.625721
0.994140
0.024689
-0.468490
-0.391156
-0.025605
-0.901364
-0.442122
0.638173
-0.448347
-0.798883
-0.724784
0.685293
-0.100192
0.739555
-0.084994
0.935850
-0.150914
-0.801386
0.953063
0.263283
0.835261
0.792291
0.499069
0.649281
0.404706
0.617664
-0.164953
0.983215
-0.511887
0.478561
0.608081
0.141270
-0.503403
-0.644154
0.887509
0.585253
0.384320
-0.485885
-0.587268
-0.016327
0.407453
-0.455794
0.871395
-0.588733
-0.906064
-0.953612
0.614429
-0.291177
-0.885006
-0.651601
-0.355937
-0.591479
-0.255287
-0.154942
0.856746
-0.569079
-0.977233
-0.335856
0.165075
0.098849
-0.806940
0.235084
0.314249
0.271706
0.996460
-0.604602
-0.431379
-0.010529
0.574572
-0.100497
0.733695
-0.458357
0.017731
-0.758049
0.520310
-0.847224
-0.858699
-0.818537
-0.844600
-0.133396
-0.192907
-0.531602
-0.070284
0.989563
-0.950926
0.932920
-0.271645
0.868954
-0.511643
0.701956
0.712760
0.290506
0.899533
-0.988586
-0.680593
-0.334941
0.301187
0.283425
0.241920
0.657704
0.834040
-0.153294
0.777459
-0.496139
0.251991
-0.590930
0.367901
0.576464
-0.256020
0.013092
0.826228
0.349406
-0.523423
-0.185644
-0.387310
-0.759148
-0.893368
0.872982
-0.876705
0.802118
-0.792352
0.036531
0.008637
0.260048
-0.515793
0.194128
-0.374981
0.596118
-0.249794
0.346110
-0.483016
-0.653249
-0.834712
-0.427107
0.682119
0.441816
0.719840
0.195471
-0.231788
0.404889
0.565416
-0.721854
-0.361980
-0.077425
-0.147313
0.096835
0.134190
-0.413862
0.821100
-0.366314
-0.276162
-0.743522
-0.576586
0.340983
-0.789850
0.225379
-0.686636
0.864620
-0.695120
-0.875729
0.715262
0.898312
0.540269
-0.193945
0.217627
0.383587
-0.336650
0.406903
-0.969970
0.835994
-0.260659
0.718925
0.261452
-0.549852
0.600696
-0.376568
-0.634999
-0.231910
-0.333415
-0.655995
-0.799310
0.278481
-0.978515
-0.845149
0.090915
-0.322245
0.645741
0.848018
-0.651967
0.879879
-0.904294
-0.018708
-0.680593
-0.864559
-0.997803
-0.577258
-0.808832
-0.794366
0.714103
0.412152
-0.541429
-0.901181
-0.587756
-0.524644
-0.564135
0.926023
-0.882260
0.846492
-0.354167
0.730705
0.839045
0.318827
-0.092196
0.610401
-0.290689
0.977844
-0.462630
-0.574145
0.938414
0.576769
0.222327
0.864620
0.590503
0.666250
0.544725
-0.352702
0.544053
0.568468
0.400311
0.994018
0.963866
-0.635914
