-0.864132
-0.069857
0.580859
-0.053804
0.984741
0.995361
0.479843
-0.691275
0.315348
-0.948729
-0.834895
-0.414228
-0.041963
0.184301
-0.358440
0.620045
0.740837
0.638661
0.431013
-0.850520
-0.666066
0.274087
-0.100314
-0.645192
-0.352092
-0.063204
0.464583
0.029817
-0.563280
0.598376
0.684744
0.179235
0.343669
-0.421552
0.812799
-0.906980
0.705863
0.677602
-0.994751
0.106784
-0.458174
-0.194311
-0.505417
-0.104038
0.864620
0.360271
0.284829
-0.138340
-0.363384
-0.440413
-0.262062
0.064486
0.048250
-0.180944
0.793573
-0.829829
-0.126988
-0.591174
0.790887
-0.203345
0.087802
0.670278
-0.309366
-0.365459
-0.342753
0.972533
0.512131
-0.271523
-0.840022
-0.496445
0.264199
0.774468
0.412702
0.352458
-0.097812
0.078219
-0.403424
-0.931028
0.460738
0.811151
-0.498093
0.307352
0.321696
0.750359
-0.502792
0.905393
0.829829
0.762017
0.921079
-0.736991
0.020661
-0.839412
0.289346
0.919797
0.272622
0.541124
0.360149
0.575060
0.545091
0.911802
0.662587
0.389935
-0.135838
0.050020
-0.730705
-0.910276
0.389447
0.012177
0.501083
-0.771722
-0.738578
-0.375591
-0.174841
0.547716
-0.077670
0.751579
-0.315836
-0.119419
0.005463
0.979431
0.974731
0.587939
0.736137
0.680410
0.712821
-0.033662
-0.149693
-0.289041
-0.370830
0.044527
-0.734916
-0.947508
0.568224
0.609485
-0.983032
-0.069308
0.785699
-0.244484
0.257118
0.821772
0.756157
-0.698233
-0.290750
0.069613
-0.589038
0.909848
0.726798
0.184179
0.115146
0.443403
-0.716117
0.156713
0.886471
-0.533616
0.627491
0.804926
0.638234
0.017304
-0.890744
-0.888668
-0.799982
0.556261
-0.092563
-0.058504
-0.291055
0.898801
-0.776666
-0.570238
-0.256569
-0.607105
0.823359
-0.311380
0.887082
0.598254
0.543138
-0.289224
0.500168
-0.198157
-0.464278
0.656117
0.699332
-0.970336
0.580676
0.315836
-0.986023
-0.460189
0.466475
0.092318
0.288125
-0.075777
0.676016
-0.228797
0.444258
0.240272
0.159581
0.922422
0.543443
0.590442
-0.889706
0.271828
-0.557543
0.597034
-0.429487
-0.792962
-0.735954
-0.047029
-0.928343
-0.147069
0.644398
0.176916
0.511826
0.004730
-0.446150
-0.398602
0.879696
0.395428
-0.913755
0.095065
0.321451
0.173742
0.734550
0.411847
0.786187
-0.533372
-0.049532
-0.507981
0.915281
0.152745
-0.811884
-0.654775
0.180883
-0.718986
0.264870
0.200598
-0.066622
0.335856
-0.344340
-0.430219
0.672781
-0.183813
0.755364
0.432783
-0.349712
0.234596
-0.215369
-0.901608
0.606922
-0.403546
0.814631
0.089755
0.806269
-0.758538
-0.402448
-0.929197
-0.562059
0.747612
0.702872
-0.558885
0.204932
0.956969
-0.763421
-0.330546
0.689138
0.141270
0.111179
-0.806330
-0.097140
-0.823237
-0.609119
-0.161718
-0.277871
0.451827
0.906369
0.475631
-0.182958
-0.262490
-0.817866
-0.715751
-0.828669
0.062044
-0.356914
0.976379
-0.456709
0.559801
0.335551
0.535447
0.134312
-0.713126
0.871700
-0.915464
0.414594
0.700552
0.068270
-0.216163
0.336711
-0.649709
-0.482406
0.418378
0.353313
0.617481
0.573473
0.964904
-0.278176
-0.330241
-0.696219
-0.299356
-0.394574
-0.095676
-0.240028
-0.950499
0.558397
0.243751
0.110141
0.162389
-0.690176
-0.511277
-0.184912
0.189428
-0.159276
-0.505966
-0.640126
-0.222144
0.267739
-0.988830
0.484787
0.016694
0.665090
-0.440535
0.746513
-0.643117
0.336833
0.815302
-0.089633
0.619678
0.348430
-0.681692
0.393902
-0.961241
0.418073
-0.840144
0.284951
-0.640797
-0.342265
-0.703482
-0.587634
-0.332438
-0.523057
-0.612720
-0.592761
0.501877
0.741874
-0.199194
0.911863
-0.445845
-0.130711
-0.078890
-0.113071
0.502060
0.790216
-0.968505
0.317789
0.821894
0.751152
-0.765252
0.567431
0.276162
0.278848
0.134251
0.618580
-0.784417
-0.895199
-0.837580
-0.215735
0.685537
-0.356975
-0.187780
0.669179
0.118625
0.391461
0.104404
-0.587817
0.752739
0.366863
0.422040
-0.512436
-0.575182
0.018464
0.853389
-0.456404
0.744804
0.660634
0.111484
-0.434248
0.308512
-0.067354
0.742119
-0.864681
0.359844
0.835261
0.530381
-0.430158
-0.544664
0.750114
0.545885
-0.070406
-0.699515
-0.564074
-0.241371
0.426130
0.043245
0.416547
0.387555
-0.305643
0.227699
-0.603015
-0.682241
-0.373089
0.832575
-0.249489
-0.925108
-0.074313
-0.155736
0.354472
-0.123936
0.062166
0.867916
0.440291
0.887692
0.222571
-0.876949
-0.830744
0.431501
0.505539
0.089999
-0.368511
0.279092
-0.195593
0.539476
0.792535
-0.871578
-0.615162
-0.268105
0.664480
-0.729606
0.620106
0.296487
0.563646
0.530992
-0.089145
0.407331
-0.982849
0.546983
-0.981384
0.048067
0.213050
-0.327250
0.493454
-0.593066
0.628040
-0.668203
-0.036409
-0.974242
0.369732
-0.549425
0.573412
-0.147862
-0.799066
0.054903
-0.881832
-0.975768
-0.124668
-0.163732
0.860714
0.410321
0.331584
0.160436
-0.347942
-0.394757
-0.892819
-0.324320
-0.329447
0.489120
0.737724
-0.844478
0.623707
0.395489
-0.708914
-0.107822
-0.928831
-0.993835
-0.391339
0.954588
-0.592883
0.781793
-0.665029
0.505478
-0.250649
0.151830
0.623035
-0.170690
0.460616
-0.472701
-0.906308
0.032563
0.938231
0.089572
-0.074862
0.011322
-0.218787
-0.250526
-0.429365
0.470443
0.625965
-0.324503
0.076144
-0.965026
-0.978393
0.495468
0.969420
0.025239
-0.619251
0.360698
0.731376
0.477950
0.771722
0.251381
0.648793
0.756951
-0.890316
0.047090
0.559557
0.611133
-0.377056
0.493210
-0.821955
-0.350566
0.518357
-0.631642
0.980529
0.475997
-0.447371
-0.254982
0.480697
0.363018
-0.767754
-0.932981
0.663442
-0.948607
0.771111
0.943907
0.580554
0.644826
0.298135
0.832881
-0.677480
0.062227
0.387982
-0.443281
0.606006
-0.724174
0.177709
-0.883602
-0.473739
-0.300394
-0.019318
-0.036103
0.961791
0.369610
-0.568651
0.522629
0.771783
0.309366
-0.401715
0.671499
-0.800043
0.854732
0.637074
0.544176
-0.336711
-0.474715
-0.863094
-0.586413
0.292093
0.485885
-0.542711
0.599841
0.233070
-0.654408
0.918821
0.782830
0.868099
0.746086
-0.214881
0.005036
-0.442976
0.997864
0.710623
0.485580
-0.742973
-0.293069
0.841914
0.196509
-0.651418
-0.658376
-0.692434
-0.872860
0.925779
0.596118
0.652333
0.327921
0.457808
-0.204688
0.310648
0.657094
0.664418
-0.672964
0.493210
-0.046419
-0.363140
0.691885
-0.132420
0.649403
0.602893
-0.915036
-0.075961
0.880917
0.595386
-0.384808
0.149388
-0.830073
-0.294473
-0.292398
-0.306375
0.890683
0.185888
-0.296304
-0.541246
0.621815
0.480209
-0.698904
0.955199
-0.650807
0.537645
0.732963
-0.643361
0.199499
0.994385
0.676077
-0.956542
-0.249123
-0.246254
0.836299
0.276101
0.968749
0.601733
-0.563036
0.424360
0.540513
-0.545579
-0.936583
-0.245094
-0.281777
-0.999878
-0.030061
0.441755
-0.484848
0.584887
0.303079
-0.774651
-0.961974
0.953734
-0.567309
0.744377
0.754326
0.600391
0.816706
-0.507981
-0.388897
-0.728141
-0.444868
0.936094
0.916379
-0.052156
-0.617115
-0.013825
-0.879513
0.634144
-0.531785
-0.362468
0.851497
0.295999
-0.549974
-0.645070
-0.270608
0.721915
0.245155
0.554735
-0.017548
0.988342
-0.427961
0.475570
0.292520
-0.952025
-0.724235
-0.456038
0.915525
0.047884
0.105747
-0.016266
0.079989
0.635426
0.590442
0.608386
0.848201
-0.781487
0.463851
-0.349834
0.312357
0.636097
0.426008
0.429914
0.226844
0.303751
-0.230689
-0.147679
0.509812
-0.554186
-0.952086
-0.967162
0.335002
-0.950621
0.472457
-0.413007
0.947813
-0.801630
0.116977
0.323283
0.484909
-0.373699
-0.359539
0.438765
0.748955
0.902219
-0.753655
-0.705557
0.318094
0.913205
-0.085849
0.026154
-0.561022
-0.338847
-0.681570
-0.706107
0.280679
-0.353801
-0.660878
0.593616
-0.892392
-0.902219
0.928709
-0.800226
-0.178869
0.249550
0.618397
-0.610462
0.476730
0.646474
0.590747
0.761895
0.681997
0.996094
0.848201
0.712027
-0.399701
-0.478195
0.532456
-0.435713
-0.917600
-0.770013
-0.603687
-0.820002
0.735466
0.512131
-0.085482
-0.775811
-0.883297
0.797052
0.786554
0.199622
-0.720634
-0.940184
-0.919553
-0.900571
-0.671255
0.940977
-0.141087
-0.763604
-0.188635
0.381085
-0.509018
0.342387
-0.581530
0.640004
-0.032258
0.436262
0.708121
-0.664724
-0.749382
0.126560
-0.468917
0.124424
0.458907
0.021088
-0.460921
0.798761
0.123875
-0.103488
-0.417707
-0.970336
0.796808
0.972777
-0.088534
-0.391644
-0.890561
-0.484298
-0.883358
-0.564562
-0.937925
0.492172
0.594592
0.449141
-0.936949
0.364116
0.881893
-0.617481
-0.844417
0.156407
-0.522263
-0.220740
-0.988769
-0.757317
0.777520
-0.721305
0.272317
0.239784
-0.571947
0.731193
-0.751396
0.136998
0.150670
-0.762871
0.471847
0.971068
-0.703177
-0.208350
-0.893857
0.717032
0.473983
0.155248
0.198523
-0.508469
-0.972533
-0.551195
0.755547
-0.987976
0.006928
0.615955
0.874203
-0.842158
-0.649525
-0.532579
0.770013
-0.049532
-0.525193
0.872188
-0.250404
0.198096
0.258095
0.637318
-0.147801
-0.796625
0.070345
0.043916
-0.872982
0.389813
-0.009247
-0.445051
-0.675771
-0.725578
0.140416
-0.386883
0.909970
0.638844
0.846492
-0.501938
0.034211
0.012360
0.179052
-0.463240
-0.237159
-0.014374
-0.761040
0.285073
-0.114292
0.136814
0.189489
-0.601856
0.820307
0.800226
0.088900
0.865535
-0.930723
0.135289
-0.557543
0.569872
-0.424604
0.435774
-0.431196
0.823786
-0.790033
0.334574
0.239174
-0.114109
-0.214454
0.213233
0.126255
0.856624
-0.995117
-0.068758
-0.671499
0.530869
0.251198
0.307840
0.871883
0.945189
0.450423
-0.206030
-0.585376
0.803217
0.490951
-0.515610
0.176916
-0.689077
-0.064302
-0.176000
0.806085
0.160680
0.068819
-0.931822
-0.979675
0.154210
-0.071810
-0.670522
0.284890
0.416303
0.181555
0.561449
0.853816
-0.695059
0.412580
0.055696
0.990783
0.659841
-0.125950
0.226417
0.729972
0.095370
0.488571
-0.501144
0.789056
-0.863521
-0.251503
-0.287454
0.158971
0.233985
-0.810846
-0.330119
-0.655690
0.237770
0.796869
-0.037385
0.863704
0.207923
-0.483200
-0.779717
-0.987365
0.957152
0.325480
0.497116
0.420026
0.362163
0.671194
-0.453291
0.359722
-0.620777
0.653737
-0.213782
0.009491
0.601306
-0.651173
0.295389
-0.979675
-0.909055
0.475143
-0.259438
-0.316568
-0.893674
-0.378826
-0.519639
-0.126926
0.865841
-0.852046
-0.390423
0.351299
-0.211402
-0.988952
0.437544
0.202734
-0.206336
0.451094
-0.815607
0.648427
-0.586962
0.460555
-0.645314
0.255226
-0.489059
0.167333
-0.659597
-0.608142
-0.584765
-0.074923
-0.711844
0.326518
0.978820
-0.440962
-0.491867
0.891171
-0.843196
0.398846
-0.221046
-0.619068
0.295877
-0.416791
0.321696
0.540208
-0.269509
-0.082186
0.812189
-0.652150
0.284890
-0.251625
0.850764
0.035188
0.889462
0.836238
0.017304
0.258400
-0.604480
-0.659291
-0.252968
-0.549852
-0.348735
0.204382
-0.315897
0.972350
0.366192
0.544359
0.882626
-0.357952
0.474044
0.013581
0.212500
-0.511521
-0.622791
0.237892
-0.616565
0.215796
-0.808466
-0.572558
-0.933409
0.943846
-0.766594
0.146764
0.281167
0.667043
0.090976
-0.165075
0.022553
-0.707694
0.767083
-0.286782
-0.872494
-0.475692
-0.301126
0.692190
0.695425
-0.229652
-0.668386
0.415265
-0.151158
-0.342936
0.768792
0.237342
-0.010041
0.188452
0.487533
-0.476730
-0.441023
-0.642872
0.668813
0.568590
0.332377
0.169958
0.169774
0.356548
-0.572436
-0.227821
-0.961974
-0.304117
-0.924802
0.690542
-0.142003
0.693838
-0.818415
-0.826228
-0.527940
0.869259
0.101962
-0.424421
-0.917356
-0.837519
0.566210
-0.758415
0.089267
0.209082
-0.322550
-0.362896
0.804804
-0.658925
-0.970641
0.986938
0.484970
0.553941
0.834468
-0.401898
-0.448958
0.834773
0.079745
0.781365
-0.262612
0.703238
-0.708731
-0.214820
-0.890439
0.020966
-0.554186
0.985107
-0.945494
0.538011
-0.515366
-0.833430
-0.225501
-0.586901
-0.872799
-0.544237
0.990539
-0.877377
0.917112
-0.325114
0.510666
0.428877
0.488205
-0.872250
-0.216468
-0.537584
-0.376141
0.156713
-0.081027
-0.899533
0.676626
0.434309
0.025727
-0.637562
-0.974609
-0.675405
0.530015
-0.428755
0.948363
0.888424
-0.434858
0.766717
0.590747
-0.593127
0.380352
0.285623
0.157811
-0.755791
0.191626
-0.640980
0.286905
0.109958
0.285257
-0.159581
-0.870785
0.763726
-0.710501
-0.033845
0.457259
-0.953673
0.436506
-0.402264
0.085421
0.459517
-0.309061
0.189123
0.239845
0.235084
0.497421
-0.443525
0.861873
0.155858
0.112827
-0.607105
0.795831
-0.125523
-0.157628
-0.131626
0.849116
0.787347
0.725944
0.806452
-0.433088
-0.505234
0.759453
0.988647
-0.733085
-0.067965
0.579821
0.956359
-0.804132
0.569933
0.255959
0.280435
-0.445845
-0.654469
0.414411
0.329936
-0.801508
-0.962096
0.588366
-0.080782
-0.228126
-0.398114
0.994140
-0.066317
0.392132
-0.120273
-0.821467
-0.001251
0.434614
-0.493454
0.903806
0.357036
-0.128452
-0.977294
0.755974
-0.639027
0.757561
-0.237709
-0.400678
-0.317179
0.528306
0.115940
-0.892026
-0.977233
0.343364
-0.234352
0.789300
0.665761
-0.163610
0.876278
0.888241
0.100986
0.363018
-0.276101
0.021638
-0.669668
-0.882443
-0.044527
-0.086154
0.283731
-0.173559
-0.647938
-0.047884
-0.508713
0.822138
0.212439
0.109287
0.569079
0.144261
0.566393
0.860408
0.530564
-0.274331
-0.973815
-0.675588
-0.564928
-0.446333
0.712333
0.880306
-0.777032
-0.393414
-0.161718
-0.043916
0.461776
0.158055
0.056307
-0.324686
0.373089
0.185339
-0.125156
0.526902
-0.645741
0.769951
-0.794916
-0.911069
-0.098666
-0.094516
0.729484
0.634388
0.443098
0.209449
0.444197
-0.900693
-0.385174
-0.464156
-0.794977
0.114536
-0.693411
0.157079
0.454146
-0.814936
0.777520
0.909482
0.802789
0.217200
0.360881
0.977660
-0.010895
-0.502182
0.869686
-0.961852
-0.896359
-0.208899
-0.636464
0.928587
0.574816
0.216834
-0.516465
0.757805
0.767510
-0.978149
-0.056368
0.225196
0.649525
0.432295
-0.683340
-0.132237
-0.278359
-0.440474
0.529160
0.945006
0.339946
0.507920
-0.442732
0.160985
0.460128
0.339457
-0.794061
0.246803
0.964843
-0.549730
-0.955016
0.007172
0.615894
0.112949
-0.170812
0.316446
-0.678335
-0.656911
0.471908
-0.057100
-0.477584
0.942625
-0.741752
-0.246925
-0.407819
-0.745293
0.699454
0.097018
0.382916
0.392193
0.788018
-0.689566
0.587634
0.978881
0.253029
0.419599
0.943968
-0.311930
-0.168676
-0.003937
0.091342
-0.597583
0.727042
-0.139622
-0.211646
-0.480636
0.059481
-0.559435
0.140233
-0.846431
-0.259743
-0.240211
0.630116
-0.817438
-0.176366
-0.864071
0.272500
-0.395672
-0.691946
0.888241
-0.161168
0.684683
-0.453108
0.626942
0.057894
-0.410199
0.503708
0.307657
0.444258
0.476608
-0.935545
-0.888424
-0.144017
0.163305
-0.578173
-0.040925
-0.550035
-0.736076
-0.738701
0.060579
0.476791
0.047090
0.594653
-0.491256
0.460616
0.404645
0.454512
0.887326
-0.163793
-0.558763
-0.697317
0.857540
0.644948
-0.814753
0.164525
0.184729
-0.874264
-0.817743
-0.971068
0.174291
0.288491
0.022797
0.904477
-0.393597
0.196875
-0.880673
-0.745109
-0.049593
0.500473
-0.649159
-0.420087
0.069002
-0.327738
0.241676
-0.407208
-0.304483
0.284463
-0.074190
-0.152501
0.009674
-0.576708
-0.816645
0.089999
0.974609
-0.233802
-0.984680
0.786126
0.616993
0.851314
0.409711
0.003998
0.347819
-1.000000
-0.954405
0.024445
-0.555773
0.246010
-0.023408
-0.099887
-0.830561
-0.538072
-0.230079
-0.184362
0.808771
-0.223487
-0.107456
-0.665639
-0.471175
0.144200
0.779473
-0.426374
0.263100
-0.992920
-0.719474
0.662954
-0.896237
-0.221656
0.279885
-0.064364
0.980346
-0.718131
-0.993103
-0.634266
-0.848506
0.045625
0.876095
-0.874508
0.293863
0.207617
0.207495
-0.422651
0.818964
-0.926328
-0.535875
0.175085
0.451277
0.793573
-0.887631
-0.222266
-0.828120
-0.886715
-0.297769
0.815851
-0.058199
0.601672
-0.016877
-0.908383
0.231239
0.091647
0.510117
0.097995
-0.921384
-0.133641
0.497848
-0.350078
-0.785394
0.600146
-0.517258
0.514695
-0.556627
-0.653859
0.542528
0.093966
0.197180
0.568712
-0.645009
-0.674184
0.656667
-0.011628
-0.706717
-0.435774
0.486312
-0.580432
-0.219764
-0.270363
-0.827448
-0.027741
0.029878
-0.488266
0.657155
0.606128
0.088229
-0.218970
-0.933409
0.406049
-0.730338
-0.965941
0.044160
0.143223
0.635914
0.010590
-0.351054
0.918455
0.655995
-0.356243
-0.799921
0.897336
0.109714
0.943052
0.644215
-0.200049
0.371746
0.808649
0.330363
0.167577
-0.495712
0.840938
0.153356
-0.133824
0.017975
0.911557
-0.139866
0.377667
0.009674
0.855281
0.779290
-0.997070
0.754692
-0.120823
-0.819391
0.689444
0.236732
-0.680349
-0.924070
0.150853
-0.965331
-0.814631
0.466231
-0.704215
-0.017182
-0.470687
0.209143
-0.362285
-0.963561
0.268654
-0.101413
0.220618
-0.677908
-0.658681
-0.638661
0.369793
0.737968
-0.100436
-0.665944
-0.859737
0.152013
0.923460
-0.472152
-0.715934
0.052461
0.395062
-0.513840
-0.431196
0.996216
-0.766472
-0.271767
0.568957
-0.102268
-0.976806
0.939390
0.937620
-0.259438
0.243629
0.777703
-0.072726
-0.451338
0.213660
0.475875
0.169591
-0.510544
-0.563036
0.225440
-0.390667
0.362041
0.547594
0.871517
0.859737
-0.034516
0.048189
0.386883
-0.088961
-0.412641
-0.057039
0.722221
-0.409833
-0.909604
0.714042
0.304117
0.546068
0.484176
0.701956
0.515000
0.242286
-0.660146
-0.725211
0.115207
-0.025056
-0.512375
0.976196
0.169408
0.977172
-0.154698
-0.171300
0.112522
-0.981567
-0.898068
-0.653554
-0.472152
0.326823
0.173009
-0.093112
0.079684
0.624317
0.344157
0.210974
0.653859
-0.724357
-0.037141
0.964049
0.064547
-0.353496
0.060335
-0.615711
-0.886959
0.250710
-0.585803
0.704764
0.204138
-0.325541
0.464400
0.828608
0.059542
0.720389
-0.313456
-0.540208
-0.101840
0.606922
0.028840
-0.918027
-0.686270
0.672414
0.268410
0.464278
0.970519
-0.404157
0.322611
0.877804
0.738273
0.759697
-0.620655
-0.303201
-0.187841
-0.785455
-0.489669
0.650197
-0.108615
-0.304483
0.848994
0.947874
-0.270547
-0.000702
-0.352580
-0.799249
-0.238746
0.281655
-0.620411
0.787225
0.433515
-0.789483
-0.948851
-0.966491
-0.820429
-0.071993
0.611316
0.621998
-0.484725
-0.913755
0.492904
0.313822
-0.939268
0.871212
-0.921690
0.177404
0.401349
0.100864
0.164769
0.666128
-0.745231
0.897580
0.749443
-0.200110
-0.244240
0.797540
-0.201025
0.263222
-0.419233
0.501755
0.161596
0.032807
0.118381
-0.579028
0.480026
-0.306803
0.178259
-0.426984
-0.300272
0.479354
-0.369671
0.210608
-0.460067
0.579150
-0.225929
0.181677
-0.409223
0.795099
0.803522
0.592822
-0.981262
0.991028
-0.168310
0.061556
-0.133091
0.312906
-0.153783
-0.908872
-0.976012
0.807550
-0.988891
0.784600
-0.145482
0.636891
0.691946
-0.439070
0.903928
0.558214
0.817866
0.219581
0.770867
0.440168
-0.209998
0.532945
0.638234
0.679312
0.673574
0.256142
0.308329
0.555467
-0.881222
-0.103732
0.649831
0.817621
0.410016
-0.617359
0.118320
-0.895322
0.378521
-0.808222
0.354289
0.473495
0.049593
0.482040
0.927732
0.822504
0.406049
0.258889
-0.978515
0.769829
0.566881
0.449446
-0.477096
0.619373
0.927793
0.371746
0.207190
0.154881
-0.410993
-0.418317
-0.754997
0.433760
0.492111
0.258705
0.877194
0.741935
-0.698294
0.414899
0.141087
-0.862545
0.513962
0.517014
0.265053
0.534715
0.310099
-0.351848
-0.687735
-0.252907
-0.324503
0.319010
-0.401959
0.505417
-0.411542
0.857784
0.012970
-0.621632
-0.921995
0.673635
0.328104
0.630543
0.418806
-0.237281
0.418256
-0.794122
0.550401
0.042451
0.545030
0.594897
-0.272561
0.365764
-0.104465
0.762993
-0.370708
-0.820124
-0.303568
-0.220130
-0.766411
-0.835810
0.470870
0.597827
0.562853
-0.354289
-0.816523
-0.084506
0.432478
0.921812
0.934935
-0.358135
-0.396405
-0.040864
-0.676504
-0.394024
0.568712
0.850032
0.778436
0.991455
-0.479659
0.030183
-0.277444
0.710379
-0.369610
0.537461
-0.569506
-0.516587
-0.604480
-0.149022
0.603687
-0.920164
-0.047151
0.950255
-0.659902
-0.614856
-0.707694
-0.999878
-0.496445
-0.713981
0.700491
-0.346416
0.757317
0.593371
-0.040193
-0.752251
-0.798639
-0.819147
0.128941
-0.626820
-0.278176
-0.797052
0.327006
-0.157628
-0.073641
0.461470
-0.783868
-0.770135
-0.731437
-0.862545
-0.714225
0.715934
-0.772088
0.721793
-0.034883
-0.182348
0.771661
-0.013092
-0.946654
0.783685
0.069857
-0.959227
-0.301737
-0.760613
-0.951537
0.867489
0.765618
0.828669
0.158300
-0.382916
0.559740
0.272439
0.452986
0.347453
-0.265847
-0.173925
-0.572741
-0.316202
-0.931700
-0.432783
0.407392
0.037690
0.611133
0.323405
-0.805536
0.925291
-0.607410
-0.809320
0.077792
0.609180
0.386883
0.538865
0.027924
0.967772
-0.716239
0.103549
0.180639
0.834956
-0.983764
-0.705985
0.030671
-0.802301
-0.323344
0.743156
0.501694
0.677419
-0.217200
-0.327250
-0.209021
-0.244911
0.507187
0.338420
-0.292520
-0.537889
0.876705
0.882138
-0.400128
0.837031
-0.762871
0.518479
-0.126682
0.197119
-0.007782
-0.023408
0.121616
-0.410260
0.941893
0.077914
-0.119480
-0.384625
0.464217
0.989257
0.193701
-0.394574
-0.014801
0.879452
0.542528
0.272011
0.176305
0.515671
-0.258583
0.774895
-0.973388
-0.793817
-0.062288
-0.388348
0.188574
-0.941343
0.675405
0.717948
0.189489
-0.286172
-0.058809
0.166906
-0.684317
0.426130
0.134983
-0.414838
-0.904416
0.777703
-0.971557
-0.962462
-0.961913
-0.113437
-0.352580
-0.868404
-0.894955
0.654225
-0.920774
-0.049593
-0.333293
-0.542589
-0.213904
0.690481
-0.319315
-0.200903
0.094638
-0.406903
-0.603870
-0.604175
0.983459
-0.032685
0.506699
-0.240211
0.694754
-0.230079
0.478622
-0.865780
0.406842
0.005951
0.033052
0.865413
-0.036348
-0.246742
0.896664
-0.752800
-0.258339
0.145299
-0.723502
-0.726188
-0.575121
-0.297891
-0.878353
0.825983
0.440046
0.416608
-0.277627
0.543870
0.522080
0.807184
-0.078829
0.411298
0.138462
-0.992615
0.560289
-0.583850
0.011750
-0.109897
0.345317
0.926695
0.256508
0.168310
-0.986633
0.449751
0.777093
0.953917
-0.171789
-0.284951
-0.282327
0.117222
0.809076
0.238258
0.260964
0.677602
0.121982
-0.143162
0.656117
-0.251198
0.888058
0.487228
0.236061
-0.328104
0.016388
-0.589404
-0.075533
-0.602954
-0.754204
-0.282144
0.211585
-0.569872
0.239174
-0.046480
0.677236
0.790582
-0.072726
0.160802
0.064791
0.393780
0.977599
-0.543870
-0.172216
0.092135
-0.276833
-0.861629
0.532762
0.134861
-0.928770
-0.081576
0.722037
0.216895
0.115329
0.934507
0.865902
-0.506272
0.096713
0.654714
-0.821589
-0.578051
-0.324259
0.793878
0.599414
-0.804010
-0.773064
-0.795953
0.114353
0.943175
0.782891
0.797723
-0.549059
0.869991
-0.482406
-0.345317
0.457198
0.329936
0.059420
0.337321
-0.182043
0.199683
0.287454
0.350200
0.100192
0.744865
0.626087
0.815607
0.540147
-0.781243
-0.504990
0.895199
-0.827082
0.340068
-0.526414
-0.441694
0.444746
0.650441
0.347880
-0.108860
0.992370
-0.077059
0.630970
0.801508
0.509568
-0.459517
0.534959
-0.295389
-0.705496
-0.145848
0.936155
0.478744
0.730705
0.890011
0.037996
-0.785821
-0.819514
-0.371319
-0.544481
-0.349162
0.397565
0.416242
-0.581347
-0.819880
-0.857356
-0.061434
-0.166051
0.430403
-0.867122
0.721671
0.116916
0.100375
-0.648793
0.791986
-0.431806
-0.053438
0.517258
0.589831
0.468490
0.399091
-0.905576
0.331034
-0.300943
0.385052
0.312113
-0.647023
-0.878109
-0.476669
0.513779
-0.942564
-0.542772
0.806879
0.929685
-0.438643
-0.461104
-0.602649
-0.924131
0.377667
0.029633
-0.171545
0.065828
-0.402814
-0.915281
-0.873714
-0.432783
0.676382
-0.372967
0.070589
0.634205
0.079745
-0.015839
0.077914
0.946837
-0.176489
0.108737
-0.501938
-0.986389
0.129734
0.154881
-0.729850
-0.497848
-0.677114
-0.631458
-0.579394
-0.148106
0.102878
0.899594
-0.664357
-0.222083
-0.830439
-0.886837
0.321940
-0.632740
0.517380
-0.417890
-0.359233
-0.644948
0.162145
-0.386029
0.586779
-0.207556
-0.450056
-0.554491
-0.943419
-0.695425
0.580004
-0.676565
0.064547
0.921140
0.591601
-0.269814
0.011139
0.228553
0.420515
-0.331217
0.063631
-0.097507
0.384808
-0.443953
0.086032
-0.055757
0.662526
0.613208
0.473434
-0.369549
0.284402
0.071749
-0.204077
-0.731559
-0.431318
0.226600
0.272744
-0.891964
0.288247
0.639698
0.733085
0.694266
0.069430
-0.679861
-0.229469
-0.816706
-0.580981
-0.968139
0.853877
0.959227
0.656667
-0.582385
0.286538
0.601672
0.131809
0.508347
-0.890683
0.167882
-0.216285
-0.575793
-0.181677
0.428083
0.935484
0.690481
0.534959
0.023469
-0.966124
0.497848
-0.000885
-0.881405
-0.369488
-0.242225
0.658132
-0.739494
-0.103488
-0.828974
-0.732536
0.716178
0.638173
0.870174
-0.161718
0.273843
-0.496811
-0.890378
0.474593
-0.042879
-0.919858
-0.350139
0.561632
-0.961852
-0.869198
-0.374981
-0.840876
0.145604
0.263710
-0.793817
0.213660
0.412641
-0.791498
0.263344
0.132298
0.133274
0.274758
0.277871
-0.336161
-0.702994
-0.452071
-0.108188
0.185095
-0.149449
0.094516
-0.433393
-0.301737
0.589953
0.049471
-0.842952
-0.183691
-0.358684
0.614368
0.224952
-0.591052
-0.179601
-0.822138
0.778314
0.173254
0.941588
-0.294229
-0.578967
-0.468368
-0.519822
-0.715262
0.486251
0.569567
-0.141697
-0.027802
-0.273110
-0.679800
0.255776
-0.639698
-0.707144
0.422712
-0.005463
-0.085788
-0.186804
0.749931
0.578478
-0.083102
-0.051302
-0.433454
0.971374
-0.769341
0.218055
-0.688223
-0.077303
0.690054
-0.917295
0.457869
0.750603
0.973205
0.550890
-0.901059
0.329875
0.440291
-0.392193
-0.425031
0.846187
-0.219275
0.267190
-0.686697
-0.667348
0.177526
0.669973
0.255654
-0.136937
0.144993
0.015900
-0.712333
-0.538011
-0.597888
-0.268593
0.357219
0.233070
0.546556
0.911740
-0.772454
-0.383465
0.043672
0.312845
0.867855
-0.771538
-0.984802
0.192358
0.620228
0.711478
0.445479
0.782159
0.070956
-0.812738
-0.058748
-0.718986
-0.839167
-0.075961
0.228004
0.203101
-0.885922
-0.233253
-0.659169
-0.417463
-0.026704
0.061190
-0.769097
0.748283
0.489059
-0.275063
-0.266213
-0.898679
0.035676
0.152806
-0.822260
-0.870052
0.943663
0.456648
-0.371136
-0.060152
0.355083
0.545274
0.028047
-0.070589
0.508530
-0.316080
-0.677175
0.869808
-0.648732
-0.578722
0.567248
-0.442793
0.733573
-0.636158
0.382550
0.603626
-0.315409
0.312296
0.473617
0.916440
0.693167
0.238746
-0.147069
-0.539109
-0.929624
-0.967650
0.706290
-0.293252
-0.772759
0.166295
0.412397
-0.472274
-0.069002
-0.561754
0.734672
0.658620
0.075228
-0.466353
-0.489486
-0.897580
-0.849239
-0.986511
-0.303507
-0.775384
-0.323527
-0.801080
-0.328227
0.528428
0.954711
0.982482
0.328654
0.699149
0.107517
-0.621021
-0.475570
-0.844661
0.275246
0.773980
-0.949522
-0.378155
-0.996948
-0.799921
-0.029084
0.878292
-0.764702
-0.623890
-0.702322
-0.425581
-0.705374
0.654897
-0.414350
0.646229
-0.907468
-0.477035
0.462264
-0.811396
0.692557
0.922422
-0.461715
-0.518845
0.052522
-0.396588
-0.351909
-0.307840
0.368084
0.239051
0.460677
-0.733451
-0.683096
-0.805414
-0.981628
0.284219
-0.028901
0.440352
0.415204
-0.347392
0.401593
-0.877865
0.162999
-0.222877
0.820856
-0.382977
-0.125828
-0.321818
-0.970824
-0.796381
0.888607
-0.591113
-0.866451
0.620655
0.412702
0.989868
-0.418867
0.232521
-0.545640
-0.753044
-0.553636
-0.600024
0.867794
0.631031
-0.376812
0.384930
0.072115
0.698782
-0.859859
-0.847407
-0.894711
-0.945555
-0.141820
-0.131077
0.561205
-0.784112
0.807550
0.631825
0.333659
0.535569
-0.086947
-0.722953
-0.072909
-0.267067
0.911191
0.314615
-0.862728
-0.543565
0.502609
0.600024
-0.321146
0.049409
0.282327
0.400555
0.796442
-0.924558
0.436079
0.739677
0.112094
-0.137608
-0.267434
-0.112156
-0.884762
0.168432
-0.943236
-0.176061
-0.901852
-0.459395
-0.588672
-0.203223
0.762017
-0.088961
-0.278054
-0.810236
0.569262
-0.605274
0.996399
-0.412214
-0.474776
-0.508957
0.094272
0.253151
0.265297
-0.715629
0.684194
0.249916
0.020478
-0.333720
0.914121
-0.730094
0.446333
0.703909
-0.313700
-0.203467
0.501205
-0.885067
-0.914670
0.830683
-0.702078
0.806452
0.453719
-0.056917
0.957457
-0.013337
-0.752007
0.314432
0.243995
0.228980
-0.013764
0.614429
-0.582568
-0.944823
-0.491623
-0.817988
0.350688
0.915647
-0.416486
-0.792840
0.914121
-0.346171
-0.886654
-0.384381
-0.942625
-0.625660
0.597156
-0.722526
0.018708
0.160192
-0.350566
0.762627
0.236549
0.605823
-0.148106
-0.400800
0.627857
-0.339213
-0.113926
0.514939
0.575915
0.174169
-0.480636
-0.847224
-0.210547
-0.890744
-0.685476
0.514695
-0.328898
-0.685049
-0.840815
0.889035
0.967284
-0.808893
-0.409650
-0.918027
-0.239601
0.498825
-0.520798
0.888180
0.968200
-0.084933
0.378094
0.807306
-0.349528
0.182714
-0.918088
-0.086154
-0.945677
-0.385784
0.471664
-0.216041
0.650563
0.295267
0.022858
-0.622181
-0.829157
0.701102
-0.170202
0.593005
0.675771
0.226234
-0.923765
0.428266
-0.392743
-0.983276
0.068575
-0.478072
0.093905
-0.318339
-0.966674
-0.150914
-0.411359
0.011994
-0.156590
0.794122
-0.280923
0.026032
0.414533
-0.858150
-0.558031
0.802911
0.899472
0.084811
-0.093417
-0.244911
0.219947
0.631581
-0.780084
-0.087130
-0.061251
0.635365
0.034455
0.815119
-0.084872
0.670644
0.076266
-0.657460
0.624317
-0.331278
0.753471
-0.666189
0.998047
0.517808
-0.764824
-0.357097
0.564623
0.788446
-0.128758
0.635914
0.984191
-0.813410
0.801202
0.977783
-0.073824
-0.656484
-0.905637
-0.548509
-0.870357
-0.688406
-0.132115
0.863094
-0.466720
0.362407
-0.579394
-0.582629
-0.763848
0.906674
0.634083
-0.157750
-0.245949
-0.665273
-0.104648
-0.158483
-0.661916
-0.304178
0.965636
0.213233
-0.560411
0.111667
-0.479659
-0.058626
0.299234
-0.189795
0.869259
-0.815485
-0.281045
0.509812
-0.805841
0.852901
-0.925596
0.255959
0.791009
-0.457259
-0.387127
-0.162816
0.283303
-0.516465
0.574755
0.423383
0.758415
-0.534959
0.638295
0.391095
0.340068
-0.503708
-0.716727
-0.555040
0.956297
-0.397931
-0.778314
-0.933531
0.415387
-0.355266
-0.627491
0.269875
0.750969
-0.605029
-0.193823
0.820978
0.496506
0.105625
-0.211646
0.966918
0.722526
0.463485
0.967406
0.008209
0.938841
-0.755547
0.663259
-0.350139
-0.469588
-0.751396
-0.503037
-0.594104
0.304361
0.779351
0.470138
-0.200049
-0.211524
0.457869
0.290017
0.449812
0.416425
-0.736137
-0.776849
0.468551
-0.623951
0.743828
0.858577
-0.493149
-0.157689
-0.487838
-0.532823
0.189856
0.044954
0.886959
-0.984497
0.267617
0.969237
0.441694
-0.956359
-0.374981
-0.291604
-0.559252
0.880001
0.501328
-0.484481
-0.133030
-0.379925
-0.882015
0.441145
-0.154088
0.118320
0.314249
-0.831538
-0.730277
0.037446
0.789972
-0.097446
-0.024018
-0.949950
-0.184606
-0.348857
0.983337
0.884518
-0.637196
0.868404
-0.280740
0.153539
-0.452742
-0.229286
0.618580
-0.531602
0.761773
0.440901
0.051363
0.685171
-0.342143
0.644642
0.848140
-0.926756
-0.980590
0.340678
-0.935240
0.340495
0.122898
0.873531
-0.588672
0.549730
0.516770
-0.164892
0.546251
-0.961241
-0.040498
0.247902
-0.897336
0.037446
0.995422
-0.092502
0.715201
-0.644948
0.081027
0.637074
0.869564
0.335185
0.109470
0.409833
0.808466
0.170507
0.051607
-0.796075
0.871029
0.444014
0.986816
0.951415
-0.898679
-0.446028
0.997314
0.886776
-0.607166
-0.605335
-0.542589
-0.698477
0.636830
-0.867122
0.051363
-0.406903
-0.672231
0.248329
-0.388165
-0.012421
0.431745
0.237159
-0.660512
0.171728
-0.718070
-0.714652
0.256386
-0.047823
0.049165
0.085665
-0.208106
-0.307901
-0.085116
-0.647450
0.282388
0.320353
-0.526109
-0.254494
-0.624256
-0.133518
0.775018
0.733207
-0.128452
0.705374
0.451155
0.349467
-0.473495
0.307657
-0.632435
0.147923
-0.435835
0.718925
0.317850
-0.672231
-0.009857
-0.641713
-0.361919
-0.707633
-0.127964
0.518296
0.008026
0.363018
-0.129307
-0.450056
-0.581652
0.229469
-0.374615
0.477096
-0.969543
-0.512864
0.740410
-0.027863
-0.982177
-0.350505
0.604236
-0.186987
-0.001556
0.511460
-0.739433
0.454085
0.916379
0.579638
0.085299
-0.422895
0.210242
0.502853
-0.712516
0.833369
-0.353191
0.269936
0.842769
-0.313150
0.291971
-0.977905
0.529405
0.755486
0.699759
-0.687857
-0.372417
-0.799371
-0.770562
-0.918332
-0.305216
0.648061
0.090487
0.768975
-0.432356
0.521226
0.802606
-0.755425
0.044893
0.019257
