-0.403546
0.082064
0.352763
-0.476791
-0.008026
0.952269
0.057833
-0.900693
0.248817
0.973754
-0.686880
-0.253029
0.367718
-0.761711
0.638234
-0.743034
-0.381756
0.137547
-0.558519
-0.188330
0.126682
0.860591
-0.023225
-0.499313
0.194678
-0.983886
-0.520493
-0.473556
0.323099
0.741874
0.259377
0.378155
0.330546
-0.739128
0.555834
0.602893
-0.438215
0.997192
0.454634
-0.418683
0.903256
-0.910459
0.061312
-0.769707
0.356731
0.005097
-0.571398
0.961852
0.204871
0.583178
0.676199
0.495346
0.613758
0.304910
0.292703
-0.755119
-0.094638
-0.371624
0.691763
-0.909848
0.855708
0.810236
0.981506
-0.897885
0.106113
0.941832
0.972106
-0.269265
-0.567736
0.129429
-0.283120
0.592822
0.623829
-0.823420
-0.420698
-0.970824
0.601550
-0.171178
0.977783
0.053804
0.140172
-0.302774
-0.733451
0.520554
-0.598315
0.153172
0.752678
0.740837
0.782403
-0.787713
-0.182409
-0.410749
-0.236976
0.924009
0.157079
0.673574
-0.077548
-0.426679
-0.996643
-0.619312
-0.598560
-0.064913
0.741935
-0.154576
-0.008148
-0.714652
0.485702
-0.277749
0.331156
-0.499863
-0.068209
-0.602222
0.958983
-0.201392
0.855708
-0.529221
-0.222022
0.791681
-0.184118
0.012970
-0.125706
-0.512375
0.443281
0.314249
0.636830
0.984558
0.336772
-0.312296
0.915891
0.245399
-0.344829
0.079196
0.253761
0.677480
0.194189
-0.812006
0.512803
-0.913694
0.446455
-0.354106
-0.065950
0.093905
-0.374493
0.621754
0.975524
-0.632801
-0.380047
-0.875301
0.054720
-0.608264
-0.451399
0.812922
0.905454
-0.023347
0.202673
-0.556017
0.512131
0.956603
-0.783258
0.864864
-0.094882
0.408368
0.868954
0.461715
0.441694
0.921201
-0.001190
0.743400
0.683584
0.880062
0.273476
0.882321
0.939085
-0.768975
0.391461
-0.892026
0.621265
0.478927
0.283853
0.446394
0.493088
-0.064669
-0.779290
-0.071688
-0.978027
-0.704764
-0.286721
-0.394391
0.121677
-0.675588
-0.350200
-0.857295
0.980163
-0.957457
-0.790582
-0.947752
0.761467
0.552599
-0.568285
-0.015473
0.073397
-0.174657
0.371563
-0.987060
0.684194
-0.556810
-0.346232
-0.188086
-0.684927
-0.208106
-0.978454
-0.322428
-0.869198
0.992737
0.747490
-0.547777
0.144932
0.408490
0.879818
-0.156529
-0.839717
-0.199072
0.392438
0.163488
0.973998
0.170751
0.776605
-0.239113
-0.834712
-0.947264
-0.578600
0.572802
-0.314371
-0.905087
-0.014985
-0.120640
-0.886654
-0.140538
0.597949
0.844600
-0.065279
0.228431
-0.901303
0.472030
-0.740349
-0.973693
0.840144
0.754204
0.531968
-0.036164
-0.370647
-0.470321
-0.113804
-0.710807
0.426923
0.728324
-0.883847
-0.270608
-0.791559
-0.028230
-0.320353
0.647633
0.399091
-0.457259
-0.218909
-0.302103
-0.045137
-0.872188
0.976745
0.095065
0.383282
0.062166
-0.076632
0.964904
0.266030
-0.968322
0.299966
-0.890194
0.340556
0.767632
-0.332560
-0.966552
-0.899167
0.283914
-0.817682
0.474227
-0.226539
0.391705
0.812311
0.889279
0.517502
0.180090
0.200720
0.383953
0.600513
-0.739067
0.960143
0.367168
0.219459
-0.232032
0.546922
0.850520
-0.797479
0.760674
0.744621
0.026704
-0.832087
-0.880612
-0.842402
0.121372
0.184484
0.627308
-0.906796
0.508652
-0.324992
0.878658
0.627430
-0.119663
-0.096408
0.538133
-0.373760
-0.436079
-0.983947
-0.513169
0.737785
-0.534532
0.429121
-0.818232
-0.469405
0.991394
0.037019
-0.975341
0.370159
0.443587
-0.973144
0.697745
-0.909055
-0.924802
0.802728
-0.895993
0.120518
0.150792
0.633595
0.331400
-0.019196
0.854366
-0.975219
0.301187
0.405988
0.397198
-0.078463
-0.917051
-0.240516
0.051546
0.094211
0.552171
-0.157262
-0.831965
-0.007599
0.878048
0.327494
-0.240028
0.758110
0.747795
0.905698
-0.799799
-0.683950
-0.175695
-0.100620
0.211402
-0.795953
0.922971
-0.271950
-0.004791
0.039216
-0.945006
-0.919919
0.856258
-0.259987
0.415937
0.135899
0.229591
-0.845332
-0.766472
-0.686758
0.228675
-0.568468
0.001740
-0.673086
0.748772
0.876461
-0.759087
-0.727531
-0.759697
-0.390240
0.815851
0.661550
-0.445296
-0.894223
-0.880184
-0.231788
-0.624683
0.306925
0.975219
0.626576
-0.311075
-0.235328
-0.087008
0.526170
0.066622
0.577258
0.950438
0.631703
-0.989013
-0.125828
-0.665883
-0.640614
0.877987
-0.340312
-0.947142
0.889462
0.175329
0.160375
-0.368572
-0.737602
0.841975
0.469039
0.164342
-0.069491
0.955687
-0.655568
-0.072176
-0.148412
0.167089
0.651845
0.288430
-0.873409
-0.780755
0.152379
0.817621
0.140233
-0.425642
0.173254
0.562853
0.597888
-0.573229
0.184240
-0.866756
0.720817
-0.343364
0.103305
-0.955077
-0.388287
0.796075
0.923826
-0.539781
-0.968688
-0.183081
-0.229713
-0.805780
0.401166
-0.159276
0.742912
0.647633
-0.766961
-0.302103
0.627735
0.161718
-0.936583
-0.138707
0.921079
0.159093
-0.373333
-0.300333
0.775750
0.465438
0.842463
0.723441
-0.351482
0.305338
-0.758232
0.910581
0.410871
0.859004
0.855159
-0.199927
-0.045930
-0.947996
0.046724
0.482101
-0.256325
-0.586962
-0.284463
-0.778253
0.821100
-0.806269
-0.528916
0.880856
-0.813349
-0.165319
-0.082064
-0.671926
0.872860
0.647633
0.153478
0.830378
0.768609
0.746330
0.756462
-0.274209
0.776666
0.886349
0.535997
-0.378704
0.569445
-0.950865
0.956542
-0.496689
-0.683096
-0.051424
-0.516648
-0.339824
-0.223670
0.662465
-0.561205
-0.105808
0.442549
-0.516037
0.999878
-0.850032
-0.626698
0.221229
0.179296
-0.380840
-0.075900
0.589526
-0.036348
0.954588
-0.557787
-0.648854
-0.589709
0.139012
-0.789727
0.420820
0.733024
0.636097
0.083956
-0.829768
0.488021
0.288491
-0.558580
-0.294290
-0.746025
0.583483
0.154637
-0.994629
0.511521
-0.355571
0.869503
0.624073
0.753655
0.942259
-0.844234
-0.584948
0.119175
-0.374432
-0.242347
-0.484970
-0.377789
-0.607959
-0.398907
-0.764397
-0.545824
0.788751
-0.580859
0.268654
0.338908
0.992553
0.513291
0.803766
-0.283242
-0.585864
-0.225135
-0.996765
-0.906735
-0.497299
-0.835749
-0.580187
0.040986
0.281594
0.304117
-0.420392
-0.053926
-0.731132
0.943236
-0.837642
-0.155736
0.401715
0.060030
0.397626
0.588610
0.299661
-0.925413
-0.202551
0.600452
-0.955382
0.232948
-0.938047
0.298196
-0.597766
-0.746208
0.743950
0.977355
0.397565
-0.082980
0.445235
-0.497360
-0.637867
0.911924
-0.195227
-0.239906
0.778619
0.276101
-0.165807
0.123753
-0.661855
0.830439
-0.233070
0.547655
0.573840
0.449873
-0.073702
0.209998
-0.437300
0.515427
-0.721183
0.579882
-0.236671
0.992431
-0.558580
-0.074496
-0.754692
0.154515
-0.671987
0.669668
0.630238
-0.285379
-0.992920
0.250160
0.042268
-0.942686
-0.538804
0.240577
-0.689138
-0.046113
-0.129246
-0.811335
0.177343
0.882565
0.505783
-0.642750
-0.363506
-0.118381
-0.969115
-0.716361
-0.742729
-0.423566
0.806757
0.051363
-0.858516
-0.475997
-0.196509
-0.926939
-0.271096
-0.160009
-0.292825
0.227088
-0.078646
-0.245766
0.527207
0.387005
0.089450
0.531602
-0.037080
0.060213
0.756279
0.069674
0.481552
-0.552904
-0.568896
-0.275613
-0.447432
-0.726066
-0.147008
-0.991394
-0.619495
-0.662343
-0.004120
-0.907834
-0.225318
0.047639
-0.671743
0.697623
-0.706595
-0.082369
0.964049
0.507004
-0.979980
0.401654
-0.906674
-0.393902
0.764885
0.745476
-0.179235
-0.264016
0.373882
-0.860530
-0.940611
0.695608
-0.379376
0.725150
0.262856
-0.657460
-0.042268
-0.083834
0.066439
0.617786
-0.615162
-0.251991
-0.079073
-0.749748
0.201514
0.783441
0.118137
-0.960509
-0.199927
0.854854
0.812555
0.392315
-0.200354
-0.521592
0.770989
-0.556017
0.483749
0.744560
-0.924131
0.043428
0.414716
-0.846919
0.683645
0.579211
-0.390057
-0.167516
-0.815729
0.471541
-0.491745
-0.947081
-0.322184
0.825068
0.591784
-0.584094
0.931883
0.478195
0.977111
0.647328
-0.273232
0.196570
0.785699
0.341899
0.368999
0.200903
-0.110508
0.636525
-0.623035
-0.040681
0.532334
0.815607
0.474044
0.615101
-0.602161
-0.834529
-0.360759
-0.306314
-0.159581
-0.628285
0.176305
-0.574206
0.925901
0.628346
-0.999573
-0.196997
-0.384503
-0.530198
-0.299783
-0.420026
-0.443770
0.916196
0.541124
0.295145
-0.185461
0.885495
-0.919187
-0.135105
-0.609607
-0.188879
0.100436
-0.084262
-0.326029
0.399945
-0.043550
0.432844
0.501877
0.372234
-0.217566
-0.040010
-0.697806
0.386639
0.185278
0.420270
0.254677
0.456893
0.123875
0.326334
-0.994934
-0.321329
0.861812
0.076388
-0.103061
0.617847
0.546556
0.317850
0.924497
-0.672170
0.018403
-0.970885
0.432234
0.314737
-0.578356
-0.474532
-0.027741
-0.002106
0.837031
-0.031953
-0.385968
0.048555
-0.384808
0.042940
0.285440
0.563707
-0.618397
0.085482
0.199927
0.494552
0.738212
0.827937
-0.126804
-0.264199
-0.731803
-0.527085
0.389508
-0.087680
-0.634388
0.201270
0.289102
0.527818
0.430830
0.950438
-0.620594
-0.589282
-0.010834
0.322672
-0.494430
0.480270
-0.602710
0.426984
-0.544786
0.342631
0.342326
-0.501267
-0.530808
-0.231300
-0.937803
-0.683828
0.573656
-0.296243
-0.818293
0.257485
0.318339
-0.473312
0.286294
-0.261757
0.776727
-0.511643
0.890133
0.994690
0.401288
0.474166
0.184790
-0.183935
-0.578784
0.733818
0.010712
-0.686392
-0.803461
-0.397870
0.828547
-0.549120
-0.109287
0.415998
0.231300
-0.096042
0.951170
-0.940855
-0.778497
-0.028291
0.108982
-0.374310
-0.398419
-0.828181
-0.353923
0.424421
-0.478256
0.109653
-0.901120
0.594226
0.029389
-0.716910
-0.647206
-0.108921
-0.703787
0.635731
-0.619617
0.968871
-0.274575
-0.714103
-0.986633
-0.364910
0.641102
0.002655
0.985107
0.659963
0.857173
-0.725883
0.207678
0.900571
0.628895
0.177404
0.422346
0.490768
-0.229347
0.390423
-0.301126
-0.947569
-0.296365
0.217689
-0.524339
-0.528916
0.889279
0.605274
0.425153
-0.825922
-0.580065
0.308023
0.728385
-0.835627
-0.596789
0.732963
-0.869320
0.174413
-0.594165
-0.522935
-0.582751
-0.238441
0.567980
-0.150731
0.173803
0.666250
0.368328
-0.540391
0.433576
-0.959349
-0.493149
0.156713
-0.584155
-0.156590
-0.984375
0.997925
0.535386
-0.715201
-0.259743
-0.330363
-0.278787
-0.552599
-0.311258
-0.428327
-0.429487
0.208533
0.857356
0.611621
-0.276589
0.234107
0.239662
0.808893
-0.557787
-0.288553
0.743461
-0.330363
0.673879
-0.590869
-0.972777
-0.694876
0.001251
-0.099338
-0.842036
-0.555773
-0.943724
-0.723258
0.781182
-0.896176
0.798334
0.766778
-0.732047
-0.966491
-0.545946
-0.250038
-0.141087
0.403974
0.202857
-0.205115
-0.136937
0.829646
-0.165746
-0.732658
-0.598193
-0.484725
-0.243019
0.618213
-0.416059
0.372539
0.879086
-0.894345
-0.328227
-0.811823
-0.734489
-0.479781
-0.403790
-0.822993
-0.289712
-0.873592
-0.658437
0.831782
-0.114292
0.369854
-0.831538
-0.855037
-0.432295
-0.562243
0.363872
0.085665
-0.428999
0.302896
0.603626
-0.914243
-0.297769
-0.876705
0.154393
-0.542283
-0.884884
0.405805
0.243141
0.908811
-0.070650
-0.229774
-0.053743
0.683889
-0.116428
0.637928
0.261330
0.904782
0.411115
0.041353
-0.454268
0.769829
-0.529405
0.852168
0.057649
-0.322123
0.374920
-0.644581
-0.677358
-0.868343
0.362651
0.165685
0.125217
0.651296
-0.591968
-0.746818
0.973998
0.908139
0.014435
-0.168615
-0.199561
0.825556
-0.117893
0.170568
0.120762
-0.520554
0.258889
0.623280
0.696402
0.875668
-0.138401
-0.162389
0.600574
0.878597
-0.159154
-0.168126
-0.159520
0.937254
0.437727
-0.563829
-0.999084
0.862911
-0.371990
-0.782098
-0.352153
0.726554
-0.376995
0.439924
-0.699026
-0.211707
-0.347880
-0.866024
0.593677
-0.640553
0.600879
0.032380
0.434553
-0.125401
0.480453
0.645375
0.874264
0.335429
-0.234901
-0.341044
-0.657582
0.821100
0.605152
0.370769
0.017792
0.668081
-0.994079
0.729057
0.320170
-0.556017
-0.799127
-0.223060
0.414716
0.316568
0.032197
-0.907468
0.979614
0.735649
-0.925962
0.009308
-0.171545
0.710868
0.976073
0.482833
-0.476302
-0.780267
-0.042756
-0.873592
-0.583911
-0.850459
-0.951903
-0.954527
0.749260
-0.737724
0.337260
-0.946532
0.150121
0.125523
0.037873
0.432051
-0.283609
-0.185522
-0.475387
-0.615406
0.324992
-0.779901
-0.290872
-0.696768
0.263588
-0.249062
-0.199072
0.715079
-0.268899
-0.274819
-0.694754
0.140294
0.301309
0.439192
0.381390
-0.422956
-0.959105
-0.120762
0.849422
0.994324
-0.266701
-0.629749
-0.951659
0.956053
0.280190
0.439802
-0.071749
0.010407
-0.673635
-0.528245
-0.331034
0.184668
-0.679373
0.629200
-0.372967
0.946959
0.664785
0.658925
0.535203
-0.511277
0.848933
0.126743
0.252235
0.657338
-0.922605
-0.440046
-0.268166
0.550707
-0.475448
0.538133
-0.516099
0.651906
-0.390973
0.188940
-0.740654
0.709159
-0.040071
-0.378765
-0.675344
0.073275
-0.955382
-0.426740
0.569933
0.599231
0.492721
0.180090
0.415815
-0.503159
-0.646046
0.492538
0.855464
0.163732
0.462569
-0.121738
-0.480026
0.645985
-0.541246
-0.727042
-0.419172
0.001801
0.858211
-0.121006
0.374737
0.346599
0.170629
-0.173254
-0.510483
-0.639637
0.784906
-0.389508
-0.990295
-0.483566
-0.667959
-0.969481
-0.019745
-0.671499
-0.773614
0.016449
-0.621876
0.948180
-0.593554
-0.253090
-0.658864
0.555956
-0.062410
0.348003
0.328776
-0.410993
-0.396832
0.017914
-0.971801
-0.568346
0.139317
0.846675
-0.265664
-0.998108
0.769097
-0.624134
0.358440
0.993652
0.074007
-0.902524
-0.073885
-0.440291
0.680960
-0.189489
0.061251
0.783929
-0.090304
-0.468978
-0.156407
0.490951
0.533616
0.648671
0.053743
-0.541063
0.110446
-0.440229
-0.290872
-0.320536
0.036836
-0.721488
-0.457320
-0.303751
-0.710257
-0.015778
-0.949400
0.857173
-0.675771
-0.391522
0.717887
0.557054
-0.816767
0.973327
0.940184
-0.634510
0.967223
0.452742
-0.349223
-0.865780
0.503525
-0.887875
-0.959716
-0.036775
-0.263588
-0.078097
-0.824152
0.631520
0.914609
-0.091830
0.281594
-0.261513
-0.056795
-0.595630
0.930601
-0.915891
0.544786
-0.950011
-0.301248
-0.152013
-0.350017
0.029206
-0.913022
0.236244
0.015168
-0.671865
0.640858
0.167150
0.856014
-0.976501
-0.572130
-0.677175
-0.128086
0.091037
0.935850
-0.065706
-0.477401
-0.190283
-0.641774
0.972106
0.241188
-0.235206
-0.243019
0.333598
0.174352
0.377606
-0.439863
0.683157
0.984497
0.649770
-0.067171
-0.596057
0.614429
0.561998
0.576159
-0.541673
-0.753716
0.993835
0.747917
0.220069
-0.293863
-0.643178
0.871761
-0.625050
-0.629383
0.278542
0.668447
-0.816034
-0.607837
-0.276528
-0.126133
-0.915036
0.385113
-0.683828
-0.023896
0.910886
-0.226905
-0.711295
0.324870
-0.169347
-0.585864
-0.491562
-0.164281
-0.756279
-0.226112
-0.356120
0.670339
0.871700
-0.179052
0.931394
-0.128208
-0.316568
-0.726737
0.151524
-0.637928
-0.019745
-0.233009
-0.259621
-0.106723
0.323283
-0.450728
-0.880612
-0.322977
0.790277
-0.555773
0.517258
0.222755
-0.365764
0.028962
0.762932
0.009125
-0.272439
0.022309
-0.752556
-0.686636
-0.288247
0.527451
-0.683706
0.709647
-0.787347
0.140904
-0.454817
-0.825495
-0.477462
-0.906003
-0.961791
-0.909848
-0.689688
0.364544
-0.286294
0.852290
-0.180639
-0.533006
-0.968383
0.140477
-0.026032
0.131138
-0.214209
0.934019
-0.135716
0.551439
-0.352031
0.167089
-0.764885
-0.746452
-0.029206
-0.980224
0.212989
0.039705
-0.782525
0.651173
-0.224158
0.107517
-0.939329
0.904660
0.538194
0.682546
-0.789727
-0.613147
-0.532456
-0.310892
-0.731254
-0.700858
0.821345
0.748100
-0.442305
0.767876
0.082430
-0.454634
0.489669
-0.779168
0.839778
0.354411
-0.303079
0.674001
0.784295
0.286111
0.051729
0.962096
0.096652
0.374676
0.702506
0.147313
0.163488
-0.809687
-0.588977
-0.227393
0.647877
0.835994
0.341350
-0.403668
-0.484664
-0.252052
-0.972228
0.918027
0.068575
0.852351
0.573046
-0.390423
0.769036
-0.960326
0.391705
-0.044160
0.316385
-0.693777
0.386517
0.497909
0.536058
-0.652944
0.211768
0.094455
0.019623
-0.059114
-0.516953
0.497665
-0.361126
-0.169836
0.786981
-0.757927
-0.045442
0.947142
0.779412
0.679250
-0.179174
-0.186804
-0.882260
0.626087
-0.063875
-0.782525
-0.937193
-0.334147
0.263527
0.342143
-0.623646
0.885311
0.093722
0.055330
0.577807
0.797479
0.984008
0.293863
0.117832
-0.360027
-0.264626
0.389569
-0.609729
0.568468
0.916562
0.223426
-0.800836
-0.795404
