-0.252968
0.143223
0.635914
0.271889
-0.778680
0.918455
0.655995
0.170507
-0.644093
-0.065950
-0.067782
0.943052
0.644215
0.375896
-0.774773
0.808649
0.330363
-0.482406
0.472579
0.840938
0.153356
-0.972839
-0.946104
0.911557
-0.139866
0.377667
0.838191
0.855281
-0.029695
-0.997070
-0.625416
-0.120823
0.798334
0.873226
0.702383
-0.680349
-0.924070
0.150853
-0.584643
-0.814631
0.466231
-0.426435
0.640919
-0.777215
0.209143
-0.362285
-0.963561
0.268654
-0.101413
0.679495
-0.677908
-0.658681
-0.583422
0.442305
-0.131199
-0.100436
-0.476424
-0.859737
-0.892087
0.923460
-0.739128
0.564928
0.052461
0.395062
-0.513840
-0.431196
0.611988
-0.766472
0.850581
-0.364116
-0.459212
-0.329875
-0.157628
0.245399
0.759697
0.243629
-0.095126
-0.291726
-0.451338
-0.073763
0.442610
0.442244
-0.510544
0.537217
-0.050874
-0.390667
-0.336772
0.547594
0.871517
0.859737
-0.406964
0.048189
-0.971435
-0.088961
-0.863460
-0.057039
-0.882504
-0.409833
-0.909604
-0.770745
-0.022553
0.546068
0.484176
0.701956
0.515000
0.016083
-0.731254
-0.300882
-0.052217
-0.025056
0.198035
0.299112
-0.120334
0.977172
0.547899
-0.769646
0.075900
-0.757500
-0.816462
-0.653554
-0.972533
-0.857784
0.173009
0.969359
-0.402142
0.853755
0.344157
0.210974
0.653859
-0.365337
-0.037141
0.232215
0.864132
-0.558641
0.060335
0.042207
-0.886959
0.250710
-0.115635
-0.069063
0.015717
-0.325541
0.464400
0.828608
0.059542
0.226661
0.920408
-0.504135
0.815424
-0.602466
-0.876583
0.650929
0.251625
0.672414
0.268410
-0.249489
-0.412702
-0.404157
0.382366
0.877804
0.738273
0.759697
-0.227271
-0.909787
-0.752922
-0.110141
0.843928
0.650197
0.547227
-0.304483
0.848994
-0.239784
0.322611
-0.000702
-0.163610
-0.799249
-0.238746
0.948729
-0.930845
0.787225
0.433515
0.713370
-0.948851
-0.966491
-0.562059
-0.071993
-0.618702
0.621998
-0.484725
0.506699
0.492904
-0.109836
-0.939268
0.871212
-0.921690
0.177404
0.401349
0.100864
-0.967406
-0.964660
-0.846065
-0.963683
-0.992492
-0.367962
-0.991272
-0.231239
-0.201025
0.263222
-0.266884
-0.635792
0.161596
-0.021638
0.118381
-0.579028
-0.243263
-0.615650
0.648671
0.289224
-0.603626
0.045198
-0.369671
0.210608
0.099277
0.579150
-0.518967
0.181677
-0.409223
-0.591540
-0.508164
0.592822
-0.981262
0.991028
-0.493027
0.061556
-0.710990
0.312906
0.527024
-0.908872
-0.584216
-0.230323
-0.060579
0.784600
-0.145482
0.329875
0.255959
0.112766
0.903928
0.558214
-0.385540
0.219581
-0.920896
-0.625111
-0.209998
-0.371502
0.891232
0.172643
0.673574
0.256142
0.314371
0.555467
0.963866
0.975829
-0.869564
0.817621
-0.839473
-0.099277
0.118320
-0.895322
-0.402631
-0.649464
-0.829707
0.459517
-0.996582
-0.715995
0.927732
-0.466414
-0.007965
0.258889
0.162694
0.752434
0.566881
0.449446
-0.404523
0.619373
0.269448
0.105319
0.682363
0.622913
0.062288
-0.796869
-0.243446
0.433760
0.492111
-0.387921
0.928220
0.170019
-0.120212
0.414899
0.141087
-0.862545
0.286477
0.601672
0.265053
0.534715
0.636708
-0.730888
-0.687735
-0.681631
0.294351
-0.653859
-0.577258
0.505417
-0.411542
0.857784
0.699087
-0.621632
0.632496
0.673635
0.328104
0.119663
0.418806
-0.084750
0.418256
-0.722526
0.983032
0.042451
0.545030
0.840327
-0.210242
-0.453841
-0.190405
-0.900449
-0.370708
0.960021
-0.970580
-0.220130
0.414594
-0.835810
0.774163
0.597827
-0.705557
-0.354289
-0.103671
-0.084506
0.391644
0.921812
0.934935
-0.358135
0.483200
-0.364299
-0.452498
-0.394024
0.745476
-0.585864
0.226783
0.991455
0.549608
0.030183
-0.277444
0.710379
0.832759
0.537461
0.059725
0.216102
-0.604480
-0.149022
-0.357768
0.578967
-0.999817
0.950255
0.128330
-0.751274
-0.707694
0.782525
-0.496445
0.798883
0.040071
0.308939
-0.871639
0.627003
-0.618213
0.462691
-0.798639
-0.490646
0.128941
0.764702
0.845943
0.558397
0.051851
0.090426
-0.073641
0.988403
-0.486496
-0.445357
-0.800531
0.513352
0.430403
0.715934
0.687429
0.335795
-0.482894
0.654408
0.771661
0.074129
-0.946654
0.783685
0.069857
0.976806
-0.844295
-0.760613
-0.661000
0.867489
0.469222
0.828669
0.179968
-0.405255
-0.065218
-0.902036
-0.945921
-0.266457
0.715934
0.610767
-0.215857
0.368206
-0.931700
0.122471
0.407392
0.037690
-0.319559
0.085482
-0.805536
0.322550
-0.607410
-0.809320
0.077792
0.609180
0.386883
-0.696036
0.027924
0.967772
-0.716239
-0.417280
-0.415876
-0.065584
-0.983764
-0.705985
0.996155
-0.802301
-0.172460
-0.153661
0.473006
0.677419
-0.217200
0.877560
-0.691397
-0.069857
-0.079501
0.338420
-0.292520
0.108921
0.165990
-0.975036
-0.797296
0.188208
0.081881
0.518479
-0.325236
0.764153
-0.055513
-0.023408
0.505600
-0.200171
-0.519944
-0.657094
-0.119480
-0.817988
-0.086947
0.171972
0.193701
-0.394574
-0.014801
-0.777825
0.542528
0.272011
0.585314
0.187658
0.683218
0.288614
-0.973388
-0.674184
0.027619
0.647450
0.188574
-0.941343
0.378155
0.717948
0.189489
-0.286172
-0.058809
0.166906
0.273782
0.416364
-0.878658
0.715873
0.933958
0.265175
-0.971557
-0.962462
-0.961913
-0.598437
-0.352580
-0.501328
0.245643
0.824885
0.713919
0.950926
-0.333293
-0.542589
-0.213904
0.690481
-0.319315
-0.200903
0.094638
-0.500229
-0.747551
-0.143712
0.779595
-0.032685
-0.030671
-0.240211
-0.560656
-0.230079
0.188147
0.665761
-0.761345
0.005951
0.033052
-0.262062
-0.036348
0.722221
-0.485275
0.525559
0.780816
0.145299
-0.592517
-0.191687
-0.882382
0.320231
0.981262
0.755608
0.440046
0.416608
-0.277627
0.543870
-0.442915
-0.858943
-0.078829
0.037507
-0.191198
-0.249245
0.560289
-0.583850
0.011750
0.264138
0.345317
-0.190954
0.256508
0.168310
-0.986633
-0.614978
-0.571703
0.953917
0.008271
-0.284951
-0.282327
0.501755
0.528306
-0.483749
0.260964
0.677602
0.121982
0.162511
-0.804926
-0.251198
0.888058
0.487228
0.806330
-0.328104
-0.058748
-0.589404
-0.075533
-0.602954
0.424421
-0.282144
0.756523
-0.500839
0.502853
0.221717
-0.979125
0.790582
-0.072726
-0.554552
0.064791
0.393780
0.977599
-0.254738
-0.172216
-0.897885
-0.276833
-0.861629
-0.569933
0.130284
-0.928770
-0.416120
0.722037
-0.890133
0.115329
0.934507
0.554735
-0.861324
-0.733512
-0.044099
-0.821589
0.673269
-0.324259
0.793878
-0.272744
-0.804010
-0.773064
0.739189
-0.398114
0.943175
0.374493
-0.860591
0.887265
0.435041
-0.482406
-0.345317
-0.110385
-0.967650
0.059420
-0.251198
-0.182043
0.208960
0.287454
-0.307840
0.530992
0.183630
-0.628712
-0.456893
0.540147
-0.865535
-0.504990
0.895199
0.233375
0.326762
-0.526414
-0.441694
0.444746
0.650441
0.347880
-0.323893
0.992370
0.687063
-0.867855
0.801508
0.612476
0.915464
0.534959
0.817499
-0.705496
-0.145848
0.936155
0.478744
0.815973
-0.805170
-0.050691
-0.785821
0.917966
-0.455672
0.875057
-0.349162
-0.570299
0.416242
-0.581347
-0.819880
-0.857356
-0.572985
-0.397565
0.430403
-0.867122
0.721671
-0.908506
0.100375
0.286599
0.791986
0.732414
-0.053438
0.517258
0.589831
-0.692312
-0.142491
-0.905576
-0.837947
-0.280313
-0.357097
-0.065828
-0.647023
-0.273537
-0.996399
0.298990
-0.942564
-0.542772
0.806879
0.452315
-0.438643
0.713187
0.061190
-0.924131
0.872677
-0.884091
-0.171545
0.024018
-0.402814
0.001373
-0.103793
-0.250893
-0.188025
-0.484298
-0.955138
0.634205
-0.178076
-0.105869
0.077914
0.946837
-0.681509
0.640126
-0.501938
0.824152
-0.734306
0.154881
-0.960387
0.486007
-0.677114
0.329386
-0.579394
-0.234718
0.416852
-0.204260
-0.846065
-0.222083
-0.830439
-0.886837
0.806574
-0.632740
-0.543199
-0.417890
-0.359233
-0.048311
-0.619251
-0.386029
0.586779
0.752495
0.698904
-0.554491
-0.943419
-0.436750
0.580004
0.792535
-0.296609
-0.522935
0.591601
0.109470
-0.178564
-0.408612
0.464156
0.807672
0.063631
-0.339274
0.564867
-0.668386
0.210181
-0.226112
-0.302591
-0.162328
0.473434
-0.369549
-0.664968
-0.359416
0.283303
-0.731559
-0.960875
-0.123630
0.272744
-0.891964
0.510666
0.639698
-0.695425
0.694266
0.153844
-0.465987
-0.764946
-0.717887
-0.580981
-0.968139
-0.166478
0.959227
0.656667
-0.723502
0.286538
0.877560
-0.682424
0.508347
-0.890683
0.376385
-0.216285
-0.575793
-0.070040
0.428083
0.935484
0.006317
0.534959
0.037996
-0.966124
0.300760
0.923704
0.471603
-0.942869
-0.242225
0.658132
-0.196631
-0.103488
-0.296243
-0.677297
0.716178
0.638173
0.762139
-0.161718
0.758293
-0.496811
-0.025605
-0.374248
-0.042879
0.383099
0.718619
-0.239051
-0.961852
0.790826
0.123020
0.300699
0.145604
0.263710
-0.958861
0.500595
-0.653005
-0.791498
0.263344
-0.638478
0.133274
0.148473
-0.889401
-0.336161
-0.154393
0.022919
-0.801202
0.771844
-0.149449
-0.488449
-0.433393
-0.690725
-0.110752
0.447859
0.116245
0.393292
-0.951109
-0.332072
0.224952
0.623218
-0.277139
-0.390790
0.687551
0.126438
0.788018
-0.294229
-0.960875
-0.855586
-0.519822
-0.121311
0.326090
0.569567
-0.141697
0.932676
-0.273110
-0.364177
0.255776
-0.725333
-0.707144
-0.204627
0.151524
-0.143651
0.801202
0.749931
0.578478
0.500168
-0.647328
-0.433454
0.016449
-0.769341
0.218055
-0.026276
-0.524827
0.690054
0.578051
0.089877
0.750603
0.973205
0.105869
-0.158788
0.329875
-0.272622
-0.392193
-0.425031
0.846187
-0.219275
-0.512070
-0.686697
-0.667348
0.177526
0.669973
-0.748344
-0.604907
0.975890
0.015900
-0.712333
-0.538011
-0.006806
0.898984
0.357219
0.233070
-0.211341
0.911740
0.604785
-0.383465
0.328043
-0.437483
0.155370
0.917417
-0.648305
0.192358
0.044221
-0.054231
-0.725822
0.782159
-0.536607
-0.161412
0.596484
0.121128
-0.839167
-0.075961
0.653737
0.772637
-0.579882
-0.077120
0.011505
-0.417463
-0.472274
0.061190
0.102329
0.109470
0.489059
-0.275063
-0.266213
-0.075716
0.035676
-0.958861
0.389386
-0.870052
0.943480
0.456648
-0.371136
-0.554979
0.355083
-0.799738
0.028047
0.392010
0.513535
0.937376
-0.240944
0.109897
0.110996
-0.858150
0.567248
0.317118
-0.262856
-0.775445
-0.295328
0.065523
-0.707999
0.581530
0.473617
-0.007721
0.693167
-0.295022
0.611072
-0.470565
0.309244
-0.723319
-0.228004
0.422040
-0.899838
-0.288491
-0.225562
0.969359
-0.069002
-0.561754
0.734672
0.658620
0.713736
-0.466353
-0.489486
0.984252
0.529527
0.084506
0.266030
-0.869442
-0.323527
-0.801080
-0.328227
0.528428
-0.322489
0.982482
0.328654
0.699149
-0.960692
-0.571581
0.175146
-0.663991
-0.639637
0.871456
-0.949522
-0.378155
-0.996948
-0.272317
-0.054170
0.281777
-0.367901
-0.223853
-0.702322
-0.425581
0.441877
0.654897
-0.414350
-0.474044
0.084811
-0.438765
0.462264
0.704825
0.605090
0.922422
-0.870907
0.632923
0.432783
0.750359
0.843135
-0.307840
0.807733
-0.221290
0.460677
0.030915
-0.683096
0.319376
-0.981628
0.284219
0.028230
-0.623402
0.232887
0.999329
0.401593
-0.697867
0.006134
0.138707
0.284219
-0.088900
-0.125828
-0.378765
-0.970824
-0.796381
-0.556078
0.038179
-0.866451
-0.958617
0.333964
-0.080966
0.669790
0.232521
0.238807
-0.753044
0.317240
-0.672048
0.982238
0.752434
0.414899
0.384930
0.072115
0.290323
-0.859859
-0.847407
-0.251259
0.302225
-0.141820
0.612720
-0.446699
-0.784112
0.085360
0.631825
0.157506
-0.804682
-0.086947
-0.722953
-0.072909
0.965453
-0.955565
0.343974
-0.862728
0.506943
0.650868
0.738884
-0.153722
0.858211
0.282327
0.400555
0.319559
-0.924558
0.436079
0.666433
-0.242286
-0.348064
-0.267434
-0.112156
-0.884762
0.168432
-0.943236
-0.176061
0.741935
-0.459395
-0.282327
0.297220
0.762017
-0.088961
-0.278054
0.481002
0.569262
0.202429
0.214881
-0.222816
0.614246
-0.041414
0.205603
0.253151
0.265297
-0.715629
-0.107028
0.249916
0.020478
0.576525
0.914121
-0.232521
0.446333
-0.117893
-0.313700
-0.203467
0.501205
0.548875
-0.273965
0.293802
-0.900998
-0.952147
-0.470687
0.484970
0.204688
0.529527
-0.752007
0.314432
0.243995
0.228980
-0.013764
-0.676443
0.125278
-0.751335
-0.748650
-0.897824
0.117405
0.915647
-0.356487
-0.996094
-0.553331
-0.121799
0.074862
0.139256
-0.987854
-0.625660
0.597156
-0.722526
0.738151
0.160192
0.309732
0.762627
-0.281350
0.605823
-0.148106
-0.382122
0.627857
-0.442427
0.074313
0.466842
0.575915
0.174169
0.619984
-0.847224
-0.337626
-0.811090
-0.685476
0.514695
-0.059297
0.871090
-0.840815
0.165746
-0.277200
0.090915
-0.409650
0.320353
-0.635426
0.373577
-0.520798
-0.348796
-0.488998
-0.907651
0.378094
0.807306
-0.349528
-0.715995
0.835505
-0.086154
0.334758
-0.385784
-0.663747
0.041902
0.650563
-0.964904
0.022858
-0.586352
0.074923
0.926511
-0.170202
-0.011689
0.675771
-0.476180
-0.966308
-0.711539
-0.807917
-0.710929
0.068575
0.423078
0.093905
0.166173
-0.966674
-0.730033
-0.411359
-0.590991
0.506760
0.206641
-0.765740
0.298807
0.414533
0.718436
-0.558031
-0.157262
-0.793512
0.418439
-0.093417
-0.244911
0.219947
-0.664296
-0.457747
-0.087130
-0.061251
0.635365
-0.379254
0.820856
0.571703
0.670644
0.076266
0.494552
0.624317
-0.331278
0.753471
-0.666189
0.998047
-0.882870
0.610767
-0.301614
0.564623
0.788446
-0.128758
0.904538
0.485580
0.151158
-0.914243
0.977783
-0.073824
-0.656484
-0.081820
-0.445540
0.443037
0.239906
-0.132115
0.519517
-0.466720
-0.797967
-0.579394
-0.244240
-0.362346
0.880551
-0.731559
0.712394
-0.245949
-0.480697
-0.501022
-0.158483
-0.661916
0.204932
0.269875
0.936155
0.899777
0.111667
0.658742
-0.058626
0.528489
-0.580248
-0.187353
-0.815485
-0.281045
0.342814
-0.893918
-0.099094
-0.925596
0.255959
0.791009
0.038057
0.103183
-0.162816
0.796625
-0.516465
-0.298990
-0.213538
0.715384
-0.093966
0.771111
-0.202795
-0.396344
-0.503708
-0.716727
-0.411664
0.956297
-0.375225
-0.778314
0.739738
0.415387
-0.496689
-0.406720
-0.880673
-0.815058
0.546251
-0.193823
0.932493
0.496506
-0.873470
0.226539
-0.530442
0.722526
0.746330
0.967406
0.013398
0.711295
-0.273232
0.663259
0.932188
-0.469588
0.901669
-0.503037
0.452681
0.304361
-0.521714
-0.230079
-0.228248
-0.211524
0.239235
0.478561
0.335734
0.491501
-0.511887
-0.639332
0.468551
0.041780
0.780267
-0.410077
-0.773186
0.905026
-0.487838
0.328959
0.189856
0.044954
0.916868
0.177953
0.267617
0.969237
0.441694
-0.956359
0.498642
-0.291604
-0.130955
0.880001
0.501328
-0.788446
0.417402
-0.379925
0.317423
0.441145
-0.921262
0.447615
0.314249
0.109409
0.752861
-0.604602
0.789972
-0.658071
-0.662099
0.878414
-0.928098
-0.348857
-0.439070
-0.561571
-0.637196
0.868404
-0.657460
0.153539
-0.403851
0.552477
-0.720939
-0.531602
0.761773
0.440901
0.208716
0.685171
-0.342143
0.644642
0.848140
-0.577685
0.013825
0.340678
-0.920408
-0.384808
0.122898
-0.782220
0.301187
0.594348
0.588794
-0.164892
0.546251
0.162755
-0.040498
-0.980834
-0.897336
0.936522
-0.145543
-0.408551
0.715201
-0.644948
0.081027
-0.221290
0.484115
-0.442305
0.316752
-0.443709
0.411664
-0.143773
-0.317972
0.907041
0.871029
-0.440046
0.380352
-0.729118
-0.277261
-0.446028
0.997314
-0.328715
-0.197974
-0.605335
-0.542589
0.773064
-0.232521
0.890866
0.051363
-0.406903
-0.672231
0.609119
-0.388165
0.462081
-0.861263
-0.486190
-0.660512
0.187475
-0.779656
-0.714652
-0.554613
0.265603
-0.232215
0.080538
-0.991577
-0.307901
0.169164
-0.647450
0.162084
0.320353
-0.970336
-0.254494
0.277932
-0.133518
-0.685598
0.000641
0.540269
0.354411
0.451155
-0.215186
-0.357646
0.307657
0.643849
0.147923
-0.907407
0.718925
0.317850
-0.088107
0.532334
-0.641713
-0.361919
-0.707633
-0.127964
0.512070
0.008026
0.363018
-0.399030
-0.450056
0.475997
0.229469
-0.374615
0.477096
-0.969543
-0.103977
0.740410
0.169286
-0.982177
-0.883419
0.604236
-0.818232
-0.001556
-0.684500
-0.739433
-0.372112
-0.526902
0.517624
0.085299
0.060030
0.210242
0.502853
0.810663
0.833369
0.395184
0.269936
0.842769
-0.313150
0.300333
-0.977905
0.105686
0.755486
0.386029
0.473006
-0.372417
0.576769
-0.134129
-0.144749
-0.520981
-0.168126
0.090487
-0.182104
-0.233802
-0.792291
-0.805353
-0.971679
-0.180029
0.019257
