-0.549242
0.432173
0.873714
0.527573
-0.160375
-0.791559
0.018097
-0.957152
-0.239784
-0.437971
-0.716300
-0.318827
-0.961425
-0.971618
-0.702017
0.282632
-0.692984
-0.577624
-0.491379
0.685904
0.724784
-0.972839
-0.600024
0.853999
-0.224952
0.286111
0.465682
0.518296
0.912595
-0.487838
0.335307
-0.835994
0.239357
0.861568
-0.058138
-0.663686
-0.002777
-0.863033
-0.544176
0.322916
0.466231
0.767815
0.106784
0.687857
0.209143
0.841243
-0.854732
-0.613941
0.026215
0.182043
0.287454
-0.343608
-0.583422
0.777093
0.889706
-0.809748
-0.494003
0.494797
0.123569
0.923460
0.527085
-0.868892
-0.100620
-0.541490
0.903806
0.282022
0.306497
0.918332
0.548997
-0.916562
-0.335978
-0.101657
0.830134
0.245399
0.183447
-0.074007
-0.739982
0.803339
-0.125156
-0.093356
-0.434431
-0.500168
-0.526048
0.735527
0.393231
-0.615772
-0.604297
-0.310404
0.699637
-0.147740
0.273232
0.631886
-0.655385
0.805292
-0.898373
-0.069552
0.551073
0.463179
-0.335551
-0.367534
-0.985412
-0.372356
-0.988708
-0.059969
0.208289
-0.250710
-0.533677
-0.349956
-0.052217
-0.973022
-0.122715
0.299112
-0.842647
-0.044527
0.547899
-0.769646
-0.947264
0.622913
-0.246986
0.239357
-0.998962
0.672536
-0.146397
0.969359
-0.217872
-0.637806
0.344157
0.860775
0.098483
-0.878780
-0.037141
0.423078
0.928892
-0.357341
0.836421
-0.741325
-0.650868
0.857051
0.180822
-0.212806
-0.352641
0.660573
0.464400
-0.955077
-0.784967
0.698050
-0.555101
0.304788
0.403729
0.070162
-0.318033
-0.573778
-0.373760
0.181921
-0.713553
0.408246
-0.412702
-0.223060
0.310770
-0.876095
-0.612781
0.296793
0.166784
0.801202
0.620472
-0.326334
-0.146031
-0.343852
-0.841731
-0.543504
0.294961
-0.953490
-0.981567
-0.711905
-0.238685
-0.794000
-0.238746
0.948729
-0.320292
0.621632
0.117649
0.099338
-0.410932
0.102695
-0.614307
-0.715812
0.506333
0.719840
0.925413
0.987487
-0.180212
-0.109836
0.468795
-0.687735
-0.035798
0.295206
0.964415
0.171728
0.456648
0.839839
-0.846065
0.038362
-0.142735
-0.789178
-0.842708
-0.412702
0.435835
-0.263710
-0.145482
0.018281
-0.626331
-0.898740
-0.725455
-0.579028
0.700980
0.402326
-0.073336
-0.397931
-0.748772
-0.051912
0.910398
0.631825
-0.029084
-0.676382
-0.556078
-0.004364
-0.868465
-0.801874
-0.847102
0.592822
-0.981262
0.524094
0.301859
-0.041658
-0.108066
-0.369182
0.657826
0.921567
0.749138
-0.225867
0.335917
-0.768914
-0.995361
0.169897
0.339579
-0.917234
0.491928
0.633595
0.168798
0.815363
-0.705374
0.614063
0.393170
0.000763
0.167638
0.172643
0.347453
0.967223
-0.364971
-0.810419
0.765740
0.621021
0.968444
0.515488
0.854854
-0.099277
0.377728
0.375164
0.981201
0.462874
-0.064852
-0.491989
-0.129734
0.368877
0.607288
0.260048
-0.131138
-0.075411
-0.828242
0.613880
0.945433
0.482467
-0.506027
0.107089
-0.023041
-0.030732
0.973937
0.216346
0.397259
0.715018
-0.457503
0.933409
0.441145
-0.191504
0.856441
0.730277
-0.256874
0.406537
-0.084078
0.984375
0.609729
0.908872
0.338847
-0.570055
-0.011689
0.443159
0.731010
-0.545824
-0.226783
-0.863643
0.113926
0.932920
0.720695
0.656056
0.046113
0.659597
-0.962951
0.217750
-0.959044
-0.270363
-0.663747
-0.097507
-0.498947
0.865352
-0.233863
-0.822260
-0.943968
0.783746
0.726737
-0.361064
-0.998047
0.849910
-0.823786
-0.820124
-0.804315
0.500107
-0.968627
0.170202
-0.522996
0.110019
-0.700064
-0.992370
0.283975
0.712516
0.869259
-0.730461
-0.750725
0.601306
-0.996277
-0.364299
0.456526
-0.299783
-0.654164
0.444319
0.475753
-0.077425
0.549608
0.379681
0.941771
0.312540
0.282876
-0.940977
-0.884701
-0.665334
-0.481918
0.830317
0.239418
-0.973998
0.818964
0.377117
-0.721305
0.985107
-0.607776
0.296060
0.003510
-0.153539
0.421430
0.308939
-0.367229
-0.690481
0.386883
-0.093051
0.801630
-0.221961
-0.326395
0.534959
0.616565
-0.954344
0.067354
0.928220
-0.073641
-0.860591
0.146764
0.285684
0.411542
-0.856075
-0.906186
0.715934
0.618946
-0.708731
0.762993
0.447859
0.886593
0.065828
-0.946654
0.783685
0.057222
-0.428449
-0.020295
0.243263
-0.661000
0.089633
0.469222
0.913877
-0.354106
0.092074
-0.809626
0.431196
0.108005
-0.266457
-0.475448
-0.482467
0.782037
-0.030427
-0.931700
0.183996
0.634144
0.626148
-0.244362
0.531907
-0.805536
0.925291
0.696280
0.119602
-0.522996
0.980468
0.981079
0.515183
-0.894345
-0.825983
-0.204871
0.031953
0.120884
0.001617
-0.554796
-0.705985
0.774224
0.969787
-0.943907
0.925840
0.190588
0.124363
-0.851009
-0.033906
-0.498398
-0.264443
-0.287820
-0.310404
-0.202063
0.737358
0.165990
0.773858
0.786615
-0.836055
-0.028535
0.537706
0.346782
-0.970153
-0.703055
0.621204
0.288797
0.015351
-0.302530
-0.918027
-0.687124
-0.783929
-0.544237
0.228980
-0.087863
-0.932066
-0.479720
-0.800226
0.718131
0.168432
0.722098
-0.292520
0.446333
-0.261513
0.496933
-0.827265
-0.790704
0.741935
0.729728
0.446455
0.041719
-0.294656
0.940794
0.595630
-0.538438
0.952330
-0.872066
-0.057772
0.964721
0.458357
0.933958
0.002411
-0.013581
0.248573
-0.257973
-0.486251
0.438093
-0.673513
-0.961791
0.473434
0.727714
-0.143895
0.806940
-0.771477
-0.874996
0.698904
0.756279
-0.207007
-0.196875
0.550645
-0.292459
0.764214
0.504990
-0.302347
0.661306
-0.452437
0.698599
-0.024567
-0.408612
-0.886349
0.947020
0.005951
0.280374
0.327860
-0.073702
0.238197
0.720756
0.591662
-0.099948
-0.490829
0.429670
0.665151
-0.447676
0.136937
-0.803339
-0.448469
-0.451033
0.953612
0.546312
0.259011
-0.382000
-0.858943
-0.078829
-0.683828
-0.191198
-0.442793
-0.585192
-0.060823
-0.781121
0.264138
0.013703
-0.728690
-0.295083
0.168310
-0.588610
0.018769
-0.381451
-0.000763
0.177587
-0.284951
-0.282327
0.501755
-0.217750
-0.720145
0.651051
0.205054
0.558214
0.162511
0.079501
0.102512
-0.965148
0.487228
-0.577624
-0.306253
0.034028
0.330180
0.505844
-0.531358
-0.140782
-0.282144
0.631214
0.321146
-0.292703
-0.046480
-0.317057
0.790582
0.850154
-0.367229
-0.841060
0.393780
0.325602
0.571947
-0.315348
0.275979
-0.276833
0.902402
-0.390606
0.974548
-0.004975
-0.911618
-0.523789
-0.549730
0.643971
-0.256081
-0.867428
-0.274270
-0.796869
0.991699
0.800775
-0.350017
0.377789
-0.291055
-0.272744
0.109409
0.828547
-0.196265
-0.398114
0.190832
-0.554003
0.715384
0.487289
-0.890805
-0.510239
0.911740
0.849361
-0.687490
0.641041
-0.695425
-0.182043
-0.419477
-0.958678
0.455611
0.388531
-0.776360
0.510056
0.216346
-0.643666
-0.247536
0.696524
0.896847
0.171484
0.646779
0.214270
-0.441694
-0.436140
-0.530503
0.544969
-0.826533
0.992370
0.687063
-0.349528
0.535142
0.612476
-0.331645
-0.837886
-0.574755
0.889157
0.458113
-0.547777
-0.913572
0.543748
-0.512436
-0.242225
0.253395
0.161534
-0.455672
0.840327
0.486984
-0.723930
-0.055940
-0.632801
-0.448347
-0.120640
-0.531724
-0.930052
0.214576
0.405683
0.721671
-0.707999
-0.348491
0.841304
0.553941
0.060518
0.149388
-0.859554
0.589831
0.562792
0.419538
0.771599
0.370708
0.295877
-0.810419
0.217444
0.562487
0.325968
-0.271279
0.809259
0.390790
0.099948
0.806879
-0.198706
-0.001740
-0.252541
0.522202
-0.275674
-0.177587
0.519517
-0.120212
0.737663
-0.916318
0.876339
0.674612
-0.432783
0.522202
0.063021
0.143040
-0.351665
-0.759331
-0.625965
-0.048799
-0.157750
0.842158
0.881588
-0.021943
-0.288186
0.854305
0.298624
0.945494
0.573290
-0.489059
-0.121616
0.056856
0.904843
-0.133702
-0.393353
0.729911
0.367290
-0.803156
-0.981445
-0.103610
0.997986
-0.543199
-0.805231
-0.399152
-0.225990
0.485580
0.900510
0.823969
-0.199377
0.698904
0.971618
-0.832575
-0.415387
-0.562731
0.370037
-0.154149
-0.772454
-0.305582
0.394147
0.314432
-0.408612
-0.625416
0.802484
-0.511155
0.048494
0.336161
-0.793573
-0.202002
0.427534
0.752068
0.657155
0.067049
-0.807855
-0.166723
-0.010773
0.283303
0.459639
-0.609180
0.733390
0.799493
0.874264
0.915464
0.639698
0.075716
0.029633
-0.051057
0.997986
-0.637318
-0.717887
0.422834
0.652516
-0.166478
0.423627
0.805536
-0.108127
0.167760
-0.621815
-0.655934
-0.934568
0.815851
-0.845454
-0.709891
0.839290
0.291360
-0.398053
0.935484
0.840754
0.485397
0.146153
-0.765862
-0.420087
-0.924741
-0.778253
0.509140
0.920713
-0.540391
0.736503
-0.781182
0.296854
0.660024
0.716178
0.980895
0.762139
-0.161718
0.247902
-0.236976
-0.379192
-0.450240
0.929746
0.731437
-0.431990
0.823847
0.739738
-0.366008
-0.320353
0.515671
-0.538316
0.263710
-0.985107
-0.024201
-0.653005
-0.991516
0.180456
-0.104770
-0.430036
0.638356
-0.896359
-0.598071
0.044649
0.981384
-0.868221
0.582507
-0.934629
0.599719
0.822138
-0.819636
-0.722098
-0.691214
0.370037
0.961364
0.315958
0.841914
-0.338237
0.095431
0.690847
-0.390790
-0.667592
-0.702811
0.932920
-0.498581
-0.673269
-0.843684
0.687979
0.348552
-0.935667
-0.690237
0.744438
-0.934996
-0.225684
-0.274758
0.554064
-0.568407
-0.830195
-0.204627
0.392865
-0.929258
-0.908444
0.412702
0.912778
0.251137
-0.424116
-0.487716
0.234962
0.683279
0.686636
0.501572
0.195776
0.951170
0.491562
0.928037
0.750603
0.775018
-0.778924
0.733940
0.329875
-0.205603
-0.392193
-0.407086
0.782952
-0.133763
-0.998657
-0.393048
0.881649
0.177526
0.124790
0.008026
0.420698
0.148961
0.204627
-0.709891
0.584033
0.635121
0.972106
-0.211158
0.331095
-0.939268
0.317301
-0.687246
0.141758
0.328043
0.900571
0.155370
-0.273049
-0.897763
0.317118
0.044221
0.755974
-0.970336
-0.047456
0.478988
-0.243263
0.596484
-0.365398
-0.523850
-0.058443
0.474654
-0.421491
0.397809
-0.840876
0.397076
0.270119
-0.568163
-0.386029
-0.621570
-0.541978
0.116672
-0.187292
-0.591479
-0.783624
-0.560717
-0.204932
0.389386
-0.198035
0.937803
-0.470992
0.102329
0.332194
-0.235511
0.271035
0.133030
0.417768
0.159276
0.044649
0.142430
-0.947508
0.451460
0.617176
0.759026
0.317118
0.046297
0.181494
0.275491
-0.794305
0.759697
0.191748
-0.271950
-0.718863
0.436811
-0.465743
-0.083895
0.339763
0.685842
0.864437
0.676870
0.486740
-0.899838
-0.288491
0.462569
-0.973449
-0.197119
-0.125645
0.561083
0.658620
-0.608692
0.053865
-0.456893
-0.463668
-0.527635
-0.029206
-0.596362
-0.434675
0.352214
-0.611988
-0.495407
0.634510
0.570666
-0.678701
-0.383709
0.513230
0.202124
0.774651
-0.894955
-0.282998
0.920957
-0.931639
0.768365
0.554979
0.104953
-0.739372
0.618702
0.639088
-0.068453
-0.880062
-0.104221
0.524888
0.471969
-0.666311
-0.260964
0.149632
-0.678945
-0.438765
-0.356548
-0.854183
0.298013
-0.129246
-0.803949
0.956420
0.655812
0.508652
0.140965
-0.566515
-0.621509
0.641224
-0.497238
0.807489
-0.769280
0.749077
0.840571
0.620899
-0.360393
-0.351115
0.073458
0.884823
0.704276
-0.661061
0.829585
-0.589831
0.245338
0.682180
0.760369
0.314676
-0.282388
0.020051
0.746696
0.038179
0.083895
0.514389
0.572497
-0.080966
-0.361797
0.232521
0.711356
-0.753044
-0.383526
0.490951
0.810907
0.765313
-0.731071
0.384930
0.097324
0.660085
-0.062838
-0.101108
0.140172
-0.309549
0.279458
0.102145
0.481735
-0.381634
0.085360
-0.890683
-0.467086
0.552965
-0.588549
-0.756462
0.906858
-0.333476
-0.822199
0.862911
0.369854
0.382611
-0.711844
0.755852
0.293069
0.731559
0.282327
0.400555
-0.952452
-0.924558
0.436079
0.710318
-0.838618
-0.385113
0.906735
0.121128
0.449995
-0.522568
-0.176366
-0.912778
-0.971129
0.265236
-0.180212
-0.328898
-0.480880
0.752007
-0.917905
0.390301
0.754448
-0.048311
-0.623768
-0.611255
-0.192602
0.933653
-0.436995
-0.566820
0.265297
-0.715629
0.144261
0.209815
-0.925962
-0.053194
-0.087130
-0.008637
0.345805
-0.323893
-0.271157
-0.885861
-0.247902
-0.402142
-0.652577
-0.236793
0.781915
-0.473312
-0.713004
-0.683279
-0.610645
-0.995239
-0.355510
0.602344
-0.404767
-0.922666
0.503891
0.243812
-0.459212
0.223243
-0.699576
-0.749077
-0.119968
0.720328
0.555284
0.351543
0.187170
-0.685415
0.238624
0.960936
-0.987854
-0.813410
0.160680
-0.528123
-0.772576
0.032136
0.580493
-0.899411
0.593188
-0.685354
-0.618397
-0.603198
-0.704764
0.949950
0.900571
0.348796
-0.447432
0.174169
-0.125034
-0.146641
0.355632
-0.803522
0.135533
0.514695
0.184484
0.964110
0.035127
-0.193457
0.851863
-0.382000
0.066683
0.888852
-0.635426
-0.820124
-0.287210
-0.348796
-0.488998
-0.824580
0.069918
0.933470
-0.424421
0.773858
0.835505
-0.053743
0.890744
0.946471
-0.213660
-0.906980
0.944395
0.782281
0.825312
0.592761
-0.458235
0.154881
-0.630299
0.628834
0.592456
0.485824
0.289468
0.730033
-0.071261
0.796197
-0.140233
-0.702261
-0.303690
-0.538621
-0.125401
0.288980
0.852779
0.440657
0.506760
0.642933
-0.211463
0.298807
-0.228065
-0.670766
0.131382
-0.587146
-0.982543
0.386212
-0.093417
0.204688
0.438459
-0.073885
-0.457747
0.195959
0.938231
-0.953795
0.303812
0.327860
0.984985
-0.531785
0.076266
-0.742180
-0.288858
-0.390851
-0.739982
-0.136814
0.731376
-0.740532
0.945982
0.183874
0.050874
-0.366741
-0.438826
0.365520
-0.857173
-0.813410
-0.063204
0.977783
0.738639
0.867855
0.585437
0.666066
-0.844050
-0.468734
0.870418
0.916013
0.177648
-0.980895
-0.053804
-0.188086
-0.362346
0.899289
0.129307
0.068697
0.105564
0.665395
-0.751701
0.138585
-0.661916
0.132664
-0.080905
0.640004
0.966735
-0.799188
-0.151097
0.403790
-0.338908
0.300638
0.512803
-0.935972
-0.103000
-0.836360
0.644215
0.238380
-0.571398
-0.551378
0.272073
0.524522
-0.794916
0.058016
0.614978
-0.635609
0.648061
-0.799066
-0.924375
0.577807
-0.151036
-0.393292
-0.666250
0.699149
-0.893307
-0.490036
0.137120
-0.055147
-0.778314
-0.076449
0.415387
-0.841487
-0.874081
-0.419721
-0.391156
-0.505905
0.594226
-0.752251
-0.288553
-0.448347
0.224647
-0.355937
-0.320780
-0.664052
0.685842
0.097629
0.623280
-0.275979
-0.598376
-0.009369
0.393231
-0.726188
-0.088595
-0.304422
-0.037873
-0.521714
-0.065157
0.633473
0.983215
0.654164
0.478561
0.870235
-0.855525
-0.503403
-0.140538
0.431562
-0.563707
0.332194
0.798395
0.160375
0.447188
-0.767144
0.785211
-0.387371
-0.634571
-0.274331
-0.133030
0.614429
-0.991028
0.477889
0.263588
-0.628162
0.713736
-0.374554
-0.139866
0.856746
0.643422
-0.026399
-0.121250
-0.485946
-0.532334
0.272805
-0.936522
0.314249
0.271706
-0.015778
-0.601306
-0.431379
0.685171
0.884091
0.061434
0.024995
-0.808466
0.646718
-0.615467
0.287698
0.809320
-0.877499
-0.550707
0.534227
-0.571825
-0.615101
-0.531602
-0.259987
-0.904599
0.174841
-0.167150
-0.342143
0.242042
0.848140
0.701956
0.712760
0.532640
-0.894772
0.145116
-0.377300
-0.782220
0.301187
0.241859
0.830134
-0.644826
0.969298
0.390973
0.621265
-0.496139
0.130528
0.436750
-0.684805
0.576464
0.175024
0.013092
-0.041963
-0.491623
0.596850
-0.293619
0.710135
-0.154149
-0.438215
-0.448103
-0.778375
0.284280
-0.792352
0.506943
-0.960936
-0.729118
0.460372
0.194128
0.573046
0.314310
-0.197974
-0.793573
0.513352
0.108554
-0.232521
0.873470
0.682119
-0.808954
-0.672231
0.393841
-0.388165
0.892453
-0.073885
0.282388
-0.868709
-0.041047
0.276894
0.876217
0.638295
0.689871
0.473006
0.251686
0.955992
-0.599902
-0.405011
0.179846
-0.560778
-0.871456
0.329325
0.720267
-0.845637
0.690603
-0.596118
-0.347453
0.001129
0.522813
-0.181677
0.058321
-0.336650
0.270913
0.995422
0.780999
-0.260659
-0.534227
0.317850
-0.213050
0.918394
-0.815058
0.968444
-0.707633
0.506272
-0.285684
0.431562
-0.290323
-0.609790
-0.232032
0.310160
0.621937
0.855892
-0.785699
-0.270058
0.931455
-0.604297
0.857112
-0.680593
0.698294
-0.997803
0.303629
0.031587
-0.076876
0.453475
0.412152
-0.936522
-0.901181
-0.372662
-0.619312
-0.564135
-0.247841
0.958739
-0.562853
0.395184
0.199683
-0.672353
0.265419
0.110385
-0.245399
-0.290689
0.618213
0.427778
-0.328043
0.668630
0.576769
0.324259
0.666677
-0.181982
-0.598071
-0.595508
-0.104526
-0.082003
0.459395
0.923215
0.090670
0.969237
0.409589
