-0.636708
-0.009552
0.822443
0.921995
0.831660
-0.745842
0.935301
0.461226
0.241859
-0.634877
-0.703238
0.182226
0.576098
0.516465
0.719047
0.128330
-0.662770
0.360576
-0.951476
0.669607
0.069002
0.809198
0.389508
-0.651051
0.148595
0.143956
0.045198
-0.191992
-0.362468
-0.131748
0.226661
0.123508
-0.259926
-0.555040
-0.355449
0.965514
-0.461715
0.677602
-0.096164
0.970763
-0.596606
0.323099
0.446150
0.270486
0.864620
-0.289163
-0.443831
-0.876217
-0.751762
0.445051
0.044527
-0.177831
0.943785
-0.358684
0.406964
0.410199
-0.447676
0.637928
-0.355022
-0.798700
-0.136143
0.195288
0.281655
-0.629017
-0.784051
0.652028
0.906491
-0.396832
-0.431074
0.379925
0.813349
0.751213
-0.107273
0.352458
-0.485397
0.587939
-0.780267
0.687674
0.261208
-0.352702
-0.297159
0.504929
0.825495
0.726615
-0.472152
0.490524
0.332072
-0.148412
-0.909421
0.152318
-0.438887
-0.627674
-0.878475
-0.028657
-0.817255
0.691641
0.883908
0.964660
0.761467
0.007294
0.082614
-0.834956
-0.883786
-0.938658
0.986755
-0.228248
-0.933531
0.066378
-0.290994
-0.357158
-0.490768
-0.375591
0.579638
0.547716
0.071871
0.672353
0.019623
-0.941588
0.388592
-0.240883
0.515244
0.808954
0.150426
0.433515
-0.070833
0.661672
0.742180
0.290872
-0.309488
-0.207678
0.029939
0.823054
0.798090
0.734733
-0.394208
0.145726
0.444929
0.197974
0.323527
-0.125462
0.466720
0.517685
-0.980712
0.855953
-0.074679
0.341899
-0.253883
0.184179
-0.110263
-0.210974
0.888730
-0.081210
0.167882
-0.967467
0.885922
0.497787
-0.579150
-0.747307
0.839778
0.257729
0.690298
0.556261
0.434858
-0.742546
-0.670034
-0.663259
-0.047029
0.818049
-0.948790
0.801935
0.981628
0.275430
0.887082
0.766289
-0.549852
-0.901547
0.991150
-0.449019
0.588549
0.214881
0.640614
-0.924558
0.441328
0.770562
0.459273
-0.071200
-0.874813
-0.168371
0.412152
0.873775
-0.607898
0.430036
0.370830
-0.151830
-0.636525
-0.764397
-0.818171
-0.126560
0.055757
0.609058
-0.972045
-0.258278
-0.164525
-0.566820
-0.759697
-0.893307
0.641713
-0.966185
0.691824
-0.438704
-0.490280
0.004730
-0.838679
0.641774
-0.135716
-0.768303
0.458602
0.715384
-0.299478
-0.930906
-0.461043
0.575426
-0.204138
0.068819
0.770745
0.922910
-0.440901
0.618213
0.560533
-0.654775
0.757500
0.833674
0.997803
-0.070162
-0.872982
-0.722343
-0.344340
0.118809
-0.807184
0.135472
0.755364
0.432783
-0.630238
0.076022
0.324259
-0.060762
0.253395
0.101657
-0.514451
-0.451277
0.256508
0.701590
0.311686
0.421369
0.075716
0.644337
-0.437239
0.612354
0.738639
-0.333781
-0.052705
0.080294
-0.213904
0.800836
0.985778
-0.425886
-0.127781
0.548692
0.698172
-0.569872
0.095798
0.879879
-0.772576
-0.250343
-0.841182
0.783685
0.024751
0.649831
0.291849
-0.094455
0.713614
-0.378521
-0.203162
-0.194128
0.335551
0.120334
-0.830927
-0.759270
-0.204688
0.751091
0.463485
0.652760
-0.772454
-0.142491
-0.235267
0.599780
-0.482406
0.692801
-0.179907
0.109348
0.367962
-0.930235
0.320902
-0.407758
-0.617908
-0.454451
-0.860042
-0.095676
0.202368
0.223121
-0.577013
0.316996
0.644581
-0.724052
-0.852229
0.441694
0.507431
0.882199
-0.455061
-0.251625
-0.796258
-0.830378
0.564867
0.839412
-0.718863
-0.659169
-0.514328
-0.487960
0.569567
0.136570
-0.362163
0.944334
0.131687
0.783380
0.585742
0.489792
0.106174
0.143468
-0.436384
0.066805
-0.060091
-0.683279
0.865596
0.598743
0.776543
0.455306
0.416669
-0.706900
0.632740
-0.438093
0.072542
-0.327372
-0.521348
0.630909
-0.035615
-0.589587
-0.977111
0.466536
-0.801935
-0.637379
-0.336100
-0.183264
0.737175
-0.765557
0.615589
-0.068331
-0.984191
0.659658
-0.798212
0.132359
0.639027
0.695364
0.972472
-0.029023
-0.954894
0.591479
0.720878
0.257118
-0.593188
0.304483
-0.664968
0.217322
-0.352153
0.419172
-0.239479
-0.610340
0.404889
0.840327
-0.025422
0.986206
0.101474
-0.537889
0.152074
-0.199927
0.589770
-0.569750
-0.990173
-0.833613
0.016694
-0.685598
0.075228
0.728385
0.319620
0.245705
0.328837
-0.699515
0.523728
-0.693594
0.598254
-0.323222
0.356914
-0.245949
0.703848
0.298257
0.810541
-0.929441
-0.342448
-0.960936
-0.798578
-0.922788
-0.632679
-0.155736
0.236061
0.442488
0.089022
-0.464522
0.451765
-0.154576
0.513291
-0.930052
-0.113926
0.563463
0.146153
-0.315348
-0.565416
-0.680105
0.106052
0.050874
0.511887
0.235572
0.198218
0.992370
-0.844783
-0.634205
0.182958
-0.118076
-0.416242
-0.885922
0.268288
-0.712210
-0.373577
-0.530931
-0.801202
-0.843013
0.148045
-0.234779
-0.161229
0.389996
0.204382
-0.585192
-0.519822
0.746818
0.195227
0.960997
0.662954
0.147069
0.471114
-0.302713
-0.897214
0.967467
-0.079623
-0.676138
0.860714
0.124424
0.773003
-0.816523
0.296976
0.106845
-0.246986
-0.520737
0.821284
0.852168
-0.815058
-0.002533
0.291787
-0.268960
0.116428
0.999145
0.919492
-0.961364
0.706717
-0.056856
-0.322367
0.948851
0.833308
-0.926145
-0.396466
0.173559
0.098178
-0.469955
-0.581957
-0.965209
0.969543
-0.205420
-0.681326
0.305460
-0.541917
0.883175
-0.603687
0.511643
-0.417463
-0.476791
-0.052889
-0.592944
0.913388
-0.965026
0.163549
0.079867
-0.681265
-0.421125
-0.452620
-0.038362
-0.151158
0.084201
-0.403180
-0.085604
0.830500
0.165136
0.847835
0.200049
0.613025
-0.952513
0.148656
-0.970153
0.738456
0.028474
-0.987243
-0.282083
-0.133946
-0.503891
-0.756340
-0.450545
-0.161168
0.048372
0.653127
0.071627
-0.346721
0.046236
0.347942
-0.609729
-0.161290
0.097690
-0.976501
0.360637
-0.027924
-0.616260
0.362468
-0.675283
0.221107
0.873043
0.370830
0.354717
0.898129
0.968505
-0.138829
0.834162
0.726005
0.253456
-0.033540
-0.925474
0.948973
-0.041353
-0.666189
0.556200
0.265664
0.979553
0.761773
-0.049532
0.127293
-0.616260
-0.753777
-0.704215
0.417768
-0.384381
-0.542711
-0.460616
0.685171
0.786493
-0.369854
0.043306
0.431806
0.544237
0.456648
0.339702
-0.293191
-0.863765
-0.014496
0.143284
-0.742973
0.298379
0.982177
-0.779412
0.813044
-0.787530
-0.894101
-0.263955
-0.038667
0.082003
0.571764
0.863338
-0.810236
-0.204688
-0.912839
-0.629505
0.124241
0.876766
0.482650
-0.046419
-0.939512
0.239540
-0.508469
-0.465194
-0.801691
-0.598560
-0.290994
0.402264
0.692251
-0.719352
-0.923338
-0.410749
-0.225929
0.704337
-0.232521
0.330546
-0.420759
-0.440413
0.973510
0.758232
-0.068270
-0.177404
0.516526
-0.469527
0.038484
-0.836543
0.519578
0.564684
0.004608
-0.783441
-0.975097
-0.904965
-0.222816
0.658315
-0.363933
0.852107
-0.325724
-0.176916
-0.006073
0.356548
0.953307
0.566881
0.667592
0.832636
0.426191
-0.584643
0.489181
-0.293313
-0.174718
0.054170
-0.723075
-0.725517
-0.857906
0.706534
-0.326640
0.700735
0.837947
0.653981
-0.201697
0.941038
-0.476974
0.093295
0.630177
-0.170080
0.822016
0.899777
-0.059786
0.210669
0.634144
-0.287393
-0.278237
0.012848
-0.712882
0.152135
-0.457808
-0.202918
0.898740
0.648793
0.554735
0.233070
-0.535264
-0.517808
-0.822748
0.593860
-0.060030
-0.802484
0.719291
0.535691
-0.154759
0.253639
-0.160192
-0.164403
-0.906552
0.147496
-0.181738
-0.230323
0.504685
0.524094
-0.349834
0.785150
0.721000
-0.433210
0.762261
0.226844
-0.258278
0.217627
-0.758660
0.251442
-0.884274
0.444929
-0.475204
-0.373272
-0.395856
-0.024751
-0.325297
-0.126865
0.644642
-0.913144
-0.394330
-0.327372
-0.827509
-0.604114
-0.634083
0.748955
0.117283
-0.514634
0.364177
-0.806635
0.715201
0.454756
0.138890
-0.285318
0.607776
-0.681570
-0.689993
0.954955
0.278665
-0.959044
0.859004
-0.734550
-0.263710
-0.708975
0.352702
-0.390118
-0.916379
-0.586718
-0.610462
0.132664
-0.095492
-0.918271
0.697073
-0.286477
0.765984
0.064119
0.421247
-0.998291
0.771783
0.454024
0.661672
0.349834
-0.550768
0.069613
0.286721
0.116062
-0.224769
0.935057
0.037629
0.957945
0.018220
0.411542
-0.687857
-0.111240
0.344646
-0.303323
0.414777
0.800775
0.369304
-0.193152
-0.763604
0.889279
-0.977477
0.185095
0.738273
0.904050
-0.654469
-0.416669
-0.751640
0.351054
0.254494
0.937742
0.502060
0.292642
0.728446
-0.041169
0.674062
-0.170751
-0.590686
0.780877
0.909726
-0.818781
0.843379
0.998230
0.560350
-0.549486
-0.508713
0.350993
-0.285623
0.920408
0.798700
-0.937925
0.828181
-0.744682
0.013215
0.211158
-0.990112
0.041963
0.656301
-0.749809
-0.980773
0.574084
-0.320414
-0.880367
0.580065
-0.364299
-0.977050
0.850642
0.336283
-0.662343
0.663381
-0.024140
-0.332133
-0.161534
-0.829279
-0.838557
0.880795
0.859066
-0.883175
-0.063875
-0.465743
-0.322672
-0.306192
0.929868
0.152013
0.836604
0.762566
0.930906
0.572985
-0.143590
-0.459456
-0.304849
-0.210181
0.135655
0.719535
-0.637074
0.147496
-0.554491
-0.040132
0.796319
-0.937864
-0.742302
0.870663
0.299051
-0.555895
0.371441
0.301737
0.272439
-0.525315
-0.621754
0.623585
-0.846614
0.667470
0.529160
0.315592
0.794366
-0.545640
0.033357
-0.327494
0.121311
0.012360
0.401044
-0.463240
-0.550707
0.761895
-0.174169
-0.273721
-0.477828
-0.882565
-0.916257
-0.504501
0.673879
0.791620
0.329630
-0.199866
-0.149815
0.379070
0.241859
0.190588
0.404279
0.831721
0.036897
-0.395856
-0.790033
0.080966
0.140355
-0.079073
-0.259377
-0.055879
-0.683218
0.588061
-0.142735
-0.101535
-0.306925
-0.219459
0.990539
-0.991882
-0.580187
0.666311
0.886166
-0.514756
-0.567797
0.803217
-0.197729
-0.211890
-0.798273
0.375958
0.304727
-0.922178
-0.643605
-0.130406
-0.944090
0.704520
0.424787
-0.322428
0.664113
-0.371075
-0.879208
-0.888485
-0.601001
0.247475
0.650807
-0.403790
-0.665578
-0.604724
-0.735405
-0.533921
-0.980346
0.724357
-0.824091
0.836665
-0.777459
0.734428
-0.884091
0.812189
-0.167089
0.074435
0.462325
-0.808466
-0.181860
0.799127
-0.097751
-0.748589
0.394269
-0.843379
-0.414472
-0.141820
0.839412
-0.550218
-0.598376
-0.434309
0.097140
-0.289407
0.680898
-0.413923
0.439985
-0.046785
-0.286599
-0.951292
0.548265
0.942564
-0.308878
0.623768
-0.510544
0.844050
-0.900693
-0.963744
0.355022
-0.563829
0.556200
-0.893674
0.947630
-0.894833
-0.813227
0.167333
-0.042512
0.606738
0.924436
0.605701
0.200293
0.444441
-0.180212
-0.395672
-0.863704
0.036287
0.422407
0.340922
0.517075
-0.468245
0.320658
0.360698
0.234535
0.709342
0.361919
-0.061617
-0.759880
-0.633778
-0.096469
0.798639
-0.188452
-0.491867
0.357402
0.485214
-0.819025
-0.211341
-0.559252
-0.898740
-0.533067
-0.298074
0.540208
0.467635
-0.703421
0.200598
0.514084
0.499130
0.497543
-0.024262
0.326151
-0.193152
0.445723
-0.000397
0.410566
-0.579394
-0.668325
0.813288
-0.549852
0.585314
0.242531
-0.670522
0.418744
-0.277261
-0.761040
-0.399091
0.511460
0.474044
-0.943724
-0.436445
-0.405194
-0.535203
-0.027253
-0.789666
0.515061
-0.228919
0.062960
-0.258095
-0.859432
-0.925108
0.376019
0.433882
0.702078
-0.570971
0.701285
0.804498
0.372845
0.629261
0.631397
-0.961241
-0.143406
-0.301126
0.143956
0.586291
-0.483810
-0.393658
-0.123447
0.468001
-0.376263
-0.595752
0.011750
-0.228431
0.927915
0.223365
-0.398053
-0.620716
-0.165563
-0.787469
-0.505783
-0.206030
-0.446944
-0.828242
0.309610
-0.755974
0.078280
0.486557
-0.304117
0.691885
0.225623
0.943480
-0.086398
-0.946226
-0.638356
0.966247
0.694205
0.197913
-0.318949
0.446699
0.876949
0.556444
-0.896664
-0.332316
0.425336
-0.325419
0.180273
-0.239113
0.035066
0.332133
0.053377
0.068026
-0.134800
-0.321329
-0.239967
-0.949644
-0.259926
0.513230
0.735527
-0.444136
-0.388531
0.229408
-0.398846
-0.079928
0.293924
0.720634
0.752007
-0.788446
0.778253
0.559740
0.955443
0.128086
0.641408
0.371563
0.520554
0.672048
0.563158
-0.895810
0.298441
0.850642
-0.221839
0.654225
0.609973
-0.746208
-0.550523
-0.141087
0.377117
0.111606
0.411786
0.382916
0.966796
0.074862
-0.593066
0.997742
-0.842158
0.873348
0.173009
0.934751
-0.095126
0.572130
-0.127720
-0.891476
0.601489
-0.821406
-0.328471
-0.390301
-0.710074
0.552416
0.634388
-0.620594
0.205359
0.031831
0.713858
0.065706
-0.511460
0.199011
-0.714957
0.457259
-0.953673
0.857540
0.343913
-0.672720
0.528123
-0.622181
-0.646840
-0.852107
0.656911
0.246681
-0.003143
0.035920
-0.915708
-0.127537
-0.763848
-0.927610
0.104221
0.254128
-0.482711
0.813105
0.713431
0.021516
0.099094
-0.548875
0.536058
-0.059420
0.066866
-0.549669
-0.423933
0.084140
-0.906186
0.534776
0.649953
-0.568468
-0.051607
-0.830927
-0.639943
0.695608
-0.312174
0.095614
-0.646290
0.486435
-0.571276
0.287393
-0.394208
0.024323
-0.765069
-0.013092
-0.877499
-0.708487
0.986572
-0.598498
-0.999878
-0.841914
0.955748
-0.973571
0.983703
0.755974
-0.181310
0.101047
-0.617298
0.138707
0.767449
-0.975158
-0.210730
-0.651906
0.704703
-0.148839
-0.603259
0.991699
-0.599597
-0.163610
-0.373028
0.761650
0.213538
-0.861812
0.705679
-0.337199
0.303995
0.784906
0.186682
-0.043123
0.186804
-0.201086
-0.330851
0.247597
0.956908
0.683828
-0.314859
-0.989563
0.545763
-0.563402
-0.012177
0.677114
0.081393
0.201758
-0.394635
0.823176
0.779229
-0.703604
-0.951903
-0.399640
-0.393475
0.268960
0.718863
0.927305
0.124912
0.979675
-0.940489
-0.793329
-0.089999
0.185339
-0.212012
-0.196020
0.565172
0.167943
0.423139
0.341716
-0.348064
0.783746
0.456893
0.794549
-0.981079
-0.367107
-0.828425
-0.733757
-0.598682
-0.871090
-0.992187
-0.632069
-0.701468
-0.505661
-0.582812
-0.989929
-0.188818
-0.161412
-0.532579
0.251808
0.415815
-0.974548
0.752007
-0.286599
-0.252419
0.289712
-0.809748
0.869747
-0.664968
-0.475631
-0.956420
-0.849849
-0.124119
-0.335368
0.076205
0.316752
0.006745
0.079806
-0.576342
0.831782
-0.218116
0.665273
-0.353679
-0.952086
-0.552721
-0.207373
-0.832759
-0.399640
-0.843623
-0.449263
0.260842
-0.293252
0.126133
0.935301
-0.827631
0.454878
0.352886
0.071688
-0.879818
0.861385
0.739494
0.504257
-0.549181
-0.413007
-0.058565
0.666128
-0.563524
-0.833796
0.756279
-0.448286
0.120640
0.426252
-0.156407
0.426618
-0.422773
0.638417
0.788018
0.713309
-0.092318
0.181921
0.276162
-0.279092
0.905698
-0.229286
-0.482406
-0.435041
-0.222816
0.021149
0.404645
-0.178014
-0.646474
-0.915586
-0.449568
0.793756
-0.478072
0.554552
-0.745903
-0.572436
0.071566
0.924375
-0.917539
0.554735
-0.249245
-0.108127
0.329081
0.008881
0.740043
0.700552
-0.111850
0.770989
-0.719901
0.827448
0.687124
0.597156
-0.275491
-0.640309
0.821711
-0.930235
0.416852
0.882260
0.603870
-0.603015
0.460067
0.489914
-0.541734
-0.661306
0.126072
-0.378887
0.149937
0.068880
0.035005
-0.786737
-0.404889
-0.785333
0.981628
-0.675588
-0.691824
0.149571
-0.271706
-0.794366
-0.897031
-0.212806
-0.874264
-0.039460
-0.294656
-0.951292
-0.661000
-0.268166
0.819941
0.097995
-0.012665
-0.277078
-0.723930
-0.279153
0.161412
-0.430097
-0.324320
0.874752
-0.222266
0.563707
-0.017975
-0.595874
0.089389
-0.815546
-0.361797
-0.181066
-0.679800
-0.230201
-0.734550
-0.581103
0.082003
-0.875240
-0.771233
-0.440352
0.570605
0.352641
-0.433576
-0.744804
-0.184545
-0.895993
0.485214
0.241005
-0.628346
-0.183569
-0.091037
0.124485
-0.934996
-0.525559
-0.196997
-0.200354
-0.467574
-0.406598
-0.350078
-0.882931
0.571886
0.697867
-0.112094
0.327860
0.424848
-0.083102
0.857479
-0.302835
0.049959
-0.151158
0.080050
0.418134
-0.542039
0.525925
0.654958
0.772027
-0.497299
-0.939573
-0.185095
0.375652
0.172826
0.586535
-0.372600
0.585070
-0.914853
0.512986
-0.048067
0.741997
-0.520859
-0.226966
-0.986206
-0.029145
-0.877987
0.267312
0.495773
-0.306558
0.928098
0.469283
-0.091281
0.760247
0.302347
-0.317240
0.887020
0.086154
0.374615
-0.682546
-0.372234
0.431257
-0.732780
0.970641
0.243751
-0.448897
-0.314371
0.555712
0.665822
0.807733
-0.650563
0.846065
0.083285
0.824824
-0.533067
-0.265114
-0.045991
0.999451
-0.646474
-0.479659
-0.270363
0.154881
0.612659
0.626331
-0.377422
0.976989
0.760857
0.398236
-0.291055
-0.708853
-0.505844
-0.004669
-0.854854
-0.549242
0.432173
0.873714
0.527573
-0.160375
-0.791559
0.018097
-0.957152
-0.239784
-0.437971
-0.716300
-0.318827
-0.961425
-0.971618
-0.702017
0.282632
-0.692984
-0.577624
-0.491379
0.685904
0.724784
-0.908261
-0.600024
0.853999
-0.224952
0.634938
0.465682
-0.328288
0.744865
-0.487838
0.335307
-0.835994
0.239357
0.861568
-0.058138
-0.663686
-0.002777
-0.143406
-0.544176
0.322916
0.466231
0.767815
0.106784
0.687857
0.209143
0.841243
-0.854732
-0.613941
0.026215
0.182043
0.287454
-0.343608
-0.583422
0.777093
0.889706
-0.809748
-0.494003
0.494797
0.123569
0.923460
0.527085
-0.868892
-0.100620
-0.432173
0.903806
0.282022
0.306497
0.687185
0.548997
-0.916562
-0.335978
-0.101657
-0.157628
0.245399
0.183447
-0.074007
-0.739982
0.803339
-0.125156
0.145543
-0.434431
-0.500168
-0.526048
0.540819
0.393231
-0.615772
-0.604297
-0.310404
0.699637
-0.637135
0.273232
0.631886
0.890011
0.805292
-0.961425
-0.069552
-0.012848
0.463179
-0.335551
-0.367534
-0.985412
-0.372356
-0.988708
-0.059969
0.245766
-0.250710
-0.533677
-0.349956
-0.052217
-0.973022
0.198035
0.299112
-0.842647
-0.044527
0.547899
-0.769646
-0.947264
0.622913
-0.246986
0.239357
-0.998962
0.672536
0.953001
0.969359
0.577868
-0.637806
0.344157
-0.353557
0.098483
-0.878780
-0.037141
0.423078
0.928892
-0.357341
0.836421
-0.741325
-0.650868
0.857051
0.180822
-0.212806
-0.352641
0.660573
0.464400
-0.955077
-0.784967
0.698050
0.920408
0.304788
0.403729
-0.676687
-0.318033
0.219764
-0.373760
0.181921
0.511338
0.408246
-0.412702
-0.223060
0.310770
-0.876095
-0.612781
0.656972
0.166784
0.801202
0.620472
-0.326334
-0.146031
-0.343852
-0.841731
-0.543504
0.849422
-0.953490
-0.981567
-0.711905
-0.060030
0.533982
-0.238746
0.948729
-0.930845
0.621632
0.117649
0.099338
-0.312235
0.102695
-0.614307
-0.715812
0.506333
0.719840
0.925413
0.987487
-0.180212
-0.109836
0.468795
-0.687735
-0.035798
0.295206
0.964415
0.171728
0.456648
0.839839
-0.846065
0.038362
-0.142735
-0.789178
0.063082
-0.412702
0.763359
0.864376
-0.145482
0.018281
-0.626331
-0.452986
-0.536058
-0.579028
0.700980
0.402326
0.088778
-0.397931
-0.748772
-0.051912
0.496689
0.631825
-0.029084
-0.676382
-0.556078
0.269204
-0.446272
-0.801874
-0.847102
0.592822
-0.981262
0.524094
0.301859
-0.041658
-0.108066
0.027009
0.657826
0.921567
0.749138
0.961913
0.335917
-0.768914
-0.995361
0.169897
0.339579
-0.917234
0.491928
-0.816645
-0.779351
-0.908322
-0.705374
0.154027
0.393170
0.000763
0.167638
0.172643
0.347453
0.967223
-0.364971
-0.810419
0.765740
0.621021
0.968444
0.515488
0.854854
0.026582
0.377728
0.375164
0.838374
0.462874
-0.486801
-0.491989
-0.129734
0.368877
0.607288
0.260048
-0.131138
-0.075411
-0.100925
0.129246
0.945433
0.482467
0.711173
0.107089
-0.023041
-0.030732
-0.277261
0.297342
-0.865108
0.750298
-0.457503
0.933409
0.441145
-0.191504
0.856441
0.730277
-0.256874
0.406537
-0.084078
0.984375
0.666189
0.908872
0.338847
-0.570055
-0.011689
0.443159
0.731010
-0.545824
-0.226783
-0.863643
0.986999
0.932920
0.720695
0.875729
0.046113
0.659597
-0.962951
-0.444136
-0.959044
-0.270363
-0.663747
-0.097507
-0.498947
0.902463
-0.578478
0.663442
-0.943968
0.783746
0.726737
-0.361064
0.266457
0.849910
-0.823786
-0.820124
-0.804315
0.500107
-0.968627
0.170202
-0.522996
0.110019
-0.700064
-0.992370
0.283975
0.712516
0.869259
-0.730461
-0.750725
0.601306
-0.996277
-0.364299
0.456526
-0.299783
-0.654164
0.444319
0.475753
-0.077425
0.549608
0.379681
0.941771
0.312540
0.282876
-0.940977
-0.884701
-0.071261
-0.481918
0.830317
0.239418
-0.973998
0.818964
0.377117
-0.721305
0.985107
-0.607776
0.296060
0.422651
-0.153539
0.421430
-0.050386
-0.367229
-0.690481
0.954588
-0.609302
0.801630
-0.221961
-0.711966
0.534959
0.616565
-0.954344
0.067354
0.928220
-0.073641
-0.860591
0.146764
0.285684
0.411542
-0.856075
-0.906186
0.715934
0.618946
-0.708731
0.762993
0.447859
0.886593
0.065828
-0.946654
0.783685
0.057222
-0.428449
-0.704947
0.243263
-0.661000
0.089633
0.469222
0.913877
-0.354106
0.092074
0.635792
0.431196
0.108005
-0.266457
-0.475448
-0.482467
0.782037
-0.030427
-0.931700
0.183996
0.634144
0.626148
-0.244362
0.531907
-0.805536
0.925291
0.696280
0.119602
0.756401
0.980468
-0.104770
0.515183
0.446699
-0.825983
-0.204871
0.031953
0.815241
0.001617
-0.554796
-0.705985
0.774224
0.969787
-0.985229
0.925840
-0.925657
-0.658559
-0.851009
-0.033906
-0.498398
-0.264443
-0.287820
-0.310404
0.353008
0.737358
0.165990
-0.032075
0.786615
0.169958
-0.028535
0.537706
0.713309
-0.970153
-0.703055
0.621204
-0.694388
0.015351
-0.302530
0.782586
-0.861263
-0.783929
-0.544237
0.228980
0.661489
-0.932066
-0.479720
-0.800226
0.718131
0.168432
-0.622730
-0.292520
0.446333
-0.261513
-0.579821
-0.827265
-0.790704
0.741935
0.729728
0.446455
0.384686
-0.294656
0.940794
0.595630
-0.538438
0.952330
-0.704947
-0.057772
0.964721
0.458357
0.933958
0.002411
0.213843
0.248573
-0.257973
-0.486251
0.438093
-0.454512
-0.961791
0.987365
0.727714
-0.143895
0.806940
-0.771477
-0.874996
0.698904
0.756279
-0.207007
-0.196875
0.550645
-0.292459
0.764214
0.504990
-0.949644
0.223182
-0.452437
0.698599
-0.024567
-0.408612
-0.886349
-0.808893
0.511521
0.280374
0.327860
-0.073702
0.238197
0.720756
0.591662
-0.099948
-0.490829
0.429670
0.665151
0.753166
0.136937
-0.803339
-0.448469
0.293802
0.953612
0.546312
-0.591113
-0.382000
-0.858943
-0.078829
-0.683828
-0.191198
-0.442793
-0.585192
-0.060823
-0.781121
0.264138
0.302835
0.208106
-0.295083
0.168310
-0.588610
0.018769
-0.381451
-0.000763
0.177587
-0.284951
-0.282327
-0.290933
-0.217750
-0.720145
0.651051
0.205054
0.558214
0.162511
0.079501
0.552599
-0.897092
0.487228
-0.577624
-0.436079
0.034028
0.330180
0.505844
0.653493
-0.140782
-0.282144
0.631214
0.321146
-0.292703
-0.046480
-0.317057
0.790582
0.850154
-0.367229
-0.841060
0.393780
0.325602
0.571947
-0.315348
0.275979
-0.783502
0.902402
-0.390606
-0.981567
0.587085
-0.911618
0.581713
-0.549730
0.768181
-0.256081
-0.867428
-0.274270
-0.796869
0.991699
0.800775
-0.062105
0.377789
-0.291055
-0.272744
0.109409
0.828547
-0.196265
-0.398114
0.190832
-0.554003
0.715384
0.487289
-0.890805
-0.510239
0.911740
0.849361
-0.687490
0.641041
-0.695425
-0.182043
-0.419477
-0.958678
0.455611
0.388531
-0.776360
0.510056
0.216346
-0.643666
-0.247536
0.696524
-0.435591
-0.344829
0.646779
0.214270
-0.441694
-0.939940
-0.530503
0.880734
-0.826533
0.992370
0.687063
-0.349528
0.979736
0.612476
-0.331645
-0.837886
-0.574755
0.889157
0.458113
-0.547777
0.793512
0.611499
-0.512436
-0.242225
0.253395
0.161534
-0.455672
0.840327
0.486984
-0.723930
-0.055940
-0.632801
0.762505
-0.102206
-0.531724
-0.930052
0.155492
0.405683
0.721671
-0.707999
-0.348491
-0.529160
0.553941
0.060518
0.149388
-0.859554
0.589831
0.562792
0.419538
-0.766533
-0.733085
0.295877
-0.810419
0.217444
0.562487
-0.644398
-0.512741
0.809259
0.390790
0.423688
0.806879
-0.198706
-0.911435
-0.252541
0.298441
-0.275674
-0.177587
0.519517
0.754692
0.737663
-0.916318
0.876339
0.674612
-0.432783
0.522202
0.063021
0.143040
-0.351665
-0.759331
0.149571
-0.048799
-0.157750
0.842158
0.881588
-0.021943
-0.288186
0.854305
0.298624
0.945494
0.573290
-0.489059
0.888730
0.056856
0.904843
-0.133702
-0.276101
0.729911
0.367290
-0.803156
-0.981445
-0.103610
-0.925291
-0.543199
-0.805231
-0.399152
-0.225990
0.194983
0.900510
-0.630543
-0.199377
0.698904
0.971618
-0.832575
-0.415387
-0.562731
0.370037
-0.812433
-0.772454
-0.765007
0.394147
0.314432
-0.408612
-0.625416
0.802484
-0.511155
-0.194739
0.336161
-0.793573
-0.202002
-0.125828
0.752068
0.657155
0.067049
-0.082003
0.390973
-0.010773
0.283303
0.459639
-0.609180
0.733390
0.799493
0.874264
0.915464
0.639698
0.075716
0.029633
-0.051057
0.997986
-0.764946
-0.717887
0.422834
0.652516
-0.166478
0.423627
-0.000153
-0.108127
0.167760
-0.176611
-0.655934
-0.934568
0.815851
-0.845454
0.617542
0.839290
0.291360
0.428083
0.935484
0.840754
-0.245643
0.146153
-0.457991
-0.420087
-0.924741
-0.778253
0.509140
0.920713
-0.540391
0.736503
-0.781182
0.296854
0.660024
0.716178
0.980895
-0.959593
-0.161718
0.247902
0.616199
0.147252
-0.450240
0.929746
0.731437
-0.431990
0.823847
-0.627979
-0.366008
-0.320353
0.515671
-0.538316
0.263710
-0.985107
-0.024201
-0.653005
-0.991516
0.180456
-0.918516
-0.430036
0.638356
-0.896359
-0.464156
0.044649
0.981384
-0.868221
0.964843
-0.934629
-0.582446
0.938414
-0.819636
-0.722098
-0.691214
0.131504
0.818659
0.315958
0.367107
-0.338237
0.095431
0.690847
-0.390790
-0.667592
-0.702811
0.932920
0.364727
0.505173
-0.843684
0.687979
0.348552
-0.935667
-0.690237
-0.830866
-0.934996
-0.225684
-0.274758
0.554064
-0.671682
-0.830195
0.487960
0.392865
-0.929258
-0.908444
0.412702
0.912778
0.251137
-0.424116
0.647572
0.234962
0.683279
-0.639332
0.501572
-0.092929
0.951170
0.491562
0.928037
0.750603
0.775018
0.252968
0.733940
0.329875
-0.113926
-0.392193
0.179357
0.782952
0.703787
-0.998657
-0.393048
0.881649
0.177526
0.124790
-0.795099
0.420698
0.148961
0.204627
-0.709891
-0.317484
0.635121
0.972106
-0.211158
0.331095
-0.939268
0.317301
-0.973693
-0.284158
0.328043
0.900571
0.155370
-0.273049
-0.299844
0.317118
0.044221
0.755974
0.860652
-0.047456
0.692495
-0.243263
0.596484
0.527146
-0.523850
-0.058443
0.474654
-0.421491
0.397809
-0.840876
0.397076
0.270119
-0.568163
-0.386029
-0.621570
-0.541978
0.116672
-0.187292
-0.591479
-0.783624
-0.560717
-0.204932
0.389386
-0.198035
0.937803
-0.470992
0.102329
-0.003876
-0.235511
0.271035
0.133030
0.417768
-0.161412
0.044649
0.142430
-0.947508
-0.893368
-0.942381
-0.921934
0.317118
0.046297
0.181494
0.275491
0.698538
0.170263
0.191748
-0.271950
-0.718863
0.436811
-0.465743
-0.083895
0.339763
0.685842
0.864437
0.676870
0.486740
-0.899838
-0.288491
0.462569
0.444624
-0.197119
-0.125645
0.561083
0.658620
-0.608692
0.053865
-0.456893
-0.463668
-0.527635
-0.029206
-0.583483
-0.434675
0.352214
-0.611988
-0.495407
0.634510
0.570666
-0.462813
-0.383709
0.513230
0.202124
0.774651
-0.894955
-0.282998
0.920957
-0.931639
0.768365
0.554979
0.104953
-0.739372
-0.463118
0.639088
0.857051
0.727470
-0.104221
0.524888
-0.014924
-0.666311
-0.260964
0.149632
-0.678945
0.936460
-0.356548
-0.854183
0.298013
-0.944090
-0.803949
0.956420
0.655812
0.508652
0.140965
-0.566515
-0.621509
0.531175
-0.497238
0.807489
-0.769280
0.749077
0.840571
0.620899
-0.360393
-0.351115
-0.692434
0.884823
0.704276
-0.661061
0.829585
-0.589831
0.245338
0.682180
0.760369
0.270486
-0.282388
0.020051
0.746696
0.038179
0.784906
0.514389
0.572497
-0.080966
-0.361797
0.232521
-0.371136
-0.753044
0.505173
0.490951
0.810907
0.765313
-0.028413
0.384930
0.097324
0.660085
-0.062838
-0.101108
0.140172
-0.157323
0.279458
0.102145
0.481735
-0.250954
0.085360
-0.890683
-0.467086
-0.418561
-0.588549
-0.756462
0.431623
-0.333476
-0.910703
0.862911
0.369854
0.382611
-0.711844
0.755852
0.293069
0.731559
0.282327
0.400555
-0.952452
-0.924558
0.436079
0.710318
-0.838618
-0.385113
0.920652
0.121128
0.449995
-0.522568
-0.176366
-0.912778
-0.971129
0.265236
-0.180212
-0.328898
-0.304788
-0.933103
-0.917905
0.390301
0.156346
-0.048311
-0.623768
-0.611255
-0.999268
0.573046
-0.709769
-0.566820
0.265297
-0.127415
0.144261
0.209815
-0.925962
0.576525
-0.087130
-0.008637
0.345805
0.783258
-0.271157
-0.885861
-0.247902
-0.402142
-0.652577
-0.236793
0.781915
-0.473312
0.898801
0.313272
0.204688
-0.995239
-0.216102
0.602344
0.976012
-0.922666
0.503891
0.243812
0.593738
-0.408063
-0.699576
-0.749077
-0.119968
0.720328
0.555284
0.561083
0.187170
0.088595
0.238624
0.960936
0.181982
-0.813410
0.093844
-0.402509
-0.772576
0.032136
0.580493
-0.899411
0.372356
-0.685354
-0.618397
-0.603198
-0.704764
0.949950
0.900571
0.348796
-0.447432
0.174169
0.517136
-0.146641
0.355632
-0.803522
0.135533
0.514695
0.184484
0.964110
0.035127
-0.193457
0.851863
-0.382000
0.066683
0.888852
-0.635426
0.940733
-0.249489
-0.348796
-0.488998
0.050508
-0.891720
-0.934324
-0.424421
0.904355
0.401105
-0.053743
0.890744
0.946471
-0.213660
-0.906980
0.463607
0.782281
0.825312
0.592761
-0.458235
0.154881
-0.630299
0.628834
0.592456
0.485824
0.289468
0.730033
-0.752678
0.796197
-0.140233
-0.702261
-0.303690
-0.178014
-0.125401
0.288980
0.852779
0.440657
0.506760
-0.067598
-0.211463
0.298807
-0.228065
-0.670766
-0.268899
-0.587146
-0.982543
0.386212
-0.093417
0.204688
0.438459
-0.073885
-0.457747
0.195959
-0.061251
-0.953795
0.303812
0.327860
0.984985
-0.531785
0.076266
0.494552
0.508347
-0.390851
-0.739982
-0.632008
0.731376
0.041047
0.055940
0.183874
0.050874
-0.366741
-0.438826
0.365520
-0.857173
-0.813410
-0.063204
0.977783
0.921140
0.867855
0.161473
0.666066
-0.844050
-0.468734
0.870418
0.916013
0.610889
-0.980895
-0.053804
-0.188086
-0.362346
0.899289
0.197119
0.068697
0.105564
0.665395
-0.751701
0.138585
-0.317667
0.261757
-0.080905
0.937620
0.966735
-0.799188
-0.151097
0.403790
-0.338908
0.300638
0.512803
-0.935972
-0.103000
0.123386
-0.966735
-0.646657
-0.523972
-0.639698
0.272073
0.524522
-0.794916
0.058016
0.614978
-0.635609
0.648061
0.342021
0.513169
0.577807
-0.151036
-0.393292
-0.666250
0.699149
-0.893307
-0.490036
0.953551
-0.055147
-0.778314
0.118076
0.415387
-0.841487
-0.874081
-0.419721
-0.391156
-0.505905
0.594226
-0.764214
-0.288553
-0.448347
0.224647
-0.355937
-0.320780
-0.664052
0.685842
0.097629
0.623280
-0.275979
-0.598376
-0.009369
0.393231
0.001129
-0.088595
-0.304422
0.052950
-0.521714
0.323344
0.633473
0.238990
0.654164
0.478561
0.870235
-0.855525
-0.503403
-0.855525
0.431562
-0.563707
0.332194
0.798395
0.160375
0.447188
-0.655812
0.785211
0.349040
-0.634571
-0.274331
0.985717
0.614429
0.625843
0.477889
-0.015778
-0.628162
-0.448775
-0.631642
-0.139866
0.856746
0.643422
-0.026399
-0.121250
-0.485946
-0.532334
0.272805
-0.936522
0.314249
0.271706
-0.015778
-0.601306
-0.431379
0.685171
0.884091
0.061434
0.024995
-0.808466
0.646718
0.011139
0.287698
0.363018
-0.877499
-0.550707
0.534227
-0.348735
-0.615101
-0.531602
-0.259987
-0.904599
0.174841
-0.167150
0.116977
0.577563
0.848140
0.701956
0.712760
0.532640
-0.790704
0.145116
-0.377300
-0.782220
0.301187
0.241859
0.830134
-0.644826
0.969298
0.390973
0.621265
-0.496139
0.130528
0.436750
0.553514
0.576464
-0.392010
0.013092
-0.041963
-0.491623
0.596850
-0.293619
0.710135
-0.806818
-0.438215
-0.448103
-0.778375
-0.093966
-0.792352
0.506943
-0.960936
-0.729118
-0.277261
0.194128
0.573046
0.314310
-0.197974
-0.793573
0.513352
0.108554
-0.232521
0.873470
0.682119
-0.808954
-0.672231
0.393841
-0.388165
-0.289041
-0.673757
0.282388
-0.868709
-0.563646
0.276894
0.876217
0.638295
0.689871
0.473006
0.251686
0.955992
-0.986450
-0.405011
0.179846
-0.560778
-0.871456
0.329325
0.720267
0.991089
0.690603
-0.596118
-0.262307
0.493088
0.522813
-0.181677
0.058321
-0.336650
0.270913
0.880612
0.780999
-0.260659
-0.534227
0.317850
-0.213050
0.918394
-0.815058
0.968444
-0.707633
-0.456221
-0.285684
-0.528916
-0.290323
-0.609790
-0.232032
0.310160
0.621937
0.900815
-0.785699
-0.270058
0.931455
-0.604297
0.857112
0.091281
-0.773675
-0.997803
0.303629
0.031587
-0.076876
0.453475
0.412152
-0.936522
-0.901181
-0.670705
0.180090
-0.564135
-0.247841
-0.446760
-0.562853
0.395184
0.199683
-0.672353
0.265419
0.110385
-0.245399
-0.290689
0.618213
0.427778
-0.328043
0.668630
0.576769
0.324259
0.666677
-0.181982
-0.598071
-0.595508
-0.442671
-0.082003
0.459395
0.923215
0.090670
0.969237
0.409589
