-0.638539
0.143223
-0.691153
-0.015107
0.749748
0.918455
0.655995
0.170507
0.180578
-0.437971
-0.579089
0.943052
-0.567736
0.237159
-0.774773
-0.890622
0.330363
0.167577
0.472579
0.491623
-0.610340
-0.972839
-0.946104
0.911557
-0.139866
0.971007
0.838191
0.855281
0.779290
-0.487838
-0.347880
0.509262
0.798334
-0.608203
0.139134
-0.680349
-0.924070
0.150853
-0.064791
0.256569
0.324870
-0.426435
-0.048677
-0.777215
0.209143
0.161107
0.931394
-0.596423
-0.830134
0.679495
-0.677908
-0.658681
-0.583422
0.442305
0.737968
-0.100436
-0.476424
-0.859737
-0.892087
0.923460
-0.739128
0.564928
0.052461
0.395062
-0.513840
-0.431196
-0.108310
0.108615
0.850581
-0.592944
-0.459212
-0.644948
-0.157628
0.245399
0.759697
0.243629
-0.095126
-0.291726
-0.451338
-0.073763
0.442610
0.442244
-0.510544
0.537217
0.376568
0.222205
-0.336772
0.366680
0.871517
-0.147740
-0.406964
0.093051
0.386883
-0.088961
-0.221351
-0.057039
-0.882504
-0.409833
-0.909604
-0.602527
-0.301859
0.546068
0.484176
-0.810602
-0.810053
0.016083
-0.731254
0.009186
-0.052217
-0.025056
0.198035
0.299112
-0.436934
0.977172
0.547899
-0.305765
0.075900
-0.757500
0.937132
0.239357
-0.972533
-0.316202
0.173009
0.969359
-0.402142
0.756645
0.344157
0.860775
0.653859
-0.365337
-0.037141
0.070528
0.864132
0.041841
0.032868
-0.403119
-0.886959
0.201819
-0.115635
0.137364
0.204138
-0.325541
0.464400
0.828608
0.059542
-0.954588
0.920408
-0.896847
0.403729
-0.602466
0.115696
-0.367534
0.251625
-0.812860
0.427534
-0.249489
-0.412702
-0.404157
0.382366
0.877804
0.738273
0.759697
-0.375042
-0.909787
0.834223
-0.785455
0.843928
-0.270058
-0.879940
-0.304483
0.221778
-0.239784
-0.958983
-0.000702
-0.163610
-0.842830
-0.238746
0.948729
-0.930845
0.787225
0.433515
0.041658
-0.948851
-0.966491
-0.562059
0.395978
-0.618702
0.621998
-0.484725
0.506699
0.492904
-0.109836
-0.939268
0.871212
-0.035798
0.177404
0.401349
0.100864
0.164769
0.170690
-0.846065
-0.963683
-0.674245
-0.367962
-0.842708
0.411176
-0.201025
0.452132
-0.266884
-0.635792
0.161596
-0.021638
0.118381
-0.579028
-0.243263
-0.306803
0.648671
0.289224
-0.603626
0.915342
-0.369671
0.711966
0.099277
0.579150
0.730766
0.181677
-0.409223
-0.801874
-0.508164
0.592822
0.882870
0.991028
-0.493027
0.061556
-0.926389
0.098972
0.527024
-0.106906
0.016144
-0.958129
-0.060579
0.784600
-0.145482
0.329875
0.255959
-0.766289
0.903928
0.558214
0.188635
-0.382122
-0.005280
-0.625111
-0.209998
0.101779
0.891232
0.172643
-0.886166
0.256142
0.314371
-0.039521
-0.881222
0.975829
0.968444
0.817621
-0.839473
-0.099277
0.758599
-0.895322
-0.365276
0.823420
-0.829707
0.459517
-0.996582
-0.715995
0.788995
0.510544
-0.007965
0.258889
0.162694
0.752434
0.566881
-0.864071
-0.404523
0.522019
0.061556
0.105319
0.207190
0.622913
0.062288
-0.796869
0.313578
0.433760
0.492111
-0.243202
0.928220
0.108005
-0.698294
0.414899
0.141087
-0.372295
0.286477
0.601672
0.265053
0.412519
0.636708
-0.730888
0.847835
-0.708609
0.486312
-0.653859
-0.577258
-0.239418
-0.713065
0.857784
0.699087
-0.621632
0.407636
0.811151
0.328104
0.739433
0.418806
0.286477
0.418256
-0.722526
-0.747978
-0.003265
0.545030
0.840327
-0.618641
-0.453841
0.919187
-0.900449
0.292398
-0.820124
-0.970580
-0.220130
0.414594
-0.835810
0.774163
0.597827
-0.705557
0.538865
0.915464
-0.084506
0.391644
0.921812
0.934935
-0.358135
0.483200
-0.364299
-0.701041
-0.394024
-0.023530
-0.585864
0.778436
0.391156
0.549608
0.030183
-0.277444
0.710379
0.282876
0.537461
0.056551
0.083102
-0.604480
-0.149022
-0.185095
0.268044
-0.999817
-0.497909
0.128330
0.284585
-0.707694
0.722465
-0.089816
0.798883
0.780145
0.308939
-0.871639
0.610828
0.113193
0.462691
-0.798639
-0.490646
0.128941
0.764702
0.144383
0.497055
-0.862239
-0.157628
-0.073641
-0.649403
-0.486496
-0.445357
-0.810968
-0.857295
0.430403
0.715934
0.479904
-0.664846
-0.482894
0.654408
0.214698
0.159093
-0.946654
0.783685
-0.127842
0.976806
0.759758
0.420331
-0.661000
0.867489
0.469222
0.828669
0.179968
-0.405255
0.354045
-0.902036
-0.945921
-0.266457
0.715934
-0.035798
-0.215857
0.368206
0.621570
0.183996
0.407392
0.037690
0.033906
0.271401
-0.805536
0.925291
-0.607410
-0.809320
0.077792
0.609180
-0.478988
-0.696036
0.027924
0.967772
-0.716239
-0.417280
-0.415876
-0.065584
-0.983764
-0.705985
-0.158544
-0.176611
-0.172460
-0.057039
0.473006
0.677419
0.033357
-0.267190
-0.639454
-0.264443
-0.291421
0.338420
-0.292520
0.108921
0.165990
-0.535813
-0.906491
-0.193396
0.081881
0.518479
-0.500412
0.764153
-0.055513
-0.023408
0.505600
0.723319
-0.089145
0.960265
-0.519944
-0.817988
-0.086947
0.171972
0.030610
-0.394574
-0.014801
-0.777825
0.542528
0.272011
0.585314
-0.515732
-0.297769
0.110263
-0.973388
-0.793817
-0.220008
0.647450
-0.128147
0.475204
-0.652699
-0.294656
0.247230
-0.286172
-0.058809
0.294229
0.273782
-0.395428
-0.878658
-0.414838
0.933958
0.265175
-0.971557
-0.962462
-0.961913
-0.598437
-0.352580
-0.501328
0.974364
0.824885
0.304971
0.950926
-0.138829
-0.542589
0.186743
0.690481
0.551439
-0.200903
0.873409
-0.500229
-0.584887
-0.143712
-0.640797
-0.032685
-0.030671
-0.240211
-0.560656
-0.230079
0.819758
0.665761
0.131260
0.005951
0.033052
-0.245582
-0.647328
0.722221
-0.971862
0.525559
0.780816
0.145299
-0.592517
-0.191687
-0.882382
0.320231
0.833674
0.755608
0.440046
0.416608
-0.277627
-0.573351
0.975097
-0.858943
0.527390
0.037507
-0.191198
-0.249245
0.477035
0.279763
0.011750
0.264138
0.013703
-0.190954
0.256508
0.168310
-0.986633
-0.614978
-0.571703
0.953917
-0.123020
-0.284951
-0.282327
0.501755
-0.167760
-0.483749
-0.645009
0.677602
-0.099704
0.162511
-0.074496
-0.251198
-0.596484
-0.950743
0.806330
-0.328104
-0.951292
0.522446
0.868892
-0.602954
-0.140782
-0.634571
-0.255776
0.365215
0.502853
-0.046480
-0.133824
0.790582
-0.072726
-0.554552
0.064791
0.393780
-0.028718
-0.254738
-0.172216
-0.284829
-0.276833
-0.861629
0.622913
0.130284
-0.928770
-0.125462
0.722037
-0.890133
0.115329
0.934507
0.554735
-0.861324
-0.733512
-0.666677
-0.821589
0.528672
-0.324259
0.880367
-0.272744
-0.717460
-0.773064
0.464034
-0.028230
0.943175
0.374493
0.715384
0.887265
-0.685781
-0.482406
0.752373
-0.751091
0.687185
0.333537
-0.251198
-0.182043
0.208960
0.287454
-0.307840
0.530992
0.725639
0.141881
-0.456893
0.440352
-0.865535
-0.504990
-0.319071
-0.344829
0.661672
-0.526414
-0.441694
0.444746
0.565416
0.347880
-0.323893
0.630177
0.687063
-0.174352
0.535142
0.612476
-0.459517
0.469649
0.817499
0.704703
-0.118625
0.936155
0.478744
0.382305
-0.805170
-0.338664
-0.785821
-0.021577
-0.455672
0.875057
-0.349162
-0.650075
-0.823908
-0.893063
-0.139317
0.863521
-0.572985
-0.397565
0.430403
0.439741
0.195837
-0.908506
0.040681
-0.842341
0.791986
0.060518
-0.053438
-0.205054
0.589831
0.707633
-0.142491
-0.905576
-0.837947
-0.280313
-0.569811
-0.065828
-0.586901
-0.273537
-0.280679
-0.226234
-0.342570
-0.542772
0.806879
-0.211707
-0.438643
0.713187
0.061190
-0.275674
0.799249
0.519517
0.591845
0.024018
-0.402814
0.001373
-0.103793
-0.432783
-0.188025
-0.484298
-0.955138
0.634205
0.630360
-0.105869
0.077914
0.246437
-0.681509
0.909421
-0.501938
0.824152
0.009857
0.154881
-0.501633
-0.633045
-0.677114
0.591113
-0.579394
-0.234718
-0.159276
-0.562120
-0.846065
0.463118
0.921873
-0.886837
0.321940
-0.909726
-0.543199
-0.428388
-0.359233
-0.644948
-0.591418
-0.386029
0.586779
0.592578
0.698904
-0.554491
-0.719840
0.134983
0.580004
-0.958922
-0.760308
-0.522935
0.591601
0.109470
-0.824152
0.767205
0.180822
0.807672
0.063631
-0.339274
0.564867
-0.668386
0.597766
0.617725
-0.302591
-0.162328
0.718925
-0.340434
-0.664968
0.071749
0.283303
-0.731559
0.229286
-0.123630
0.272744
-0.891964
0.454634
0.483810
-0.695425
-0.703543
0.153844
0.077059
-0.764946
-0.717887
-0.580981
-0.968139
-0.166478
0.959227
0.656667
-0.723502
0.286538
-0.176611
0.001068
0.508347
-0.972228
0.376385
-0.216285
-0.156224
0.289712
0.428083
0.935484
0.006317
0.485397
0.037996
-0.966124
0.497848
-0.914975
0.471603
0.757500
-0.242225
0.658132
-0.119236
-0.103488
-0.296243
-0.927305
0.716178
0.638173
0.762139
-0.161718
0.776788
-0.496811
-0.025605
-0.374248
-0.042879
0.383099
0.718619
0.704215
-0.961852
0.790826
0.193213
0.300699
0.145604
0.263710
-0.958861
0.500595
-0.653005
-0.737480
-0.114475
-0.638478
-0.298074
0.148473
-0.889401
-0.728507
-0.154393
0.022919
-0.751762
0.771844
-0.846065
0.663808
-0.319681
-0.690725
0.463057
-0.233619
0.116245
0.393292
-0.951109
-0.332072
0.224952
0.623218
-0.277139
-0.390790
0.687551
0.126438
0.788018
-0.294229
0.904782
-0.468368
-0.519822
-0.121311
0.326090
0.951048
-0.141697
0.932676
0.161962
-0.364177
0.255776
-0.725333
0.244667
-0.204627
0.151524
0.979858
0.801202
0.665456
0.578478
0.500168
-0.647328
-0.433454
0.016449
-0.769341
0.218055
-0.026276
-0.403485
0.690054
0.006012
0.089877
0.750603
0.973205
0.105869
-0.158788
0.329875
0.638783
-0.392193
-0.425031
0.846187
-0.894650
0.900571
-0.686697
-0.087497
0.177526
0.669973
-0.748344
-0.604907
0.975890
0.015900
-0.712333
-0.538011
-0.098544
0.898984
-0.211158
0.233070
-0.211341
0.911740
0.411847
0.979369
0.328043
0.312845
0.155370
0.917417
-0.648305
0.192358
0.547349
0.481368
-0.323527
-0.047456
-0.559496
-0.161412
0.596484
0.604480
0.464888
-0.075961
0.653737
0.772637
-0.579882
-0.225257
0.011505
0.353557
0.472213
0.061190
0.102329
0.109470
0.180517
-0.275063
-0.318522
-0.783624
0.035676
-0.733695
0.389386
-0.085116
0.943480
0.456648
-0.371136
-0.003876
-0.030976
-0.799738
0.028047
0.623218
-0.380657
0.646840
-0.240944
-0.413495
0.110996
-0.858150
-0.016083
0.317118
-0.262856
-0.263283
-0.295328
0.065523
-0.707999
0.844234
-0.071932
-0.007721
0.881893
-0.295022
0.611072
0.267373
0.309244
0.519089
-0.228004
0.522935
-0.899838
-0.288491
0.412397
0.969359
-0.069002
0.146214
0.734672
0.658620
-0.672292
-0.466353
0.909360
0.984252
-0.753349
0.084506
-0.956114
-0.869442
-0.323527
-0.820795
-0.328227
0.528428
-0.322489
0.982482
-0.026093
0.004364
0.561266
-0.621021
-0.548387
-0.663991
0.275246
0.871456
-0.949522
-0.378155
-0.996948
-0.799921
-0.029084
-0.301981
-0.367901
-0.223853
-0.702322
-0.425581
0.441877
-0.666311
0.760674
-0.474044
0.084811
-0.438765
0.522629
-0.811396
0.605090
0.922422
-0.870907
0.821284
0.432783
0.750359
0.843135
-0.307840
0.638234
0.531175
0.460677
0.030915
-0.683096
0.319376
-0.981628
0.284219
0.028230
-0.757683
0.232887
0.119175
-0.005463
-0.661061
0.006134
0.138707
0.830866
0.682180
0.284036
-0.378765
-0.970824
-0.673269
-0.556078
0.038179
-0.866451
-0.958617
0.333964
-0.080966
0.669790
-0.989257
0.520981
-0.753044
0.058138
-0.672048
0.982238
0.189123
0.414899
0.384930
0.072115
0.535447
-0.859859
-0.847407
0.996338
-0.178381
-0.239418
0.208655
-0.555467
0.013337
0.085360
0.128513
0.157506
-0.804682
-0.086947
0.055391
-0.072909
0.965453
-0.955565
0.834468
-0.862728
0.357402
0.650868
0.346294
-0.106662
0.768181
0.282327
0.400555
0.723624
-0.924558
0.436079
0.739677
0.975036
-0.348064
0.011017
-0.897763
-0.884762
0.756279
-0.943236
-0.176061
0.741935
0.711112
-0.282327
-0.614368
0.762017
-0.088961
-0.278054
0.143773
-0.594897
-0.048311
-0.844417
0.593005
0.614246
-0.041414
-0.709769
-0.835139
0.265297
-0.520737
0.684194
-0.212806
0.020478
0.576525
0.005097
-0.232521
0.446333
-0.117893
-0.468612
-0.203467
-0.245155
0.548875
0.304178
0.293802
0.010773
0.806452
-0.470687
-0.385296
0.135777
0.529527
-0.752007
0.314432
0.243995
0.228980
-0.013764
-0.676443
0.125278
-0.751335
0.702017
-0.032197
0.350688
0.600635
-0.356487
-0.996094
-0.553331
0.088595
-0.886654
0.351848
-0.692862
-0.625660
0.597156
0.047334
0.738151
-0.982910
0.309732
0.762627
-0.281350
0.605823
0.957884
-0.382122
0.627857
-0.339213
-0.006317
0.888119
0.575915
0.174169
0.616871
-0.650014
-0.337626
-0.171117
-0.685476
0.514695
0.080905
-0.498032
-0.840815
0.889035
0.345378
0.090915
0.784234
0.320353
-0.635426
0.261818
-0.520798
-0.348796
-0.488998
-0.907651
0.845210
-0.921812
-0.349528
-0.715995
0.835505
0.828303
0.334758
-0.385784
-0.010224
0.041902
0.650563
-0.964904
0.022858
0.050386
-0.833735
0.926511
-0.170202
-0.011689
-0.947630
0.172155
-0.966308
-0.971984
0.548509
-0.851619
0.068575
0.423078
0.093905
0.166173
-0.966674
0.926511
-0.411359
-0.692740
0.506760
-0.031770
-0.765740
0.298807
0.414533
0.718436
-0.268899
-0.157262
-0.268715
0.386212
-0.093417
-0.244911
0.219947
-0.664296
-0.457747
-0.087130
-0.061251
0.901975
0.345561
0.418378
-0.396039
0.670644
-0.278237
0.494552
0.624317
-0.331278
-0.961913
-0.666189
0.998047
-0.882870
0.945982
-0.301614
-0.644215
0.674917
-0.372356
0.346477
-0.677908
-0.813410
-0.914243
0.977783
-0.143712
-0.656484
0.825556
-0.445540
-0.113254
0.239906
-0.132115
-0.028230
-0.466720
-0.797967
-0.579394
-0.244240
-0.440229
0.906674
0.543138
-0.985107
-0.245949
-0.480697
-0.104648
-0.158483
-0.661916
0.204932
0.269875
0.936155
0.966735
0.111667
0.658742
-0.058626
-0.338908
0.393231
-0.187353
0.371075
-0.281045
-0.406720
-0.893918
0.852901
-0.925596
0.383465
-0.682119
-0.370952
0.103183
-0.162816
0.796625
0.918760
-0.298990
0.423383
-0.064730
0.507797
-0.920896
0.661122
-0.396344
0.413373
-0.652150
0.610096
0.945494
-0.375225
-0.778314
-0.288919
0.415387
-0.496689
0.537584
-0.880673
0.439802
-0.450179
-0.181616
0.932493
0.496506
-0.873470
0.226539
-0.987609
0.322123
-0.100986
0.967406
0.013398
0.711295
-0.273232
0.902951
0.932188
0.895566
0.901669
0.255776
0.452681
0.304361
-0.521714
-0.639821
-0.228248
0.519822
0.642933
0.478561
-0.525254
0.491501
-0.511887
-0.639332
0.468551
0.041780
-0.895627
0.945738
-0.773186
0.905026
0.629261
0.785211
0.303629
0.044954
0.916868
0.961974
0.267617
0.969237
0.441694
0.347148
0.498642
-0.291604
-0.130955
0.699210
0.501328
-0.788446
-0.273293
-0.379925
0.662526
0.441145
-0.893490
0.447615
-0.387127
-0.025239
-0.304483
-0.604602
0.789972
-0.658071
-0.631703
-0.986206
-0.928098
-0.348857
-0.439070
-0.133091
0.023347
0.868404
-0.877499
0.153539
-0.403851
0.552477
-0.295572
-0.531602
0.288736
0.710135
0.208716
0.671560
0.015656
0.644642
0.848140
-0.577685
0.013825
0.532640
-0.920408
-0.258095
0.122898
0.899899
0.301187
-0.488388
0.588794
-0.164892
0.379681
0.162755
0.334269
-0.265297
-0.163732
-0.543077
0.193091
-0.408551
0.715201
-0.049104
0.688650
-0.161168
0.141392
-0.185644
0.777215
0.883480
0.411664
0.772271
-0.317972
0.907041
0.871029
-0.440046
0.380352
-0.568712
-0.277261
-0.601856
0.997314
-0.328715
-0.197974
-0.605335
-0.542589
0.773064
-0.232521
0.137242
0.051363
-0.406903
-0.672231
0.609119
-0.388165
-0.012421
-0.861263
-0.486190
0.558519
-0.993286
0.621937
-0.714652
-0.554613
0.944639
-0.232215
-0.585437
-0.991577
-0.307901
0.169164
-0.097324
0.854915
-0.446516
-0.970336
-0.254494
0.277932
-0.241920
-0.685598
0.000641
0.540269
0.775689
0.451155
-0.215186
0.034822
-0.396466
0.643849
0.147923
-0.907407
0.718925
-0.832148
-0.887387
0.555589
0.820673
-0.361919
0.816401
-0.127964
0.789117
-0.097079
0.363018
-0.399030
-0.998230
-0.407758
0.621937
-0.761345
-0.936094
-0.969543
-0.545030
0.740410
0.169286
-0.982177
-0.883419
0.604236
0.867489
-0.001556
-0.684500
-0.525132
-0.372112
-0.723807
0.517624
0.830134
-0.885800
0.210242
-0.247841
0.810663
-0.690725
0.395184
0.269936
0.842769
-0.881222
0.046724
0.879330
0.105686
0.630299
0.386029
0.473006
-0.195715
0.576769
-0.487350
-0.144749
0.556749
-0.168126
-0.847530
-0.182104
-0.233802
0.767327
0.031709
-0.313272
0.044893
0.019257
