-0.604541
-0.172094
0.580859
-0.145116
-0.690420
0.196875
0.760674
-0.607044
-0.715567
-0.948729
0.009674
-0.285501
-0.550951
0.105991
-0.861690
0.220985
0.740837
-0.166295
-0.752251
0.030854
-0.467574
0.383404
-0.204993
-0.698599
0.175268
-0.126377
-0.077242
0.576098
0.699515
0.598376
-0.219886
0.237587
0.754387
0.825007
0.812799
-0.396039
0.645070
0.677602
0.650075
-0.638905
-0.425703
0.823603
-0.505417
-0.671804
0.376812
0.360271
0.284829
-0.138340
-0.363384
-0.440413
-0.085116
0.064486
0.508835
-0.180944
0.406964
0.224891
-0.713126
-0.970214
-0.355022
-0.803400
0.087802
0.587878
0.281655
-0.629017
0.127415
-0.874386
-0.421796
-0.775262
0.728751
-0.496445
0.264199
0.745415
0.412702
0.352458
-0.350261
0.078219
0.643849
-0.823725
-0.131932
-0.295145
-0.366008
0.733695
0.016205
-0.604907
-0.502792
-0.006623
0.829829
0.622608
0.921079
0.750908
0.355876
0.846736
-0.125095
0.919797
0.839534
0.541124
0.360149
0.575060
0.545091
-0.086032
-0.106784
-0.593432
0.493698
0.011872
-0.269204
0.738456
0.389447
-0.252968
0.501083
0.963256
-0.792596
-0.375591
-0.174841
0.547716
-0.617298
0.330180
-0.315836
-0.782342
0.139012
0.989624
0.097812
0.168004
0.736137
-0.905942
-0.192846
0.491806
-0.149693
-0.289041
-0.237403
0.553941
-0.686819
-0.947508
0.002411
-0.029878
0.072726
0.165563
0.785699
0.956725
-0.011994
0.821772
0.756157
0.597461
0.358562
-0.933164
-0.075838
-0.592151
-0.253883
0.184179
-0.785516
0.443403
0.434797
0.156713
-0.017487
-0.869198
0.125462
0.125278
-0.662465
0.680227
-0.650075
0.632740
0.551683
-0.089389
-0.502976
-0.742546
-0.736808
0.046968
-0.996033
-0.552232
-0.256569
0.824152
-0.512741
-0.311380
0.887082
0.598254
-0.549852
0.151708
-0.576830
-0.076510
-0.904233
0.604724
0.066561
-0.931028
-0.326334
-0.012482
-0.823054
-0.152196
0.466475
0.092318
0.238929
0.238014
0.676016
0.818293
0.745720
-0.648671
0.159581
0.232154
-0.818171
-0.376507
0.795343
0.578417
-0.557543
-0.264443
0.905942
-0.422590
0.932432
-0.047029
0.891598
-0.366375
0.644398
0.987304
0.096957
0.875118
-0.363201
0.458602
0.137486
0.619007
-0.913755
0.136753
0.342082
-0.930906
0.837092
0.411847
-0.302652
0.475387
0.999756
0.191931
0.860652
0.152745
-0.751762
-0.654775
0.180883
0.604724
-0.272744
0.527207
0.456709
-0.051057
-0.344340
0.371319
0.570299
-0.183813
0.755364
0.432783
0.863277
0.076022
-0.817499
-0.901608
0.892026
-0.403546
0.935850
-0.073641
0.806269
0.608997
-0.000031
0.796258
0.737602
0.747612
-0.148717
-0.004913
0.922666
-0.967772
0.940001
0.631947
0.368023
-0.241249
-0.951598
0.895199
-0.097140
-0.823237
-0.609119
-0.161718
0.010895
0.924558
0.906369
0.332133
-0.906613
0.668020
-0.596545
0.016511
-0.828669
-0.826777
-0.356914
0.396161
0.715873
0.559801
0.335551
0.474654
0.134312
-0.223975
-0.820063
-0.915464
0.197668
0.648305
-0.542039
-0.216163
0.336711
-0.887326
-0.482406
-0.283120
0.487777
0.617481
-0.204627
-0.893185
-0.278176
-0.924863
0.135594
-0.299356
0.271279
-0.095676
-0.282205
0.009308
0.558397
-0.335795
-0.427900
0.190161
-0.446944
0.225013
0.483200
0.189428
0.141575
0.926084
0.538194
-0.324503
0.317606
0.357952
-0.543565
-0.777764
0.665090
-0.709098
-0.717826
0.476730
0.668691
-0.532579
0.974364
0.619678
0.348430
-0.681692
-0.957884
-0.277749
-0.328043
-0.840144
0.528611
-0.099887
-0.057711
-0.130467
0.444258
0.678396
-0.913572
-0.328593
-0.592761
-0.817072
-0.238685
-0.327372
0.834529
0.630909
0.769280
-0.589587
0.034455
0.502060
0.790216
-0.585314
0.317789
0.685415
-0.747551
-0.512253
0.330485
-0.061007
-0.607471
0.267312
0.618580
0.207373
-0.009125
-0.837580
-0.215735
-0.732231
-0.866756
-0.187780
-0.065523
0.118625
-0.768731
-0.803766
0.875912
0.752739
-0.352153
0.422040
0.810846
0.245216
0.476119
-0.842036
0.375347
0.820429
-0.509384
-0.537889
-0.640065
-0.216773
0.496384
-0.217200
-0.990173
-0.639515
-0.720145
0.749992
-0.430158
0.007294
-0.539903
0.766350
0.156957
-0.699515
-0.564074
-0.301553
0.426130
-0.323222
0.416547
0.507431
0.788202
0.419599
-0.603015
-0.682241
-0.373089
0.832575
-0.184423
0.720817
-0.051241
-0.155736
-0.848994
-0.123936
0.062166
-0.107639
-0.971557
-0.063875
0.222571
-0.876949
-0.190527
0.749931
0.505539
0.089999
0.901303
0.819697
0.784234
0.028047
-0.950438
-0.976806
0.672048
-0.268105
0.664480
-0.646046
0.376629
0.296487
0.563646
0.530992
0.268288
0.407331
-0.190222
-0.530931
-0.066439
-0.576464
0.213050
0.271279
0.732353
-0.229713
0.318766
0.591723
-0.192541
-0.320963
0.868160
-0.730094
0.995300
0.720389
-0.034883
-0.638478
-0.738823
-0.975768
0.223060
-0.676138
0.860714
0.996643
0.145787
0.160436
-0.302225
-0.754814
0.379376
-0.788812
0.821284
0.059053
0.737724
-0.844478
0.623707
-0.749626
0.701712
-0.976073
-0.928831
-0.993835
-0.391339
0.954588
-0.592883
0.329630
-0.570421
-0.596423
-0.250649
0.926267
0.098178
0.895383
0.638722
0.984924
0.042940
0.869747
0.319010
-0.675649
0.812372
0.622547
-0.481429
-0.250526
-0.629261
-0.469527
-0.052889
0.884640
0.076144
-0.965026
-0.075289
-0.521653
-0.071871
0.025239
-0.599292
0.513901
-0.902097
-0.698599
0.771722
0.879025
-0.786615
0.756951
0.689322
-0.065340
0.559557
-0.087680
-0.736442
0.844295
0.840815
-0.350566
0.159154
-0.631642
0.980529
-0.503891
-0.447371
-0.450545
0.480697
0.363018
-0.613147
0.659719
-0.622974
-0.948607
0.161534
0.970824
0.020356
0.678152
0.298135
-0.945372
-0.677480
-0.188574
0.387982
-0.443281
0.458785
-0.079196
0.559435
-0.639576
-0.473739
-0.300394
-0.012482
0.071566
0.961791
0.460250
-0.568651
-0.202429
0.041169
0.283853
-0.171484
0.556200
-0.800043
0.081576
-0.171361
0.092929
-0.874264
0.751213
-0.753777
0.241371
0.292093
-0.720756
-0.056917
-0.430525
0.233070
0.426801
0.918821
-0.879635
0.868099
0.544237
-0.214881
0.005036
-0.659108
0.997864
0.722221
-0.945677
-0.742973
-0.342326
0.982177
-0.743217
0.012665
-0.096469
-0.149327
-0.760247
0.925779
-0.355022
0.585620
0.863338
-0.171911
-0.204688
-0.912839
0.657094
-0.728935
0.761711
-0.457930
-0.046419
-0.363140
0.691885
-0.132420
-0.465194
0.602893
-0.485519
-0.075961
-0.103610
0.694754
-0.219092
0.447005
-0.729362
-0.201636
-0.292398
-0.771661
-0.800043
0.623035
-0.296304
-0.655141
0.621815
0.480209
0.452742
0.955199
-0.469527
-0.067721
0.940184
0.519578
-0.626942
0.994385
0.676077
-0.620594
0.377300
0.840083
0.658315
0.276101
-0.074679
0.056612
-0.563036
0.199011
0.540513
0.039521
-0.734367
-0.245094
0.832636
-0.999878
-0.030061
-0.438276
-0.305094
0.584887
-0.290933
-0.160863
-0.961974
-0.375347
-0.366985
-0.225379
0.050569
0.924802
0.816706
-0.690298
-0.208289
0.986694
0.759392
0.936094
-0.883175
-0.428694
0.724052
0.179174
0.819514
0.634144
-0.119053
-0.362468
0.459944
0.398236
-0.970214
-0.554003
-0.270608
-0.976623
0.169897
0.434431
0.905881
0.865658
0.754875
-0.424055
0.928770
-0.563402
0.546495
-0.690847
0.915525
0.200476
0.009003
-0.324137
0.800775
0.769402
0.878536
0.608386
-0.216407
0.031037
-0.323099
0.272561
-0.691336
-0.798883
-0.138951
0.164220
0.226844
0.303751
-0.230689
0.882260
-0.637196
-0.300333
0.360271
-0.967162
-0.784234
-0.657460
-0.357280
-0.806574
0.529588
0.311014
0.116977
0.323283
-0.459700
-0.238990
-0.359539
0.438765
0.748955
-0.373638
-0.753655
-0.375347
-0.095065
0.913205
0.583117
0.525559
-0.287332
-0.977538
0.825739
-0.885922
-0.795404
-0.056185
0.459151
0.593616
0.314920
-0.902219
-0.201575
-0.800226
-0.951231
0.249550
0.413923
-0.610462
0.476730
0.861751
0.896908
0.761895
-0.104282
-0.231666
0.571154
0.318644
-0.928220
-0.124546
-0.324870
-0.435713
-0.917600
0.008454
-0.539171
0.292032
-0.360332
0.512131
-0.085482
0.577136
0.957945
-0.429121
-0.456587
-0.572069
-0.842463
0.741264
-0.630787
-0.900571
0.809259
-0.976562
0.101718
-0.414594
-0.987976
-0.661489
-0.509018
0.711905
-0.281045
0.721671
-0.032258
0.864315
-0.597095
-0.664724
-0.020112
-0.736808
-0.468917
0.799005
0.458907
0.021088
-0.460921
0.384075
0.316324
0.074252
-0.417707
-0.383038
0.796808
0.528367
-0.088534
0.392804
0.350993
0.730461
-0.778069
0.647084
-0.937925
-0.488998
-0.580248
0.494064
-0.880734
-0.784478
-0.754387
-0.617481
0.146153
0.245766
-0.522263
-0.267861
-0.407819
-0.709464
0.791864
-0.195166
-0.234230
0.172826
-0.994324
0.663381
0.752251
0.077670
0.490829
-0.722098
-0.003449
0.971068
-0.703177
-0.074923
-0.893857
-0.517258
0.146641
0.552965
0.198523
-0.467025
0.438154
0.354472
-0.144627
-0.213660
0.887509
0.615955
0.702383
-0.263344
-0.649525
-0.340129
-0.054720
-0.049532
0.859004
0.314432
0.160802
0.198096
-0.732109
-0.294229
-0.147801
-0.796625
0.028718
0.768487
0.585742
0.830622
0.471603
0.925779
-0.622791
-0.420698
0.448042
-0.854671
0.909970
0.638844
-0.396283
-0.487289
-0.888119
0.391888
0.832759
-0.673086
-0.275552
0.938047
-0.448592
-0.174596
-0.474715
0.855037
0.189489
-0.857540
0.820307
0.791620
0.145543
0.865535
0.526597
0.135289
-0.714652
-0.493942
-0.227821
0.435774
0.036897
0.823786
-0.790033
0.334574
0.680532
-0.680471
0.199438
0.213233
0.497543
0.793756
0.212806
-0.068758
-0.671499
0.639149
0.689138
0.748222
0.603259
0.945189
0.485885
0.826228
0.395795
0.803217
0.726737
0.720206
-0.246498
0.577685
-0.064302
0.970092
0.806085
0.160680
0.068819
0.704520
-0.505783
0.154210
-0.071810
-0.746941
0.721427
-0.849849
0.181555
0.654653
0.327006
0.919370
0.515793
0.055696
-0.099643
-0.717887
-0.125950
0.533860
0.444258
0.775079
-0.040376
0.493271
0.789056
-0.695303
0.093661
-0.077120
-0.789300
0.875851
0.710685
0.598254
0.048860
-0.086886
-0.924741
-0.205603
0.483566
-0.199316
-0.483200
0.555712
-0.676809
0.957152
-0.569750
-0.707327
0.660451
-0.498459
-0.378094
0.422590
-0.464339
-0.842280
-0.680105
-0.357585
-0.799799
-0.560106
-0.480453
0.521409
-0.979675
0.292093
-0.476913
-0.011322
0.760002
-0.893674
-0.378826
0.279458
-0.206946
-0.458846
0.964232
-0.386151
0.022980
0.858699
-0.073946
-0.752251
-0.731376
-0.418806
-0.863704
0.234962
0.648427
-0.412275
0.338420
-0.965087
-0.895749
0.477645
-0.861934
0.684378
-0.608142
-0.770074
0.165380
-0.711844
-0.691214
0.870418
0.639454
0.024201
0.431684
0.930723
0.504563
-0.221046
-0.619068
-0.425153
0.815546
-0.003876
0.540208
0.343303
-0.246559
0.891842
0.514084
0.284890
0.928709
0.850764
-0.266274
-0.884518
0.836238
-0.593371
0.120457
0.925535
-0.668325
0.726432
-0.732414
-0.265786
0.418256
-0.670522
-0.352824
-0.151280
0.544359
0.126072
0.767388
0.474044
0.013581
0.212500
0.846614
0.608325
0.792535
-0.616565
0.215796
0.627796
0.206153
0.541307
-0.563341
-0.474715
0.146764
0.281167
0.814142
-0.670644
0.901364
0.804498
-0.126865
-0.222999
0.886288
-0.778802
0.820856
-0.301126
0.143956
0.725700
-0.229652
0.240211
0.609180
-0.151158
-0.780450
0.327616
0.498337
0.157018
-0.813410
0.487533
-0.476730
-0.669301
-0.165563
0.668813
-0.264382
0.004181
-0.807306
-0.725028
0.739250
0.135411
-0.176000
-0.961974
-0.461959
-0.567248
0.287515
0.234962
0.582202
-0.818415
0.586230
-0.846614
-0.803522
0.567370
-0.424421
-0.837214
-0.372417
0.679983
-0.861080
-0.025300
-0.313028
0.222571
-0.229408
-0.087130
-0.596850
0.251564
-0.808405
0.583178
-0.134800
-0.602893
-0.401898
-0.038789
-0.022187
0.055635
-0.734184
0.445357
-0.143468
-0.662404
-0.773247
-0.890439
0.641469
-0.076266
0.707877
-0.364666
0.539842
-0.515366
0.955443
-0.016694
0.641408
0.371563
0.999878
0.325602
-0.301859
0.917112
0.077975
0.510666
-0.922971
-0.190893
-0.872250
-0.436934
-0.537584
-0.759941
0.156713
-0.904355
-0.707266
-0.702689
-0.770440
-0.315592
-0.637562
0.182104
0.168249
0.119907
0.227088
-0.702933
0.888424
-0.290506
0.849239
0.920530
-0.058626
0.295206
-0.623096
0.540086
0.305033
-0.674734
0.528733
0.754570
0.109958
0.285257
-0.159581
0.867489
-0.080233
-0.710501
0.873531
0.457259
-0.953673
0.898312
-0.517747
0.146397
0.361797
-0.565844
-0.200964
0.247719
-0.865841
-0.985473
-0.298441
-0.478500
0.155858
0.021943
-0.148412
0.088595
0.849971
-0.199866
-0.131626
-0.136021
0.787347
0.941099
-0.207495
-0.433088
-0.505234
0.002777
0.066866
-0.837092
-0.067965
-0.662648
-0.682485
0.573290
-0.274270
0.691824
0.822138
-0.688223
-0.574328
0.414411
0.589282
-0.770684
-0.962096
0.172216
-0.080782
0.692557
-0.635975
0.718009
-0.574023
-0.625660
-0.423933
-0.678701
-0.127903
-0.024689
0.966613
0.903806
0.324259
0.861751
-0.977294
0.755974
-0.639027
-0.313395
-0.464156
-0.343791
0.647694
0.528306
0.051119
-0.892026
-0.723441
0.197546
-0.234352
0.988342
-0.463301
-0.163610
-0.237098
0.861629
-0.580309
0.363018
-0.276101
-0.784295
-0.669668
0.784906
-0.373760
-0.851924
-0.724174
0.104648
-0.494858
-0.626270
0.803461
0.791375
-0.314859
0.453230
0.569079
0.144261
0.885372
0.791803
-0.269448
-0.217933
-0.139012
0.418744
-0.564928
-0.446333
0.154942
0.219825
-0.870113
-0.393414
0.086093
-0.579089
-0.090365
0.979675
0.858638
-0.793329
-0.007294
0.185339
0.881893
-0.762261
-0.645741
-0.063082
-0.794916
-0.911069
0.956908
-0.446883
0.729484
0.634388
0.443098
-0.585681
0.444197
-0.733757
-0.385174
-0.902036
0.281533
-0.632069
0.329142
0.263344
0.574999
-0.895749
0.777520
0.909482
0.802789
0.217200
0.239723
-0.034150
-0.010895
-0.502182
-0.777520
-0.961852
0.238624
0.457015
-0.664968
0.928587
-0.336528
0.287637
-0.852351
0.757805
0.767510
-0.978149
0.834407
0.079806
-0.412580
-0.180334
0.915525
-0.132237
0.860897
-0.440474
0.919675
-0.757012
0.583422
0.507920
-0.179418
0.428999
0.995178
0.557421
-0.057283
0.644154
0.363994
0.791803
-0.955016
0.843501
0.592395
0.112949
-0.170812
0.580737
-0.678335
-0.978576
0.471908
-0.057100
-0.028657
0.942625
0.756279
0.684805
-0.407819
0.343486
0.244484
0.097018
0.470199
-0.272073
0.952147
-0.889218
0.587634
0.978881
0.733695
0.137852
0.943968
-0.371380
-0.168676
0.776238
0.948057
0.650136
-0.435835
0.799371
-0.211646
-0.443464
-0.312662
-0.559435
0.788507
0.554552
0.885556
-0.240211
-0.589953
-0.817438
-0.128086
0.913816
0.967650
0.311808
0.779901
0.372051
0.030915
-0.772454
0.775933
0.626942
-0.747368
-0.410199
0.503708
0.597156
0.444258
0.185644
0.244301
-0.351726
0.353374
-0.118320
-0.578173
-0.295633
-0.550035
-0.736076
-0.738701
0.044893
0.126072
-0.378887
-0.297037
0.938292
-0.139561
0.404645
0.978454
0.314859
0.774957
0.400555
0.392132
0.392804
-0.480819
-0.565538
0.164525
0.218238
-0.874264
-0.435408
0.811457
0.174291
0.761284
-0.813044
-0.862423
-0.813715
-0.925657
0.825312
-0.653737
-0.221900
0.193335
0.873470
-0.420087
0.159154
0.515671
0.731986
0.276101
0.366497
-0.166356
-0.827937
-0.152501
0.009674
-0.576708
0.386883
0.958434
0.974609
-0.925413
-0.325541
0.620899
0.616993
0.720450
0.665029
0.572130
-0.653188
-1.000000
-0.895993
-0.265419
0.241005
0.246010
0.121128
-0.053804
-0.830561
0.990112
0.901669
0.404584
-0.200354
-0.223487
-0.120273
-0.665639
-0.471175
-0.822260
0.779473
0.266091
-0.506088
0.364910
-0.719474
0.796808
-0.790887
0.181921
0.723441
-0.257973
0.980346
0.256142
0.999023
-0.634266
0.100436
0.931639
-0.844478
-0.874508
0.917905
-0.479293
0.938047
-0.768487
0.585070
-0.279336
-0.984863
0.851375
0.451277
0.793573
0.409955
0.762566
0.967040
-0.005402
0.267312
-0.884640
-0.058199
0.300333
-0.016877
0.177648
0.231239
0.184973
-0.414655
0.097995
-0.921384
0.279153
0.722343
-0.350078
-0.709586
0.600146
-0.372112
-0.760430
0.475692
0.362346
-0.521714
-0.886837
0.197180
-0.650563
0.426435
-0.674184
-0.079989
0.943663
0.123936
0.872921
0.492538
-0.646474
-0.219764
-0.270363
-0.827448
-0.956114
0.029878
-0.776360
0.657155
-0.686880
-0.206519
-0.291055
-0.933409
-0.281045
0.148839
-0.702383
-0.841609
0.305582
0.635914
-0.015107
0.112461
0.918455
0.655995
0.170507
0.779962
-0.437971
-0.275185
0.943052
0.644215
0.375896
-0.774773
-0.890622
0.330363
-0.242531
0.972289
0.835444
-0.610340
-0.972839
-0.946104
0.911557
-0.139866
0.971007
0.838191
0.855281
-0.722892
-0.487838
-0.625416
-0.120823
0.798334
-0.608203
0.139134
-0.680349
-0.924070
0.375652
-0.544176
-0.814631
0.466231
-0.426435
0.640919
-0.777215
0.209143
-0.362285
0.931394
0.268654
-0.830134
0.679495
0.287454
-0.658681
-0.583422
0.442305
0.737968
-0.100436
-0.476424
-0.859737
-0.892087
0.923460
-0.739128
0.564928
0.052461
-0.432173
-0.513840
-0.431196
-0.013092
-0.987304
0.850581
-0.364116
-0.459212
-0.329875
-0.157628
0.450545
0.220618
0.243629
-0.095126
-0.291726
-0.451338
-0.073763
0.442610
0.922178
0.500412
0.537217
0.376568
0.222205
-0.336772
0.547594
0.871517
-0.147740
-0.406964
0.093051
0.386883
-0.088961
-0.863460
-0.057039
-0.882504
-0.409833
0.659291
-0.770745
-0.301859
-0.372356
0.484176
0.701956
-0.810053
0.016083
-0.731254
0.009186
-0.052217
-0.025056
0.198035
0.299112
-0.305460
-0.858272
0.547899
-0.769646
0.075900
-0.757500
-0.898068
0.239357
-0.972533
-0.316202
0.173009
0.969359
-0.402142
0.756645
0.344157
0.860775
0.653859
-0.365337
-0.037141
0.070528
0.864132
-0.559008
0.032868
0.827509
-0.886959
0.250710
-0.692190
0.137364
0.204138
-0.325541
0.464400
0.953917
0.806574
-0.954588
-0.658620
-0.696097
0.403729
-0.602466
-0.876583
0.650929
0.251625
-0.812860
0.268410
-0.249489
-0.412702
-0.404157
0.382366
0.877804
0.809687
0.759697
-0.375042
-0.909787
0.925352
-0.785455
0.843928
0.650197
-0.879940
-0.304483
-0.377056
-0.239784
-0.482040
-0.000702
-0.163610
-0.799249
-0.238746
0.948729
-0.930845
0.787225
0.433515
0.713370
-0.948851
-0.966491
-0.437300
0.395978
-0.618702
0.621998
-0.484725
0.506699
-0.555589
-0.109836
-0.939268
0.871212
-0.035798
0.177404
0.401349
0.100864
0.514451
0.498398
-0.846065
-0.963683
-0.992492
-0.789178
-0.842708
-0.231239
0.321207
0.735527
-0.266884
-0.635792
0.161596
-0.021638
0.118381
-0.579028
0.711112
-0.306803
0.648671
0.289224
-0.603626
0.045198
0.382366
0.210608
0.099277
-0.419172
0.730766
0.181677
-0.409223
-0.801874
0.020295
0.222449
-0.981262
-0.185583
-0.493027
0.061556
-0.926389
0.312906
0.527024
-0.908872
-0.584216
-0.230323
-0.060579
0.784600
-0.145482
0.329875
0.255959
-0.766289
0.903928
-0.527146
0.188635
0.219581
-0.937315
-0.625111
-0.209998
-0.369243
0.891232
0.172643
-0.886166
-0.770196
0.314371
-0.039521
-0.881222
0.975829
0.968444
0.817621
-0.453413
-0.099277
0.377728
-0.895322
-0.365276
-0.649464
-0.829707
0.459517
-0.996582
-0.715995
-0.835444
0.510544
-0.096713
-0.227332
0.162694
-0.491623
0.566881
-0.864071
-0.404523
0.522019
0.269448
0.105319
0.207190
0.622913
0.062288
0.251991
-0.243446
0.808710
0.383099
-0.799432
0.928220
0.108005
-0.698294
0.414899
0.141087
-0.862545
0.286477
0.601672
0.265053
0.534715
0.636708
-0.608936
-0.687735
0.843806
0.620716
-0.653859
-0.577258
0.505417
-0.713065
0.857784
0.699087
-0.621632
0.953063
0.673635
0.328104
0.833857
0.418806
-0.952696
0.272317
-0.722526
-0.747978
-0.003265
-0.959166
0.376141
-0.210242
-0.453841
0.919187
-0.900449
-0.370708
-0.820124
-0.970580
-0.220130
0.150365
-0.835810
0.774163
0.597827
-0.705557
-0.354289
-0.709220
0.160802
0.391644
-0.851009
0.934935
-0.358135
0.483200
-0.364299
-0.701041
-0.394024
-0.030000
0.997009
0.878658
0.791070
0.549608
0.030183
-0.277444
0.042634
0.282876
0.537461
0.056551
0.083102
-0.604480
-0.149022
-0.185095
0.268044
-0.999817
-0.497909
0.128330
-0.751274
-0.707694
0.722465
-0.677786
0.798883
0.012543
0.308939
-0.871639
0.610828
0.113193
0.462691
-0.798639
-0.866878
0.128941
0.764702
0.845943
0.497055
-0.862239
-0.157628
-0.073641
-0.649403
-0.486496
-0.445357
-0.810968
0.645741
0.430403
0.715934
0.479904
0.335795
-0.482894
0.654408
0.771661
-0.013092
-0.946654
0.783685
0.210669
0.976806
0.759758
-0.760613
-0.661000
0.227454
0.469222
0.828669
0.179968
-0.405255
0.354045
-0.902036
0.048433
-0.266457
-0.037324
0.615772
-0.215857
0.368206
-0.931700
0.183996
0.407392
0.037690
0.033906
0.271401
-0.805536
0.925291
-0.607410
-0.809320
0.077792
0.609180
0.386883
-0.696036
0.027924
0.967772
-0.716239
-0.417280
-0.415876
-0.065584
-0.983764
-0.705985
-0.158544
-0.802301
0.222755
-0.612964
0.473006
0.677419
0.678335
-0.327250
-0.639454
-0.264443
-0.459517
0.338420
-0.292520
-0.386639
0.165990
-0.819391
-0.797296
0.530198
0.081881
0.518479
-0.500412
0.764153
-0.055513
-0.023408
0.505600
0.723319
-0.750908
0.782586
-0.519944
-0.074190
-0.086947
0.807733
0.030610
-0.394574
-0.014801
-0.777825
0.542528
0.272011
0.585314
0.662160
-0.082186
0.110263
0.456954
-0.793817
-0.098605
0.647450
0.188574
-0.941343
-0.652699
-0.294656
0.247230
0.999878
-0.058809
0.166906
0.273782
-0.860286
-0.878658
0.012909
0.933958
0.265175
-0.971557
-0.599048
-0.961913
-0.598437
-0.589038
-0.501328
0.245643
0.824885
0.304971
0.950926
-0.333293
-0.542589
-0.213904
0.690481
0.551439
-0.194861
0.094638
0.992492
-0.584887
-0.143712
0.058016
-0.032685
-0.030671
-0.240211
-0.560656
-0.230079
0.697562
0.665761
-0.761345
0.005951
0.033052
-0.245582
-0.036348
0.722221
-0.971862
0.525559
0.930052
0.145299
-0.592517
-0.191687
-0.882382
-0.207312
0.833674
-0.002289
0.440046
0.416608
-0.277627
0.543870
-0.559557
-0.858943
-0.078829
0.037507
-0.191198
-0.249245
0.477035
-0.583850
0.011750
0.264138
0.013703
-0.190954
0.256508
0.168310
-0.986633
-0.614978
-0.571703
0.953917
0.846736
-0.284951
-0.175390
0.501755
0.528306
-0.483749
-0.645009
0.677602
-0.706595
0.162511
-0.804926
-0.251198
-0.596484
0.368694
0.806330
-0.328104
-0.951292
-0.503891
-0.075533
-0.602954
-0.140782
-0.282144
0.701773
0.365215
0.502853
-0.046480
-0.979125
0.790582
-0.072726
-0.554552
0.064791
0.393780
0.325602
-0.254738
0.479049
-0.284829
-0.276833
-0.861629
-0.569933
0.130284
-0.928770
-0.416120
0.722037
-0.890133
0.115329
-0.806269
0.554735
-0.861324
-0.733512
-0.304788
-0.034211
0.528672
-0.324259
0.559374
-0.272744
-0.804010
-0.440291
-0.108493
-0.398114
0.943175
0.374493
0.715384
0.887265
0.435041
-0.482406
0.752373
-0.608020
-0.390912
0.059420
0.400616
-0.182043
0.208960
0.287454
-0.307840
0.530992
0.183630
0.510056
-0.456893
0.440352
-0.865535
-0.504990
0.895199
-0.344829
0.283547
-0.526414
-0.441694
-0.651540
0.565416
0.347880
-0.323893
0.992370
0.687063
-0.174352
0.535142
0.612476
-0.766655
0.469649
-0.089022
-0.705496
-0.118625
-0.513474
0.478744
0.275185
-0.512436
-0.338664
-0.785821
-0.021577
-0.455672
0.840327
-0.349162
0.309305
0.416242
-0.893063
-0.819880
0.863521
-0.572985
-0.397565
0.430403
-0.867122
0.721671
-0.908506
0.485336
-0.842341
-0.789605
0.060518
-0.053438
0.517258
0.589831
0.707633
-0.142491
-0.905576
-0.837947
-0.280313
-0.569811
-0.065828
-0.586901
0.245277
-0.280679
0.298990
-0.342570
-0.542772
0.806879
-0.765191
-0.438643
0.737968
0.061190
-0.275674
0.799249
0.519517
0.591845
0.024018
-0.491623
-0.333781
-0.103793
-0.432783
-0.188025
-0.484298
-0.955138
0.634205
0.630360
-0.105869
0.077914
0.946837
-0.681509
0.909421
-0.501938
0.824152
0.009857
0.154881
0.256508
-0.019929
-0.677114
-0.645924
-0.579394
-0.234718
-0.458357
0.817133
-0.846065
0.121128
-0.830439
-0.886837
0.321940
-0.632740
-0.543199
-0.417890
-0.359233
-0.644948
-0.452925
-0.386029
0.586779
0.508957
0.698904
-0.554491
-0.943419
0.134983
-0.051729
-0.958922
-0.296609
-0.522935
0.995972
0.109470
-0.824152
-0.408612
0.180822
0.807672
0.063631
-0.339274
0.564867
-0.668386
0.597766
-0.226112
-0.302591
-0.162328
0.473434
-0.513230
-0.664968
0.071749
0.283303
-0.731559
0.229286
0.449507
0.272744
-0.891964
0.915464
0.639698
-0.695425
0.694266
0.153844
0.326029
-0.764946
-0.717887
-0.580981
-0.968139
-0.166478
-0.325419
0.656667
-0.723502
0.286538
-0.176611
0.002228
0.508347
-0.972228
-0.406110
0.661367
-0.156224
0.632008
0.428083
0.935484
0.006317
0.485397
0.037996
-0.966124
-0.134922
0.923704
0.471603
0.496017
-0.242225
-0.258522
-0.196631
-0.103488
-0.296243
-0.927305
0.716178
0.686087
0.762139
-0.161718
-0.902585
-0.496811
-0.025605
-0.450240
-0.042879
0.930662
0.718619
0.704215
-0.961852
0.790826
0.193213
-0.291665
-0.873348
0.263710
-0.958861
-0.992615
-0.653005
-0.791498
-0.467330
-0.638478
-0.298074
0.148473
-0.328532
-0.431257
-0.154393
0.022919
0.386578
0.771844
0.074190
-0.488449
-0.319681
0.422163
0.463057
-0.233619
0.740410
0.393292
-0.951109
-0.332072
-0.338237
0.517258
-0.851253
-0.390790
0.687551
0.126438
-0.407270
-0.294229
0.621509
-0.468368
-0.519822
-0.193579
0.326090
0.346171
-0.141697
0.932676
-0.325968
-0.044649
0.255776
-0.725333
-0.771966
-0.204627
0.151524
-0.929258
0.801202
0.749931
0.578478
0.500168
-0.647328
-0.433454
0.016449
-0.769341
0.218055
-0.026276
-0.403485
0.690054
-0.259987
0.089877
0.750603
0.577441
-0.516221
-0.158788
0.329875
0.440291
-0.392193
-0.425031
0.846187
-0.091891
0.900571
-0.686697
-0.667348
0.177526
0.669973
-0.544237
-0.604907
-0.852657
0.015900
-0.712333
-0.538011
-0.098544
0.898984
-0.211158
-0.340983
-0.602893
0.911740
-0.772454
0.979369
0.328043
0.312845
0.155370
-0.273049
-0.648305
0.192358
0.044221
0.985351
-0.875668
-0.047456
-0.559496
-0.161412
0.596484
0.121128
0.595569
-0.075961
0.653737
0.772637
-0.579882
-0.077120
0.011505
-0.417463
-0.121189
0.061190
0.102329
0.109470
0.489059
-0.925291
-0.984985
-0.783624
0.035676
-0.958861
0.389386
0.017853
0.943480
0.157811
-0.371136
-0.003876
-0.030976
-0.799738
0.034333
0.623218
-0.380657
0.405560
-0.496567
-0.413495
-0.059114
-0.858150
-0.016083
0.317118
0.639515
-0.263283
-0.295328
0.065523
0.316446
0.844234
-0.071932
-0.007721
0.881893
0.630238
0.611072
-0.470565
0.309244
0.924070
-0.061617
0.522935
-0.899838
-0.288491
0.412397
0.969359
-0.069002
0.146214
-0.363506
0.658620
0.713736
-0.466353
0.909360
0.984252
-0.849239
-0.179724
0.266030
-0.869442
-0.434919
-0.820795
-0.328227
0.528428
-0.477157
0.860591
0.328654
0.004364
0.561266
-0.621021
0.908444
-0.663991
0.043062
0.535081
-0.949522
-0.378155
-0.996948
0.482162
-0.029084
0.281777
-0.367901
-0.223853
-0.702322
-0.364849
0.441877
-0.666311
0.683279
-0.474044
0.614490
-0.438765
0.333659
-0.811396
0.605090
-0.884396
-0.870907
0.821284
-0.622791
0.750359
0.647511
-0.307840
0.895749
0.531175
0.460677
0.030915
-0.683096
0.319376
-0.981628
0.284219
0.028230
-0.623402
0.232887
0.999329
0.401593
-0.538987
0.006134
-0.013520
0.830866
0.682180
0.457015
-0.378765
-0.970824
0.937132
-0.556078
0.038179
-0.866451
-0.958617
0.333964
-0.080966
0.669790
0.232521
-0.371136
0.163488
-0.553636
-0.672048
0.982238
0.752434
0.315287
-0.641285
0.072115
0.535447
-0.859859
-0.847407
0.838252
0.302225
-0.239418
0.208655
0.481735
0.712821
0.085360
0.631825
-0.340739
-0.804682
-0.086947
-0.722953
-0.072909
0.965453
-0.955565
0.834468
-0.862728
0.357402
-0.460494
-0.252419
-0.939329
-0.923948
0.282327
0.400555
0.319559
-0.924558
0.436079
-0.822871
-0.032136
-0.348064
-0.267434
-0.112156
-0.884762
0.756279
0.876461
-0.176061
0.005951
0.711112
-0.282327
-0.614368
0.155919
0.187292
-0.278054
0.538194
-0.594897
-0.048311
-0.844417
0.593005
0.614246
-0.041414
-0.709769
0.253151
0.265297
-0.978820
0.684194
0.249916
0.020478
0.576525
0.914121
-0.232521
0.446333
-0.117893
-0.468612
-0.203467
0.192785
-0.411420
0.304178
0.400678
0.010773
0.999145
0.715384
0.003693
0.204688
0.529527
-0.752007
0.314432
0.243995
-0.771294
0.597766
-0.676443
0.125278
-0.751335
-0.748650
-0.032197
0.350688
0.600635
-0.356487
-0.996094
-0.553331
0.088595
-0.886654
-0.336955
-0.987854
-0.625660
0.597156
0.047334
0.738151
-0.982910
0.309732
0.762627
-0.281350
0.605823
0.592883
-0.382122
0.627857
-0.339213
0.073458
-0.745842
-0.961608
0.174169
0.616871
-0.650014
-0.337626
-0.171117
0.641774
0.514695
0.080905
-0.498032
-0.840815
-0.006684
0.222877
0.090915
0.784234
0.862728
-0.635426
0.261818
-0.520798
-0.348796
-0.488998
-0.907651
0.378094
-0.921812
-0.349528
0.664724
0.835505
0.828303
0.334758
0.946471
-0.010224
0.041902
0.650563
-0.964904
0.022858
0.050386
0.553514
0.926511
-0.170202
-0.011689
-0.120701
-0.476180
-0.966308
-0.971984
0.548509
-0.851619
0.068575
0.423078
0.093905
0.166173
-0.966674
-0.561510
-0.411359
-0.590991
0.506760
-0.031770
0.738762
0.298807
0.414533
0.718436
-0.268899
-0.157262
-0.793512
0.386212
0.967284
-0.244911
0.219947
-0.664296
-0.457747
-0.087130
-0.004913
-0.021882
0.846736
0.418378
0.571703
0.670644
0.076266
0.494552
0.624317
-0.574694
-0.961913
-0.727958
0.998047
-0.240150
0.945982
-0.301614
-0.865291
0.674917
-0.372356
-0.774834
-0.677908
-0.813410
0.682180
0.977783
-0.125401
-0.656484
0.825556
-0.445540
-0.113254
0.239906
-0.132115
-0.028230
-0.466720
-0.797967
-0.579394
-0.244240
0.930113
0.906674
-0.043306
-0.985107
-0.245949
-0.480697
-0.104648
-0.158483
-0.661916
0.578173
0.269875
0.936155
0.966735
0.111667
0.658742
-0.058626
-0.338908
-0.305643
-0.187353
0.371075
-0.281045
0.342814
-0.893918
0.852901
-0.925596
0.255959
0.791009
-0.370952
0.103183
-0.162816
0.614978
-0.516465
-0.298990
0.423383
-0.064730
-0.066317
-0.920896
-0.246864
-0.396344
0.413373
-0.652150
0.610096
0.956297
-0.375225
-0.778314
0.666128
0.415387
-0.496689
-0.406720
-0.880673
0.439802
0.546251
-0.193823
0.932493
0.496506
-0.873470
0.226539
-0.530442
0.722526
0.576220
0.967406
0.013398
0.711295
-0.273232
0.902951
-0.921140
-0.469588
0.901669
-0.503037
0.876217
0.304361
-0.521714
-0.639821
-0.228248
-0.211524
0.642933
0.478561
-0.525254
0.491501
-0.511887
-0.639332
0.468551
0.041780
-0.895627
-0.775323
-0.773186
0.905026
0.629261
0.785211
0.195227
0.044954
0.916868
-0.510239
0.267617
0.969237
0.441694
0.647145
0.042207
-0.291604
-0.130955
-0.066256
0.501328
-0.788446
-0.273293
-0.379925
0.940794
0.441145
-0.893490
0.447615
0.314249
0.109409
0.867489
-0.604602
0.789972
-0.658071
-0.007538
0.878414
-0.928098
-0.348857
0.420148
-0.133091
0.023347
0.868404
-0.877499
0.680410
-0.403851
0.552477
-0.720939
-0.531602
0.761773
0.710135
0.208716
0.671560
-0.342143
0.644642
0.848140
0.723624
0.001251
0.532640
-0.920408
-0.030549
0.122898
-0.782220
0.301187
0.594348
0.588794
0.770440
0.546251
0.162755
0.334269
-0.980834
-0.894589
0.936522
-0.510971
-0.408551
-0.011139
-0.049104
0.688650
-0.221290
0.141392
-0.185644
0.710135
0.883480
0.411664
0.772271
-0.317972
0.986877
0.871029
-0.440046
0.380352
0.930967
-0.277261
-0.446028
0.997314
-0.328715
-0.197974
0.091159
-0.542589
0.773064
-0.232521
-0.113132
0.051363
-0.406903
-0.672231
0.609119
-0.388165
-0.817804
-0.861263
-0.486190
-0.894101
0.187475
-0.590320
-0.331767
-0.554613
0.944639
-0.611805
0.080538
-0.991577
-0.713553
-0.304422
-0.376690
0.162084
-0.446516
-0.970336
-0.254494
0.577136
-0.133518
-0.685598
0.000641
0.406781
0.354411
-0.821467
-0.215186
-0.357646
0.307657
0.623341
0.147923
-0.907407
0.718925
0.317850
-0.213050
0.555589
0.820673
-0.361919
-0.707633
-0.127964
0.789117
0.350261
0.363018
-0.399030
0.416486
-0.407758
0.621937
-0.800287
-0.785699
-0.969543
-0.230262
-0.146458
0.169286
0.099582
-0.883419
0.604236
0.867489
-0.001556
-0.684500
-0.525132
-0.372112
-0.723807
0.517624
0.085299
-0.625904
-0.450423
0.848750
0.810663
-0.098666
0.395184
0.269936
-0.623096
0.657704
-0.042695
0.235755
0.105686
-0.750053
0.386029
0.473006
0.163182
0.576769
0.324259
-0.144749
0.556749
-0.598071
-0.408063
-0.182104
-0.233802
0.767327
0.031709
-0.971679
0.044893
0.019257
