-0.279763
-0.009552
0.055574
0.921995
-0.946959
-0.017121
0.935301
-0.600269
0.241859
-0.760918
-0.703238
0.724601
-0.018403
-0.376995
0.378094
0.605029
-0.203894
0.533311
0.013031
-0.083041
0.867244
0.859432
-0.170019
-0.117527
-0.640126
0.308756
0.712149
0.620533
-0.073336
-0.897946
0.372539
0.506882
0.347942
-0.555040
0.568896
0.965514
0.545396
0.677602
-0.333110
-0.533616
-0.525376
0.323099
-0.591479
-0.675832
0.864620
-0.289163
0.892270
0.455550
-0.671377
0.040986
0.385662
0.363628
0.961425
-0.640248
0.598865
0.410199
-0.070528
-0.285440
0.040010
0.121982
-0.353191
-0.769829
0.281655
0.866024
-0.485214
0.722282
0.704520
-0.396832
-0.173986
0.689322
0.813349
-0.952696
0.139988
-0.064913
0.022736
-0.530259
-0.441511
0.687674
0.889035
0.785089
-0.297159
0.142796
0.195227
-0.655751
0.698599
-0.411603
-0.779962
0.730399
-0.085726
0.514512
-0.479476
-0.298196
0.710501
-0.785577
0.187170
0.691641
-0.324320
0.587268
0.159398
0.724296
0.082614
-0.181616
-0.883786
0.356548
-0.198218
-0.739982
0.143834
0.510422
0.541002
-0.247902
-0.607471
-0.163549
-0.134678
0.547716
-0.456526
-0.767205
0.396283
0.396649
0.902707
-0.089999
0.921384
0.168004
-0.225562
0.756157
-0.781365
-0.754997
-0.769463
0.932676
0.801691
0.823115
-0.227821
0.507370
0.805109
0.734733
-0.354167
0.303995
-0.470077
-0.318949
0.480026
0.147313
-0.183630
0.614673
0.091708
-0.101169
-0.815851
-0.466109
-0.378033
0.055452
-0.766839
0.888180
0.762749
-0.081210
-0.859127
-0.311197
-0.909726
0.497787
-0.155431
-0.747307
-0.202673
0.369610
0.099826
0.470016
0.239113
0.941099
-0.765435
-0.150975
-0.047029
0.214026
0.485824
-0.867428
-0.170385
-0.609912
-0.036287
0.766289
0.234657
-0.901547
0.991150
-0.458968
0.280251
0.745964
-0.445845
-0.924558
-0.282632
-0.763237
0.459273
0.738945
0.690847
-0.326518
0.965453
-0.774407
-0.607898
0.602161
-0.638112
-0.425520
-0.887997
-0.316202
0.345805
-0.776482
-0.958068
-0.754143
0.123936
-0.919614
-0.830134
-0.000275
-0.386822
0.929258
-0.588366
-0.565722
0.950743
-0.607715
0.753899
0.733085
0.676321
-0.117649
-0.135716
0.262062
0.388287
-0.955565
-0.945250
-0.930906
0.486496
0.430097
-0.166845
0.149022
-0.985900
0.652944
-0.383892
0.618213
0.279153
0.807917
0.641224
0.833674
0.661245
-0.070162
-0.773431
0.929930
0.334941
-0.626392
-0.219642
0.683279
-0.850032
0.432783
0.874447
0.548936
-0.302408
-0.326273
0.253395
0.620533
-0.892697
-0.620411
0.031892
0.663869
-0.153478
0.421369
-0.875362
-0.071505
0.027436
0.875607
0.738639
-0.603137
-0.983032
0.256325
-0.166173
0.800836
-0.507309
0.743950
-0.236122
-0.667104
0.939146
0.729789
0.617115
-0.927427
0.800836
0.052705
-0.773736
-0.349651
0.903012
0.470199
-0.076937
-0.094455
-0.646046
-0.383526
-0.182653
-0.194128
0.335551
0.309427
-0.069552
-0.429792
0.206763
0.643483
0.710929
0.880795
-0.772454
-0.697134
0.932676
0.375835
-0.499802
-0.226722
0.541490
-0.486801
-0.800836
-0.878353
0.344646
0.297281
-0.141820
-0.752800
-0.471114
-0.095676
0.061678
0.361309
0.815180
-0.173620
0.665151
-0.585314
-0.487960
0.441694
-0.317850
0.438459
0.014924
-0.251625
0.817316
-0.177404
0.779595
-0.833491
0.348430
-0.659169
-0.761223
0.508713
-0.979614
0.011444
0.643117
-0.914121
-0.886654
-0.580126
0.585742
-0.629994
0.059053
-0.233375
-0.715384
0.066805
-0.413068
0.946776
-0.834284
-0.775689
-0.296793
0.759148
0.158238
-0.916440
0.582202
-0.355510
-0.054598
0.069430
-0.676870
-0.938597
-0.825373
0.581713
-0.164708
-0.589282
0.498459
0.088595
0.077670
0.460005
0.058077
-0.261025
-0.822016
-0.980468
-0.979308
0.659658
0.364605
0.132359
0.443281
0.228248
-0.380413
-0.705557
-0.765069
-0.782891
0.720878
-0.590747
0.607166
0.807123
0.096225
-0.108676
0.092685
0.769768
0.532640
0.597888
0.019562
-0.359539
0.618641
0.569445
-0.512497
-0.537889
0.624622
0.522507
-0.850398
0.652089
0.550279
-0.833613
0.141331
0.023225
0.165685
-0.538072
-0.667653
-0.871639
0.505783
0.791864
-0.537339
-0.301553
0.694571
0.381085
-0.308817
-0.178014
0.853389
0.429060
-0.965270
0.707938
0.059969
-0.915769
-0.798578
-0.922788
-0.404340
0.972472
0.236061
-0.708365
0.089022
0.537889
0.284951
-0.154576
-0.450117
0.447371
-0.253639
-0.209693
-0.030976
-0.904416
-0.741569
-0.680105
-0.775262
0.050874
0.534288
0.235572
-0.009003
0.992370
0.486801
0.429975
-0.475753
-0.118076
0.968810
-0.781060
0.268288
-0.863582
0.500717
-0.257179
-0.408429
-0.724784
-0.896176
0.008759
-0.161229
0.799432
-0.317606
0.132908
0.736686
-0.320963
0.686514
0.497116
0.743645
-0.145054
0.471114
-0.505905
0.103061
-0.908261
-0.939940
-0.734245
-0.818232
0.285257
-0.940001
-0.863399
0.183508
-0.568957
-0.805231
0.245705
-0.368084
-0.301920
-0.896664
0.674673
-0.296609
0.036897
0.116428
0.072665
-0.395734
0.323038
0.706717
-0.738823
-0.288186
0.835322
0.833308
0.040437
0.450606
-0.419416
-0.271340
-0.566515
0.938536
-0.402203
0.096652
-0.386639
0.390728
-0.603687
-0.981994
-0.882992
0.719291
0.642262
0.210791
0.334208
-0.029878
0.657399
-0.997620
-0.067415
-0.536607
0.605335
0.870540
-0.771538
-0.129429
-0.786615
-0.407270
-0.683645
-0.887448
0.831904
-0.380047
-0.096469
-0.948973
0.906369
0.834773
-0.811518
-0.420209
0.002411
0.947447
-0.571703
0.693289
-0.631642
0.395734
0.828852
-0.112033
0.604785
-0.199255
-0.214087
-0.529771
0.144688
-0.346721
0.409406
0.965575
0.216041
0.523179
-0.857112
0.298135
0.339091
-0.082247
0.432600
0.181494
-0.787469
0.918210
0.234840
-0.541490
0.256447
0.587207
-0.721854
-0.655019
0.829340
-0.721549
0.745231
-0.005707
-0.938353
0.853755
0.769280
-0.241310
0.556200
-0.881283
0.852046
-0.369793
0.459212
-0.733757
0.298929
-0.140843
-0.945860
0.473739
0.777520
-0.177709
0.799615
-0.175878
0.200598
-0.690420
0.043306
0.756890
-0.855708
0.663686
0.274209
-0.096225
0.834773
-0.980163
0.462996
-0.742973
0.298379
0.954283
0.196509
-0.756951
-0.070894
-0.525071
0.451949
-0.121982
0.044343
-0.896725
0.639515
-0.707450
0.473617
-0.960265
-0.990967
0.627369
0.087008
-0.880978
0.346965
-0.212073
-0.410749
-0.132420
-0.210547
0.459395
0.253456
-0.707450
0.402264
0.645009
0.979980
-0.923338
0.849361
0.301248
-0.555528
-0.232521
0.330546
-0.420759
-0.294168
0.039277
0.415510
0.808466
-0.177404
0.516526
-0.684927
0.093112
0.562609
0.848689
0.772942
0.020112
0.181921
-0.776971
0.332926
-0.832942
-0.662343
0.298318
0.544176
-0.325724
-0.530869
0.468673
0.135411
-0.116062
0.572924
0.667592
0.832636
0.157506
0.192541
0.180273
0.718619
-0.216285
0.054170
-0.723075
-0.264931
0.950682
0.706534
-0.299112
-0.990478
0.297342
0.521104
-0.940367
-0.196509
-0.215918
-0.928648
0.176183
0.454878
-0.513779
0.610096
0.069246
0.210669
0.634144
0.602710
-0.111728
-0.520981
0.406659
-0.005158
0.649342
0.738578
-0.204688
0.648793
-0.695364
0.642018
-0.693594
0.596973
-0.822748
-0.650258
-0.764641
0.212806
0.488327
-0.309366
0.881283
0.483627
0.997925
-0.977050
-0.142430
-0.211829
0.619984
-0.671560
0.123814
0.677664
0.335612
0.719352
0.883114
0.678518
0.762810
0.147740
0.961425
0.217627
0.382183
0.756401
0.077242
-0.834651
0.327128
0.607593
0.006561
0.781060
0.932859
-0.165441
-0.775628
-0.388104
0.101169
-0.032258
0.998352
0.332133
0.792840
0.297708
-0.447310
0.605884
-0.299844
-0.625294
0.357097
0.454756
-0.764641
-0.400128
-0.372600
-0.681570
-0.361675
0.886776
0.647877
-0.538743
0.486068
0.038850
-0.263710
0.850215
-0.066622
0.950133
0.869625
0.579882
-0.060335
0.132664
-0.095492
-0.710501
0.425520
-0.654714
0.765984
-0.302042
0.105747
0.912717
-0.404218
-0.169530
-0.695181
0.877499
0.603076
-0.584033
-0.646596
0.269265
0.325907
0.422224
0.465072
0.408429
-0.347514
-0.838496
0.738884
-0.248512
0.009369
0.590991
0.414777
0.809259
0.369304
0.982910
-0.763604
-0.564562
0.906858
-0.019257
0.453352
-0.386700
0.308695
-0.032258
0.691946
-0.908689
-0.310892
0.882382
-0.067171
-0.893612
0.417951
-0.041169
0.545518
0.714591
-0.295389
-0.689993
0.909726
-0.748772
0.789117
0.244911
0.560350
-0.343547
0.097018
-0.055391
0.215857
-0.166967
0.153783
0.890378
-0.416791
0.185827
-0.913450
0.748711
0.377300
0.728202
-0.871639
0.363323
-0.879757
0.868038
-0.972106
0.330363
-0.800165
-0.354656
-0.965758
0.585559
-0.031648
-0.662343
-0.262001
-0.790582
0.414655
-0.443464
0.136692
0.416852
0.880795
0.412519
-0.750786
0.444563
0.764214
-0.088351
-0.043367
-0.075961
0.152013
-0.237098
-0.551195
0.461409
0.572985
-0.143590
0.612171
0.288003
0.826838
-0.999817
-0.530808
-0.637074
0.712394
0.140965
-0.175329
-0.633045
-0.937864
-0.009430
0.896603
0.021271
-0.012726
-0.276589
-0.870418
0.508835
0.963317
-0.452986
0.362407
0.413984
0.667470
-0.663198
-0.807855
-0.390179
0.757317
0.336894
-0.327494
0.758538
-0.670949
0.082858
-0.463240
-0.969848
-0.406110
-0.083529
-0.624317
0.533799
0.537217
0.760674
-0.690970
-0.547594
0.895016
0.745293
-0.974181
0.824702
0.420637
0.408551
-0.896298
0.634571
-0.886959
-0.126865
0.730766
0.129673
0.080966
0.143773
-0.079073
0.077364
0.431928
-0.621326
0.588061
-0.142735
0.668508
-0.929563
0.680593
0.057649
0.256630
-0.739006
-0.862850
0.727287
0.064730
-0.235817
-0.782891
0.192114
0.835261
-0.331767
-0.956847
0.891903
-0.730094
-0.570177
-0.130406
-0.944090
0.256996
0.424787
0.339640
-0.231971
0.322184
0.103305
-0.855525
-0.957274
0.383282
0.631581
-0.403790
-0.665578
-0.310953
-0.014740
0.021393
-0.561022
-0.401410
0.918394
0.829890
-0.694388
0.292581
-0.364910
0.182531
-0.414716
0.951903
0.462325
0.560350
-0.912107
0.992065
-0.774407
0.330729
-0.610706
-0.422956
-0.768365
-0.141820
0.839412
-0.116672
-0.773980
-0.930662
-0.638417
-0.770074
0.680898
-0.042940
0.529588
0.775750
0.427717
0.109104
-0.239051
-0.778619
0.680837
0.959288
-0.510544
0.265725
-0.788995
0.932371
-0.533311
-0.349712
0.460860
-0.185339
0.524644
-0.666311
0.599536
0.052522
0.540086
0.238685
0.974792
0.126499
-0.463729
0.840327
0.672414
0.015168
-0.293130
0.302225
-0.914670
0.340922
0.517075
-0.066439
0.136082
0.360698
0.184606
-0.657704
0.814570
-0.483688
0.796869
0.832514
-0.810968
0.573962
0.714530
0.837397
-0.397748
-0.504501
-0.200354
-0.204566
-0.047151
-0.898740
-0.700735
0.900876
0.540208
-0.797845
0.002411
0.841670
0.309854
0.071444
0.438581
-0.827754
-0.483016
-0.186743
0.737968
-0.778680
-0.049776
0.150304
-0.874081
0.510849
-0.549852
0.585314
-0.012238
-0.258095
-0.832270
0.068758
-0.761040
0.961608
-0.857723
-0.397320
-0.732109
-0.107212
0.253151
-0.795221
-0.765252
-0.020905
0.993469
0.158849
0.924619
0.639454
0.092196
-0.358745
0.714408
0.542161
0.851314
0.902341
0.832881
-0.635731
-0.455855
-0.715018
-0.776177
-0.939085
0.104038
-0.301126
0.143956
-0.864620
-0.499130
0.035615
0.034516
0.985534
-0.104831
-0.595752
-0.161412
-0.228431
0.394391
0.044038
0.973388
-0.918577
0.141697
-0.384564
-0.805231
-0.206030
-0.741325
-0.407636
-0.285257
0.867183
-0.880001
-0.407331
-0.304117
0.322611
-0.982482
0.943480
-0.547533
0.800409
-0.638356
0.251747
-0.968871
0.197913
-0.614978
0.622059
0.932554
0.156774
0.353618
-0.171911
-0.952696
-0.325419
0.637806
0.331767
-0.533555
-0.153966
-0.517258
0.233253
-0.820856
-0.586413
0.747063
-0.949644
-0.259926
0.045930
0.755608
-0.969176
0.635670
-0.953490
-0.398846
-0.190771
-0.229713
-0.918882
0.564684
0.836726
-0.433088
0.325663
-0.574877
-0.856380
0.641408
0.371563
0.520554
-0.279397
-0.407453
-0.654042
0.657888
0.993042
-0.625660
0.455061
-0.034822
0.948668
0.869198
-0.354411
0.377117
0.358135
-0.822687
-0.073214
-0.353130
0.802850
-0.174047
-0.100925
0.079745
-0.467330
0.488754
-0.487655
-0.381024
0.085604
-0.496750
-0.891476
-0.654592
-0.302713
-0.328471
-0.261879
-0.474227
0.730277
0.694449
-0.915891
-0.985107
-0.400006
-0.508286
0.079989
-0.785455
0.368755
-0.714957
-0.112400
-0.548753
0.857540
-0.460005
-0.406110
0.218421
-0.904477
-0.241859
-0.852107
0.013276
-0.557726
-0.157994
0.684927
0.646718
0.030366
0.614795
-0.927610
-0.834651
0.954283
0.701407
-0.799310
0.713431
-0.601978
0.863094
0.516770
0.701590
0.528245
0.587329
-0.549669
-0.423933
-0.091220
0.004975
-0.216346
0.649953
-0.568468
0.238075
-0.908811
-0.100925
-0.117405
-0.745415
0.885739
-0.646290
0.735099
0.483444
0.532212
-0.708060
-0.515427
0.579333
0.462264
0.518357
0.718863
-0.864376
-0.598498
-0.610401
0.020417
0.502304
-0.084689
0.066927
-0.900388
0.929197
0.384381
0.432234
-0.741630
-0.045808
0.450545
-0.829768
-0.894467
-0.906919
-0.222266
-0.569262
-0.030915
0.926817
0.620716
0.895627
-0.976867
-0.836543
-0.861812
0.872311
0.005524
0.303995
0.136509
-0.340495
-0.851924
0.941771
-0.820734
-0.494858
-0.086703
0.956908
-0.751946
-0.314859
-0.321879
0.545763
0.928831
-0.292764
0.942625
0.081393
-0.227271
-0.453597
-0.871700
-0.517258
0.531724
-0.403912
0.877194
-0.359172
0.230934
0.860958
0.927305
0.838252
-0.313761
0.631153
0.913450
0.736137
-0.556627
-0.553758
-0.665578
0.988464
0.167943
0.423139
0.225501
-0.348064
-0.119053
-0.991577
0.687979
-0.241432
0.304727
0.036897
-0.531968
-0.185705
-0.057527
0.032746
0.893124
-0.606494
-0.162450
-0.582812
-0.119907
0.356853
-0.013520
-0.069185
-0.653005
0.415815
-0.974548
-0.948546
-0.168249
-0.252419
0.194922
-0.679678
0.869747
0.340068
-0.475631
-0.956420
-0.923154
-0.124119
0.996338
0.767937
-0.521775
0.406110
0.735954
-0.805353
0.831782
0.686941
-0.154637
-0.353679
0.671743
-0.236549
-0.207373
-0.188757
0.080477
-0.361492
0.707266
0.347026
-0.056795
-0.580554
0.488327
-0.141636
0.454878
-0.024873
0.720817
0.815424
-0.492477
-0.286721
0.504257
-0.549181
-0.714591
-0.493759
-0.041658
-0.089145
-0.427168
0.040864
-0.109836
-0.233497
-0.172094
0.244484
-0.149327
-0.080660
-0.204199
0.788018
0.272744
0.612171
0.899350
0.885372
-0.194067
-0.657521
-0.595874
0.950621
-0.333598
0.814692
0.021149
0.085788
-0.727592
-0.646474
-0.949156
-0.686514
0.673391
-0.459456
-0.901669
0.498520
0.012848
0.073702
-0.431501
-0.917539
-0.254982
-0.369427
0.246132
-0.805353
0.982238
-0.328654
-0.262551
-0.501572
0.684744
0.177282
0.261330
-0.609058
-0.408856
-0.275491
0.912473
0.578356
-0.142186
0.416852
-0.178442
0.603870
-0.027009
0.832514
0.210913
-0.916318
0.250038
-0.033235
0.357280
0.331828
-0.420331
-0.059175
0.640675
-0.929319
0.100681
0.717521
-0.540330
0.412824
0.149571
-0.629872
0.356731
0.297769
-0.146886
0.926634
-0.039460
0.132664
0.978576
-0.073702
-0.639698
0.743217
-0.998291
-0.924741
0.359539
-0.699149
0.831050
0.432722
0.741997
-0.324320
0.051607
-0.222266
-0.786065
0.908933
0.611927
-0.484481
-0.221961
0.303079
-0.565050
-0.775628
-0.230201
-0.993774
-0.963500
-0.298929
-0.716178
-0.771233
-0.181066
0.572192
0.592090
-0.448042
0.740715
0.872372
-0.655141
-0.168615
0.437239
-0.652150
-0.800165
-0.516892
-0.308878
-0.934996
0.848506
-0.991516
-0.229286
-0.958007
-0.291421
-0.231727
0.367534
0.381634
-0.761956
0.594226
-0.532640
-0.213172
-0.083102
-0.724418
-0.700308
0.789056
0.831904
0.080050
0.418134
-0.001434
-0.235389
0.654958
-0.004303
-0.939329
0.870663
-0.710135
-0.625172
0.624134
0.614002
-0.265297
0.033662
-0.793329
0.379925
0.882260
0.939695
-0.157506
0.202734
0.561327
-0.063021
0.568529
0.267312
-0.243873
0.272500
-0.719840
-0.419538
0.814753
-0.636036
-0.249550
-0.317240
0.497909
-0.228431
-0.794733
0.843745
-0.389142
-0.481552
-0.903012
-0.532945
0.633168
0.553636
-0.459639
-0.526414
-0.321512
-0.351665
0.374676
0.847102
-0.674184
0.162511
0.179479
0.558580
-0.045991
-0.996826
-0.409711
-0.219764
0.269265
-0.097385
-0.841365
-0.024934
-0.415632
-0.646352
0.898434
-0.432112
-0.978088
0.398541
-0.909299
0.529771
-0.839412
-0.285134
-0.403790
0.752556
-0.629810
-0.237526
0.799860
0.680837
-0.410382
0.281167
-0.437971
0.226356
-0.944884
0.505356
0.414411
-0.691092
-0.098910
0.124851
0.404035
-0.289407
0.127232
-0.642018
-0.457686
-0.454573
0.433515
-0.224952
0.364299
-0.613758
-0.172033
-0.144871
-0.487838
-0.966491
-0.546007
0.064852
0.757378
0.129795
-0.811335
-0.556688
-0.143406
-0.292886
0.234962
-0.390973
-0.649525
-0.640492
0.687857
-0.165502
0.564684
0.501205
-0.613941
0.511521
-0.299173
0.227577
0.495346
-0.350688
-0.590869
-0.303690
-0.809748
0.228065
0.288675
0.727958
-0.960204
-0.368938
-0.344035
-0.100620
0.500351
0.903806
-0.504929
0.123020
0.719596
0.949034
-0.623035
0.815424
-0.917844
-0.157628
0.748222
0.141636
0.013276
0.189489
0.823359
0.253151
-0.153600
-0.386822
0.838557
-0.733451
0.822687
-0.831111
-0.663442
-0.545457
-0.380657
0.168004
-0.165319
-0.951292
-0.586535
0.581225
-0.781976
-0.801874
0.520066
0.421247
0.172399
-0.681997
0.657216
0.128697
-0.223487
-0.153722
0.397076
-0.991699
0.466842
-0.533677
0.534593
-0.464644
0.916135
0.198035
0.202857
0.637623
0.092746
0.547899
-0.769646
0.355998
-0.715201
0.112583
-0.175024
-0.485336
-0.734550
0.769402
0.969359
0.577868
-0.503464
-0.524339
0.353801
-0.605884
0.165319
0.827021
-0.826411
0.928892
0.875301
-0.903806
-0.977721
-0.956053
0.361370
-0.132420
-0.045503
0.692434
0.660573
0.769036
-0.133580
-0.160680
-0.635487
0.800104
0.604358
-0.119175
-0.475570
-0.331278
-0.975890
-0.257790
0.869320
0.727897
-0.027619
0.259438
0.129734
-0.132542
-0.876095
0.755058
0.171056
-0.375042
-0.648488
0.371258
0.406232
-0.674184
-0.343852
-0.879940
-0.898618
0.351176
-0.310953
-0.490890
0.186193
0.690298
0.533982
-0.661428
-0.248573
-0.079928
0.621632
0.494247
0.440291
0.550890
0.641041
-0.099155
-0.363384
0.598621
0.490951
0.925413
0.802728
-0.821223
-0.920225
0.060640
-0.687735
-0.787530
0.454390
-0.694754
-0.206763
0.828303
-0.628468
0.902036
0.464339
0.080782
-0.408673
-0.369182
-0.738029
0.264321
0.565966
0.604175
0.018281
0.519822
0.917234
-0.963073
0.778680
0.403180
-0.242042
-0.353984
0.861812
0.914121
-0.584704
-0.330241
0.672903
0.745170
-0.676382
0.902158
0.525620
-0.134251
-0.801325
-0.407025
0.116245
-0.942015
0.481002
-0.693289
-0.041658
0.328104
0.477279
0.657826
-0.339030
0.749138
-0.285623
-0.083468
0.708243
0.981994
0.169897
0.140599
-0.079928
0.891903
-0.249489
0.588366
-0.423200
-0.223670
0.154027
0.393170
0.000763
-0.879757
0.728324
-0.597827
0.967223
0.313761
0.267983
0.020234
0.976012
-0.303812
0.865230
-0.237648
-0.099277
0.606983
0.375164
-0.027497
-0.354228
-0.486801
-0.491989
0.296365
0.512070
-0.337382
0.950194
-0.434553
-0.991272
0.244789
-0.836543
0.980285
0.876705
-0.899167
0.522019
0.220252
-0.030732
0.973937
-0.087069
0.265542
-0.507492
-0.170202
0.933409
0.848994
0.547411
0.177648
-0.670705
0.451033
0.619556
0.808527
0.847224
-0.220374
0.950499
0.658010
-0.587695
0.215369
-0.673086
-0.217566
-0.348796
0.225745
-0.641713
-0.307169
0.932920
0.720695
0.072420
-0.579943
-0.538377
-0.962951
0.481674
0.086398
-0.270363
0.682608
-0.678457
-0.927122
-0.722526
0.733573
0.394269
0.129429
-0.856380
0.004364
0.090548
-0.418134
0.849910
0.746513
0.900571
0.503708
-0.250832
-0.709647
-0.586535
-0.067782
-0.286721
-0.699087
-0.068331
0.181372
-0.927061
0.766839
0.613453
0.043428
0.601306
0.945921
-0.364299
-0.198035
-0.872188
-0.277383
0.610645
-0.422163
0.876644
-0.627491
0.316507
0.941771
0.312540
-0.567125
-0.943236
0.958556
-0.074374
0.303079
0.830317
0.330790
-0.790033
0.512253
0.375469
0.303446
-0.322977
-0.607776
-0.874996
0.003510
-0.199805
-0.370403
0.308939
-0.367229
0.181127
-0.762810
-0.528550
-0.845332
0.242531
0.056429
0.534959
-0.009430
-0.954344
0.139683
-0.092013
-0.727042
-0.351299
0.742790
-0.927000
0.411542
0.059053
0.203345
0.715934
0.149266
0.017304
-0.534043
-0.425153
-0.434004
-0.621021
-0.946654
0.830927
-0.787957
-0.428449
-0.124546
0.131016
0.987304
-0.956542
-0.662709
-0.553941
0.258950
0.486740
-0.671926
0.633839
-0.153905
0.562853
-0.211524
-0.051485
-0.459273
-0.650380
-0.463790
0.183996
0.634144
0.626148
-0.546861
0.685293
-0.730033
-0.856929
0.149571
0.240699
0.556444
-0.609851
-0.201270
0.515183
0.027924
0.069369
-0.365398
-0.120273
-0.992309
0.214026
-0.220618
-0.362041
0.489731
0.969787
0.292764
0.470260
0.838923
0.555406
-0.851009
-0.285195
0.799432
-0.264443
0.535203
0.361980
-0.357707
-0.813471
0.949095
-0.032075
0.852535
0.010529
-0.314737
-0.049532
0.346782
-0.970153
-0.762871
0.596912
0.023957
0.910947
0.176000
0.782586
-0.402753
0.766533
-0.387432
0.228980
0.030610
-0.156957
0.462508
0.437544
-0.636586
0.934812
-0.545763
0.310770
-0.722831
0.959349
-0.767998
0.703299
-0.790704
-0.945677
0.323222
0.468734
0.041719
-0.806269
-0.589221
-0.128574
-0.943541
-0.113620
0.080966
-0.057772
0.964721
0.458357
-0.948973
0.108737
0.213843
0.248573
0.811518
0.991272
0.228736
0.828364
0.642201
-0.944273
0.206641
0.243629
0.367840
0.530259
-0.650502
0.143345
-0.242958
-0.241127
0.554125
0.299661
-0.170934
-0.351909
0.167760
-0.302347
-0.650624
0.091891
0.268777
-0.394086
-0.826167
-0.062593
0.226844
0.589526
0.935728
-0.945067
-0.073702
-0.418989
0.151952
-0.540391
-0.311625
-0.607166
0.443525
0.217750
-0.434065
-0.927427
-0.648732
-0.850459
-0.479293
0.761467
-0.426923
-0.671316
-0.149937
-0.077242
-0.028596
0.293741
-0.504440
-0.192663
0.257973
-0.060823
-0.781121
0.264138
0.495041
0.726737
0.035615
-0.906064
0.657888
0.018769
-0.381451
-0.000763
0.575793
-0.163915
-0.698721
-0.365886
0.046602
0.226417
0.384991
0.205054
-0.895993
-0.261574
-0.233375
-0.904782
-0.221290
0.323710
0.856258
-0.306253
0.981750
-0.691031
-0.293741
0.887936
0.527879
-0.731132
0.325541
0.775506
0.260231
-0.046480
0.309427
-0.007660
-0.764153
-0.229652
0.277200
-0.714957
0.835566
-0.900082
0.501572
0.275979
-0.276833
0.264748
0.133824
-0.563890
0.059053
-0.544115
-0.931700
0.474227
0.115329
-0.256081
-0.430403
-0.274270
-0.906735
0.028169
-0.060762
-0.160558
-0.206091
0.005890
-0.085116
-0.286294
0.487472
0.168981
-0.398114
-0.532640
0.478317
0.507859
0.281350
0.353984
-0.146947
-0.207617
-0.859981
0.841426
0.641041
-0.535630
0.497177
-0.342936
-0.958678
-0.242286
-0.038362
-0.472518
0.917783
0.216346
-0.842158
-0.086093
0.291116
-0.721427
-0.344829
-0.152623
-0.084323
0.010102
0.882565
0.074252
0.473922
-0.347453
0.864803
0.687063
-0.123325
-0.357646
0.612476
-0.497726
-0.331095
-0.817377
-0.592700
0.299417
0.064364
0.535264
-0.124668
-0.441939
-0.189428
-0.022614
0.993835
-0.793695
-0.302469
0.486984
-0.113498
0.950987
0.480270
-0.105319
0.760918
0.536302
-0.440718
-0.505295
0.181555
0.891354
-0.875607
0.538682
-0.529160
-0.563036
-0.106601
-0.594104
-0.682974
0.763848
-0.027741
0.663686
0.697623
-0.021516
0.850154
0.346721
-0.284280
0.935911
0.325968
0.408490
0.809259
-0.649953
0.423688
-0.550768
-0.198706
0.774407
0.730033
0.502487
0.173193
0.510849
-0.087985
-0.671987
0.115268
0.340617
0.652944
-0.952208
-0.663015
0.296976
-0.597644
-0.572497
-0.457564
0.846553
0.705130
-0.048799
-0.693838
0.842158
0.329752
0.678152
-0.057527
0.499313
0.252480
0.945494
0.704520
-0.763970
-0.611560
-0.796625
-0.140538
0.872372
-0.393353
-0.606494
0.367290
-0.803156
0.924680
0.690970
-0.926817
-0.481307
-0.922239
-0.349528
0.701651
-0.847774
-0.740165
-0.383099
0.722953
0.743889
-0.023041
-0.832575
0.064425
0.816889
-0.603137
-0.971618
0.974487
-0.765007
0.461043
0.604663
-0.944639
-0.903378
-0.214270
-0.836787
-0.680654
0.165807
0.997559
0.219520
0.217872
0.752068
-0.389569
0.067049
-0.807855
0.314676
0.508286
0.283303
-0.624500
-0.028962
0.733390
-0.600085
0.719901
-0.516953
-0.779595
0.075716
0.594958
-0.640919
-0.224525
-0.068270
-0.717887
0.280435
0.229713
-0.023103
0.951476
-0.708426
-0.302042
0.167760
-0.053072
0.052034
-0.783441
-0.820185
-0.737114
-0.942442
0.062105
0.291360
0.380291
0.161351
-0.170080
-0.112461
0.687429
0.366619
0.049593
0.071871
-0.092990
0.509140
0.920713
0.546556
0.864010
-0.948607
-0.549120
-0.075045
0.611805
0.980895
0.632862
-0.161718
0.712638
0.147496
0.181310
-0.535508
0.929746
0.777459
-0.431990
-0.398236
-0.453413
-0.413495
0.182348
0.908506
0.445845
-0.854732
0.437056
-0.024201
-0.001251
-0.676321
0.180456
-0.104770
-0.418317
0.638356
0.405683
-0.634388
-0.602283
-0.720023
-0.868221
0.964843
-0.935057
0.678762
0.588977
0.486251
-0.754509
-0.691214
0.131504
-0.734001
-0.616871
0.841914
0.540086
-0.264687
0.976318
0.874264
0.942808
0.694693
-0.501389
-0.521958
-0.358013
-0.022004
-0.181372
-0.107089
-0.935667
-0.690237
-0.991272
0.646413
0.124485
0.437056
0.672720
-0.257729
0.286416
-0.558092
0.755730
0.296976
-0.443831
0.171361
0.151524
0.555528
-0.424116
0.072604
-0.017304
-0.337931
-0.167150
-0.184362
0.955687
0.951170
-0.400250
-0.296487
0.878414
-0.752129
-0.463179
0.547227
0.329875
0.152928
0.344279
-0.773064
-0.037690
0.069979
0.067843
-0.393048
-0.378643
0.177526
0.944884
-0.862239
-0.780389
0.079440
0.775140
0.299905
-0.538011
0.955870
-0.295267
0.013031
-0.793512
0.960143
0.317301
-0.973693
-0.284158
0.109897
0.900571
0.155370
-0.488693
-0.555651
-0.314371
0.384259
-0.241554
-0.443281
-0.598621
-0.114902
-0.243263
-0.353923
-0.810846
-0.178137
-0.600757
-0.212622
-0.514817
-0.036897
-0.863704
-0.961608
0.882382
0.874935
-0.014496
-0.098117
-0.499924
0.039766
-0.187292
-0.591479
0.796930
0.363262
0.748222
-0.333476
0.128391
-0.248146
-0.554735
-0.844050
-0.300455
-0.235511
-0.198035
0.795404
0.368267
0.014008
-0.100070
-0.482101
-0.714774
0.451460
0.692495
-0.809565
-0.170507
0.046297
-0.582873
0.780633
-0.731437
-0.556078
0.191748
-0.301370
-0.610096
-0.385662
-0.668264
-0.402692
-0.629261
-0.910520
-0.489547
0.783868
-0.073214
-0.894650
-0.288491
0.063875
0.444624
-0.517991
0.174718
0.221229
-0.416242
0.274941
-0.552232
0.209021
0.866573
-0.189489
-0.029206
-0.599109
-0.314249
-0.234474
0.312906
0.011994
0.552171
-0.247963
-0.678701
0.234657
-0.097507
0.202124
-0.191748
0.655629
-0.187536
0.638478
0.296670
-0.162755
-0.613880
-0.763543
-0.739372
0.236671
-0.638661
0.899228
0.942137
-0.416181
-0.307047
-0.212928
-0.666311
-0.109897
-0.468856
-0.227210
-0.783685
-0.356548
0.927976
0.298013
-0.855220
0.928831
0.493820
-0.920835
0.508652
-0.852412
0.598498
-0.156529
0.531175
0.318522
0.679556
0.160985
0.930601
-0.466048
-0.384014
-0.121616
-0.821955
-0.046419
-0.818049
-0.180334
-0.483810
-0.023652
-0.622364
-0.844417
0.145177
-0.866634
0.314676
-0.282388
-0.246254
-0.192969
0.739494
-0.368694
-0.536973
0.366253
0.209387
-0.678579
0.116062
-0.371136
0.787103
-0.718070
-0.381878
-0.004120
0.353740
0.139134
0.692373
0.135716
0.828059
-0.689749
-0.101108
0.120090
-0.106052
0.279458
0.217017
0.486862
0.470199
0.894040
-0.890683
0.702750
0.065584
-0.363262
0.276406
0.511155
-0.563829
-0.337260
0.862911
-0.371990
0.653371
0.435408
-0.268777
0.599353
-0.922666
-0.256813
0.400555
-0.374981
-0.924558
0.913083
-0.213294
0.643422
-0.778558
-0.285623
0.515122
0.391644
0.941649
0.225990
-0.255104
0.692923
0.856624
-0.591479
0.273782
-0.281411
-0.336161
-0.095614
-0.704154
0.156346
-0.740776
0.456587
-0.607044
0.090548
0.477889
0.727653
-0.702628
0.265297
0.690054
-0.515366
0.889950
0.139500
0.552293
-0.798517
0.873470
0.631336
0.841914
0.183813
0.051912
0.258339
0.001251
0.060457
0.859920
0.496811
0.760735
0.898801
-0.683279
-0.333110
-0.897275
-0.164953
-0.723807
-0.404767
0.598376
0.253639
-0.731498
-0.280068
-0.408063
-0.699576
0.716727
0.023713
0.116855
0.867672
0.907285
-0.210669
-0.535997
-0.063753
-0.260048
0.363506
0.533311
0.780999
-0.483444
-0.079379
-0.581469
0.528245
-0.495285
0.593188
0.612476
-0.245643
0.874569
-0.704764
-0.977721
-0.005768
0.077914
-0.447432
0.174169
0.616871
-0.528245
0.057711
0.430158
-0.282144
-0.503952
-0.843257
0.927732
0.746757
-0.059114
0.851863
0.566088
0.066683
0.949095
-0.635426
0.394208
-0.249489
0.121677
0.975524
0.050508
0.681692
-0.759575
-0.369060
0.790887
0.380596
0.071200
0.522568
0.250587
-0.213660
-0.838374
0.814142
0.403974
0.804010
-0.500534
0.123203
0.766228
-0.681570
0.656606
-0.603381
-0.085665
-0.172033
-0.101108
0.450789
-0.221778
-0.324625
-0.119175
-0.791253
0.552232
0.477706
-0.345744
0.174841
0.440657
-0.398968
-0.067598
0.304239
-0.959838
-0.038789
-0.005585
0.944517
-0.587146
0.723380
0.124546
0.240638
0.499863
-0.783380
-0.337199
-0.881283
-0.729911
-0.566149
-0.953795
-0.286660
0.327860
0.330058
-0.796564
0.234046
0.143223
0.695547
-0.743034
0.499191
-0.632008
0.747063
0.389996
-0.691885
-0.977905
0.050874
-0.863582
0.282754
0.365520
-0.923887
0.530381
-0.947752
0.843074
0.921140
0.989990
-0.846797
-0.028779
-0.844050
0.158300
0.806269
0.489853
0.835261
0.084262
-0.053804
-0.193579
-0.240516
-0.694327
0.686758
0.921445
0.105564
0.971679
-0.616138
-0.758660
-0.661916
0.132664
0.473128
-0.007782
0.966735
-0.799188
-0.151097
0.412702
-0.983215
-0.859188
0.690359
0.579272
-0.103000
0.607959
-0.558702
0.095126
0.357280
-0.639698
-0.660573
0.208045
-0.529160
-0.449263
-0.156407
0.590136
0.510300
-0.078097
-0.924375
0.577807
0.439558
-0.766778
0.803705
0.423750
-0.422346
-0.862178
-0.008576
-0.621754
-0.778314
-0.781671
-0.625721
-0.539048
-0.874081
-0.468490
-0.391156
0.290811
0.077914
-0.752251
-0.288553
-0.436872
0.224647
-0.715323
-0.845271
-0.876034
0.739555
0.097629
0.935850
-0.332072
-0.801386
-0.009369
0.383221
0.530015
0.792291
-0.631153
0.649281
0.404706
0.617664
-0.164953
0.983215
0.584704
-0.783441
-0.146092
0.244240
-0.503403
0.943968
0.958373
0.918516
0.384320
0.623280
-0.587268
-0.529588
0.136937
-0.749016
0.441267
-0.634571
-0.721244
-0.133030
0.614429
-0.991028
0.477889
-0.661733
-0.766594
-0.591479
-0.255287
-0.154942
0.856746
-0.903256
-0.977233
-0.842463
0.165075
0.691702
0.931822
0.235084
-0.797052
0.271706
0.996460
-0.604602
-0.431379
-0.997070
0.574572
-0.100497
0.733695
-0.458357
0.646718
-0.758049
0.694266
-0.127659
-0.527757
-0.550707
0.257057
-0.571825
-0.615101
-0.531602
-0.259987
0.989563
-0.950926
0.801141
0.152501
0.064119
0.306497
0.701956
0.712760
-0.343181
0.969848
0.624500
-0.676077
-0.782220
0.301187
-0.163976
0.626453
0.687551
0.771172
-0.868770
0.777459
-0.496139
0.332743
0.302835
0.367901
0.576464
-0.256020
0.165502
0.236366
-0.658193
-0.523423
-0.608203
-0.002716
0.057100
-0.893368
0.656850
-0.876705
0.802118
-0.792352
0.757195
-0.843989
-0.084994
-0.004852
0.194128
-0.374981
0.314310
-0.123753
-0.793573
0.914670
0.108554
-0.232521
0.916257
0.682119
0.441816
0.719840
-0.058626
-0.388165
0.404889
-0.073885
0.282388
-0.361980
-0.077425
-0.259194
0.096835
0.297220
0.588244
0.821100
-0.366314
0.955992
0.516465
0.822565
0.340983
0.749443
-0.860042
-0.166051
0.720267
0.693228
0.193884
0.715262
0.898312
0.540269
-0.753227
0.217627
0.383587
-0.336650
0.406903
-0.969970
0.835994
-0.260659
0.718925
-0.158910
-0.935301
0.600696
-0.424360
-0.973083
-0.707633
-0.456221
0.415876
-0.528916
0.278481
-0.609790
-0.237220
0.090915
-0.322245
0.900815
-0.936827
0.718986
0.879879
-0.904294
0.592578
-0.680593
-0.926756
-0.997803
-0.577258
-0.440962
-0.076876
0.122044
0.412152
0.355876
-0.901181
-0.587756
-0.524644
-0.985839
0.926023
-0.673757
-0.921140
-0.354167
0.041414
0.839045
0.688101
-0.020112
0.610401
-0.290689
-0.550096
-0.462630
-0.574145
0.668630
0.576769
-0.147313
-0.282815
-0.896908
0.666250
0.544725
0.590442
0.544053
0.568468
0.829768
0.090670
-0.810114
0.664541
