0.584338
-0.403790
0.524583
0.715690
-0.237526
0.081149
0.680837
0.269448
-0.443159
0.701712
0.549913
-0.916807
-0.733573
-0.876400
-0.691092
-0.098910
0.097201
-0.383099
-0.057588
0.549425
-0.615223
-0.223304
-0.776543
-0.022370
-0.224952
-0.602405
0.731132
0.168188
0.022858
-0.487838
-0.982299
-0.546007
0.750969
0.757378
0.483077
-0.744072
0.898801
-0.143406
-0.796381
0.424177
0.261391
-0.061678
0.871029
-0.301126
-0.165502
-0.445784
0.501205
0.354350
0.511521
0.182043
0.227577
0.495346
0.417280
-0.601978
0.205542
0.359172
0.873287
-0.888607
-0.451033
-0.267190
-0.390179
-0.344035
-0.075411
0.305216
0.910520
0.980590
0.182958
-0.175573
0.283120
0.244667
0.319254
-0.417463
-0.069430
-0.823420
0.709952
-0.292032
-0.593127
-0.402326
-0.214331
0.725761
0.402509
0.838557
-0.733451
-0.425214
-0.831111
-0.663442
0.532090
-0.938047
0.168004
-0.564074
0.116428
-0.378155
0.730583
-0.781976
0.372967
-0.796503
0.927549
-0.071932
0.705313
-0.619312
0.741264
0.618152
-0.366802
0.397076
0.337565
-0.817316
-0.689077
0.227882
-0.173681
0.235328
0.198035
0.529588
-0.424055
0.103183
-0.819575
-0.769646
0.652394
-0.837153
0.413617
-0.736930
0.235939
0.006500
0.687307
0.173742
0.599353
0.505844
-0.148228
-0.651357
-0.070162
0.165319
0.416913
-0.025178
0.928892
-0.116245
-0.903806
-0.977721
0.424482
0.693716
-0.132420
-0.091037
0.653249
0.973632
-0.743278
-0.613025
0.392254
-0.635487
-0.743034
0.292398
-0.690298
-0.283242
0.874874
-0.677175
0.905454
0.939451
0.744377
0.773675
-0.683584
-0.471541
0.121677
0.571947
0.755058
-0.175146
0.632191
-0.380047
0.371258
0.406232
-0.971740
-0.814203
-0.879940
0.675893
0.628834
0.693411
0.959105
-0.149083
0.391461
-0.387555
-0.661428
-0.862178
-0.967956
-0.073580
-0.874203
-0.833369
-0.650990
0.415693
0.460982
0.543077
0.598621
0.431867
-0.326762
-0.838435
0.466292
-0.879757
-0.334635
-0.687735
0.598743
-0.526658
0.964171
0.129368
-0.376812
0.909665
0.902036
0.475021
-0.775323
-0.632008
0.842830
-0.646779
0.438032
0.991272
-0.137181
0.018281
0.499435
-0.666677
-0.963073
0.778680
-0.562426
0.300943
-0.353984
0.861812
0.399030
-0.281838
-0.330241
-0.784173
-0.430036
0.399823
-0.474227
0.525620
-0.058199
-0.643300
0.032991
0.116245
-0.942015
0.022065
-0.439070
-0.041658
0.218726
-0.557299
-0.789972
-0.339030
0.969665
0.625355
0.472762
0.708243
0.981994
0.387371
0.236610
-0.672170
-0.043306
-0.249489
-0.667470
0.504990
-0.223670
0.154027
0.393170
-0.261391
-0.401288
0.728324
-0.883847
0.967223
-0.927610
-0.880306
0.992309
0.976012
0.069369
0.547655
-0.559435
0.862789
-0.309915
-0.227332
-0.027497
-0.447066
-0.486801
0.731376
-0.603259
-0.543321
-0.337382
0.401593
0.804071
-0.147313
0.244789
0.792779
0.980285
-0.994751
-0.219031
-0.385662
0.220252
-0.030732
0.973937
-0.189978
-0.780267
0.871456
-0.945250
0.933409
0.241371
0.547411
-0.284585
0.978149
0.097812
0.406537
0.808527
-0.889218
-0.783319
0.950499
0.658010
-0.616321
0.215369
-0.673086
-0.465438
0.199561
-0.840693
0.098239
-0.054415
-0.041963
-0.172399
-0.151769
-0.377178
0.967162
-0.962951
-0.957091
-0.410504
0.189062
-0.852962
-0.678457
0.024201
0.329752
0.733573
0.971068
0.129429
-0.856380
0.846309
-0.189001
0.050630
0.849910
-0.129124
0.461104
0.503708
-0.220130
-0.968627
-0.279702
-0.989685
-0.956786
-0.798761
-0.068331
-0.341594
-0.595874
-0.597949
-0.667348
-0.383526
0.105014
0.945921
-0.364299
0.781243
-0.103305
-0.551622
0.051546
0.377667
-0.427961
0.528062
0.758782
0.941771
-0.014008
-0.567125
-0.825922
-0.324503
0.206946
0.790948
-0.502915
0.695181
-0.284280
-0.992553
0.375469
0.303446
0.492843
-0.549547
-0.874996
0.288125
0.946593
0.978881
-0.832820
-0.460067
0.420759
-0.762810
-0.528550
0.981323
-0.116611
0.056429
0.566637
-0.003815
0.223853
-0.981628
-0.092013
0.887936
0.805170
0.742790
-0.927000
0.411542
0.059053
-0.596362
0.810480
-0.220435
0.197668
-0.467513
-0.191443
0.136814
0.979858
-0.494980
-0.187780
-0.449751
0.167211
0.188025
-0.605945
-0.265847
0.132786
0.728446
0.294046
0.258950
0.060579
0.661611
-0.348491
-0.755974
0.813166
-0.088168
0.227577
0.656545
-0.650380
-0.463790
0.183996
0.837825
0.626148
0.824763
-0.950316
0.712333
-0.728446
0.287820
0.468062
0.556444
-0.694021
-0.092257
0.515183
-0.963622
0.069369
0.469893
-0.322489
-0.124058
-0.351115
0.896970
-0.044588
0.251320
-0.277078
0.292764
0.622547
-0.242347
0.555406
-0.665090
-0.983032
0.050813
-0.539781
-0.968688
0.361980
0.313089
-0.805780
-0.469222
-0.642567
-0.296793
0.028230
0.189489
-0.703726
0.590442
-0.970153
0.259316
0.596912
-0.106662
0.910947
-0.373394
0.782586
-0.662404
-0.580004
-0.584948
-0.042024
-0.139256
-0.458357
0.371380
0.593371
-0.797479
0.934812
0.541856
0.091586
0.259926
0.007050
-0.792474
0.399091
-0.790704
-0.945677
0.109348
-0.627674
-0.441267
-0.806269
-0.854671
-0.128574
-0.943541
-0.408429
0.792962
-0.057772
0.964721
-0.511948
0.341594
0.108737
0.447127
-0.473922
0.811518
0.991272
-0.266030
0.828364
-0.121067
0.765618
-0.618885
0.243629
0.277810
-0.808832
-0.652882
0.143345
0.366558
-0.241127
0.209449
0.299661
-0.170934
0.931028
0.167760
-0.177831
0.104465
-0.363750
0.180517
-0.829096
0.707633
-0.365337
-0.640126
0.589526
-0.857356
0.390606
0.358135
-0.418989
0.151952
-0.637013
0.082186
-0.734184
0.443525
0.217750
0.781060
-0.927427
-0.790155
-0.850459
-0.479293
-0.032136
-0.979553
0.721976
-0.668447
-0.994629
-0.466659
0.342387
-0.504440
-0.381207
-0.316568
-0.060823
-0.781121
0.264138
0.495041
0.210425
0.735466
-0.101169
0.531541
-0.051607
-0.381451
-0.000763
0.489731
0.317789
0.632740
-0.551439
0.179601
0.052583
0.384991
0.205054
-0.895993
0.271767
-0.089694
-0.904782
-0.565661
-0.858577
-0.654958
-0.306253
0.981750
-0.024506
-0.399152
-0.420392
0.527879
-0.731132
0.325541
-0.506943
-0.687368
-0.046480
-0.492172
-0.007660
0.454878
-0.229652
0.555406
0.133885
0.167638
-0.958190
0.012238
0.695853
0.709098
0.767937
-0.548509
0.775567
0.059053
0.898740
-0.931700
-0.015839
-0.497360
-0.256081
-0.430403
-0.041231
-0.134617
0.778619
-0.060762
-0.160558
-0.206091
0.764824
-0.037507
-0.286294
0.487472
0.613330
-0.138768
-0.532640
0.288797
-0.011994
-0.688284
-0.371380
-0.603015
-0.988220
0.483322
-0.237037
0.233131
0.878964
-0.937925
-0.445540
-0.958678
-0.192724
0.280007
0.955931
-0.032014
-0.380291
0.123753
-0.086093
0.211035
-0.721427
-0.344829
-0.627918
-0.576830
0.115696
0.882565
0.300638
0.473922
-0.347453
0.971801
-0.969115
-0.123325
-0.357646
-0.423566
0.635731
-0.803095
-0.817377
-0.592700
-0.048799
0.628224
-0.293619
-0.124668
0.153722
0.475509
-0.049593
-0.106052
0.050813
-0.302469
-0.304056
-0.127781
0.506149
0.580676
0.284097
0.221046
0.115513
-0.544298
-0.108798
-0.536546
0.891354
0.025605
-0.702261
-0.650746
-0.251320
0.083712
-0.594104
-0.398602
0.763848
0.047639
-0.613086
0.697623
0.495895
-0.609607
0.346721
0.906247
0.935911
0.159764
0.771294
0.809259
-0.946471
0.303262
0.838069
-0.841304
0.774407
0.730033
-0.564135
0.827570
0.079684
-0.087985
-0.036775
-0.544969
0.340617
-0.503098
0.003937
0.301248
-0.960387
-0.006745
-0.134434
-0.457564
0.846553
-0.512741
-0.048799
0.933287
-0.639088
0.165441
-0.021943
-0.765923
-0.428205
-0.755547
0.945494
0.583483
0.148350
-0.611560
-0.796625
-0.984313
0.172399
-0.393353
0.729911
-0.378704
0.359416
0.053987
-0.909970
-0.926817
-0.162999
-0.417890
-0.349528
0.394696
0.260353
-0.740165
-0.383099
-0.317606
0.802606
-0.023041
-0.273232
0.945189
0.892880
0.280251
0.765557
-0.772454
-0.934324
0.461043
0.604663
-0.666494
-0.903378
-0.336406
-0.480758
-0.524949
0.527696
0.560411
0.382122
0.765007
-0.960570
-0.389569
0.873165
0.832453
-0.668630
-0.781549
-0.664968
-0.304666
-0.041536
0.599475
0.666494
0.719901
-0.516953
-0.180761
0.009613
0.594958
-0.640919
-0.153172
-0.068270
-0.998657
0.961974
0.312235
-0.023103
-0.148900
-0.708426
-0.190283
0.689810
-0.053072
0.083163
-0.783441
-0.504868
-0.748589
-0.102451
0.570605
0.291360
0.420270
0.161351
0.511032
-0.050691
0.980468
-0.677175
0.981628
0.861812
-0.092990
0.551866
-0.168737
0.546556
0.201697
0.943968
-0.894162
-0.075045
-0.386334
0.634571
0.766411
0.387616
-0.196692
-0.889096
-0.285989
-0.198584
-0.299722
0.072726
-0.527329
0.903562
-0.453413
0.727897
-0.707938
-0.138768
0.472823
-0.686758
0.618397
-0.819575
-0.653005
0.873226
0.180456
-0.104770
-0.731498
0.637745
0.315592
-0.634388
-0.166784
-0.720023
0.497665
-0.806635
0.950438
0.678762
0.654469
-0.078036
-0.220008
0.535630
-0.632435
0.030610
-0.254555
-0.634205
0.110019
-0.183569
0.428083
0.874264
-0.449202
0.741081
-0.143162
-0.420270
-0.549303
0.718131
0.304056
0.177465
-0.636891
-0.690237
0.900693
-0.539903
0.973571
-0.180090
0.506577
0.532395
-0.588061
-0.250587
-0.497482
0.192053
-0.443831
0.199011
0.151524
0.555528
-0.071688
0.436445
0.690725
-0.180639
-0.187902
0.083712
0.563646
0.951170
-0.400250
-0.912595
0.878414
-0.752129
0.013215
0.006378
0.329875
-0.113926
0.123936
-0.773064
0.214026
-0.675954
0.085665
-0.726615
-0.378643
-0.647206
0.944884
0.377606
0.184912
-0.268288
0.775140
0.902036
-0.986084
0.955870
-0.064058
0.116916
0.909421
0.960143
0.317301
0.729240
-0.284158
0.586108
0.900571
0.662160
-0.830256
-0.244606
-0.571093
0.487289
-0.728568
-0.443281
-0.598621
0.261879
-0.243263
-0.489975
0.843867
0.107212
0.873592
0.693838
0.332438
-0.626514
-0.725394
0.524949
-0.267861
-0.052095
0.135289
0.624073
-0.871395
-0.389264
0.291421
-0.945921
-0.916623
0.005829
0.748222
0.993591
-0.570482
-0.248146
-0.965758
-0.844050
-0.300455
-0.402081
-0.198035
-0.222083
-0.913938
-0.189367
-0.100070
-0.079928
-0.463118
0.451460
0.617176
0.531968
-0.170507
-0.472091
-0.582873
0.842647
-0.709342
0.299905
0.191748
-0.541795
-0.610096
0.333842
0.441572
-0.928098
-0.629261
-0.910520
0.989380
0.655568
-0.073214
0.956359
-0.288491
0.790033
0.109470
-0.842036
0.584582
0.256752
-0.202551
0.274941
-0.259499
0.521104
0.511887
0.733268
0.070589
-0.293374
-0.299112
-0.227454
0.312906
-0.495407
0.421125
-0.206824
0.919553
0.234657
0.713981
0.202124
-0.191748
0.655629
0.188818
0.638478
0.267495
-0.162755
0.230811
0.456526
-0.042695
-0.788629
0.817988
-0.163366
-0.868770
-0.416181
0.725333
-0.426374
0.503037
-0.040315
-0.054781
-0.278603
0.737480
0.160985
0.927976
0.298013
-0.939512
-0.779595
0.891415
0.603626
-0.752434
0.133335
0.598498
-0.288369
-0.562548
-0.650868
-0.134129
0.071139
0.930601
-0.070650
0.491440
-0.121616
0.083346
0.044771
-0.492538
0.587939
-0.483810
0.494675
-0.622364
-0.747185
-0.977477
-0.469527
0.757500
0.312235
-0.246254
-0.192969
-0.713492
-0.368694
-0.979675
-0.030427
0.165685
0.657460
0.116062
-0.837214
0.393170
0.117954
-0.039521
-0.009003
-0.694571
-0.969787
-0.835810
0.002228
0.394940
-0.494552
-0.967772
0.048433
0.751396
-0.457991
-0.940245
-0.289163
0.937803
0.819514
-0.056185
0.866634
-0.379376
-0.363262
0.276406
0.976318
-0.563829
-0.337260
0.862911
-0.371990
0.027070
0.435408
0.182287
-0.035249
0.259133
0.630360
0.941465
0.780267
-0.924558
0.913083
-0.213294
0.643422
-0.778558
-0.285623
-0.559618
-0.302530
0.185095
0.225990
-0.021271
0.046907
0.636097
0.848445
0.557726
0.050691
-0.336161
-0.095614
-0.450789
-0.540757
-0.512436
-0.355022
-0.623646
-0.799127
0.477889
-0.970397
-0.702628
0.265297
-0.566820
-0.072176
0.300882
-0.925962
0.552293
-0.565661
0.036531
0.631336
0.000397
0.079134
0.051912
0.258339
-0.365154
0.769280
-0.850459
0.496811
0.337077
0.017731
-0.683279
-0.333110
-0.946532
0.767144
0.823542
0.479476
0.713981
-0.286477
0.493271
0.566820
0.530869
0.643300
-0.308206
-0.889279
-0.132603
0.046175
-0.068819
-0.723563
0.054964
0.390057
-0.764092
-0.036836
0.140294
-0.944761
-0.605945
0.838191
-0.470931
-0.104282
-0.495285
0.529099
0.612476
0.860897
-0.538743
0.958800
0.240394
-0.248207
0.077914
0.855770
-0.368694
-0.538072
-0.597888
0.474410
0.829585
0.012543
-0.560228
-0.146580
0.626637
0.430097
0.952818
0.482711
-0.669179
-0.118503
-0.619495
-0.635426
0.793023
0.356975
-0.226661
-0.212989
-0.435835
-0.331400
-0.759575
-0.369060
-0.541490
0.995544
-0.466231
0.522568
-0.500473
0.743034
-0.535508
-0.993103
-0.861263
-0.557421
0.478744
0.736503
0.576586
0.633961
-0.679800
-0.600574
0.485824
-0.108737
0.995911
0.460799
-0.221778
0.816584
-0.196265
-0.356365
0.955992
0.769951
0.995056
0.995666
0.440657
-0.967650
0.708182
-0.071566
0.966857
0.239845
-0.913205
0.944517
-0.077425
0.298013
-0.417402
-0.255226
0.499863
-0.855770
-0.682119
0.842830
-0.419477
0.745659
0.871456
-0.905210
-0.273293
0.330058
-0.493515
0.234046
0.143223
0.040620
-0.715323
0.922239
0.512314
0.274392
0.557299
0.901120
-0.925840
0.050874
-0.863582
-0.337138
0.365520
-0.923887
-0.832148
-0.947752
0.491501
0.144322
0.989990
-0.846797
-0.028779
-0.844050
0.472274
0.744377
0.489853
-0.116245
0.969787
-0.053804
-0.193579
0.254128
-0.165502
-0.146336
-0.543138
0.016022
0.130467
-0.616138
0.018952
-0.661916
-0.454634
0.473128
-0.308390
0.966735
0.461165
-0.151097
-0.317667
-0.983215
0.781915
0.603137
-0.200842
-0.103000
0.123386
0.515610
-0.378521
-0.160375
-0.639698
-0.660573
0.732658
-0.629627
-0.375713
0.512192
0.590136
0.922300
-0.078097
-0.924375
0.026093
0.439558
-0.766778
0.284036
0.674245
-0.422346
-0.818354
0.706534
-0.717521
-0.760125
-0.894772
0.849910
0.994140
-0.283425
-0.552355
-0.391156
-0.025605
-0.901364
0.577685
0.393963
-0.759514
0.826777
0.293619
0.685293
-0.728813
0.739555
0.247047
-0.735527
-0.150914
-0.801386
0.164281
0.263283
-0.320780
0.455489
0.694266
0.254494
-0.991089
0.617664
-0.063387
0.983215
0.655507
0.478561
-0.707083
0.141270
-0.620167
-0.644154
-0.975036
0.585253
0.384320
-0.485885
0.912534
-0.151830
0.225745
-0.455794
0.871395
-0.588733
-0.906064
-0.953612
0.380596
-0.291177
-0.885006
-0.096286
0.273049
0.973937
-0.255287
-0.154942
0.856746
0.019623
-0.977233
0.159764
0.165075
-0.482345
-0.806940
0.235084
0.314249
0.271706
0.996460
-0.604602
-0.431379
-0.010529
0.929258
-0.100497
-0.446272
-0.517136
-0.760125
-0.758049
-0.666066
-0.847224
-0.567431
-0.818537
0.747307
-0.618152
-0.615101
-0.531602
-0.070284
0.918760
-0.950926
-0.038301
-0.271645
-0.181372
-0.272011
0.577807
-0.366741
0.990234
0.899533
-0.743095
-0.680593
-0.717154
0.301187
-0.927000
0.136692
0.657704
0.834040
-0.153294
0.777459
-0.496139
0.897641
-0.590930
0.367901
0.576464
-0.256020
0.013092
0.826228
0.358989
-0.150365
-0.185644
-0.305582
-0.759148
-0.954955
0.656850
-0.876705
-0.763848
0.386456
-0.301126
0.008637
0.260048
0.539109
0.194128
-0.374981
-0.161901
-0.249794
0.106540
-0.483016
0.108554
0.719901
-0.427107
-0.000092
-0.456526
0.670644
0.195471
0.457991
0.404889
0.565416
0.571276
0.595752
-0.077425
-0.259194
0.096835
-0.011444
-0.025117
0.821100
-0.366314
-0.276162
-0.743522
-0.528428
0.431806
0.791803
0.225379
-0.686636
-0.072420
0.717277
-0.875729
0.715262
-0.488998
0.540269
-0.079012
-0.725089
-0.679617
-0.336650
-0.651296
-0.969970
-0.043367
0.087313
-0.924375
0.261452
0.127354
0.437056
-0.687490
-0.145054
-0.231910
-0.333415
-0.543199
-0.799310
0.998718
-0.978515
0.620899
0.090915
-0.322245
0.387310
-0.812555
-0.651967
0.879879
-0.904294
-0.018708
-0.680593
0.706290
-0.963744
0.545335
-0.808832
-0.815546
0.714103
0.930052
-0.541429
-0.901181
-0.587756
-0.524644
-0.564135
0.926023
-0.803949
0.845637
-0.006684
0.756035
0.839045
0.318827
0.949156
0.610401
0.436079
-0.809320
-0.462630
0.212500
0.938414
0.576769
0.222327
0.864620
0.590503
0.666250
-0.711417
-0.352702
-0.817194
0.568468
0.829768
-0.788629
0.963866
-0.948668
