-0.528855
0.410443
0.559679
0.419477
0.047823
0.217322
-0.829829
-0.506272
-0.807733
0.485275
-0.259316
0.722831
0.819941
0.085116
0.129551
-0.839473
-0.342814
-0.156774
-0.633473
0.467330
-0.490280
0.698538
0.168493
-0.499313
-0.461653
0.555589
0.177770
0.711722
0.568896
0.195166
-0.303140
-0.514328
0.427290
0.943541
-0.278665
-0.569933
0.275796
0.481491
-0.542222
-0.418683
0.627308
0.753594
0.029328
0.255654
0.706412
-0.191687
-0.634877
-0.328227
0.052034
0.498398
-0.741752
0.235145
-0.805597
-0.116123
-0.503830
-0.386334
-0.017365
-0.228065
-0.378094
0.179357
-0.243324
0.996277
0.790826
-0.930784
0.384564
0.715873
0.007843
0.853877
-0.836848
-0.912961
-0.351970
0.292215
-0.826594
0.573840
0.412946
0.691824
-0.739067
0.263466
0.826350
-0.160070
0.229774
0.115757
0.593860
-0.686636
-0.710379
0.460250
-0.867977
-0.972594
0.561632
0.107395
0.632130
0.745598
-0.786431
0.416547
0.591601
0.977294
-0.984802
-0.391461
0.828425
-0.953795
-0.405377
-0.167943
0.374371
0.185034
0.194494
0.462569
-0.165868
0.840693
0.751030
-0.613575
-0.329020
-0.918882
0.049287
0.959777
-0.771477
0.807733
-0.683645
-0.032258
0.656911
-0.103610
0.202429
0.277505
-0.371136
0.314249
0.224036
0.384686
-0.881222
-0.839290
0.402570
-0.649342
0.459761
-0.393414
-0.991760
0.671010
-0.454329
0.099277
-0.637684
0.688406
0.692984
0.390118
0.366375
0.646840
0.298624
-0.276162
-0.698233
-0.451338
-0.515122
-0.717826
-0.679678
0.290628
0.964599
0.411481
0.428083
0.020234
0.820124
-0.847163
-0.518906
0.792535
0.472884
-0.951720
-0.626942
-0.752678
-0.216590
-0.023225
0.054598
0.704642
0.571581
-0.149876
-0.990417
0.070589
-0.336955
0.739067
-0.569933
-0.024384
-0.143101
-0.710929
0.580248
0.614734
-0.809870
0.903500
0.863277
0.917356
-0.239845
-0.407575
-0.218299
0.548936
-0.334574
0.359966
-0.249977
0.341472
-0.286294
-0.832636
0.773736
0.580615
-0.284768
0.181188
0.533982
-0.404950
0.140538
0.316691
-0.505356
-0.038179
0.818476
0.395917
-0.693899
0.402387
-0.963073
0.770318
-0.643849
-0.208106
0.542772
0.360698
0.975463
-0.333232
0.283364
0.497787
0.060579
-0.600940
-0.035737
0.857173
0.427107
0.900021
-0.948241
0.906735
-0.739494
0.881954
0.965148
0.193213
0.102939
0.995056
0.839595
-0.051729
0.179235
0.456221
-0.556444
0.949767
-0.751335
0.252663
-0.971984
-0.430891
-0.426923
-0.546983
-0.025666
0.607105
0.061312
0.012238
-0.095004
-0.411786
-0.163793
-0.086703
0.065828
0.491012
-0.405988
0.467513
0.651601
0.124119
0.824274
0.703970
0.937803
-0.713797
-0.132115
-0.375042
-0.478988
0.174841
-0.248756
0.499557
0.150121
0.909848
-0.883419
0.852657
-0.162328
0.722587
0.824335
-0.606738
0.973388
0.738578
0.237892
0.591113
-0.158300
-0.213538
0.042268
-0.725578
0.837519
0.960143
0.625050
0.246193
-0.117283
0.197790
-0.603015
-0.133580
-0.484115
-0.698233
-0.859798
0.185583
0.185217
-0.955260
-0.948119
0.615467
-0.639210
0.598560
0.915098
-0.519089
0.893124
-0.385907
-0.549181
0.392010
0.248085
0.940123
0.503220
0.469344
-0.647694
0.320536
0.976196
-0.787408
0.984313
-0.905332
-0.180822
0.728813
-0.946165
-0.716910
0.847407
-0.635365
-0.918271
0.814203
-0.184301
0.079257
-0.933470
0.551439
-0.708609
-0.870785
0.435957
-0.823298
0.024018
-0.539659
0.626698
0.875179
0.959288
-0.412824
0.838069
0.763054
-0.964293
0.732597
-0.965880
0.684256
0.081149
0.795831
-0.052095
-0.537400
0.863155
0.887020
-0.169408
-0.629810
-0.957762
0.281533
-0.315897
0.406598
0.543748
-0.118503
0.540941
0.960997
0.536424
-0.321329
0.629994
0.558885
0.219031
0.527329
-0.010834
-0.794122
-0.406476
-0.779901
-0.385052
-0.141820
-0.271950
-0.634205
-0.381390
0.231056
0.305338
0.953734
-0.280496
0.711295
0.402326
-0.581164
0.427046
0.030854
0.692434
0.572619
-0.778802
-0.007782
0.748772
0.163060
-0.662221
-0.569262
-0.450606
-0.298441
0.642018
0.142796
0.462874
0.195715
0.682241
-0.098666
0.384014
-0.027131
-0.215613
-0.608020
0.755669
0.670705
0.611255
-0.275002
0.661489
0.066622
-0.224891
0.016388
-0.997497
-0.145543
0.533494
0.402570
-0.903684
-0.530198
-0.792596
-0.196814
-0.013031
-0.294229
-0.854854
0.651051
-0.710807
0.397931
-0.250771
-0.653920
0.221839
0.594409
-0.963378
0.029145
-0.558763
-0.845943
-0.489364
0.111728
-0.206580
-0.395734
0.152379
-0.118503
-0.265542
0.384869
-0.117832
0.011139
-0.096469
-0.294717
0.250343
0.976684
-0.264138
0.184301
-0.957396
0.344523
-0.831843
-0.266274
0.619434
0.368267
0.206519
0.615101
0.284341
-0.525132
0.318400
0.509445
0.173681
0.164281
0.853267
0.059236
0.821589
0.743339
0.512009
0.429731
0.296304
-0.115146
-0.730461
-0.780816
-0.394757
0.944761
-0.883786
-0.128941
0.339396
-0.155797
0.888913
0.847407
0.334025
-0.498337
0.969665
-0.200903
-0.346355
-0.822260
-0.505295
0.145787
-0.690481
-0.929624
-0.439924
0.212622
0.609485
0.158361
-0.901120
-0.177343
-0.902951
-0.145054
-0.120518
-0.364849
0.135838
0.287149
-0.985229
-0.098727
-0.227760
0.070467
0.876156
-0.807672
-0.285867
-0.026215
-0.584033
-0.811945
0.182897
-0.399945
0.773064
-0.249489
0.324503
0.982788
-0.628346
0.687796
0.686575
-0.231910
0.328593
0.054720
-0.511155
-0.848201
0.248939
0.054537
0.570849
0.329936
0.388165
0.730155
-0.416974
0.631703
-0.716056
-0.596850
0.965514
-0.017243
-0.677541
0.581225
-0.616932
-0.493088
0.662587
-0.467086
-0.857784
0.878414
0.594287
0.002289
-0.045869
-0.920774
0.174291
0.658559
0.644642
0.521836
-0.196326
0.031526
-0.953795
0.201025
-0.589831
-0.343364
-0.753288
0.499802
-0.613330
0.626331
-0.888241
-0.630177
0.007599
0.939451
-0.007538
0.361919
0.245399
0.360271
-0.398358
0.836177
0.996338
0.875546
-0.408918
0.093844
0.655568
0.316263
-0.657033
0.920713
-0.396527
-0.935911
0.820002
0.400006
0.327311
0.158788
-0.515183
0.200110
0.265603
0.656056
0.207007
-0.485580
0.752312
0.906491
-0.462874
0.574084
0.031037
-0.244789
-0.821284
0.083224
0.164220
-0.955382
-0.992798
-0.846370
0.541185
-0.674856
0.602771
0.653615
-0.143223
-0.854610
0.907163
-0.516831
-0.888974
-0.820185
0.972228
0.290750
0.315043
0.070040
-0.145482
0.999634
-0.828913
0.193274
-0.446028
-0.981933
-0.480270
-0.941832
0.290933
-0.677297
0.454512
0.058321
0.483139
-0.186377
-0.037568
-0.216651
0.771905
-0.172155
-0.074496
0.717887
-0.395672
0.996887
0.078158
0.316263
0.066073
0.762078
0.985839
-0.160863
-0.190405
-0.013398
0.542833
-0.042451
0.254189
-0.184668
0.945311
0.806085
0.382488
-0.072726
0.545396
0.244667
-0.819391
-0.396283
-0.894589
0.217689
-0.968688
0.854976
-0.809565
-0.070223
-0.091525
0.032502
0.893002
-0.052583
-0.282815
-0.157506
-0.116855
-0.460250
0.928831
-0.612049
0.483993
0.422040
-0.647694
0.643483
-0.816950
0.219214
-0.760369
-0.590381
-0.473189
-0.902219
0.549486
0.805170
-0.211280
-0.698355
-0.451094
-0.879025
-0.050508
0.604297
-0.400128
-0.283364
0.328043
0.937437
-0.513474
-0.790948
0.599353
-0.641530
-0.109897
0.471419
-0.605152
-0.350322
0.777398
0.430708
-0.443342
0.443709
0.915525
0.260720
0.536241
0.309122
-0.860408
-0.922056
0.895199
-0.251259
-0.248085
-0.849605
-0.402448
0.814447
-0.860530
0.335673
0.154393
0.746269
0.952635
0.719535
-0.129490
0.111545
-0.938231
0.215857
0.666250
-0.748589
0.217383
-0.132847
0.565661
0.585192
-0.150365
0.338664
0.072542
-0.470626
0.207617
0.836360
0.046175
-0.768487
0.703543
0.862239
-0.106113
-0.783502
0.015168
0.617664
0.877255
-0.493332
-0.572436
0.413984
0.580493
0.736747
0.858577
0.820246
-0.426374
-0.880184
0.142796
0.785699
-0.406232
-0.063204
0.888668
-0.446883
-0.689261
-0.152013
-0.264260
-0.583361
0.074679
-0.262856
-0.425398
0.239540
-0.517136
-0.901791
-0.312418
-0.359111
0.096713
-0.968627
-0.261940
-0.862362
0.026948
0.960875
0.998962
-0.328471
0.248573
0.937681
-0.564501
0.053072
-0.273476
-0.457686
-0.596179
0.975219
-0.084628
-0.124607
0.098422
0.240089
-0.565416
-0.146092
-0.742912
0.156957
0.961730
-0.479904
0.362774
-0.389691
-0.789666
-0.872677
0.169347
0.930540
-0.176550
-0.428266
-0.848140
-0.865596
0.747734
-0.455428
-0.408673
-0.682791
-0.841304
-0.793939
0.997070
0.641896
0.989196
-0.578112
0.787652
0.963195
-0.690237
-0.295816
0.648854
0.778191
0.426618
0.004425
-0.497726
0.575060
-0.238014
-0.754570
0.349406
0.367046
-0.923154
-0.099399
-0.224708
-0.080050
-0.403668
-0.618397
0.214026
0.803827
-0.822748
0.032563
-0.281777
-0.341777
-0.601978
0.574023
-0.935850
0.945860
-0.966369
-0.775872
0.595935
0.872982
0.294351
0.135594
0.950438
-0.503464
-0.613941
-0.702078
0.225196
-0.099399
-0.393963
0.862667
0.882015
-0.228675
0.071871
0.173132
-0.546739
0.792230
-0.608814
0.979492
0.238868
-0.444319
0.908444
0.403607
0.275674
0.096225
-0.263527
-0.609607
-0.284524
-0.984375
-0.949339
-0.099643
0.994690
-0.536363
0.389325
-0.788018
-0.793573
0.328104
-0.041536
-0.614673
0.515915
-0.539354
-0.574450
-0.846614
0.383038
0.068636
-0.003510
0.819575
-0.825373
0.661916
0.887570
-0.041169
0.339030
0.314920
-0.949522
-0.531480
0.660146
0.649464
-0.286843
0.241005
0.010163
0.987671
-0.280679
-0.092257
0.775506
-0.481552
0.052889
0.535691
-0.963744
-0.211463
0.183081
0.160985
0.500290
0.082614
0.569079
-0.391034
0.715384
-0.660634
-0.015412
0.020539
0.661733
-0.533250
-0.823359
0.772454
0.782586
0.054903
0.452742
0.056551
0.283059
0.303507
0.211890
0.390851
-0.680593
0.184851
-0.192114
0.082247
0.640309
0.792291
-0.945189
-0.883908
0.702811
0.728385
-0.505905
-0.378582
-0.691031
0.067232
-0.426740
-0.594287
-0.119785
0.910642
-0.931455
0.846797
0.121250
0.790033
-0.947386
-0.063814
-0.787652
0.004791
0.068392
0.832331
-0.477218
-0.584155
-0.919004
0.079623
-0.666189
0.311136
0.460067
-0.344951
-0.069002
0.082858
0.607593
-0.692495
-0.347697
-0.673818
-0.687796
0.668142
-0.980346
-0.109714
0.706839
-0.314432
-0.646290
0.877316
-0.592883
0.851436
0.979614
-0.278237
-0.059664
-0.677969
-0.624439
0.601672
0.490524
-0.092502
-0.135411
0.547716
-0.546800
-0.951903
-0.942137
-0.347697
0.066256
-0.210059
0.506943
0.341594
-0.642994
-0.317545
0.993591
0.918882
0.346843
-0.313456
-0.170324
0.941282
-0.652821
0.082369
-0.439680
0.551805
-0.206336
0.054720
0.397687
0.749565
0.471969
0.461898
-0.893307
0.036836
-0.563341
0.473617
-0.248817
-0.510727
0.831355
-0.830561
0.417768
0.114109
0.891110
0.023835
-0.102695
0.993103
-0.832087
-0.115757
0.049715
0.936277
0.598437
-0.296304
0.344584
0.407453
0.772881
0.236671
-0.806391
0.297952
-0.635182
0.686331
0.800653
0.936460
-0.113132
0.935118
-0.885006
-0.874447
-0.268044
-0.663869
-0.531053
-0.504868
0.003449
-0.505905
0.323038
0.215552
-0.678640
0.319010
-0.899350
-0.017731
-0.892331
-0.127293
0.429365
0.860408
0.925474
0.125217
0.105930
0.219153
0.249916
0.022248
-0.930357
-0.540941
-0.433088
-0.118809
-0.805536
-0.067904
-0.110508
0.120762
-0.424909
-0.735771
-0.946226
0.532640
-0.675161
-0.343303
0.201270
-0.476669
-0.107700
0.464217
0.492965
0.500534
0.926511
0.327189
0.723502
0.812555
-0.937742
0.047639
0.196142
-0.141331
0.264809
0.578722
0.153294
-0.567370
-0.211707
-0.684378
0.151585
0.712455
-0.040132
-0.151891
0.519578
-0.370769
-0.062227
-0.346110
0.713065
-0.914853
0.909238
-0.664296
0.010468
-0.269265
0.606677
-0.951659
0.311197
0.972411
0.270913
-0.609363
-0.344157
0.394879
-0.032991
0.796503
-0.456343
0.058260
0.274331
-0.085604
0.375835
0.577136
0.931272
0.397809
-0.210059
0.057405
0.583361
0.685354
0.967772
0.793451
-0.429426
-0.743461
0.178564
0.370281
0.971313
-0.427290
0.235084
-0.049837
-0.737724
0.388226
-0.658742
0.599170
0.865719
0.516404
-0.624073
-0.603198
0.045991
0.962767
0.680105
-0.010834
0.955931
0.740959
0.345683
0.493576
0.157262
-0.690115
-0.144200
-0.480636
-0.694021
0.313395
-0.411176
-0.629627
-0.761406
-0.920042
-0.284829
0.031098
-0.777886
0.735160
-0.343791
-0.181127
-0.629749
-0.233375
0.163793
-0.986084
0.643117
-0.588794
-0.237709
-0.602527
0.751946
-0.746941
-0.847468
-0.679373
-0.723685
0.053072
-0.022919
0.088717
0.370830
-0.794916
0.639332
0.420576
0.244179
-0.187414
-0.582385
0.942930
-0.504929
-0.291116
0.550707
0.034089
0.750481
0.882504
0.072237
-0.153905
0.513230
0.509568
-0.569323
-0.764458
0.212195
0.297403
0.557543
0.385052
-0.987854
0.169347
0.992248
0.212195
-0.471664
-0.069735
0.372723
-0.531419
0.240272
-0.724784
0.847224
-0.617664
0.920347
-0.784173
-0.834773
0.794733
0.183203
0.381390
-0.690664
0.008820
-0.787347
-0.003876
-0.733695
-0.614795
0.806391
0.939390
-0.117649
-0.314310
0.704947
0.908628
-0.737297
-0.306314
0.321635
0.350383
0.972289
-0.915647
0.161657
-0.978454
-0.251564
0.506943
0.791131
0.008942
-0.527818
0.310343
0.315714
0.816889
-0.596301
0.427473
0.271340
-0.156346
-0.036775
0.077364
-0.203711
0.977783
0.926756
-0.637196
-0.606128
0.748955
0.769158
0.733757
0.684744
-0.869015
-0.788141
-0.026887
-0.383038
0.828974
0.008148
0.203589
0.756462
0.550462
0.070711
-0.146153
-0.258339
0.554064
-0.963073
0.370891
-0.446272
0.966369
-0.489914
-0.877255
0.713187
0.831599
0.507187
-0.886410
0.768548
0.430708
0.586352
0.862239
-0.769280
0.563280
0.357830
-0.540391
0.499252
-0.442793
-0.634510
0.632496
-0.027741
-0.199866
-0.641713
-0.239113
-0.021393
-0.456954
0.085482
0.446760
-0.464522
0.765374
0.983642
0.601733
0.060945
-0.650807
-0.600574
0.377422
0.916501
0.067965
0.907346
0.759697
-0.480270
0.137547
-0.543016
-0.532090
0.193884
0.094089
-0.012665
0.960509
-0.825190
0.828181
-0.156652
0.332255
-0.856319
-0.411725
-0.295328
0.104343
-0.600085
-0.403912
0.052705
-0.986938
-0.875851
0.183203
0.831721
-0.590258
0.363506
0.542222
-0.204016
-0.918760
-0.034944
-0.426618
0.683157
-0.413434
0.734001
-0.502731
-0.787042
0.770562
-0.748955
0.239662
0.800104
-0.841853
-0.021271
-0.227271
0.231666
0.950743
-0.818720
-0.232032
0.607288
0.250649
-0.271096
-0.806940
0.489425
0.860958
-0.448531
-0.670156
-0.489608
0.385113
0.580065
0.200537
0.492538
0.529710
0.721427
-0.671987
-0.169347
-0.276894
-0.296976
-0.106967
-0.932188
0.336039
-0.808954
0.863521
-0.556688
0.726737
-0.938414
0.987304
0.629261
-0.265969
0.021699
0.459212
0.319742
-0.709342
-0.259621
0.007721
0.318400
-0.606189
0.912229
-0.637196
0.325480
0.602527
0.075777
0.681814
-0.380291
0.459700
-0.058931
0.603992
-0.342082
-0.908506
0.187597
0.320780
0.759758
0.313089
0.399091
-0.231788
-0.074007
0.170141
0.892331
-0.662770
-0.843684
-0.906003
0.242470
0.255898
-0.828486
-0.731193
-0.491806
0.006806
0.192785
-0.258644
-0.348857
0.337321
0.130467
-0.413617
0.840571
0.887509
-0.859859
-0.823908
0.737114
0.330241
-0.764885
-0.883908
-0.417341
0.115940
0.035554
-0.132969
-0.306681
-0.259072
0.355632
-0.774407
-0.532090
0.645192
0.613514
0.982604
-0.502670
0.851558
-0.803888
-0.530503
0.635426
0.265786
-0.673696
0.082553
-0.536119
0.763787
-0.909238
-0.966857
-0.500046
0.494125
-0.317484
-0.362163
0.655141
0.342631
0.525193
-0.760247
-0.156896
-0.917478
0.921628
-0.151463
0.266945
0.870785
-0.455672
-0.673208
-0.528001
0.353557
-0.127171
-0.273782
-0.704337
-0.212989
-0.681814
0.763421
-0.503037
-0.855220
0.565172
-0.199011
-0.664907
-0.892148
0.480819
0.893979
0.102329
-0.052461
0.255104
0.071139
0.470504
-0.800348
0.734916
-0.098239
-0.533311
0.204993
-0.232093
-0.750175
0.818842
0.154759
0.694388
0.285501
0.608081
0.700125
-0.697928
0.634693
0.419660
0.888485
0.069308
-0.162938
-0.891354
0.710013
0.645924
0.048982
-0.765007
-0.058321
0.128636
-0.864803
-0.903073
-0.293435
0.167211
0.055330
-0.113620
0.863277
0.518784
-0.170080
0.857173
-0.342692
0.470870
-0.411176
-0.609729
0.348247
-0.753105
-0.720939
-0.414167
-0.550401
