-0.557482
0.853084
0.822443
0.460189
-0.946959
-0.023957
-0.144932
0.585620
0.241859
-0.634877
-0.586047
-0.217750
0.071627
0.884457
0.378094
-0.287820
0.185461
0.777215
0.896420
0.997009
0.045869
0.358013
0.713492
-0.103061
-0.493942
-0.071200
-0.508286
-0.746941
0.975768
0.633656
-0.531419
-0.156774
0.716849
-0.708487
-0.783074
0.965514
0.808161
0.778130
-0.657460
-0.347636
-0.308206
0.323099
-0.842586
0.379009
-0.405683
-0.289163
-0.666921
0.322306
-0.751762
-0.261208
-0.764580
0.193335
0.481368
0.908078
-0.523606
0.410199
0.178076
-0.285440
-0.224097
0.686392
0.748283
-0.830744
-0.808771
-0.249062
-0.784051
0.652028
0.704520
-0.396832
-0.522324
-0.354411
0.147496
-0.848384
0.271645
0.352458
-0.823725
-0.025971
-0.614368
0.687674
0.001007
0.331034
-0.297159
0.449568
0.423444
-0.225806
-0.950011
0.305643
-0.779962
-0.056429
-0.782830
0.094211
0.217383
-0.627674
0.348552
-0.785577
-0.948973
0.691641
-0.368267
-0.503647
0.761467
-0.269936
-0.174047
0.824213
0.190771
0.078585
0.528611
-0.577502
0.065157
-0.191809
0.162633
-0.400861
0.587268
0.730033
0.183264
0.743583
0.071871
-0.813898
0.019623
-0.843135
0.902707
-0.089999
0.942198
-0.967406
-0.225562
-0.849483
0.038789
-0.231788
-0.769463
-0.727897
-0.850459
-0.195837
0.990722
0.331156
-0.562975
0.734733
-0.844295
0.303995
0.844295
-0.338908
0.099399
-0.197363
-0.684866
0.210364
0.896054
-0.104892
0.022980
-0.574633
0.227638
0.803400
-0.284341
-0.210974
-0.271157
-0.752251
-0.504135
-0.442061
0.065340
-0.244423
-0.287820
-0.404462
0.029206
0.760918
0.099826
0.957640
-0.774712
0.887387
0.274331
0.289712
-0.047029
-0.288003
0.485824
0.250832
-0.877743
-0.095553
-0.011933
-0.395062
0.305704
-0.901547
0.991150
-0.132786
0.444746
-0.766289
-0.943785
0.205969
-0.282632
0.774651
0.398602
-0.875240
-0.458480
0.731864
0.965453
0.342692
-0.607898
0.481307
-0.265236
-0.750786
-0.887997
0.344218
0.855953
0.877499
-0.130284
0.087252
0.123936
-0.239051
-0.400006
-0.803156
-0.854671
-0.893307
-0.263222
0.681936
-0.631520
-0.811396
-0.256996
-0.408368
-0.913877
0.641774
-0.135716
-0.768303
-0.294473
-0.202979
-0.299478
-0.930906
-0.780328
-0.137242
-0.957274
-0.192846
0.944823
-0.763115
-0.437666
-0.745293
0.279153
0.107517
-0.042329
0.833674
-0.805963
-0.760735
-0.840999
0.428938
0.374554
-0.122837
-0.807184
0.845637
0.423750
-0.790521
0.616260
0.731315
0.883908
0.406537
0.435163
-0.177221
-0.892697
0.620533
0.256508
-0.436323
0.311686
-0.993408
0.075716
-0.591479
0.894833
0.612354
0.738639
0.757195
-0.983032
-0.081027
-0.940550
0.418195
-0.661061
0.108676
0.947386
-0.924192
-0.330912
0.048006
0.395611
0.121616
0.130039
-0.250343
-0.132603
-0.390118
0.024751
-0.116245
-0.040254
-0.094455
-0.646046
0.250954
0.059664
0.705252
0.058992
0.499191
-0.141148
-0.559557
-0.204688
-0.447615
-0.223609
0.782159
-0.772454
0.356304
-0.798700
-0.694937
0.620106
0.692801
-0.199561
-0.253395
-0.315897
0.507370
-0.895688
0.297281
-0.682608
-0.752800
-0.327677
0.299112
0.061678
-0.852107
0.815180
-0.990051
-0.208533
0.047945
-0.852229
-0.593738
-0.573717
-0.377789
-0.455061
0.844050
0.907468
0.659597
-0.959899
-0.563341
-0.718863
-0.196203
-0.895871
0.508713
0.510422
-0.827204
0.854671
-0.396832
-0.899167
0.053926
0.785028
-0.737541
0.017853
0.897702
-0.728141
0.066805
-0.060091
0.647755
-0.891171
0.385235
0.776543
0.578478
0.416669
-0.706900
0.581103
0.225135
0.072542
-0.035188
-0.893307
-0.353313
-0.986328
-0.589587
-0.819452
0.950438
-0.987243
0.822016
0.364910
0.402203
0.880490
-0.696524
-0.313150
-0.415448
-0.231483
0.659658
0.364605
0.970702
-0.553941
0.980895
-0.929075
-0.301187
0.889889
0.591479
0.883663
-0.990417
-0.630970
-0.303995
-0.664968
-0.008515
0.108249
-0.133702
0.501511
-0.198279
-0.525132
-0.359539
0.618641
0.569445
-0.157750
-0.537889
0.736625
-0.695486
0.589770
-0.398602
-0.331645
-0.655507
0.038728
0.836726
0.080844
0.895383
0.670400
-0.713004
0.961974
-0.267739
0.897702
0.557421
-0.418073
0.381085
0.675405
0.891659
0.535752
0.234413
0.999207
0.707938
0.059969
-0.870846
-0.798578
-0.247597
0.668630
-0.155736
0.240089
-0.520188
0.826838
0.537889
-0.042879
-0.154576
0.513291
0.768487
-0.680776
-0.275185
0.146153
0.235023
-0.442183
0.846980
-0.925352
0.050874
-0.302591
-0.160192
0.040437
0.992370
0.912473
0.005829
0.501755
-0.118076
0.657338
-0.205908
0.820917
0.411298
-0.377789
-0.898373
-0.801202
-0.386517
-0.186010
0.013031
0.616443
0.117283
-0.709159
0.623646
-0.246376
-0.320963
0.994568
0.960997
-0.427900
0.114292
0.068758
-0.391156
-0.897214
0.967467
0.987365
0.570727
-0.818232
0.069430
-0.302286
0.370281
0.296976
0.106845
0.265847
0.245705
-0.527268
-0.301920
-0.175756
0.902280
0.245949
-0.268960
0.116428
-0.980224
-0.648488
0.860897
0.477157
-0.917295
0.837458
0.886532
0.833918
-0.926145
0.416791
-0.564379
0.168310
0.820490
-0.351176
0.570116
-0.152989
-0.463729
-0.681326
-0.344768
0.549364
0.279031
-0.620411
-0.334330
0.247597
0.173070
-0.029878
0.657399
0.458174
0.757866
0.736198
-0.832881
-0.681265
0.175817
-0.129429
-0.038362
-0.151158
0.348552
-0.283731
0.600391
-0.627369
0.911191
0.535264
0.200049
0.613025
-0.414167
0.027436
0.002411
0.947447
0.214148
-0.298563
-0.631642
-0.182409
-0.780267
-0.736137
0.582446
0.652211
-0.137547
0.653127
-0.634205
-0.441267
-0.434919
0.965575
0.602527
0.523179
-0.857112
0.298135
0.456587
-0.082247
0.220191
0.362468
0.515427
0.918210
0.908872
-0.541490
0.256447
0.587207
-0.721854
-0.464034
0.829340
-0.787469
0.253456
-0.005707
0.199866
-0.794610
-0.470016
-0.774407
0.556200
-0.881283
0.979553
0.247230
-0.992004
0.807855
0.202551
0.783441
0.187170
-0.758049
0.485885
0.512070
-0.367168
0.812128
0.609790
-0.727103
0.251137
0.756890
-0.871212
0.663686
0.339702
0.728141
-0.443403
-0.161718
-0.253334
-0.537339
0.298379
0.959593
0.196509
0.375713
-0.070894
-0.645131
0.451949
0.074679
0.769036
0.395795
0.029267
0.958739
-0.966063
0.927732
0.035676
0.505722
-0.042329
0.075900
0.675283
0.196326
-0.475326
-0.950316
0.222633
0.459395
0.480331
-0.290994
-0.335002
0.645009
0.246803
-0.923338
0.263039
0.251198
0.649037
-0.648183
-0.792291
-0.420759
-0.294168
-0.393475
-0.286905
-0.068270
-0.177404
0.516526
-0.016755
0.283425
0.901059
0.163182
0.564684
0.020112
-0.920591
-0.776971
0.581042
0.618885
0.135716
0.298318
0.638356
-0.325724
-0.579760
-0.962706
-0.452925
0.162206
0.102268
-0.863094
-0.100131
-0.597644
0.968017
0.733512
0.718619
0.277749
-0.835444
-0.723075
-0.713065
0.270974
-0.450850
-0.529221
-0.107212
0.832698
0.455916
-0.999756
-0.196509
0.975646
-0.518967
0.630177
-0.307657
0.430586
-0.952574
0.146519
0.210669
0.634144
-0.134373
0.894772
-0.903623
0.744987
0.152135
-0.457808
-0.718436
0.624378
0.648793
-0.695364
-0.025788
-0.693594
-0.228065
-0.822748
0.289224
0.230323
0.212806
-0.661611
0.095614
0.914365
0.483627
0.881893
-0.977050
0.584521
-0.973510
-0.192541
-0.230323
0.774834
0.443648
0.492843
-0.017853
-0.806452
-0.428144
0.762810
-0.483016
-0.029817
-0.278115
-0.867122
0.499313
-0.884274
0.817011
-0.566637
-0.592395
-0.377972
-0.837153
-0.453841
0.860897
0.530137
0.120090
-0.661245
-0.327372
0.833247
-0.134617
0.435102
-0.268777
-0.819697
0.894833
-0.269814
-0.806635
0.896359
0.454756
0.312235
-0.626942
0.104526
-0.409223
0.762261
-0.187597
0.691092
-0.538743
0.520371
-0.447127
-0.263710
-0.791742
-0.871334
0.623829
0.869625
-0.469771
-0.060335
0.367473
-0.095492
-0.710501
0.425520
-0.286477
0.765984
-0.255959
0.473617
0.912717
-0.772393
-0.609851
-0.394513
0.877499
-0.519639
-0.413800
0.715506
0.269265
-0.535020
0.422224
-0.065584
-0.883847
-0.661733
0.835566
0.798456
0.972411
0.577624
0.617176
0.414777
0.684866
0.836482
0.094882
-0.772210
-0.855403
0.244179
0.431013
0.717277
0.457015
-0.007660
-0.032258
0.959899
0.298929
0.254494
-0.293863
-0.217811
0.292642
0.517808
-0.651418
0.349956
-0.653554
0.187719
0.780877
0.909726
0.190893
-0.415326
0.244911
0.172704
-0.549486
-0.634693
0.044099
0.737663
-0.475448
-0.819269
0.890378
0.226417
0.726920
-0.888424
0.748711
-0.077609
0.657949
-0.044649
0.363323
-0.717826
0.868038
-0.938231
-0.880367
-0.088839
0.129429
-0.965758
-0.928648
0.413434
-0.967528
0.663381
0.152806
0.330912
0.853938
0.024628
0.900754
-0.187475
0.412519
-0.750786
-0.985107
0.764214
-0.517136
-0.043367
0.041475
0.736076
0.937742
0.106418
-0.048189
0.572985
0.561510
-0.084384
-0.587939
0.826838
-0.369915
0.432600
-0.729118
0.712394
-0.479110
-0.175329
0.796319
-0.937864
0.212073
0.896603
0.021271
-0.012726
-0.328898
0.691153
0.873775
-0.525315
-0.494003
0.362407
0.413984
0.667470
-0.206641
-0.088351
0.933836
-0.890561
0.851070
-0.570727
0.050203
-0.670949
-0.571459
-0.463240
-0.677419
0.615101
-0.083529
0.477401
0.656362
0.537217
0.760674
-0.507736
0.365581
-0.494797
-0.753655
0.958556
-0.419843
0.084506
-0.618152
-0.191015
0.043916
-0.086947
0.453291
0.987487
0.129673
0.080966
-0.821833
0.715934
-0.085788
0.660024
-0.683218
0.588061
-0.142735
-0.703543
-0.306925
0.680593
-0.896603
-0.677725
0.244240
-0.945067
0.299295
-0.593982
0.136753
0.149449
-0.239174
-0.737419
0.317179
-0.620289
-0.916929
0.053926
-0.570177
-0.316141
0.788934
0.256996
0.424787
0.339640
0.429670
0.842524
0.269265
-0.272317
-0.601001
-0.116794
0.650807
-0.403790
-0.665578
0.134495
-0.735405
0.421918
-0.958678
0.686331
-0.812128
-0.844844
-0.694388
-0.508225
0.753166
-0.538987
0.221839
0.585009
0.462325
-0.043123
-0.591174
-0.619556
0.033601
-0.829829
0.394269
-0.122959
0.176061
-0.141820
-0.628712
-0.880551
0.827448
-0.930662
0.248268
-0.588488
0.680898
-0.392071
0.529588
0.775750
-0.286599
0.688650
-0.239051
0.467757
-0.308878
0.175146
-0.521775
0.265725
-0.788995
0.932371
0.355022
-0.079257
-0.131565
-0.440718
-0.320414
0.844966
0.599536
0.824519
-0.964415
0.609729
0.974792
0.346843
0.989990
0.444441
-0.001007
0.015168
0.784600
-0.868709
-0.914670
0.340922
0.517075
0.494430
-0.890927
-0.919248
0.184606
-0.657704
0.814570
-0.483688
-0.145909
-0.684683
-0.096469
0.079440
0.714530
0.837397
-0.898618
-0.443892
0.488388
-0.665456
-0.559252
-0.898740
-0.700735
-0.590625
0.540208
-0.797845
0.969176
0.841670
0.514084
0.071444
-0.718253
-0.024262
-0.519700
-0.619251
0.737968
-0.778680
0.944273
-0.291849
-0.874081
0.510849
-0.549852
0.693533
-0.012238
-0.258095
-0.135044
0.068758
-0.761040
0.961608
-0.479476
-0.725089
-0.794183
0.543687
-0.498032
-0.766228
-0.763604
0.772271
-0.939390
-0.228919
0.924619
0.639454
-0.096469
-0.474227
0.697623
0.542161
-0.680227
-0.898251
0.832881
-0.187231
-0.455855
-0.715018
0.929930
-0.939085
-0.323771
-0.982238
0.143956
-0.864620
-0.499130
0.377544
-0.043916
0.298868
-0.841853
-0.595752
0.091037
-0.228431
-0.034761
-0.998108
0.973388
-0.566454
0.913816
0.674123
-0.505783
0.776055
-0.953246
-0.828242
-0.285257
-0.367351
-0.880001
-0.269448
-0.304117
-0.428388
-0.104831
0.943480
-0.547533
-0.946226
-0.788873
-0.935545
-0.968871
0.591479
0.523789
0.434614
0.062044
0.561327
-0.349528
-0.171911
-0.640675
-0.325419
0.878536
0.331767
-0.533555
-0.153966
-0.517258
-0.040315
-0.820856
-0.586413
-0.807611
-0.883663
-0.259926
0.732658
0.735527
0.803156
0.118015
-0.963561
-0.398846
-0.895016
0.154027
-0.599658
0.027619
-0.641163
0.976135
0.325663
-0.574877
0.851253
0.605945
-0.372295
-0.895810
-0.654775
0.291543
-0.197546
-0.673269
0.654103
-0.625660
0.455061
-0.034822
-0.476363
0.358623
-0.141087
0.885800
0.111606
-0.822687
-0.995483
-0.030244
0.802850
-0.174047
0.771416
0.318400
0.641408
0.488754
0.107883
-0.876583
0.085604
-0.496750
0.128758
0.601489
-0.132481
-0.224097
-0.261879
-0.474227
0.730277
0.634388
-0.915891
-0.024751
-0.400006
-0.966796
0.079989
0.911374
0.199011
-0.838984
-0.112400
-0.548753
0.605213
-0.816767
-0.672720
-0.257668
0.119175
0.488510
-0.852107
-0.115085
-0.557726
0.750237
0.018464
-0.017853
0.030366
0.614795
-0.927610
0.599292
0.954283
-0.192053
-0.799310
-0.468368
0.021516
-0.208045
0.157384
0.536058
-0.385418
-0.419050
0.885311
0.786493
-0.048738
-0.528489
-0.216346
0.241737
0.153722
-0.140049
-0.908811
0.512619
-0.905515
-0.521531
-0.391156
-0.019684
0.728507
0.483444
0.577807
-0.708060
0.024323
-0.765069
0.462264
0.344829
-0.407758
0.684622
-0.598498
-0.610401
0.370525
0.310526
0.784173
0.892453
-0.495407
0.929197
0.607776
0.357219
-0.741630
-0.271279
0.311563
-0.878353
0.665944
-0.077792
-0.222266
-0.569262
0.991699
0.736442
0.620716
-0.833857
-0.519089
-0.026032
-0.861812
0.350810
-0.049409
0.303995
0.009735
-0.340495
0.020783
-0.348430
-0.201086
-0.177343
-0.086703
0.956908
0.683828
0.312052
-0.321879
0.545763
-0.634754
-0.565477
0.390851
0.081393
-0.867244
0.917844
-0.307108
-0.066073
0.531724
-0.350932
0.877194
-0.772698
0.958434
0.718863
0.927305
0.124912
-0.263833
-0.242531
0.913450
0.448408
0.312906
-0.221534
0.738884
0.565172
-0.154088
-0.225196
-0.284280
-0.284768
0.973693
0.693106
0.919858
-0.423505
0.788446
0.302164
-0.733757
0.424116
-0.057527
0.032746
0.893124
-0.556139
-0.175756
-0.582812
0.848628
0.195898
-0.280435
0.165685
-0.221900
0.067110
-0.556932
0.752007
-0.702017
-0.252419
0.532151
-0.923521
0.819208
0.340068
-0.202368
-0.956420
-0.719352
-0.476302
0.741386
0.767937
-0.100864
0.009674
0.079806
-0.330790
0.831782
-0.395672
-0.156346
-0.353679
0.671743
-0.236549
-0.894040
-0.188757
0.055757
0.304666
-0.449263
0.330851
-0.056795
0.841365
-0.549303
-0.141636
0.648671
-0.024873
0.936949
-0.278848
-0.124485
-0.286721
0.379498
-0.549181
-0.413007
-0.057039
-0.041658
0.271950
0.269814
0.756279
-0.965636
-0.159703
0.690420
-0.481491
-0.551134
-0.080660
0.638417
-0.114048
-0.745293
-0.078829
0.363018
0.342265
-0.490951
0.267922
-0.595874
-0.231300
-0.333598
-0.609485
0.670400
0.404645
-0.727592
0.784539
0.313211
-0.637135
0.673391
-0.947569
-0.901669
-0.466414
-0.770562
-0.533616
0.137303
-0.096469
0.554735
0.492050
0.246132
-0.015351
0.475143
-0.465804
0.447188
-0.501572
-0.927793
0.177282
0.261330
0.440352
0.597156
0.972716
-0.640309
-0.205969
-0.142186
0.961425
-0.178442
0.603870
-0.027009
-0.273171
0.200232
-0.533616
0.610889
-0.033235
0.357280
0.331828
-0.420331
0.035005
0.076937
-0.800104
-0.785333
-0.836848
-0.540330
-0.248817
0.716788
0.953368
0.356731
0.136998
-0.146886
-0.874264
-0.039460
0.132664
0.978576
-0.403668
-0.639698
-0.754875
-0.955992
-0.012665
0.138096
-0.699149
0.743400
0.432722
0.741997
-0.324320
0.684622
0.235145
0.658986
-0.422712
-0.104160
-0.484481
-0.586596
0.420759
-0.565050
-0.229896
-0.230201
-0.629078
-0.963500
-0.356487
-0.647755
-0.771233
-0.778680
0.572192
0.592090
0.393048
0.740715
-0.292398
0.881954
0.666372
-0.811213
-0.090976
-0.091281
0.662954
-0.308878
-0.307047
-0.580859
0.094699
-0.680166
-0.704093
0.205176
-0.725822
-0.107273
0.467574
-0.761956
0.594226
-0.755913
-0.213172
-0.083102
-0.724418
0.916623
0.374371
0.831904
-0.203894
-0.538987
0.451643
0.229347
0.654958
-0.529954
-0.939329
0.870663
-0.788934
0.572619
0.406781
-0.567309
-0.897885
0.472518
-0.586413
-0.971923
0.882260
0.939695
-0.272927
-0.226966
0.561327
-0.063021
-0.834407
0.267312
-0.243873
0.272500
-0.719840
-0.419538
0.814753
-0.508164
0.513047
-0.317240
0.497909
-0.012909
-0.794733
0.802240
0.036897
-0.481552
-0.903012
-0.889706
-0.513718
0.570849
0.139378
0.601856
0.049226
-0.671255
0.374676
0.847102
-0.674184
0.162511
0.179479
-0.425947
-0.045991
0.373882
-0.413007
-0.219764
0.718558
0.327616
-0.841365
0.327433
-0.309977
0.976989
0.787347
0.398236
-0.978088
0.060579
-0.505844
0.529771
0.246498
0.155309
-0.403790
0.752556
-0.629810
-0.237526
-0.598193
0.680837
-0.410382
0.281167
-0.611499
0.226356
0.428205
0.505356
0.414411
-0.691092
-0.098910
0.562975
0.404035
-0.289407
0.127232
-0.642018
-0.457686
-0.454573
-0.462447
-0.224952
0.364299
-0.613758
-0.172033
-0.144871
-0.487838
-0.966491
-0.546007
0.064852
0.757378
0.129795
-0.811335
-0.556688
-0.143406
0.342692
0.234962
-0.390973
0.858943
-0.640492
0.687857
-0.165502
0.564684
0.501205
-0.700247
0.511521
0.182043
0.227577
0.495346
-0.350688
0.624439
-0.610950
-0.809748
0.228065
0.288675
0.727958
0.012238
-0.368938
-0.344035
-0.100620
0.500351
0.903806
0.980590
0.306497
-0.839778
0.949034
-0.623035
0.815424
-0.917844
-0.157628
0.748222
0.269448
0.013276
0.597400
0.823359
0.253151
0.209815
-0.665883
0.291726
-0.733451
0.822687
0.590136
-0.663442
-0.545457
-0.938047
0.168004
-0.548875
0.116428
-0.586535
0.581225
-0.781976
-0.801874
0.520066
0.279275
0.172399
-0.681997
0.191931
0.128697
-0.336100
0.163182
0.397076
-0.991699
0.979492
-0.533677
-0.349956
-0.464644
0.916135
0.198035
0.202857
0.637623
0.092746
0.547899
-0.769646
-0.063265
-0.715201
0.112583
0.891232
-0.485336
-0.734550
0.687307
0.969359
0.577868
-0.279885
-0.148228
0.353801
-0.167028
0.165319
0.827021
-0.826411
0.928892
0.875301
-0.903806
-0.977721
0.636891
0.857051
-0.132420
-0.045503
0.692434
0.660573
0.769036
-0.123569
-0.160680
-0.635487
0.800104
0.604358
-0.119175
-0.666555
-0.331278
-0.677175
-0.257790
0.939451
0.727897
-0.027619
-0.619984
0.129734
-0.132542
-0.876095
0.755058
0.656972
-0.375042
-0.648488
0.371258
0.406232
-0.674184
-0.343852
-0.879940
-0.898618
0.351176
-0.310953
-0.490890
-0.149083
0.690298
0.533982
-0.661428
-0.248573
-0.079928
0.621632
0.117649
0.440291
0.550890
-0.113010
-0.099155
-0.363384
0.598621
0.490951
0.925413
0.802728
-0.821223
-0.920225
0.363018
-0.687735
-0.134800
0.084994
-0.694754
-0.206763
0.828303
-0.802484
0.902036
0.475021
-0.285806
0.242042
-0.369182
-0.738029
0.264321
0.565966
-0.137181
0.018281
0.519822
0.917234
-0.963073
0.778680
0.403180
-0.242042
-0.353984
0.861812
0.914121
-0.584704
-0.330241
0.672903
0.745170
-0.676382
0.902158
0.525620
0.361064
-0.801325
0.555345
-0.355205
-0.942015
-0.644215
-0.693289
0.493149
0.328104
0.477279
0.657826
-0.215064
0.749138
0.527085
-0.709525
0.708243
0.981994
0.169897
0.140599
-0.672170
0.891903
-0.249489
0.588366
-0.423200
-0.223670
0.154027
0.393170
0.000763
-0.879757
0.728324
-0.545274
0.967223
0.313761
0.049104
0.020234
0.976012
-0.167516
0.865230
-0.237648
-0.099277
0.606983
0.375164
-0.027497
-0.354228
-0.486801
-0.649770
-0.784112
0.512070
-0.337382
0.950194
-0.434553
-0.991272
-0.777154
-0.392132
0.980285
0.876705
-0.899167
0.522019
0.220252
-0.030732
0.075045
-0.087069
-0.460250
-0.507492
-0.170202
0.933409
0.848994
0.547411
0.177648
-0.964843
0.451033
0.140538
0.808527
0.847224
-0.923338
0.542344
0.658010
-0.587695
0.215369
-0.673086
-0.217566
-0.348796
0.225745
-0.863643
-0.307169
0.932920
0.320231
-0.968261
-0.579943
0.967162
-0.962951
0.481674
0.086398
-0.270363
0.682608
-0.678457
0.512070
-0.722526
0.733573
0.394269
0.129429
-0.856380
-0.338115
-0.074923
-0.418134
0.849910
-0.006134
0.900571
0.503708
-0.220130
-0.968627
-0.586535
0.802728
-0.286721
-0.699087
-0.068331
0.181372
0.567003
0.766839
-0.667348
0.043428
0.601306
-0.533555
-0.364299
-0.389386
0.072359
-0.277383
0.610645
0.534959
0.876644
-0.627491
0.316507
0.941771
0.312540
-0.567125
0.288430
0.991211
0.401166
0.303079
0.830317
0.330790
-0.790033
-0.806330
0.375469
0.303446
-0.551622
-0.607776
-0.874996
0.003510
-0.199805
-0.370403
0.308939
-0.367229
0.610828
-0.762810
-0.528550
-0.845332
0.242531
0.056429
0.534959
-0.009430
-0.954344
-0.981628
-0.092013
-0.727042
-0.351299
0.742790
-0.927000
0.411542
0.059053
0.809687
0.715934
0.629505
0.017304
-0.534043
-0.425153
-0.434004
0.433454
-0.946654
0.830927
0.905210
-0.428449
-0.124546
-0.247658
0.987304
-0.956542
-0.662709
-0.952208
0.258950
0.486740
-0.671926
0.633839
-0.153905
0.562853
-0.211524
-0.051485
0.656545
-0.650380
-0.463790
0.183996
-0.192969
0.626148
-0.546861
0.966552
-0.730033
-0.728446
0.149571
0.240699
0.556444
-0.609851
-0.201270
0.515183
0.027924
0.069369
-0.773003
0.999695
-0.015351
0.139256
0.165319
-0.362041
0.489731
0.969787
0.292764
-0.541551
0.838923
0.766289
-0.851009
-0.285195
0.799432
0.144627
0.535203
0.361980
-0.357707
0.784051
0.949095
-0.032075
0.694876
0.010529
-0.314737
-0.049532
0.346782
-0.970153
-0.762871
0.596912
0.023957
0.910947
0.176000
0.782586
-0.402753
0.766533
-0.387432
0.228980
0.030610
-0.156957
0.208594
-0.263283
-0.636586
0.934812
0.358135
0.310770
-0.722831
0.959349
-0.767998
0.703299
-0.790704
-0.945677
-0.661916
0.468734
0.041719
-0.806269
-0.589221
-0.128574
-0.943541
-0.113620
0.080966
-0.057772
0.964721
0.458357
-0.948973
0.108737
0.213843
0.248573
-0.175817
0.991272
0.228736
0.828364
0.642201
-0.095614
0.206641
0.243629
-0.042268
0.530259
-0.650502
0.143345
0.366558
-0.241127
0.554125
0.299661
-0.170934
-0.351909
0.167760
-0.302347
-0.650624
0.091891
0.268777
-0.024567
-0.826167
0.548875
0.226844
0.589526
0.935728
0.517808
-0.073702
-0.418989
0.151952
-0.540391
-0.064058
-0.607166
0.443525
0.217750
-0.434065
-0.927427
-0.648732
-0.850459
-0.479293
0.761467
-0.426923
-0.375652
-0.939817
-0.077242
-0.028596
0.342387
-0.504440
-0.192663
0.257973
-0.060823
-0.781121
0.264138
0.495041
0.726737
0.035615
-0.906064
0.657888
0.018769
-0.381451
-0.000763
0.575793
-0.163915
0.038362
-0.365886
0.046602
0.226417
0.384991
0.205054
-0.895993
-0.261574
0.321635
-0.904782
-0.221290
0.487228
0.856258
-0.306253
0.981750
-0.691031
-0.239967
0.887936
0.527879
-0.731132
0.325541
0.775506
0.260231
-0.046480
-0.292093
-0.576037
-0.764153
-0.229652
0.277200
-0.714957
0.835566
-0.900082
0.501572
0.898618
-0.276833
0.264748
0.133824
-0.563890
0.059053
-0.544115
-0.931700
-0.447798
0.115329
0.006073
-0.430403
-0.326090
-0.906735
0.028169
-0.060762
-0.160558
-0.206091
0.005890
-0.085116
-0.286294
0.487472
0.168981
-0.398114
-0.532640
0.288797
0.507859
0.281350
0.353984
-0.146947
-0.207617
-0.859981
0.841426
0.641041
-0.820368
0.513596
-0.286111
-0.343303
-0.242286
-0.853267
-0.472518
0.917783
0.216346
-0.842158
-0.086093
-0.985290
-0.721427
-0.596667
-0.152623
-0.084323
-0.206946
0.882565
0.300638
0.473922
-0.347453
0.864803
0.687063
-0.123325
-0.357646
0.612476
-0.497726
-0.331095
-0.817377
-0.592700
0.071749
0.151646
-0.293619
-0.124668
-0.147984
-0.189428
-0.022614
0.993835
-0.341411
-0.302469
0.486984
-0.113498
0.950987
0.480270
-0.083895
0.738639
0.536302
-0.494919
-0.505295
0.405683
0.891354
-0.875607
0.538682
-0.529160
-0.563036
0.863216
-0.594104
-0.398602
0.763848
-0.027741
0.663686
0.697623
-0.021516
0.850154
0.346721
-0.284280
0.935911
0.325968
-0.500534
0.809259
-0.649953
0.423688
0.806879
-0.198706
0.774407
0.730033
0.502487
0.173193
0.510849
0.003143
-0.671987
0.278665
0.340617
-0.503098
-0.310282
-0.663015
0.296976
-0.597644
-0.572497
-0.457564
0.846553
0.705130
-0.048799
-0.693838
0.842158
-0.123875
-0.514756
0.316507
0.499313
0.252480
0.945494
-0.866329
-0.763970
-0.611560
0.425642
-0.140538
0.872372
-0.393353
0.729911
0.367290
-0.803156
0.924680
0.470992
-0.926817
0.559435
-0.922239
-0.349528
-0.884945
-0.125889
-0.740165
-0.383099
0.722953
0.743889
-0.023041
-0.832575
-0.576037
0.197241
-0.603137
0.765557
-0.772454
-0.765007
0.461043
0.604663
0.994568
-0.903378
-0.214270
0.666494
-0.680654
0.165807
0.997559
-0.241005
0.217872
0.752068
-0.389569
0.008148
-0.807855
0.314676
-0.152623
0.283303
0.773431
0.228980
0.733390
-0.600085
0.719901
-0.516953
-0.180761
0.075716
0.594958
-0.640919
-0.224525
-0.068270
-0.717887
0.389019
0.229713
-0.023103
0.951476
-0.708426
-0.302042
0.167760
-0.053072
0.052034
-0.783441
-0.820185
-0.748589
-0.942442
0.062105
0.291360
0.380291
0.161351
-0.366985
0.485397
0.773797
0.271523
0.981628
0.071871
-0.092990
0.509140
0.920713
0.546556
0.201697
-0.948607
0.448714
-0.075045
0.716178
0.588488
0.632862
-0.161718
0.712638
0.856929
0.181310
-0.535508
0.929746
0.142918
-0.431990
-0.398236
-0.453413
-0.413495
0.182348
0.294778
0.445845
0.053255
0.437056
-0.024201
-0.653005
-0.676321
0.180456
-0.410504
-0.418317
0.153539
0.405683
-0.634388
-0.602283
-0.720023
-0.868221
0.964843
-0.935057
0.678762
0.588977
0.486251
-0.754509
-0.691214
0.131504
0.473983
-0.616871
0.841914
0.540086
-0.264687
-0.837397
0.874264
0.942808
0.694693
-0.919309
0.487777
-0.358013
-0.022004
-0.181372
0.878048
-0.935667
-0.690237
-0.991272
0.646413
0.124485
-0.044649
0.672720
-0.257729
0.286416
-0.558092
0.755730
-0.815058
-0.443831
0.171361
0.151524
0.555528
-0.424116
0.436445
-0.017304
-0.337931
-0.167150
0.083712
-0.075900
0.951170
-0.400250
-0.627674
0.878414
-0.752129
-0.463179
0.547227
0.329875
-0.113926
0.344279
-0.773064
-0.037690
0.069979
0.085665
-0.393048
-0.378643
0.177526
0.944884
-0.862239
-0.780389
0.079440
0.775140
0.299905
-0.538011
0.955870
-0.295267
0.013031
-0.631886
0.960143
0.317301
-0.973693
-0.284158
0.109897
0.900571
0.155370
-0.488693
-0.555651
-0.314371
0.487289
-0.241554
-0.443281
-0.598621
-0.114902
-0.243263
-0.896298
-0.810846
-0.178137
0.873592
0.820185
-0.514817
-0.036897
-0.863704
0.670644
0.882382
0.874935
-0.014496
-0.098117
0.780938
-0.340617
-0.187292
-0.591479
0.796930
-0.066683
0.748222
-0.333476
0.128391
-0.248146
0.582263
-0.844050
0.290201
-0.235511
-0.198035
0.795404
0.368267
0.014008
-0.100070
-0.482101
-0.947508
0.451460
0.617176
0.163610
-0.170507
0.046297
-0.582873
0.780633
-0.731437
-0.556078
0.191748
-0.116184
-0.610096
0.436811
-0.465743
-0.087802
-0.629261
-0.910520
-0.489547
0.783868
-0.073214
-0.894650
-0.288491
0.462569
0.444624
-0.517991
0.174718
0.799066
-0.416242
0.164342
-0.552232
0.927671
0.866573
-0.189489
-0.029206
-0.143223
-0.434675
-0.234474
0.312906
-0.495407
0.186254
-0.247963
-0.315531
0.234657
0.367962
0.202124
-0.191748
0.655629
-0.187536
0.638478
0.400372
0.560656
-0.613880
-0.003998
-0.739372
0.618702
-0.638661
-0.163366
0.942137
-0.416181
0.767754
-0.212928
-0.666311
-0.109897
-0.468856
-0.741630
-0.783685
-0.356548
0.513840
0.755730
-0.855220
0.928831
0.493820
-0.920835
0.508652
-0.852412
0.598498
-0.156529
0.531175
0.986755
0.679556
0.405927
0.930601
-0.466048
-0.384014
-0.121616
0.083346
-0.046419
0.884823
-0.180334
-0.483810
0.494675
-0.622364
-0.029939
0.575610
-0.866634
0.314676
-0.282388
-0.246254
-0.192969
0.739494
-0.368694
-0.536973
0.366253
0.209387
-0.678579
0.116062
-0.371136
0.787103
-0.718070
0.908139
0.992676
0.353740
0.139134
0.692373
0.135716
0.394940
-0.494552
-0.101108
0.120090
0.381512
0.279458
0.217017
0.481735
0.591296
0.894040
-0.890683
0.702750
-0.379376
-0.363262
0.276406
0.511155
-0.563829
-0.337260
0.862911
-0.371990
-0.686636
-0.270669
0.520310
-0.299783
-0.922666
0.630360
0.400555
-0.374981
-0.924558
0.913083
-0.213294
0.643422
-0.778558
-0.285623
0.121128
0.391644
0.941649
0.225990
-0.255104
0.692923
0.856624
-0.591479
0.273782
0.050691
-0.336161
-0.095614
-0.704154
0.156346
-0.740776
0.456587
-0.525376
0.090548
0.477889
-0.540269
-0.702628
0.265297
-0.062838
-0.515366
0.300882
-0.925962
0.097262
-0.798517
0.873470
0.631336
0.855037
-0.779656
0.051912
0.258339
0.001251
0.350017
0.859920
0.496811
0.053987
0.898801
-0.683279
-0.003143
0.668203
-0.164953
0.602344
-0.404767
0.713981
0.253639
-0.731498
-0.280068
-0.408063
-0.699576
0.716727
0.023713
0.116855
0.867672
0.907285
-0.210669
-0.535997
0.145116
-0.764092
-0.036836
0.140294
0.780999
-0.483444
-0.079379
0.020966
0.528245
0.000214
0.593188
0.612476
-0.245643
0.874569
-0.704764
0.538011
-0.005768
0.077914
-0.447432
0.174169
-0.637501
-0.528245
0.650563
0.430158
0.558763
0.340373
-0.149144
0.626637
0.430097
-0.059114
0.851863
0.566088
0.066683
-0.619495
-0.600818
0.394208
-0.249489
0.121677
0.975524
0.050508
0.372600
-0.759575
-0.369060
0.402570
0.380596
0.071200
0.841731
-0.009491
-0.213660
-0.838374
0.814142
0.403974
0.560350
0.518174
0.123203
0.766228
-0.681570
0.133091
-0.600574
0.485824
-0.172033
-0.101108
0.450789
-0.221778
-0.467818
-0.119175
-0.791253
0.552232
0.477706
-0.345744
0.548936
-0.536241
-0.398968
-0.067598
0.304239
-0.959838
0.840022
0.201514
0.944517
0.394696
-0.982543
0.124546
0.240638
0.499863
-0.783380
0.597156
-0.881283
-0.729911
-0.566149
-0.953795
-0.668203
0.327860
0.330058
-0.796564
0.234046
-0.611316
0.695547
-0.743034
0.791070
-0.632008
0.747063
0.041047
-0.691885
-0.977905
0.050874
-0.616688
0.745903
0.365520
0.265481
0.530381
-0.947752
-0.159825
0.921140
0.989990
-0.846797
-0.028779
-0.844050
0.158300
0.806269
0.489853
-0.116245
-0.720328
-0.053804
-0.193579
0.254128
0.884457
0.686758
-0.543138
0.105564
0.971679
-0.616138
-0.758660
-0.661916
0.132664
0.473128
-0.007782
0.966735
-0.799188
-0.151097
0.412702
-0.983215
-0.859188
0.603137
-0.409284
-0.103000
0.123386
-0.558702
-0.308206
-0.160375
-0.781915
-0.660573
0.208045
-0.594470
-0.958495
-0.279824
0.590136
0.648061
-0.078097
-0.924375
0.577807
0.439558
-0.766778
0.803705
0.423750
0.109775
0.340434
-0.469466
-0.621754
-0.778314
-0.781671
-0.205603
-0.361248
-0.874081
-0.468490
-0.391156
0.290811
0.262795
-0.752251
-0.288553
-0.448347
0.224647
-0.702628
-0.845271
0.316996
0.739555
-0.046236
0.935850
-0.332072
-0.801386
-0.009369
0.287698
0.009064
0.792291
-0.868709
0.649281
0.404706
0.617664
-0.164953
0.983215
0.584704
0.478561
-0.146092
0.141270
-0.503403
-0.076632
-0.328104
0.918516
0.384320
0.623280
-0.587268
-0.529588
0.308084
-0.749016
0.441267
-0.634571
-0.721244
-0.133030
0.614429
-0.991028
0.305704
-0.661733
-0.404828
-0.591479
-0.941588
-0.154942
0.856746
-0.903256
-0.977233
-0.842463
0.165075
-0.604236
0.931822
-0.121128
0.314249
0.271706
0.075716
-0.604602
-0.431379
-0.997070
-0.801019
-0.100497
0.733695
-0.458357
0.646718
-0.758049
0.355815
-0.127659
-0.527757
-0.550707
0.534227
-0.571825
-0.615101
-0.531602
-0.259987
0.989563
-0.950926
0.505722
0.152501
0.868954
0.983093
0.701956
-0.027131
0.394391
-0.842219
0.236427
-0.676077
-0.782220
0.301187
-0.163976
-0.702933
0.687551
-0.048189
-0.868770
0.777459
-0.496139
0.332743
0.302835
0.367901
0.576464
-0.256020
0.013092
0.236366
-0.658193
-0.523423
-0.185644
-0.048372
-0.154149
-0.893368
0.656850
-0.876705
0.802118
-0.792352
-0.895505
-0.843989
0.064913
-0.004852
0.194128
-0.374981
0.314310
-0.123753
0.462996
0.914670
0.108554
-0.364605
-0.427107
0.682119
0.441816
0.719840
0.195471
-0.388165
0.404889
-0.073885
0.282388
-0.361980
-0.077425
-0.259194
-0.877560
0.297220
0.588244
0.821100
-0.366314
0.853328
0.657949
-0.405011
0.340983
0.749443
-0.860042
-0.166051
0.720267
0.693228
0.193884
0.715262
0.898312
0.540269
0.065401
-0.170324
0.383587
-0.336650
0.406903
-0.969970
0.835994
-0.260659
0.718925
-0.158910
-0.130222
0.600696
-0.424360
-0.973083
-0.707633
-0.456221
0.415876
-0.528916
0.278481
-0.609790
-0.845149
0.090915
-0.322245
0.900815
-0.936827
0.718986
0.879879
-0.904294
0.592578
-0.680593
-0.926756
-0.997803
-0.577258
-0.440962
-0.076876
-0.904233
0.412152
0.355876
-0.901181
-0.587756
-0.524644
-0.564135
0.926023
-0.882260
-0.921140
-0.354167
-0.631886
0.839045
0.688101
-0.020112
0.699149
-0.290689
-0.550096
-0.462630
-0.574145
0.668630
0.576769
-0.147313
-0.282815
-0.560106
0.666250
0.544725
0.590442
0.544053
0.568468
-0.311441
0.090670
-0.810114
-0.635914
