0.155309
-0.259316
0.524583
0.715690
-0.237526
0.749199
0.680837
-0.589282
0.281167
0.701712
-0.419477
0.580065
0.042390
0.973388
-0.691092
-0.205176
0.097201
0.404035
-0.289407
0.549425
-0.642018
0.798151
-0.454573
0.438643
-0.224952
0.364299
-0.979797
-0.804315
0.022858
0.321390
-0.937071
-0.546007
-0.782647
0.757378
-0.783624
0.061739
-0.556688
-0.143406
0.342692
0.234962
0.641835
0.858943
0.871029
0.687857
-0.165502
-0.531480
0.501205
-0.613941
0.511521
0.182043
0.609363
-0.509995
0.981445
0.151769
-0.610950
0.359172
0.873287
0.288675
0.727958
-0.384930
-0.089022
-0.344035
0.022736
0.500351
0.903806
0.980590
0.182958
0.156285
0.949034
-0.623035
0.007172
-0.917844
-0.080050
-0.278115
0.983581
-0.936888
0.597400
-0.402326
0.253151
-0.153600
-0.845637
0.906613
-0.733451
0.366680
-0.831111
-0.663442
-0.545457
-0.938047
0.591784
-0.548875
0.116428
-0.586535
-0.964232
-0.781976
-0.801874
0.520066
-0.642140
0.749992
0.248512
0.191931
0.127537
0.084628
-0.084750
0.397076
-0.991699
0.818720
-0.300333
-0.349956
-0.464644
0.408918
-0.342509
0.670583
-0.211707
-0.156163
-0.241554
-0.769646
0.652394
0.127781
0.413617
0.891232
0.779962
-0.734550
0.687307
0.969359
-0.904355
0.323893
-0.148228
0.353801
0.353679
0.165319
0.187292
-0.025178
-0.598682
0.875301
-0.903806
-0.977721
-0.956053
-0.055147
-0.132420
-0.045503
0.692434
0.660573
0.769036
-0.123569
0.943541
-0.635487
0.017060
0.292398
-0.119175
-0.296976
-0.331278
-0.677175
0.905454
0.834162
-0.202124
-0.027619
0.011811
0.007538
-0.132542
-0.254250
0.755058
0.656972
0.504929
-0.650685
0.371258
0.406232
-0.674184
-0.343852
-0.879940
0.438154
0.351176
0.693411
-0.490890
-0.149083
0.690298
0.262123
-0.661428
-0.248573
-0.838313
0.621632
-0.859249
-0.833369
-0.650990
-0.173803
-0.099155
0.777581
0.598621
0.490951
0.835810
0.545335
-0.821223
-0.920225
-0.334635
0.933409
-0.134800
0.454390
0.129734
-0.206763
-0.251930
-0.802484
0.902036
0.475021
-0.285806
0.242042
0.700308
0.298807
0.780267
0.991272
-0.137181
0.139256
0.519822
0.917234
-0.963073
-0.895077
0.403180
0.300943
-0.353984
0.861812
0.399030
-0.133030
-0.330241
-0.784173
0.745170
-0.676382
0.000946
0.525620
-0.622120
-0.801325
-0.407025
0.251991
0.367290
0.022065
-0.439070
-0.041658
0.328104
-0.557299
-0.671987
-0.339030
-0.719474
-0.251869
-0.083468
0.708243
-0.713004
0.387371
0.140599
-0.672170
0.891903
-0.249489
0.618091
0.504990
-0.223670
-0.835932
0.011628
0.000763
-0.879757
-0.937010
-0.545274
0.967223
0.313761
-0.532456
-0.147435
-0.990417
-0.303812
0.674368
0.992370
0.235450
0.077486
-0.227332
0.116062
-0.280435
-0.486801
0.731376
0.296365
0.512070
-0.337382
0.950194
-0.434553
-0.991272
0.244789
-0.392560
0.980285
0.945189
0.319803
0.522019
0.220252
-0.175451
0.973937
0.910215
0.848262
-0.374371
-0.095187
0.933409
0.528672
0.547411
0.177648
-0.964843
0.097812
-0.025300
0.808527
0.847224
-0.923338
0.950499
-0.466659
-0.587695
0.884823
-0.673086
-0.367168
-0.873959
0.225745
-0.863643
-0.307169
-0.041963
0.720695
-0.968261
0.203101
-0.934996
-0.962951
0.481674
0.086398
-0.270363
0.682608
0.654164
0.512070
-0.722526
0.733573
0.394269
0.129429
-0.856380
0.089206
-0.074923
-0.397504
0.165746
0.916501
0.900571
0.110324
-0.220130
-0.968627
-0.529588
-0.375469
-0.286721
0.932798
-0.068331
-0.089022
0.725517
0.266030
0.202551
0.043428
0.601306
-0.505417
-0.364299
-0.227271
0.935484
-0.277383
0.734123
-0.528794
-0.744255
-0.871761
0.316507
0.941771
0.312540
-0.567125
-0.892148
0.958556
-0.074374
0.303079
0.830317
-0.526841
-0.790033
0.512253
0.375469
0.887020
-0.551622
0.190771
-0.874996
0.003510
0.923887
-0.370403
0.186804
-0.367229
0.405316
-0.762810
-0.528550
-0.845332
0.242531
0.254006
0.534959
-0.003815
0.223853
-0.981628
-0.092013
-0.727042
-0.351299
0.742790
-0.927000
0.411542
0.935728
-0.596362
0.810480
0.629505
0.017304
-0.534043
-0.697195
-0.194678
0.845759
-0.946654
0.830927
-0.449751
-0.531846
0.964537
-0.247658
-0.151891
-0.956542
-0.799371
0.724906
0.258950
0.486740
-0.959288
-0.062471
-0.153905
0.870113
-0.211524
-0.051485
0.656545
0.958678
-0.463790
0.183996
-0.979369
0.626148
0.166662
0.966552
0.959288
-0.728446
-0.485397
0.661733
0.556444
-0.609851
0.510483
0.515183
0.236610
0.069369
0.150304
-0.990295
0.394330
0.577868
0.165319
-0.718863
-0.119785
0.969787
0.292764
0.698599
0.838923
0.555406
0.724967
-0.285195
0.573412
-0.978210
0.535203
0.361980
-0.357707
0.605029
-0.884396
-0.729850
-0.296793
0.146886
-0.314737
0.074984
0.346782
-0.970153
-0.762871
0.407941
0.782281
0.910947
0.176000
0.782586
0.160558
0.942320
-0.584948
0.617176
0.030610
-0.156957
-0.997131
-0.658193
-0.636586
0.934812
0.301798
0.552904
0.869930
1.000000
-0.792474
0.703299
-0.790704
-0.945677
-0.084323
0.468734
0.041719
-0.806269
-0.854671
0.790582
-0.943541
-0.373455
0.367229
-0.057772
0.964721
0.458357
-0.086276
0.108737
0.002533
0.889157
0.811518
-0.527451
0.762139
0.828364
0.642201
-0.095614
0.217322
0.243629
-0.042268
0.530259
0.427595
0.143345
0.366558
-0.268410
0.330302
0.299661
0.124973
-0.780877
0.167760
0.192175
0.104465
0.173132
-0.062044
-0.829096
-0.674245
-0.062593
0.226844
0.589526
0.556932
0.853694
-0.053133
-0.418989
0.151952
-0.540391
-0.311625
-0.607166
-0.250099
0.217750
-0.434065
0.070223
0.875240
-0.850459
-0.479293
0.932798
-0.426923
-0.375652
0.488754
-0.077242
-0.028596
0.342387
-0.431562
0.596606
0.629933
-0.060823
0.996826
0.264138
0.495041
0.067110
0.035615
-0.906064
0.875179
-0.283486
-0.381451
-0.000763
0.575793
-0.908628
-0.213904
-0.820124
0.046602
0.226417
0.384991
0.205054
-0.895993
-0.261574
-0.434553
-0.904782
0.870296
-0.463240
0.856258
-0.306253
0.981750
0.706290
0.023469
0.887936
0.527879
-0.731132
0.325541
0.617237
0.260231
-0.046480
-0.530625
-0.007660
0.454878
-0.808039
-0.303751
-0.748405
0.835566
-0.958190
0.501572
0.259804
-0.276833
0.264748
0.133824
-0.563890
0.059053
-0.544115
-0.931700
-0.447798
0.115329
-0.256081
-0.430403
-0.041231
-0.906735
0.028169
-0.060762
-0.160558
-0.206091
0.005890
0.122593
-0.286294
0.487472
0.168981
-0.794733
-0.532640
0.288797
0.061373
0.004913
0.670583
-0.146947
-0.804743
-0.859981
0.453841
-0.173620
-0.820368
-0.447005
0.346721
-0.212989
-0.242286
-0.583300
-0.472518
0.917783
0.216346
-0.308267
-0.086093
-0.599902
0.477706
-0.344829
-0.152623
0.842036
0.432722
0.882565
0.300638
-0.995483
-0.347453
0.864803
0.687063
-0.611194
-0.870479
0.612476
0.344890
-0.803095
0.432112
0.902463
0.071749
-0.689505
-0.293619
-0.124668
-0.147984
0.371563
-0.977905
0.993835
-0.512497
-0.302469
0.486984
0.673452
0.016083
-0.865535
0.357707
0.724540
0.536302
-0.494919
-0.733879
-0.687063
0.891354
-0.875607
0.694571
0.039644
-0.251320
0.785150
-0.662038
-0.398602
0.763848
0.629749
0.663686
0.697623
0.495895
0.850154
0.346721
0.906247
0.935911
0.325968
-0.500534
0.809259
-0.649953
0.046541
-0.464705
-0.175878
0.774407
-0.220679
0.502487
0.827570
0.510849
-0.087985
-0.671987
0.909726
0.340617
-0.492904
-0.310282
0.764519
0.296976
-0.597644
0.795282
-0.457564
0.846553
-0.512741
-0.048799
0.933287
-0.965087
-0.243141
-0.303568
-0.811701
0.610279
0.252480
0.945494
0.583483
-0.763970
-0.728690
0.907529
-0.140538
-0.198340
-0.597888
0.729911
0.355937
0.359416
0.053987
0.470992
-0.926817
-0.481307
0.195044
-0.349528
-0.884945
-0.847774
-0.740165
-0.383099
0.722953
0.743889
-0.023041
-0.273232
0.064425
0.464827
-0.092563
0.765557
-0.772454
-0.765007
-0.289285
0.604663
-0.944639
-0.903378
-0.214270
-0.062593
-0.680654
-0.599231
0.950072
0.219520
0.217872
-0.960570
-0.389569
-0.221412
-0.258889
0.314676
0.508286
-0.091708
0.426252
-0.028962
-0.021821
-0.600085
0.719901
-0.516953
-0.910337
-0.861873
0.594958
-0.640919
-0.224525
-0.068270
-0.469405
0.961974
-0.282449
-0.023103
0.951476
-0.708426
-0.302042
0.167760
-0.292093
0.052034
-0.873409
-0.504868
-0.748589
-0.637013
0.062105
0.291360
0.420270
-0.333354
0.511032
0.485397
0.773797
0.271523
0.970519
0.071871
-0.092990
-0.050752
-0.935850
0.546556
0.817255
-0.486129
-0.894162
-0.075045
0.883480
0.634571
0.482894
0.938963
0.712638
0.856929
0.181310
-0.535508
0.929746
0.918088
0.555956
-0.398236
-0.809320
-0.659413
-0.474471
-0.138768
0.445845
-0.686758
0.437056
-0.024201
-0.457808
-0.676321
0.180456
0.936277
-0.967895
0.638356
0.405683
-0.634388
-0.602283
-0.720023
-0.868221
0.552904
0.950438
0.678762
0.588977
0.486251
-0.754509
0.598132
-0.632435
-0.007965
-0.616871
-0.727592
0.540086
-0.264687
-0.837397
0.874264
-0.534959
0.694693
-0.919309
0.072115
-0.358013
-0.022004
-0.342204
-0.107089
-0.935667
-0.690237
-0.991272
-0.601184
0.124485
0.946776
0.672720
0.532395
0.286416
-0.558092
0.506516
-0.362468
-0.443831
-0.194372
0.151524
0.555528
-0.071688
0.251442
-0.288247
0.933287
-0.167150
0.083712
-0.075900
0.951170
-0.400250
-0.921934
0.878414
-0.752129
0.013215
0.547227
0.250771
0.588305
0.391827
-0.773064
0.214026
-0.675954
-0.016755
0.615772
-0.378643
0.487228
0.944884
-0.862239
-0.244667
0.079440
-0.281167
0.299905
-0.019440
0.955870
0.728202
0.095676
0.293435
-0.271035
0.317301
0.917356
-0.284158
-0.765496
-0.167577
0.155370
-0.256691
0.473617
-0.314371
0.487289
-0.172643
-0.443281
-0.598621
0.261879
-0.243263
-0.896298
-0.210730
-0.178137
0.873592
0.695425
-0.514817
0.379437
-0.863704
-0.961608
0.561693
-0.052095
0.135289
-0.137608
-0.499924
0.302835
-0.038789
-0.591479
0.683645
-0.066683
0.748222
0.856624
0.128391
-0.248146
-0.950316
0.974853
-0.300455
-0.788385
-0.198035
0.795404
0.368267
0.014008
-0.127354
-0.482101
-0.013825
0.451460
-0.439314
0.163610
-0.170507
-0.415387
0.272134
0.780633
-0.482040
0.598682
0.191748
-0.075411
-0.610096
0.333842
0.837153
-0.928098
-0.629261
-0.910520
-0.334025
-0.986206
-0.604297
0.526597
-0.288491
-0.622974
-0.707266
0.011567
0.174718
-0.893612
-0.416242
0.274941
0.288736
0.521104
0.556505
0.129124
-0.029206
-0.744072
-0.434675
-0.234474
0.312906
-0.495407
0.186254
-0.247963
-0.678701
0.234657
0.367962
0.202124
0.555834
-0.780877
-0.293863
0.638478
0.400372
-0.162755
0.224708
0.456526
0.744072
-0.788629
0.681509
-0.169042
-0.498337
-0.416181
0.767754
-0.212928
-0.260109
-0.109897
0.737663
-0.978698
0.798578
-0.356548
0.927976
0.298013
-0.855220
0.928831
-0.023103
-0.486984
0.883663
-0.579699
0.598498
-0.918394
0.531175
0.749504
0.565844
0.405927
0.930601
-0.466048
0.397137
-0.603748
0.083346
-0.046419
-0.156041
0.587939
-0.483810
0.494675
-0.622364
-0.029939
-0.400983
-0.866634
0.314676
-0.965270
-0.246254
-0.192969
-0.063570
-0.368694
-0.536973
-0.967589
0.612354
0.209571
0.116062
-0.837214
0.787103
0.858272
0.908139
-0.361126
-0.694571
-0.222510
-0.179601
0.135716
-0.930540
-0.990234
-0.101108
0.120090
0.682546
0.031098
0.217017
0.295389
0.470199
0.894040
-0.098056
0.425520
-0.379376
-0.363262
0.276406
0.709586
-0.563829
-0.337260
-0.841792
0.311258
-0.686636
0.613147
0.520310
-0.479720
-0.922666
0.630360
0.400555
-0.402570
-0.924558
-0.071139
-0.213294
0.643422
-0.778558
-0.285623
0.998413
0.391644
0.702567
0.225990
-0.255104
0.801019
0.856624
-0.591479
0.273782
0.050691
-0.336161
-0.095614
-0.704154
0.156346
-0.512436
0.275124
-0.623646
0.452864
0.477889
0.817560
-0.477218
-0.917844
0.268532
0.012970
0.300882
-0.925962
-0.774285
-0.798517
0.873470
0.631336
-0.770013
0.967772
0.051912
0.258339
0.327799
0.663076
0.894772
0.496811
0.053987
0.017731
0.211280
-0.333110
0.173254
-0.164953
0.823542
-0.404767
0.713981
0.253639
-0.523240
0.424299
-0.408063
-0.699576
-0.308206
0.034639
-0.218604
0.046175
0.907285
-0.210669
-0.535997
-0.881344
-0.764092
-0.036836
0.140294
-0.307169
-0.605945
0.929136
0.516892
0.204016
0.752251
-0.179540
0.612476
-0.023347
0.874569
-0.704764
-0.977721
-0.363872
0.077914
0.545457
0.174169
-0.346416
0.415632
0.474410
0.945738
-0.873714
0.578845
-0.843257
0.626637
-0.139744
0.952818
0.416303
0.566088
0.677969
-0.619495
-0.231971
0.394208
0.450423
0.121677
0.975524
-0.624134
0.681692
0.081515
-0.976867
0.790887
-0.662221
0.216895
0.522568
-0.009491
0.682119
-0.838374
-0.993103
-0.044099
0.804010
-0.500534
0.123203
-0.752739
0.534104
0.133091
0.900632
0.134861
-0.172033
-0.934751
0.855464
-0.708609
-0.467818
-0.119175
-0.356365
0.296670
0.477706
0.476547
0.548936
0.440657
-0.398968
-0.121006
0.279946
-0.959838
0.239845
-0.005585
-0.092746
0.671621
-0.982543
0.124546
0.240638
0.499863
-0.783380
-0.682119
-0.881283
0.235450
-0.566149
-0.679922
-0.905210
-0.011322
0.330058
-0.796564
0.234046
0.429121
-0.380230
-0.682119
0.826594
-0.632008
0.747063
-0.131687
-0.691885
0.589404
0.880734
-0.863582
0.745903
0.365520
0.124790
0.530381
0.606189
-0.159825
0.921140
-0.256508
0.016388
-0.028779
-0.173742
0.158300
0.806269
-0.188025
0.766045
-0.720328
-0.053804
-0.193579
0.254128
0.653188
0.686758
-0.543138
0.105564
0.130467
-0.616138
-0.758660
0.199561
-0.122593
0.473128
0.664113
0.966735
-0.108554
-0.297403
-0.139317
-0.983215
-0.491012
0.603137
0.026154
-0.103000
0.123386
-0.558702
-0.825617
0.655446
-0.639698
-0.660573
0.208045
-0.777886
-0.375713
-0.156407
0.977905
0.648061
-0.078097
-0.924375
0.577807
-0.226356
-0.766778
0.284036
0.423750
-0.423261
-0.821894
-0.640553
-0.621754
-0.392560
-0.781671
0.741081
-0.539048
-0.874081
-0.421613
-0.391156
-0.025605
-0.901364
-0.575426
0.554430
-0.448347
-0.798883
-0.355937
-0.845271
-0.100192
-0.309244
0.097629
0.935850
-0.332072
-0.801386
0.692679
0.263283
0.310892
0.792291
-0.871212
0.649281
0.404706
0.617664
-0.235511
-0.623768
0.683157
0.478561
-0.146092
0.141270
-0.503403
-0.644154
-0.191382
0.585253
0.384320
-0.242164
-0.587268
-0.529588
0.287149
-0.749016
0.871395
-0.273476
-0.906064
-0.133030
0.034211
-0.291177
0.477889
-0.752373
-0.404828
-0.591479
-0.255287
-0.154942
0.856746
-0.365215
-0.977233
-0.842463
0.165075
0.098849
0.630543
0.235084
0.314249
0.271706
0.996460
0.666921
-0.431379
-0.010529
0.574572
-0.100497
0.733695
-0.458357
0.646718
-0.758049
0.520310
-0.379864
-0.082919
-0.550707
-0.844600
-0.571825
-0.615101
0.465255
-0.585925
0.078585
-0.950926
0.505722
-0.271645
0.868954
0.306497
0.701956
0.712760
0.943541
0.213660
-0.988586
-0.680593
-0.561876
0.301187
-0.163976
0.626453
-0.916929
-0.048189
-0.868770
0.133457
-0.496139
0.332743
0.302835
0.367901
0.380413
-0.596484
0.013092
0.398907
0.358989
-0.523423
-0.185644
-0.387310
0.680349
-0.893368
0.308634
-0.876705
0.802118
-0.792352
0.419111
-0.843989
0.982971
-0.490768
0.194128
-0.374981
0.314310
0.086642
-0.645192
0.504440
0.108554
-0.834712
-0.427107
-0.648610
-0.840144
0.719840
0.195471
-0.231788
0.404889
0.375774
-0.934019
-0.361980
-0.077425
-0.259194
-0.943846
-0.080416
-0.413862
0.821100
0.358989
-0.276162
-0.743522
-0.405011
0.340983
-0.208533
-0.860042
-0.166051
0.720267
0.693228
-0.875729
-0.867367
0.898312
0.540269
0.065401
0.217627
0.383587
-0.336650
0.406903
-0.969970
0.835994
-0.260659
0.718925
-0.583666
-0.130222
0.600696
-0.424360
-0.634999
0.067415
-0.456221
-0.450423
-0.799310
0.278481
-0.978515
-0.615894
0.090915
-0.322245
0.536973
-0.936827
-0.064852
0.879879
-0.219459
0.962096
-0.680593
-0.926756
0.403974
0.203040
0.756279
-0.676260
0.714103
0.412152
-0.541429
-0.901181
-0.587756
-0.524644
-0.463790
0.795587
-0.882260
-0.921140
-0.293313
-0.378460
0.839045
0.184851
-0.092196
0.617298
-0.290689
0.977844
-0.073458
-0.574145
0.668630
0.576769
-0.147313
-0.618152
0.590503
0.666250
0.544725
-0.352702
0.544053
0.568468
0.829768
-0.788629
-0.044038
-0.635914
