0.304910
-0.172094
-0.200720
0.921995
-0.993957
-0.048372
0.935301
0.461226
-0.270058
0.466353
0.009674
-0.176916
0.576098
0.475936
0.719047
-0.787225
0.562914
-0.305399
0.508530
-0.322367
-0.908444
-0.505234
-0.447798
-0.651051
0.172643
0.143956
0.045198
0.223670
0.939512
0.692129
0.226661
0.384442
-0.259926
-0.492355
-0.355449
0.453108
-0.719047
0.677602
0.663808
0.970763
-0.596606
-0.041108
-0.408856
0.270486
0.864620
-0.289163
-0.140233
-0.046663
-0.751762
-0.440413
0.059786
-0.250893
0.048250
-0.358684
0.406964
0.410199
0.341960
-0.156285
-0.355022
-0.236915
-0.454146
0.556932
0.281655
-0.974425
0.478317
-0.581713
-0.841060
0.121250
-0.431074
-0.496445
0.813349
-0.624073
0.199255
0.352458
-0.496933
-0.957152
-0.742729
0.687674
-0.251503
-0.352702
-0.297159
-0.789789
-0.881710
-0.775323
-0.472152
-0.127537
-0.077731
-0.148412
-0.782830
0.152318
0.309122
-0.627674
-0.221107
0.107089
-0.817255
-0.155919
-0.947264
-0.995605
0.761467
-0.269936
-0.571337
-0.834956
-0.883786
0.388897
-0.166845
-0.228248
0.856502
-0.464400
0.055330
-0.850276
-0.081820
0.602405
-0.035859
0.547716
0.071871
0.672353
-0.315836
-0.793817
0.902707
-0.240883
0.988586
0.168004
0.150426
0.433515
0.038789
0.491073
-0.769463
0.932676
0.893979
-0.207678
-0.894284
-0.947508
0.710013
0.734733
-0.394208
-0.837825
0.818354
0.715445
0.071993
-0.598437
0.844722
-0.698233
0.357646
0.855953
-0.796258
0.527696
0.309183
0.184179
-0.683340
-0.326334
0.117405
0.745903
-0.859127
-0.869198
-0.608509
0.602222
0.663747
-0.747307
-0.404401
0.257729
-0.030122
0.556261
-0.318583
-0.742546
-0.670034
-0.663259
-0.159642
0.214026
-0.002411
0.801935
-0.994201
0.275430
0.887082
-0.843196
-0.549852
-0.901547
0.359905
-0.449019
0.647206
-0.965697
0.267006
-0.924558
0.009186
0.497971
-0.222938
0.062838
-0.458480
-0.385052
0.412152
0.873775
-0.866329
0.430036
0.619007
-0.279519
0.849788
0.922422
-0.818171
-0.126560
0.055757
0.404767
-0.972045
-0.647206
-0.830134
0.146519
0.378582
-0.893307
0.641713
-0.966185
0.691824
-0.438704
-0.394391
0.004730
-0.838679
-0.112949
-0.321635
0.585009
-0.616321
0.222022
-0.299478
-0.930906
0.769707
-0.636769
0.991882
0.311319
0.480392
-0.617542
-0.440901
-0.317728
-0.751762
-0.654775
-0.355388
0.111545
0.611438
0.966796
-0.550096
0.889706
-0.344340
0.261513
-0.807184
0.135472
0.755364
0.432783
-0.647694
0.076022
-0.817499
0.484359
-0.480148
0.101657
-0.514451
-0.067843
0.256508
-0.226844
-0.702750
0.421369
0.075716
-0.915403
0.745354
0.522385
0.738639
-0.967772
-0.531785
0.080294
-0.066744
0.800836
-0.771294
-0.634266
-0.127781
-0.948485
0.293619
0.758538
0.130894
0.924558
0.834956
0.760796
-0.271828
0.783685
-0.596545
-0.450911
-0.040254
-0.373821
-0.573351
-0.731925
-0.495407
-0.194128
0.335551
0.456709
0.134312
-0.559557
-0.204688
-0.264504
-0.043794
-0.438704
-0.772454
-0.876339
-0.982482
0.747368
-0.482406
-0.988769
-0.650990
0.109348
-0.339396
-0.893185
-0.507920
-0.111606
-0.617908
-0.732047
-0.860042
-0.095676
-0.988952
0.223121
0.558397
0.844783
-0.427900
0.063265
-0.092746
0.441694
0.507431
0.882199
0.599963
-0.971862
-0.796258
-0.324503
0.949583
0.030915
-0.718863
0.016694
0.665090
-0.487960
0.510422
0.546800
0.048860
0.944334
0.496078
0.783380
0.585742
0.444990
0.532762
0.143468
-0.328043
0.619434
-0.060091
-0.683279
0.030610
0.805414
0.776543
0.455306
0.947630
-0.706900
-0.592761
0.225135
-0.560533
-0.327372
-0.175695
0.630909
-0.035615
-0.260598
-0.977111
0.502060
0.790216
-0.637379
-0.336100
0.652272
0.737175
-0.709708
0.615589
-0.068331
-0.034272
0.970946
0.951842
0.471786
0.521409
0.806146
0.972472
-0.954039
-0.028962
-0.916074
0.720878
0.118625
-0.768731
0.094150
0.753777
0.217322
-0.352153
0.419172
0.810846
-0.610340
0.404889
0.020539
0.167516
0.986206
0.154271
-0.537889
0.152074
-0.216773
0.589770
-0.398602
-0.990173
0.377239
-0.910276
-0.685598
-0.727287
-0.044343
-0.332987
-0.210425
-0.783135
-0.443342
-0.481796
-0.301553
0.905332
0.283914
-0.863521
-0.564013
-0.301370
-0.780084
0.999207
-0.062410
-0.342448
-0.960936
0.458480
0.595874
-0.590808
-0.155736
0.236061
-0.751823
0.873836
-0.464522
0.451765
-0.470382
0.513291
0.074190
-0.849849
-0.264504
0.672231
-0.315348
-0.778130
0.279092
0.784234
0.481552
0.511887
-0.012726
0.339946
0.992370
0.371441
-0.634205
0.182958
0.296487
-0.416242
0.323283
0.469283
-0.572558
-0.373577
-0.530931
-0.801202
0.183691
0.148045
-0.666494
-0.161229
0.584155
0.204382
-0.238990
-0.192541
-0.320963
0.235694
0.960997
-0.770257
-0.512680
-0.034883
-0.302713
-0.897214
-0.856563
-0.995056
-0.676138
0.860714
0.643300
0.145787
0.221595
-0.315226
0.106845
-0.408734
-0.961547
0.483749
0.852168
-0.815058
-0.844478
0.623707
-0.268960
0.116428
-0.715140
0.036836
-0.020234
0.706717
-0.056856
-0.322367
0.969481
0.833308
-0.926145
0.468307
-0.279824
0.098178
0.119053
0.016022
-0.250954
0.096652
-0.335490
-0.669546
0.144749
-0.541917
-0.434797
-0.603687
-0.250526
-0.792535
-0.131077
-0.052889
-0.161046
0.913388
-0.965026
-0.075289
0.079867
-0.681265
0.175817
0.344157
-0.038362
-0.974181
0.195349
0.771722
0.251381
0.491012
0.756951
-0.494064
0.200049
-0.775811
-0.173376
0.148656
-0.022980
0.200354
0.028474
-0.323466
-0.631642
-0.855342
-0.737602
0.505356
-0.450545
-0.161168
-0.775994
0.653127
-0.319193
-0.185400
0.288553
-0.631031
0.917173
0.020356
0.285501
0.298135
0.822504
-0.027924
0.451949
0.362468
0.200293
0.267129
0.873043
0.559435
0.354717
0.898129
-0.300394
0.994934
-0.036103
-0.522019
0.531175
-0.093051
-0.925474
0.439253
-0.777276
-0.666189
0.556200
0.981811
-0.226295
-0.171361
-0.287027
0.590258
-0.742302
-0.753777
-0.704215
0.679922
-0.720756
-0.282693
-0.430525
0.685171
0.016755
0.535325
-0.787286
0.431806
0.544237
0.203711
0.339702
-0.293191
-0.863765
0.348186
0.043245
-0.742973
0.298379
-0.359661
0.196509
0.813044
-0.787530
-0.763848
-0.263955
0.578845
-0.772271
0.430525
0.041719
-0.171911
0.372051
0.700797
-0.629505
-0.952208
0.876766
0.071139
-0.046419
-0.363140
-0.226722
0.908933
-0.465194
0.602893
-0.072054
-0.290994
0.402264
-0.806940
-0.192175
-0.982116
0.263222
-0.064119
0.704337
-0.232521
0.330546
-0.420759
-0.440413
-0.352214
0.606983
-0.746147
-0.177404
0.516526
0.681265
0.798212
0.665151
0.519578
0.199499
-0.828486
-0.783441
-0.975097
0.377300
-0.021638
0.658315
-0.120945
0.852107
-0.325724
-0.176916
-0.006073
-0.807917
0.108432
0.448347
0.966369
0.042512
-0.413312
-0.030061
-0.438276
-0.293313
0.584887
0.394024
-0.723075
-0.725517
-0.425214
0.280679
-0.326640
-0.331523
0.666494
0.202673
-0.201697
0.546007
0.986694
-0.316446
-0.365398
-0.170080
0.346721
0.724052
-0.059786
0.210669
0.634144
-0.531785
-0.760613
0.012848
-0.818842
0.078402
-0.457808
-0.830134
0.898740
-0.382733
0.554735
0.233070
-0.931639
-0.479965
-0.822748
-0.008332
-0.252174
-0.568468
0.719291
0.535691
-0.278420
0.253639
-0.160192
-0.460555
-0.906552
0.878536
0.663808
-0.230323
-0.622547
-0.323099
-0.349834
0.312357
0.702506
-0.433210
0.994079
0.226844
-0.682058
-0.095492
-0.758660
0.251442
-0.884274
0.197424
-0.766900
-0.373272
-0.770379
-0.024751
-0.325297
-0.413984
-0.338115
0.116977
0.836421
-0.523728
-0.827509
-0.604114
-0.634083
0.748955
0.736015
0.090243
0.038057
-0.335429
0.715201
0.740959
0.138890
-0.285318
-0.707266
-0.681570
-0.595508
0.444929
-0.223243
-0.583605
0.859004
-0.585620
0.024689
-0.664785
-0.902524
0.844417
0.063509
-0.814447
-0.182226
0.132664
0.457320
0.960997
0.697073
-0.691641
0.765984
0.311930
-0.958251
-0.577013
0.167577
0.454024
0.625477
-0.893796
-0.550768
-0.539171
0.469710
0.116062
0.616565
-0.361064
0.577136
0.957945
0.018220
-0.504868
-0.314798
-0.697928
0.677419
-0.303323
0.052034
0.522629
-0.299112
-0.193152
-0.763604
0.889279
-0.977477
-0.120273
0.738273
-0.616932
-0.654469
-0.032258
0.020356
0.728446
0.254494
-0.749382
0.502060
0.292642
0.728446
-0.164464
0.007233
-0.720573
0.106235
0.780877
0.909726
0.078463
-0.970336
0.186621
0.560350
0.866817
-0.365825
0.350993
0.867794
0.920408
-0.112888
-0.281411
0.972594
0.394086
0.013215
0.211158
-0.990112
0.041963
-0.453291
0.363323
0.245766
-0.581713
0.976135
0.097201
0.107578
0.528184
-0.195166
0.149327
0.336283
-0.662343
0.663381
-0.024140
-0.332133
0.788141
-0.829279
0.900754
0.033601
0.859066
-0.883175
-0.129917
-0.465743
-0.322672
-0.306192
0.929868
-0.162450
0.836604
0.545091
0.930906
0.572985
-0.037568
-0.617847
0.057100
-0.210181
-0.478011
-0.700735
-0.409589
0.490768
-0.554491
-0.800958
0.796319
0.507065
-0.535508
-0.400250
-0.147801
-0.703421
-0.769951
0.691153
0.272439
0.308023
-0.621754
0.925779
0.941954
0.208777
-0.421796
0.445723
0.118198
-0.545640
-0.235572
-0.327494
0.077242
0.012360
0.401044
-0.463240
-0.881832
0.685049
-0.603748
0.792291
-0.796442
-0.882565
0.259682
-0.867306
-0.769768
0.791620
-0.455184
-0.199866
-0.398724
-0.191748
0.827815
0.306864
0.860714
-0.909909
0.036897
-0.395856
-0.790033
0.379864
-0.039766
-0.079073
-0.089022
-0.459578
-0.683218
-0.776727
-0.142735
0.016755
-0.649586
-0.219459
-0.703055
-0.294534
0.064791
0.666311
0.173803
-0.344768
-0.567797
0.590869
0.376019
0.994446
-0.616260
-0.959105
-0.264626
-0.723502
-0.643605
0.194433
0.485031
0.704520
0.849422
-0.322428
0.666433
0.169897
-0.848689
-0.888485
-0.601001
-0.720511
0.637440
-0.809198
-0.665578
-0.604724
0.327250
0.407025
0.162023
-0.965575
-0.824091
-0.813959
-0.861385
-0.508225
-0.658193
0.812189
0.339091
0.074435
0.462325
0.053560
-0.181860
0.132298
0.033601
-0.182043
-0.924741
-0.843379
-0.414472
-0.901486
0.710074
0.526658
0.071078
-0.595752
0.097140
-0.770074
0.680898
0.115574
0.321207
-0.046785
0.416364
-0.820917
-0.260048
-0.250465
-0.308878
0.433393
-0.510544
0.521409
0.891293
-0.330851
0.355022
0.216285
0.648976
-0.893674
0.947630
-0.744133
-0.748039
0.554552
0.964232
-0.049348
0.924436
-0.290811
-0.975402
-0.900693
-0.180212
-0.604785
-0.863704
-0.047700
0.924436
0.473495
0.517075
-0.157201
0.784906
0.360698
0.283547
-0.193396
-0.686209
-0.638417
-0.759880
0.269814
-0.096469
0.798639
0.020112
-0.491867
0.891171
-0.646596
-0.819025
0.073702
-0.680410
0.338481
-0.416791
-0.298074
0.449385
0.467635
-0.812067
0.621326
0.514084
-0.400433
0.928709
-0.024262
0.117161
-0.193152
0.232582
-0.000397
0.410566
-0.579394
-0.519822
0.813288
-0.549852
0.056856
-0.249916
0.418744
0.972350
0.480514
0.895199
0.829829
0.511460
0.474044
0.725028
-0.436445
-0.405194
-0.766228
-0.442610
-0.789666
0.857967
-0.395245
0.062960
-0.258095
0.258889
-0.925108
0.821284
-0.968139
0.509873
0.728019
-0.918271
0.804498
0.975097
0.629261
0.672781
-0.961241
0.677480
-0.131443
0.143956
0.006439
-0.229652
0.833125
-0.165441
-0.151158
0.067721
-0.595752
0.011750
-0.228431
-0.543443
0.223365
-0.398053
-0.217444
-0.165563
-0.660329
0.868465
-0.049959
-0.142308
-0.828242
0.793756
-0.755974
-0.489181
0.899167
-0.304117
0.386517
0.899289
0.943480
0.192846
0.865902
-0.563585
-0.677908
0.448897
0.193152
-0.318949
0.297098
0.938475
0.029084
0.180395
-0.171911
0.425336
0.092441
0.180273
-0.717643
-0.596850
-0.476730
0.168737
-0.305765
-0.134800
0.010895
-0.764580
0.169774
-0.259926
-0.330485
0.735527
0.010224
-0.388531
-0.462630
-0.118381
-0.382183
0.072848
0.720634
0.752007
-0.062471
-0.407392
0.918210
0.955443
0.128086
0.641408
0.371563
0.345134
-0.654775
0.550279
0.917112
-0.679678
0.850642
0.797601
0.984619
0.609973
0.910825
-0.550523
-0.847285
-0.017792
0.111606
0.411786
-0.193396
-0.557115
0.802850
-0.174047
0.760735
0.883053
-0.505722
0.173009
-0.457381
-0.095126
0.085604
-0.127720
0.275430
0.601489
-0.837336
-0.328471
0.586230
-0.358562
0.552416
0.842830
-0.269814
-0.586962
0.285257
0.721244
0.437788
0.969054
0.199011
-0.714957
0.457259
-0.953673
-0.804254
0.797418
-0.672720
0.494003
-0.395123
-0.646840
0.251625
0.656911
0.246681
-0.383526
0.035920
-0.480453
-0.127537
-0.981323
-0.796075
0.586718
-0.980590
0.524339
-0.829585
-0.711905
-0.331828
0.099094
-0.548875
-0.532212
-0.027558
-0.337382
-0.549669
-0.423933
-0.091220
0.033906
-0.770928
0.881710
-0.568468
-0.051607
0.404950
-0.636219
0.695608
-0.731681
0.095614
-0.644704
0.486435
-0.478072
-0.542772
0.274453
0.024323
-0.765069
-0.475387
-0.749809
-0.821467
-0.722709
0.811701
-0.610401
0.020417
0.503464
0.047945
0.762017
0.755974
0.909604
0.101047
-0.617298
0.138707
-0.390606
0.950438
-0.938963
0.170202
0.704703
-0.214393
-0.730522
0.991699
-0.342509
-0.163610
-0.833857
-0.640736
0.767510
0.134739
0.705679
0.005524
-0.669668
0.784906
0.186682
-0.851924
0.604968
0.662648
-0.494858
-0.869991
0.975341
-0.928770
-0.857051
-0.188940
0.554918
0.610584
-0.997497
0.677114
0.081393
0.689444
-0.139012
0.823176
0.779229
-0.703604
-0.951903
0.877194
-0.683401
0.849849
0.156102
-0.559008
0.124912
0.979675
-0.309854
-0.793329
-0.089999
0.185339
0.881893
-0.751823
-0.706351
0.167943
0.423139
-0.911069
0.956908
-0.697867
-0.417646
-0.408918
0.443098
0.355205
0.302164
-0.733757
0.848079
-0.871090
0.083712
-0.632069
0.461715
-0.089450
-0.582812
0.118686
0.494797
0.700858
-0.532579
-0.330607
-0.817072
-0.327921
-0.411481
-0.385418
0.401715
0.119785
0.966308
0.869747
-0.221290
-0.475631
-0.436445
-0.849849
-0.124119
0.529893
-0.435286
0.884579
-0.830988
0.079806
-0.412580
-0.793085
-0.589465
0.665273
0.234901
-0.952086
0.168737
-0.432234
0.254738
0.878414
0.935789
-0.449263
-0.624500
0.942137
-0.320597
0.373211
-0.394818
0.195044
0.729850
0.672903
-0.728874
-0.420392
-0.286721
-0.583422
0.983032
-0.070772
0.496261
0.186010
0.353069
0.290262
0.756279
0.664785
-0.907834
0.343486
0.420576
0.082553
0.470199
-0.408673
-0.187292
0.738639
-0.550035
0.704215
-0.506638
0.182470
0.905698
0.060396
0.028657
0.776238
0.449324
0.021149
0.277444
0.183325
-0.562120
0.241432
-0.886532
-0.291849
-0.786431
0.071200
0.609119
-0.572436
-0.141514
0.003143
-0.917539
0.621326
0.265664
0.311808
0.841914
-0.816279
0.740043
0.553819
-0.376202
0.626942
0.864010
-0.100131
-0.116977
0.597156
0.444258
-0.640309
-0.851497
0.893246
-0.043611
-0.193945
-0.527879
-0.207251
-0.166051
-0.428694
-0.332072
0.576708
0.126072
-0.378887
-0.929441
-0.746696
0.157994
0.088778
-0.404889
0.074557
0.132298
-0.769951
0.783380
0.485031
-0.271706
0.437666
0.447981
-0.847835
-0.874264
-0.435408
0.663198
0.174291
-0.661000
-0.616443
-0.659841
0.821589
-0.925657
-0.550645
0.592090
0.616443
0.646290
0.162450
-0.420087
-0.005280
-0.957823
-0.559862
0.210669
-0.384564
-0.975768
0.617359
-0.916929
0.009674
-0.576708
0.876400
0.958434
0.485214
0.296182
0.932676
0.457015
0.978210
0.012421
-0.989929
-0.433576
-0.108798
0.099948
-0.895993
-0.168615
0.241005
0.896481
0.870724
0.643971
0.415632
-0.590442
-0.393231
-0.196997
-0.200354
-0.467574
-0.406598
-0.665639
-0.173620
0.325724
-0.247230
-0.660146
0.327860
-0.213172
-0.719474
0.796808
0.660634
-0.809137
0.893124
0.423383
0.682180
-0.973632
-0.982299
-0.452010
-0.529954
0.702445
0.449324
-0.874508
0.917905
-0.479293
0.938047
0.433027
0.585070
0.017304
-0.996643
0.086825
0.741997
-0.024018
0.033967
-0.932188
-0.029145
-0.005402
0.267312
-0.884640
0.369366
-0.345378
-0.325053
0.272866
0.955199
0.184973
0.245460
0.088229
-0.921384
0.279153
-0.682546
0.716300
-0.728813
-0.903012
0.970641
0.243751
-0.889767
-0.200964
-0.521714
0.665822
0.807733
0.174596
-0.965880
-0.674184
0.824824
0.612110
-0.964049
0.593310
0.492538
-0.723502
-0.219764
-0.116428
0.429914
0.612659
-0.387860
0.143590
0.657155
-0.686880
-0.408551
0.544359
0.800043
-0.241005
0.382733
0.967956
-0.047945
0.913205
0.873714
0.527573
-0.237526
-0.791559
-0.805841
-0.797479
-0.877865
-0.437971
-0.716300
-0.318827
-0.961425
-0.971618
-0.702017
0.282632
-0.692984
-0.577624
-0.491379
-0.205542
0.724784
-0.972839
-0.495224
0.911557
-0.139866
0.971007
0.465682
0.855281
0.744865
-0.487838
0.335307
-0.662465
0.798334
0.326640
-0.058138
-0.663686
-0.002777
0.650929
-0.544176
0.322916
0.466231
0.626331
0.106784
0.687857
0.209143
0.841243
-0.477706
-0.613941
-0.907346
0.122349
0.287454
0.275185
-0.583422
0.252846
-0.548509
-0.809748
0.416974
-0.606922
0.486557
0.458174
0.527085
-0.868892
-0.100620
-0.432173
0.893368
0.968383
0.568773
-0.000275
-0.550768
0.295328
-0.335978
-0.101657
-0.157628
0.245399
0.183447
-0.890988
0.247841
-0.530198
-0.125156
0.610950
-0.921812
-0.500168
0.727348
0.735527
0.376568
0.878719
-0.604297
0.093661
0.319010
-0.147740
0.287027
0.495590
0.890011
0.805292
-0.961425
-0.069552
0.551073
0.463179
0.639393
-0.770745
-0.985412
-0.372356
-0.674062
-0.015534
-0.991699
-0.107578
-0.188818
-0.162816
-0.052217
0.500412
0.198035
0.299112
-0.316202
0.096530
0.547899
-0.209693
-0.063265
-0.715201
-0.898068
0.239357
-0.998962
-0.316202
0.953001
0.560045
0.577868
-0.637806
0.344157
0.860775
-0.673086
-0.365337
-0.037141
0.452864
0.788385
-0.357341
-0.183081
-0.741325
0.064425
0.857051
-0.452071
0.137364
-0.191992
0.660573
0.464400
-0.955077
0.117588
-0.954588
0.920408
0.602893
0.403729
0.070162
0.604480
-0.573778
-0.373760
0.258766
0.511338
0.408246
-0.412702
-0.223060
0.310770
-0.876095
0.809687
-0.353862
-0.375042
0.449568
0.620472
0.620716
0.843928
-0.562548
0.888791
-0.543504
0.849422
-0.208106
-0.840510
-0.797723
-0.238685
0.334208
-0.238746
0.948729
-0.930845
0.621632
0.710929
0.713370
0.212622
0.540635
-0.069063
0.395978
0.506333
0.657643
-0.397443
0.987487
-0.180212
-0.109836
0.468795
-0.687735
-0.035798
0.295206
0.608875
0.171728
0.456648
0.839839
-0.846065
0.307962
0.121677
-0.789178
-0.842708
0.908078
0.059542
0.534104
0.447188
0.018281
-0.626331
-0.898740
-0.536058
-0.579028
0.647450
0.402326
0.551683
-0.397931
0.058321
0.045198
0.910398
0.631825
-0.403851
-0.676382
-0.556078
0.525620
0.261757
-0.801874
-0.407025
0.592822
-0.981262
-0.185583
-0.546617
0.970275
-0.116672
0.463668
0.657826
-0.908872
0.237037
-0.230323
0.381817
-0.768914
-0.995361
-0.243690
0.693350
-0.672170
0.491928
0.286782
0.874813
0.143773
-0.223670
-0.808344
0.393170
-0.721061
0.167638
0.172643
-0.886166
0.967223
0.314371
0.152501
-0.881222
0.621021
0.968444
0.817621
0.424421
-0.099277
0.377728
0.375164
0.981201
-0.761406
-0.486801
0.006867
-0.129734
-0.007294
0.607288
-0.141026
-0.131138
0.228736
-0.828242
0.752434
0.566881
0.482467
0.135960
-0.380230
0.270547
-0.190100
-0.838496
0.808893
-0.865108
-0.950194
-0.570055
0.369671
-0.722159
-0.387921
0.487594
0.313028
-0.256874
0.406537
-0.770989
0.984375
-0.210852
0.908872
0.265053
-0.570055
0.636708
-0.608936
0.731010
0.033052
0.745964
-0.653859
0.113926
-0.406598
0.720695
0.875729
-0.891476
0.967162
-0.962951
-0.444136
0.840388
-0.270363
0.418806
-0.097507
-0.498947
-0.722526
0.068026
-0.822260
-0.943968
0.783746
0.726737
-0.800226
0.904965
0.849910
-0.823786
-0.820124
0.758415
-0.220130
-0.968627
-0.835810
0.630970
0.597827
-0.506577
-0.992370
0.283975
0.436934
0.391644
-0.730461
-0.750725
0.601306
-0.324198
-0.364299
0.456526
0.935484
-0.660451
0.444319
-0.695242
-0.077425
0.549608
0.030183
-0.725517
0.312540
0.282876
0.762993
-0.047395
0.111789
-0.481918
-0.706778
0.239418
0.030122
0.813410
0.717215
-0.721305
-0.035981
-0.386029
-0.357707
0.003510
-0.153539
0.421430
0.308939
-0.559618
0.610828
-0.104099
0.216895
-0.717154
-0.221961
-0.326395
0.764702
0.845943
-0.954344
0.365276
0.906186
0.063631
0.094150
0.564318
0.285684
0.289407
-0.856075
0.966613
0.812189
0.181005
0.514634
0.416608
0.654408
0.886593
-0.301981
-0.946654
0.783685
-0.530320
0.888974
0.529893
-0.760613
-0.661000
-0.266579
0.469222
0.563402
-0.354106
0.092074
-0.023103
-0.009674
0.108005
-0.266457
-0.475448
-0.482467
0.782037
0.572008
-0.931700
0.183996
-0.412458
0.899350
-0.202979
0.531907
-0.805536
0.925291
0.774468
0.581408
0.556444
0.980468
0.981079
0.515183
0.027924
-0.321451
-0.796136
0.685049
0.120884
0.001617
-0.554796
-0.705985
-0.329752
0.969787
-0.092502
0.925840
0.190588
0.558763
-0.851009
-0.285195
-0.498398
-0.455672
-0.459517
-0.052095
-0.292520
0.466964
-0.480026
0.139561
0.786615
-0.170324
-0.790338
0.537706
-0.500412
0.269265
-0.055513
-0.023408
0.023957
0.298990
-0.302530
0.782586
0.304056
-0.068941
0.628162
0.134068
0.030610
-0.932066
0.173132
0.863704
0.148228
0.168432
0.669729
-0.292520
0.556139
0.177953
-0.579821
0.703299
-0.981017
0.827509
0.847957
-0.206397
-0.044771
-0.294656
0.049776
0.044588
-0.058809
0.624744
0.834407
-0.057772
0.690664
-0.409833
0.933958
-0.140049
0.213843
0.414167
-0.917661
-0.486251
-0.881161
0.654958
0.820795
0.824885
-0.503769
-0.225684
0.920408
-0.542589
-0.648549
0.936033
-0.832026
0.460067
0.094638
0.550645
0.726005
0.678274
0.743583
-0.302347
0.661306
0.354045
0.698599
0.254311
-0.814508
0.721000
0.938231
0.005951
-0.581347
0.327860
-0.073702
0.722221
0.720756
0.785333
0.077181
-0.019562
0.429670
0.665151
-0.447676
-0.476119
0.892636
-0.464522
0.024934
-0.491562
0.546312
0.543870
-0.382000
-0.858943
0.539537
-0.683828
-0.191198
-0.442793
0.865291
-0.583850
-0.525925
-0.853084
0.013703
0.208106
0.256508
0.168310
-0.986633
0.377422
0.315348
0.401044
0.177587
-0.284951
-0.282327
0.501755
-0.158849
-0.720145
0.651051
0.677602
0.352886
0.155858
0.079501
-0.745415
-0.596484
0.822138
-0.577624
0.472640
-0.951292
-0.348430
-0.075533
-0.921384
-0.140782
-0.282144
-0.526841
-0.816950
0.756401
-0.046480
-0.979125
0.790582
0.437544
0.410016
0.123203
0.393780
-0.957152
-0.056856
0.297769
0.877316
-0.276833
0.902402
0.887936
-0.981567
0.875057
0.208472
0.581713
-0.695669
0.115329
0.482894
-0.867428
-0.274270
-0.796869
0.971801
-0.060762
0.528672
-0.645924
-0.291055
-0.272744
0.532884
0.828547
-0.196265
-0.398114
0.898495
0.374493
0.715384
-0.359600
-0.890805
-0.482406
0.484603
0.174413
-0.687490
0.528550
-0.820368
-0.182043
-0.419477
-0.883175
0.455611
-0.243995
0.666433
0.510056
-0.119053
-0.643666
0.702078
0.791437
0.024384
-0.344829
0.976745
0.214270
-0.441694
0.882565
0.565416
0.927427
0.026887
0.992370
0.687063
-0.349528
0.535142
0.612476
-0.410260
0.836909
-0.574755
0.636952
0.246864
-0.258827
0.640675
-0.460799
-0.512436
-0.242225
0.915464
0.161534
-0.455672
0.840327
0.189550
-0.723930
-0.055940
0.598926
0.762505
-0.784417
-0.452498
-0.632435
-0.954100
0.203467
0.721671
-0.707999
0.821894
-0.529160
-0.906552
0.060518
0.149388
-0.859554
0.589831
0.562792
0.663686
0.697623
-0.085910
0.080294
-0.056063
0.784967
-0.586901
0.325968
-0.512741
0.925291
-0.649953
0.423688
0.806879
-0.198706
-0.911435
0.494430
0.298441
-0.275674
-0.650563
-0.354350
-0.120212
0.905637
-0.916318
0.569628
-0.791925
-0.432783
0.522202
0.063021
0.466720
0.960814
-0.662465
-0.105869
-0.048799
0.440352
0.290384
-0.623218
0.075350
-0.288186
-0.371319
0.154881
0.536668
-0.510178
0.916868
0.978393
-0.871212
0.816828
0.370830
-0.393353
0.729911
0.367290
-0.830439
0.068514
-0.838984
-0.925291
-0.543199
-0.552293
0.299844
-0.225990
0.036287
-0.846004
0.979064
-0.619617
0.698904
0.621693
-0.943419
-0.415387
-0.562731
-0.958922
-0.296609
-0.967589
-0.711356
0.109470
0.801569
-0.408612
-0.625416
0.802484
-0.687857
0.048494
0.336161
-0.374676
-0.202002
-0.226112
-0.302591
0.657155
0.366008
-0.807611
0.970031
-0.468184
0.283303
-0.021882
-0.548997
0.183691
0.069857
0.874264
0.915464
0.639698
0.520859
-0.574633
-0.051057
-0.750420
-0.764946
-0.717887
0.314676
0.652516
-0.684378
-0.764092
-0.597217
0.665822
-0.857234
-0.176611
0.002228
-0.934568
0.815851
-0.790826
0.293680
0.839290
0.632008
0.428083
0.935484
0.840754
0.485397
0.146153
0.271523
-0.134922
-0.924741
-0.760979
0.509140
0.920713
0.586352
0.736503
-0.103488
-0.862850
0.660024
0.716178
0.980895
0.762139
-0.161718
0.144261
-0.496811
-0.025605
-0.450240
-0.042879
-0.974181
0.110019
-0.089877
-0.627979
-0.366008
0.190710
-0.291665
-0.538316
0.263710
0.134556
-0.992615
-0.653005
-0.748283
0.180456
-0.638478
0.162084
0.148473
0.813593
-0.803156
0.726676
-0.258950
-0.868221
0.849727
0.741203
-0.488449
0.822138
-0.819636
0.395917
-0.614185
0.099033
0.818659
0.846736
0.841914
-0.338237
0.095431
0.690847
-0.390790
-0.964904
-0.702811
-0.407270
0.364727
-0.358013
0.738517
0.414777
-0.435224
-0.767327
-0.690237
-0.991272
0.932676
-0.213172
-0.044649
0.973266
0.028657
-0.997009
-0.204627
0.392865
-0.929258
-0.908444
0.412702
0.578478
0.803644
-0.932737
0.436445
-0.903867
0.683279
-0.315104
-0.793573
0.406842
0.951170
-0.259987
-0.400678
0.750603
-0.250160
-0.778924
0.733940
0.329875
0.440291
-0.392193
-0.888730
-0.891903
0.703787
0.900571
-0.393048
-0.697195
0.177526
0.500534
0.569506
-0.297586
0.148961
-0.344279
-0.709891
0.728385
0.635121
-0.381268
-0.211158
0.163244
-0.602893
-0.815546
-0.973693
0.047334
0.328043
0.312845
0.155370
-0.273049
0.395550
-0.633229
0.044221
0.985351
-0.564318
-0.047456
0.288736
-0.243263
0.596484
-0.340190
-0.540208
-0.356853
0.474654
-0.531053
-0.405560
-0.426374
-0.631031
-0.615040
0.696768
-0.280984
-0.598010
0.580004
-0.703665
-0.187292
-0.984985
-0.783624
-0.417890
-0.875179
-0.044160
-0.198035
-0.189489
0.805963
-0.329325
-0.003876
0.706717
0.271035
0.034333
0.417768
-0.500046
0.886410
0.142430
-0.413495
-0.919370
-0.184301
-0.030854
0.317118
0.046297
0.181494
0.275491
0.065523
-0.499069
0.191748
-0.271950
0.683828
-0.500534
-0.301187
-0.083895
-0.714835
0.007416
-0.966552
0.676870
0.486740
-0.899838
-0.288491
0.452071
0.444624
-0.939146
0.090609
-0.137120
0.658620
-0.297769
0.053865
0.909360
-0.449202
0.624256
0.857112
0.869808
0.319010
0.352214
-0.890744
-0.495407
0.814814
0.570666
-0.678701
-0.383709
-0.535875
0.202124
0.774651
-0.894955
-0.323344
-0.864620
-0.931639
0.768365
0.554979
-0.416059
0.482162
-0.898373
0.639088
-0.923399
0.727470
0.886715
0.877682
0.754631
-0.119846
0.760674
0.395428
-0.678945
-0.438765
0.462264
-0.854183
0.298013
0.922422
-0.274453
-0.920225
-0.840205
-0.850093
-0.786431
0.120640
-0.621509
0.008148
-0.497238
-0.870174
-0.683096
0.749077
0.840571
0.207556
-0.360393
-0.351115
0.222571
0.884823
0.401593
-0.661061
0.728507
0.167760
0.830866
0.682180
0.457015
0.314676
-0.609973
0.020051
-0.556078
-0.454390
-0.866451
0.482345
0.572497
-0.438581
-0.361797
0.232521
-0.371136
-0.753044
-0.114841
-0.672048
0.810907
0.752434
-0.982971
-0.652577
-0.445845
0.146825
-0.859859
0.896420
-0.444990
0.302225
0.279458
0.830012
0.044282
-0.250954
0.085360
-0.890683
-0.340739
-0.804682
-0.779656
0.060274
-0.709830
-0.333476
-0.910703
0.862911
0.369854
0.342814
-0.711844
-0.431013
0.293069
-0.874142
0.282327
0.400555
-0.549913
-0.924558
0.436079
0.533250
-0.665456
-0.864681
-0.076144
0.329142
0.449995
-0.641957
-0.573229
-0.946715
0.741935
-0.485275
-0.922056
-0.177465
0.762017
0.752007
-0.682913
-0.820368
0.156346
-0.143406
-0.623768
-0.611255
-0.192602
0.942137
-0.709769
-0.281899
0.265297
-0.715629
-0.078463
0.209815
-0.925962
0.576525
-0.551012
-0.232521
0.112094
-0.323893
0.252052
-0.885861
-0.170263
0.138768
0.845515
0.400678
0.781915
-0.209754
0.558458
0.422468
0.380474
-0.094882
0.423627
0.382122
-0.404767
-0.846858
0.503891
0.029023
-0.408124
-0.751335
-0.748650
-0.749077
-0.670522
0.622608
-0.955138
0.561083
0.187170
0.088595
0.238624
0.960936
-0.987854
-0.813410
0.160680
-0.511032
-0.419782
-0.019501
0.309732
0.762627
0.593188
0.605823
-0.618397
0.411054
-0.714408
0.921751
-0.857173
-0.110508
-0.447432
0.174169
0.616871
-0.648122
-0.052950
-0.803522
0.409040
-0.537095
0.184484
-0.498032
0.228492
0.991882
0.851863
0.496872
0.560350
0.678701
-0.635426
0.881527
0.482772
-0.348796
-0.488998
0.721793
0.378094
0.234535
-0.424421
0.773858
0.835505
0.235267
0.890744
0.946471
0.552843
0.128697
0.102329
0.782281
0.945982
0.597827
-0.640614
0.154881
0.845027
-0.011689
-0.223304
-0.476180
0.289468
0.730033
-0.752678
0.176061
-0.807794
-0.918332
-0.303690
-0.178014
-0.721915
-0.873287
0.852779
-0.715506
0.506760
-0.067598
-0.049593
0.298807
-0.228065
0.718436
0.225684
0.231544
-0.247414
0.386212
-0.093417
-0.244911
-0.278970
-0.073885
-0.457747
0.195959
-0.061251
-0.132969
-0.626759
0.327860
0.571703
0.768548
0.076266
0.494552
0.438093
0.022614
0.791070
-0.632008
0.872005
0.304788
0.945982
-0.327189
0.050874
-0.713126
-0.438826
0.365520
-0.677908
-0.813410
-0.346721
0.977783
-0.733390
-0.767449
0.680471
-0.445540
-0.198401
0.961669
0.168004
-0.806452
-0.708304
0.361187
-0.579394
0.711844
0.700674
0.906674
-0.913572
-0.985107
0.105564
-0.480697
-0.751701
0.185827
-0.661916
0.845210
-0.080905
0.936155
0.966735
0.868954
-0.633839
0.403790
-0.338908
0.300638
0.512803
-0.619495
-0.970702
0.123386
-0.962645
0.852901
-0.925596
-0.518784
-0.289773
0.780328
-0.412152
-0.012970
0.614978
0.407514
0.648061
0.342021
0.472762
0.577807
0.789422
-0.393292
-0.212012
0.699149
0.405927
0.345195
0.549425
0.663930
-0.778314
0.666128
0.415387
0.655812
-0.874081
-0.419721
0.439802
-0.505905
-0.546068
-0.752251
-0.241676
-0.754570
0.224647
-0.355937
0.697073
0.576220
0.685842
0.097629
0.711295
-0.275979
0.554430
0.003204
-0.188330
-0.726188
-0.486618
-0.870174
0.052950
-0.521714
0.196020
0.633473
0.983215
0.284463
0.478561
0.427412
-0.855525
-0.349895
-0.639332
0.080966
0.041780
0.649770
0.222449
-0.798822
0.905026
-0.655812
0.785211
0.283731
0.041292
-0.274331
0.620777
0.267617
0.265725
-0.105991
-0.743583
-0.628162
0.974059
-0.631642
-0.154942
0.142186
0.643422
-0.977233
0.920164
0.163854
-0.167028
0.931822
0.178747
-0.076022
0.109409
-0.734184
-0.604602
0.871395
-0.261879
0.668447
-0.467269
-0.928098
-0.348857
0.646718
0.011139
0.287698
-0.020051
-0.877499
-0.550707
-0.403851
-0.571825
-0.615101
-0.457259
-0.053560
0.710135
0.174841
-0.167150
-0.535203
0.242042
0.848140
0.701956
0.712760
0.532640
-0.790704
0.490951
0.122898
-0.782220
0.301187
0.594348
-0.868404
0.924314
-0.841182
-0.021455
-0.594470
-0.917173
-0.912656
0.219886
-0.684805
0.576464
0.442488
-0.495102
-0.041963
-0.221290
-0.294656
-0.185644
0.710135
-0.057161
-0.029145
-0.448103
0.889584
0.986877
-0.792352
-0.766900
-0.136265
-0.729118
-0.277261
0.443648
0.997314
0.314310
-0.197974
-0.793573
0.513352
0.108554
-0.998596
0.873470
0.051363
-0.131748
-0.672231
0.393841
-0.360515
-0.012421
-0.073885
-0.954405
-0.405133
-0.684011
-0.590320
0.876217
-0.726981
0.734977
0.473006
0.080538
0.955992
0.708853
-0.405011
-0.872372
-0.560778
-0.269936
0.329325
0.720267
-0.805475
-0.835505
-0.646901
0.000641
0.592456
0.383709
-0.867977
0.058321
-0.674490
0.187475
-0.903317
-0.190771
-0.260659
0.718925
0.317850
-0.213050
-0.838313
0.820673
0.968444
-0.707633
0.394391
-0.131748
-0.528916
0.363018
-0.609790
-0.905210
0.310160
-0.770684
-0.878048
-0.011322
0.286966
-0.230262
-0.604297
-0.195227
-0.982177
0.164525
-0.997803
0.082247
-0.467757
-0.684500
-0.348918
0.154393
-0.897641
0.599414
-0.372662
-0.896542
-0.214209
-0.247841
0.568651
-0.562853
0.395184
0.199683
-0.672353
0.265419
0.110385
-0.977905
0.828974
0.633534
-0.470321
0.380657
0.134556
0.576769
-0.324625
-0.908139
0.518357
0.923948
-0.595508
-0.859310
-0.192480
0.459395
-0.206519
-0.971679
0.044893
0.352886
