0.219886
0.720328
-0.570849
0.849971
-0.754265
0.543748
-0.060213
0.458480
-0.036531
0.958800
0.031037
0.293863
-0.096469
-0.934568
0.861141
-0.620411
-0.565722
-0.156774
0.962279
0.103000
0.837519
0.008393
-0.158422
0.869320
-0.111423
-0.880062
0.527940
-0.047334
0.535875
0.971313
0.865230
-0.514328
0.861263
-0.875851
-0.861873
-0.569933
-0.578295
-0.836482
-0.542222
0.987060
-0.146702
-0.142491
-0.609058
-0.194250
-0.871395
0.640370
0.143284
-0.328227
-0.113498
-0.545274
-0.128269
0.732109
-0.786126
0.326456
-0.408795
-0.271767
-0.590075
-0.215491
0.493576
-0.797906
0.375652
0.976440
-0.498703
0.751274
0.873531
0.208777
-0.596667
0.853877
0.252724
-0.977233
-0.879757
0.606311
-0.822871
0.737724
0.287210
-0.194861
0.627247
0.249733
0.058382
0.969970
-0.308451
0.153783
-0.877438
-0.508591
0.649037
-0.225684
-0.072420
-0.972594
-0.674001
-0.462264
0.173376
-0.201025
-0.381451
0.416547
-0.592090
0.699026
-0.984802
-0.754570
-0.837153
-0.363933
0.111606
-0.167943
0.374371
0.859249
-0.369549
0.847285
0.635975
0.074557
-0.116733
0.585559
0.043306
-0.632740
0.395917
0.959777
0.876034
-0.141942
-0.683645
0.924680
-0.329447
-0.434370
-0.864376
-0.362163
0.713187
0.369243
0.776116
-0.239601
-0.139866
-0.298257
0.373272
0.966369
-0.245705
-0.605762
0.124851
0.334513
-0.844356
-0.888180
-0.637684
-0.631092
0.112094
-0.754021
-0.554247
0.128086
0.568712
0.860347
-0.698233
-0.643849
-0.572558
0.037873
-0.787225
-0.179418
0.832575
0.732475
0.140721
-0.300638
0.287515
0.591235
-0.038057
-0.001373
-0.131809
-0.335978
-0.626942
-0.438948
0.648732
-0.023225
-0.985412
-0.861751
0.571581
-0.149876
-0.990417
-0.178930
0.901425
-0.267434
0.173559
-0.312174
0.872311
0.728263
0.508286
-0.546007
-0.624195
-0.634022
0.172155
0.135166
-0.947203
-0.292764
0.327433
0.271767
0.473739
0.055818
0.027680
-0.802423
0.737724
0.266213
0.278481
-0.176428
0.064058
0.181188
0.430525
0.470077
0.516831
0.967162
-0.505356
-0.038179
0.746391
0.596179
-0.406110
-0.214698
0.000824
0.931211
-0.438215
0.096469
0.023774
-0.373211
-0.293069
-0.310953
0.138340
-0.617542
0.779962
-0.724906
-0.613880
-0.183081
-0.700247
0.320292
-0.685049
-0.879147
0.891049
-0.041108
0.653188
0.193213
-0.358074
-0.520798
0.058138
0.733940
0.445723
0.928220
-0.008759
0.949767
0.886166
-0.871517
-0.971984
-0.430891
-0.402936
-0.850764
0.873348
0.786065
0.271645
-0.673208
-0.567309
-0.411786
-0.455061
-0.982788
-0.045808
-0.267067
0.438398
-0.972533
-0.358684
0.124119
0.932737
0.103549
-0.900998
-0.556993
0.765679
-0.548936
0.535386
-0.611499
-0.248756
0.246559
-0.260964
-0.340251
-0.883419
-0.381268
-0.162328
-0.302530
-0.423933
0.748100
-0.958251
0.042268
-0.353008
0.684378
0.369182
0.817621
-0.773064
0.090243
-0.383953
-0.054659
-0.675039
0.553819
0.267434
-0.097262
-0.362957
-0.035615
0.567614
-0.435835
-0.859798
0.100497
-0.076571
0.155126
0.800470
0.158055
0.077670
-0.608997
-0.012543
-0.956481
0.357097
-0.857906
0.193335
0.392010
0.677236
-0.445418
0.179113
0.985473
0.173376
0.320536
-0.481124
-0.957579
0.197913
-0.617176
0.909116
0.745903
0.094577
0.898679
0.847407
0.666982
0.537400
0.322123
0.736930
-0.416913
-0.596545
-0.951231
0.837580
-0.365764
-0.142857
-0.187963
0.118198
-0.578967
0.405438
0.219214
0.987365
-0.137913
0.592029
-0.001740
0.311075
-0.199683
0.388348
-0.283425
-0.706839
0.795831
0.026643
0.669729
-0.943358
-0.581957
-0.080599
-0.374004
0.147740
-0.142857
0.314554
-0.957640
0.543748
-0.233070
-0.129002
0.364483
-0.192724
-0.994751
-0.305399
0.558885
0.623218
0.916440
0.934263
0.404645
-0.406476
-0.448958
0.773003
-0.151708
-0.441877
-0.515305
-0.562548
-0.934202
0.621998
0.117588
-0.280496
0.308451
0.567125
-0.581164
-0.671926
0.597827
0.692434
0.963378
-0.002838
-0.871761
-0.123997
-0.480880
0.527390
-0.803583
-0.450606
-0.367107
-0.123936
-0.694571
-0.244911
-0.375774
-0.311991
-0.715079
-0.805902
0.651479
-0.857662
-0.821223
-0.176428
0.606983
0.048799
-0.726676
-0.949583
0.066622
-0.224891
-0.746513
-0.997497
-0.915586
-0.404218
0.272073
0.293252
-0.059786
0.318827
-0.277322
-0.656301
0.022370
-0.535813
-0.928709
0.705679
0.148045
0.442183
0.649159
0.600574
-0.280618
0.336589
-0.310831
-0.027985
-0.845943
-0.057588
-0.519028
-0.627857
0.261818
0.523850
-0.084384
0.666982
-0.538804
-0.334880
-0.680166
-0.921384
0.599719
0.349773
0.976684
-0.325297
-0.145665
-0.226295
-0.528184
-0.272378
-0.867916
-0.482101
-0.852718
0.776238
0.615101
-0.580187
-0.525132
-0.954772
-0.326029
-0.936888
0.706473
-0.369915
-0.524155
-0.506516
0.743339
0.986999
-0.992248
-0.047884
0.090609
0.714347
0.748527
-0.828608
0.970153
-0.604602
0.329814
0.428449
-0.262246
0.931822
-0.502731
-0.678396
-0.089450
-0.647938
0.641713
-0.346355
-0.154698
0.450423
-0.525315
0.174108
-0.236549
-0.438520
0.807733
-0.435224
0.484725
-0.901120
-0.333842
-0.336650
-0.293069
0.435224
0.714530
0.600574
-0.696829
0.065523
-0.098727
0.480819
0.511643
0.876156
0.062593
-0.723930
0.447798
-0.707144
0.614368
0.182897
0.702933
0.136448
-0.597583
0.893124
-0.237159
-0.061556
-0.125278
0.498276
-0.457930
-0.306009
0.054720
-0.590258
0.673513
0.307230
-0.416852
-0.092380
-0.086520
0.005097
0.730155
-0.176305
0.631703
-0.761834
0.964171
0.807611
-0.302835
-0.677541
0.643239
-0.449873
-0.171484
-0.860042
0.976318
0.645802
0.219825
0.594287
0.808527
-0.494064
-0.740043
-0.498337
-0.719901
0.607105
0.406110
-0.658437
0.031526
0.379376
-0.189489
0.554918
-0.220618
0.312052
0.517930
0.833552
0.576037
-0.888241
-0.630177
0.635670
-0.517014
-0.600513
0.361919
0.268166
-0.817743
-0.902463
0.172277
0.015473
0.248756
-0.207373
0.165136
-0.943541
0.766717
-0.726737
0.920713
0.383587
-0.707266
-0.700430
-0.826533
0.338237
0.158788
0.689688
0.391583
-0.782403
0.656056
0.829157
-0.485580
-0.009186
0.906491
0.934568
-0.712333
0.627125
-0.244789
-0.994385
0.980834
-0.427351
-0.955382
0.193823
0.123325
0.510727
0.351787
0.681753
0.653615
0.842219
0.184057
0.312418
0.657155
-0.856807
-0.820185
-0.491562
-0.692740
-0.517258
-0.506577
-0.145482
0.728996
-0.929685
0.193274
-0.704642
0.098483
0.728202
0.816889
0.123142
-0.677297
0.932798
0.058321
0.548997
0.905210
0.785882
0.076144
-0.674795
-0.172155
0.603259
0.140294
-0.066378
0.340739
0.219520
-0.350078
-0.629627
0.297342
-0.668569
-0.488632
0.035859
0.532517
-0.977233
-0.989990
-0.235267
0.930967
-0.625599
-0.476180
0.223670
-0.072726
0.545396
0.244667
0.667776
0.562243
0.553209
0.413373
-0.222999
-0.289712
-0.703787
-0.473067
0.061861
-0.412458
0.575365
-0.271096
-0.012848
-0.822260
0.103549
-0.887143
0.067354
0.480697
0.683889
0.065645
0.701041
-0.487716
-0.816950
0.659963
0.277383
0.813776
0.012848
0.989319
0.663015
-0.900815
-0.436201
0.859004
-0.451094
-0.879025
-0.335856
0.571093
-0.400128
0.895322
-0.767876
0.882015
0.679739
-0.717338
0.127903
-0.321940
0.483871
0.737602
-0.605152
0.595447
0.168310
-0.500351
0.799005
0.519211
-0.975768
0.658010
-0.750114
-0.026399
0.722098
0.585437
0.509201
0.952879
-0.748283
-0.849605
0.193091
0.814447
0.642201
-0.291543
-0.364299
-0.304544
-0.030244
0.719535
0.529405
-0.760186
0.187353
0.215857
-0.586047
-0.988403
-0.488083
-0.206397
-0.762139
-0.663991
-0.015107
-0.556810
0.938658
-0.934141
-0.045015
-0.049104
-0.769890
-0.575549
0.703543
0.787530
-0.847102
0.249794
0.915586
0.854427
0.877255
-0.769036
0.425886
0.196265
-0.937132
0.434126
0.379376
-0.972594
-0.660268
-0.332316
-0.711417
0.785699
0.575732
-0.063204
-0.126194
-0.359600
-0.016755
-0.805048
-0.605457
-0.511704
0.074679
-0.407392
0.162938
-0.429243
0.529099
-0.901791
-0.846858
0.242347
0.268777
-0.317850
0.763054
-0.862362
0.026948
0.960875
-0.528184
-0.292947
0.380535
0.281411
0.495834
-0.628712
-0.273476
-0.598132
-0.902768
0.975219
-0.797906
-0.692251
0.458846
0.801752
-0.909665
-0.025544
0.669607
0.156957
0.961730
-0.758721
0.866024
0.319926
-0.798090
-0.872677
-0.600024
0.930540
0.071566
0.704581
-0.848140
-0.192663
0.430525
-0.377544
0.899106
0.561754
0.427351
-0.793939
0.345866
-0.912412
-0.183264
0.365581
-0.680715
0.139622
0.490097
-0.698599
0.477706
-0.533616
-0.640736
0.765740
-0.987976
-0.045930
0.174230
-0.368572
0.559801
-0.439985
-0.199316
0.645985
-0.695975
0.759636
0.583789
-0.765618
0.992492
0.214881
0.146458
-0.499924
-0.281777
-0.341777
0.196692
0.574023
-0.935850
0.051546
0.969298
-0.788385
0.595935
-0.416059
0.311808
-0.287210
0.750175
0.084750
-0.141697
-0.817804
-0.512680
0.654958
0.157384
-0.672964
0.415510
-0.745598
0.590625
0.006378
0.301004
0.292947
-0.320841
-0.289651
0.001312
0.241676
0.908444
0.378826
-0.629749
0.440474
-0.928526
-0.609607
0.134434
-0.595019
0.871517
-0.207801
0.343181
-0.301248
0.708731
-0.693594
-0.240089
0.310038
0.109287
-0.046602
0.019807
-0.405316
0.828547
-0.495712
-0.517014
-0.503342
0.696280
0.311747
-0.730033
0.743217
0.839290
-0.538621
0.884213
0.314920
0.344279
-0.929197
0.265114
0.968139
-0.502304
0.241005
0.057955
0.083285
0.078951
-0.212989
-0.753716
-0.481185
0.021027
0.316996
-0.963744
-0.187536
0.419233
-0.613758
0.574206
-0.665090
0.553331
0.974364
0.604968
-0.814753
0.439314
-0.824396
0.082003
0.590747
0.439314
-0.781549
0.782586
-0.198889
0.002350
0.270608
-0.967956
-0.485885
0.548021
0.523118
0.702261
0.184851
-0.192114
-0.364788
-0.588855
0.788446
0.481735
-0.878231
0.415571
-0.601856
-0.423750
-0.311991
-0.524827
0.253883
-0.601672
0.535020
0.168981
0.833247
0.658254
-0.757073
0.134068
0.790033
-0.577258
-0.050508
-0.435774
0.004791
-0.284280
0.191137
0.890439
-0.584155
-0.849178
-0.153172
-0.144139
0.057283
0.460067
-0.344951
-0.069002
-0.475387
-0.381024
-0.451277
-0.509140
-0.903684
0.129917
0.634754
-0.980346
-0.122105
0.969237
0.302774
0.124851
-0.431257
-0.592883
0.598682
0.945616
-0.547960
0.565844
0.068148
0.339885
0.099460
0.815851
-0.388897
-0.013092
-0.225684
0.059175
-0.202734
-0.232582
-0.347697
-0.565172
0.659230
0.290933
0.085421
-0.642994
-0.099704
0.469466
0.679128
0.660573
-0.089328
-0.234779
0.941282
-0.652821
0.082369
-0.439680
0.551805
0.874630
0.158116
-0.975890
0.488205
-0.602771
0.234535
-0.893307
0.667653
-0.749992
-0.964110
0.944578
-0.213233
-0.753349
-0.504013
-0.563646
-0.602588
-0.827204
-0.740349
-0.738151
-0.715323
0.204443
0.209754
0.950682
0.758599
0.598437
-0.592944
-0.711966
-0.893979
-0.221229
-0.190405
-0.015839
0.153111
-0.547655
-0.858211
-0.337992
0.783807
-0.745720
0.731620
0.023164
0.853938
0.441206
0.551012
0.304910
0.841365
0.432356
0.304483
0.138890
0.215552
0.379803
0.917478
0.665761
0.699454
-0.697806
0.856746
-0.930540
-0.166112
0.773736
0.427168
0.886166
-0.935850
0.777947
-0.908872
-0.795770
0.305033
-0.386700
0.529221
-0.805536
0.488510
-0.684927
-0.339030
-0.424909
-0.735771
-0.418439
0.558763
-0.185034
-0.343303
0.201270
0.568285
-0.249001
-0.075838
-0.618213
0.434492
-0.747734
0.961791
-0.856624
0.812555
0.275430
0.205908
0.387494
0.212317
0.864559
-0.225440
-0.089938
0.540941
-0.056673
-0.645131
0.151585
-0.333903
0.187963
0.550401
0.806146
0.036653
0.397076
-0.346110
0.713065
0.796381
0.236854
0.275246
0.719535
-0.269265
0.244484
-0.496811
-0.414777
0.972411
0.335795
-0.125217
-0.089572
0.369060
-0.208472
-0.897519
0.595630
0.058260
0.738151
-0.717643
0.375835
0.577136
-0.639149
0.364849
-0.210059
0.731559
0.583361
-0.389996
0.744987
-0.070284
-0.519211
-0.207312
-0.478256
0.512497
0.473617
-0.502487
-0.327677
-0.681936
-0.483322
-0.738945
-0.658742
-0.827509
0.865719
-0.884335
-0.255959
0.707572
0.347331
-0.580554
0.601611
0.394757
-0.206336
-0.580065
-0.923276
0.318583
-0.989013
0.480453
0.583666
0.249001
0.943907
0.194311
0.656301
-0.398602
-0.346232
0.898434
0.987609
0.033418
0.252541
0.360637
-0.883053
-0.929319
0.687429
0.569567
-0.377178
0.165685
0.934690
-0.926267
0.613575
-0.727836
0.139866
0.959899
0.498764
-0.679373
0.439558
0.956908
-0.662343
0.434919
-0.806818
-0.534898
0.083712
0.401227
0.313761
0.826777
-0.857356
0.729484
-0.891110
0.307901
0.997131
0.292398
0.811518
0.882504
0.085055
-0.153905
0.923460
-0.655568
-0.050569
-0.342753
0.948912
-0.259865
-0.897763
-0.348308
-0.987854
-0.024689
-0.925230
0.212195
0.877071
-0.160558
-0.081271
0.470626
-0.949095
0.557176
-0.452315
-0.673940
0.411603
-0.784173
0.259377
0.341838
0.542405
-0.526292
-0.690664
0.008820
0.760186
-0.003876
0.712333
-0.166540
0.249489
0.409223
-0.117649
0.367534
0.704337
0.821100
0.391644
-0.026582
0.321635
0.350383
0.775689
-0.043794
0.342021
0.949705
-0.085482
0.707938
0.400189
0.906369
0.440535
0.254677
-0.008209
0.188208
0.604846
-0.336833
0.847102
-0.028291
-0.192602
0.883663
0.058504
-0.418317
0.800714
-0.637196
0.867977
0.867122
0.769158
0.733757
0.684744
0.866634
0.600085
0.426069
0.224525
-0.661367
-0.135960
0.112339
-0.173559
0.380291
0.399152
-0.783929
-0.025483
0.376263
0.236244
0.338969
0.218055
0.966369
0.092257
0.574572
-0.919858
-0.991394
0.507187
0.991333
0.768548
0.430708
-0.595691
0.875179
0.766472
0.254189
0.358989
-0.540391
0.765679
-0.396039
0.059114
0.043794
-0.831538
0.764397
0.797235
-0.224464
-0.294412
0.990356
0.085482
0.446760
-0.154637
0.469466
-0.452376
0.067232
-0.064730
-0.494858
0.986999
0.992126
-0.045198
0.067965
0.907346
0.869686
0.418867
-0.335978
0.291116
-0.904843
-0.720634
-0.878475
-0.268166
-0.817255
-0.825312
0.152562
-0.987182
0.332255
-0.547227
-0.569933
-0.004669
-0.753349
-0.936888
-0.347575
0.698172
0.567309
-0.412336
0.058809
0.891598
-0.590258
0.217811
0.171422
-0.148717
0.254616
-0.535142
0.623768
-0.179113
0.097140
-0.739799
-0.049593
-0.960814
-0.930906
-0.255837
0.457442
-0.225135
-0.086337
0.073214
-0.227271
-0.683218
-0.788263
-0.348552
0.316324
-0.641041
0.486312
-0.793451
0.890316
-0.144871
-0.896298
-0.534715
0.012238
0.826655
-0.317789
-0.625355
0.200537
0.738456
0.529710
0.490036
0.003388
-0.355449
-0.199316
0.897702
0.613575
0.316874
-0.395734
-0.808954
-0.340129
-0.689322
-0.113620
0.567064
0.262062
-0.123264
-0.753410
-0.611621
-0.180883
0.292520
-0.013642
0.034333
0.888302
-0.522202
-0.962340
-0.816034
-0.434004
0.097568
0.022919
-0.596362
0.681814
0.593371
-0.818171
-0.352947
-0.570177
-0.014924
-0.163244
-0.565294
0.999817
-0.343791
0.127720
0.463729
-0.619373
-0.592029
-0.096896
0.892331
0.532395
-0.012238
-0.627186
0.199255
0.793939
0.160680
-0.719108
-0.442427
0.006806
-0.523911
-0.276101
0.216529
0.415754
0.130467
0.401593
-0.125950
0.063936
-0.859859
-0.017243
-0.352031
-0.905271
-0.764885
-0.883908
0.119419
-0.201636
-0.960997
0.573778
-0.237098
-0.259072
-0.456099
-0.663930
-0.262551
0.465682
0.285989
0.584643
0.129185
0.851558
-0.080294
0.667348
0.873348
-0.249062
-0.765435
-0.054781
0.338786
-0.460799
0.632496
0.308267
0.328288
-0.558214
-0.873959
-0.695364
-0.970519
-0.955321
-0.916807
-0.927305
0.701529
0.655568
0.063265
0.602588
0.266945
-0.666372
0.113865
0.124485
-0.575976
-0.699698
-0.835566
0.082369
-0.786798
-0.212989
-0.122044
0.004181
0.613208
-0.855220
0.006989
0.813227
-0.750175
0.987121
-0.021455
-0.519761
-0.146641
-0.052461
-0.371990
0.071139
0.470504
0.833857
0.025605
-0.865413
0.426374
0.485275
-0.688528
-0.206519
-0.214820
-0.039705
0.814020
0.317667
0.304117
0.049226
-0.888791
0.206763
-0.595019
-0.695914
-0.938597
0.717032
0.189550
0.032258
-0.952513
-0.256142
0.848079
-0.058321
-0.266030
-0.516282
-0.905393
0.952940
0.167211
-0.265603
-0.113620
0.863277
0.417463
0.144810
-0.154759
0.066195
0.773064
-0.411176
-0.655507
0.085055
-0.464949
0.661794
0.413984
0.041475
