-0.698904
-0.700491
-0.570849
0.993835
-0.754265
0.543748
-0.060213
0.458480
-0.036531
0.958800
0.302469
-0.877316
-0.096469
0.085116
0.502365
-0.643544
0.404706
-0.156774
0.962279
0.103000
0.837519
0.008393
0.529588
0.978271
-0.111423
0.594226
0.527940
0.024689
0.148045
0.971313
0.766839
-0.514328
0.861263
-0.032685
-0.861873
-0.464766
-0.634327
0.110141
-0.542222
0.987060
-0.146702
-0.142491
-0.609058
-0.194250
-0.469955
-0.464583
0.143284
0.321451
0.691275
-0.545274
-0.128269
0.732109
-0.594958
0.326456
0.199622
-0.666982
-0.888424
-0.215491
0.960570
-0.797906
0.375652
0.546739
-0.498703
0.118931
0.336467
0.216407
-0.596667
0.853877
-0.082492
-0.977233
-0.879757
0.747246
-0.822871
0.573840
0.287210
-0.295511
0.627247
0.249733
0.058382
0.969970
-0.811090
0.153783
-0.628162
-0.508591
0.630238
-0.225684
-0.049715
-0.972594
-0.674001
-0.462264
0.413190
-0.201025
-0.452498
0.123508
-0.592090
0.699026
-0.984802
-0.754570
0.933958
-0.220923
0.111606
-0.167943
0.374371
0.859249
0.924924
0.218116
0.635975
0.074557
-0.261086
-0.381573
0.043306
-0.727775
-0.299722
0.959777
0.315775
0.150304
-0.683645
0.924680
0.246498
-0.434370
-0.593738
-0.362163
0.466475
0.369243
0.776116
-0.239601
0.978149
-0.298257
0.373272
0.966369
0.501572
-0.605762
0.124851
0.334513
-0.181677
-0.888180
-0.637684
-0.631092
0.926084
-0.754021
-0.554247
0.128086
-0.308206
0.860347
-0.698233
-0.643849
0.160131
0.037873
-0.787225
-0.179418
0.769829
0.732475
0.140721
-0.300638
0.154027
0.591235
-0.038057
-0.001373
-0.784722
-0.335978
-0.626942
0.350871
-0.892819
-0.023225
0.117771
-0.861751
0.571581
-0.149876
-0.990417
-0.178930
0.901425
-0.890683
-0.857051
-0.024384
-0.842158
0.896420
0.508286
-0.546007
-0.624195
-0.824213
0.172155
-0.763237
-0.952452
0.753288
-0.238868
0.271767
0.789850
-0.932676
-0.260964
-0.510544
0.737724
0.266213
0.278481
-0.176428
0.110813
0.961425
0.533982
-0.897214
0.516831
0.004975
-0.505356
-0.257546
0.532884
0.596179
-0.406110
-0.214698
0.000824
0.931211
-0.438215
0.857906
0.023774
0.023652
0.997314
-0.310953
0.381512
-0.784112
0.441694
0.254311
-0.613880
-0.183081
-0.959655
0.187414
0.179479
-0.879147
-0.851985
-0.041108
0.743400
0.975219
-0.358074
-0.799860
0.058138
0.258034
0.445723
-0.511582
-0.008759
0.544542
-0.751335
0.759453
-0.971984
-0.039460
-0.402936
0.232582
0.873348
0.786065
0.271645
-0.211035
-0.823176
-0.411786
-0.455061
-0.982788
-0.837214
-0.267067
0.438398
-0.972533
-0.358684
0.220374
-0.438826
0.167699
-0.900998
-0.556993
0.971435
-0.548936
0.535386
0.174841
-0.248756
0.246559
-0.260964
-0.340251
0.809809
-0.381268
-0.162328
-0.868587
0.089999
0.821406
-0.681753
0.107761
-0.612598
0.684378
0.603137
0.817621
-0.773064
-0.614124
0.279885
-0.054659
-0.675039
0.903806
-0.867306
-0.097262
0.963500
-0.035615
-0.469405
-0.435835
-0.859798
-0.290262
-0.066561
0.155126
-0.028291
0.158055
0.077670
0.174047
0.574145
-0.956481
0.357097
0.293191
0.777825
-0.131932
0.013092
-0.928404
0.179113
0.469344
-0.991272
0.320536
0.468917
0.975219
-0.992431
0.188635
0.909116
0.745903
0.094577
0.898679
0.847407
-0.635365
0.537400
0.372967
-0.184301
0.079257
-0.596545
-0.518418
0.272866
0.454146
-0.605457
-0.187963
0.118198
0.481307
0.711173
0.875179
0.987365
-0.385846
-0.548204
0.935972
-0.964293
-0.199683
0.388348
-0.393048
0.140294
0.795831
0.026643
0.669729
-0.814386
-0.581957
-0.436934
-0.844111
0.147740
-0.788507
0.314554
0.317545
0.543748
-0.233070
-0.129002
0.364483
-0.192724
-0.994751
0.534593
-0.072054
0.183203
0.916440
0.934263
0.404645
-0.406476
-0.245277
0.773003
0.573351
-0.441877
-0.515305
-0.562548
-0.295022
0.621998
0.117588
-0.280496
0.308451
0.594714
-0.581164
-0.671926
0.597827
0.692434
0.963378
-0.764702
-0.871761
-0.123997
-0.175146
0.184362
-0.803583
0.681265
-0.367107
-0.123936
-0.187780
-0.244911
-0.375774
-0.986999
-0.105747
-0.749443
0.651479
-0.857662
0.860836
-0.095859
0.606983
0.048799
-0.726676
0.562243
0.066622
-0.224891
-0.746513
-0.268715
-0.915586
-0.213416
0.272073
0.293252
0.837092
0.960753
0.948973
-0.656301
0.022370
-0.535813
0.078646
0.705679
0.788934
-0.653005
0.281350
-0.515061
0.848811
0.336589
-0.310831
-0.558763
-0.845943
-0.057588
-0.519028
0.267983
0.261818
0.293802
0.353069
0.666982
0.384869
-0.334880
-0.680166
0.044527
0.599719
0.349773
0.976684
-0.325297
-0.145665
-0.226295
0.142308
-0.540330
-0.704276
-0.482101
0.062899
0.776238
0.615101
0.062654
-0.017182
-0.023957
-0.098727
0.736076
0.164281
-0.369915
-0.524155
-0.506516
0.743339
0.710990
-0.270241
-0.401776
0.090609
0.714347
0.122288
-0.828608
0.970153
-0.604602
-0.353801
0.428449
-0.262246
-0.454939
-0.238258
-0.678396
-0.089450
-0.647938
0.641713
-0.346355
0.931700
0.450423
-0.525315
0.174108
-0.236549
-0.232093
0.807733
-0.645680
-0.981384
-0.901120
-0.333842
-0.336650
-0.293069
0.435224
0.714530
-0.892148
-0.696829
0.538987
-0.098727
-0.243324
0.511643
0.876156
0.062593
-0.723930
0.464095
-0.707144
0.848506
0.182897
0.702933
0.136448
-0.597583
0.893124
-0.995239
0.657888
-0.125278
0.498276
-0.457930
-0.355754
0.054720
0.088412
-0.087741
0.055757
-0.634144
0.892026
-0.086520
0.507309
0.730155
0.833613
0.631703
-0.595935
0.964171
0.807611
0.026765
-0.677541
0.643239
-0.449873
-0.171484
-0.860042
0.976318
0.844966
-0.691153
0.594287
0.996033
-0.494064
-0.740043
-0.498337
-0.719901
-0.913083
0.406110
-0.658437
0.031526
0.379376
-0.189489
0.554918
-0.220618
0.312052
0.517930
0.833552
0.597400
-0.888241
-0.630177
0.635670
-0.517014
-0.600513
0.361919
-0.601306
-0.817743
-0.902463
0.172277
0.996338
0.248756
-0.408918
0.165136
-0.943541
0.766717
-0.726737
0.920713
0.383587
-0.707266
-0.700430
-0.826533
0.338237
0.158788
-0.995666
0.391583
0.732047
0.656056
0.829157
-0.485580
-0.009186
0.906491
0.934568
-0.712333
0.627125
-0.244789
-0.994385
0.980834
0.983093
-0.955382
0.193823
0.123325
-0.592029
0.351787
0.190893
0.653615
-0.202673
0.184057
0.312418
0.657155
-0.856807
-0.820185
-0.491562
-0.692740
-0.711356
0.052095
-0.145482
0.728996
-0.929685
0.193274
-0.704642
0.098483
-0.358196
0.729057
0.123142
-0.677297
0.932798
0.058321
0.548997
0.905210
0.785882
0.076144
0.012787
0.840815
0.603259
0.140294
-0.066378
0.340739
0.219520
-0.350078
0.583728
0.297342
-0.668569
-0.488632
-0.109714
0.532517
-0.977233
-0.989990
-0.235267
0.930967
-0.625599
-0.476180
0.223670
-0.072726
0.545396
0.244667
0.270241
-0.957457
0.553209
0.413373
-0.222999
-0.289712
-0.703787
-0.473067
0.061861
-0.412458
0.575365
-0.271096
-0.012848
-0.822260
-0.116855
-0.887143
0.067354
-0.606861
0.683889
0.065645
0.701041
-0.487716
-0.816950
0.659963
0.277383
0.414106
0.012848
0.989319
0.663015
-0.900815
-0.436201
-0.453291
-0.451094
-0.879025
-0.335856
-0.279885
-0.724845
0.895322
-0.894162
0.590258
-0.513474
-0.717338
0.127903
0.289651
-0.605518
0.737602
-0.605152
0.595447
0.168310
-0.500351
0.993774
0.519211
-0.975768
0.658010
-0.750114
-0.026399
0.722098
0.585437
0.509201
0.952879
0.320719
-0.849605
0.193091
0.814447
0.642201
-0.291543
-0.364299
0.808222
-0.030244
0.719535
0.529405
-0.760186
0.187353
0.215857
-0.586047
-0.988403
-0.028230
-0.206397
-0.762139
-0.663991
-0.015107
-0.556810
0.938658
-0.934141
-0.045015
0.490402
-0.769890
-0.575549
0.703543
0.816706
-0.847102
0.249794
0.915586
0.617664
0.877255
-0.769036
0.425886
0.196265
-0.937132
-0.703299
0.379376
-0.775750
-0.660268
-0.332316
-0.711417
0.492721
0.575732
-0.063204
-0.126194
-0.359600
-0.016755
0.214148
-0.605457
-0.511704
0.074679
-0.407392
0.162938
-0.429243
0.529099
-0.634816
-0.846858
0.242347
0.268777
-0.317850
0.763054
-0.862362
0.026948
-0.666921
-0.528184
-0.292947
0.380535
0.281411
0.495834
-0.628712
-0.273476
-0.598132
-0.902768
0.975219
-0.797906
-0.692251
0.458846
0.801752
-0.909665
-0.025544
-0.742912
0.156957
0.961730
-0.758721
0.866024
0.319926
-0.798090
-0.872677
-0.600024
0.930540
0.071566
-0.428266
0.791559
-0.192663
0.430525
-0.377544
0.899106
0.561754
0.427351
-0.081881
0.345866
-0.912412
-0.183264
0.365581
-0.917295
0.817194
-0.955809
0.505722
0.477706
0.105747
-0.640736
0.765740
-0.987976
-0.045930
0.174230
-0.368572
0.559801
-0.439985
0.985412
0.645985
-0.695975
0.759636
0.583789
-0.765618
-0.062838
0.214881
-0.822748
-0.499924
-0.281777
-0.341777
0.196692
0.574023
-0.092624
0.051546
-0.363567
-0.788385
-0.551012
-0.416059
0.311808
-0.287210
0.750175
0.084750
-0.141697
-0.817804
-0.512680
0.654958
0.157384
-0.672964
0.415510
-0.745598
0.590625
0.441939
0.301004
0.292947
-0.056001
-0.289651
0.001312
0.241676
0.908444
0.124790
0.982604
0.440474
-0.928526
-0.609607
0.134434
-0.595019
0.871517
-0.207801
0.343181
-0.301248
-0.686392
-0.693594
-0.240089
0.310038
0.799921
-0.978454
0.019807
-0.405316
0.828547
0.818171
-0.517014
-0.503342
0.570299
0.311747
-0.730033
0.743217
-0.261513
-0.538621
0.884213
0.314920
0.344279
-0.929197
0.265114
-0.728874
-0.502304
0.223914
0.057955
0.083285
0.078951
-0.212989
-0.753716
-0.481185
0.021027
0.316996
-0.963744
0.865719
0.419233
-0.613758
0.574206
-0.665090
0.954344
0.974364
0.715384
-0.814753
0.439314
-0.824396
-0.228309
0.590747
0.439314
-0.781549
0.782586
0.054903
0.002350
-0.193030
-0.967956
-0.485885
0.548021
0.523118
0.702261
0.184851
-0.192114
-0.364788
-0.588855
0.788446
0.481735
-0.878231
-0.931944
-0.601856
-0.423750
-0.311991
-0.524827
0.253883
-0.601672
0.535020
0.832026
0.900998
0.658254
0.159215
-0.220069
0.790033
0.513108
-0.063814
-0.435774
0.004791
0.141026
0.191137
0.890439
-0.584155
0.283609
-0.153172
-0.144139
0.057283
0.460067
-0.104892
-0.069002
-0.475387
-0.381024
-0.373150
-0.509140
-0.903684
0.129917
0.634754
0.942015
-0.122105
0.969237
0.302774
0.124851
-0.431257
-0.915586
0.598682
0.945616
-0.547960
0.565844
0.068148
0.339885
0.099460
0.815851
-0.388897
-0.013092
-0.225684
0.059175
-0.143101
-0.232582
-0.347697
0.075411
0.659230
-0.713187
0.085421
-0.642994
-0.099704
0.469466
0.864193
0.660573
0.123081
-0.234779
0.941282
-0.652821
0.082369
-0.439680
0.551805
0.681509
0.158116
-0.975890
0.488205
-0.602771
0.234535
-0.893307
0.667653
-0.749992
-0.964110
0.944578
-0.213233
-0.753349
-0.504013
-0.563646
-0.602588
-0.827204
-0.740349
-0.738151
-0.715323
-0.053621
0.209754
-0.297159
0.758599
0.598437
-0.592944
-0.711966
-0.893979
-0.221229
-0.190405
-0.961730
0.153111
-0.547655
-0.858211
0.988708
0.783807
0.386517
0.440229
0.023164
0.464522
0.441206
0.551012
0.304910
0.841365
0.432356
0.537156
0.138890
0.215552
0.379803
0.917478
-0.581347
0.699454
-0.697806
0.856746
-0.930540
-0.166112
0.349895
0.427168
0.886166
-0.935850
0.486618
-0.908872
-0.795770
0.305033
-0.386700
0.878170
-0.805536
0.488510
-0.684927
-0.339030
-0.424909
-0.735771
-0.119480
0.558763
-0.185034
-0.343303
0.201270
0.568285
-0.879330
-0.075838
-0.150426
0.434492
-0.747734
0.961791
-0.856624
0.812555
0.275430
0.205908
0.387494
0.120029
-0.268349
-0.225440
-0.897092
0.540941
-0.056673
-0.645131
0.151585
-0.333903
0.187963
0.550401
0.806146
0.036653
0.397076
-0.346110
0.713065
0.796381
0.236854
-0.185583
0.719535
-0.269265
0.634816
-0.496811
-0.414777
0.972411
0.335795
-0.125217
-0.186926
-0.822504
0.960997
-0.897519
0.595630
-0.498764
-0.394452
0.792169
0.375835
0.577136
-0.639149
0.364849
-0.210059
0.731559
0.583361
-0.389996
0.744987
-0.070284
-0.519211
0.334025
0.307169
0.512497
0.873531
-0.502487
-0.300211
-0.681936
0.911374
-0.738945
-0.658742
0.308451
0.865719
-0.884335
0.789605
0.707572
-0.020356
-0.580554
0.601611
0.394757
-0.206336
-0.580065
-0.923276
-0.327494
-0.989013
0.120029
0.583666
0.249001
0.943907
0.194311
0.656301
-0.398602
-0.346232
0.898434
0.712027
0.033418
0.252541
-0.652516
-0.883053
-0.929319
0.687429
0.569567
-0.377178
0.165685
-0.027741
-0.926267
0.613575
-0.727836
0.139866
0.959899
0.498764
-0.679373
0.439558
0.956908
0.057833
0.186865
-0.806818
0.262123
0.083712
0.401227
0.313761
0.826777
-0.857356
0.729484
-0.891110
0.307901
0.997131
0.292398
0.811518
0.882504
0.085055
-0.153905
0.923460
-0.655568
-0.050569
0.510849
0.968810
-0.259865
-0.897763
-0.348308
-0.987854
-0.024689
-0.925230
0.212195
0.877071
-0.160558
-0.081271
0.470626
-0.949095
0.557176
-0.452315
-0.673940
-0.273721
-0.784173
0.259377
-0.138585
0.542405
-0.526292
-0.690664
0.008820
0.760186
-0.003876
0.712333
-0.166540
0.249489
0.409223
-0.117649
-0.578784
0.704337
0.816340
0.391644
-0.026582
0.321635
0.350383
0.775689
-0.863826
0.342021
0.181249
-0.085482
0.707877
0.400189
0.906369
0.440535
0.254677
-0.008209
0.188208
0.604846
-0.336833
0.847102
-0.358135
-0.192602
0.883663
-0.203711
-0.418317
0.800714
-0.637196
0.867977
0.867122
0.769158
0.733757
0.684744
0.866634
0.600085
0.426069
0.224525
-0.661367
-0.135960
0.112339
-0.173559
0.380291
0.399152
-0.783929
-0.025483
0.376263
-0.963073
0.338969
-0.990661
0.966369
0.317484
0.971252
-0.919858
-0.991394
0.507187
0.991333
0.768548
-0.651540
-0.595691
0.875179
0.766472
0.254189
0.358989
-0.540391
0.765679
-0.396039
0.059114
0.043794
-0.831538
0.764397
0.797235
-0.224464
-0.294412
-0.576830
0.085482
0.446760
-0.154637
0.469466
-0.452376
-0.586962
-0.064730
-0.494858
0.986999
0.992126
-0.045198
0.067965
0.907346
0.869686
0.764153
-0.335978
0.291116
0.231971
0.193884
-0.878475
-0.268166
-0.817255
0.233924
0.907407
-0.987182
0.332255
-0.547227
-0.569933
-0.004669
-0.506149
-0.766289
-0.347575
0.698172
0.567309
-0.412336
0.058809
0.891598
-0.590258
0.217811
0.171422
0.811701
0.254616
-0.535142
-0.260109
-0.179113
0.097140
-0.739799
-0.049593
-0.960814
-0.930906
-0.255837
-0.120090
-0.225135
-0.086337
0.073214
-0.227271
-0.683218
-0.788263
-0.348552
0.316324
-0.641041
0.486312
-0.793451
0.890316
-0.144871
-0.896298
-0.534715
0.012238
0.826655
-0.317789
-0.528123
0.200537
0.738456
0.529710
0.490036
0.003388
-0.355449
-0.199316
-0.296976
0.613575
0.316874
-0.395734
-0.808954
-0.996216
-0.689322
-0.113620
0.567064
0.262062
-0.123264
-0.753410
-0.611621
-0.401105
0.292520
-0.013642
0.034333
0.888302
-0.522202
-0.962340
-0.816034
-0.434004
0.097568
0.022919
-0.596362
0.681814
0.593371
-0.818171
-0.352947
-0.570177
-0.014924
-0.163244
-0.565294
0.999817
-0.343791
0.127720
-0.039277
-0.619373
0.334758
0.170141
0.892331
0.532395
-0.012238
-0.627186
0.199255
0.793939
0.160680
-0.719108
-0.442427
0.006806
-0.523911
-0.276101
0.216529
0.415754
0.130467
0.401593
-0.125950
-0.452925
-0.859859
-0.017243
-0.352031
-0.544115
-0.764885
-0.883908
0.437666
-0.201636
-0.960997
0.573778
-0.237098
-0.259072
-0.456099
-0.663930
-0.262551
0.465682
0.285989
0.584643
0.129185
0.851558
-0.080294
0.667348
0.873348
-0.249062
-0.765435
-0.054781
-0.624073
-0.460799
0.632496
0.308267
0.328288
-0.558214
0.144078
-0.695364
-0.970519
-0.955321
-0.916807
-0.927305
0.701529
-0.647084
0.063265
0.602588
0.266945
-0.666372
-0.003265
0.124485
-0.575976
0.353557
-0.835566
0.082369
-0.786798
-0.212989
-0.122044
-0.690847
0.613208
-0.855220
0.006989
0.813227
-0.750175
0.987121
-0.474288
-0.415265
-0.146641
-0.052461
-0.371990
0.071139
0.470504
0.833857
0.025605
-0.984741
0.426374
0.485275
-0.688528
-0.206519
0.247475
-0.039705
-0.239418
0.141636
0.304117
0.049226
-0.888791
0.206763
-0.595019
-0.695914
-0.938597
0.717032
-0.524461
0.032258
-0.952513
-0.256142
0.848079
-0.058321
-0.266030
-0.864803
-0.905393
-0.468184
0.376934
-0.265603
-0.113620
0.863277
0.417463
0.144810
-0.154759
0.975890
0.773064
-0.411176
-0.655507
0.085055
-0.464949
0.661794
0.413984
-0.105686
