-0.294351
-0.403790
-0.219398
0.715690
0.612720
0.081149
0.167089
0.456465
0.501572
-0.309305
0.789789
-0.205359
-0.169530
0.025483
0.158177
-0.012787
0.097201
-0.889584
-0.289407
0.390179
0.126682
-0.526963
-0.287393
-0.523789
0.675954
0.443587
-0.520493
0.425336
0.022858
-0.422346
-0.966491
-0.486312
-0.763970
0.844356
0.977355
0.061739
0.014008
-0.143406
-0.796381
0.227882
-0.978271
0.821650
0.900021
0.948424
-0.165502
0.522752
0.501205
0.315958
0.511521
0.483749
-0.696707
0.495346
0.981445
-0.633595
-0.105014
-0.903134
0.873287
-0.234840
-0.871334
-0.795587
0.151280
0.447310
-0.263588
0.305216
0.507065
0.980590
0.182958
-0.175573
0.853084
0.092563
-0.145299
-0.335307
0.280923
-0.823420
0.931272
-0.550707
-0.593127
-0.402326
0.796075
-0.810419
-0.188330
0.376751
-0.733451
0.282571
-0.831111
-0.148778
0.858394
-0.938047
-0.956603
-0.005219
-0.157323
0.182775
0.730583
0.896542
0.157079
0.109958
0.927549
-0.384625
0.519333
-0.655324
0.127537
0.618152
-0.366802
-0.529466
0.171606
-0.755913
-0.157567
0.427656
-0.593005
-0.280068
0.925840
0.976806
-0.676687
-0.482223
-0.819575
-0.769646
-0.405744
0.439680
0.500290
-0.596728
-0.326518
0.074435
-0.294717
0.314249
0.232826
-0.479476
0.110813
-0.312296
-0.605884
0.165319
-0.830683
-0.025178
-0.060762
0.849483
-0.903806
-0.977721
0.424482
-0.913694
0.723563
0.541612
-0.812311
0.973632
-0.314127
0.692923
-0.407025
-0.088473
0.857967
0.292398
-0.661306
0.898190
-0.092929
-0.677175
0.676504
0.939451
0.888730
0.889584
-0.683584
-0.708914
0.121677
-0.073336
0.755058
0.432417
-0.830195
0.293558
0.831538
0.406232
-0.860591
-0.814203
-0.304849
-0.737053
0.667470
0.181372
0.101108
0.790033
0.181372
0.384808
-0.502060
-0.834529
-0.967956
0.370525
-0.859249
0.988952
-0.650990
-0.526902
-0.932310
0.839839
-0.419172
-0.985351
0.443098
-0.838435
-0.796503
-0.572985
0.980163
-0.331462
0.598743
-0.526658
-0.726310
0.129368
-0.894345
0.131626
-0.451460
0.475021
-0.526658
0.237953
0.268715
-0.646779
-0.964049
0.677908
-0.621387
0.018281
0.173315
-0.416181
0.071383
-0.286966
-0.562426
-0.435163
-0.828486
-0.590136
-0.942137
-0.281838
0.036714
-0.856990
-0.310648
0.002655
-0.322611
0.525620
-0.627491
-0.382183
0.032991
-0.947264
0.407941
-0.138707
0.384442
-0.990295
-0.014985
0.377483
-0.886654
-0.934324
0.597949
-0.941710
-0.555651
0.708243
-0.945860
0.387371
-0.988708
-0.672170
0.891903
-0.249489
-0.472030
0.504990
-0.370647
0.403180
-0.510605
0.424360
0.426923
0.728324
-0.883847
-0.571947
-0.040498
-0.532456
-0.009308
0.391095
0.205969
-0.456221
0.947874
0.862789
-0.398053
-0.227332
-0.901730
0.670827
-0.238624
-0.320902
0.643361
-0.739494
-0.337382
0.950194
-0.581713
-0.147313
-0.288430
-0.999084
-0.070162
-0.495041
-0.899167
-0.781243
0.220252
0.818049
0.973937
0.910215
-0.460250
0.211646
0.856197
0.180090
0.273659
0.707633
-0.541124
0.978149
0.097812
0.406537
-0.720756
0.009857
-0.783319
0.063509
0.658010
-0.530747
0.215369
-0.286172
-0.744682
0.346416
0.263466
0.895993
0.925169
-0.041963
-0.589709
0.508652
-0.872677
-0.537828
-0.454512
-0.957091
-0.410504
-0.882321
-0.373760
-0.887204
0.982421
-0.196997
0.895260
0.689383
0.973388
-0.818232
-0.447737
-0.074923
-0.418134
-0.715751
-0.900449
-0.378338
-0.973144
-0.410932
0.208838
-0.529588
0.802728
-0.739433
0.326090
-0.606861
-0.341594
0.402509
-0.554003
0.601733
-0.905515
0.301187
0.814081
0.430647
0.365032
-0.673940
-0.162633
0.051546
-0.713431
0.976379
-0.419965
-0.119419
-0.641408
0.084567
0.416303
-0.837764
-0.296487
0.807672
0.621632
0.210547
-0.411725
-0.032319
0.100986
0.195227
0.080233
-0.091830
0.190771
-0.874996
-0.368511
0.946593
-0.537217
0.529893
-0.367229
0.405316
0.160192
0.925108
-0.845332
0.705435
-0.055025
-0.113376
-0.295145
0.117466
-0.981628
0.692495
0.887936
0.291421
-0.822199
-0.759697
-0.448042
-0.572558
0.661550
0.260475
-0.368877
-0.546251
-0.534043
0.585070
0.269265
0.975219
0.939207
0.754692
-0.727409
0.470382
0.773247
0.768059
0.577258
0.130894
0.503037
0.294046
-0.516709
0.486740
-0.640614
-0.282510
-0.340312
-0.409772
0.889462
0.227577
0.702628
-0.393231
-0.340861
-0.100375
-0.555895
-0.337931
-0.474105
-0.950316
0.959288
0.644154
-0.555284
0.167089
0.178503
-0.874752
-0.171545
0.726005
-0.650319
0.069369
0.059908
0.920103
-0.124058
0.469527
-0.629017
-0.722343
0.251320
0.969787
0.491134
0.622547
0.103305
0.757378
0.200720
-0.983032
-0.681143
-0.539781
-0.968688
-0.183081
-0.559984
-0.805780
-0.770135
-0.770562
-0.296793
-0.832453
-0.991150
-0.893796
0.222327
-0.510910
0.259316
0.966857
0.735466
0.535691
-0.322550
-0.086398
0.768242
0.912534
0.842463
0.723441
0.499619
-0.156957
-0.632313
0.910581
0.011261
0.087130
0.898618
-0.306742
0.259926
0.100620
-0.177770
0.764885
-0.390179
-0.025483
0.109348
-0.565172
-0.265114
0.510544
-0.704703
-0.317484
-0.779351
0.261391
-0.466597
0.389386
0.166845
0.209693
0.341594
0.830378
0.556749
0.746330
0.080050
0.991272
-0.266030
-0.437727
0.642201
0.107578
-0.471236
0.243629
0.131199
-0.482101
0.498154
0.103671
0.399274
-0.657888
-0.137059
-0.365886
0.656911
0.931028
0.167760
-0.177831
0.828059
-0.850032
0.421125
0.587268
0.994079
-0.365337
-0.640126
-0.310953
-0.230018
-0.945067
-0.557787
-0.916562
0.127232
-0.233558
-0.990967
-0.734184
0.443525
0.438581
-0.434065
0.510910
0.677786
-0.850459
-0.479293
-0.848506
0.564806
-0.552110
0.487167
-0.994629
-0.911557
-0.484481
-0.289834
0.975585
-0.589831
-0.060823
0.424909
-0.490158
0.060030
0.626881
-0.218116
0.013703
0.531541
-0.051607
-0.164708
-0.000763
0.008942
0.817804
0.439619
0.644826
-0.049593
0.052583
0.513291
0.205054
-0.543443
-0.738639
-0.837825
-0.374248
0.870296
-0.103244
0.655202
0.767144
0.271767
0.720145
-0.618397
-0.420392
-0.556810
-0.731132
0.786493
-0.506943
-0.054476
0.319315
-0.492172
-0.007660
0.454878
-0.229652
0.954344
0.360027
-0.126255
0.129368
0.160314
0.695853
0.709098
0.507248
0.750664
0.414777
-0.849666
-0.638050
-0.556932
-0.447798
-0.497360
-0.637867
-0.430403
-0.144444
0.003571
0.778619
-0.060762
0.492965
0.123753
-0.526719
-0.575182
-0.233070
0.187963
0.841914
0.986084
-0.253029
-0.933653
-0.011994
0.684317
-0.371380
-0.505478
-0.804743
-0.174902
0.841426
0.624195
-0.608203
0.434858
-0.682241
0.076815
-0.464766
0.451765
-0.813349
-0.032014
-0.380291
0.215430
-0.544176
0.240577
-0.591113
0.164037
-0.129246
-0.712516
-0.377239
-0.193030
0.709525
0.473922
-0.499313
0.971801
-0.969115
-0.095981
-0.357646
-0.423566
0.127232
-0.803095
-0.962157
0.736991
-0.466231
0.628224
0.947264
-0.271523
-0.249001
0.354167
-0.078646
-0.419294
0.206458
-0.915525
-0.470321
-0.187475
0.680105
-0.106845
0.544603
0.427473
-0.162389
-0.544298
-0.006439
0.118809
0.128574
-0.620472
0.002472
-0.266762
-0.251320
-0.662343
-0.168737
0.085726
-0.225318
0.047639
-0.225074
0.697623
0.761895
0.384991
-0.103671
0.906247
-0.979980
-0.915525
0.062654
0.809259
0.715140
0.443159
0.838069
0.739494
0.763970
-0.553331
-0.940611
-0.642140
-0.268105
0.298990
-0.578906
0.396649
-0.042268
0.014496
0.003937
-0.164525
0.765252
-0.251991
-0.134434
-0.871212
-0.341166
0.783441
-0.786737
0.155858
-0.639088
-0.065340
0.477157
-0.424604
-0.820795
0.920774
-0.569689
0.583483
-0.763970
-0.298074
-0.796625
-0.421613
0.169652
-0.393353
0.729911
0.293008
-0.966613
-0.188757
-0.909970
-0.661000
-0.054781
0.763176
-0.349528
0.394696
0.591784
-0.430342
0.972961
0.478195
0.977111
0.425459
-0.273232
0.459456
0.809320
0.341899
0.765557
-0.856502
-0.946471
-0.630116
-0.545701
-0.479598
-0.903378
0.719718
0.048372
-0.698111
-0.280740
-0.134739
0.382122
0.325236
-0.328715
-0.389569
-0.904965
0.776666
0.979858
0.628346
0.509201
-0.281594
-0.752007
-0.530198
0.737297
0.719901
-0.874081
-0.180761
-0.952818
-0.992676
-0.252968
-0.524644
0.175146
0.132237
0.407697
-0.409467
0.100436
0.031831
0.959532
-0.322733
0.683706
0.926389
-0.102329
0.595141
0.607959
-0.040010
-0.697806
0.570605
-0.872005
0.420270
0.161351
0.511032
0.123875
0.773797
-0.677175
-0.729423
0.861812
-0.092990
0.551866
0.920713
0.546556
0.518113
-0.937986
-0.894162
0.708182
-0.545030
-0.658132
-0.436689
-0.263649
0.026093
0.371014
-0.002106
0.607654
0.770501
0.072726
0.308817
-0.398236
-0.048250
-0.336711
-0.222144
-0.618397
-0.315409
-0.762627
0.440535
0.527085
0.850520
-0.126804
0.180456
-0.104770
0.456832
0.637745
0.802301
-0.634388
0.266213
-0.092502
0.497665
-0.525071
0.950438
0.678762
0.588977
-0.963073
0.481674
0.388714
-0.484420
0.362957
-0.466842
-0.544786
0.400006
-0.183569
0.160741
0.874264
0.854549
0.741081
-0.714347
0.461043
0.779778
0.718131
-0.823237
-0.127842
-0.935667
-0.409101
0.900693
-0.871639
0.973571
-0.188818
-0.492599
-0.178503
0.789972
-0.250587
-0.171361
0.192053
-0.757195
-0.789727
-0.948912
0.369304
0.536241
0.436445
-0.154332
-0.144566
-0.919797
0.083712
0.604358
0.951170
0.011933
-0.004364
0.048738
-0.752129
0.487777
0.259194
0.175024
-0.113926
0.709708
-0.773064
0.032746
-0.793878
0.085665
-0.132176
-0.045503
-0.647206
0.944884
0.377606
-0.060701
0.379254
-0.440046
-0.689932
-0.714103
-0.726371
0.228004
0.274209
0.471053
0.910337
-0.249733
-0.084872
0.713858
0.207678
0.900571
0.212317
0.629078
0.593677
-0.066561
-0.756096
0.831538
0.803278
-0.598621
0.261879
-0.166234
0.384991
-0.528916
0.227088
0.873592
0.806574
0.332438
-0.264077
0.460433
0.247169
0.294839
0.169774
0.473006
-0.526963
0.091830
-0.627796
0.462691
-0.991394
-0.916623
0.234230
0.425459
0.518113
-0.916807
-0.410443
-0.036409
-0.390362
-0.300455
0.920408
-0.198035
0.816523
-0.913938
0.839961
-0.100070
0.983947
0.260537
0.890439
0.617176
0.163610
0.661122
0.212683
0.348308
-0.614673
0.608448
0.299905
-0.421308
-0.541795
0.503342
0.333842
-0.756890
-0.968993
-0.288553
0.119541
0.989380
-0.176672
0.853084
-0.869625
0.126133
0.790033
-0.192236
-0.842036
0.854671
0.256752
-0.695547
-0.100925
-0.384930
0.763176
-0.626209
-0.189489
-0.966491
-0.293374
-0.803705
0.356243
0.103305
0.202857
-0.350749
0.660451
0.784539
0.234657
0.375469
0.330058
-0.191748
0.655629
0.607898
0.683462
0.203284
0.835261
-0.263710
-0.929258
-0.806207
0.498337
-0.328349
-0.163366
0.356182
-0.820856
-0.973083
-0.460921
-0.767632
-0.040315
-0.872433
0.894223
0.457869
-0.627003
-0.884213
-0.178381
0.885067
0.210608
-0.921445
0.603626
-0.986450
0.830805
-0.876705
0.686758
0.994507
0.054781
0.179968
0.964599
0.097079
-0.070650
0.491440
0.977599
0.083346
-0.046419
0.229163
-0.199805
0.249245
0.582202
0.076449
-0.747185
-0.521531
0.008576
-0.343791
0.312235
-0.246254
-0.574572
0.125767
-0.804559
-0.507248
-0.030427
0.165685
-0.982238
0.116062
-0.837214
0.156285
0.117954
0.908139
0.985351
-0.341166
-0.465987
0.537339
-0.770562
-0.738762
0.875912
-0.003021
-0.416608
0.431196
0.696402
-0.105747
-0.289163
0.012909
-0.799738
0.148412
0.866634
-0.417707
-0.363262
0.252297
0.919797
-0.563829
-0.255287
0.862911
-0.371990
-0.322916
0.710135
-0.130589
-0.092074
-0.124668
0.032258
-0.166417
-0.535325
-0.327860
0.751274
-0.640553
0.643422
-0.547716
-0.285623
-0.990356
0.391644
-0.718497
0.225990
0.903378
-0.192297
-0.341044
-0.206946
0.249062
0.576342
-0.606067
-0.095614
-0.434004
-0.601794
0.729057
-0.194800
-0.534654
-0.799127
0.671010
-0.976745
-0.731437
-0.498947
-0.566820
0.510849
0.300882
-0.925962
0.552293
0.150792
0.403729
0.283975
0.834101
0.031343
0.051912
0.841609
0.717582
0.350017
-0.850459
-0.718619
-0.162511
0.017731
-0.683279
0.980468
-0.946532
0.509262
0.707572
0.952208
0.432051
0.188452
-0.955016
0.581957
-0.615406
-0.993530
-0.677419
0.603137
-0.989074
-0.384686
0.102939
0.184057
0.462569
0.647267
0.504074
-0.014191
0.140294
-0.443587
-0.679495
0.929136
-0.699149
0.906064
0.437422
0.656667
0.612476
0.860897
-0.222388
0.351421
-0.561876
-0.944212
0.439802
0.302408
0.857418
-0.417829
-0.528245
-0.746330
0.048128
-0.480514
0.340373
-0.372967
-0.810480
0.235633
0.721793
0.121006
0.566088
-0.835810
0.804254
-0.635426
-0.916929
0.616321
0.554003
-0.200781
0.550707
0.179846
0.667104
0.374859
0.790887
0.921079
0.462081
0.522568
-0.935606
0.505051
-0.094516
-0.993103
0.952635
-0.437178
-0.872127
-0.322611
0.054720
-0.687857
0.133091
0.415815
0.337443
0.613330
0.388531
0.855464
-0.872494
0.994690
0.908444
0.738151
0.811396
0.597949
0.975890
-0.549181
0.751396
-0.146336
-0.121006
-0.206702
-0.959838
-0.986572
-0.005585
-0.510483
-0.180700
-0.174291
-0.808832
0.699454
0.142735
-0.725272
0.107517
0.031404
0.370464
0.646168
-0.679922
0.701468
-0.997681
0.330058
0.537645
-0.658864
0.555956
0.660878
0.254738
0.922239
0.538560
0.747063
-0.578906
-0.691885
-0.833186
0.981017
0.496506
-0.161657
-0.934141
-0.043672
0.469588
-0.768365
0.244789
-0.033540
-0.553453
-0.307352
-0.061495
0.967467
0.629872
0.061251
0.275307
-0.630604
-0.383465
-0.285806
-0.519211
0.254128
0.564562
-0.332377
0.143773
0.673330
-0.695730
-0.247353
0.110080
-0.593860
0.670156
-0.457320
-0.308390
-0.225135
-0.108554
0.544603
-0.182714
-0.983215
-0.391522
-0.711051
-0.547472
-0.103000
-0.682852
-0.328532
0.318400
0.343364
-0.651357
0.231178
0.081271
-0.594470
-0.513901
-0.881100
0.564501
-0.947569
-0.078097
0.368145
-0.943602
0.439558
0.692618
-0.675344
-0.181982
0.052583
-0.651296
-0.640553
-0.626026
0.544786
-0.294595
-0.556810
-0.950743
0.034700
-0.728263
-0.404645
-0.267922
0.932737
-0.801019
-0.436689
0.473739
0.776116
0.157201
-0.130528
-0.774407
-0.355754
0.309977
0.935850
-0.012055
-0.597705
0.743767
0.770135
-0.983764
0.792291
-0.936216
-0.040559
0.176672
0.892209
-0.799432
0.186254
0.683157
0.563524
0.044343
-0.395306
-0.897458
0.906613
0.937132
0.585253
0.455794
0.891476
-0.912351
0.667531
0.144017
-0.898434
0.871395
0.871761
0.710257
0.743767
0.499741
0.871029
-0.500412
-0.752373
-0.830500
-0.648793
-0.405011
0.741508
0.628712
-0.365215
-0.426374
-0.842463
0.093905
-0.840266
-0.993835
-0.843562
0.314249
-0.519578
0.581225
-0.604602
-0.028169
-0.010529
0.360698
-0.100497
0.931394
-0.686880
0.646718
0.026582
-0.303995
-0.671072
-0.884457
0.657582
0.860103
-0.571825
0.323283
0.541368
-0.798822
0.989563
0.800104
0.614307
-0.078280
-0.210059
-0.459334
-0.294595
0.785272
0.394391
0.918638
0.753777
-0.236061
0.078890
-0.289285
0.331523
0.071505
0.709647
0.516037
-0.554125
0.578051
0.481063
0.496506
0.234474
0.816645
0.206030
-0.596484
0.013092
-0.064547
0.358989
-0.880612
-0.280862
-0.139805
0.968444
-0.995788
0.656850
-0.945921
0.203162
0.117466
-0.175512
0.142796
0.167089
0.604419
-0.207739
-0.374981
-0.737724
0.538743
-0.645192
0.324381
0.392926
-0.224158
-0.427107
0.507004
-0.365581
0.719840
0.195471
-0.335490
0.077303
0.384442
-0.369671
-0.875729
-0.573290
0.821345
-0.870968
0.564806
-0.828913
0.330912
-0.079440
0.077914
0.771966
0.050447
0.340983
-0.838435
-0.860042
-0.057344
-0.278481
0.908933
0.722037
0.883236
-0.067904
-0.394513
0.947874
0.486740
-0.936216
-0.336650
-0.227393
0.598376
0.835994
0.985534
0.293374
-0.345805
-0.130222
-0.072726
-0.424360
0.651173
0.852351
0.573046
-0.450423
-0.799310
0.063692
-0.978515
-0.845149
-0.225684
-0.512131
0.900815
0.569506
-0.795709
-0.041719
0.211768
-0.085971
0.446089
-0.633839
-0.115390
0.914731
-0.123875
0.215613
0.714103
0.750359
-0.070101
-0.085360
0.772515
0.806513
-0.766167
0.663076
-0.882260
-0.921140
-0.293313
0.118442
-0.937193
-0.546434
-0.180639
0.009735
-0.290689
0.617420
-0.746757
-0.223975
-0.930113
0.758599
0.947020
0.364177
0.568041
-0.360027
0.570788
0.577136
-0.013764
0.568468
0.829768
-0.788629
-0.854854
0.607532
