-0.638539
0.305582
0.635914
-0.015107
0.112461
0.918455
0.655995
0.170507
-0.021760
-0.437971
-0.067782
0.943052
0.346965
0.375896
-0.774773
-0.890622
0.330363
-0.242531
0.972289
0.835444
-0.610340
-0.972839
-0.946104
0.911557
-0.139866
0.971007
-0.803278
0.855281
0.779290
-0.487838
-0.625416
-0.341105
0.798334
-0.608203
0.139134
-0.680349
-0.924070
0.150853
-0.507065
-0.531541
0.466231
-0.426435
0.640919
-0.777215
0.209143
-0.362285
0.334025
0.268654
-0.830134
0.679495
-0.553392
-0.658681
-0.583422
0.442305
0.737968
-0.100436
0.305094
-0.859737
0.636586
0.923460
-0.699026
0.564928
0.998169
-0.432173
-0.513840
-0.431196
0.729972
0.108615
0.648610
-0.364116
-0.459212
-0.329875
0.280801
0.245399
0.759697
0.408673
-0.095126
-0.291726
-0.451338
-0.073763
0.442610
0.922178
-0.510544
-0.230934
0.376568
0.222205
-0.823542
0.547594
0.871517
-0.147740
-0.406964
0.093051
0.386883
-0.088961
-0.863460
-0.057039
-0.882504
-0.409833
0.659291
-0.770745
-0.301859
-0.372356
0.484176
0.701956
-0.810053
0.016083
-0.731254
0.009186
-0.052217
-0.025056
0.614795
0.299112
-0.305460
0.977172
0.547899
-0.769646
0.075900
-0.757500
-0.898068
0.606922
-0.972533
-0.316202
0.173009
0.969359
-0.402142
0.756645
0.344157
0.860775
0.653859
-0.365337
-0.037141
0.070528
0.938841
-0.559008
0.032868
0.042207
-0.886959
0.272317
-0.115635
0.137364
0.175573
-0.325541
0.464400
0.828608
0.059542
-0.954588
0.920408
-0.696097
0.403729
-0.602466
-0.876583
0.650929
0.251625
-0.812860
0.268410
-0.249489
-0.412702
-0.404157
0.382366
0.877804
0.809687
0.759697
-0.375042
-0.909787
-0.752922
-0.785455
0.843928
0.650197
-0.547960
-0.811396
0.104465
-0.239784
-0.606616
-0.437300
-0.163610
-0.799249
-0.238746
0.145665
-0.930845
0.787225
0.433515
0.713370
-0.948851
-0.866939
-0.562059
0.395978
-0.618702
0.621998
-0.484725
-0.495224
-0.555589
-0.109836
-0.939268
0.871212
0.840571
0.177404
0.401349
0.100864
0.164769
0.498398
-0.846065
-0.963683
-0.992492
-0.789178
-0.842708
-0.231239
0.597827
0.735527
-0.266884
-0.635792
0.161596
-0.021638
0.118381
-0.709159
0.711112
-0.306803
0.648671
0.289224
-0.603626
0.933775
0.382366
0.210608
0.099277
-0.419172
0.730766
-0.896054
-0.409223
-0.801874
0.020295
0.592822
-0.981262
-0.185583
-0.493027
-0.682302
-0.926389
0.312906
0.527024
-0.908872
-0.584216
-0.230323
-0.060579
0.784600
-0.145482
0.329875
0.255959
0.551134
0.903928
0.558214
0.188635
0.219581
-0.626453
-0.625111
-0.209998
0.700430
-0.983764
0.172643
-0.886166
0.256142
0.314371
-0.039521
-0.881222
0.975829
-0.198157
0.817621
-0.705802
-0.099277
0.026704
-0.895322
-0.365276
-0.649464
-0.829707
0.770135
0.246559
0.325297
-0.835444
0.510544
-0.007965
-0.141575
0.162694
0.752434
0.566881
-0.864071
-0.404523
0.522019
0.269448
0.105319
0.207190
0.622913
0.062288
0.251991
-0.243446
0.808710
0.383099
-0.387921
0.928220
0.108005
-0.698294
0.414899
0.783074
-0.862545
0.087985
0.601672
0.623524
0.534715
0.636708
-0.608936
0.290078
-0.681631
-0.627979
-0.653859
-0.577258
-0.867183
0.847346
0.857784
0.699087
-0.621632
0.407636
0.673635
0.328104
0.833857
0.418806
-0.952696
0.272317
-0.722526
-0.747978
-0.003265
-0.959166
0.840327
-0.210242
-0.453841
0.919187
-0.900449
-0.370708
-0.820124
-0.970580
-0.220130
0.150365
-0.835810
0.774163
0.597827
-0.705557
-0.354289
-0.709220
-0.084506
-0.316446
0.921812
0.934935
-0.358135
0.483200
-0.364299
-0.701041
-0.394024
0.149571
-0.585864
0.778436
-0.238136
0.549608
0.030183
0.175268
0.330912
0.282876
0.537461
0.056551
0.083102
-0.604480
-0.149022
-0.505600
0.268044
-0.999817
-0.497909
0.150304
-0.751274
-0.707694
0.722465
-0.677786
-0.874752
0.012543
0.308939
-0.871639
0.610828
0.113193
0.462691
-0.798639
-0.490646
0.128941
0.764702
0.845943
0.497055
-0.862239
-0.157628
0.908383
-0.791009
-0.486496
-0.445357
-0.810968
0.645741
0.430403
0.715934
0.479904
0.335795
0.299478
0.654408
0.771661
-0.013092
-0.946654
0.783685
0.210669
0.976806
0.759758
-0.760613
-0.661000
0.227454
0.469222
0.828669
-0.693655
-0.405255
0.354045
0.319315
-0.945921
-0.266457
-0.468978
0.615772
-0.215857
0.368206
-0.931700
0.183996
0.407392
0.037690
0.033906
0.271401
-0.805536
0.741752
-0.607410
-0.809320
0.077792
0.609180
0.386883
-0.696036
0.027924
0.967772
-0.716239
-0.417280
-0.415876
-0.065584
-0.042268
-0.705985
-0.158544
0.653432
0.003449
-0.612964
0.473006
0.677419
0.678335
0.295816
-0.639454
-0.264443
-0.459517
0.338420
0.108127
0.108921
0.391827
-0.819391
-0.797296
0.530198
0.081881
-0.829585
-0.500412
0.764153
-0.055513
-0.740593
0.505600
0.723319
-0.750908
0.782586
-0.519944
-0.074190
-0.086947
0.171972
0.030610
-0.394574
-0.014801
-0.777825
0.542528
-0.654530
0.585314
0.662160
0.683218
0.110263
-0.973388
-0.793817
-0.981017
0.647450
0.188574
-0.941343
-0.523606
-0.294656
-0.255531
0.860469
-0.058809
0.166906
0.273782
-0.395428
-0.878658
-0.414838
0.933958
0.265175
-0.971557
-0.599048
0.591540
-0.598437
-0.589038
-0.501328
0.245643
0.824885
0.304971
0.950926
-0.333293
-0.542589
-0.213904
0.690481
0.551439
-0.194861
0.094638
-0.500229
-0.584887
-0.143712
0.058016
-0.032685
-0.030671
-0.240211
-0.560656
-0.230079
0.819758
0.665761
-0.761345
0.005951
0.501144
-0.245582
-0.582934
0.722221
0.306803
0.525559
0.780816
-0.054781
-0.592517
-0.191687
-0.882382
-0.207312
-0.494919
0.122471
-0.827509
0.416608
-0.277627
0.543870
-0.559557
-0.858943
-0.078829
0.037507
-0.191198
0.246559
0.477035
-0.583850
0.011750
0.264138
0.013703
0.013092
0.256508
0.168310
-0.986633
0.464705
-0.571703
-0.747978
-0.728629
-0.284951
-0.282327
0.501755
-0.362835
-0.483749
-0.645009
0.677602
-0.099704
0.162511
-0.537278
-0.251198
-0.462935
0.487228
0.806330
-0.328104
-0.951292
-0.478744
-0.075533
-0.602954
-0.140782
0.050081
-0.587695
0.365215
-0.073153
-0.046480
-0.979125
0.790582
0.105625
-0.554552
0.064791
0.393780
0.202551
-0.254738
0.479049
-0.284829
-0.276833
-0.861629
-0.569933
-0.723014
-0.928770
-0.416120
0.722037
-0.106906
-0.986816
-0.069369
-0.174291
-0.861324
0.555834
-0.304788
-0.034211
0.528672
-0.324259
0.793878
-0.403607
-0.804010
-0.773064
-0.662770
-0.398114
0.943175
0.374493
-0.719291
0.887265
0.435041
-0.482406
0.752373
-0.608020
-0.390912
0.059420
-0.431440
-0.182043
0.208960
0.287454
-0.258400
0.530992
0.183630
0.510056
-0.456893
0.440352
-0.865535
-0.504990
0.895199
-0.344829
0.283547
-0.526414
-0.441694
-0.651540
0.565416
-0.150304
-0.323893
0.992370
0.687063
0.322001
0.535142
0.612476
-0.893368
-0.644398
0.817499
-0.705496
-0.118625
-0.513474
0.478744
-0.460799
-0.512436
-0.338664
-0.785821
0.148839
-0.455672
0.840327
-0.349162
0.309305
0.416242
0.341044
-0.819880
0.863521
-0.572985
-0.397565
0.430403
-0.867122
0.721671
-0.591906
0.485336
-0.842341
0.791986
0.060518
0.803583
0.517258
0.589831
0.707633
0.925840
-0.905576
-0.837947
0.758965
-0.569811
-0.065828
-0.586901
-0.273537
-0.280679
0.298990
-0.342570
-0.542772
0.806879
0.963744
0.516099
0.737968
0.093356
-0.275674
-0.482406
-0.591174
0.284463
0.024018
-0.491623
0.039338
-0.103793
-0.769585
-0.188025
-0.484298
-0.955138
0.634205
0.630360
-0.105869
0.077914
0.946837
-0.681509
0.909421
0.785333
0.824152
0.009857
0.154881
0.256508
-0.019929
-0.677114
-0.962889
-0.579394
-0.234718
-0.458357
0.487411
-0.846065
0.097629
-0.830439
-0.886837
0.513108
-0.632740
-0.528123
-0.417890
-0.359233
-0.090182
-0.452925
-0.728263
0.586779
-0.149083
0.698904
-0.554491
-0.943419
0.567675
-0.051729
-0.774346
0.135655
-0.522935
0.995972
0.181494
-0.824152
-0.408612
0.180822
0.807672
0.063631
-0.339274
0.564867
-0.668386
0.597766
-0.226112
-0.302591
-0.162328
0.473434
-0.513230
-0.664968
0.071749
0.283303
-0.731559
0.229286
-0.123630
0.272744
-0.891964
0.915464
0.639698
-0.901425
0.694266
0.153844
-0.465987
-0.764946
-0.717887
-0.580981
-0.968139
-0.166478
0.689322
0.022980
-0.723502
0.286538
-0.176611
0.480087
0.508347
-0.972228
0.984130
0.642689
-0.156224
0.632008
0.428083
0.935484
0.006317
0.485397
0.037996
-0.966124
-0.134922
0.923704
-0.627979
0.496017
-0.242225
0.658132
-0.196631
-0.103488
-0.296243
-0.927305
0.716178
0.638173
0.762139
-0.161718
-0.902585
0.414472
-0.025605
-0.450240
-0.534776
0.383099
0.718619
0.704215
-0.961852
0.790826
0.193213
-0.973693
-0.873348
0.263710
-0.958861
-0.992615
0.890011
0.958922
0.263344
-0.638478
-0.298074
0.148473
-0.328532
0.079562
-0.154393
0.022919
-0.751762
0.625355
0.074190
0.242836
-0.319681
0.988037
0.463057
-0.233619
0.334635
0.393292
-0.951109
-0.332072
0.491501
-0.764092
-0.851253
-0.390790
-0.073031
0.126438
-0.407270
-0.294229
0.621509
-0.468368
-0.519822
0.759209
0.894284
0.346171
-0.141697
0.932676
0.161962
-0.044649
0.460982
-0.725333
-0.771966
-0.204627
0.151524
-0.929258
0.801202
0.749931
0.578478
0.500168
-0.647328
-0.994324
0.016449
-0.769341
0.157628
-0.026276
-0.403485
0.690054
-0.259987
0.041963
0.750603
0.973205
-0.939146
-0.158788
-0.751518
0.655812
-0.392193
-0.425031
0.426801
-0.509629
-0.981262
-0.686697
-0.667348
0.177526
0.493637
-0.544237
-0.604907
-0.852657
0.015900
-0.712333
-0.538011
-0.098544
-0.624744
-0.211158
-0.488754
-0.602893
0.911740
-0.772454
-0.287881
0.328043
0.312845
0.155370
0.549852
-0.648305
0.192358
0.658315
0.985351
-0.875668
-0.047456
-0.559496
-0.161412
0.884213
0.121128
-0.839167
-0.075961
0.653737
-0.554064
-0.579882
-0.077120
0.011505
-0.417463
-0.121189
0.081576
0.102329
0.109470
-0.228187
-0.298807
0.622181
-0.630604
0.035676
-0.958861
-0.036958
0.841731
0.943480
0.157811
-0.371136
-0.003876
-0.030976
0.920591
0.034333
0.623218
-0.380657
0.899411
-0.496567
-0.413495
0.110996
-0.858150
-0.016083
0.799005
-0.262856
-0.263283
-0.295328
0.065523
0.316446
-0.467940
-0.071932
-0.007721
0.881893
-0.815424
0.611072
-0.470565
-0.499924
0.924070
-0.061617
0.522935
-0.899838
-0.288491
0.412397
0.969359
-0.069002
0.146214
-0.288125
0.658620
0.713736
-0.466353
0.909360
-0.668264
-0.849239
-0.179724
0.266030
-0.869442
-0.094882
-0.240333
0.117283
0.528428
-0.477157
0.982482
0.328654
-0.747795
-0.649953
-0.621021
0.077609
-0.663991
0.275246
0.535081
-0.949522
-0.290689
-0.996948
0.482162
-0.029084
0.281777
0.434187
-0.223853
-0.702322
-0.425581
0.441877
-0.798151
0.760674
0.272134
0.614490
-0.438765
-0.091159
-0.936460
0.605090
0.393963
-0.870907
0.821284
-0.622791
0.750359
0.843135
-0.307840
0.895749
0.579028
0.460677
0.030915
-0.683096
0.319376
-0.981628
0.284219
0.028230
-0.623402
-0.091464
0.999329
0.401593
-0.661061
0.223365
0.138707
0.912961
0.682180
0.457015
-0.378765
-0.970824
0.747795
-0.556078
0.038179
-0.252968
-0.958617
0.333964
-0.080966
0.669790
0.232521
-0.371136
-0.753044
-0.553636
0.757500
0.982238
0.752434
0.892697
0.384930
0.072115
0.535447
-0.859859
-0.847407
0.838252
0.302225
-0.239418
0.208655
0.481735
0.712821
0.085360
0.631825
-0.340739
-0.804682
-0.086947
-0.722953
-0.072909
0.965453
-0.955565
0.834468
-0.862728
0.357402
0.650868
-0.431013
-0.939329
-0.923948
0.282327
0.267373
0.319559
-0.924558
0.436079
-0.038362
0.975036
0.605274
-0.267434
-0.112156
-0.636341
0.756279
-0.943236
-0.176061
0.741935
0.711112
-0.282327
-0.013764
0.762017
0.360088
-0.979431
0.143773
-0.594897
0.931150
-0.844417
0.504257
0.625233
-0.041414
-0.720573
0.253151
0.265297
-0.715629
-0.219459
0.249916
0.020478
0.576525
0.131993
-0.232521
0.446333
0.029450
-0.468612
-0.203467
-0.546739
0.548875
0.304178
-0.599719
-0.057588
0.567492
0.789117
-0.385296
0.204688
0.529527
0.700186
0.941343
0.243995
-0.771294
-0.313456
-0.676443
0.125278
-0.751335
-0.748650
-0.032197
-0.703970
0.600635
-0.356487
-0.996094
-0.553331
0.088595
-0.886654
0.517808
-0.987854
-0.625660
-0.206885
0.047334
0.738151
-0.982910
0.309732
0.762627
-0.356365
0.473251
0.957884
-0.382122
0.627857
-0.339213
0.074313
-0.745842
-0.961608
0.174169
-0.383465
-0.650014
-0.638050
0.440413
-0.685476
-0.424848
0.080905
-0.498032
-0.840815
0.889035
0.222877
0.090915
0.784234
0.862728
-0.635426
0.261818
-0.520798
-0.348796
-0.488998
-0.907651
0.061190
-0.921812
-0.349528
0.664724
0.835505
0.828303
0.334758
0.946471
-0.010224
0.041902
0.650563
-0.964904
-0.497482
0.050386
0.553514
0.926511
-0.170202
-0.011689
-0.120701
0.130467
-0.966308
-0.971984
0.548509
-0.851619
0.068575
0.423078
0.093905
0.166173
-0.367351
-0.561510
-0.411359
-0.590991
0.506760
-0.031770
0.375286
0.298807
0.414533
0.718436
-0.268899
-0.028108
0.022492
0.386212
-0.093417
-0.244911
0.219947
-0.664296
-0.457747
-0.087130
-0.061251
-0.021882
-0.191687
0.418378
0.571703
0.670644
0.076266
0.494552
0.624317
-0.574694
-0.961913
-0.666189
0.393902
-0.264992
0.945982
-0.301614
-0.644215
0.501328
-0.372356
-0.774834
-0.677908
-0.813410
0.081759
0.348552
-0.401776
-0.656484
0.825556
-0.445540
-0.618824
0.239906
-0.132115
-0.028230
-0.466720
0.050752
-0.579394
-0.244240
-0.362346
0.906674
-0.043306
-0.985107
-0.245949
-0.480697
0.686880
-0.955260
-0.661916
0.204932
0.269875
0.936155
0.531419
0.111667
0.658742
-0.058626
-0.338908
-0.305643
-0.187353
0.371075
-0.281045
-0.671926
-0.893918
0.852901
-0.925596
0.255959
0.520310
-0.370952
0.103183
-0.162816
0.614978
-0.516465
-0.298990
0.423383
-0.064730
-0.066317
-0.920896
-0.246864
-0.396344
0.288430
0.717093
0.610096
0.956297
-0.375225
-0.778314
0.666128
0.415387
-0.496689
-0.406720
-0.880673
0.439802
0.546251
-0.193823
0.932493
0.496506
-0.873470
0.226539
-0.530442
-0.514023
0.576220
0.967406
0.013398
0.685598
-0.273232
0.902951
-0.921140
-0.469588
0.901669
-0.503037
0.452681
0.304361
-0.521714
-0.639821
-0.228248
-0.211524
0.642933
-0.745964
-0.525254
0.491501
-0.511887
-0.639332
-0.929746
-0.363750
-0.895627
-0.410077
0.101413
0.905026
0.629261
0.785211
0.195227
0.044954
0.916868
-0.510239
0.267617
0.969237
0.441694
0.347148
0.498642
-0.291604
-0.130955
-0.066256
0.501328
-0.788446
-0.033296
-0.379925
0.733879
0.441145
-0.893490
0.447615
0.314249
0.109409
0.241676
0.737480
-0.338847
-0.658071
0.408918
0.878414
-0.928098
-0.348857
-0.439070
0.011139
0.023347
0.868404
-0.877499
-0.414472
-0.403851
-0.571825
0.860775
-0.531602
0.761773
0.710135
0.208716
0.671560
-0.342143
-0.391278
0.848140
0.939207
-0.900815
0.532640
-0.920408
-0.030549
-0.150182
-0.238746
0.301187
0.594348
0.588794
0.770440
0.546251
0.162755
0.334269
-0.980834
-0.894589
0.936522
0.090548
-0.408551
0.715201
-0.049104
0.688650
-0.221290
0.141392
-0.185644
0.710135
0.883480
0.411664
0.772271
-0.984619
0.986877
0.871029
-0.440046
-0.136265
-0.729118
-0.277261
-0.446028
0.997314
-0.328715
-0.197974
0.091159
-0.542589
0.773064
-0.232521
0.873470
0.051363
-0.406903
-0.672231
0.609119
-0.388165
-0.012421
-0.861263
-0.486190
0.558519
0.187475
-0.590320
-0.331767
-0.786370
0.944639
-0.611805
0.080538
-0.991577
-0.307901
0.169164
-0.647450
0.162084
-0.446516
-0.970336
-0.254494
0.577136
-0.133518
-0.685598
0.000641
0.540269
0.354411
-0.821467
0.998657
-0.357646
0.307657
0.643849
0.147923
-0.907407
0.718925
0.317850
-0.213050
0.555589
0.820673
0.968444
0.824763
-0.127964
0.789117
0.350261
0.363018
0.491989
0.416486
-0.407758
0.621937
-0.800287
-0.785699
-0.162633
-0.230262
-0.785211
0.169286
-0.982177
-0.883419
0.604236
0.082247
-0.268410
-0.684500
-0.525132
0.154393
-0.723807
0.517624
0.085299
-0.625904
0.210242
-0.247841
0.810663
-0.009125
0.395184
0.269936
-0.623096
0.657704
0.046724
-0.977905
0.727531
0.050996
0.386029
0.473006
0.163182
0.576769
0.324259
0.223182
0.556749
-0.598071
-0.408063
-0.182104
-0.233802
-0.473067
0.031709
-0.971679
0.044893
-0.626026
