0.021393
-0.700491
-0.570849
0.993835
-0.754265
0.543748
-0.060213
0.458480
-0.036531
0.958800
0.031037
-0.877316
-0.096469
0.085116
0.502365
-0.643544
0.404706
-0.156774
0.962279
0.103000
0.837519
0.008393
-0.233619
0.978271
-0.111423
-0.919492
0.527940
0.024689
0.148045
0.167394
-0.312174
-0.514328
0.861263
-0.875851
-0.861873
-0.569933
-0.634327
-0.836482
-0.542222
0.987060
-0.146702
-0.142491
-0.609058
-0.194250
-0.469955
-0.110691
0.143284
-0.328227
-0.113498
-0.545274
-0.128269
0.732109
-0.786126
0.326456
0.512314
-0.271767
-0.107028
-0.215491
0.493576
-0.797906
0.375652
0.546739
-0.498703
0.118931
0.653432
0.216407
-0.596667
0.853877
0.252724
-0.977233
-0.879757
0.606311
-0.822871
0.573840
0.287210
-0.295511
0.627247
0.249733
0.058382
0.969970
0.035432
0.153783
-0.309854
-0.508591
0.630238
-0.225684
-0.880490
-0.972594
-0.674001
-0.462264
0.173376
-0.201025
-0.452498
0.416547
-0.592090
0.699026
-0.984802
0.643666
-0.504929
-0.910642
0.111606
-0.167943
0.374371
0.859249
-0.369549
0.218116
0.635975
0.074557
-0.147252
0.585559
0.043306
-0.513047
-0.299722
0.959777
0.315775
0.150304
-0.683645
0.924680
0.246498
-0.434370
-0.593738
-0.362163
0.466475
0.293130
0.776116
-0.239601
-0.139866
-0.298257
0.373272
0.966369
0.501572
-0.605762
0.124851
0.466659
0.408002
-0.888180
-0.637684
-0.631092
0.112094
-0.754021
-0.554247
0.128086
-0.308206
0.860347
-0.698233
-0.643849
-0.572558
0.037873
-0.787225
0.915403
0.832575
0.732475
0.140721
-0.300638
-0.309610
0.110019
-0.038057
-0.001373
-0.034700
-0.335978
-0.626942
-0.438948
0.648732
-0.023225
-0.985412
-0.861751
0.571581
-0.149876
-0.990417
-0.178930
0.901425
-0.890683
0.052767
-0.024384
-0.842158
0.896420
0.508286
-0.546007
-0.624195
-0.824213
0.703360
0.135166
-0.947203
-0.956969
0.327433
0.271767
-0.740654
0.637318
-0.260964
-0.510544
0.465621
0.266213
0.278481
-0.176428
0.877621
0.181188
0.533982
0.470077
0.516831
-0.618641
-0.505356
-0.038179
0.532884
0.596179
-0.406110
-0.214698
0.000824
0.931211
-0.438215
0.096469
-0.108127
0.023652
0.771783
-0.310953
0.381512
0.460799
0.441694
0.254311
-0.613880
-0.183081
-0.778985
0.017609
0.179479
-0.879147
-0.851985
-0.041108
0.743400
0.193213
0.006317
-0.799860
0.058138
0.106235
0.445723
-0.511582
-0.008759
0.949767
-0.751335
0.759453
-0.971984
-0.430891
-0.402936
0.232582
0.873348
0.786065
0.271645
-0.100192
-0.567309
-0.411786
-0.455061
-0.982788
-0.045808
-0.267067
0.438398
-0.972533
-0.358684
0.124119
-0.482284
0.103549
-0.900998
-0.556993
0.971435
-0.548936
0.535386
0.174841
-0.248756
0.246559
-0.006561
-0.340251
-0.883419
-0.381268
-0.162328
-0.868587
-0.423933
0.821406
0.437849
0.968505
-0.353008
0.684378
0.369182
0.817621
-0.773064
-0.614124
-0.383953
-0.054659
-0.505905
0.903806
-0.867306
-0.097262
0.271828
-0.035615
-0.469405
-0.435835
-0.859798
-0.290262
-0.066561
0.155126
-0.028291
0.158055
0.077670
0.174047
0.574145
-0.956481
0.357097
0.293191
-0.549181
0.392010
-0.658803
-0.928404
0.179113
0.469344
-0.991272
0.320536
-0.481124
-0.957579
0.984313
0.986206
0.909116
0.745903
0.094577
0.898679
0.847407
0.636097
0.537400
0.322123
-0.184301
0.079257
-0.596545
-0.518418
0.837580
0.454146
-0.605457
-0.187963
0.118198
0.481307
0.181372
0.875179
0.987365
0.533799
0.898190
-0.011750
-0.964293
-0.199683
0.388348
-0.283425
0.140294
0.795831
0.058992
0.669729
-0.725333
-0.581957
-0.080599
-0.844111
0.147740
-0.142857
0.314554
0.317545
0.543748
-0.233070
-0.129002
0.364483
-0.192724
-0.994751
-0.919248
0.558885
0.183203
0.916440
0.934263
0.404645
-0.406476
-0.448958
0.773003
0.079257
-0.441877
-0.515305
-0.562548
-0.295022
0.621998
0.117588
-0.208045
0.308451
0.594714
-0.581164
-0.671926
0.597827
0.692434
0.963378
-0.764702
-0.871761
-0.412519
-0.175146
0.184362
-0.803583
-0.450606
-0.367107
-0.123936
-0.694571
-0.244911
-0.375774
-0.986999
-0.105747
-0.805902
0.651479
-0.857662
0.860836
-0.791742
0.606983
0.048799
-0.726676
0.562243
0.066622
-0.224891
-0.746513
-0.997497
-0.915586
-0.404218
0.272073
0.293252
0.837092
0.960753
-0.664296
-0.656301
0.022370
-0.535813
-0.928709
0.705679
0.148045
-0.653005
0.281350
0.221839
-0.280618
0.336589
-0.310831
-0.558763
-0.845943
-0.057588
-0.519028
0.267983
0.261818
0.523850
-0.240822
0.666982
0.357524
-0.334880
-0.680166
-0.085116
0.599719
0.349773
0.976684
-0.325297
-0.145665
-0.226295
-0.528184
-0.540330
-0.704276
0.020905
-0.183508
0.776238
0.615101
-0.580187
-0.702872
-0.954772
-0.098727
0.736076
0.164281
-0.369915
-0.524155
-0.506516
0.743339
0.986999
-0.992248
0.377606
0.090609
0.714347
0.122288
-0.828608
0.970153
-0.604602
0.329814
0.428449
-0.262246
-0.412946
-0.238258
-0.678396
-0.089450
-0.647938
0.641713
-0.346355
0.931700
0.450423
-0.525315
0.174108
-0.236549
-0.095737
0.807733
-0.645680
0.786431
-0.901120
-0.333842
-0.336650
0.178808
0.435224
0.714530
-0.022736
-0.696829
0.538987
-0.098727
-0.243324
0.511643
-0.128147
0.062593
-0.723930
0.447798
-0.707144
0.848506
0.868770
0.702933
0.136448
-0.597583
0.893124
-0.995239
-0.061556
-0.125278
0.498276
-0.457930
-0.306009
0.054720
-0.590258
0.673513
0.307230
-0.634144
-0.163182
-0.086520
0.144200
0.730155
-0.176305
0.631703
-0.595935
0.964171
-0.352641
-0.302835
-0.677541
0.643239
-0.449873
-0.171484
-0.860042
0.976318
0.645802
-0.691153
0.594287
0.808527
-0.494064
-0.740043
-0.498337
-0.719901
-0.913083
0.525437
-0.428327
0.031526
0.379376
-0.189489
0.554918
-0.220618
0.385174
0.195227
-0.449568
0.597400
-0.888241
-0.630177
0.635670
-0.517014
-0.600513
-0.532456
-0.601306
-0.817743
0.028962
0.836177
0.494736
0.942198
-0.408918
0.165136
-0.943541
0.766717
-0.657033
0.920713
0.383587
-0.858760
-0.216102
-0.826533
0.755852
0.158788
-0.811090
0.391583
-0.782403
0.656056
-0.384442
-0.579272
0.752312
0.043733
0.551317
0.143223
0.627125
-0.244789
-0.407392
0.980834
-0.427351
-0.955382
0.193823
0.924863
0.908139
0.351787
0.681753
0.653615
0.805170
0.184057
0.312418
0.319376
0.957335
-0.257363
-0.491562
-0.692740
-0.694876
-0.506577
-0.145482
0.728996
-0.929685
0.193274
-0.704642
-0.266701
-0.480270
-0.734733
-0.763298
-0.677297
-0.628285
0.058321
0.748589
0.905210
0.025483
0.076144
0.771905
-0.982727
-0.074496
-0.681997
-0.066378
0.340739
0.219520
-0.637501
0.583728
0.297342
-0.508896
-0.038972
-0.109714
0.532517
0.388104
0.336406
-0.235267
0.991211
-0.984924
0.132115
0.223670
0.639149
0.545396
-0.646352
0.270241
-0.072481
-0.814814
0.413373
-0.560961
-0.631458
-0.240944
-0.070223
-0.049898
-0.567064
0.575365
-0.271096
-0.012848
-0.822260
-0.116855
-0.887143
0.867855
0.239967
0.483993
0.065645
-0.951964
-0.487716
-0.005158
0.118748
0.277383
-0.895993
0.746879
0.306619
0.429548
-0.900815
-0.472762
0.747063
-0.451094
-0.879025
-0.335856
-0.880978
-0.400128
0.895322
-0.247291
0.882015
-0.513474
-0.717338
0.127903
-0.881832
-0.595874
-0.296915
-0.605152
0.498154
0.174902
0.971007
0.519883
0.519211
-0.975768
0.658010
-0.750114
0.309122
0.047517
0.585437
0.862667
0.338298
-0.748283
0.447127
0.193091
0.814447
-0.590930
-0.912168
-0.364299
0.808222
-0.030244
-0.833247
-0.718314
-0.760186
-0.650380
0.215857
-0.590869
-0.545579
-0.028230
-0.675466
-0.762139
-0.663991
-0.624989
-0.430097
0.227210
-0.636280
-0.773919
0.331889
0.506455
0.658376
0.703543
0.279458
0.608203
0.249794
0.915586
0.617664
0.877255
-0.493332
0.425886
-0.998291
0.234352
-0.703299
0.379376
-0.775750
-0.660268
-0.840449
0.142796
0.785699
-0.794794
-0.115085
-0.126194
-0.359600
-0.016755
0.489181
-0.605457
0.064547
0.747063
-0.614368
0.162938
-0.429243
-0.517136
0.184118
-0.715690
0.761834
-0.692984
-0.317850
0.336406
-0.862362
0.026948
-0.682119
0.998962
-0.292947
-0.609119
0.281411
0.812433
-0.445418
-0.273476
-0.807123
-0.902768
0.975219
-0.103000
0.089022
0.458846
0.801752
-0.213416
0.176794
-0.742912
0.156957
-0.027924
-0.340556
0.866024
0.319926
-0.566454
-0.872677
0.107761
0.930540
0.071566
-0.930296
-0.848140
-0.149571
0.430525
-0.554918
0.899106
-0.001801
0.427351
-0.315165
-0.137547
-0.912412
-0.376385
-0.446028
-0.816523
0.227882
-0.241859
0.505722
-0.482345
-0.590258
-0.640736
-0.166051
-0.987976
-0.780450
-0.238014
0.899594
0.796564
0.071383
-0.511093
0.725455
-0.042573
-0.064730
0.583789
-0.304971
-0.062838
0.214881
-0.822748
-0.499924
-0.281777
-0.341777
0.760063
-0.773247
-0.708853
0.377850
0.969298
-0.049898
0.595935
-0.416059
0.342570
-0.287210
0.950438
0.151036
-0.141697
0.896908
-0.879696
0.654958
-0.913327
-0.672964
0.008026
-0.745598
-0.665822
0.441939
0.301004
0.424116
0.663137
-0.289651
0.747307
-0.608570
0.908444
0.378826
-0.836604
0.096225
-0.329325
-0.609607
-0.942442
-0.595019
-0.511643
-0.207801
-0.040437
-0.301248
0.687857
0.609973
0.234046
-0.166478
-0.989257
-0.614673
-0.997864
-0.405316
-0.952147
0.957091
-0.517014
0.657399
0.570299
0.311747
0.141758
0.743217
0.839290
0.274697
-0.602161
0.314920
0.344279
-0.699210
-0.056673
0.968139
0.373211
0.241005
0.182592
0.083285
0.078768
0.525315
-0.753716
0.204749
0.021027
-0.072115
-0.963744
0.865719
0.419233
-0.175512
0.500290
-0.665090
0.954344
-0.081393
-0.673391
-0.814753
-0.890011
-0.824396
-0.228309
0.590747
0.439314
-0.781549
0.782586
0.054903
0.707327
-0.193030
0.502792
0.289041
-0.804559
0.523118
0.640919
0.184851
-0.192114
-0.364788
-0.588855
0.792291
0.481735
-0.413007
0.415571
-0.977721
0.611255
-0.311991
-0.524827
0.279946
0.338054
0.535020
-0.737419
0.910642
0.447737
0.846797
0.134068
0.790033
-0.577258
0.528916
-0.435774
-0.990967
-0.734184
-0.476669
0.890439
-0.210791
0.283609
0.157201
-0.144139
-0.586230
-0.499557
-0.344951
-0.069002
-0.475387
-0.498886
-0.451277
-0.509140
0.588427
-0.083407
0.634754
-0.352580
0.809626
0.969237
-0.811701
-0.788873
-0.671316
0.964599
-0.760002
-0.872677
-0.730766
0.673940
0.894528
0.339885
0.601672
0.654225
-0.388897
-0.013092
0.504440
0.059175
0.560228
0.915159
0.617237
-0.059603
0.659230
-0.251747
0.085421
-0.642994
0.530869
0.469466
-0.727226
0.346843
-0.583666
0.688467
0.652333
-0.652821
-0.480636
-0.439680
0.551805
0.681509
-0.718375
0.200232
0.228919
-0.602771
-0.452254
-0.893307
0.667653
-0.418317
-0.040376
0.944578
-0.213233
0.122776
-0.949705
0.593493
-0.412091
-0.720267
0.835810
-0.748344
-0.715323
0.059542
-0.199744
-0.297159
0.758599
0.598437
-0.876705
0.471297
-0.118748
-0.249428
-0.190405
-0.544969
-0.460005
0.471358
-0.858211
0.441084
0.600269
-0.745720
-0.681936
-0.322245
0.853938
0.964354
0.440779
0.304910
0.841365
-0.353984
-0.919248
-0.642201
-0.729667
0.379803
0.917478
-0.847041
0.414594
-0.034700
0.856746
-0.473067
-0.656545
0.898923
0.125217
0.886166
0.196020
-0.340922
0.535020
-0.795770
0.305033
-0.386700
0.878170
-0.805536
0.488510
-0.482223
-0.339030
-0.424909
-0.735771
-0.000702
-0.458663
0.604907
0.528245
0.201270
0.568285
-0.249001
-0.677908
0.190100
-0.684317
0.575793
0.961791
-0.856624
0.812555
0.275430
0.205908
0.919553
0.909604
0.344157
-0.225440
-0.089938
0.183386
-0.958434
0.763848
0.262490
-0.333903
0.187963
0.550401
0.806146
0.036653
0.586596
-0.346110
0.713065
0.796381
0.836360
0.275246
-0.787835
-0.269265
0.242897
-0.496811
0.311197
0.972411
-0.185583
-0.054598
0.684256
-0.822504
0.162206
-0.043916
-0.153050
0.058260
0.931578
-0.717643
0.375835
0.577136
-0.639149
0.364849
-0.210059
0.731559
0.115452
-0.389996
0.967772
0.699576
0.855525
0.334025
-0.478256
0.608020
0.971313
-0.502487
-0.836970
-0.681936
-0.259804
-0.738945
-0.019990
-0.114658
0.213172
-0.884335
0.789605
-0.603198
0.275369
-0.601611
0.001129
0.394757
0.411481
-0.580065
-0.923276
-0.327494
-0.989013
0.845271
-0.270486
0.476547
0.943907
-0.534959
-0.411176
-0.398602
-0.607166
-0.286721
-0.284829
0.816523
0.394269
0.863948
-0.883053
-0.934568
0.687429
0.569567
-0.377178
0.165685
0.439802
-0.926267
0.613575
0.464461
0.139866
0.155309
0.489792
-0.679373
-0.630909
0.216163
-0.431806
0.434919
-0.806818
-0.584765
-0.715934
-0.898129
0.313761
0.826777
0.465316
0.942930
-0.891110
-0.768365
-0.614246
0.292398
-0.074313
0.882504
-0.620350
-0.681814
0.923460
-0.655568
-0.050569
0.217078
0.457930
-0.259865
-0.897763
0.846248
-0.830988
-0.024689
-0.445601
0.063753
0.877071
0.826472
-0.081271
0.470626
-0.949095
0.557176
-0.834590
-0.854305
-0.273721
-0.784173
-0.834773
0.341838
0.542405
-0.526292
-0.690664
0.008820
0.760186
-0.499191
-0.309549
-0.166540
0.806391
-0.656178
-0.226966
-0.479415
0.187841
0.816340
0.391644
-0.026582
0.321635
0.350383
-0.165624
0.194311
0.189184
-0.269692
0.702200
0.707938
0.495834
-0.698782
0.289163
0.254677
-0.008209
0.188208
0.530381
-0.336833
-0.268532
-0.156529
-0.354106
-0.510849
-0.203711
0.540635
-0.139622
0.342448
-0.063692
0.080355
0.769158
0.733757
0.684744
0.820307
-0.782220
0.426069
0.224525
-0.773003
0.383404
0.112339
-0.490219
0.550462
0.627918
-0.783929
0.675100
0.376263
-0.963073
0.338969
-0.990661
0.966369
0.317484
-0.368145
-0.576708
-0.991394
0.507187
-0.083834
0.768548
0.430708
-0.752129
0.034455
-0.769280
0.317606
-0.763421
-0.847530
0.469710
-0.396039
0.059114
0.043794
0.259255
0.764397
0.797235
-0.224464
-0.294412
0.990356
0.278848
0.446760
0.882504
0.337748
-0.075961
0.816034
-0.064730
-0.494858
0.647450
0.660024
-0.045198
0.067965
0.907346
0.869686
0.764153
-0.335978
0.160924
-0.483016
0.193884
0.691275
0.289529
-0.817255
-0.825190
0.907407
-0.987182
0.455794
0.874203
-0.569933
0.707266
0.090060
-0.766289
0.949339
-0.350932
-0.986938
-0.331645
0.058809
-0.960509
-0.408979
0.847163
0.171422
0.723685
-0.110446
-0.664541
-0.267800
-0.179113
0.097140
-0.861446
0.466353
-0.960814
-0.930906
-0.255837
0.457442
-0.287332
0.529588
-0.143284
-0.333415
-0.683218
0.547777
-0.348552
0.316324
0.497177
-0.087436
-0.793451
-0.806940
0.285684
-0.316691
0.952635
-0.820002
0.826655
-0.317789
0.748894
0.200537
-0.652577
0.529710
0.255715
0.003388
0.080660
-0.812922
-0.296976
0.522385
-0.932188
-0.395734
-0.808954
-0.996216
-0.159459
-0.113620
0.561388
-0.965026
-0.354778
-0.975463
-0.777459
-0.401105
0.292520
-0.051912
0.034333
0.888302
-0.158361
0.544725
0.967162
-0.434004
-0.151219
-0.903439
-0.692373
0.681814
-0.828730
-0.612598
0.004120
-0.570177
-0.351054
-0.163244
0.599536
0.999817
0.405255
0.127720
0.463729
-0.619373
0.694510
0.170141
0.892331
0.670400
0.861690
-0.627186
0.199255
0.072787
0.364055
0.158238
-0.697867
0.064302
0.558885
-0.494430
0.455672
0.434675
0.130467
-0.413617
-0.125950
-0.589831
-0.607959
-0.017243
0.257546
0.867183
-0.764885
-0.883908
0.119419
0.182836
-0.960997
-0.362346
-0.276650
-0.259072
-0.090182
-0.663930
0.550401
0.465682
0.285989
0.982604
0.073763
0.851558
-0.080294
0.667348
0.873348
0.265786
-0.164098
0.870357
-0.536119
-0.460799
0.632496
0.308267
0.328288
0.207923
-0.854427
-0.171422
-0.795770
-0.593188
-0.916807
0.598987
-0.012787
-0.063021
0.063265
0.602588
0.440046
0.545335
-0.455672
0.843623
-0.575976
0.353557
0.739128
0.883175
-0.642384
-0.212989
0.974548
0.004181
0.613208
-0.855220
-0.793939
-0.767937
-0.200110
0.987121
-0.474288
-0.415265
-0.551805
-0.052461
-0.858821
0.071139
0.470504
-0.897031
0.025605
-0.984741
0.949156
-0.583361
-0.070162
-0.206519
0.247475
-0.039705
0.757073
0.317667
0.193701
0.049226
-0.888791
0.206763
-0.408429
-0.695914
-0.938597
-0.905148
0.003265
0.146886
-0.416608
-0.093844
0.782708
-0.058321
0.464034
-0.864803
0.906858
0.952940
0.167211
-0.914853
-0.113620
0.863277
0.417463
0.144810
-0.154759
0.975890
-0.002777
-0.411176
-0.533433
0.203284
-0.464949
0.779168
0.708914
0.056917
