-0.403546
0.082064
-0.692129
-0.476791
0.043245
0.083834
0.057833
0.148717
0.248817
0.973754
-0.686880
-0.252358
0.045808
-0.761711
0.570849
-0.743034
-0.381756
0.319864
-0.710929
-0.188330
-0.326090
0.249001
-0.023225
-0.499313
-0.587268
0.944456
-0.138096
-0.473556
0.596728
0.741874
-0.234230
-0.550279
0.234107
-0.376751
-0.533677
0.602893
0.720206
-0.565600
0.454634
-0.418683
-0.888607
-0.910459
0.061312
-0.769707
0.356731
0.005097
-0.571398
0.961852
0.183508
0.583178
-0.950377
0.495346
-0.112094
0.920408
-0.734916
-0.755119
-0.094638
-0.371624
0.691763
-0.909848
0.855708
0.919248
0.981506
-0.897885
-0.000702
0.518296
0.972106
0.866390
-0.567736
0.129429
-0.283120
0.592822
-0.102512
-0.823420
-0.353740
0.519028
0.787286
-0.719047
0.977783
0.380535
0.140172
-0.302774
-0.733451
0.520554
0.426252
0.153172
0.297708
0.740837
0.679250
0.881954
-0.182409
-0.626148
-0.681936
0.924009
0.157079
0.673574
-0.077548
0.675771
-0.996643
-0.619312
-0.598560
-0.064913
0.741935
-0.499802
-0.008148
-0.714652
0.485702
-0.454939
0.331156
-0.277627
0.982177
-0.648061
0.122410
-0.201392
0.855708
0.324808
-0.354839
0.791681
-0.447676
0.012970
-0.125706
-0.263527
0.443281
0.314249
-0.829463
0.984558
0.154942
-0.874020
0.915891
0.245399
-0.937925
-0.254006
0.253761
0.677480
0.278176
-0.812006
0.326640
-0.913694
0.446455
-0.354106
-0.065950
0.093905
-0.374493
0.827143
0.975524
-0.632801
-0.380047
-0.875301
-0.689932
0.311563
-0.451399
0.812922
-0.039583
-0.023347
-0.675527
-0.556017
0.532823
0.956603
-0.367656
0.152623
-0.094882
0.408368
-0.546312
0.461715
0.098972
-0.583850
0.862728
0.743400
0.683584
0.880062
0.273476
0.882321
0.939085
-0.768975
0.391461
-0.078951
0.621265
-0.507614
0.283853
0.446394
0.493088
-0.285562
-0.779290
-0.454085
0.510666
-0.704764
-0.296182
-0.675161
0.121677
-0.307840
-0.350200
-0.857295
0.980163
0.949767
-0.790582
-0.947752
0.761467
0.552599
-0.568285
-0.015473
-0.061190
0.512619
0.200110
-0.987060
0.192236
-0.556810
-0.346232
-0.686819
-0.909055
-0.208106
-0.570238
-0.881222
0.761956
0.992737
0.080416
-0.503586
0.144932
0.408490
0.879818
-0.156529
-0.753044
-0.199072
0.392438
0.163488
0.477706
0.126499
0.776605
-0.239113
-0.812128
-0.947264
-0.578600
0.572802
0.242836
-0.905087
-0.173559
-0.555345
-0.886654
-0.140538
0.597949
0.844600
-0.449812
0.228431
-0.901303
0.576159
0.564684
-0.973693
0.840144
0.754204
-0.909543
-0.036164
-0.370647
-0.560045
-0.113804
-0.323954
0.426923
0.728324
0.514451
-0.557299
-0.791559
-0.479781
0.544603
0.647633
-0.528672
-0.457259
-0.218909
0.541917
-0.045137
-0.872188
-0.771783
0.095065
0.383282
0.900143
-0.709769
-0.497421
0.266030
-0.968322
0.299966
-0.890194
0.340556
0.444319
-0.332560
-0.966552
-0.899167
-0.495102
0.179113
-0.706961
-0.880062
0.391705
0.812311
0.889279
0.492294
-0.480026
0.200720
-0.802057
0.768731
0.405560
-0.341350
0.065889
-0.338298
0.563402
-0.657949
0.850520
-0.760735
-0.860958
0.744621
-0.526353
-0.832087
-0.880612
-0.842402
0.121372
0.184484
0.627308
0.338908
0.029450
-0.324992
0.357524
0.627430
-0.119663
-0.096408
-0.253883
-0.373760
-0.323283
-0.983947
-0.513169
0.737785
0.436628
0.429121
-0.818232
-0.469405
0.991394
-0.810297
-0.662648
-0.154454
0.443587
0.631031
0.697745
-0.068880
-0.924802
0.802728
-0.431562
0.120518
0.150792
0.633595
-0.297464
-0.019196
-0.580309
0.460005
0.301187
0.405988
0.129917
0.736991
0.534165
0.923948
-0.486190
0.094211
-0.937620
-0.676626
-0.611133
-0.136753
0.878048
0.327494
0.574938
0.758110
0.668325
0.905698
0.126682
-0.683950
-0.538621
-0.311197
0.211402
-0.795953
0.922971
0.821162
-0.075533
0.039216
-0.945006
0.461409
-0.251869
0.852474
0.657643
0.135899
0.229591
-0.845332
-0.766472
0.716666
0.228675
-0.103488
0.001740
-0.673086
0.216468
0.876461
-0.759087
-0.450606
-0.759697
-0.673574
0.445357
0.661550
-0.445296
-0.894223
-0.467025
-0.231788
-0.624683
0.306925
-0.555712
0.626576
-0.311075
-0.084567
-0.087008
0.526170
0.066622
0.577258
-0.587451
0.631703
-0.989013
-0.125828
-0.679006
0.414289
0.877987
0.712821
-0.947142
0.889462
0.175329
0.670522
0.295938
0.622181
0.841975
0.469039
-0.584216
-0.069491
-0.457991
-0.655568
-0.094882
-0.148412
0.167089
0.872311
-0.743034
-0.822810
-0.780755
0.152379
0.817621
0.950255
-0.425642
0.173254
0.562853
0.597888
-0.573229
0.184240
-0.866756
0.809870
-0.343364
0.103305
0.021760
-0.388287
0.511765
0.223853
-0.539781
-0.294290
0.229225
-0.034883
0.128330
0.401166
-0.159276
0.742912
0.647633
-0.766961
-0.302103
-0.088351
0.161718
-0.936583
0.963012
0.276589
-0.966430
-0.373333
0.809015
0.059603
-0.564623
0.842463
0.723441
-0.149083
0.305338
-0.758232
0.910581
0.410871
0.859004
0.593738
0.196203
-0.045930
-0.947996
-0.264748
0.482101
-0.256325
0.617542
-0.284463
-0.778253
0.821100
-0.806269
0.445357
0.353008
-0.813349
-0.165319
-0.082064
-0.671926
0.872860
0.647633
-0.421857
0.830378
0.526719
0.746330
0.131443
0.740837
0.870235
-0.973449
-0.757683
-0.378704
0.569445
-0.950865
0.899228
0.032258
0.498154
-0.051424
-0.573534
-0.339824
-0.223670
-0.029389
0.086459
0.690237
0.442549
-0.516037
0.386700
-0.850032
-0.626698
-0.961058
-0.129307
-0.380840
-0.075900
0.112461
-0.036348
0.954588
-0.557787
-0.648854
0.117710
0.892331
-0.616932
0.420820
-0.928282
0.513596
0.400616
0.688894
0.488021
0.171911
-0.558580
-0.932798
-0.746025
0.387310
0.154637
-0.994629
0.511521
-0.355571
0.869503
0.624073
-0.254311
-0.912595
-0.844234
-0.584948
0.246681
-0.374432
-0.242347
0.391034
-0.734428
-0.607959
0.678457
-0.764397
-0.152745
0.887997
-0.580859
0.268654
0.338908
0.992553
0.513291
0.803766
-0.283242
-0.585864
-0.225135
-0.335612
0.955016
0.113742
-0.835749
-0.580187
0.040986
0.088961
0.304117
-0.420392
-0.053926
-0.731132
0.759819
0.389752
-0.155736
0.401715
-0.233375
0.397626
0.588610
0.299661
0.278787
-0.202551
0.927366
0.751640
0.994812
-0.938047
0.298196
-0.597766
-0.746208
0.519150
0.977355
0.397565
0.543809
0.445235
0.977966
-0.378094
0.911924
-0.560900
0.456587
0.778619
-0.324747
-0.165807
0.123753
-0.661855
0.830439
-0.233070
0.842158
0.573840
0.190405
-0.329508
-0.038667
0.744072
0.515427
-0.721183
0.579882
0.998718
0.992431
-0.558580
-0.074496
0.141209
0.154515
-0.671987
0.669668
0.630238
-0.285379
0.677786
0.250160
0.042268
-0.942686
0.348796
0.841243
-0.689138
-0.533921
-0.129246
0.129612
0.177343
0.882565
0.505783
-0.642750
-0.848750
-0.118381
-0.969115
-0.362163
-0.350078
0.359111
0.806757
0.058199
-0.194555
0.078768
-0.196509
-0.926939
-0.797357
-0.669057
0.383160
-0.483383
-0.078646
-0.245766
-0.260964
0.827387
0.089450
0.531602
-0.037080
0.060213
0.577746
-0.493027
0.472640
0.226905
-0.568896
0.864681
-0.576769
0.781854
-0.309488
-0.991394
-0.619495
-0.662343
-0.004120
-0.921995
0.689444
0.047639
-0.671743
0.697623
-0.706595
-0.082369
0.964049
0.732170
-0.573351
0.401654
-0.906674
-0.393902
0.357646
0.745476
-0.179235
0.552782
0.373882
-0.860530
-0.940611
-0.346599
-0.412946
-0.179724
0.262856
-0.657460
-0.930296
-0.083834
0.671133
0.524766
-0.628224
0.000214
-0.134434
-0.749748
0.201514
0.783441
-0.860652
-0.960509
0.254677
-0.721549
0.812555
-0.170385
-0.200354
-0.521592
0.770989
-0.593371
0.244301
-0.083956
-0.924131
0.655080
0.174841
0.138829
0.683645
0.593371
-0.390057
-0.167516
-0.815729
0.471541
-0.491745
0.512192
-0.322184
0.825068
0.987243
-0.430342
-0.457625
0.478195
0.511704
-0.135105
-0.273232
0.048738
0.785699
0.389447
0.368755
-0.109165
-0.110508
-0.492050
-0.789361
-0.040681
-0.011933
0.229713
0.474044
0.476547
-0.602161
-0.834529
-0.360759
-0.306314
-0.539048
-0.628285
0.976562
-0.574206
0.916440
-0.669668
-0.999573
-0.022370
-0.384503
-0.530198
-0.299783
-0.065157
-0.443770
0.916196
0.541124
0.295145
-0.662221
0.132908
-0.693655
-0.135105
-0.455245
-0.401776
0.100436
0.672414
0.531663
0.399945
0.576891
0.432844
-0.828364
0.372234
-0.217566
-0.105808
-0.697806
0.308451
0.185278
0.420270
0.254677
0.456893
-0.040071
0.965209
-0.994934
0.008148
0.782037
0.378887
-0.175146
0.281167
0.546556
-0.843074
0.924497
-0.672170
0.018403
0.249245
0.432234
0.314737
-0.435591
-0.113315
-0.424848
-0.002106
0.837031
0.825556
0.969481
0.085910
-0.384808
0.042940
0.927671
0.563707
-0.618397
0.085482
-0.509568
-0.254799
-0.824824
0.827937
-0.126804
0.453902
0.695791
0.241676
-0.794305
-0.991150
-0.634388
0.290628
0.289102
0.527818
0.078463
-0.204993
-0.620594
-0.170019
0.121006
0.472091
-0.494430
0.480270
-0.602710
0.426984
-0.544786
0.342631
0.342326
-0.501267
-0.530808
-0.332560
-0.201575
-0.274697
0.573656
-0.700735
-0.393109
0.257485
0.913083
-0.473312
0.286294
-0.261757
0.776727
-0.511643
-0.862728
0.994690
0.401288
0.474166
-0.297098
0.886532
-0.125095
-0.020234
0.010712
0.684011
0.257973
0.370952
-0.302225
-0.549120
-0.109287
0.457869
0.231300
-0.096042
0.951170
-0.940855
-0.778497
-0.028291
0.934751
-0.374310
0.288491
-0.828181
0.324747
0.424421
0.117527
0.109653
0.020295
-0.899838
0.029389
0.002838
0.133274
-0.108921
-0.703787
0.635731
-0.619617
0.968871
-0.045076
-0.714103
-0.986633
-0.364910
0.641102
0.002655
0.985107
0.659963
-0.416730
-0.407453
-0.381329
-0.602222
0.720573
0.177404
-0.530076
0.587085
-0.229347
-0.432661
-0.301126
0.594287
-0.664296
0.217689
0.384991
-0.528916
-0.932310
0.046297
0.341288
-0.852535
-0.580065
0.308023
-0.748589
-0.835627
0.085360
0.074801
-0.869320
-0.335490
-0.594165
-0.522935
0.457930
-0.238441
0.567980
-0.150731
0.197363
0.225745
0.368328
-0.326823
0.433576
-0.774285
0.156163
-0.913144
-0.584155
-0.913938
-0.261635
0.997925
0.535386
-0.207984
0.823542
0.412397
0.499313
0.552049
-0.597400
-0.428327
-0.429487
0.208533
-0.486801
-0.435713
-0.276589
0.604846
-0.645131
0.808893
-0.557787
-0.288553
0.743461
-0.330363
0.673879
-0.590869
-0.972777
-0.694876
0.001251
-0.099338
-0.842036
-0.555773
0.537950
-0.723258
0.781182
-0.896176
-0.513047
0.461898
-0.732047
-0.966491
-0.545946
-0.250038
-0.141087
0.403974
0.202857
-0.205115
-0.136937
-0.170324
-0.165746
-0.732658
-0.598193
0.096408
-0.472213
0.618213
0.560045
0.372539
-0.054415
-0.894345
-0.328227
-0.811823
-0.549059
-0.479781
-0.403790
-0.822993
-0.289712
-0.820124
-0.658437
0.831782
-0.419599
0.369854
-0.638234
-0.169652
-0.432295
-0.269509
-0.782342
0.458052
-0.645436
-0.791253
0.603626
-0.914243
-0.297769
-0.876705
0.154393
-0.560839
-0.884884
0.738578
-0.856929
0.908811
0.123569
-0.839412
-0.053743
0.758599
0.006806
-0.353984
0.261330
0.904782
0.411115
0.091342
-0.621204
0.769829
-0.667470
0.852168
0.057649
0.433210
0.374920
-0.644581
0.066195
-0.461409
0.362651
-0.594653
0.125217
0.651296
-0.591968
-0.692618
0.973998
0.908139
0.014435
-0.654286
0.722892
0.825556
-0.117893
0.170568
0.124241
-0.520554
0.258889
-0.351848
0.696402
0.789605
0.574572
-0.162389
0.600574
-0.878658
-0.157201
-0.168126
-0.544908
0.937254
0.437727
-0.737663
-0.999084
0.862911
-0.371990
0.348125
-0.141331
-0.130589
0.763726
0.439924
-0.722404
-0.211707
0.057466
0.359722
0.593677
0.295083
0.600879
0.032380
0.461959
-0.178991
-0.365947
0.672475
0.616077
-0.010895
-0.234901
-0.341044
-0.657582
-0.164953
0.605152
0.370769
0.037629
-0.242225
-0.994079
0.729057
0.320170
0.917783
-0.174841
-0.223060
0.414716
0.316568
-0.812189
-0.907468
0.979614
-0.643666
-0.925962
0.009308
-0.171545
0.710868
0.649220
0.482833
-0.476302
-0.780267
0.855770
-0.873592
-0.102512
-0.578112
-0.169836
-0.954527
0.749260
-0.737724
0.337260
-0.946532
0.150121
-0.481185
0.237770
0.432051
0.543565
0.686575
-0.475387
-0.615406
0.324992
0.390606
-0.290872
-0.696768
0.456221
-0.249062
-0.199072
0.715079
-0.268899
0.307169
0.472030
0.140294
0.301309
0.439192
0.381390
0.208228
0.220374
-0.120762
0.849422
-0.294595
-0.266701
-0.629749
-0.016755
0.956053
0.280190
0.439802
-0.071749
-0.166784
-0.738578
-0.528245
-0.331034
0.184668
-0.679373
-0.330973
-0.001129
0.955199
0.664785
0.658925
0.535203
0.577990
0.335795
-0.334635
0.252235
-0.183569
-0.922605
-0.440046
-0.268166
0.140599
-0.518845
0.538133
-0.516099
0.651906
-0.499374
0.188940
-0.740654
0.455672
-0.040071
-0.378765
-0.998535
0.082614
0.011689
0.747734
0.569933
0.599231
0.492721
0.180090
0.415815
-0.503159
0.755913
0.492538
0.855464
-0.397992
0.353618
0.790216
-0.480026
0.472030
-0.541246
-0.727042
-0.419172
0.001801
0.645802
-0.121006
0.462813
-0.317484
0.170629
-0.173254
-0.510483
-0.639637
0.784906
0.009919
0.673574
-0.942442
-0.601367
0.466536
-0.019745
-0.671499
0.225013
0.016449
-0.621876
0.948180
0.958800
0.065462
-0.658864
0.078280
0.883053
0.213965
0.328776
0.933164
-0.396832
-0.943236
0.869198
0.227943
0.658376
-0.049348
-0.265664
-0.998108
0.769097
0.802240
-0.151097
-0.829646
0.074007
-0.112705
0.608386
0.572802
0.680960
-0.038423
0.294351
0.783929
0.575854
-0.468978
-0.156407
0.490951
0.533616
0.058382
0.053743
-0.541063
0.864376
-0.010346
-0.290872
-0.320536
0.036836
-0.721488
-0.457320
-0.303751
-0.710257
-0.346294
-0.240089
0.857173
-0.233497
-0.391522
-0.142369
0.557054
-0.791437
-0.854488
0.940184
-0.634510
0.343364
-0.127415
-0.349223
0.580920
0.503525
-0.887875
-0.959716
0.575182
-0.263588
-0.078097
-0.668020
0.631520
0.105869
-0.091830
-0.642079
-0.261513
0.268105
-0.595630
0.930601
0.226783
0.544786
-0.950011
0.511887
-0.239662
-0.749565
0.029206
-0.913022
0.236244
0.015168
-0.671865
0.640858
0.167150
0.856014
0.157201
-0.572130
-0.149571
0.520066
0.639088
0.935850
-0.989563
-0.717399
0.801996
-0.641774
-0.141331
-0.943968
-0.235206
0.951476
0.333598
0.174352
0.377606
-0.439863
0.683157
0.984497
0.649770
-0.233375
-0.596057
0.614429
0.561998
-0.830622
-0.541673
-0.841853
0.993835
0.747917
0.220069
-0.722648
-0.643178
-0.795953
-0.625050
-0.629383
0.278542
0.871029
-0.816034
-0.607837
-0.276528
-0.126133
-0.915036
0.385113
-0.239235
-0.355754
-0.025605
-0.226905
-0.711295
-0.782586
-0.937010
-0.601794
-0.491562
0.898862
-0.289529
-0.604602
-0.522507
0.670339
-0.189856
-0.179052
0.931394
-0.975951
-0.316568
0.085910
0.168554
-0.637928
-0.404645
-0.731681
-0.259621
-0.106723
0.323283
-0.450728
-0.880612
-0.322977
-0.413068
-0.555773
0.517258
0.222755
0.327799
-0.294595
0.471236
0.009125
-0.272439
-0.693716
-0.752556
0.558153
-0.288247
0.527451
0.645558
-0.611133
0.516037
0.896603
-0.036531
-0.825495
-0.505417
-0.906003
0.247902
-0.909848
-0.333903
-0.731193
-0.763665
0.926878
-0.264504
-0.176672
0.583728
-0.330546
0.820734
-0.652333
-0.117832
0.934019
0.823847
0.551439
0.381817
0.167089
-0.764885
-0.746452
-0.029206
-0.273721
0.212989
0.039705
-0.782525
0.651173
-0.224158
0.107517
-0.939329
-0.843867
0.538194
0.587268
-0.789727
0.752678
0.227210
-0.568163
-0.027558
-0.700858
0.821345
0.748100
0.108554
-0.573473
0.082430
0.154393
0.489669
0.024751
0.839778
-0.287332
0.340068
-0.068270
-0.727287
0.059908
0.051729
0.962096
0.096652
0.374676
-0.521836
0.646779
0.168004
-0.809687
-0.588977
-0.227393
-0.103854
0.835994
0.341350
0.007721
0.365459
-0.252052
-0.972228
0.918027
-0.293985
0.852351
0.122044
0.637074
0.769036
-0.805231
0.391705
0.587573
0.156407
-0.693777
0.270425
0.497909
0.536058
-0.652944
-0.424787
0.094455
0.019623
-0.059114
-0.516953
-0.902829
-0.361126
-0.698538
0.886349
-0.635121
-0.045442
-0.492538
0.779412
0.913327
-0.179174
-0.058992
-0.882260
0.626087
-0.063875
-0.733757
-0.937193
-0.334147
-0.152684
0.342143
0.591479
0.885311
0.742119
0.330241
0.577807
-0.053743
0.864742
0.809992
0.117832
-0.986267
0.599658
-0.881100
-0.609729
0.568468
-0.005890
0.725883
-0.800836
0.063692
