-0.724235
0.082064
-0.314920
0.882443
-0.157872
-0.677602
0.852718
-0.888180
0.845943
0.973754
-0.143773
0.619312
-0.252052
-0.761711
-0.678457
0.017304
-0.342814
-0.479904
0.359600
-0.129734
-0.593066
0.690542
-0.023225
-0.499313
0.519883
0.555589
0.577685
0.165624
0.323099
-0.674245
0.259377
0.389752
0.432295
-0.199377
-0.922727
0.602893
0.703055
-0.040315
0.899411
-0.418683
-0.814631
-0.266823
0.616749
0.818598
0.356731
0.005097
-0.571398
0.961852
0.037385
0.432173
0.676199
-0.824641
0.613758
-0.639149
-0.920164
-0.034150
-0.013215
-0.610279
-0.378094
0.652516
0.485824
0.810236
0.981506
-0.897885
-0.822321
0.782159
0.972106
0.685842
-0.567736
-0.570299
0.886898
-0.169042
-0.352519
0.573840
-0.756096
-0.681387
0.772210
-0.171178
0.782952
-0.326029
0.140172
0.973998
0.433088
0.233924
0.426252
-0.956359
0.752678
0.894772
0.218116
-0.787713
0.817560
0.287088
0.081698
-0.131138
-0.797418
0.864620
0.146519
0.557848
-0.996643
-0.619312
-0.598560
-0.734367
0.741935
-0.696585
-0.496261
-0.053621
-0.797540
0.823603
-0.224525
-0.072298
0.837275
-0.602222
0.122410
0.959777
0.872799
-0.847224
-0.683645
0.791681
-0.184118
0.012970
0.655507
-0.872005
-0.439436
0.314249
0.913144
-0.796442
0.336772
-0.312296
0.990844
0.061983
-0.244606
0.825007
-0.087863
-0.960265
0.194189
-0.812006
0.512803
-0.913694
0.527390
-0.254006
0.432478
0.093905
-0.308206
-0.009980
-0.801569
-0.335551
-0.380047
0.938292
-0.782464
-0.422407
-0.451399
-0.811701
0.741813
-0.023347
0.583728
-0.556017
-0.289529
-0.814997
0.404218
0.864864
-0.998474
0.465804
0.415387
0.461715
-0.516282
0.956420
0.080233
0.883847
0.442366
-0.760125
0.492294
0.072359
-0.005402
0.095248
-0.821284
-0.892026
-0.903012
0.478927
0.283853
0.549425
0.324625
-0.848811
-0.779290
-0.349101
-0.324564
-0.782098
0.235817
0.175146
-0.119724
-0.111179
-0.129307
-0.857295
0.980163
0.668752
-0.769341
-0.947752
-0.796625
0.362651
-0.514939
-0.015473
-0.505356
0.857967
0.537523
-0.767876
-0.968566
-0.700491
-0.207984
0.252113
-0.286111
-0.208106
-0.978454
-0.645436
0.640980
0.992737
0.747490
-0.871822
0.401654
0.405805
0.879818
-0.805353
-0.839717
-0.256813
0.483932
0.163488
0.161290
-0.592639
0.080844
-0.239113
0.034822
0.903928
-0.578600
0.572802
0.179235
0.344951
-0.445784
-0.120640
-0.886654
0.854305
-0.281961
-0.692251
-0.065279
0.749016
-0.901303
-0.369060
-0.996338
-0.760491
0.840144
0.749870
0.136753
-0.649037
-0.370647
-0.837092
-0.113804
-0.971007
-0.614246
0.728324
-0.132969
0.120823
0.443587
-0.028230
-0.429731
0.647633
-0.055574
-0.457259
-0.218909
-0.699759
-0.962889
0.607105
-0.221778
0.415693
-0.640675
-0.984069
0.884457
0.964904
-0.308390
-0.968322
-0.528001
0.398907
0.254616
0.189428
0.253090
-0.133457
0.873165
0.722770
-0.680044
-0.702322
-0.583361
-0.565661
0.812311
0.607715
-0.343974
0.667898
-0.314920
-0.802057
0.434492
-0.213172
-0.722709
-0.458296
-0.223609
0.276833
0.915098
0.850520
0.086764
0.760674
0.592944
-0.719108
0.074679
0.940123
-0.842402
0.469344
-0.101596
0.627308
0.949278
-0.457564
-0.324992
-0.907163
-0.805719
0.327616
0.191931
-0.625721
0.041597
0.515488
-0.114170
-0.513169
0.737785
0.571764
0.429121
0.401593
0.514267
-0.946409
0.409345
-0.975341
0.837336
-0.726920
-0.973144
-0.323954
0.060701
-0.924802
0.802728
0.652272
-0.964293
-0.843013
0.939879
0.624989
0.194983
-0.644093
0.679678
0.875790
-0.330180
-0.136387
0.082430
-0.917051
-0.969665
0.603931
-0.789789
-0.361309
0.787225
0.555345
-0.007599
0.327616
-0.834040
0.970336
0.234779
0.794977
-0.323588
-0.799799
-0.683950
-0.053377
0.181188
0.211402
-0.425886
0.734306
-0.271950
0.698294
0.306192
-0.837580
0.661794
-0.262001
-0.948363
-0.745170
0.135899
-0.696097
-0.956542
-0.319437
0.832698
0.228675
0.004303
-0.315348
0.889340
0.494491
-0.456893
-0.569262
-0.450606
-0.759697
0.269021
-0.722953
0.661550
0.454695
-0.894223
0.946898
0.942259
0.496872
-0.605090
-0.608020
0.626576
0.397504
0.574694
-0.337138
0.526170
0.066622
0.577258
0.384625
0.494247
-0.558275
0.822932
-0.352397
-0.640614
0.877987
-0.491928
0.600208
0.699576
0.175329
0.740410
0.897702
-0.135105
-0.018708
-0.703482
-0.337931
-0.904843
-0.700613
-0.655568
-0.419965
-0.231544
0.511887
-0.169469
0.288430
0.374554
0.654042
0.152379
-0.543504
0.866695
0.765130
-0.152257
-0.584582
0.301859
0.148961
0.250343
-0.898679
-0.750603
0.855831
0.403180
0.021760
0.740654
0.644032
0.923826
-0.539781
0.791742
-0.183081
-0.291177
-0.805780
0.432722
-0.159276
0.825922
0.707144
0.641591
0.565355
0.564074
0.161718
-0.597156
-0.224769
-0.655995
-0.428510
0.666372
0.122288
0.530931
-0.896786
0.842463
0.723441
0.380840
0.305338
0.270608
-0.211219
0.410871
0.859004
0.855159
0.225501
-0.045930
-0.822260
-0.716666
0.426984
-0.256325
-0.641041
-0.284463
-0.540757
0.016144
0.158361
-0.789789
-0.479537
-0.813349
-0.874630
-0.291604
-0.671926
0.812433
0.647633
0.153478
0.830378
0.061373
0.218970
0.661367
-0.807672
0.813410
0.886349
0.393109
-0.378704
0.182897
-0.950865
0.187658
0.511032
-0.858028
0.422163
-0.516648
-0.701346
-0.651845
-0.316141
0.194739
-0.348979
-0.580676
-0.516037
-0.902524
0.482467
-0.350993
0.329936
0.862117
-0.380840
-0.075900
0.589526
-0.036348
-0.546861
-0.557787
-0.648854
0.514023
0.951109
-0.046724
-0.408185
0.927549
-0.062960
-0.573901
-0.384381
0.060945
-0.006806
0.801141
-0.294290
-0.746025
0.329936
0.272317
-0.994629
-0.634877
-0.355571
-0.873959
0.572619
-0.589831
0.942259
-0.528916
-0.584948
0.119175
-0.105930
-0.242347
0.434675
-0.920042
-0.607959
-0.398907
0.511521
-0.545824
-0.676016
0.612964
0.268654
0.996338
0.992553
0.513291
0.464095
-0.283242
0.976196
-0.405072
-0.996765
0.103244
-0.924619
-0.835749
-0.580187
-0.600146
0.155675
0.149449
-0.032258
-0.095920
0.454573
0.943236
0.877560
-0.569384
0.401715
0.060030
0.316507
0.588610
0.299661
0.445967
-0.202551
-0.338420
0.403729
-0.992798
-0.938047
-0.170873
0.748833
0.440657
-0.266762
-0.878414
0.397565
0.443587
0.445235
0.413190
0.588122
0.627918
-0.195227
0.465804
-0.236549
0.661122
-0.922300
-0.828913
0.193274
0.951964
-0.469893
-0.649098
-0.376446
0.989807
-0.073702
0.042573
-0.437300
0.515427
-0.627003
-0.349284
0.870968
-0.553697
-0.558580
-0.074496
0.782037
0.154515
-0.973632
0.669668
-0.231605
-0.051973
-0.482589
0.666372
-0.252846
-0.738578
-0.239662
-0.677664
-0.042451
0.019868
0.458663
-0.834529
0.346294
-0.997620
0.505783
-0.592639
-0.848750
-0.819391
0.595874
-0.716361
-0.779839
-0.423566
0.806757
0.051363
-0.858516
-0.475997
0.353496
0.893002
-0.271096
-0.574938
-0.292825
0.227088
0.215674
0.928831
-0.846431
0.827387
-0.784356
0.531602
-0.037080
0.263527
0.326640
-0.313578
0.472640
0.200049
-0.511399
-0.610889
0.790155
-0.488571
-0.147008
-0.589648
-0.111362
-0.304727
-0.004120
-0.907834
-0.906674
0.047639
0.291238
0.344768
0.554735
-0.082369
-0.002838
0.507004
-0.125828
0.401654
-0.906674
0.986450
-0.860347
0.037202
-0.748650
-0.264016
-0.571093
-0.702994
-0.298135
0.695608
0.690725
0.725150
0.741874
0.786798
-0.042268
0.537767
0.066439
0.753655
-0.279824
0.035737
-0.981750
-0.747368
0.201514
0.783441
0.118137
0.580187
-0.957640
-0.721549
-0.283792
0.248695
-0.007660
0.272378
-0.655751
0.310282
0.776727
0.704154
0.660512
-0.875912
0.766411
-0.846919
0.683645
-0.227271
-0.390057
-0.167516
-0.815729
0.471541
-0.491745
-0.600452
-0.241005
0.825068
0.981567
-0.430342
0.931883
0.515915
-0.883053
-0.735221
0.996521
-0.020600
0.785699
0.341899
-0.661122
-0.562304
-0.110508
0.102878
0.060823
-0.040681
0.377667
0.815607
-0.673208
0.162938
-0.314066
-0.517136
-0.325297
-0.306314
-0.232398
0.877377
0.645985
0.425336
0.959777
-0.777459
-0.447554
-0.022370
0.967345
-0.530198
-0.760979
-0.420026
-0.443770
0.916196
0.541124
0.295145
-0.973388
-0.084628
-0.090487
0.744743
0.483993
0.272561
0.100436
-0.084262
0.498398
0.399945
0.714103
-0.471114
0.201575
0.430769
0.619922
-0.040010
-0.726127
0.570605
0.003143
0.091586
0.254677
-0.197790
0.804621
0.187597
0.326823
-0.321329
0.378094
0.997070
0.641896
0.617847
0.152989
0.418867
0.924497
0.749748
-0.295816
0.792535
0.262673
0.314737
-0.261330
-0.599475
0.104709
-0.002106
-0.958007
-0.031953
-0.385968
-0.409284
-0.384808
0.042940
-0.107517
-0.574023
-0.618397
0.085482
-0.509568
-0.206214
0.070284
-0.551012
0.126255
-0.164159
-0.922239
-0.527085
-0.739250
-0.282815
-0.216834
-0.401532
0.507431
0.527818
-0.043489
0.950438
-0.469283
-0.179052
0.324625
0.322672
-0.494430
-0.280923
-0.602710
0.794183
-0.575365
-0.030427
0.266945
0.870663
-0.651051
-0.916196
-0.505356
-0.600818
0.478378
0.811762
0.599414
0.211219
0.227882
0.575854
0.286294
-0.055208
0.776727
0.952147
-0.141881
0.994690
-0.851253
0.474166
0.941404
-0.722465
-0.757073
-0.536851
0.280862
0.866573
-0.644581
-0.286905
0.804254
-0.549120
-0.594104
-0.231300
-0.356059
0.938475
-0.285257
-0.940855
-0.815668
0.882321
0.674001
-0.374310
0.494125
-0.210547
0.901364
0.424421
-0.478256
0.109653
-0.521287
0.594226
0.029389
-0.716910
-0.481552
0.052889
-0.703787
-0.067660
-0.793756
0.455123
-0.045076
-0.053926
-0.138768
-0.364910
0.537278
0.701224
-0.119175
0.447188
0.054415
-0.725883
0.084384
0.521043
0.628895
0.335002
0.565355
0.492172
-0.229347
-0.416608
-0.569933
-0.464705
-0.296060
0.490280
0.384991
-0.098483
-0.825007
0.850642
-0.950560
-0.825922
-0.564562
0.028169
0.728385
-0.835627
0.085360
0.803644
0.095248
0.415754
-0.524766
-0.522935
0.159886
-0.238441
-0.526780
-0.150731
0.197363
-0.327067
0.299356
-0.440352
0.433576
0.414960
-0.586108
-0.208411
-0.990478
-0.913938
-0.423505
-0.752739
0.535386
0.931028
0.823542
0.292154
0.312906
0.476730
-0.597400
-0.428327
-0.786431
0.208533
0.857356
0.000153
0.941038
-0.840693
0.043123
0.774712
-0.557787
0.811396
0.743461
-0.293619
-0.877865
-0.229347
-0.972777
-0.694876
0.767510
-0.099338
-0.842036
0.929258
0.170690
0.069124
-0.107273
-0.661061
-0.025849
0.185705
-0.948668
-0.261147
-0.545946
-0.250038
-0.466903
0.349467
0.202857
0.779412
0.258278
0.746635
0.384991
0.278054
0.940367
-0.241737
-0.472213
0.274209
0.473922
0.669607
0.879086
0.471969
-0.840205
-0.391400
0.846797
-0.418256
-0.212195
-0.584826
-0.423322
-0.820124
0.669790
0.831782
-0.034639
-0.202918
-0.638234
0.009919
0.287698
0.629017
-0.257607
0.458052
0.368084
-0.084994
0.603626
0.264992
-0.319254
-0.876705
0.461104
0.809809
0.510971
-0.524705
-0.827876
0.107150
-0.999512
0.507797
0.949705
-0.734916
0.956359
0.071627
0.261330
-0.851192
0.283120
0.430097
-0.454268
0.769829
-0.667470
-0.413617
0.057649
-0.322123
-0.881039
-0.800104
0.066195
-0.950499
-0.625111
-0.280801
0.125217
0.651296
0.742790
-0.612171
-0.761528
-0.864315
-0.124973
0.936827
-0.199561
0.825556
-0.117893
-0.650990
0.120762
0.110508
-0.695608
-0.351848
-0.024140
0.897519
-0.037507
-0.333964
0.600574
-0.859676
-0.713797
-0.678884
0.059053
0.937254
0.437727
-0.192846
0.853084
-0.433943
0.924009
-0.169774
-0.141331
0.263527
-0.376995
0.153294
-0.722404
-0.211707
-0.761101
0.417402
0.593677
0.858760
0.236366
0.624134
-0.370891
0.872127
-0.092074
-0.276650
0.616077
0.332438
0.398053
0.488144
-0.657582
-0.164953
-0.796197
0.370769
0.727165
-0.242225
-0.994079
0.869259
-0.061129
-0.984497
0.796503
-0.791986
0.405316
0.316568
-0.544481
-0.869930
0.979614
0.751152
-0.630421
0.009308
-0.171545
0.710868
0.649220
0.482833
-0.202002
-0.780267
-0.042756
-0.862056
-0.102512
-0.030854
0.901852
-0.954527
0.300211
-0.737724
-0.132054
0.968200
0.135899
-0.481185
0.873898
0.427717
0.543565
-0.705130
-0.333476
0.761101
-0.452071
0.668813
-0.708365
-0.139805
0.456221
-0.249062
0.486801
0.266213
-0.268899
0.610157
0.036836
0.192114
0.301309
0.494003
-0.808405
-0.493637
0.031098
-0.069552
0.666982
-0.294595
-0.181127
-0.629749
-0.859920
0.956053
0.280190
0.439802
-0.071749
-0.237709
-0.258156
0.589770
-0.746941
0.184668
-0.679373
0.106418
-0.942198
-0.309732
-0.424116
0.894345
0.535203
-0.878048
0.010895
0.799127
0.616810
0.625050
-0.947447
0.176855
-0.268166
0.550707
-0.404767
0.538133
0.672781
0.651906
-0.717887
0.307779
-0.712699
0.934141
-0.955077
-0.378765
-0.675344
0.082614
0.011689
-0.759270
0.721732
-0.789178
0.340312
-0.891903
-0.546007
0.513230
0.835566
-0.380413
0.063509
0.405927
0.462569
0.903867
-0.480026
0.891659
-0.166662
0.853511
-0.419172
-0.357158
-0.444380
0.416791
0.462813
-0.766045
-0.414411
0.964232
-0.510483
-0.015839
-0.314310
0.009919
-0.769463
0.646962
0.626026
0.678335
-0.541917
-0.156590
0.685110
0.016449
-0.978454
-0.964599
0.958800
-0.776116
-0.463363
-0.092929
0.883053
-0.050630
0.328776
-0.547899
-0.396832
0.616016
0.869198
-0.477218
0.588183
-0.053682
-0.265664
0.688345
0.273476
0.802240
0.242958
0.769158
-0.263649
0.985229
0.237098
-0.440291
-0.525193
0.766167
-0.766655
-0.473983
-0.297891
0.090670
-0.156407
0.352336
0.016449
0.013215
0.053743
-0.541063
0.864376
-0.440229
0.964660
-0.005829
0.215430
-0.700064
0.831599
0.687429
-0.032868
-0.346294
-0.559069
0.857173
0.660024
-0.382061
0.649464
-0.633961
-0.791437
-0.469344
-0.355022
-0.634510
0.343364
-0.428388
0.739677
0.418195
0.503525
-0.887875
0.988037
-0.257851
-0.801752
-0.101779
-0.946593
-0.841792
-0.448775
-0.913938
-0.642079
-0.261513
0.268105
0.745109
0.352153
0.226783
0.544786
-0.950011
-0.530381
-0.239662
-0.238319
0.915281
0.421247
-0.891476
-0.060213
-0.246498
0.149205
0.415021
0.856014
0.415876
0.176244
-0.322123
0.520066
0.639088
0.935850
-0.238624
-0.388348
0.058199
0.079562
0.453719
-0.483688
-0.503159
0.951476
0.333598
0.110752
0.377606
0.765130
0.683157
-0.055940
0.649770
0.233619
-0.596057
-0.030366
-0.261452
-0.830622
-0.541673
-0.062777
-0.987365
0.747917
0.335063
0.147618
0.269204
-0.780023
-0.625050
-0.472518
-0.462752
-0.789117
-0.039033
-0.322489
0.807428
-0.272988
-0.915036
0.385113
0.358562
-0.355754
-0.066866
0.577685
-0.622791
0.829157
0.207068
-0.270791
-0.491562
-0.579882
-0.593799
0.084201
-0.783197
0.670339
0.446944
-0.310404
-0.171484
-0.737724
-0.354778
0.308756
0.021699
0.540819
0.933226
-0.875118
0.260048
0.588672
0.323283
0.396954
0.924558
-0.625599
0.688284
-0.020539
0.517258
0.222755
-0.121982
0.852046
0.471236
-0.319864
0.360881
0.170019
-0.752556
0.436445
-0.288247
0.527451
-0.876583
0.487960
-0.785943
0.082492
-0.036531
0.213477
0.003265
-0.906003
-0.564684
0.859432
-0.333903
0.306742
0.383648
0.006806
-0.598071
0.814997
-0.059175
0.946043
-0.017853
0.796197
-0.214209
0.934019
0.823847
-0.940672
-0.352031
0.399701
-0.764885
-0.883908
0.093661
-0.484542
0.220679
0.493210
-0.227760
0.850154
-0.273476
0.107517
-0.939329
0.184423
0.314127
0.226112
-0.998108
-0.444746
-0.880428
-0.568163
-0.572008
-0.700858
0.821345
0.748100
0.640126
0.791253
0.253334
0.009430
0.489669
-0.629933
0.839778
0.573473
0.340068
0.323588
-0.593738
0.488144
0.051729
0.230506
0.206702
0.865169
0.277993
-0.649098
0.168004
0.286355
-0.588977
0.628956
0.647877
0.486373
0.884091
0.007721
-0.484664
-0.252052
-0.972228
0.332865
-0.293985
-0.810541
0.955321
0.637074
-0.708243
-0.785577
-0.114719
-0.998047
0.316385
-0.693777
-0.481246
-0.997925
0.536058
0.069308
0.211768
0.797357
0.019623
-0.059114
-0.913450
-0.078158
-0.077059
-0.418012
0.886349
-0.335124
-0.045442
-0.492538
0.779412
0.011444
0.622120
0.933531
-0.882260
0.626087
-0.063875
-0.843928
-0.937193
-0.334147
-0.266396
0.342143
-0.220862
-0.771355
0.742119
0.055330
0.938536
0.057466
0.984008
-0.308695
0.117832
-0.587695
-0.264626
0.230628
-0.609729
-0.533921
0.203833
0.725883
-0.292276
0.030183
