-0.549242
0.432173
0.873714
0.527573
-0.237526
-0.791559
0.087619
0.828425
0.811762
-0.240883
-0.716300
-0.584765
-0.961425
0.174352
-0.702017
0.282632
-0.692984
0.929319
-0.491379
-0.279824
0.724784
-0.477889
-0.640858
0.853999
0.016449
0.418073
0.465682
-0.902951
0.898984
-0.487838
-0.175634
-0.835994
0.239357
0.624378
-0.058138
-0.663686
-0.002777
-0.143406
-0.747551
0.322916
0.466231
0.847835
0.106784
0.687857
-0.980224
-0.611927
-0.854732
-0.613941
-0.116306
0.182043
0.287454
0.275185
-0.583422
0.777093
0.889706
-0.809748
-0.494003
0.494797
0.940184
0.923460
0.527085
-0.868892
-0.348369
-0.432173
0.903806
0.282022
0.306497
0.918332
0.548997
-0.916562
-0.335978
-0.101657
-0.157628
0.245399
0.183447
-0.074007
-0.739982
0.803339
0.590258
-0.093356
-0.434431
-0.600208
-0.526048
0.735527
0.474837
0.521287
-0.604297
-0.136692
0.458663
-0.599963
0.273232
0.631886
0.890011
0.805292
0.030122
0.016388
0.551073
0.463179
-0.335551
-0.367534
-0.985412
-0.372356
-0.988708
-0.059969
0.633839
-0.250710
-0.533677
0.022736
0.746086
0.500412
0.198035
0.299112
-0.842647
-0.044527
0.547899
-0.769646
0.784234
-0.715201
-0.246986
0.239357
-0.998962
-0.316202
0.953001
0.969359
0.577868
-0.637806
0.975951
0.907224
0.136509
-0.878780
-0.037141
0.423078
0.897214
-0.357341
0.145787
-0.741325
-0.650868
0.271828
0.763298
-0.632801
-0.352641
0.660573
0.464400
-0.955077
-0.468307
0.149937
0.920408
0.304788
0.214820
0.929319
-0.164403
-0.466231
0.011628
-0.123020
0.511338
0.408246
-0.412702
-0.223060
0.310770
-0.876095
0.809687
0.335856
0.166784
-0.568346
-0.585803
-0.326334
-0.146031
0.233924
-0.879940
-0.317240
0.849422
0.252052
0.614917
-0.711905
-0.238685
0.533982
-0.452376
0.948729
-0.930845
0.621632
0.117649
0.462508
0.212622
0.709037
-0.614307
-0.715812
-0.418317
0.719840
0.925413
-0.469527
-0.180212
-0.109836
0.468795
-0.687735
-0.035798
0.295206
0.774346
0.171728
0.456648
-0.653310
0.404645
0.946471
-0.281411
-0.789178
-0.640187
0.908078
-0.562670
0.551439
-0.366192
0.018281
-0.626331
-0.898740
-0.536058
-0.579028
0.700980
0.402326
0.088778
-0.397931
-0.748772
-0.051912
0.910398
0.631825
0.106784
-0.676382
-0.556078
0.269204
0.261757
-0.801874
-0.186987
0.592822
-0.981262
-0.185583
0.825312
-0.041658
-0.547899
-0.765252
-0.173620
-0.908872
0.749138
0.961913
-0.083468
-0.768914
-0.995361
-0.338542
0.693350
-0.505295
0.491928
0.633595
0.874813
-0.908322
-0.223670
-0.779046
0.393170
0.000763
0.167638
-0.792535
-0.975158
0.967223
-0.802484
-0.810419
0.765740
0.621021
0.968444
0.515488
0.424421
0.700735
0.377728
0.370098
0.981201
0.462874
-0.486801
-0.491989
-0.129734
0.368877
0.607288
0.260048
-0.131138
-0.946715
-0.828242
0.091220
0.566881
0.606250
0.711173
0.522019
-0.023041
-0.030732
0.973937
0.297342
-0.865108
-0.950194
-0.457503
0.933409
0.989624
-0.191504
0.856441
0.730277
-0.256874
0.406537
-0.084078
-0.094638
0.547899
0.908872
0.338847
0.627552
0.636708
0.443159
0.633473
-0.545824
-0.226783
-0.863643
0.113926
0.932920
0.720695
0.875729
-0.891476
0.967162
-0.962951
0.694205
-0.959044
-0.596789
0.328593
-0.395489
-0.498947
0.547349
-0.578478
-0.822260
-0.943968
0.821772
0.761895
-0.361064
-0.656606
0.845820
-0.823786
-0.820124
-0.804315
0.500107
-0.376019
0.170202
-0.522996
0.110019
-0.700064
-0.897763
-0.174535
0.095737
0.869259
-0.730461
-0.750725
0.601306
-0.515793
-0.364299
0.456526
0.675954
-0.654164
-0.083407
0.570238
-0.077425
0.549608
0.706839
0.265786
0.020478
0.914548
-0.940977
-0.054537
-0.071261
-0.357524
0.830317
-0.455489
0.876583
-0.611560
0.377117
0.149693
0.784417
-0.664541
0.296060
0.003510
-0.153539
0.421430
-0.462386
-0.367229
-0.123081
0.954588
-0.609302
0.801630
-0.362957
-0.326395
0.534959
0.091464
-0.954344
-0.496689
0.014740
-0.073641
-0.860591
0.146764
-0.531541
0.411542
-0.856075
-0.877438
0.715934
0.618946
-0.708731
0.762993
0.680837
0.886593
0.065828
-0.946654
0.555712
0.057222
-0.428449
-0.020295
0.243263
-0.661000
-0.767083
0.611377
0.913877
-0.354106
0.092074
0.635792
0.633839
0.108005
-0.266457
-0.475448
0.626514
0.782037
0.222755
0.029389
0.183996
0.634144
0.626148
-0.244362
0.531907
-0.805536
0.925291
0.696280
0.119602
0.756401
0.356059
0.981079
0.515183
0.027924
-0.728507
-0.204871
0.007843
0.120884
-0.346660
-0.056063
-0.705985
0.774224
0.969787
-0.943907
0.925840
0.190588
0.613514
-0.851009
-0.002533
-0.498398
-0.350932
-0.287820
-0.192969
-0.292520
0.737358
-0.926878
-0.032075
0.786615
-0.170324
-0.640797
0.537706
-0.063753
-0.970153
-0.703055
0.621204
0.023957
0.196020
-0.302530
0.782586
-0.825922
-0.783929
-0.544237
0.228980
0.030610
-0.932066
-0.479720
-0.800226
0.718131
-0.709098
0.722098
-0.292520
0.446333
-0.261513
0.776910
0.703299
-0.790704
0.741935
0.847957
0.446455
0.041719
-0.294656
0.940794
0.244484
-0.058809
0.952330
0.834407
-0.057772
0.964721
0.458357
0.933958
0.821406
0.213843
0.724906
-0.257973
-0.486251
0.438093
-0.645314
-0.210486
0.473434
-0.503769
-0.143895
-0.639882
-0.771477
-0.637257
-0.478500
-0.573290
-0.207007
-0.615711
0.303934
0.930113
0.764214
0.504990
-0.302347
0.661306
0.936522
0.698599
-0.164342
-0.408612
-0.886349
-0.205481
0.005951
0.280374
0.327860
-0.111606
0.238197
0.720756
0.591662
-0.099948
-0.019562
0.429670
0.665151
-0.447676
0.136937
-0.803339
-0.448469
-0.689444
0.953612
0.546312
-0.591113
-0.382000
-0.858943
-0.078829
-0.683828
-0.191198
-0.442793
-0.585192
-0.060823
0.665578
0.264138
0.013703
0.208106
-0.665944
0.357524
-0.588610
0.018769
-0.381451
-0.732780
0.177587
-0.284951
-0.282327
0.501755
-0.028535
-0.720145
0.651051
0.205054
-0.595141
0.515366
0.079501
0.102512
-0.897092
0.839473
-0.366192
-0.306253
-0.071017
0.178381
-0.075533
-0.531358
-0.801935
0.001373
0.631214
0.194678
-0.292703
-0.046480
-0.979125
0.790582
-0.497238
0.072970
-0.841060
0.393780
0.325602
0.497665
-0.221717
0.275979
-0.276833
0.902402
-0.664724
-0.303690
-0.004975
-0.911618
0.581713
-0.549730
-0.222694
-0.256081
-0.867428
-0.274270
-0.796869
0.991699
0.325175
-0.062105
0.377789
-0.291055
0.557421
0.109409
0.828547
-0.196265
0.561998
0.190832
0.374493
-0.636586
0.487289
-0.890805
0.118931
0.577990
0.849361
-0.536668
0.641041
0.377972
-0.182043
-0.419477
-0.958678
0.455611
0.388531
-0.776360
0.510056
0.216346
0.293435
0.108982
0.697439
-0.435591
-0.344829
0.646779
0.214270
-0.801691
0.860591
0.802850
0.880734
0.367229
0.366863
0.687063
-0.349528
0.006073
0.612476
-0.331645
-0.072787
-0.574755
0.889157
0.458113
-0.547777
0.478744
0.247108
-0.512436
-0.802362
0.253395
0.161534
-0.455672
0.284585
0.427778
-0.723930
-0.055940
-0.749077
0.762505
-0.784417
0.788385
0.719108
0.155492
0.405683
0.230201
-0.707999
-0.560717
-0.529160
0.553941
0.060518
0.149388
-0.057405
-0.471908
0.562792
0.663686
-0.766533
0.370708
0.295877
-0.810419
0.217444
0.562487
0.325968
-0.011567
0.809259
-0.649953
0.423688
-0.593432
-0.198706
-0.911435
0.173986
0.298441
0.707572
-0.177587
0.796808
-0.120212
-0.425153
-0.916318
-0.144078
-0.598315
-0.432783
-0.313883
0.063021
0.143040
-0.351665
-0.662465
0.230262
-0.048799
0.488693
0.842158
0.881588
-0.021943
-0.811701
0.854305
0.298624
0.945494
0.573290
-0.489059
-0.571337
0.056856
0.904843
0.370830
-0.393353
0.729911
0.367290
-0.803156
-0.626576
-0.103610
-0.925291
-0.284890
-0.805231
-0.399152
-0.827143
0.194983
0.900510
0.123936
-0.199377
0.698904
0.971618
-0.832575
0.431074
-0.562731
-0.076449
0.789972
0.247902
-0.765007
0.394147
0.604663
-0.408612
-0.625416
0.802484
-0.511155
-0.791314
0.336161
-0.793573
-0.202002
-0.125828
0.752068
0.657155
0.067049
-0.807855
-0.166723
-0.010773
0.283303
-0.731559
-0.609180
0.733390
-0.600085
-0.214637
0.956053
0.639698
0.075716
0.029633
-0.051057
0.379437
-0.068270
-0.786248
0.422834
0.229713
-0.166478
0.689138
-0.577136
-0.594104
0.167760
-0.176611
-0.564928
-0.934568
0.815851
-0.845454
0.070345
0.839290
0.291360
0.428083
-0.954649
0.840754
0.485397
0.146153
0.271523
-0.420087
-0.924741
-0.778253
0.509140
-0.692984
-0.540391
0.736503
-0.781182
0.296854
-0.283303
-0.786187
0.980895
0.762139
0.355510
0.247902
-0.236976
-0.379192
-0.450240
0.929746
0.017548
-0.431990
0.823847
-0.627979
-0.366008
0.045991
0.515671
-0.538316
0.263710
-0.985107
-0.024201
-0.653005
-0.991516
-0.204016
-0.104770
-0.430036
0.638356
-0.896359
-0.464156
0.044649
0.981384
-0.868221
0.964843
0.333842
0.599719
0.822138
-0.819636
-0.563585
-0.691214
0.131504
0.818659
-0.267067
0.841914
-0.338237
0.258095
0.690847
-0.390790
-0.667592
-0.702811
0.615711
0.364727
-0.358013
-0.843684
0.687979
0.348552
0.018952
-0.690237
-0.830866
-0.934996
-0.225684
0.881954
0.554064
-0.671682
-0.830195
-0.204627
0.392865
-0.929258
-0.908444
0.412702
0.912778
0.251137
-0.424116
0.926695
0.234962
0.683279
0.449629
0.501572
0.574328
0.304666
0.491562
0.928037
0.750603
-0.485214
-0.778924
-0.106906
0.643788
-0.113926
-0.392193
-0.407086
0.782952
0.703787
-0.998657
-0.307230
0.881649
0.177526
0.124790
0.674856
0.420698
0.148961
0.204627
-0.709891
-0.317484
0.635121
0.587085
-0.211158
0.331095
-0.939268
0.317301
-0.220557
-0.284158
0.721976
0.900571
0.155370
-0.273049
-0.897763
0.317118
0.044221
0.755974
0.143956
-0.047456
0.014130
-0.243263
0.596484
0.491562
-0.523850
-0.058443
0.474654
-0.421491
0.397809
-0.840876
-0.221595
0.270119
-0.568163
-0.386029
-0.621570
-0.541978
0.116672
-0.187292
-0.591479
-0.783624
-0.560717
-0.204932
0.389386
0.449934
0.937803
-0.470992
-0.610340
-0.003876
-0.235511
0.271035
-0.410077
0.417768
0.159276
0.044649
0.256264
-0.694021
0.451460
0.617176
-0.921934
0.317118
-0.720145
0.181494
-0.522629
0.698538
0.759697
0.191748
0.837458
-0.718863
0.165624
-0.465743
-0.083895
0.339763
0.685842
-0.915525
0.880123
0.486740
-0.899838
-0.288491
0.462569
-0.618641
-0.197119
-0.125645
0.561083
0.658620
-0.775567
0.053865
-0.456893
-0.463668
-0.527635
-0.029206
-0.596362
-0.434675
0.352214
-0.611988
-0.910581
0.634510
0.570666
-0.111850
-0.376080
0.513230
0.202124
0.774651
-0.894955
-0.409772
0.920957
-0.931639
0.768365
-0.244911
0.104953
-0.739372
0.618702
0.639088
0.857051
-0.342326
-0.059725
0.524888
-0.014924
-0.666311
0.296365
0.149632
-0.678945
-0.438765
-0.356548
-0.854183
0.358196
-0.129246
-0.803949
-0.030610
0.390912
0.508652
0.140965
-0.009613
-0.827570
-0.649281
-0.497238
0.807489
-0.769280
0.505173
0.840571
0.620899
-0.360393
-0.351115
0.935728
0.884823
0.704276
-0.661061
0.431196
-0.589831
0.245338
0.682180
0.760369
0.314676
-0.282388
0.020051
0.746696
0.038179
0.784906
-0.874813
0.572497
-0.080966
-0.361797
0.232521
-0.371136
-0.753044
0.505173
0.490951
0.810907
0.765313
-0.731071
0.926511
0.097324
0.660085
-0.062838
-0.441267
0.140172
-0.309549
0.279458
0.102145
0.481735
-0.250954
0.085360
-0.890683
0.627796
0.552965
-0.588549
-0.639821
0.431623
-0.333476
0.405744
-0.300089
0.369854
-0.099704
0.547166
0.755852
0.293069
-0.102512
0.547349
0.400555
-0.501633
-0.924558
0.436079
0.710318
-0.838618
-0.385113
0.906735
0.121128
0.457015
-0.522568
-0.176366
-0.912778
-0.971129
0.265236
-0.180212
-0.328898
-0.480880
0.752007
-0.917905
0.390301
0.156346
-0.048311
-0.623768
0.137181
-0.192602
-0.647877
-0.709769
-0.566820
0.265297
-0.715629
0.144261
0.209815
-0.925962
0.576525
-0.087130
-0.008637
0.775689
-0.323893
-0.271157
-0.885861
-0.247902
-0.402142
-0.697806
-0.236793
0.781915
-0.473312
0.898801
-0.601978
0.204688
-0.030122
-0.216102
0.602344
-0.404767
0.770074
0.444258
0.243812
0.593738
-0.408063
-0.699576
-0.749077
-0.119968
0.720328
0.555284
0.561083
0.187170
0.088595
0.238624
0.082125
-0.987854
-0.813410
-0.617420
0.047334
0.582507
0.032136
0.580493
0.344829
0.593188
-0.685354
-0.618397
-0.603198
-0.704764
0.949950
0.900571
0.348796
-0.733695
0.174169
0.616871
-0.146641
-0.058321
-0.803522
0.135533
-0.476852
0.184484
-0.212256
0.035127
-0.193457
-0.276101
-0.382000
-0.511948
0.888852
-0.635426
0.940733
-0.249489
-0.348796
-0.488998
-0.049776
0.069918
-0.934324
-0.424421
-0.483077
0.835505
0.567370
0.890744
0.946471
-0.213660
-0.906980
-0.142918
0.782281
0.825312
0.592761
-0.251991
0.154881
-0.630299
0.628834
0.592456
0.485824
0.289468
0.887936
-0.752678
0.796197
0.539537
-0.702261
0.508225
-0.178014
0.359905
0.288980
0.852779
0.440657
0.506760
-0.067598
-0.211463
0.298807
-0.228065
-0.670766
-0.268899
-0.587146
-0.982543
-0.797052
-0.093417
0.204688
0.438459
0.722953
0.638539
0.195959
-0.061251
-0.597827
0.303812
0.327860
0.984985
-0.531785
0.296793
-0.052889
0.367412
-0.390851
-0.739982
0.203467
0.731376
0.041047
0.945982
0.183874
0.050874
0.129124
-0.438826
0.365520
-0.857173
-0.813410
-0.063204
0.977783
0.921140
0.867855
0.161473
0.666066
0.552293
0.443098
0.870418
0.916013
0.610889
-0.980895
-0.053804
-0.188086
0.767266
0.899289
0.197119
0.068697
0.105564
0.665395
-0.751701
0.138585
-0.661916
0.132664
-0.080905
0.640004
0.966735
-0.799188
-0.151097
0.403790
-0.781610
0.300638
0.512803
0.104282
-0.103000
0.123386
-0.966735
-0.646657
-0.358135
-0.639698
0.272073
0.524522
-0.794916
0.058016
0.614978
-0.635609
0.648061
0.342021
-0.924375
0.577807
-0.151036
-0.393292
-0.666250
0.699149
-0.893307
-0.490036
0.953551
-0.055147
-0.778314
0.118076
0.415387
-0.841487
-0.874081
0.647755
-0.391156
-0.505905
0.962218
-0.752251
-0.288553
-0.448347
0.224647
-0.355937
-0.320780
-0.664052
0.685842
0.097629
0.623280
-0.275979
-0.598376
-0.180090
0.393231
0.740104
-0.088595
-0.304422
0.052950
-0.521714
-0.065157
0.633473
0.983215
0.654164
0.478561
0.870235
-0.855525
-0.503403
0.524400
0.788507
-0.563707
0.332194
0.798395
0.160375
0.447188
-0.655812
0.785211
-0.681082
-0.634571
-0.274331
-0.133030
0.614429
-0.991028
0.477889
0.263588
-0.628162
-0.448775
-0.631642
-0.139866
0.856746
0.561754
-0.026399
-0.617725
-0.485946
-0.532334
-0.118320
0.389019
0.314249
0.271706
-0.015778
-0.173803
-0.431379
0.685171
0.884091
0.061434
0.366558
0.723075
0.646718
0.011139
0.287698
0.363018
-0.877499
-0.550707
0.534227
-0.571825
-0.615101
-0.531602
-0.259987
-0.904599
0.174841
-0.167150
-0.342143
0.242042
0.070162
0.701956
0.712760
-0.002472
-0.790704
0.145116
-0.377300
-0.782220
0.301187
0.241859
0.830134
-0.644826
0.969298
0.390973
0.621265
-0.496139
0.130528
0.436750
-0.740532
0.576464
-0.756096
0.013092
-0.041963
-0.491623
0.596850
-0.293619
0.710135
-0.154149
-0.438215
-0.448103
-0.026093
0.284280
-0.792352
0.506943
0.112217
-0.729118
-0.590075
0.194128
0.573046
-0.156713
-0.197974
-0.793573
0.513352
0.108554
0.313883
0.873470
0.563829
-0.808954
-0.672231
0.393841
-0.388165
-0.289041
-0.073885
-0.017365
-0.868709
0.279885
0.276894
0.783319
0.638295
0.689871
0.422040
0.411969
0.955992
-0.986450
-0.405011
0.179846
-0.560778
-0.871456
0.329325
0.720267
-0.845637
0.763970
-0.596118
-0.262307
0.493088
0.522813
-0.181677
0.058321
-0.541734
0.270913
0.880612
0.780999
-0.260659
-0.768975
0.317850
-0.213050
0.918394
-0.815058
-0.224464
-0.702872
-0.456221
-0.285684
-0.528916
-0.290323
-0.609790
-0.232032
0.310160
-0.003571
0.900815
-0.785699
-0.270058
0.931455
-0.604297
0.857112
-0.680593
-0.773675
-0.997803
0.303629
0.031587
-0.076876
0.453475
0.412152
-0.936522
-0.901181
-0.372662
0.180090
-0.564135
-0.247841
0.958739
-0.562853
0.395184
0.496567
-0.672353
0.265419
0.110385
-0.245399
-0.290689
0.618213
0.427778
-0.328043
0.668630
0.576769
0.324259
0.666677
-0.181982
-0.598071
0.815363
-0.442671
-0.082003
-0.943297
-0.917234
0.090670
0.969237
0.409589
