0.304910
-0.009552
0.822443
-0.052644
0.831660
-0.048372
0.935301
0.585620
0.241859
-0.634877
-0.703238
0.072481
0.576098
0.516465
0.719047
0.128330
0.876949
0.185339
-0.951476
-0.322367
0.069002
-0.219764
-0.021149
-0.103061
0.615894
0.143956
0.419721
-0.746941
-0.362468
-0.131748
0.226661
-0.147191
-0.259926
-0.555040
0.749931
0.965514
-0.110874
0.677602
-0.836299
0.717154
0.200842
0.323099
-0.105564
0.270486
0.864620
-0.289163
-0.879574
-0.876217
-0.751762
0.124912
0.514084
-0.177831
0.290567
-0.358684
0.406964
0.410199
-0.447676
-0.156285
0.956786
-0.798700
-0.454146
0.556932
0.281655
-0.629017
-0.239357
0.652028
0.704520
-0.697562
-0.431074
0.379925
0.813349
0.751213
0.199255
0.352458
-0.485397
0.587939
-0.615589
0.687674
-0.226844
-0.352702
-0.297159
-0.587268
0.840144
-0.016877
-0.472152
0.031892
-0.779962
-0.056429
-0.782830
0.571154
-0.303629
-0.627674
-0.878475
-0.557848
-0.817255
0.691641
0.006928
0.964660
0.761467
-0.269936
0.082614
-0.834956
0.946348
-0.938658
0.986755
-0.228248
-0.933531
0.066378
0.055330
0.389447
-0.081820
-0.375591
0.579638
0.112827
0.071871
0.672353
0.019623
-0.843135
0.902707
-0.240883
0.515244
0.863094
0.609058
0.433515
0.038789
-0.231788
-0.769463
0.932676
0.572375
0.757134
-0.521409
0.030427
-0.882504
0.734733
-0.354167
0.303995
0.441389
-0.897458
0.071993
-0.264626
0.756157
0.367534
0.896054
0.855953
0.022980
0.351909
-0.378033
0.184179
-0.110263
-0.210974
0.888730
-0.081210
-0.859127
0.114048
-0.272195
0.497787
-0.579150
-0.747307
0.839778
0.257729
0.099826
-0.529771
-0.774712
-0.742546
-0.670034
-0.976623
-0.047029
0.214026
0.485824
0.801935
0.981628
0.275430
0.887082
0.766289
-0.549852
-0.901547
0.991150
-0.449019
0.280251
-0.975097
0.267006
-0.924558
-0.178014
0.879025
0.459273
-0.071200
-0.458480
-0.385052
0.965453
0.873775
-0.607898
0.430036
0.806574
-0.750786
-0.887997
-0.691397
-0.818171
0.651112
0.055757
-0.593493
-0.972045
-0.239051
-0.830134
0.860408
-0.759697
-0.893307
0.641713
-0.966185
0.691824
-0.438704
-0.490280
-0.673635
-0.838679
-0.940672
-0.135716
0.978515
-0.274209
0.222022
-0.299478
0.238197
-0.156529
0.549059
0.991882
0.311319
-0.491134
0.922910
0.715018
0.822626
0.560533
-0.654775
-0.355388
0.833674
-0.280435
-0.070162
-0.205176
-0.722343
-0.344340
-0.043306
0.309366
-0.440474
0.413923
0.432783
-0.647694
0.656056
-0.817499
0.821284
-0.981933
0.329020
0.865474
0.191321
0.256508
0.668264
0.311686
0.421369
-0.559618
0.644337
-0.437239
0.612354
0.738639
0.524705
-0.271523
0.669485
-0.213904
0.800836
0.985778
0.743950
-0.127781
-0.948485
-0.931150
-0.569872
-0.923521
0.653249
-0.772576
-0.250343
-0.960631
0.783685
0.024751
-0.116245
-0.040254
-0.094455
0.373821
-0.378521
0.715873
-0.194128
-0.731315
0.389630
0.585131
0.139927
-0.671804
-0.371624
-0.381207
-0.668813
-0.772454
-0.142491
-0.235267
0.747368
-0.482406
0.692801
-0.763848
0.109348
-0.143773
-0.464217
-0.043550
-0.407758
-0.617908
-0.732047
-0.793512
-0.095676
0.202368
0.737419
-0.749382
0.316996
0.895260
0.966124
-0.852229
-0.926695
0.827143
0.882199
-0.455061
0.926939
0.360332
0.097629
0.265847
0.839412
-0.296793
-0.659169
0.665090
-0.487960
0.447859
0.546800
-0.362163
-0.383221
0.035066
-0.982421
0.626087
0.744743
0.713614
0.143468
-0.436384
0.066805
-0.332865
0.013703
-0.168920
0.600391
0.776543
-0.503647
-0.426984
-0.706900
-0.592761
0.225135
0.821894
-0.327372
-0.521348
0.630909
-0.035615
0.752678
-0.977111
-0.416730
0.790216
-0.607776
-0.336100
0.652272
-0.238746
-0.709708
-0.936460
-0.208167
-0.093661
0.659658
0.648793
-0.623585
0.269326
0.695364
0.972472
0.614490
0.529160
0.368206
0.720878
0.637562
-0.544847
0.456404
0.693045
0.217322
-0.632984
0.419172
0.810846
-0.610340
0.872188
-0.517930
-0.025422
0.986206
0.245827
-0.537889
0.152074
-0.972106
0.515793
-0.398602
-0.990173
-0.659841
0.674673
-0.685598
-0.184301
-0.044343
0.319620
-0.210425
-0.733207
0.536607
0.523728
-0.301553
0.694571
-0.323222
0.288125
-0.245949
-0.654836
-0.976379
0.189367
0.541246
-0.520676
-0.960936
-0.798578
-0.922788
-0.051241
-0.155736
0.236061
0.442488
0.120884
-0.464522
-0.180090
-0.154576
0.513291
0.789178
-0.165807
-0.276650
0.441694
-0.494736
-0.565416
-0.680105
0.050813
0.481552
0.511887
0.235572
0.111057
0.992370
-0.664357
-0.634205
0.182958
-0.118076
-0.305338
0.681631
-0.303140
-0.572558
0.787164
-0.530931
0.522874
0.183691
0.148045
-0.123020
-0.161229
0.584155
-0.802973
0.634938
0.404340
-0.398419
-0.941588
0.108860
0.662954
0.147069
-0.034883
-0.639332
-0.929136
0.967467
-0.475265
-0.676138
0.860714
0.065889
0.773003
0.580859
0.296976
0.444380
-0.836177
-0.520737
0.821284
0.668508
-0.815058
-0.038179
0.623707
-0.268960
0.595080
0.999145
-0.398053
-0.961364
0.373699
-0.056856
-0.322367
0.707755
0.833308
0.744560
-0.396466
0.173559
0.098178
-0.469955
0.016022
0.395306
0.096652
-0.205420
-0.681326
0.583483
-0.541917
0.883175
-0.603687
-0.250526
-0.329203
-0.131077
-0.052889
-0.861568
0.913388
-0.965026
0.659963
0.079867
-0.723746
0.007599
0.232765
-0.038362
-0.974181
0.705313
-0.826289
0.086398
0.491012
0.756951
0.268471
0.200049
0.613025
0.196203
0.148656
0.100681
0.738456
0.519517
-0.323466
-0.856685
-0.133946
-0.763421
0.167150
0.366863
-0.161168
0.048372
0.653127
-0.379925
-0.346721
-0.044893
0.332682
-0.088900
-0.161290
0.618030
0.298135
0.360637
0.980712
0.432600
0.362468
-0.698416
0.221107
0.743706
-0.541490
0.354717
-0.905759
0.968505
0.383770
-0.820246
-0.147069
0.495407
-0.568651
-0.925474
0.583361
-0.041353
0.858028
0.171728
0.265664
0.015412
0.515000
-0.287027
-0.762383
-0.742302
-0.939390
-0.704215
0.915403
0.716178
0.916807
-0.430525
0.685171
0.956481
-0.369854
0.043306
0.431806
0.544237
-0.618091
0.339702
-0.345134
-0.436445
-0.076510
0.043245
0.670217
0.298379
-0.599536
0.196509
-0.663686
-0.787530
0.193091
-0.263955
-0.038667
0.044343
0.571764
0.149388
-0.709464
-0.204688
-0.912839
-0.629505
-0.624866
0.876766
-0.880978
0.346965
0.196326
0.691885
-0.132420
-0.465194
-0.801691
0.253456
-0.290994
0.402264
-0.806940
-0.161229
-0.923338
-0.410749
-0.201636
0.704337
-0.232521
0.330546
-0.420759
-0.440413
0.973510
-0.198950
-0.068270
-0.177404
0.516526
-0.016755
0.842219
0.682669
0.519578
0.564684
-0.355449
0.181921
-0.776971
0.581042
-0.832942
0.658315
-0.813227
0.638356
-0.325724
0.231544
-0.006073
-0.983581
-0.794122
0.700797
0.667592
0.832636
0.206030
0.083712
0.733512
-0.293313
-0.174718
0.054170
-0.723075
-0.725517
0.950682
0.706534
-0.326640
-0.331523
0.233985
0.653981
0.301737
-0.860408
0.975768
0.093295
0.630177
-0.713309
-0.475570
-0.829463
-0.059786
0.210669
0.634144
0.602710
0.851802
0.012848
-0.712882
0.152135
-0.457808
-0.939695
0.898740
0.648793
-0.695364
0.233070
0.133335
0.610096
-0.822748
-0.008332
0.726371
0.212806
0.488327
0.535691
-0.278420
0.483627
-0.160192
-0.460555
0.876888
0.147496
-0.532945
-0.230323
-0.628162
0.524094
0.459029
-0.017853
0.519700
-0.433210
-0.708121
0.226844
-0.258278
0.217627
-0.758660
0.251442
-0.884274
0.803217
0.327128
-0.373272
0.006561
-0.024751
-0.325297
-0.126865
0.644642
-0.913144
0.364238
-0.327372
-0.827509
-0.604114
-0.209998
0.748955
-0.819697
-0.475326
0.364177
-0.806635
0.715201
0.454756
0.138890
-0.476241
0.443281
-0.681570
0.539232
0.954955
-0.973937
-0.538743
0.859004
0.038850
-0.263710
-0.708975
0.343486
0.950133
-0.916379
0.579882
0.674123
0.132664
-0.095492
-0.350200
0.425520
-0.286477
0.765984
-0.255959
0.029756
-0.577013
0.981201
0.754448
0.588977
-0.635548
-0.550768
0.069613
0.715506
0.116062
0.756401
0.422224
0.577136
0.957945
-0.412091
0.411542
-0.601184
-0.248512
-0.642140
0.726981
0.726188
0.809259
0.369304
0.982910
-0.763604
0.889279
-0.977477
-0.860042
0.575976
0.904050
-0.654469
-0.032258
0.289956
-0.684133
0.254494
-0.749382
-0.248268
0.292642
0.728446
-0.041169
0.674062
0.895260
0.973632
0.780877
0.909726
0.078463
0.843379
0.244911
0.560350
-0.549486
0.097018
0.350993
-0.006317
0.920408
-0.407575
-0.937925
-0.488998
0.726920
-0.913450
0.211158
-0.990112
0.657949
0.656301
0.718741
-0.879757
0.574084
-0.320414
-0.880367
0.357524
0.129429
-0.570299
0.149327
0.336283
-0.662343
0.663381
0.674184
-0.927854
-0.246254
-0.829279
0.139256
0.880795
0.412519
0.800348
0.394269
0.276284
0.468245
-0.306192
0.929868
0.152013
0.836604
-0.551195
-0.048189
0.572985
-0.143590
-0.655019
0.057100
-0.210181
-0.464705
-0.530808
-0.637074
0.258889
-0.554491
0.461898
0.796319
-0.937864
0.212073
-0.433332
0.299051
-0.555895
0.371441
0.691153
0.272439
-0.525315
-0.298318
0.961913
0.413984
0.667470
0.529160
0.315592
-0.749748
-0.555040
0.736869
-0.327494
-0.863460
0.012360
0.401044
-0.463240
0.531724
0.685049
-0.083529
0.792291
0.056795
-0.882565
0.760674
-0.867306
-0.289468
0.791620
0.329630
-0.199866
-0.149815
0.379070
0.241859
0.190588
0.979125
-0.086947
0.036897
-0.395856
-0.790033
0.080966
-0.510239
-0.079073
-0.304971
-0.877194
-0.683218
0.588061
0.162267
0.668508
-0.306925
-0.872188
0.990539
-0.294534
-0.656423
0.666311
0.886166
0.035737
-0.855037
-0.014924
0.741508
0.720939
-0.331767
-0.302835
-0.912961
0.802728
0.327006
-0.130406
-0.944090
0.704520
0.424787
0.339640
-0.231971
-0.371075
-0.820490
-0.162267
-0.601001
0.383282
0.650807
-0.403790
-0.665578
-0.604724
-0.735405
-0.533921
-0.980346
-0.965575
0.541856
0.836665
-0.502915
-0.508225
0.753166
0.812189
0.339091
0.074435
0.462325
0.665334
-0.649648
0.877316
0.033601
-0.829829
0.394269
-0.843379
-0.113010
-0.141820
0.839412
-0.550218
0.827448
-0.434309
0.097140
-0.770074
0.680898
-0.413923
0.321207
0.775750
-0.286599
-0.411176
0.548265
0.216468
-0.308878
-0.448653
-0.510544
0.329325
-0.788995
0.932371
0.355022
0.022614
-0.131565
-0.440718
-0.320414
-0.894833
-0.813227
0.167333
-0.042512
0.606738
0.924436
0.000519
0.200293
0.444441
-0.180212
-0.604785
0.784600
-0.868709
-0.914670
0.340922
0.517075
0.784295
0.320658
0.360698
0.234535
-0.657704
0.814570
-0.638417
-0.759880
-0.684683
-0.096469
0.560228
-0.877987
-0.491867
-0.728690
0.485214
0.332316
-0.204566
-0.559252
-0.898740
-0.416791
-0.298074
0.540208
-0.235511
0.778497
0.841670
0.514084
0.284890
-0.718253
-0.728202
-0.483016
0.655873
0.445723
-0.000397
0.410566
-0.041169
-0.668325
0.813288
-0.549852
0.585314
0.550890
-0.258095
-0.135044
-0.277261
-0.761040
0.961608
0.954161
0.474044
-0.794183
-0.436445
-0.405194
-0.766228
0.619373
-0.847713
-0.855953
-0.164037
0.062960
-0.258095
-0.372662
-0.925108
0.115268
0.433882
0.506333
0.744926
-0.918271
0.804498
-0.455855
0.656484
0.672781
0.647267
0.689505
-0.301126
0.143956
0.917295
-0.229652
0.377544
-0.123447
0.468001
-0.525315
-0.595752
0.011750
-0.228431
-0.659108
0.795892
-0.398053
-0.082492
-0.165563
-0.823969
-0.010041
-0.206030
-0.260781
-0.828242
0.543504
-0.683401
0.308573
0.904599
-0.304117
-0.423688
-0.777398
0.943480
0.582202
-0.946226
-0.638356
-0.677908
0.051790
0.197913
-0.318949
0.446699
0.932554
0.029084
-0.350932
-0.171911
0.425336
-0.325419
0.180273
-0.239113
-0.596850
-0.153966
0.461043
-0.344707
-0.134800
0.800958
-0.807611
-0.949644
-0.259926
-0.009308
0.735527
-0.847102
-0.388531
0.799005
-0.398846
-0.079928
0.728874
0.720634
-0.329508
-0.788446
0.409040
0.094150
0.955443
0.128086
0.641408
0.371563
-0.282327
-0.654775
0.550279
-0.251625
0.928831
0.850642
0.797601
0.538865
-0.034822
-0.476363
-0.550523
-0.141087
0.377117
0.111606
-0.822687
-0.105625
0.966796
0.212867
-0.174047
-0.100925
0.531846
-0.505722
-0.819208
-0.646352
-0.095126
0.085604
-0.127720
-0.891476
0.601489
-0.821406
0.858272
-0.988464
-0.474227
0.552416
0.634388
-0.620594
0.662404
0.031831
0.713858
0.527268
0.966918
0.199011
-0.714957
0.564257
0.403302
0.857540
0.343913
-0.672720
0.068026
-0.622181
-0.646840
-0.852107
0.787530
0.246681
-0.383526
0.035920
0.574267
-0.127537
0.614795
-0.927610
0.104221
0.954283
-0.482711
0.708060
0.713431
0.021516
0.099094
-0.548875
0.536058
-0.059420
-0.075167
-0.549669
-0.423933
-0.091220
-0.906186
-0.216346
0.649953
-0.588916
-0.051607
-0.044527
0.295022
0.695608
-0.639760
0.095614
-0.646290
0.486435
-0.478072
0.003510
0.123692
0.024323
-0.765069
-0.621082
0.344829
-0.708487
-0.941343
0.395489
-0.610401
0.020417
0.502304
-0.973571
0.762017
-0.398053
-0.718986
0.747368
-0.617298
0.138707
0.514939
0.528306
-0.880917
0.170202
0.704703
-0.214393
-0.569262
0.565477
0.926817
0.927488
-0.581713
-0.004425
-0.026032
-0.861812
0.705679
0.005524
-0.483932
0.784906
0.170141
-0.851924
0.186804
-0.201086
-0.494858
0.247597
0.956908
-0.269875
-0.314859
-0.321879
0.545763
0.248695
-0.012177
0.677114
0.081393
-0.227271
-0.139012
0.823176
-0.338847
-0.703604
-0.134617
0.877194
-0.393475
-0.945372
0.718863
0.927305
0.124912
0.979675
-0.242531
-0.793329
-0.885495
0.545701
0.330058
-0.665578
0.565172
0.167943
0.423139
-0.911069
-0.348064
-0.292276
0.456893
0.794549
-0.981079
-0.722953
0.302164
-0.733757
-0.598682
-0.057527
-0.992187
-0.632069
-0.556139
0.023530
-0.582812
-0.990295
-0.188818
-0.386883
-0.532579
-0.221900
0.415815
-0.974548
0.752007
-0.286599
-0.252419
0.119785
0.197058
-0.214576
0.340068
-0.475631
-0.956420
-0.849849
-0.450423
-0.335368
0.076205
0.316752
0.009674
0.079806
-0.330790
0.770135
-0.596912
0.665273
-0.353679
-0.732231
-0.605762
-0.207373
0.096652
0.600330
-0.843623
-0.449263
0.657338
-0.293252
0.841365
0.948363
-0.141636
0.454878
-0.755547
0.808405
-0.879818
-0.811518
-0.286721
0.504257
0.614307
-0.413007
-0.058565
0.666128
-0.431867
-0.833796
0.756279
-0.617847
0.120640
0.426252
0.244484
0.426618
0.596912
0.638417
0.788018
0.998291
0.785089
0.181921
0.276162
0.671682
0.905698
-0.199927
0.514817
0.359661
-0.609485
0.021149
0.404645
-0.727592
-0.646474
0.946837
0.231056
0.141392
-0.478072
0.554552
-0.745903
-0.770562
0.057894
-0.431501
-0.917539
0.554735
-0.355205
0.246132
0.329081
0.078585
0.156041
0.657460
-0.412214
0.195959
-0.256081
0.261330
0.440352
0.597156
-0.275491
-0.640309
-0.250954
-0.930235
0.416852
0.882260
0.603870
-0.118931
-0.751701
0.579638
0.519395
-0.661306
0.126072
-0.378887
0.331828
0.068880
0.035005
-0.010895
0.397565
-0.785333
0.895077
-0.675588
-0.321146
0.149571
-0.271706
0.356731
-0.897031
-0.146886
-0.874264
-0.039460
0.132664
0.978576
-0.661000
-0.639698
0.819941
0.097995
-0.012665
0.359539
-0.723930
0.231117
0.161412
0.399579
-0.324320
0.684622
-0.222266
0.035432
-0.422712
0.992004
0.742912
-0.221961
0.960021
-0.565050
0.487960
-0.230201
-0.734550
-0.581103
0.082003
-0.321024
-0.771233
-0.181066
-0.997986
0.352641
-0.433576
0.740715
-0.292398
0.881954
-0.168615
0.241005
-0.628346
-0.183569
-0.091037
-0.049043
-0.934996
0.482345
0.359722
-0.200354
0.740532
-0.406598
0.186865
0.527146
0.571886
0.645497
0.177709
0.746635
-0.213172
-0.083102
0.150853
0.974914
0.374371
-0.162389
0.080050
0.418134
0.451643
0.525925
0.654958
-0.529954
0.054659
0.133702
-0.874508
-0.265236
0.406781
0.586535
-0.562059
0.585070
-0.586413
-0.971923
-0.250404
0.741997
0.137059
-0.226966
-0.986206
-0.029145
-0.877987
0.267312
-0.884640
-0.306558
0.928098
0.721000
0.814753
-0.344218
0.302347
-0.317240
0.823786
0.086154
-0.567980
-0.682546
-0.372234
-0.481552
-0.903012
0.970641
0.151402
-0.448897
-0.250099
0.555712
0.587939
0.985046
-0.406842
0.846065
-0.674184
0.824824
-0.533067
-0.265114
-0.045991
0.887997
-0.646474
-0.219764
-0.265969
0.946593
0.612659
0.626331
-0.842219
0.976989
-0.097629
0.398236
-0.291055
-0.598865
-0.505844
-0.012299
-0.348308
-0.549242
0.432173
0.873714
0.815607
-0.160375
-0.791559
0.018097
-0.957152
-0.239784
-0.097324
-0.716300
-0.161046
-0.961425
-0.971618
-0.702017
0.397015
-0.692984
-0.577624
-0.491379
0.685904
0.724784
-0.972839
-0.600024
0.853999
-0.224952
0.634938
0.465682
-0.328288
0.744865
-0.487838
0.335307
0.760796
0.239357
0.861568
-0.058138
-0.663686
-0.002777
-0.143406
-0.544176
0.322916
0.466231
0.767815
0.106784
0.687857
0.209143
0.841243
-0.854732
-0.613941
0.952269
0.182043
0.287454
-0.343608
-0.583422
0.883419
0.889706
-0.809748
-0.494003
-0.983276
0.123569
0.923460
0.121006
-0.868892
-0.100620
-0.221168
0.903806
0.282022
0.306497
0.918332
0.548997
-0.916562
-0.335978
-0.101657
-0.519761
0.245399
0.446333
-0.074007
-0.519517
0.214576
-0.125156
-0.093356
-0.434431
-0.500168
-0.526048
0.735527
0.393231
-0.615772
-0.604297
-0.310404
0.699637
-0.147740
0.566881
0.631886
0.890011
-0.651357
-0.961425
-0.069552
0.893857
-0.356487
-0.335551
-0.367534
-0.985412
-0.372356
-0.988708
-0.059969
0.208289
-0.250710
0.558641
0.785516
-0.052217
-0.973022
0.198035
0.299112
-0.842647
-0.044527
0.547899
-0.769646
-0.947264
0.622913
-0.246986
0.239357
-0.879940
0.672536
-0.073336
0.969359
0.577868
-0.637806
0.344157
0.860775
0.098483
-0.878780
-0.037141
0.423078
0.928892
0.102634
0.836421
-0.741325
-0.526780
0.857051
0.739921
-0.212806
-0.352641
0.660573
0.464400
-0.955077
-0.784967
0.698050
0.920408
0.304788
0.403729
0.070162
-0.318033
-0.573778
-0.373760
0.181921
0.511338
0.408246
-0.412702
-0.223060
0.310770
-0.876095
-0.612781
0.769341
-0.165014
0.801202
0.620472
-0.326334
-0.025056
-0.343852
-0.841731
-0.693594
0.849422
-0.953490
-0.981567
-0.711905
-0.238685
0.823786
0.062777
0.607227
-0.930845
0.693838
0.117649
0.099338
-0.410932
0.102695
-0.614307
-0.715812
0.506333
0.719840
0.925413
0.987487
-0.180212
-0.109836
0.468795
-0.687735
-0.035798
-0.177526
0.964415
0.171728
0.456648
0.839839
-0.846065
0.038362
-0.142735
-0.789178
-0.842708
-0.412702
-0.562670
0.864376
-0.145482
0.018281
-0.626331
-0.358135
-0.536058
-0.579028
0.700980
0.402326
-0.560045
0.189184
-0.558275
-0.051912
0.910398
0.631825
0.315165
-0.988098
-0.556078
0.269204
-0.446272
0.367229
-0.847102
0.592822
0.557054
0.529099
0.301859
-0.041658
-0.859432
0.027009
0.657826
0.921567
0.749138
-0.681326
-0.975341
-0.768914
0.010712
-0.466597
0.339579
-0.917234
0.491928
0.633595
0.874813
-0.908322
-0.705374
0.154027
0.393170
0.000763
0.167638
0.172643
0.347453
0.967223
-0.364971
-0.810419
0.765740
0.621021
0.968444
0.515488
0.854854
-0.099277
0.377728
0.375164
0.969176
-0.950926
-0.486801
-0.491989
-0.129734
0.475326
0.607288
0.260048
0.596728
-0.075411
-0.828242
0.129246
0.945433
0.482467
0.711173
0.107089
-0.023041
-0.030732
-0.173254
0.297342
-0.865108
0.715018
-0.457503
0.933409
0.441145
-0.191504
0.716910
0.730277
-0.256874
0.879757
-0.084078
0.984375
0.666189
0.908872
-0.915098
-0.570055
-0.011689
-0.414350
0.731010
-0.545824
-0.226783
-0.863643
0.113926
0.932920
0.064241
-0.162877
0.046113
0.659597
-0.962951
-0.444136
-0.167760
-0.270363
0.146031
-0.097507
-0.498947
0.865352
-0.578478
-0.822260
-0.943968
-0.979003
0.925474
-0.361064
0.490951
0.156835
-0.823786
-0.664052
-0.883114
0.500107
-0.968627
0.227454
-0.522996
0.110019
-0.700064
-0.992370
-0.897153
-0.668264
0.869259
-0.580004
-0.750725
0.150487
-0.996277
-0.862362
0.456526
-0.299783
-0.654164
0.154515
0.475753
-0.077425
0.549608
0.379681
0.941771
0.312540
0.282876
-0.940977
-0.884701
-0.071261
-0.476547
0.830317
0.239418
-0.973998
0.818964
-0.811945
-0.721305
0.433576
-0.607776
0.296060
-0.137425
-0.153539
0.421430
0.308939
-0.367229
0.605762
0.954588
-0.609302
0.207984
-0.221961
-0.326395
0.534959
0.616565
-0.954344
0.067354
0.928220
-0.073641
-0.860591
0.146764
0.285684
0.411542
-0.856075
-0.906186
-0.142186
0.618946
-0.708731
0.762993
0.447859
0.886593
0.065828
-0.946654
0.783685
0.057222
-0.428449
-0.801202
0.243263
-0.661000
0.089633
0.469222
0.179785
0.590197
0.092074
0.635792
0.431196
0.564318
-0.266457
-0.475448
-0.239967
0.782037
-0.030427
-0.931700
0.183996
0.692618
0.626148
-0.244362
-0.535691
-0.805536
0.925291
0.696280
0.119602
0.756401
0.980468
-0.136753
0.515183
0.446699
-0.825983
-0.204871
0.031953
0.120884
0.001617
-0.554796
-0.705985
0.774224
0.969787
-0.943907
0.925840
0.190588
0.795953
-0.851009
-0.033906
-0.498398
-0.264443
-0.287820
-0.206519
-0.292520
0.737358
0.165990
-0.032075
0.786615
-0.836055
-0.028535
0.537706
0.346782
-0.970153
-0.703055
-0.793146
0.439253
0.015351
-0.407392
0.782586
0.179113
-0.783929
-0.544237
0.228980
-0.087863
-0.932066
-0.479720
-0.800226
0.718131
0.168432
0.722098
-0.292520
0.703787
-0.055574
-0.319254
-0.827265
-0.790704
0.741935
0.164830
0.446455
0.041719
0.500107
0.940794
0.595630
-0.538438
0.952330
0.834407
-0.057772
0.964721
0.458357
0.933958
-0.571215
0.213843
0.248573
0.982482
-0.486251
0.830378
-0.801752
-0.961791
0.473434
0.727714
-0.143895
0.806940
-0.346416
-0.369671
0.698904
-0.238380
-0.207007
-0.196875
0.550645
-0.292459
0.764214
0.504990
-0.302347
0.661306
-0.452437
0.698599
-0.477828
0.502060
0.790399
0.938231
0.005951
0.280374
0.327860
-0.073702
0.238197
0.720756
0.591662
-0.099948
-0.490829
0.429670
0.665151
-0.447676
0.136937
-0.803339
0.313578
0.038606
0.953612
0.546312
-0.591113
-0.382000
-0.858943
-0.078829
-0.683828
-0.191198
-0.442793
-0.585192
-0.060823
-0.781121
0.314554
0.013703
0.208106
-0.295083
0.168310
-0.588610
0.018769
-0.381451
-0.000763
0.177587
-0.284951
-0.282327
0.501755
-0.217750
-0.720145
0.651051
0.205054
0.590197
0.162511
0.079501
0.102512
-0.897092
0.487228
-0.577624
-0.306253
0.618458
0.330180
0.505844
0.124180
-0.140782
-0.282144
0.631214
0.321146
-0.292703
-0.046480
-0.317057
-0.367840
-0.963866
-0.367229
-0.841060
0.393780
0.325602
0.571947
-0.315348
0.275979
-0.276833
0.902402
-0.390606
-0.981567
-0.004975
-0.911618
0.581713
-0.549730
-0.501144
-0.256081
-0.867428
-0.123875
-0.796869
-0.689993
0.800775
-0.062105
0.377789
-0.291055
-0.228004
0.109409
0.828547
-0.196265
-0.398114
0.190832
-0.554003
0.715384
0.487289
-0.890805
-0.510239
0.911740
0.849361
-0.687490
0.641041
-0.695425
-0.182043
-0.419477
-0.958678
0.455611
0.388531
-0.776360
-0.159215
0.216346
-0.643666
-0.247536
0.696524
-0.435591
-0.344829
0.675954
0.214270
-0.441694
-0.241005
-0.530503
0.880734
-0.728874
0.992370
0.687063
-0.349528
0.535142
0.755119
-0.331645
-0.837886
-0.574755
0.889157
0.458113
-0.547777
-0.913572
0.868954
-0.512436
-0.242225
0.253395
0.161534
-0.137669
0.840327
0.486984
-0.030244
-0.055940
0.628651
0.762505
-0.784417
-0.531724
-0.930052
0.155492
0.405683
0.721671
-0.428877
-0.348491
-0.529160
0.553941
0.060518
0.149388
-0.859554
0.557421
0.562792
-0.885128
-0.766533
0.370708
0.295877
-0.810419
0.217444
0.562487
0.325968
-0.512741
0.809259
0.755669
0.423688
0.806879
-0.198706
-0.911435
0.961852
0.298441
0.229530
-0.177587
0.468795
-0.120212
0.737663
-0.916318
0.876339
0.674612
-0.490890
0.522202
0.063021
0.143040
-0.351665
0.749016
0.149571
-0.048799
-0.157750
0.842158
0.881588
-0.021943
-0.288186
-0.355571
0.298624
0.945494
0.573290
-0.489059
0.637318
0.056856
0.904843
-0.133702
-0.393353
0.729911
0.367290
-0.803156
-0.981445
-0.103610
-0.925291
-0.543199
-0.805231
-0.399152
-0.225990
-0.518540
0.900510
-0.630543
-0.199377
0.698904
0.971618
-0.832575
-0.415387
-0.562731
0.370037
-0.175512
-0.772454
-0.765007
0.394147
0.314432
-0.408612
-0.625416
0.802484
-0.511155
-0.478011
0.336161
-0.228553
-0.202002
0.003937
0.752068
0.657155
0.299051
-0.807855
-0.166723
-0.010773
0.283303
0.459639
0.609363
0.733390
0.799493
0.874264
0.915464
0.639698
0.075716
0.029633
-0.051057
0.997986
-0.284890
0.027314
0.422834
0.652516
-0.324625
0.423627
-0.605090
-0.108127
-0.465987
-0.176611
-0.655934
-0.934568
0.815851
-0.845454
0.617542
0.482162
0.291360
0.428083
0.113132
0.840754
0.477645
0.146153
0.271523
-0.420087
-0.924741
-0.778253
0.509140
0.920713
-0.265419
0.736503
-0.781182
0.296854
0.660024
0.716178
0.980895
0.762139
-0.161718
0.247902
-0.573229
-0.379192
-0.450240
0.929746
0.731437
-0.431990
-0.282327
-0.627979
-0.366008
-0.320353
0.515671
0.442915
0.263710
-0.638844
-0.663381
-0.653005
-0.714957
0.180456
-0.104770
-0.430036
0.638356
-0.896359
-0.464156
0.044649
0.981384
-0.868221
0.964843
-0.934629
0.599719
0.822138
0.177648
-0.722098
-0.691214
0.131504
-0.559313
0.315958
0.841914
0.800836
0.095431
0.269570
-0.390790
0.036958
-0.702811
0.932920
0.364727
-0.358013
-0.843684
0.687979
0.348552
-0.935667
-0.690237
-0.830866
0.731925
-0.225684
-0.274758
0.724418
-0.671682
-0.830195
-0.204627
0.392865
-0.929258
-0.908444
0.412702
0.912778
0.251137
-0.424116
-0.487716
0.234962
0.683279
-0.639332
0.501572
-0.118625
-0.331217
-0.090243
0.421430
0.750603
0.775018
-0.778924
0.733940
0.329875
-0.113926
0.510422
-0.407086
0.782952
0.703787
-0.276650
-0.695669
0.881649
0.177526
0.773309
0.008026
-0.300272
0.148961
0.204627
-0.709891
-0.317484
0.635121
0.972106
-0.211158
0.331095
-0.939268
0.317301
-0.973693
0.040315
0.328043
0.900571
0.155370
-0.273049
-0.897763
0.317118
0.044221
0.755974
-0.970336
-0.047456
0.692495
-0.055086
0.596484
-0.705435
-0.523850
-0.058443
0.474654
-0.421491
0.397809
-0.840876
0.397076
0.003082
-0.568163
0.347087
-0.621570
-0.541978
0.116672
-0.187292
-0.591479
-0.783624
0.018097
-0.204932
0.389386
-0.198035
0.937803
-0.470992
0.102329
-0.003876
-0.235511
0.271035
0.133030
0.222877
0.159276
0.044649
0.142430
0.859127
0.451460
0.617176
-0.921934
0.317118
0.046297
0.181494
0.275491
0.698538
0.853694
0.191748
-0.271950
-0.718863
0.436811
-0.465743
-0.083895
0.339763
0.685842
0.864437
0.676870
0.486740
-0.899838
-0.288491
0.462569
0.444624
-0.197119
-0.125645
-0.455489
0.530869
-0.608692
0.053865
-0.456893
-0.463668
-0.527635
-0.029206
-0.596362
-0.434675
0.352214
-0.611988
0.873714
0.634510
0.211829
-0.543260
-0.383709
-0.536180
0.050325
0.774651
-0.894955
-0.282998
0.920957
-0.931639
0.768365
0.554979
0.104953
0.096835
0.618702
-0.180700
0.857051
0.727470
-0.104221
-0.122349
-0.014924
0.246315
-0.250587
0.149632
-0.678945
-0.438765
0.886898
-0.595752
0.339152
0.611560
-0.803949
0.956420
0.698477
0.508652
0.140965
-0.566515
-0.621509
0.531175
-0.497238
0.807489
-0.769280
0.960997
0.840571
0.620899
-0.360393
-0.351115
0.313395
0.884823
0.704276
-0.661061
0.829585
-0.589831
0.205298
0.682180
0.023286
0.314676
0.259194
0.020051
-0.267312
0.038179
0.784906
0.514389
0.572497
-0.080966
-0.361797
0.232521
0.794610
-0.460250
0.505173
0.490951
0.810907
0.765313
-0.731071
-0.922361
0.097324
0.660085
0.268654
-0.101108
0.140172
-0.309549
0.279458
0.102145
0.481735
-0.250954
-0.893979
-0.890683
-0.467086
0.552965
-0.588549
-0.756462
0.431623
-0.333476
0.664724
0.862911
0.369854
0.382611
0.726859
0.755852
0.293069
0.731559
0.282327
0.400555
0.712394
-0.924558
0.644948
-0.190466
-0.838618
-0.385113
0.906735
0.121128
0.449995
-0.522568
-0.176366
-0.845576
-0.971129
0.265236
-0.180212
-0.328898
-0.480880
0.752007
-0.917905
0.390301
0.156346
-0.048311
-0.623768
-0.611255
-0.192602
-0.869747
-0.709769
-0.566820
0.265297
-0.715629
0.144261
0.209815
-0.010224
0.576525
-0.087130
-0.008637
-0.990844
-0.323893
-0.271157
-0.788385
-0.247902
-0.402142
-0.652577
-0.236793
0.781915
-0.473312
0.406781
-0.683279
0.204688
-0.995239
-0.510910
-0.814264
-0.404767
-0.922666
0.503891
0.243812
0.593738
-0.408063
-0.699576
-0.749077
-0.119968
0.720328
0.555284
0.652638
0.187170
0.088595
0.238624
0.960936
-0.987854
-0.813410
-0.397748
0.047334
-0.772576
0.032136
0.580493
0.204810
0.593188
-0.685354
-0.618397
-0.603198
-0.704764
0.949950
0.736076
0.348796
-0.864376
0.174169
0.616871
-0.644215
0.355632
-0.803522
0.664113
0.514695
0.184484
0.964110
0.035127
-0.193457
0.381817
-0.382000
0.066683
0.888852
-0.895932
0.853755
-0.038362
-0.348796
-0.488998
0.050508
0.069918
-0.934324
-0.424421
0.773858
0.659536
-0.053743
0.890744
0.108127
-0.213660
0.928770
0.944395
0.293435
0.825312
0.592761
-0.458235
0.154881
-0.630299
0.564501
0.592456
0.485824
0.289468
0.730033
-0.752678
0.796197
0.013947
-0.702261
-0.303690
-0.178014
-0.847346
0.288980
0.247169
0.440657
0.506760
-0.377606
-0.211463
0.200537
-0.228065
-0.976989
-0.268899
-0.587146
-0.982543
0.386212
-0.093417
0.204688
0.438459
-0.073885
-0.721061
0.195959
-0.061251
-0.953795
0.303812
0.327860
0.984985
-0.531785
0.076266
0.494552
-0.288858
-0.966247
-0.739982
-0.632008
0.731376
0.041047
0.945982
0.183874
-0.250465
-0.366741
-0.438826
0.365520
-0.857173
-0.380902
-0.063204
0.029450
0.921140
0.867855
0.739921
0.666066
-0.565722
-0.468734
0.870418
-0.033174
0.610889
-0.980895
-0.053804
-0.188086
-0.362346
0.899289
-0.142064
0.068697
0.105564
0.665395
-0.751701
0.138585
-0.661916
0.132664
-0.080905
0.640004
0.966735
-0.799188
-0.151097
0.403790
-0.338908
0.300638
0.512803
-0.380047
0.815058
0.123386
-0.966735
-0.646657
-0.925596
-0.348369
0.272073
-0.196265
-0.794916
0.058016
0.614978
-0.635609
0.648061
0.342021
-0.924375
0.577807
-0.151036
-0.393292
-0.666250
0.699149
-0.398785
-0.490036
0.953551
-0.055147
0.785455
0.118076
0.415387
-0.841487
-0.874081
-0.419721
-0.391156
0.739677
0.594226
-0.162145
-0.288553
-0.448347
0.611927
0.797784
-0.320780
-0.664052
0.685842
0.097629
0.623280
-0.275979
-0.598376
-0.009369
0.929075
-0.726188
-0.088595
-0.304422
0.052950
-0.521714
-0.065157
0.633473
0.983215
-0.863460
0.478561
0.870235
-0.855525
-0.256447
-0.855525
0.431562
-0.563707
0.892148
0.798395
0.160375
0.447188
-0.655812
0.785211
-0.387371
-0.634571
-0.274331
-0.459090
-0.648915
-0.991028
0.477889
0.263588
-0.628162
0.868526
-0.631642
-0.139866
0.856746
0.643422
-0.026399
-0.121250
-0.485946
-0.532334
0.272805
0.346232
0.314249
0.271706
-0.015778
-0.601306
-0.431379
0.685171
-0.991089
0.061434
0.024995
-0.720634
0.212439
0.011139
0.287698
0.363018
0.720573
-0.329569
0.775750
-0.571825
0.748283
-0.531602
-0.259987
0.321085
0.174841
-0.167150
-0.342143
0.242042
0.848140
0.701956
0.712760
0.532640
0.263039
0.145116
-0.377300
0.458663
0.301187
0.241859
0.830134
0.670400
0.969298
0.390973
0.621265
-0.496139
0.130528
0.436750
-0.684805
0.576464
-0.392010
0.013092
-0.041963
-0.491623
0.596850
0.929319
0.710135
-0.154149
-0.438215
-0.448103
0.860958
0.264077
-0.792352
0.506943
-0.960936
-0.729118
-0.277261
0.194128
0.573046
0.314310
-0.197974
-0.793573
0.513352
0.108554
-0.232521
0.873470
0.682119
-0.808954
-0.672231
0.393841
-0.388165
-0.289041
-0.073885
0.282388
-0.868709
-0.041047
0.276894
0.876217
0.638295
0.689871
0.473006
0.251686
0.955992
-0.986450
-0.405011
0.179846
0.403668
-0.871456
0.329325
0.720267
-0.845637
0.690603
-0.596118
-0.262307
0.493088
0.522813
-0.181677
0.058321
-0.336650
0.270913
0.355388
0.780999
-0.260659
-0.534227
0.317850
-0.213050
0.498337
-0.815058
0.968444
-0.707633
-0.456221
-0.285684
-0.528916
-0.290323
-0.609790
-0.232032
0.310160
0.621937
0.900815
-0.539232
-0.270058
0.931455
0.243629
0.857112
-0.680593
-0.773675
-0.997803
0.303629
0.031587
-0.076876
0.453475
0.412152
-0.936522
-0.901181
-0.076144
0.180090
0.394330
0.188635
0.891842
-0.562853
0.395184
0.199683
-0.672353
0.155370
0.110385
-0.245399
-0.290689
0.618213
0.427778
-0.328043
0.202368
0.576769
0.324259
-0.426801
-0.181982
0.413434
-0.595508
-0.048860
-0.082003
-0.616810
0.923215
0.090670
0.969237
0.409589
