-0.873226
-0.009552
0.822443
0.921995
0.121067
-0.048372
0.935301
0.585620
0.241859
-0.634877
0.231544
0.072481
-0.744865
0.516465
-0.182470
0.128330
-0.662770
-0.305399
-0.951476
-0.322367
0.737724
-0.219764
-0.021149
-0.103061
0.172643
0.629872
0.684317
-0.746941
-0.362468
0.563280
0.226661
0.123508
-0.259926
-0.115818
0.437239
0.965514
-0.158544
0.677602
-0.023652
0.717154
0.200842
-0.556139
-0.797662
0.270486
0.864620
-0.158666
-0.879574
-0.319132
-0.751762
0.445051
0.044527
-0.177831
0.943785
-0.358684
0.406964
0.410199
-0.447676
-0.156285
-0.876278
-0.798700
-0.454146
0.556932
0.281655
-0.629017
-0.784051
0.652028
0.704520
-0.396832
0.036225
0.379925
0.968200
0.751213
0.199255
0.352458
-0.485397
0.587939
-0.742729
0.687674
0.001007
-0.352702
-0.297159
0.908322
0.840144
0.201941
0.138646
0.031892
-0.779962
-0.056429
0.366741
0.152318
-0.189673
-0.627674
-0.878475
-0.785577
-0.817255
-0.004059
-0.049715
0.964660
0.761467
-0.269936
0.082614
-0.834956
-0.883786
-0.938658
0.986755
-0.228248
-0.295633
0.066378
0.055330
0.848445
-0.116245
-0.375591
0.579638
0.547716
0.071871
0.188757
0.019623
-0.843135
-0.801447
-0.240883
0.515244
0.168004
0.609058
0.433515
0.038789
-0.231788
-0.769463
0.932676
0.243995
0.052950
0.707694
0.030427
-0.882504
0.171239
-0.354167
0.221534
0.441389
-0.897458
0.071993
-0.221717
0.756157
-0.369182
0.630543
0.855953
0.022980
-0.574633
-0.378033
0.184179
-0.110263
-0.210974
0.888730
-0.081210
-0.859127
-0.370586
-0.608509
0.497787
-0.579150
-0.747307
0.752556
0.257729
0.099826
0.556261
-0.774712
0.270486
-0.670034
-0.663259
0.664174
0.214026
-0.942320
0.801935
0.981628
0.249306
0.887082
0.766289
-0.413373
-0.660268
0.991150
-0.312967
0.280251
-0.085360
0.267006
-0.924558
-0.411237
0.879025
0.459273
-0.071200
0.127659
-0.385052
0.965453
0.873775
-0.607898
0.430036
0.370830
0.256935
-0.887997
0.922422
-0.689077
-0.126560
0.055757
0.609058
0.950987
-0.239051
-0.830134
0.860408
-0.759697
0.011811
0.641713
-0.966185
0.691824
-0.438704
-0.490280
0.004730
-0.838679
-0.669790
-0.135716
-0.768303
-0.274209
0.222022
-0.299478
0.011444
-0.978637
0.549059
0.991882
0.311319
-0.491134
0.922910
0.586901
-0.317728
-0.545701
-0.654775
-0.355388
0.833674
-0.764275
-0.070162
0.338481
-0.968505
-0.344340
0.860103
-0.807184
-0.440474
0.413923
0.432783
-0.647694
0.656056
-0.817499
0.821284
0.591968
-0.572680
-0.313822
0.532701
0.256508
0.668264
0.311686
0.421369
0.606800
0.461409
-0.437239
0.612354
0.738639
-0.416547
-0.119663
0.669485
-0.213904
0.800836
0.985778
-0.788812
-0.841975
-0.948485
-0.433699
-0.569872
-0.923521
0.924558
0.664174
-0.908383
0.163121
0.783685
-0.576159
0.402387
-0.040254
-0.094455
0.373821
-0.378521
0.715873
0.618641
-0.731315
0.389630
0.134312
0.854183
-0.671804
-0.371624
-0.381207
-0.668813
-0.772454
-0.142491
-0.235267
0.747368
-0.482406
0.692801
-0.780694
0.109348
0.367962
-0.893368
-0.056429
-0.486129
-0.617908
-0.732047
-0.793512
0.190039
0.202368
0.737419
-0.749382
0.316996
0.895260
0.063265
-0.852229
-0.805475
0.827143
0.882199
-0.455061
0.926939
0.371014
0.097629
0.265847
0.839412
-0.296793
-0.659169
0.665090
-0.487960
0.939390
0.546800
-0.362163
-0.383221
0.496078
0.958922
0.626087
0.744743
-0.207984
0.143468
-0.436384
0.066805
-0.060091
0.077120
-0.168920
0.600391
0.776543
0.455306
0.416669
0.715751
-0.592761
0.651234
0.072542
-0.700430
-0.521348
0.630909
-0.035615
0.733757
-0.977111
0.594592
0.790216
0.333232
-0.336100
0.652272
-0.238746
-0.709708
-0.936460
-0.208167
0.187658
-0.814936
-0.514084
-0.623585
0.725150
0.695364
0.305277
0.794000
0.633534
0.036103
-0.200415
0.118625
-0.544847
0.304483
0.884823
-0.447310
-0.352153
0.419172
0.515183
-0.610340
0.404889
-0.517930
-0.025422
0.986206
0.245827
-0.537889
0.423872
-0.972106
0.515793
-0.398602
-0.990173
-0.659841
-0.652699
-0.685598
-0.184301
-0.044343
0.319620
-0.210425
-0.733207
-0.699515
0.523728
-0.301553
0.694571
-0.323222
0.288125
-0.245949
-0.654836
-0.928953
0.999207
-0.062410
-0.342448
-0.960936
-0.696463
-0.922788
-0.051241
-0.155736
0.236061
0.442488
0.089022
-0.464522
0.202246
-0.154576
0.513291
0.789178
-0.165807
0.563463
0.146153
-0.315348
-0.565416
-0.680105
-0.910154
0.481552
-0.542100
0.235572
0.765618
0.992370
-0.664357
-0.634205
0.182958
-0.118076
-0.416242
0.681631
0.268288
-0.410382
0.205603
-0.530931
-0.087313
0.183691
0.148045
0.208228
-0.161229
0.301492
-0.802973
-0.414594
-0.464156
-0.320963
0.394452
0.108860
0.662954
0.147069
-0.034883
-0.302713
-0.929136
0.967467
-0.475265
-0.676138
0.860714
0.868648
0.773003
0.449507
0.296976
0.444380
-0.246986
-0.520737
0.163488
0.668508
-0.815058
-0.038179
0.352153
-0.268960
0.595080
0.999145
0.919492
-0.919858
0.068087
-0.056856
-0.322367
-0.700064
0.833308
-0.422834
-0.396466
0.173559
0.098178
-0.469955
0.016022
0.423078
-0.716361
-0.205420
-0.681326
0.583483
-0.541917
0.883175
-0.603687
-0.250526
-0.329203
-0.131077
-0.052889
-0.234291
0.913388
-0.965026
0.698721
0.079867
-0.723746
0.175817
0.232765
-0.038362
-0.974181
-0.010407
-0.648305
0.086398
0.491012
0.756951
0.268471
0.702383
0.613025
0.196203
0.470443
0.100681
0.738456
0.519517
-0.323466
-0.856685
-0.300089
-0.033113
0.505356
0.366863
0.861568
0.048372
0.419538
-0.379925
-0.346721
-0.044893
0.347942
-0.088900
-0.161290
0.618030
0.298135
0.360637
-0.027924
0.432600
0.362468
-0.960265
-0.907529
-0.583544
-0.541490
0.313883
0.898129
0.422773
0.383770
0.777520
-0.147069
0.908017
-0.568651
-0.925474
-0.157140
-0.041353
-0.983032
0.171728
0.265664
0.015412
0.515000
-0.287027
-0.762383
-0.034577
0.365459
-0.704215
0.230750
-0.720756
0.916807
-0.430525
0.685171
0.956481
0.131138
0.043306
0.431806
0.544237
0.456648
0.339702
-0.293191
-0.957579
-0.014496
0.043245
0.921506
0.298379
0.589648
0.196509
0.676626
0.498703
0.193091
-0.263955
-0.038667
0.044343
0.571764
0.863338
-0.810236
-0.204688
-0.912839
0.059969
0.840083
0.876766
-0.880978
-0.046419
0.842097
0.691885
-0.882015
-0.665334
-0.801691
-0.182043
-0.290994
0.836909
0.004730
-0.707877
-0.923338
-0.410749
-0.797052
-0.416669
-0.232521
0.330546
0.510605
-0.440413
0.973510
-0.198950
0.325236
-0.177404
0.516526
0.935911
0.794977
0.475265
0.519578
0.564684
0.004608
-0.783441
-0.975097
0.581042
-0.377361
0.658315
-0.262123
-0.931761
0.348247
-0.176916
-0.006073
-0.807917
0.953307
0.566881
0.667592
0.832636
-0.259377
0.943846
0.733512
-0.293313
-0.747917
0.496567
-0.723075
-0.725517
0.814631
0.706534
-0.243751
-0.331523
0.798090
0.653981
0.129063
0.941038
-0.476974
0.797723
0.630177
-0.846126
0.822016
0.724052
-0.059786
0.210669
-0.009064
0.602710
0.619434
0.012848
-0.712882
0.152135
-0.457808
0.185156
-0.793390
0.648793
0.766350
0.233070
-0.535264
-0.479965
-0.822748
-0.008332
-0.258156
-0.802484
0.194800
0.535691
-0.278420
0.253639
0.380413
-0.460555
-0.906552
-0.842952
0.300333
-0.230323
-0.622547
0.254433
-0.349834
-0.982238
-0.742119
-0.996277
-0.836238
0.226844
-0.258278
0.217627
-0.015900
0.251442
-0.884274
0.803217
0.327128
-0.373272
-0.617115
-0.363994
-0.325297
-0.126865
0.644642
-0.913144
0.364238
-0.327372
-0.827509
-0.604114
0.822932
0.748955
-0.819697
0.090243
0.364177
-0.197241
0.715201
0.766839
0.337016
-0.285318
0.607776
-0.681570
-0.128636
0.954955
-0.223243
-0.583605
0.064058
0.038850
-0.263710
-0.708975
-0.532884
0.844417
-0.916379
-0.510117
-0.610462
-0.831782
0.429914
-0.918271
-0.307962
-0.129368
-0.887875
0.064119
0.421247
-0.577013
-0.108432
-0.984191
0.661672
-0.893796
-0.550768
0.069613
0.715506
0.127049
-0.224769
0.935057
0.577136
-0.256203
0.018220
0.411542
-0.687857
-0.455672
-0.045625
-0.392254
0.414777
0.809259
0.369304
-0.193152
-0.763604
0.513230
-0.977477
0.153233
0.470565
0.904050
0.354717
-0.032258
0.020356
0.351054
0.355022
-0.749382
0.502060
0.176977
0.728446
-0.041169
0.032197
-0.170751
-0.679800
0.194311
0.909726
0.078463
0.843379
-0.950011
0.978881
0.128025
0.097018
0.350993
0.646168
0.920408
-0.456160
0.214637
0.893063
0.909909
-0.531724
0.211158
-0.990112
0.041963
0.656301
0.363323
-0.980773
0.574084
-0.320414
0.127354
0.580065
-0.035859
-0.195166
0.149327
-0.473128
-0.662343
0.663381
-0.514451
-0.332133
0.859432
0.603442
0.900754
0.880795
0.859066
-0.883175
0.394269
-0.465743
-0.322672
-0.653737
0.929868
0.152013
0.105014
-0.551195
0.930906
0.572985
-0.143590
-0.459456
0.057100
-0.210181
0.807001
-0.029878
-0.637074
0.490768
0.437056
-0.040132
0.897580
-0.937864
-0.568651
0.704947
0.299051
-0.732231
0.371441
0.691153
0.990783
-0.525315
-0.621754
0.623585
-0.846614
0.501450
-0.313517
0.485763
0.118198
0.218177
-0.709464
-0.327494
0.121311
0.012360
-0.274453
-0.463240
-0.901975
0.685049
-0.083529
0.792291
-0.684988
-0.114597
-0.857479
-0.867306
-0.769768
0.791620
0.329630
-0.199866
-0.149815
0.379070
0.241859
0.190588
0.404279
-0.909909
-0.153294
-0.395856
-0.790033
-0.687368
-0.510239
-0.079073
-0.259377
-0.220862
-0.683218
-0.555651
-0.665822
0.418439
-0.306925
-0.219459
0.990539
0.314127
-0.192724
0.666311
0.886166
-0.914914
-0.567797
0.803217
0.635426
0.294900
-0.798273
-0.959105
-0.264626
0.718619
0.027131
-0.130406
0.428632
0.704520
0.424787
-0.695364
0.664113
-0.371075
-0.848933
-0.888485
-0.601001
-0.144078
0.650807
-0.403790
-0.665578
-0.604724
-0.735405
0.707266
-0.980346
-0.028108
-0.824091
0.836665
-0.777459
-0.508225
-0.884091
-0.929685
0.339091
0.074435
-0.823054
0.395611
-0.181860
-0.385479
0.033601
-0.829829
0.012299
-0.843379
0.676138
0.733695
0.839412
-0.550218
-0.445967
-0.434309
0.097140
-0.770074
-0.238136
-0.143345
0.321207
-0.046785
-0.286599
-0.985717
0.742729
0.216468
-0.308878
0.623768
-0.510544
0.329325
-0.788995
-0.963744
0.355022
-0.563829
0.556200
-0.893674
0.101657
-0.894833
-0.813227
-0.594470
-0.042512
0.606738
0.924436
0.000519
0.200293
0.444441
-0.180212
-0.604785
0.784600
-0.801386
-0.914670
0.204443
0.517075
0.791803
0.320658
-0.427168
0.234535
-0.657704
0.814570
-0.638417
-0.759880
-0.684683
-0.483139
0.560228
-0.236976
-0.491867
-0.728690
0.485214
-0.819025
-0.318461
-0.559252
-0.898740
-0.416791
-0.203772
0.540208
-0.235511
0.947386
0.841670
0.514084
0.284890
0.432783
-0.024262
0.645680
-0.193152
0.445723
-0.000397
0.410566
-0.041169
-0.668325
0.813288
-0.549852
0.585314
0.242531
-0.670522
-0.135044
-0.277261
0.898923
0.961608
0.542405
0.474044
-0.338115
-0.436445
-0.405194
-0.793451
-0.027253
0.688528
-0.855953
-0.228919
0.062960
-0.258095
-0.372662
-0.925108
0.115268
0.433882
0.506333
0.728019
-0.348125
0.804498
-0.455855
-0.715018
0.672781
-0.409711
-0.572741
-0.301126
0.143956
0.917295
-0.687368
0.833125
-0.123447
0.468001
-0.630482
-0.595752
0.499374
-0.228431
0.146458
0.795892
-0.398053
-0.082492
-0.165563
-0.823969
-0.505783
-0.206030
-0.260781
-0.152928
0.543504
-0.683401
-0.489181
0.486557
0.436995
0.691885
0.634266
0.943480
0.582202
-0.946226
-0.638356
-0.677908
-0.704276
0.197913
-0.318949
0.490280
0.932554
0.029084
0.738639
-0.171911
0.425336
-0.325419
0.180273
-0.239113
-0.596850
0.332133
0.461043
0.068026
-0.134800
-0.586413
-0.807611
-0.949644
-0.259926
0.532456
0.735527
-0.444136
0.086825
0.799005
-0.398846
-0.079928
0.293924
0.720634
-0.329508
-0.788446
0.409040
0.559740
0.955443
0.128086
0.682608
-0.021821
0.520554
-0.654775
0.410688
-0.503891
-0.679678
0.790216
0.797601
0.654347
0.905148
-0.746208
-0.550523
-0.141087
0.377117
0.111606
-0.822687
-0.073214
0.039766
0.802850
-0.174047
0.553514
0.959655
-0.874813
0.173009
-0.569872
-0.095126
0.085604
-0.127720
-0.891476
0.601489
-0.821406
-0.328471
-0.988464
-0.474227
0.552416
-0.102817
-0.620594
-0.580004
0.031831
0.713858
0.260537
0.966918
0.199011
-0.714957
-0.132115
-0.953673
0.857540
0.343913
-0.672720
0.068026
-0.622181
0.859920
0.574511
0.656911
-0.476547
-0.383526
0.035920
-0.915708
-0.127537
0.493820
-0.927610
-0.046358
0.254128
-0.327494
0.856563
0.713431
0.565355
0.099094
0.349773
0.536058
-0.059420
0.228309
-0.549669
-0.423933
-0.091220
-0.906186
-0.216346
0.649953
-0.568468
-0.051607
-0.144993
-0.100925
0.695608
-0.551683
0.095614
-0.646290
0.486435
-0.478072
0.003510
0.123692
-0.649037
-0.765069
-0.340129
0.344829
-0.708487
-0.245216
-0.598498
-0.668874
0.020417
0.955748
-0.973571
0.762017
-0.664724
-0.181310
-0.045137
-0.617298
0.138707
0.514939
0.528306
-0.210730
0.512497
0.704703
-0.214393
-0.569262
0.991699
0.404035
-0.163610
-0.833857
-0.004425
-0.026032
-0.861812
0.705679
0.005524
-0.607044
0.784906
0.170141
-0.851924
0.186804
-0.201086
-0.494858
0.555651
0.956908
0.683828
-0.314859
-0.321879
0.545763
-0.756523
-0.012177
0.677114
0.081393
-0.227271
0.317057
0.823176
0.779229
-0.102756
0.502426
-0.893490
-0.747734
-0.037996
0.718863
0.927305
0.124912
0.979675
-0.940489
-0.793329
-0.089999
0.545701
-0.081454
-0.665578
0.387677
0.167943
0.423139
-0.911069
-0.348064
-0.292276
0.456893
0.794549
-0.981079
-0.811090
0.302164
-0.733757
-0.598682
-0.871090
-0.992187
-0.632069
-0.556139
0.023530
-0.582812
-0.990295
-0.188818
-0.389080
-0.532579
0.251808
0.415815
-0.247536
0.752007
-0.286599
-0.252419
0.119785
0.195776
-0.465987
0.340068
-0.475631
-0.956420
-0.625538
-0.607532
-0.335368
0.076205
0.316752
0.164953
-0.199438
-0.330790
0.831782
-0.218116
0.665273
-0.353679
-0.732231
0.756096
-0.207373
0.096652
0.600330
-0.843623
-0.449263
-0.730094
-0.293252
0.841365
-0.557665
-0.827631
0.454878
-0.755547
0.808405
-0.879818
-0.811518
-0.286721
0.504257
-0.549181
-0.579638
-0.058565
0.666128
-0.431867
-0.833796
0.756279
-0.617847
0.120640
0.426252
0.244484
0.426618
0.490341
0.638417
0.788018
0.998291
-0.610096
0.181921
0.276162
0.671682
0.905698
-0.257546
0.114536
-0.333598
-0.609485
0.021149
0.404645
-0.178014
-0.646474
0.946837
0.136753
-0.291360
-0.478072
0.554552
-0.745903
-0.572436
0.057894
-0.431501
-0.917539
0.554735
-0.355205
-0.108127
0.329081
-0.747612
0.740043
0.657460
-0.111850
0.195959
-0.256081
0.290811
0.848506
0.597156
-0.588488
-0.640309
-0.250954
-0.930235
0.416852
0.882260
0.603870
-0.048677
-0.751701
0.445296
-0.533616
-0.179846
0.126072
-0.446516
0.331828
0.068880
0.035005
-0.010895
0.397565
-0.785333
0.048311
-0.675588
-0.203894
0.149571
-0.271706
0.356731
-0.809931
-0.146886
-0.874264
-0.039460
0.132664
0.151158
-0.661000
-0.639698
0.819941
0.097995
0.817377
-0.072359
-0.723930
-0.279153
0.443587
-0.430097
-0.324320
0.114780
-0.222266
0.261452
-0.422712
-0.813593
-0.484481
-0.221961
-0.152501
-0.565050
0.772454
0.825983
-0.734550
-0.581103
0.082003
-0.875240
-0.771233
-0.713065
-0.715873
0.352641
-0.433576
-0.744804
-0.292398
0.724113
-0.168615
0.241005
-0.628346
-0.183569
-0.091037
0.124485
-0.934996
0.277322
0.248207
-0.200354
-0.467574
-0.406598
0.186865
0.676809
0.571886
0.645497
0.177709
0.746635
-0.213172
-0.083102
0.796808
0.974914
0.374371
-0.162389
0.080050
0.418134
0.451643
0.525925
0.013031
-0.529954
0.054659
0.133702
-0.874508
-0.265236
0.406781
0.586535
-0.045137
0.585070
-0.586413
-0.971923
-0.250404
0.741997
0.137059
-0.226966
-0.986206
0.031526
-0.877987
0.267312
-0.788995
0.448408
0.928098
-0.016877
0.515854
-0.344218
0.302347
-0.317240
-0.832392
0.086154
-0.567980
-0.682546
-0.372234
0.431257
-0.903012
0.970641
0.151402
-0.448897
0.139378
0.555712
0.111606
0.807733
-0.406842
0.846065
-0.674184
0.824824
-0.533067
-0.265114
-0.045991
0.999451
-0.646474
-0.219764
-0.139317
-0.554308
0.612659
0.626331
-0.842219
-0.096896
-0.097629
0.398236
-0.291055
-0.240028
-0.445235
-0.012299
-0.086581
-0.362407
0.432173
0.873714
0.527573
-0.237526
-0.791559
0.018097
-0.410382
-0.348247
-0.437971
-0.757866
-0.257118
0.410138
-0.971618
-0.702017
-0.098910
0.331156
-0.577624
-0.491379
-0.205542
0.724784
-0.972839
-0.454573
-0.403912
-0.224952
0.248085
0.465682
0.979797
-0.144871
-0.487838
0.335307
-0.835994
0.239357
0.193884
-0.058138
-0.663686
0.984741
-0.143406
-0.544176
0.322916
-0.390973
0.950804
0.106784
0.687857
0.209143
0.564684
-0.854732
-0.613941
0.026215
0.182043
0.227577
0.904111
-0.583422
-0.648000
0.356609
0.186987
-0.494003
0.494797
0.123569
-0.674184
0.527085
-0.868892
-0.100620
-0.432173
0.903806
0.282022
0.306497
0.314554
0.949034
-0.400983
-0.335978
0.243263
-0.157628
-0.202429
0.141636
0.013276
-0.739982
0.803339
0.643483
-0.093356
-0.823420
0.838557
-0.813898
-0.731864
-0.944578
0.714774
-0.242225
0.093661
0.310282
-0.548875
-0.743950
-0.586535
0.890011
0.805292
-0.961425
0.029878
0.551073
0.463179
0.105869
-0.367534
-0.985412
-0.336100
-0.153722
-0.605579
-0.991699
0.659780
-0.533677
0.314188
-0.052217
0.500412
-0.123692
0.988708
-0.842647
-0.945555
0.547899
-0.769646
-0.063265
0.520066
-0.105441
-0.968383
-0.998962
-0.316202
0.401410
0.969359
0.577868
-0.637806
-0.477279
0.860775
0.922178
-0.365337
-0.684133
0.423078
0.928892
0.875301
-0.537217
0.379070
-0.650868
0.857051
0.216529
-0.212806
-0.903378
0.660573
0.464400
-0.492111
0.117588
0.825373
0.920408
0.304788
-0.855647
0.070162
0.422407
-0.573778
-0.373760
-0.665944
0.727897
0.408246
-0.412702
-0.223060
0.310770
-0.876095
0.809687
0.656972
-0.375042
0.801202
-0.374187
-0.326334
-0.146031
-0.343852
-0.879940
-0.543504
0.849422
-0.953490
0.867367
-0.149083
-0.238685
0.533982
-0.238746
-0.248573
-0.069613
0.621632
0.117649
0.617725
0.550890
0.102695
-0.614307
-0.363384
0.004303
0.719840
0.925413
0.987487
-0.180212
-0.109836
0.468795
-0.687735
-0.035798
-0.675527
0.964415
0.171728
0.456648
-0.083102
0.122349
0.038362
-0.142735
-0.789178
0.689199
0.213050
0.264321
0.864376
-0.145482
0.018281
-0.626331
-0.898740
-0.536058
0.971129
-0.882015
0.402326
0.028047
-0.397931
0.409101
-0.051912
0.910398
0.631825
0.106784
-0.676382
-0.556078
0.525620
0.261757
-0.801874
0.357402
0.592822
-0.141575
-0.185583
-0.951659
-0.041658
-0.881893
-0.765252
0.657826
0.198096
0.749138
0.961913
-0.083468
-0.768914
-0.631520
0.169897
-0.767998
-0.672170
0.491928
-0.380657
0.106967
0.786248
-0.032136
0.154027
0.393170
0.000763
0.167638
-0.874508
-0.886166
0.005829
0.313761
-0.810419
-0.410016
-0.063936
-0.098605
0.515488
0.424421
-0.099277
0.377728
0.375164
0.981201
-0.354228
-0.486801
-0.491989
-0.100070
0.069918
0.607288
-0.558947
-0.131138
0.228736
-0.828242
-0.836543
0.566881
0.482467
0.494736
0.522019
-0.023041
-0.973083
0.973937
-0.693716
-0.865108
-0.507492
-0.457503
0.933409
0.989624
-0.191504
0.177648
0.730277
-0.256874
0.406537
-0.084078
0.984375
0.450423
0.908872
0.338847
-0.988281
0.636708
0.443159
-0.756157
-0.545824
-0.226783
-0.863643
0.113926
0.932920
0.720695
-0.306070
-0.833674
0.967162
-0.962951
-0.444136
0.657033
-0.270363
-0.696463
-0.097507
-0.682180
-0.722526
-0.099826
-0.822260
-0.943968
0.783746
0.726737
0.651967
-0.025788
0.812860
-0.823786
-0.820124
-0.804315
-0.220130
-0.968627
0.170202
-0.522996
0.078768
-0.700064
-0.992370
0.181372
-0.927061
0.869259
-0.730461
-0.292764
0.601306
0.840327
-0.364299
0.456526
0.935484
-0.660451
0.444319
0.534959
-0.077425
0.549608
0.379681
0.941771
0.312540
0.282876
-0.940977
-0.475753
0.618213
-0.481918
0.830317
0.239418
-0.973998
0.818964
0.377117
-0.721305
-0.551622
-0.607776
-0.900388
0.003510
-0.153539
0.421430
0.308939
-0.367229
0.610828
0.954588
-0.609302
-0.990234
-0.221961
-0.326395
0.534959
0.845943
-0.954344
0.067354
0.928220
-0.963439
-0.860591
0.146764
0.285684
0.411542
-0.856075
-0.906186
0.715934
0.618946
-0.708731
-0.202063
-0.393414
0.856136
0.065828
-0.946654
0.783685
0.057222
-0.428449
0.529893
0.243263
0.802545
0.089633
0.469222
-0.952208
-0.354106
0.595691
0.635792
0.633839
0.755181
-0.266457
-0.475448
-0.275796
0.656545
0.546556
0.013886
0.183996
0.634144
0.626148
0.729484
0.531907
-0.805536
0.925291
-0.516831
0.240699
0.556444
0.862117
0.981079
0.515183
0.027924
0.069369
0.551561
0.031953
0.120884
0.001617
-0.554796
-0.362041
0.774224
0.969787
0.292764
0.925840
0.838923
0.613514
-0.851009
-0.285195
-0.498398
-0.264443
0.605274
0.660634
-0.516221
0.784051
0.165990
-0.032075
0.852535
-0.170324
-0.790338
0.537706
0.346782
-0.970153
-0.703055
0.317606
0.023957
0.185217
-0.302530
0.782586
-0.861263
-0.783929
-0.343608
0.228980
0.319987
-0.784722
-0.479720
-0.658193
0.718131
0.168432
0.722098
-0.509445
0.446333
-0.261513
-0.579821
0.703299
-0.790704
0.741935
0.847957
0.430647
0.041719
-0.294656
0.940794
0.044588
-0.943541
0.804926
0.080966
-0.057772
0.964721
0.458357
0.933958
0.002411
0.213843
0.248573
-0.257973
-0.486251
0.438093
0.757561
0.642201
0.824885
0.206641
-0.143895
0.711722
-0.771477
0.721732
0.143345
0.756279
-0.241127
0.554125
0.299661
-0.311075
-0.341777
0.878780
-0.302347
0.661306
-0.281716
0.268777
-0.024567
-0.408612
-0.886349
0.938231
0.005951
0.280374
0.327860
-0.073702
0.238197
0.151952
0.591662
0.077181
-0.019562
0.118564
-0.923704
-0.447676
-0.927427
-0.648732
-0.464522
-0.451033
0.761467
0.546312
-0.375652
0.958251
-0.858943
-0.078829
0.288919
-0.504440
-0.571459
0.761162
-0.060823
-0.781121
0.264138
0.791192
0.822504
0.551195
0.081698
-0.588610
0.018769
-0.381451
-0.000763
-0.076998
-0.163915
-0.781060
0.501755
-0.028535
-0.720145
0.651051
0.205054
0.667837
0.162511
0.079501
0.102512
-0.897092
0.487228
-0.577624
-0.306253
0.034028
0.330180
-0.075533
0.500473
-0.140782
-0.282144
-0.911069
0.760369
-0.998352
-0.046480
-0.761284
0.790582
-0.319742
0.241432
0.450362
0.393780
-0.950560
-0.900082
0.953490
0.275979
-0.276833
0.902402
-0.509690
-0.981567
0.191687
-0.911618
-0.931700
0.977660
0.115329
-0.256081
-0.867428
-0.274270
-0.796869
0.028169
-0.060762
-0.062105
0.377789
-0.291055
-0.085116
0.657765
0.828547
-0.196265
-0.398114
0.190832
-0.954283
0.715384
0.487289
0.565355
-0.482406
0.911740
0.609241
-0.687490
0.641041
-0.820368
-0.182043
-0.419477
-0.958678
0.455611
0.714835
0.280007
0.917783
0.216346
-0.643666
-0.247536
0.696524
-0.727775
-0.344829
0.823664
0.214270
-0.441694
0.882565
0.300638
0.880734
0.367229
0.992370
0.687063
-0.608264
-0.357646
0.277871
-0.331645
0.359783
-0.574755
0.889157
-0.172460
-0.930479
0.478744
0.247108
-0.512436
-0.242225
0.020234
0.834162
-0.455672
0.278603
0.486984
-0.723930
-0.569628
0.142857
0.762505
0.506394
-0.144627
-0.930052
0.155492
0.405683
0.721671
-0.707999
-0.348491
-0.529160
0.553941
0.863216
0.149388
-0.859554
-0.575610
0.562792
0.663686
0.697623
0.261391
-0.210913
-0.810419
0.217444
0.935911
0.325968
-0.512741
0.809259
-0.649953
0.595202
0.806879
-0.198706
0.541795
-0.252541
-0.514695
0.471541
-0.177587
0.519517
-0.120212
0.905637
-0.916318
0.314127
-0.953429
-0.432783
-0.921323
0.063021
0.774407
-0.351665
-0.662465
0.230262
-0.048799
-0.157750
0.169836
0.857723
-0.021943
-0.288186
0.854305
0.298624
0.945494
0.573290
0.710379
0.888730
0.056856
-0.944639
0.370830
-0.393353
0.200659
0.422529
-0.803156
-0.626576
0.066195
-0.925291
0.960021
-0.805231
0.653859
0.944456
0.194983
0.900510
-0.630543
0.182592
0.698904
0.971618
-0.887570
-0.415387
0.938231
0.053987
-0.154149
-0.772454
-0.765007
0.394147
0.314432
-0.408612
-0.418867
0.802484
0.298318
0.048494
0.336161
-0.793573
-0.202002
0.345256
0.752068
0.657155
0.096286
-0.807855
-0.166723
-0.163305
0.283303
-0.731559
-0.557970
0.733390
0.799493
0.874264
0.915464
0.686209
0.315470
-0.670705
-0.051057
-0.752983
-0.764946
-0.717887
0.314676
0.996155
-0.166478
0.951476
0.103427
-0.108127
0.487899
0.208045
0.522446
-0.934568
0.815851
-0.845454
0.754021
0.844722
0.206153
0.428083
0.905698
0.840754
0.485397
-0.212928
0.271523
0.741813
-0.924741
-0.760979
0.509140
0.920713
-0.540391
0.736503
-0.354167
-0.093295
0.592578
0.261818
0.980895
0.762139
-0.161718
0.719901
-0.236976
0.181310
-0.450240
0.929746
0.731437
0.856746
-0.435041
-0.627979
-0.366008
-0.320353
0.416364
-0.538316
0.263710
-0.985107
0.362041
-0.653005
-0.991516
-0.447066
0.078585
0.436628
0.009491
-0.149266
-0.464156
0.770379
-0.089877
-0.868221
0.964843
0.786065
-0.732719
0.822138
-0.819636
0.395917
0.832514
0.131504
0.818659
0.315958
0.841914
-0.338237
0.427351
0.690847
-0.390790
-0.667592
-0.702811
0.941160
0.364727
-0.443831
0.985534
0.687979
-0.121311
0.376629
-0.690237
0.977783
0.667653
-0.225684
0.309061
0.554064
-0.671682
-0.830195
-0.204627
0.342448
-0.382855
-0.908444
-0.839717
0.151524
-0.322123
-0.424116
0.436445
-0.152806
0.683279
-0.639332
0.562548
-0.118625
0.951170
0.491562
0.404279
0.750603
0.744926
0.019074
0.733940
-0.080111
0.054048
-0.392193
0.641957
-0.891903
0.703787
-0.998657
-0.920835
-0.524949
-0.932371
0.017975
-0.508042
-0.297586
0.148961
0.204627
0.820368
-0.538011
-0.865535
0.667653
-0.211158
0.331095
-0.602893
0.317301
-0.574694
-0.284158
0.328043
0.900571
0.155370
-0.273049
-0.897763
-0.126438
-0.987671
0.138218
-0.970336
-0.047456
-0.017487
0.608631
0.596484
-0.943419
-0.523850
-0.058443
0.474654
-0.421491
0.397809
-0.840876
0.397076
0.270119
-0.568163
-0.386029
-0.621570
-0.541978
0.116672
-0.187292
-0.026765
-0.783624
-0.560717
-0.204932
0.389386
-0.198035
-0.787408
-0.470992
0.102329
-0.003876
-0.235511
0.271035
0.133030
0.417768
0.159276
0.044649
-0.033662
-0.947508
0.451460
0.617176
-0.490585
0.317118
0.801141
0.659230
-0.688406
0.432844
0.759697
0.191748
-0.271950
-0.718863
0.436811
-0.465743
-0.083895
0.339763
0.685842
0.864437
0.676870
0.486740
-0.899838
-0.288491
0.462569
0.444624
-0.197119
-0.844234
0.561083
0.658620
-0.608692
0.053865
-0.456893
-0.463668
-0.527635
-0.029206
-0.596362
-0.434675
0.352214
-0.611988
-0.678823
0.634510
0.570666
0.772393
-0.383709
0.513230
0.202124
0.774651
-0.801386
-0.282998
0.920957
-0.931639
0.768365
0.431562
0.104953
-0.739372
0.702994
0.639088
0.857051
-0.994140
-0.104221
0.524888
-0.014924
-0.666311
-0.260964
0.149632
-0.970397
-0.438765
-0.356548
-0.854183
0.298013
-0.032502
-0.803949
0.956420
-0.968322
0.508652
0.140965
-0.566515
-0.621509
0.531175
-0.497238
0.807489
-0.769280
0.749077
0.840571
0.620899
-0.360393
-0.351115
0.313395
-0.692129
0.704276
-0.661061
0.829585
-0.589831
0.245338
0.682180
0.645741
-0.764946
-0.282388
0.020051
0.746696
0.038179
0.784906
0.514389
-0.824458
-0.080966
-0.361797
0.232521
-0.371136
-0.753044
0.505173
0.490951
0.810907
0.765313
-0.731071
0.743828
0.097324
0.660085
-0.794061
-0.101108
0.392865
0.321207
-0.809381
-0.314493
0.481735
-0.250954
-0.931822
-0.890683
-0.467086
0.552965
-0.588549
-0.756462
0.431623
-0.333476
-0.910703
0.750969
0.369854
0.382611
0.398663
0.755852
0.293069
0.387188
0.282327
0.387677
-0.952452
0.195044
0.436079
0.710318
-0.838618
-0.385113
0.906735
0.121128
0.449995
-0.522568
-0.176366
-0.912778
-0.971129
0.265236
-0.838984
-0.328898
-0.480880
0.752007
-0.917905
0.390301
0.156346
-0.048311
-0.623768
-0.611255
0.199072
-0.647877
0.477340
-0.566820
0.265297
-0.715629
0.178686
0.209815
-0.925962
0.576525
-0.087130
-0.008637
0.345805
-0.323893
-0.271157
-0.885861
-0.247902
0.462752
-0.652577
-0.236793
0.781915
-0.473312
0.898801
-0.683279
0.204688
-0.995239
-0.216102
0.602344
-0.187292
-0.922666
0.503891
0.243812
0.593738
-0.408063
-0.699576
-0.749077
-0.119968
0.720328
0.564806
0.561083
0.187170
0.088595
0.238624
0.960936
-0.987854
-0.813410
0.160680
0.047334
0.793390
0.032136
0.111667
-0.899411
0.593188
-0.685354
-0.618397
-0.603198
-0.704764
0.949950
0.900571
0.348796
-0.447432
0.174169
0.616871
-0.146641
0.355632
-0.803522
0.135533
0.514695
0.401837
0.964110
0.035127
-0.193457
0.851863
-0.382000
0.914243
0.888852
0.187597
0.940733
-0.249489
-0.348796
-0.488998
0.050508
0.069918
-0.934324
-0.424421
0.773858
0.835505
-0.053743
0.890744
0.834468
-0.293435
-0.906980
0.944395
0.782281
0.825312
0.592761
-0.458235
0.154881
-0.630299
0.628834
-0.411054
0.485824
-0.516221
0.730033
-0.752678
0.796197
-0.140233
-0.702261
-0.303690
-0.178014
-0.125401
0.288980
0.852779
0.440657
0.506760
-0.067598
-0.211463
0.298807
-0.228065
-0.670766
-0.268899
-0.587146
-0.982543
0.386212
-0.093417
0.204688
0.438459
-0.073885
-0.457747
-0.932859
-0.061251
-0.953795
0.303812
0.327860
0.984985
-0.531785
0.076266
0.610218
0.248695
-0.390851
-0.739982
-0.632008
0.731376
-0.770074
0.945982
0.183874
-0.141270
0.533860
0.344401
0.365520
-0.857173
-0.813410
-0.063204
0.977783
0.921140
0.867855
0.161473
0.666066
-0.844050
-0.468734
0.870418
0.916013
0.610889
-0.980895
-0.053804
0.238807
-0.362346
-0.189978
0.197119
0.068697
-0.437971
0.665395
-0.912046
0.138585
-0.661916
0.132664
-0.068209
0.640004
0.966735
-0.799188
-0.151097
0.403790
-0.338908
0.300638
0.512803
-0.564379
-0.103000
0.123386
-0.966735
-0.646657
-0.554857
-0.639698
0.959960
0.524522
-0.794916
0.058016
0.614978
-0.707633
0.648061
0.127476
-0.924375
-0.942991
-0.151036
-0.393292
-0.666250
0.699149
-0.893307
-0.204138
0.953551
-0.055147
-0.778314
0.118076
0.415387
-0.841487
-0.971374
-0.419721
-0.391156
-0.505905
0.594226
-0.752251
-0.288553
-0.448347
0.224647
-0.355937
0.486129
-0.664052
0.685842
0.097629
0.623280
-0.275979
-0.920286
-0.009369
0.393231
-0.726188
-0.088595
-0.304422
0.052950
-0.521714
0.132603
0.995300
0.983215
0.226112
0.478561
0.870235
0.639454
0.258644
-0.855525
0.431562
-0.563707
0.405499
0.140233
0.160375
-0.769463
-0.655812
0.785211
-0.387371
-0.634571
-0.274331
-0.055574
0.614429
-0.991028
0.477889
0.263588
-0.121982
-0.448775
-0.631642
-0.139866
0.731315
0.643422
-0.026399
-0.121250
-0.144993
0.578784
0.272805
-0.936522
0.314249
0.271706
-0.015778
-0.453780
-0.431379
0.685171
0.884091
0.061434
0.024995
-0.197302
0.646718
0.011139
0.287698
0.363018
-0.877499
-0.550707
0.534227
-0.571825
-0.615101
-0.531602
-0.259987
-0.904599
0.174841
-0.167150
-0.342143
0.242042
0.848140
0.701956
0.712760
0.532640
0.337443
0.145116
0.387738
-0.782220
0.295633
-0.631703
0.830134
-0.424177
0.969298
-0.536851
0.621265
0.530747
0.130528
0.436750
-0.614063
0.576464
-0.028779
0.013092
-0.041963
-0.491623
-0.372417
-0.293619
0.710135
-0.154149
-0.438215
-0.737785
0.488693
0.284280
-0.792352
-0.071505
-0.960936
-0.729118
-0.277261
0.194128
0.573046
0.314310
-0.197974
-0.793573
0.513352
0.108554
-0.232521
0.666555
0.682119
-0.808954
-0.672231
-0.915769
-0.388165
-0.289041
-0.073885
0.022370
-0.868709
-0.041047
0.276894
0.876217
0.638295
0.689871
0.473006
0.251686
0.955992
-0.986450
-0.405011
-0.598743
-0.560778
-0.871456
0.329325
0.720267
-0.845637
0.690603
-0.596118
-0.262307
0.493088
0.522813
-0.181677
0.636525
-0.336650
-0.163732
0.186071
0.780999
-0.260659
-0.534227
0.317850
-0.213050
0.918394
-0.815058
0.968444
-0.707633
-0.456221
-0.285684
-0.528916
-0.290323
-0.609790
-0.232032
0.310160
0.621937
0.900815
-0.785699
-0.270058
0.931455
-0.094089
0.857112
-0.680593
-0.773675
-0.997803
0.303629
0.031587
-0.859981
0.453475
0.412152
-0.936522
-0.901181
-0.372662
0.180090
-0.564135
-0.247841
0.958739
-0.562853
0.395184
0.199683
-0.672353
0.265419
0.110385
-0.245399
-0.290689
0.633961
0.427778
-0.328043
0.668630
0.576769
0.324259
0.427961
-0.181982
-0.598071
-0.595508
0.043672
-0.082797
0.459395
0.923215
0.090670
-0.262490
-0.662648
