-0.636708
-0.009552
0.822443
0.921995
0.831660
-0.364360
0.935301
0.461226
0.316385
-0.634877
0.219275
0.182226
0.576098
0.854915
0.208594
0.128330
-0.662770
-0.305399
-0.951476
-0.322367
0.069002
0.664663
0.389508
-0.651051
-0.693045
0.143956
-0.880490
0.148961
-0.362468
-0.131748
0.356304
0.123508
-0.259926
-0.555040
-0.355449
0.965514
-0.385662
0.677602
-0.096164
0.970763
-0.596606
0.323099
0.446150
0.270486
0.864620
-0.289163
-0.103305
0.802179
-0.751762
-0.410199
0.845149
-0.177831
0.943785
-0.358684
0.406964
-0.626637
-0.447676
-0.156285
-0.355022
-0.798700
-0.454146
0.195288
0.281655
-0.629017
-0.784051
0.652028
-0.996460
-0.396832
0.876339
0.379925
0.813349
0.751213
0.993225
0.352458
-0.485397
0.587939
-0.780267
0.687674
0.261208
-0.352702
-0.297159
-0.587268
0.825495
0.726615
-0.472152
0.871517
-0.779962
-0.148412
-0.909421
0.152318
-0.438887
-0.627674
-0.878475
-0.075961
-0.817255
0.691641
-0.287088
0.964660
0.761467
0.007294
0.082614
-0.834956
-0.883786
-0.938658
0.986755
-0.228248
-0.933531
0.066378
-0.246010
-0.357158
-0.081820
0.612781
-0.249611
-0.347636
0.071871
0.672353
0.019623
-0.941588
0.902707
-0.824091
0.515244
0.808954
0.150426
0.433515
-0.070833
0.661672
-0.769463
-0.432173
0.801691
-0.207678
-0.682791
0.823054
-0.651234
0.734733
-0.893490
0.475936
0.134495
0.039827
0.071993
-0.125462
0.633778
0.517685
-0.653432
0.855953
-0.074679
0.341899
-0.253883
0.184179
-0.110263
-0.210974
0.888730
-0.081210
-0.859127
0.351970
0.885922
0.497787
-0.579150
-0.747307
-0.030000
0.257729
0.690298
0.556261
0.336589
-0.742546
-0.670034
-0.663259
0.905271
0.458419
-0.948790
0.801935
0.981628
0.275430
0.887082
0.766289
-0.549852
-0.901547
0.991150
-0.449019
-0.568529
0.214881
0.640614
-0.924558
0.441328
-0.921445
0.459273
-0.071200
-0.458480
-0.385052
-0.814020
0.873775
-0.607898
0.020234
0.370830
0.099521
-0.636525
0.516526
-0.818171
-0.126560
0.583605
0.609058
-0.972045
-0.258278
-0.164525
0.532517
-0.759697
-0.893307
-0.011505
-0.966185
0.691824
-0.438704
-0.490280
0.004730
-0.838679
0.641774
-0.135716
-0.768303
-0.274209
0.715384
-0.299478
-0.930906
-0.347453
0.619861
-0.204138
0.311319
0.710807
0.922910
-0.440901
0.618213
0.560533
0.195105
0.757500
0.833674
0.727897
-0.070162
-0.840999
-0.722343
-0.344340
0.118809
-0.807184
0.845637
0.755364
0.432783
-0.630238
0.076022
0.324259
-0.060762
0.253395
-0.771661
-0.751213
-0.571398
0.256508
-0.323588
0.311686
0.421369
0.075716
0.644337
-0.258278
0.612354
0.738639
-0.333781
-0.052705
0.080294
-0.213904
0.800836
0.691092
-0.265358
-0.127781
0.548692
0.698172
-0.006134
0.095798
0.121616
0.130039
-0.250343
-0.841182
-0.390118
0.024751
-0.116245
-0.040254
-0.094455
-0.646046
-0.378521
-0.203162
0.892514
0.335551
-0.636402
-0.141148
-0.559557
-0.204688
0.643483
0.710929
-0.668813
-0.772454
-0.409650
-0.235267
0.599780
0.079989
0.692801
-0.364727
0.109348
-0.800836
-0.878353
0.090121
-0.407758
-0.617908
-0.732047
-0.860042
-0.095676
0.061678
-0.839534
-0.577013
-0.630665
0.895260
0.227882
-0.852229
0.441694
0.507431
0.422712
-0.455061
-0.251625
0.817316
0.491745
0.949583
0.839412
-0.718863
-0.659169
0.665090
0.508713
0.510422
0.546800
-0.406964
0.944334
-0.886654
0.783380
0.585742
-0.629994
0.017853
0.143468
-0.436384
0.066805
-0.600635
-0.683279
0.865596
-0.342570
0.776543
0.578478
0.416669
-0.706900
-0.592761
0.225135
0.072542
-0.327372
-0.045259
0.608509
-0.035615
-0.589587
-0.977111
0.502060
0.790216
-0.637379
-0.336100
0.652272
0.737175
-0.633473
0.449995
-0.068331
-0.233741
0.659658
0.364605
0.132359
0.201025
-0.293741
0.972472
-0.029023
-0.983947
0.591479
0.720878
0.118625
-0.593188
0.304483
-0.664968
0.217322
-0.352153
0.420331
0.810846
-0.610340
0.019562
0.192358
0.618641
0.668691
-0.812983
-0.537889
0.152074
-0.695486
0.589770
-0.398602
-0.990173
-0.833613
0.016694
-0.685598
-0.544725
-0.789727
0.319620
0.581286
-0.826533
0.599841
-0.271828
-0.301553
0.694571
-0.323222
0.356914
-0.245949
0.703848
-0.780084
0.973937
-0.062410
-0.342448
-0.960936
-0.228248
-0.922788
-0.871212
-0.155736
0.978393
-0.520188
0.089022
0.537889
0.032563
-0.154576
0.513291
0.789178
-0.165807
0.990295
-0.250587
-0.315348
0.032258
-0.680105
-0.775262
0.050874
0.511887
0.235572
-0.924497
0.992370
0.816523
0.093112
0.182958
-0.118076
0.975768
-0.781060
0.268288
-0.863582
-0.373577
-0.530931
-0.801202
0.183691
-0.158788
0.013031
-0.161229
0.799432
0.204382
0.132908
0.095981
-0.320963
0.195227
0.960997
0.662954
0.147069
0.471114
-0.145482
-0.897214
0.967467
-0.037446
-0.676138
0.860714
0.285257
0.233131
-0.582568
0.296976
0.106845
-0.246986
0.245705
0.821284
0.852168
0.515122
0.117893
-0.296609
-0.268960
-0.888974
0.072665
0.919492
0.123997
0.706717
-0.056856
0.679800
0.916013
0.833308
-0.926145
0.416791
0.173559
0.438643
-0.469955
0.938536
0.652333
0.096652
0.438215
-0.206824
-0.344768
-0.541917
0.883175
-0.603687
-0.250526
-0.860652
0.171484
-0.029878
-0.161046
0.913388
0.923338
-0.075289
0.079867
-0.681265
0.175817
0.359294
-0.038362
-0.151158
0.195349
-0.283731
0.831904
-0.627369
0.756951
0.000702
0.200049
0.613025
-0.952513
-0.450789
-0.970153
0.738456
0.384564
-0.987243
-0.631642
-0.133946
-0.503891
0.897824
-0.450545
-0.161168
0.048372
0.653127
0.071627
-0.346721
-0.044893
0.347942
-0.088900
0.224219
-0.857112
0.298135
0.360637
-0.082247
0.129551
0.362468
-0.487045
0.660512
0.908872
-0.541490
-0.195532
0.898129
-0.721854
-0.233314
-0.887326
-0.723014
0.253456
-0.568651
0.199866
0.439253
-0.881405
-0.666189
0.556200
0.265664
0.979553
0.247230
-0.792535
-0.733757
-0.742302
-0.822748
-0.704215
0.473739
-0.720756
-0.542711
-0.430525
0.685171
0.016755
-0.727103
0.043306
-0.869686
0.316996
0.456648
0.339702
-0.703604
-0.863765
-0.014496
0.043245
-0.742973
0.298379
0.982177
0.196509
0.813044
-0.513840
-0.763848
0.501999
-0.997864
0.044343
0.355022
0.863338
-0.810236
-0.204688
-0.912839
-0.629505
-0.624866
-0.610218
-0.880978
0.346965
0.196326
0.691885
-0.132420
-0.465194
-0.801691
0.253456
-0.290994
0.402264
-0.806940
-0.161229
-0.923338
-0.410749
-0.201636
0.704337
-0.232521
0.330546
-0.420759
-0.440413
0.973510
-0.198950
-0.068270
-0.177404
0.516526
-0.016755
0.842219
-0.836543
0.519578
0.564684
-0.355449
0.181921
-0.776971
0.581042
-0.832942
0.157018
-0.813227
0.638356
-0.325724
0.988769
-0.006073
-0.983581
0.077792
0.700797
0.667592
0.832636
0.206030
0.083712
0.733512
-0.293313
-0.174718
0.054170
-0.723075
-0.725517
0.950682
0.706534
-0.326640
-0.331523
0.297342
0.653981
-0.940367
-0.196509
-0.594775
0.093295
0.630177
-0.713309
-0.475570
-0.829463
-0.059786
0.210669
0.634144
0.602710
0.851802
0.012848
0.100314
0.152135
-0.457808
-0.939695
0.898740
0.648793
-0.695364
0.233070
0.133335
0.610096
-0.822748
-0.008332
0.726371
0.212806
0.488327
0.535691
-0.726676
0.483627
-0.160192
-0.460555
0.876888
0.147496
-0.532945
-0.230323
-0.628162
0.524094
0.459029
-0.017853
0.519700
-0.433210
-0.708121
0.590991
-0.258278
0.217627
-0.758660
0.251442
-0.884274
0.803217
0.327128
-0.373272
0.006561
-0.024751
-0.325297
-0.126865
0.644642
-0.913144
0.364238
-0.327372
-0.827509
-0.604114
-0.209998
0.748955
-0.819697
0.303934
0.364177
0.141026
0.780633
0.443831
0.138890
-0.285318
0.443281
-0.681570
0.272805
0.954955
0.929685
-0.538743
0.859004
0.038850
-0.263710
-0.708975
0.343486
0.950133
0.077486
0.579882
-0.610462
0.132664
-0.095492
-0.918271
0.425520
-0.286477
0.765984
-0.255959
0.029756
-0.577013
0.771783
0.754448
0.588977
0.877499
-0.550768
0.069613
0.715506
0.116062
0.756401
0.422224
0.577136
0.957945
-0.412091
0.411542
-0.601184
-0.248512
-0.137303
0.726981
0.414777
0.809259
0.369304
0.982910
-0.763604
0.889279
-0.977477
-0.860042
0.575976
0.904050
-0.654469
-0.032258
0.289956
-0.684133
-0.668630
-0.749382
0.502060
0.292642
0.066561
-0.041169
0.674062
0.895260
0.973632
0.780877
0.909726
0.278726
0.843379
0.244911
0.560350
-0.549486
0.097018
0.350993
-0.006317
0.920408
-0.407575
-0.937925
-0.488998
0.726920
-0.913450
0.211158
-0.990112
-0.856929
0.656301
0.363323
-0.879757
0.574084
-0.320414
-0.880367
0.357524
-0.236976
-0.570299
0.149327
0.336283
-0.662343
0.663381
-0.024140
-0.927854
-0.925535
-0.829279
0.900754
0.880795
0.412519
0.800348
0.394269
0.276284
0.468245
-0.306192
0.929868
0.152013
0.836604
-0.551195
0.981872
0.572985
-0.143590
-0.655019
0.057100
-0.210181
0.807001
-0.530808
-0.637074
0.258889
-0.554491
-0.040132
0.796319
-0.937864
0.212073
0.896603
0.299051
-0.555895
0.371441
0.691153
0.272439
-0.525315
-0.298318
0.623585
0.413984
0.667470
0.529160
0.315592
-0.749748
-0.545640
-0.709464
-0.327494
0.121311
0.012360
0.401044
0.940855
0.531724
0.685049
-0.083529
0.792291
0.435041
-0.882565
0.760674
-0.867306
-0.289468
0.791620
0.329630
-0.199866
-0.149815
0.379070
-0.980712
0.190588
0.404279
-0.086947
0.036897
-0.395856
0.669851
0.080966
-0.510239
-0.079073
-0.304971
-0.877194
-0.683218
0.588061
-0.142735
0.668508
-0.306925
-0.872188
0.990539
-0.294534
-0.656423
0.666311
-0.027375
0.035737
-0.855037
-0.014924
0.627430
0.720939
-0.331767
-0.302835
-0.912961
0.802728
0.516892
0.905759
-0.944090
0.704520
0.424787
0.339640
-0.231971
-0.371075
-0.820490
-0.162267
-0.601001
0.383282
0.650807
-0.403790
-0.665578
-0.604724
-0.735405
-0.533921
0.723075
-0.965575
0.541856
0.836665
-0.502915
-0.508225
0.753166
-0.599719
0.339091
0.074435
0.462325
0.761711
-0.649648
-0.077731
0.033601
-0.829829
0.394269
-0.843379
-0.113010
-0.141820
0.839412
-0.550218
0.827448
-0.434309
0.082186
-0.770074
-0.408490
-0.413923
0.321207
0.775750
-0.286599
-0.411176
0.548265
0.216468
-0.308878
0.175146
-0.510544
0.329325
-0.788995
0.932371
0.355022
-0.197241
-0.131565
-0.440718
-0.320414
-0.894833
-0.813227
0.167333
-0.042512
-0.027192
0.924436
0.000519
0.200293
0.444441
-0.985717
-0.604785
0.784600
-0.868709
-0.914670
-0.275796
0.517075
0.791803
0.320658
0.360698
0.234535
-0.040559
0.814570
-0.638417
-0.759880
-0.102634
-0.096469
0.560228
-0.877987
-0.491867
-0.088839
0.242836
-0.819025
-0.204566
-0.559252
-0.898740
-0.416791
-0.298074
0.540208
-0.235511
0.778497
0.841670
0.514084
0.284890
-0.718253
-0.024262
-0.483016
-0.193152
0.445723
-0.000397
0.410566
-0.041169
-0.668325
0.813288
-0.682302
0.585314
0.242531
-0.258095
-0.135044
0.832331
-0.761040
0.961608
0.954161
0.474044
-0.794183
-0.303751
-0.405194
-0.766228
-0.981079
-0.988647
-0.855953
-0.228919
0.062960
-0.258095
-0.372662
-0.925108
-0.131504
0.433882
0.506333
0.728019
-0.918271
-0.096835
-0.455855
-0.715018
0.672781
0.647267
0.689505
-0.301126
0.143956
0.917295
-0.229652
-0.956603
-0.123447
-0.686026
-0.525315
-0.595752
0.011750
-0.228431
-0.659108
0.795892
-0.398053
-0.082492
-0.165563
-0.823969
-0.505783
-0.206030
-0.260781
-0.828242
0.221717
-0.683401
0.308573
0.904599
-0.304117
0.691885
-0.777398
0.943480
0.582202
0.789361
-0.638356
-0.677908
0.051790
0.197913
-0.318949
0.446699
0.932554
0.029084
-0.349528
-0.171911
0.425336
-0.325419
-0.835688
-0.239113
-0.596850
0.246742
0.461043
0.068026
-0.134800
-0.586413
-0.807611
-0.949644
-0.259926
-0.009308
0.735527
0.041963
-0.388531
0.799005
-0.398846
-0.079928
0.968139
0.720634
-0.329508
0.232765
0.409040
0.559740
0.955443
0.128086
0.641408
0.371563
0.520554
-0.654775
0.550279
0.447554
-0.679678
0.850642
0.837336
0.401837
-0.969787
-0.476363
-0.550523
0.146764
0.377117
0.111606
-0.822687
-0.073214
0.966796
0.802850
-0.174047
-0.100925
0.531846
-0.505722
0.173009
-0.646352
-0.031953
0.085604
-0.127720
-0.665700
0.601489
-0.821406
-0.328471
-0.988464
-0.474227
0.552416
0.634388
-0.620594
-0.580004
0.031831
0.713858
0.065706
0.966918
-0.872921
-0.714957
0.564257
-0.548753
0.857540
0.343913
-0.672720
0.068026
-0.622181
-0.646840
-0.852107
-0.028352
0.246681
-0.383526
0.809503
0.574267
-0.127537
0.614795
-0.927610
0.104221
0.954283
-0.482711
0.708060
0.713431
0.021516
0.099094
-0.548875
0.536058
0.295755
0.696280
-0.549669
-0.423933
-0.091220
-0.906186
-0.216346
0.649953
-0.568468
-0.051607
-0.144993
-0.100925
0.695608
-0.551683
0.095614
-0.646290
0.486435
-0.478072
0.003510
0.123692
0.024323
-0.765069
-0.621082
0.344829
-0.708487
-0.941343
-0.598498
-0.610401
0.020417
0.923704
-0.973571
0.762017
0.755974
-0.181310
0.101047
-0.617298
0.138707
0.514939
0.528306
-0.880917
0.170202
-0.468917
-0.214393
-0.569262
0.991699
0.926817
0.927488
-0.833857
-0.004425
-0.026032
-0.861812
0.705679
0.005524
0.303995
0.784906
0.170141
-0.851924
0.186804
-0.201086
-0.494858
0.247597
0.767632
0.683828
-0.314859
-0.321879
0.545763
0.248695
-0.012177
0.677114
0.081393
-0.227271
0.821589
0.823176
0.229286
-0.703604
-0.134617
0.807733
-0.393475
-0.037996
0.718863
0.927305
0.124912
0.253456
-0.242531
-0.793329
0.964904
0.545701
0.330058
-0.665578
0.565172
0.167943
0.423139
-0.911069
-0.348064
-0.292276
0.456893
0.794549
-0.981079
-0.567980
0.302164
-0.733757
-0.598682
-0.057527
-0.992187
-0.648732
-0.556139
0.023530
-0.582812
-0.990295
-0.188818
-0.161412
-0.532579
-0.221900
0.415815
-0.974548
0.752007
-0.286599
-0.252419
0.119785
0.197058
0.869747
0.340068
-0.475631
-0.956420
-0.849849
-0.124119
-0.113804
0.076205
0.316752
0.009674
0.079806
-0.330790
0.831782
-0.596912
0.665273
-0.353679
-0.521775
0.168737
-0.207373
0.096652
0.600330
-0.843623
-0.449263
-0.730094
-0.293252
0.841365
0.948363
-0.141636
0.454878
0.046236
0.808405
-0.879818
-0.811518
-0.286721
0.504257
-0.549181
-0.413007
-0.058565
0.666128
-0.431867
-0.833796
-0.636586
-0.617847
0.120640
0.426252
0.538011
-0.651296
0.596912
0.638417
0.203528
0.908567
0.785089
0.181921
0.276162
0.671682
0.905698
-0.199927
0.514817
-0.333598
0.030305
0.657826
0.404645
-0.053316
-0.646474
0.946837
0.136753
0.141392
-0.478072
0.554552
-0.745903
-0.770562
0.057894
-0.431501
-0.917539
0.554735
-0.355205
0.246132
0.329081
0.296548
0.740043
0.657460
-0.412214
0.195959
-0.915647
0.261330
0.440352
0.597156
-0.275491
-0.550157
-0.250954
-0.930235
0.416852
0.882260
0.603870
-0.118931
0.055940
0.579638
-0.533616
-0.661306
0.126072
-0.378887
0.331828
0.068880
0.035005
-0.010895
0.397565
-0.785333
0.052278
-0.675588
-0.321146
0.149571
-0.271706
0.356731
-0.897031
0.978088
-0.874264
-0.039460
0.132664
0.978576
-0.661000
-0.639698
0.819941
0.097995
-0.012665
0.359539
-0.723930
0.601428
0.161412
-0.430097
-0.324320
0.684622
-0.222266
0.035432
-0.422712
0.992004
-0.484481
-0.221961
-0.152501
-0.565050
0.772454
-0.230201
-0.734550
-0.581103
0.457137
-0.875240
-0.771233
-0.181066
0.572192
0.352641
-0.433576
0.740715
-0.292398
0.881954
-0.168615
0.241005
-0.628346
-0.183569
-0.091037
-0.049043
-0.934996
0.482345
0.359722
-0.200354
-0.018464
-0.406598
0.186865
0.676809
0.571886
0.645497
0.177709
0.746635
-0.213172
-0.083102
0.796808
0.974914
0.374371
-0.162389
0.080050
0.418134
0.451643
-0.106662
0.654958
0.735771
0.054659
0.133702
-0.874508
-0.265236
0.406781
0.586535
-0.562059
0.955382
-0.586413
-0.971923
-0.250404
0.741997
0.137059
-0.226966
-0.986206
-0.029145
-0.877987
0.267312
-0.884640
-0.306558
0.928098
-0.016877
0.814753
-0.344218
0.302347
-0.317240
0.823786
0.085726
-0.567980
-0.682546
-0.372234
-0.481552
-0.903012
0.970641
0.151402
-0.448897
0.139378
-0.891232
-0.391339
0.807733
-0.406842
0.846065
-0.674184
0.824824
-0.533067
-0.265114
-0.045991
0.999451
-0.646474
-0.219764
-0.265969
0.946593
0.612659
0.626331
-0.842219
0.976989
-0.097629
0.398236
-0.291055
0.502853
-0.505844
0.653859
-0.348308
-0.549242
0.432173
0.873714
0.527573
-0.237526
-0.791559
0.087619
0.012787
0.335551
-0.240883
-0.716300
-0.584765
-0.961425
0.174352
-0.702017
0.282632
-0.692984
-0.347697
-0.491379
-0.205542
0.724784
-0.477889
0.608448
0.853999
0.016449
0.491379
0.465682
-0.902951
0.898984
-0.487838
0.335307
-0.835994
0.239357
0.624378
0.542344
-0.663686
-0.002777
-0.143406
-0.544176
0.322916
0.466231
0.847835
0.106784
0.687857
0.209143
0.841243
-0.854732
-0.613941
-0.116306
0.182043
0.287454
0.275185
-0.583422
0.777093
-0.030610
-0.809748
-0.494003
0.494797
0.123569
0.923460
0.527085
-0.868892
-0.348369
-0.432173
0.903806
0.282022
-0.862117
0.314554
0.949034
-0.400983
-0.335978
0.243263
-0.157628
-0.202429
0.141636
0.013276
-0.739982
0.803339
0.271950
-0.093356
0.778130
0.838557
0.069796
-0.731864
-0.944578
0.714774
-0.229652
-0.672842
0.310282
-0.548875
-0.743950
-0.586535
0.890011
0.805292
-0.961425
0.029878
0.551073
0.463179
0.105869
0.286721
-0.985412
-0.336100
-0.153722
0.791620
-0.991699
0.659780
-0.533677
-0.349956
-0.052217
0.500412
0.198035
0.606006
-0.842647
-0.945555
-0.481796
-0.769646
0.305033
-0.715201
-0.105441
-0.968383
-0.998962
-0.316202
0.401410
0.969359
0.577868
-0.637806
-0.440352
0.860775
0.098483
-0.365337
-0.684133
0.423078
0.340068
0.875301
-0.183081
0.379070
-0.121433
0.857051
0.216529
-0.037751
0.692434
0.660573
0.464400
-0.955077
0.117588
0.825373
0.920408
0.304788
-0.855647
0.070162
0.422407
0.466353
-0.373760
-0.665944
0.727897
0.408246
-0.412702
-0.223060
0.310770
-0.876095
0.809687
0.656972
-0.375042
0.801202
0.283059
-0.326334
0.022309
-0.343852
0.834712
-0.543504
0.849422
-0.953490
0.867367
-0.149083
-0.238685
0.533982
-0.238746
-0.248573
-0.069613
0.621632
0.117649
0.617725
0.550890
0.102695
-0.614307
0.260964
-0.854427
0.719840
0.925413
0.987487
-0.180212
-0.109836
0.468795
-0.687735
-0.035798
-0.715018
0.964415
0.171728
0.456648
-0.083102
0.122349
0.038362
-0.142735
-0.789178
0.689199
0.213050
0.264321
0.864376
-0.145482
0.018281
-0.626331
-0.898740
-0.536058
0.971129
0.739311
0.402326
0.028047
-0.397931
-0.640187
-0.051912
0.910398
0.631825
0.106784
-0.676382
-0.556078
0.525620
0.261757
-0.801874
-0.407025
0.592822
-0.981262
-0.185583
0.301859
-0.041658
-0.881893
-0.765252
0.657826
0.198096
0.749138
0.961913
-0.083468
-0.768914
-0.631520
0.169897
-0.767998
-0.672170
0.491928
-0.380657
0.106967
0.786248
-0.223670
0.154027
0.393170
0.000763
0.167638
-0.874508
-0.886166
0.967223
0.313761
-0.923154
-0.410016
-0.063936
-0.098605
0.515488
0.424421
-0.099277
0.377728
0.375164
0.981201
-0.354228
-0.486801
-0.491989
-0.100070
0.368877
0.607288
-0.558947
-0.131138
0.228736
-0.828242
-0.836543
0.566881
0.482467
0.494736
0.522019
-0.023041
-0.030732
0.973937
-0.693716
-0.865108
-0.507492
-0.457503
0.933409
0.989624
-0.191504
0.177648
0.730277
-0.256874
0.406537
-0.084078
0.984375
0.450423
0.908872
0.338847
-0.988281
0.636708
0.443159
-0.756157
-0.545824
-0.226783
-0.863643
0.113926
0.932920
0.720695
0.875729
-0.833674
0.967162
-0.962951
-0.444136
0.657033
-0.270363
0.682608
-0.097507
-0.498947
0.990234
-0.099826
-0.822260
-0.943968
0.783746
0.726737
0.651967
-0.418134
0.849910
-0.823786
-0.820124
-0.804315
-0.220130
-0.968627
0.170202
-0.477706
0.078768
0.066683
-0.992370
0.181372
-0.358745
0.869259
-0.730461
-0.292764
0.601306
0.840327
0.854610
0.456526
0.935484
-0.021882
-0.320841
0.534959
-0.077425
0.549608
0.379681
0.941771
0.312540
0.282876
-0.940977
-0.475753
-0.071261
-0.481918
0.830317
0.239418
-0.973998
0.818964
0.801386
-0.721305
-0.551622
-0.607776
-0.900388
0.003510
-0.153539
0.421430
0.308939
-0.367229
0.610828
0.954588
-0.609302
-0.990234
-0.221961
-0.326395
0.534959
0.845943
-0.954344
0.067354
0.928220
-0.963439
-0.860591
0.146764
0.285684
0.165746
-0.627857
-0.906186
0.715934
0.618946
0.475631
-0.363506
-0.393414
0.851802
0.065828
-0.946654
0.783685
0.821711
-0.428449
0.529893
0.243263
0.802545
0.089633
0.469222
-0.952208
-0.354106
0.595691
0.635792
0.633839
0.755181
-0.266457
-0.475448
0.356548
0.656545
0.222755
-0.931700
0.183996
0.634144
-0.675161
0.729484
0.531907
-0.805536
0.925291
-0.516831
0.240699
0.556444
0.862117
0.981079
0.515183
0.027924
0.069369
-0.204871
0.031953
0.120884
0.001617
-0.554796
-0.362041
0.774224
0.999329
0.292764
0.925840
-0.414777
0.613514
-0.851009
-0.285195
-0.498398
-0.264443
0.605274
0.660634
-0.516221
0.784051
0.165990
-0.032075
0.852535
-0.170324
-0.790338
0.537706
0.346782
-0.970153
-0.703055
0.317606
0.023957
0.185217
-0.302530
0.782586
-0.861263
-0.783929
-0.343608
0.228980
0.030610
-0.932066
-0.479720
-0.658193
0.718131
0.168432
0.308451
-0.509445
0.446333
-0.832942
-0.358135
-0.253395
-0.790704
0.741935
0.847957
0.430647
0.041719
-0.294656
0.940794
0.044588
-0.943541
0.804926
0.080966
-0.057772
0.964721
0.458357
0.933958
0.002411
0.213843
0.248573
-0.257973
-0.486251
0.438093
0.757561
0.642201
-0.739494
0.206641
-0.143895
0.711722
-0.771477
0.721732
0.143345
0.756279
-0.241127
0.554125
0.299661
-0.311075
0.678274
0.504990
-0.302347
0.661306
-0.281716
0.268777
-0.024567
-0.408612
-0.886349
0.938231
0.005951
0.280374
0.327860
-0.073702
0.238197
0.151952
-0.307230
0.077181
-0.019562
0.118564
0.665151
-0.447676
-0.927427
-0.648732
-0.464522
-0.451033
-0.251686
0.546312
-0.375652
0.958251
-0.858943
-0.078829
0.288919
-0.504440
0.940855
0.761162
-0.060823
-0.781121
0.264138
0.791192
0.822504
0.551195
0.081698
-0.588610
0.018769
-0.381451
-0.000763
-0.076998
-0.163915
-0.781060
0.501755
-0.028535
-0.720145
0.651051
0.205054
0.667837
0.162511
0.079501
0.102512
-0.897092
0.487228
-0.577624
-0.306253
0.034028
0.330180
-0.075533
0.500473
-0.140782
-0.282144
-0.911069
0.760369
-0.292703
-0.046480
-0.979125
0.790582
-0.319742
0.241432
-0.841060
0.393780
0.422773
-0.900082
0.953490
0.275979
-0.276833
0.902402
-0.509690
-0.981567
0.191687
-0.911618
-0.931700
0.977660
0.115329
-0.256081
-0.867428
-0.274270
-0.796869
0.697195
-0.060762
-0.062105
0.377789
-0.291055
-0.085116
0.657765
0.828547
-0.196265
-0.398114
0.190832
-0.954283
0.715384
0.487289
0.565355
-0.482406
-0.597644
0.609241
-0.687490
0.641041
-0.820368
-0.182043
-0.419477
-0.958678
0.455611
0.388531
0.280007
0.917783
0.216346
-0.643666
-0.247536
0.696524
0.962767
-0.344829
0.823664
0.214270
-0.441694
0.882565
0.300638
0.880734
0.367229
-0.428266
0.687063
-0.608264
-0.357646
0.612476
-0.331645
0.819758
-0.574755
0.889157
-0.172460
-0.930479
0.478744
0.247108
0.595752
-0.242225
0.020234
0.619984
-0.455672
-0.021516
0.486984
-0.723930
-0.258583
0.142857
0.762505
0.506394
-0.144627
-0.930052
0.155492
0.405683
0.721671
-0.707999
-0.348491
-0.529160
0.553941
0.863216
0.149388
-0.859554
0.512192
0.562792
0.663686
0.697623
0.261391
0.080294
-0.810419
0.217444
0.935911
0.325968
-0.512741
0.809259
-0.649953
0.595202
0.719291
-0.198706
0.541795
-0.045076
0.249245
0.471541
-0.359416
0.519517
-0.120212
0.905637
-0.916318
0.314127
-0.953429
-0.432783
0.805170
0.063021
0.774407
-0.351665
-0.662465
0.230262
-0.048799
-0.157750
0.169836
0.401410
-0.021943
-0.288186
0.854305
0.298624
0.945494
0.573290
-0.489059
-0.853694
-0.352031
-0.574084
0.370830
-0.393353
0.200659
-0.716910
-0.803156
-0.626576
0.381512
-0.925291
0.960021
0.331584
0.147679
0.944456
0.194983
0.900510
-0.630543
0.182592
0.698904
0.971618
-0.887570
-0.415387
-0.562731
0.053987
-0.154149
-0.772454
-0.765007
0.394147
0.314432
-0.408612
-0.418867
0.802484
0.298318
0.048494
0.336161
-0.793573
-0.202002
0.345256
0.752068
0.657155
0.096286
-0.807855
-0.166723
-0.163305
0.283303
-0.731559
-0.557970
0.733390
0.799493
0.874264
0.915464
0.065584
0.315470
-0.670705
-0.105991
-0.752983
-0.764946
-0.717887
0.314676
0.996155
-0.166478
0.951476
0.103427
-0.108127
0.487899
0.208045
0.522446
-0.934568
0.815851
-0.845454
0.617542
0.844722
0.206153
0.428083
0.389996
0.840754
0.485397
-0.212928
0.271523
-0.110630
-0.924741
-0.760979
-0.409650
0.920713
-0.540391
0.736503
-0.354167
-0.587817
0.592578
0.261818
0.980895
-0.131382
-0.161718
0.719901
-0.236976
0.181310
-0.450240
0.929746
0.553514
0.856746
-0.793634
-0.627979
-0.366008
-0.320353
0.416364
-0.784906
-0.205298
-0.985107
0.362041
-0.653005
-0.991516
-0.530503
0.078585
0.436628
0.009491
-0.149266
-0.464156
0.770379
-0.089877
0.145360
0.964843
0.786065
-0.732719
0.822138
-0.819636
-0.879696
0.832514
0.131504
0.563707
-0.111423
0.841914
-0.338237
0.427351
0.690847
-0.390790
-0.667592
-0.702811
0.941160
0.364727
-0.443831
0.985534
0.687979
-0.121311
0.376629
0.562426
-0.991272
-0.532273
-0.225684
0.309061
0.554064
0.432051
-0.830195
-0.204627
0.590564
-0.382855
-0.908444
-0.839717
0.151524
-0.322123
-0.424116
0.436445
-0.823481
0.683279
-0.639332
0.562548
-0.118625
0.951170
0.491562
0.500778
-0.760735
0.744926
0.019074
0.733940
-0.080111
0.054048
-0.392193
0.641957
0.653127
0.703787
-0.998657
-0.920835
-0.524949
0.853328
0.017975
-0.508042
-0.297586
0.148961
0.204627
-0.709891
-0.538011
0.618274
0.667653
-0.211158
0.331095
-0.602893
0.317301
0.952879
-0.284158
0.328043
0.900571
0.155370
-0.273049
-0.897763
0.104465
0.044221
0.138218
-0.880245
-0.047456
-0.017487
0.139256
0.596484
-0.943419
0.245216
-0.955138
0.474654
-0.421491
0.397809
-0.840876
0.397076
0.202979
-0.568163
-0.386029
-0.621570
-0.541978
0.116672
-0.187292
-0.614429
-0.783624
-0.560717
-0.204932
0.389386
-0.198035
0.937803
-0.470992
0.102329
-0.003876
-0.625660
0.822321
0.133030
0.417768
0.159276
0.044649
-0.033662
-0.947508
0.451460
0.617176
0.363933
0.317118
0.801141
0.659230
-0.688406
0.432844
0.759697
0.191748
-0.271950
-0.718863
0.436811
-0.465743
-0.083895
-0.236549
0.685842
0.864437
0.676870
0.486740
-0.205908
-0.288491
0.462569
0.444624
-0.197119
-0.022858
0.561083
0.658620
-0.608692
0.053865
-0.456893
-0.463668
-0.527635
-0.029206
-0.077425
-0.434675
-0.250710
-0.611988
-0.495407
0.634510
0.570666
0.772393
-0.383709
0.513230
0.471297
0.774651
-0.894955
-0.282998
-0.585559
0.467757
0.768365
0.431562
0.104953
-0.739372
0.618702
0.639088
0.857051
-0.994140
-0.104221
0.524888
-0.116733
-0.666311
-0.260964
0.149632
-0.970397
-0.438765
-0.356548
-0.854183
-0.156102
-0.129246
-0.413190
0.769890
-0.968322
0.508652
0.140965
-0.566515
-0.621509
0.531175
-0.497238
0.807489
-0.769280
0.749077
0.840571
-0.431501
-0.360393
-0.351115
0.313395
-0.885495
0.704276
-0.661061
0.829585
-0.589831
0.245338
0.682180
0.019745
-0.764946
-0.282388
0.020051
0.746696
0.038179
0.784906
0.514389
0.572497
-0.080966
-0.361797
0.232521
0.337321
-0.753044
0.505173
0.490951
0.810907
0.765313
-0.731071
0.743828
0.097324
0.660085
-0.794061
-0.101108
0.140172
-0.142125
0.279458
0.229041
0.481735
-0.250954
-0.931822
-0.890683
-0.467086
0.552965
-0.588549
-0.756462
0.431623
-0.333476
-0.910703
0.750969
0.369854
0.382611
0.398663
0.755852
0.293069
0.955260
0.282327
0.400555
-0.952452
-0.924558
0.436079
0.710318
-0.838618
-0.385113
0.906735
0.121128
0.449995
-0.522568
0.299722
-0.520920
-0.971129
0.265236
-0.838984
-0.328898
-0.480880
0.752007
-0.917905
0.390301
0.156346
-0.048311
-0.623768
-0.611255
-0.192602
-0.647877
0.477340
-0.566820
0.265297
-0.715629
-0.596423
0.293435
-0.925962
0.576525
-0.235328
-0.008637
0.345805
-0.323893
-0.271157
-0.035859
-0.247902
0.462752
-0.108493
-0.794183
0.811701
-0.473312
0.278603
-0.683279
0.204688
-0.995239
-0.647389
0.602344
-0.404767
-0.922666
-0.674856
0.243812
0.593738
-0.408063
-0.699576
-0.749077
-0.119968
0.720328
-0.817438
0.561083
0.187170
0.088595
0.238624
0.960936
-0.983398
-0.813410
0.160680
0.047334
0.793390
0.032136
0.111667
-0.899411
0.593188
-0.685354
-0.618397
-0.603198
-0.704764
0.949950
0.900571
0.790033
-0.447432
0.174169
0.616871
-0.146641
0.705679
-0.803522
0.135533
0.514695
0.401837
0.964110
0.035127
-0.193457
0.851863
-0.382000
0.914243
0.888852
-0.895383
0.940733
-0.249489
-0.348796
-0.488998
0.050508
0.177465
-0.934324
-0.424421
0.773858
0.835505
-0.053743
0.890744
0.946471
-0.213660
-0.906980
0.944395
0.381085
0.825312
0.592761
-0.458235
-0.158361
-0.630299
0.628834
-0.085482
0.485824
0.280801
0.730033
-0.752678
0.796197
-0.140233
-0.702261
-0.303690
-0.178014
-0.125401
0.288980
0.852779
0.440657
0.506760
-0.067598
-0.211463
0.298807
-0.228065
-0.670766
-0.268899
-0.587146
-0.982543
0.386212
-0.093417
0.204688
0.438459
-0.073885
-0.457747
-0.932859
-0.061251
-0.953795
0.303812
0.327860
0.984985
-0.531785
0.076266
0.494552
-0.288858
-0.390851
-0.739982
-0.632008
0.731376
-0.770074
0.945982
0.183874
-0.141270
0.533860
0.781060
0.365520
-0.857173
-0.813410
-0.063204
0.977783
0.921140
0.867855
0.161473
0.666066
-0.844050
-0.468734
0.870418
0.016694
0.610889
-0.980895
-0.053804
0.944761
-0.362346
-0.189978
0.897763
0.068697
-0.437971
0.665395
-0.912046
0.138585
-0.661916
0.132664
-0.068209
0.640004
0.966735
-0.799188
-0.151097
0.403790
-0.338908
0.300638
0.512803
-0.556505
-0.103000
0.123386
-0.966735
-0.342570
-0.554857
-0.630665
0.272073
0.524522
0.889645
0.058016
0.614978
-0.635609
0.648061
0.127476
-0.924375
-0.942991
-0.151036
-0.393292
0.059542
0.699149
-0.893307
-0.759087
0.673452
-0.055147
-0.778314
0.118076
0.415387
-0.841487
-0.971374
-0.419721
-0.391156
-0.505905
0.594226
-0.752251
0.427412
-0.448347
0.224647
-0.355937
0.064852
-0.664052
0.685842
0.097629
0.623280
-0.275979
-0.920286
-0.009369
-0.067171
-0.726188
-0.088595
0.863582
0.052950
-0.521714
-0.065157
0.995300
0.983215
0.654164
0.478561
0.870235
-0.855525
0.258644
-0.855525
0.431562
-0.563707
0.490219
-0.929014
0.160375
0.447188
-0.655812
0.785211
-0.387371
-0.634571
-0.274331
-0.133030
0.614429
-0.991028
0.477889
0.263588
-0.628162
-0.448775
-0.631642
-0.139866
0.856746
0.643422
-0.295816
-0.121250
-0.485946
-0.532334
0.272805
-0.936522
0.314249
0.271706
-0.015778
-0.453780
-0.431379
0.685171
0.884091
0.061434
0.024995
-0.197302
0.149693
0.011139
0.287698
0.363018
-0.877499
-0.550707
0.534227
-0.571825
-0.615101
-0.531602
-0.259987
-0.904599
0.174841
-0.167150
-0.342143
0.242042
0.848140
0.701956
0.712760
0.532640
0.641530
0.145116
0.387738
-0.782220
0.301187
-0.631703
0.830134
-0.424177
0.969298
-0.536851
0.621265
0.530747
0.130528
0.436750
-0.684805
0.576464
-0.392010
0.013092
-0.041963
-0.491623
-0.372417
-0.293619
0.710135
0.387677
-0.438215
-0.737785
0.488693
0.284280
-0.792352
0.506943
-0.960936
-0.729118
-0.277261
0.194128
0.573046
0.314310
-0.197974
-0.793573
0.513352
0.108554
-0.232521
0.666555
0.682119
0.193213
-0.672231
0.393841
-0.388165
-0.289041
-0.073885
0.282388
-0.868709
-0.041047
0.276894
0.876217
0.638295
0.689871
0.473006
0.251686
0.955992
-0.986450
-0.405011
-0.598743
-0.560778
-0.871456
0.329325
0.720267
-0.845637
0.690603
-0.596118
-0.262307
0.493088
0.522813
-0.181677
0.636525
-0.210608
0.157872
0.880612
0.780999
-0.260659
-0.534227
0.317850
-0.213050
-0.955382
-0.815058
0.968444
-0.707633
-0.176916
-0.285684
-0.528916
-0.290323
-0.609790
-0.232032
-0.820734
0.621937
0.900815
-0.785699
0.837275
0.931455
-0.604297
0.857112
-0.680593
-0.773675
-0.919736
0.303629
0.465621
-0.859981
0.453475
0.412152
-0.936522
-0.901181
-0.372662
0.180090
-0.564135
-0.247841
0.958739
-0.562853
0.395184
0.199683
-0.672353
0.265419
0.110385
-0.245399
-0.290689
0.633961
0.427778
-0.990173
0.668630
0.576769
0.324259
0.666677
-0.181982
-0.598071
-0.595508
-0.442671
-0.082003
0.459395
0.923215
0.017792
-0.262490
0.409589
