-0.528855
-0.291116
0.067171
0.902402
-0.688040
-0.124668
0.903317
-0.888180
0.845943
-0.898862
0.092196
0.722831
0.045808
0.171422
0.915891
-0.177526
-0.342814
0.796808
0.585131
-0.188330
-0.593066
0.394086
0.270180
-0.499313
-0.637501
0.555589
-0.454878
0.702506
0.802789
-0.781121
0.330546
-0.408490
0.594592
-0.734977
-0.913022
0.430891
0.703055
0.887387
0.899411
-0.418683
0.775445
-0.377300
0.032563
0.610828
0.356731
-0.334391
-0.486068
-0.288736
-0.151830
0.318461
-0.066805
-0.605213
0.613758
0.304910
0.496811
-0.103671
-0.136570
0.030061
-0.378094
-0.608936
0.205725
0.810236
0.981506
-0.897885
-0.288858
0.272134
0.972106
0.171117
-0.836848
-0.912961
-0.925291
-0.793329
-0.352519
0.573840
-0.756096
0.249977
-0.105747
0.263466
-0.167211
0.712027
0.140172
0.973998
-0.439314
-0.386700
0.426252
0.709281
0.597461
0.740837
-0.168615
-0.881771
0.854122
-0.937132
0.630177
0.513535
0.813593
0.977294
0.146519
0.373455
-0.627674
-0.363933
0.031953
-0.734367
0.792779
0.817011
0.352397
-0.053621
0.077731
0.822932
-0.224525
0.330119
-0.329020
-0.602222
0.122410
0.959777
0.442244
0.183325
-0.683645
0.791681
-0.945189
0.012970
0.655507
-0.230323
0.254006
0.314249
0.832270
-0.796442
-0.173681
0.364971
0.710013
0.061983
0.459761
-0.482772
-0.841426
0.671010
0.194189
0.998108
-0.637684
-0.913694
-0.487533
-0.749504
0.343303
0.476485
-0.308206
-0.948668
0.208289
-0.513779
-0.515122
0.938292
0.966308
-0.954405
-0.729423
0.425581
-0.939146
-0.023347
-0.165746
-0.556017
-0.304178
0.435835
0.680960
0.325968
-0.934629
-0.752678
-0.373577
0.461715
-0.231239
0.956420
-0.110263
-0.848750
-0.004242
-0.721366
0.492294
-0.309793
-0.005402
0.095248
-0.028535
-0.068209
-0.723685
0.478927
0.555467
-0.054781
0.863277
-0.848811
-0.355022
0.427534
0.250099
-0.164708
-0.830256
0.646107
0.979675
-0.890255
-0.129307
-0.056429
-0.564867
0.418073
-0.769341
0.374371
0.761467
0.362651
-0.077548
-0.015473
-0.341716
-0.271645
-0.034944
-0.015595
0.377239
0.738090
-0.207984
-0.621815
-0.493759
-0.208106
0.943419
-0.364422
0.975463
-0.998657
-0.500595
-0.547777
0.401654
-0.019745
0.053865
0.243080
0.443159
0.609424
0.483932
0.895749
-0.739494
-0.510239
0.080844
-0.239113
0.034822
0.151524
0.610828
-0.051729
0.179235
-0.687002
0.296426
-0.120640
-0.886654
0.645436
-0.281961
-0.692251
-0.242531
0.944029
0.877926
0.526597
0.458113
0.144322
-0.613208
0.679067
0.136753
0.270852
0.621509
0.491012
-0.113804
-0.971007
0.987793
-0.904660
-0.132969
-0.991943
0.901791
0.383343
0.404401
0.647633
-0.522385
0.174841
0.857112
-0.113437
0.173009
0.933226
0.908444
-0.330607
0.620960
-0.984069
-0.317484
0.964904
0.508408
-0.915769
0.182653
0.398907
-0.299112
-0.773797
-0.050081
0.339824
0.065523
0.105502
0.485824
-0.062593
0.738701
0.789605
0.812311
0.607715
-0.488266
0.667898
-0.191687
-0.802057
0.838130
-0.777459
-0.720389
0.084750
-0.057100
-0.538682
0.915098
-0.356609
-0.873226
0.760674
0.415632
-0.719108
0.074679
0.940123
-0.685965
0.469344
0.927854
-0.369549
-0.349101
-0.853816
0.174230
-0.907163
0.465560
0.499557
-0.420392
-0.202734
0.263405
-0.635365
0.005646
0.025727
-0.334513
0.649770
-0.769219
-0.783258
0.552049
-0.557604
0.799005
0.067843
0.024018
0.061190
0.713736
0.360210
0.060701
-0.379620
0.802728
-0.151952
-0.964293
0.039338
0.640980
-0.872066
0.081149
0.795831
-0.528062
0.689444
0.863155
0.887020
-0.671926
0.495651
-0.240516
0.522996
0.558885
0.053133
0.543748
0.555345
0.832331
0.132603
0.207007
-0.652394
0.052767
0.794977
0.194250
-0.799799
-0.683950
-0.053377
-0.955382
0.211402
0.408979
0.986389
-0.271950
0.698294
-0.420698
-0.149632
0.206030
-0.133030
-0.948363
-0.036042
0.135899
0.927061
0.903623
-0.319437
0.857540
-0.147496
0.168310
-0.060762
-0.584033
0.671133
-0.920469
-0.569262
-0.450606
-0.066622
-0.556322
0.084384
0.462874
0.454695
-0.894223
-0.463912
0.724113
-0.657888
-0.459273
-0.608020
0.374981
0.555467
-0.846492
-0.337138
0.526170
0.066622
-0.224891
-0.495529
0.226844
-0.281106
-0.257851
-0.562609
-0.903684
-0.016449
-0.916623
0.600208
0.423078
0.175329
-0.777215
-0.090915
-0.310160
-0.018708
-0.817133
-0.845332
0.352214
0.594409
0.362529
-0.419965
0.631642
0.426435
0.895993
0.111728
-0.136143
-0.935484
0.152379
-0.120457
0.840144
0.384869
-0.275185
-0.584582
0.453597
0.148961
0.250343
-0.382855
-0.114963
0.636097
0.403180
-0.480880
0.740654
0.644032
0.923826
-0.539781
-0.764031
0.418928
-0.291177
-0.805780
0.873836
0.531968
-0.995544
-0.545213
0.853267
0.059420
0.564074
0.079012
-0.597156
0.536424
-0.805475
0.528428
0.666372
0.122288
-0.285867
-0.701285
-0.265358
0.089206
-0.743522
-0.569262
-0.683157
-0.453963
0.924070
-0.635060
0.855159
-0.200903
-0.045930
-0.822260
0.331889
0.031281
0.134373
0.164037
-0.562120
0.342204
-0.296182
0.158361
-0.415326
0.018769
-0.902951
-0.874630
0.842952
-0.671926
0.424055
-0.971618
0.153478
0.830378
0.094028
0.218970
-0.339030
-0.807672
0.813410
0.633229
-0.872127
-0.697623
0.182897
-0.950865
-0.405316
-0.249489
-0.858028
0.832331
-0.516648
0.948302
-0.400739
-0.173437
0.194739
-0.348979
-0.511155
0.961058
-0.906735
0.482467
-0.460921
0.329936
0.862117
0.730155
-0.440901
0.631703
-0.036348
-0.673574
-0.077181
-0.648854
0.035737
-0.141148
-0.616932
0.663686
0.927549
-0.031831
-0.069185
0.377972
0.060945
0.065096
-0.983581
0.761834
0.831050
0.329936
-0.652882
-0.032258
-0.634877
-0.355571
-0.873959
-0.458602
-0.589831
0.979064
-0.528916
-0.584948
0.119175
-0.105930
0.117222
-0.293374
0.020600
0.905393
-0.398907
0.960570
-0.545824
0.836909
0.043855
0.564928
0.996338
0.992553
0.389080
0.464095
0.682058
-0.585864
0.665578
0.316568
0.103244
-0.717582
-0.835749
0.400006
-0.600146
0.155675
0.930967
-0.714774
0.564867
0.512009
0.943236
-0.485580
-0.569384
0.794366
-0.955687
-0.470321
0.588610
0.299661
0.791192
-0.202551
-0.189795
-0.955382
0.082553
0.433638
0.055269
-0.674856
0.440657
-0.266762
-0.960997
-0.854610
-0.794733
-0.134312
0.413190
-0.296182
-0.593249
0.787347
-0.694876
0.172826
0.464400
-0.922300
-0.828913
0.193274
-0.247841
-0.469893
0.159337
-0.376446
0.989807
-0.261452
-0.118137
0.058321
0.871578
0.806757
-0.431928
-0.142491
-0.227271
-0.714408
-0.074496
0.912656
-0.214209
0.996887
-0.545152
-0.231605
-0.222633
0.003571
0.985839
-0.038972
-0.738578
0.742424
-0.175146
-0.042451
0.480941
-0.887326
0.622303
-0.131321
-0.317606
0.505783
-0.526292
0.513535
-0.819391
-0.837703
0.190771
-0.779839
-0.560961
0.129734
0.911191
-0.070223
-0.475997
-0.778375
0.893002
-0.271096
-0.282815
0.912351
-0.531663
0.033906
0.928831
0.306986
0.827387
-0.784356
0.494064
-0.309610
-0.816950
0.326640
-0.017670
0.472640
-0.965758
-0.168737
0.951659
0.371624
-0.488571
0.967223
-0.589648
-0.879025
-0.050508
0.391583
0.794671
-0.283364
0.328043
0.869686
-0.738029
-0.884213
-0.997925
0.812006
-0.428510
0.971435
0.027985
-0.906674
0.986450
-0.609668
0.037202
-0.748650
-0.264016
0.973449
-0.702994
-0.298135
0.722098
0.690725
0.715018
0.741874
-0.523118
-0.042268
0.536302
-0.599170
0.753655
-0.279824
-0.976379
0.969420
0.272011
-0.972716
0.783441
0.813837
-0.246254
-0.986938
0.666250
-0.322184
-0.767998
-0.132847
-0.269143
0.228004
0.310282
-0.637745
0.299173
-0.786309
-0.302042
-0.790216
0.593005
0.261574
-0.227271
0.329020
-0.545152
-0.823786
0.471541
0.940123
-0.453230
-0.241005
0.301370
0.981567
0.792596
0.931883
0.749748
-0.883053
-0.735221
-0.824702
-0.142186
0.785699
0.100864
-0.661122
0.321390
0.332133
-0.470687
-0.152013
-0.591968
-0.762261
0.506516
-0.673208
0.162938
-0.758965
-0.517136
0.170995
0.523972
-0.232398
0.877377
0.255409
0.425336
-0.862362
0.708853
-0.447554
0.862117
0.607959
0.362346
0.279641
-0.556322
0.861324
-0.137059
0.491501
0.400983
0.282937
-0.084628
-0.090487
0.744743
-0.228675
0.272561
0.496933
0.184301
0.156957
0.471053
0.038972
0.882931
0.585009
-0.048189
-0.872677
-0.399823
-0.059481
0.313944
0.003143
-0.848140
-0.221534
-0.031098
-0.616199
0.899106
-0.418867
-0.835994
-0.845454
0.997070
0.641896
0.480026
0.076327
0.798273
-0.022614
0.920896
-0.295816
-0.758415
0.262673
0.182226
-0.261330
-0.709647
0.093539
-0.283303
-0.754570
-0.585620
-0.385968
-0.469527
-0.384808
0.307291
-0.107517
-0.164403
-0.618397
0.274514
-0.509568
-0.733207
-0.499924
0.788263
-0.341777
-0.209998
0.722282
-0.832514
-0.739250
-0.282815
-0.385113
0.595935
-0.363872
-0.928709
0.135594
0.950438
-0.469283
-0.436995
0.282388
-0.154149
-0.494430
-0.296976
-0.602710
0.794183
-0.184606
-0.030427
-0.343242
-0.643788
-0.651051
-0.875179
-0.582629
-0.160070
0.890744
-0.873409
0.441694
-0.338786
0.346416
0.575854
0.286294
0.678457
0.162633
0.661916
-0.515915
0.994690
-0.851253
0.474166
0.021455
-0.722465
0.112033
0.337809
0.280862
0.916623
-0.644581
-0.010468
-0.593310
0.220130
-0.256386
-0.231300
0.258095
-0.096042
-0.034700
-0.940855
-0.778497
0.882321
-0.561144
0.570299
0.100314
-0.210547
0.515854
0.504563
-0.057222
0.109653
-0.521287
-0.252785
-0.301737
0.775506
-0.481552
0.052889
-0.703787
-0.067660
-0.793756
0.455123
-0.033113
-0.194311
-0.397320
0.830317
0.537278
-0.279641
0.943297
0.410688
0.054415
0.661733
-0.728202
0.216590
0.403363
-0.943175
0.565355
0.186804
-0.229347
0.858821
0.087313
0.427656
-0.314005
0.799615
0.856502
-0.098483
0.393414
-0.431501
0.146397
0.641285
-0.883908
-0.143101
0.728385
-0.544725
-0.076815
-0.176305
0.095248
0.991577
-0.450728
-0.932615
0.327677
-0.238441
-0.526780
0.746086
-0.672048
-0.577258
0.478622
0.635914
0.433576
0.830256
0.102634
-0.764031
0.945799
0.539293
0.108188
0.064791
0.479781
0.460067
-0.108066
0.561693
0.082858
-0.275552
-0.053377
-0.437666
-0.964049
-0.575121
0.857356
-0.980346
-0.661184
0.642384
0.163732
-0.646290
-0.174596
-0.014985
-0.744072
0.979614
-0.514206
-0.007172
-0.435896
-0.624439
-0.250710
0.235939
0.720450
-0.013092
-0.426923
0.069124
-0.107273
-0.011444
0.889706
0.185705
-0.196997
0.506943
0.287271
-0.812616
-0.141087
0.773858
0.202857
-0.697439
0.887936
-0.170324
0.384991
-0.770013
-0.033418
0.562731
-0.772210
0.957335
-0.667287
0.669607
-0.770928
0.471969
-0.452254
-0.746574
0.342326
0.127781
0.563524
-0.584216
-0.093417
-0.762688
-0.830561
0.430280
-0.034639
0.891110
0.653188
0.009919
0.881771
0.833064
-0.975951
0.145299
0.978088
0.009003
0.603626
0.344584
0.057649
-0.876705
-0.623341
0.201514
0.411054
0.405805
-0.858211
0.908811
0.084506
0.507797
-0.844172
-0.734916
0.120151
-0.959655
0.187719
0.633717
-0.817133
0.430097
0.794366
0.769829
-0.378887
-0.678640
0.869564
0.946593
0.530625
-0.800104
-0.614429
0.429365
0.887387
-0.105258
0.125217
0.372723
0.032563
-0.612171
0.903806
0.488021
-0.540941
0.639882
0.551988
-0.583544
-0.501999
-0.619556
0.120762
0.426618
0.802423
0.598804
0.532640
-0.062777
-0.788202
-0.333964
0.865108
-0.107700
-0.100497
0.492965
0.500534
0.937254
-0.560656
-0.192846
0.306619
-0.950011
0.163182
0.894162
0.478988
-0.172643
-0.376995
0.153294
-0.722404
-0.211707
-0.638417
-0.266274
0.100253
-0.913938
0.236366
-0.295450
0.650136
0.873165
0.431196
-0.179113
0.354228
-0.656301
-0.664296
0.010468
0.900082
-0.036592
-0.796197
0.134556
0.972411
0.960082
-0.839106
-0.923582
-0.361736
0.092502
0.796503
-0.223060
-0.629322
0.994507
0.746574
0.412641
0.979614
-0.643666
0.397809
-0.210059
0.135228
0.095798
0.685354
0.164037
-0.226051
-0.780267
-0.042756
0.054537
-0.457198
0.106967
-0.427290
-0.786859
-0.478133
-0.737724
-0.451399
-0.989807
0.320109
-0.389386
-0.692923
0.314920
0.375469
0.659108
-0.475387
-0.615406
0.324992
0.744560
-0.692312
-0.098788
-0.913877
-0.043733
0.575610
0.378277
-0.019196
0.081576
-0.086825
0.125034
-0.974059
0.236061
-0.450362
-0.493637
0.031098
-0.592944
0.634266
-0.144566
-0.181127
-0.629749
-0.859920
0.715262
0.479354
0.439802
-0.071749
-0.237709
-0.662221
-0.465560
0.662648
0.139317
-0.679373
-0.081759
0.121860
-0.431806
-0.961364
-0.621143
-0.207373
0.639332
0.804071
0.244179
0.079806
0.988464
0.533738
-0.891110
0.250710
0.550707
-0.762444
0.538133
0.672781
0.060945
0.486801
0.773309
0.953185
-0.159459
-0.041292
-0.694998
-0.675344
0.497971
-0.430952
0.747734
-0.641896
-0.700858
-0.913083
0.604419
0.510605
0.372723
-0.812006
0.011750
0.063509
-0.098117
0.462569
0.920347
-0.253212
-0.618213
-0.399518
0.631031
-0.830500
-0.065706
0.773064
-0.548997
0.462813
-0.844600
-0.614795
0.649037
0.716971
-0.686941
-0.314310
-0.285012
-0.681997
0.513291
-0.089511
0.387677
0.746574
-0.156590
-0.915647
0.392193
-0.978454
-0.251564
-0.490646
-0.220496
-0.923215
-0.092929
0.310343
0.718558
0.332621
0.810663
-0.396832
-0.074679
0.522691
0.314066
0.077364
-0.203711
-0.359355
-0.583361
-0.680532
0.640065
0.661245
0.366741
-0.254494
-0.531358
0.237098
-0.440291
0.680960
-0.038423
-0.766655
0.783929
0.230995
0.471664
-0.737846
0.894772
0.881161
0.929197
-0.888363
-0.541063
0.864376
-0.440229
-0.077975
-0.222755
-0.480209
0.201331
0.831599
0.256142
-0.886410
-0.346294
0.430708
0.857173
0.862239
0.846309
0.452986
-0.683584
0.692251
0.849361
-0.867000
-0.827692
0.888058
-0.027741
0.562731
0.284219
0.572192
-0.153661
-0.924375
0.085482
-0.944823
-0.261391
-0.912107
-0.205542
0.567248
-0.587085
-0.650807
0.999939
0.016694
0.744560
0.937437
0.907346
0.207312
-0.671194
0.499863
-0.239662
-0.238319
0.080111
0.145604
0.952940
-0.484420
0.083651
-0.749321
-0.397870
-0.679495
-0.856319
-0.997253
-0.997864
0.520066
-0.894772
0.735038
-0.907163
0.916013
-0.411969
0.612171
0.702383
-0.590258
-0.500046
-0.586230
-0.466048
-0.023591
-0.311991
0.376568
0.683157
-0.055940
0.649770
-0.502731
-0.787042
0.366192
-0.846736
-0.830622
-0.541673
-0.841853
0.998901
-0.910276
-0.380535
0.777398
0.269204
0.467757
0.468978
-0.472518
-0.271096
-0.806940
-0.802423
0.368877
-0.491562
-0.493088
0.012909
0.385113
-0.949583
0.200537
-0.760247
0.253822
0.593738
0.832453
-0.169347
-0.395978
-0.260964
-0.449934
0.265175
-0.395734
-0.064669
-0.129307
-0.556688
0.942930
0.262246
-0.975951
-0.354778
-0.663991
0.502915
0.555589
-0.707327
0.561266
-0.259621
0.863094
0.852412
-0.606189
-0.558763
-0.113804
-0.837519
0.470626
-0.973876
-0.935423
-0.382244
-0.099643
0.471236
-0.319864
-0.011933
0.134068
-0.752556
-0.493454
-0.127537
-0.361126
-0.940550
-0.217383
-0.074007
0.534349
-0.036531
0.685415
0.396466
-0.906003
-0.564684
0.255898
0.913083
-0.731193
-0.806696
0.006806
0.015107
0.062166
0.722404
-0.630360
0.107150
-0.413617
0.151585
0.934019
0.572436
0.211280
-0.352031
0.173132
-0.764885
-0.883908
-0.029206
0.156346
0.956420
0.039705
0.133885
0.843806
0.451582
0.327738
-0.212867
0.087924
-0.915159
-0.927671
-0.671133
-0.444746
-0.800714
0.842524
-0.951048
-0.700858
-0.724052
-0.718680
0.113742
0.763787
0.097446
0.009430
-0.891964
0.758538
0.563768
-0.171422
0.655141
0.323588
0.303201
0.903439
-0.156896
0.230506
-0.212500
0.136998
0.266945
0.371075
0.168004
0.225074
-0.588977
0.628956
-0.924558
0.175756
0.337992
-0.502182
0.963866
0.763421
-0.972228
0.754814
-0.836482
-0.166967
0.888607
0.108860
0.412763
-0.938169
0.102329
0.587573
0.019074
-0.693777
-0.688772
-0.779901
-0.507614
-0.006867
0.567248
0.185461
0.019623
-0.677664
-0.535813
-0.732292
-0.492721
0.283303
0.582934
0.060823
-0.697928
0.137364
0.779412
0.679983
0.622120
-0.405805
-0.985107
0.806574
-0.063875
-0.422468
-0.169286
-0.033357
-0.178014
0.812677
-0.903073
0.697012
0.167211
0.871578
0.408368
-0.714286
-0.763482
-0.063082
0.794916
0.492599
-0.769036
0.187597
-0.609729
-0.141697
-0.798090
0.881710
-0.118198
0.030183
