-0.437788
0.970885
0.873714
0.174535
-0.237526
0.677114
0.018097
0.138524
0.611805
-0.437971
-0.757866
-0.179357
-0.097995
0.729728
-0.691092
-0.098910
0.090670
-0.577624
0.396222
0.216224
0.502915
-0.972839
-0.454573
0.433515
-0.224952
-0.041231
-0.613758
-0.125034
-0.144871
0.457625
0.335307
-0.509751
0.064852
0.023225
-0.307352
0.063936
0.984741
-0.143406
0.479904
0.322916
-0.390973
0.767815
-0.640492
0.687857
0.430708
0.564684
-0.854732
-0.613941
0.026215
0.182043
0.227577
0.303385
0.722098
-0.935545
-0.610950
-0.809748
-0.494003
-0.509629
0.123569
-0.674184
0.804498
-0.286966
-0.100620
0.181921
0.903806
0.980590
0.306497
0.324137
0.949034
-0.400983
-0.335978
0.243263
-0.157628
0.359050
0.141636
0.013276
0.597400
0.803339
-0.869442
-0.093356
-0.823420
0.838557
-0.813898
0.822687
0.769646
-0.663442
-0.282083
0.093661
0.310282
-0.548875
-0.499313
-0.586535
0.581225
0.961241
-0.961425
0.029878
0.551073
0.339885
0.873409
-0.186926
0.490463
-0.336100
-0.234107
-0.605579
-0.991699
0.659780
-0.533677
-0.349956
-0.052217
0.500412
0.198035
0.483749
-0.842647
-0.945555
0.547899
-0.769646
-0.063265
-0.715201
0.112583
-0.968383
-0.998962
-0.734550
0.201453
0.969359
-0.779229
-0.637806
-0.477279
0.777459
-0.605884
-0.365337
0.240394
0.423078
0.928892
0.452132
-0.903806
-0.360210
-0.650868
0.857051
-0.145238
-0.212806
0.756523
0.660573
0.464400
-0.568773
-0.396771
0.825373
0.920408
0.304788
-0.855647
0.070162
-0.331278
-0.677175
-0.373760
-0.665944
0.727897
-0.027619
0.708121
-0.223060
-0.669485
-0.876095
0.809687
0.656972
-0.375042
-0.472457
0.470138
0.161351
-0.146031
-0.343852
0.219275
-0.543504
0.849422
-0.953490
-0.490890
-0.149083
0.355388
0.533982
-0.238746
0.801630
-0.064425
0.621632
0.117649
0.617725
0.550890
0.102695
-0.775384
-0.363384
0.652577
0.750175
0.925413
0.987487
-0.821223
0.693960
-0.571886
-0.687735
-0.035798
-0.715018
0.164037
-0.235084
0.456648
-0.083102
-0.977416
0.623341
-0.142735
0.242042
-0.369182
-0.102939
0.264321
0.864376
0.637989
0.018281
0.519822
-0.898740
-0.536058
-0.576342
-0.882015
0.802240
0.028047
0.286416
-0.640187
-0.051912
0.910398
-0.241066
0.854305
-0.208045
-0.556078
0.525620
-0.616260
-0.801874
-0.430464
0.895199
-0.981262
-0.185583
0.301859
-0.041658
-0.327494
-0.765252
0.657826
0.198096
0.749138
0.961913
-0.083468
0.039155
-0.631520
0.169897
-0.767998
-0.527757
-0.020356
0.232948
0.106967
0.786248
-0.937010
0.154027
0.393170
-0.392132
-0.230018
-0.874508
-0.666066
0.967223
0.313761
0.267983
0.020234
0.976012
-0.115757
-0.172948
-0.606922
-0.099277
0.966674
0.375164
-0.027497
-0.354228
-0.486801
-0.491989
0.444563
0.510910
0.607288
0.737602
0.490219
0.228736
0.244789
-0.836543
0.980285
-0.700186
0.494736
0.522019
0.220252
-0.030732
0.973937
-0.693716
-0.865108
-0.515366
-0.405744
0.933409
0.989624
-0.191504
0.112278
0.276833
0.836848
0.406537
-0.084078
0.847224
0.450423
0.908872
0.845271
-0.988281
0.215369
0.443159
-0.217566
-0.348796
0.225745
-0.418989
-0.307169
0.932920
0.720695
-0.086764
-0.833674
0.967162
-0.962951
0.760735
-0.120029
0.451033
0.682608
-0.981201
-0.001679
-0.722526
-0.099826
0.394269
-0.943968
-0.856380
0.726737
0.344584
-0.418134
0.849910
-0.823786
-0.820124
0.499252
-0.220130
-0.082675
-0.586535
0.196509
-0.899533
-0.984863
0.088473
0.181372
-0.927061
0.869259
-0.730461
0.043428
0.601306
0.840327
-0.364299
0.456526
0.935484
0.098056
0.444319
0.534959
0.001251
0.549608
0.542711
0.941771
-0.262307
0.282876
-0.940977
0.506027
-0.071261
0.963134
0.830317
0.239418
-0.973998
0.818964
0.399701
-0.721305
-0.551622
-0.607776
-0.900388
0.003510
-0.199805
0.421430
-0.702750
-0.367229
0.610828
-0.477340
0.144993
-0.160985
0.242531
0.056429
0.534959
0.845943
0.465560
0.067354
0.928220
-0.963439
-0.860591
0.146764
0.285684
-0.589404
-0.856075
-0.906186
0.715934
0.618946
-0.708731
0.762993
-0.393414
0.886593
0.065828
-0.946654
0.783685
0.299905
-0.428449
0.529893
0.243263
-0.264504
0.089633
-0.662709
-0.952208
-0.354106
0.595691
0.565355
0.633839
0.755181
-0.266457
0.639882
-0.275796
0.656545
-0.051057
-0.201270
0.183996
0.050996
0.626148
0.825190
0.531907
-0.730033
-0.728446
0.149571
0.240699
0.556444
-0.345622
0.981079
0.515183
0.027924
0.069369
-0.204871
0.031953
0.420331
-0.384991
-0.554796
-0.362041
0.204871
0.969787
0.292764
0.925840
0.838923
0.305155
-0.851009
-0.285195
-0.498398
-0.264443
0.605274
0.361980
-0.530747
-0.912717
0.165990
-0.032075
0.852535
-0.170324
-0.790338
-0.054048
-0.709769
-0.970153
-0.762871
0.317606
0.131993
0.185217
0.561632
0.782586
-0.861263
-0.564928
-0.544237
0.228980
0.165746
-0.932066
-0.168798
-0.800226
0.718131
-0.709098
0.722098
-0.292520
0.446333
-0.228614
0.776910
0.703299
-0.790704
-0.305948
0.388836
0.446455
-0.128208
0.932127
0.940794
0.044588
-0.479293
-0.265297
0.834407
-0.057772
-0.775750
0.458357
0.933958
-0.727348
-0.215308
0.248573
-0.865291
0.906369
0.438093
-0.645314
0.084078
0.473434
-0.503769
-0.143895
-0.905759
0.350871
-0.637257
-0.478500
-0.573290
0.813776
-0.196875
0.768853
0.021577
0.302896
0.504990
-0.302347
0.495163
0.936522
0.698599
-0.164342
-0.408612
-0.886349
-0.205481
0.005951
0.280374
0.327860
-0.111606
0.238197
-0.897153
0.591662
-0.099948
0.839595
0.429670
0.665151
-0.447676
0.136937
-0.740226
-0.448469
0.263710
0.953612
0.546312
-0.591113
-0.382000
-0.858943
-0.078829
-0.683828
-0.191198
0.818720
0.744072
0.776727
0.665578
0.264138
0.013703
0.208106
0.157750
-0.840571
0.873836
0.018769
-0.381451
-0.398724
-0.812006
-0.284951
-0.078402
0.501755
-0.790704
-0.269692
-0.600024
-0.786798
-0.190161
0.515366
0.079501
0.102512
-0.072726
0.839473
0.981750
-0.306253
-0.574084
0.178381
-0.638600
-0.531358
-0.151463
-0.282144
0.631214
-0.417951
-0.292703
-0.046480
-0.979125
0.790582
0.850154
0.113071
-0.841060
0.393780
0.325602
-0.089022
-0.221717
-0.497665
-0.576769
-0.509079
-0.528428
-0.303690
-0.615528
-0.963683
0.581713
-0.344035
-0.222694
-0.256081
0.066012
-0.274270
-0.796869
0.991699
0.325175
-0.990478
0.997253
-0.291055
-0.272744
-0.957701
0.278359
-0.196265
0.561998
0.926572
0.374493
0.948241
-0.227210
-0.890805
0.118931
0.471358
0.210303
-0.536668
0.641041
0.377972
-0.182043
-0.986389
-0.958678
0.455611
0.388531
-0.776360
0.510056
0.747734
0.867000
-0.519578
0.181982
-0.435591
-0.344829
0.646779
0.078219
-0.441694
-0.473983
0.016999
0.880734
-0.984069
0.366863
0.687063
-0.349528
0.006073
0.964721
-0.331645
-0.072787
-0.053499
0.889157
0.458113
0.030732
0.478744
0.247108
-0.512436
-0.402570
0.253395
0.161534
-0.526780
0.284585
0.949705
-0.723930
0.055696
0.598926
0.935911
-0.784417
0.788385
0.719108
0.155492
0.405683
-0.313150
0.114231
-0.726615
-0.529160
0.553941
0.060518
0.149388
-0.057405
-0.768670
-0.961180
0.663686
0.721061
0.370708
0.295877
-0.602161
0.554186
0.562487
0.325968
-0.512741
0.809259
-0.649953
-0.035005
0.653005
-0.393902
0.356365
0.173986
0.298441
-0.275674
-0.177587
0.137059
-0.120212
-0.425153
-0.916318
-0.144078
-0.598315
-0.761284
-0.313883
0.391034
0.143040
-0.813776
-0.933409
0.705130
-0.048799
0.589221
0.842158
0.881588
-0.021943
-0.811701
0.854305
0.629994
-0.094577
-0.866329
-0.079867
-0.571337
0.056856
0.904843
0.370830
-0.393353
0.191382
0.870663
-0.803156
-0.626576
-0.103610
-0.128330
-0.284890
-0.805231
-0.399152
-0.737663
0.194983
0.319315
-0.918271
-0.801141
0.698904
0.971618
-0.455367
0.985168
-0.562731
-0.076449
-0.154149
-0.772454
-0.765007
0.516587
0.604663
-0.200476
0.011689
0.802484
-0.511155
-0.791314
0.141087
0.232826
-0.852657
-0.125828
0.752068
0.657155
-0.810846
-0.807855
0.692434
-0.010773
0.283303
0.282754
-0.609180
0.733390
-0.600085
0.874264
0.082736
0.010346
-0.352153
0.029633
-0.051057
0.339091
-0.068270
-0.716178
0.422834
0.229713
-0.166478
-0.241981
-0.841792
-0.594104
0.167760
-0.303995
-0.564928
0.836299
-0.481246
0.389996
0.476485
-0.888058
0.291360
-0.648122
-0.818232
0.840754
0.485397
0.932005
0.271523
-0.420087
-0.924741
-0.778253
0.509140
0.920713
-0.540391
-0.142918
-0.218238
-0.772454
-0.888119
0.716178
0.980895
0.880551
0.864010
-0.148228
-0.439741
0.181310
-0.535508
0.929746
0.804987
-0.431990
-0.923887
-0.370891
0.906308
0.829035
0.515671
0.743522
-0.526231
-0.985107
-0.024201
-0.653005
0.504196
0.180456
-0.693594
-0.430036
0.638356
-0.896359
-0.464156
0.378948
-0.720023
-0.357585
0.964843
0.537645
0.599719
0.588977
-0.275552
0.029328
-0.023774
0.131504
0.818659
-0.616871
-0.671010
0.265542
0.095431
0.690847
-0.390790
-0.667592
-0.417707
-0.380779
-0.106113
-0.358013
0.662465
-0.126988
-0.121311
0.714896
-0.690237
-0.155553
-0.934996
0.401837
-0.044649
-0.632557
0.293924
-0.854122
-0.318033
0.628162
-0.929258
0.016205
-0.120762
0.151524
0.251137
-0.424116
0.436445
-0.017304
-0.037629
-0.639332
-0.003082
-0.679556
0.670949
-0.400250
-0.598132
0.202979
-0.752129
0.889218
-0.521897
0.329875
-0.113926
-0.838618
0.641957
0.003327
0.069979
-0.998657
-0.393048
-0.524949
0.177526
0.017975
0.008026
0.902768
-0.402081
0.775140
0.453475
-0.891842
0.313089
0.712210
-0.211158
0.195044
-0.602893
0.317301
-0.973693
-0.284158
0.161657
0.900571
0.417524
-0.273049
0.388714
0.317118
-0.191931
-0.310282
0.983215
-0.047456
-0.042940
0.206153
0.596484
-0.943419
-0.523850
-0.058443
-0.535630
-0.421491
-0.070162
0.345927
0.170873
0.372356
-0.277810
-0.796930
-0.621570
-0.070345
-0.099094
-0.187292
-0.826899
-0.927732
-0.147191
0.748222
-0.314798
-0.198035
0.620472
-0.576708
0.102329
-0.881832
-0.235511
0.271035
-0.366985
0.417768
-0.279458
0.044649
-0.815424
-0.947508
0.451460
-0.475997
-0.921934
0.097568
0.046297
0.181494
-0.775933
0.668935
-0.932005
-0.191382
-0.116184
-0.262368
-0.102939
-0.465743
-0.083895
0.902219
-0.149266
0.966796
0.676870
-0.666128
0.981201
0.117283
-0.070528
0.444624
-0.197119
0.003876
0.561083
0.658620
-0.608692
0.954527
0.649831
0.507126
0.002228
-0.029206
-0.293374
-0.434675
0.352214
0.312906
-0.495407
0.075777
0.570666
-0.814631
-0.383709
0.513230
0.202124
-0.191748
0.841121
-0.187536
0.920957
-0.931639
0.768365
0.554979
0.897519
-0.739372
0.618702
-0.638661
0.857051
-0.316080
-0.576708
-0.039583
0.968688
-0.666311
0.213172
0.149632
-0.615833
-0.438765
-0.356548
-0.869625
0.484909
-0.129246
-0.803949
0.484725
0.655812
0.508652
0.611927
-0.415754
-0.156529
0.531175
0.704520
0.807489
-0.035188
0.448836
0.840571
0.620899
-0.360393
-0.351115
0.313395
0.884823
-0.180334
0.263649
0.188025
0.932249
0.245338
-0.290445
-0.254128
0.314676
-0.282388
-0.246254
0.676565
-0.151036
0.784906
0.514389
0.572497
-0.913633
-0.627125
0.232521
-0.371136
-0.777520
-0.600085
-0.223975
0.992676
0.765313
-0.731071
0.692373
0.097324
0.394940
-0.062838
-0.101108
0.505844
-0.309549
0.279458
-0.245399
0.481735
0.708060
-0.446577
-0.829096
-0.050203
0.552965
-0.504501
-0.464278
-0.846980
-0.333476
-0.910703
0.862911
0.369854
-0.424238
-0.504379
0.520310
0.293069
0.908933
0.282327
0.400555
-0.952452
-0.891171
-0.637135
0.354045
-0.532701
-0.778558
0.610645
-0.218787
-0.482223
0.941649
-0.020295
-0.912778
0.692923
0.155126
-0.938047
0.973571
0.815607
0.752007
-0.095614
0.390301
0.156346
-0.048311
0.706412
0.009980
0.090548
-0.647877
-0.709769
-0.702628
-0.673879
-0.715629
0.144261
0.300882
-0.925962
0.855831
-0.798517
-0.593616
-0.128330
0.924253
-0.271157
-0.885861
-0.222388
0.149754
-0.472640
0.892514
0.781915
-0.473312
0.898801
-0.683279
-0.333110
0.516282
-0.602039
0.602344
-0.404767
0.713981
0.503891
0.243812
0.733512
-0.340800
-0.604358
-0.749077
-0.119968
-0.525376
0.555284
0.884335
-0.210669
-0.487594
0.238624
0.960936
-0.987854
0.756584
0.160680
0.047334
0.581957
0.032136
0.580493
0.276894
-0.408856
0.051241
-0.618397
-0.603198
-0.704764
-0.958129
-0.785028
0.077914
0.529221
0.174169
0.001740
-0.343791
0.650563
-0.230079
-0.671255
-0.805170
-0.489608
0.248634
0.423200
-0.190161
0.304666
-0.382000
0.066683
0.436140
-0.635426
0.940733
-0.249489
0.261635
-0.065340
-0.962828
0.809503
-0.934324
-0.712088
0.790887
-0.310465
-0.917356
0.890744
0.268777
-0.213660
-0.845027
0.944395
0.877316
-0.938414
0.340251
-0.458235
0.766228
-0.630299
0.628834
0.530198
-0.042207
-0.336650
0.730033
0.067965
0.796197
-0.140233
-0.119175
0.935850
-0.178014
-0.586901
-0.977966
0.852779
-0.418195
0.506760
-0.067598
0.807184
0.225379
-0.150487
0.731315
0.289407
-0.587146
-0.982543
-0.071444
-0.093417
0.873592
0.791009
-0.520188
-0.457747
0.122959
-0.009491
-0.818293
-0.957091
0.327860
0.330058
-0.531785
0.234046
0.494552
0.114780
-0.743034
0.791070
-0.632008
0.731376
0.507370
0.945982
0.183874
-0.280313
0.334452
-0.519883
0.365520
0.290017
-0.813410
-0.947752
-0.159825
0.473861
-0.075045
0.698294
-0.571581
-0.658742
0.051180
0.168004
0.916013
-0.116245
0.804010
-0.053804
0.334819
-0.362346
-0.808466
-0.171545
0.293741
0.105564
0.363628
-0.708731
0.551134
-0.661916
0.132664
-0.497665
-0.007782
0.966735
-0.799188
-0.151097
0.403790
0.506638
-0.859188
0.603137
-0.409284
-0.103000
0.123386
-0.558702
-0.646657
-0.160375
-0.656911
0.831416
0.398358
-0.220679
0.058016
0.614978
-0.902524
0.648061
0.108737
-0.924375
0.577807
-0.305643
-0.393292
-0.666250
0.423750
-0.893307
0.260109
-0.640553
-0.621754
-0.778314
0.666128
-0.852290
-0.539048
-0.874081
-0.544237
-0.391156
0.388592
-0.540452
-0.752251
-0.288553
-0.448347
0.224647
-0.355937
-0.320780
-0.876034
0.685842
0.097629
0.623280
-0.275979
-0.801386
-0.009369
0.287698
0.009064
0.792291
-0.868709
0.355632
-0.034028
-0.619861
0.957030
0.983215
0.654164
0.478561
-0.146092
0.141270
-0.503403
-0.855525
0.431562
-0.563707
0.384320
0.798395
0.305582
-0.925840
-0.655812
0.785211
-0.387371
-0.634571
-0.046541
0.932127
0.614429
-0.991028
0.477889
-0.504074
-0.404828
-0.448775
-0.255287
-0.154942
0.856746
0.643422
-0.977233
-0.190161
0.165075
0.227393
0.931822
0.235084
0.314249
0.271706
0.996460
-0.604602
-0.431379
0.685171
0.884091
0.125523
-0.928098
0.386029
0.646718
0.363506
0.607959
0.993530
-0.877499
-0.550707
0.534227
-0.571825
-0.615101
-0.531602
-0.259987
0.989563
-0.565905
-0.167150
-0.342143
0.847713
-0.589221
0.701956
0.712760
0.394391
0.843379
0.374798
-0.377300
-0.782220
0.301187
-0.709037
-0.490646
0.687551
-0.048189
0.390973
0.777459
-0.496139
0.774895
0.302835
0.367901
0.489914
-0.256020
0.013092
0.236366
-0.658193
-0.523423
-0.185644
-0.721671
-0.154149
-0.438215
-0.448103
0.933592
0.727226
-0.792352
-0.895505
-0.896176
-0.729118
0.837031
0.194128
0.280374
0.314310
-0.197974
-0.793573
0.513352
0.108554
-0.232521
-0.427107
0.682119
0.209082
-0.672231
-0.570482
-0.388165
0.404889
-0.073885
0.282388
-0.361980
0.781426
-0.259194
0.096835
0.638295
0.689871
0.194189
0.251686
0.676992
-0.986450
-0.405011
0.340983
-0.305216
-0.930052
-0.166051
0.720267
0.693228
0.826106
-0.174841
0.504196
0.540269
0.203894
0.217627
0.058321
-0.336650
0.270913
-0.969970
0.780999
-0.260659
0.718925
-0.272988
-0.130222
0.918394
-0.745903
-0.973083
-0.707633
-0.456221
0.415876
0.225379
0.278481
-0.609790
-0.845149
-0.256264
-0.322245
0.900815
-0.785699
-0.270058
0.879879
-0.604297
0.592578
-0.680593
0.067232
-0.997803
-0.203711
-0.440962
-0.076876
0.122044
0.470016
0.844905
-0.901181
-0.587756
-0.524644
-0.564135
0.926023
0.958739
-0.921140
0.395184
-0.867122
-0.672353
0.265419
0.110385
-0.977905
-0.290689
-0.121982
-0.462630
-0.328043
0.668630
0.576769
-0.069246
0.666677
-0.181982
-0.598071
0.621509
0.590442
-0.414594
-0.176916
0.829768
0.090670
0.664235
-0.179724
