0.715079
-0.707450
0.911069
0.890194
-0.138401
-0.550523
0.539964
-0.332682
0.386456
-0.829463
-0.177953
-0.463668
0.879086
-0.956053
0.080233
0.927488
0.600635
-0.162206
-0.450850
-0.257912
-0.577136
-0.781549
0.178747
0.620716
0.958312
-0.954100
0.804376
-0.904172
0.289834
0.784417
-0.793268
-0.756096
0.851924
0.152989
-0.448042
-0.539476
0.111301
0.327799
-0.191259
0.482711
0.499374
0.827570
-0.872555
-0.732170
0.756890
0.683340
-0.399152
-0.426984
-0.711295
-0.274514
0.172155
-0.340251
-0.368999
-0.553148
-0.077120
0.964171
-0.649953
-0.758599
-0.913877
-0.271035
0.605640
0.494980
-0.542711
-0.907712
0.550951
0.149266
-0.823725
0.309671
0.977905
-0.991516
0.373455
0.834101
0.165441
0.883786
0.712333
-0.268410
0.558397
0.017609
-0.069002
-0.016266
-0.696219
0.736869
0.312601
0.342875
0.209510
0.868160
0.841792
0.776666
0.479904
-0.092685
0.404828
0.528977
-0.438887
-0.311136
-0.886959
0.266335
-0.161779
0.164342
0.815424
0.880123
0.731376
0.969115
-0.996216
-0.533372
0.570605
0.280129
-0.783074
-0.406232
-0.625172
-0.258705
0.365825
0.015961
-0.455672
0.707450
0.872921
-0.005463
0.161473
0.095370
0.275491
-0.505295
0.316019
0.367168
-0.254677
-0.489914
0.613514
-0.067904
0.363689
0.085238
0.054720
-0.888852
-0.178198
0.079501
-0.853328
-0.612903
-0.040620
0.705252
0.383221
0.705618
-0.527390
0.584521
-0.071688
0.636402
-0.855708
0.731864
0.681936
0.589282
-0.978942
-0.704520
-0.031404
0.211035
0.043489
0.894162
-0.725761
0.816950
-0.797235
-0.097507
0.808161
0.836970
0.243995
-0.657460
0.571032
0.703421
-0.791253
-0.029328
-0.387799
-0.499619
0.683401
-0.104709
0.829157
0.726554
0.589404
0.389752
-0.437056
-0.733757
0.005097
0.644704
0.169591
0.224403
0.320780
-0.527696
0.187963
0.276894
0.700491
0.319987
-0.259560
-0.878842
-0.862484
-0.720634
0.402081
0.495651
0.587512
0.733695
-0.372906
-0.390362
-0.534959
0.574633
0.964782
-0.378094
-0.849300
0.496078
-0.124668
-0.129063
0.716483
0.674368
0.811151
0.612293
-0.139378
0.452132
-0.835871
0.515976
0.763970
0.802606
-0.226356
-0.689749
0.064364
0.739921
0.470565
0.288980
-0.083651
-0.677480
-0.679373
-0.213172
0.848506
-0.338786
0.200598
-0.087924
-0.479720
-0.537034
-0.774224
-0.917722
-0.445967
0.599109
0.027558
-0.539537
0.981811
-0.490280
0.434370
0.834773
-0.680593
-0.162633
-0.172643
-0.116367
0.418500
-0.109104
0.225990
0.005097
-0.852351
-0.540513
-0.032991
-0.458907
-0.538621
0.083834
0.129551
0.277383
-0.168493
0.694937
0.666982
0.621815
-0.853206
-0.173193
0.561022
-0.251930
-0.123325
-0.191565
0.515427
0.502731
-0.494675
0.206885
-0.723991
0.857418
-0.332316
0.166967
0.754509
-0.966247
-0.299112
0.091586
-0.308451
0.522141
-0.308817
0.206885
0.582324
0.825983
-0.746818
0.347087
0.028047
0.270730
-0.038301
-0.901425
0.487167
-0.034150
0.261452
0.667470
0.728813
0.254799
0.962157
0.827754
-0.107700
-0.027802
-0.065767
0.898190
0.982421
0.349345
0.094394
0.551073
-0.429304
0.158361
0.725822
0.355327
0.290567
0.093234
0.059542
-0.397687
-0.316141
-0.185461
-0.258278
0.059969
0.046052
-0.602222
0.404035
0.053438
0.660939
-0.565294
-0.545518
0.199927
-0.935789
-0.663991
0.297403
-0.814325
0.842708
0.562243
0.602222
-0.288247
0.760613
-0.760430
0.339946
-0.641469
0.252663
-0.741935
-0.453108
0.005707
0.148534
0.221717
-0.813349
0.202429
-0.554369
-0.160375
0.993164
0.769158
-0.146275
0.866634
0.429426
0.310892
-0.065706
0.275674
-0.903867
-0.703421
-0.916868
0.451033
0.185583
-0.031709
0.108005
-0.977172
0.735343
0.137059
0.394757
0.771966
-0.863399
0.274026
0.324870
-0.454390
-0.019074
-0.847591
-0.762749
-0.391888
0.709952
-0.772759
-0.685171
-0.166662
-0.247597
-0.620960
0.803278
0.291299
0.547960
0.857479
0.119907
0.962401
0.111362
-0.901242
0.603504
0.638783
-0.054537
0.686148
0.904111
-0.965270
0.141209
-0.906796
0.554552
-0.774957
0.809626
0.020661
-0.663259
0.733634
0.821345
-0.229835
-0.807855
0.468307
0.281411
-0.860714
-0.394086
0.613758
-0.503891
0.077975
-0.805841
-0.983581
-0.894894
0.578600
0.281838
0.780084
0.306314
0.161290
-0.643422
-0.265236
-0.666433
-0.214331
-0.376263
-0.029084
-0.743034
-0.969237
0.352947
0.770196
0.695730
-0.595691
0.177343
-0.974303
0.013703
-0.107944
0.671682
-0.287210
0.045442
-0.978210
-0.235267
-0.165624
0.732841
0.551073
-0.641041
-0.178014
0.630970
0.202429
-0.018159
0.231910
-0.727226
-0.843562
-0.555895
0.948546
-0.163854
0.352031
0.348552
-0.692312
-0.192236
-0.488327
0.050996
0.285440
-0.513840
0.596973
-0.963561
0.198218
-0.764641
-0.496384
0.449812
-0.711173
-0.691275
0.011689
0.834346
0.272988
0.759331
0.356792
-0.513535
0.050142
-0.026826
-0.809381
0.499252
0.353313
-0.143895
-0.881039
-0.621021
-0.095431
-0.942930
-0.618946
-0.660756
0.567064
-0.761834
-0.667653
-0.896603
-0.962096
-0.215613
-0.607532
0.391278
-0.831660
-0.216834
0.085482
-0.959899
-0.906247
0.632984
-0.402936
-0.260781
0.730461
-0.548875
-0.269997
0.755119
-0.575915
0.552843
0.172887
0.860836
-0.768181
-0.063265
0.791498
0.963622
0.932920
0.329875
0.538377
0.084628
-0.390484
-0.739433
-0.889340
0.103488
-0.694143
0.821711
-0.588427
-0.387860
0.590442
0.764458
0.131077
0.564745
0.829585
-0.539232
-0.328227
0.357646
-0.278237
-0.435347
-0.272805
-0.540269
-0.889889
-0.701956
-0.889767
0.075716
-0.140721
0.126865
0.228431
-0.109592
-0.115635
0.611682
-0.686209
0.924986
0.438459
0.233924
-0.051057
-0.359050
-0.145543
-0.044832
0.750053
0.120151
-0.031831
-0.608081
0.688711
0.348003
0.052461
0.482711
0.037263
0.469893
-0.174047
0.525071
0.307352
-0.222694
-0.462630
0.139317
-0.272317
0.314310
-0.034272
0.905454
0.495773
-0.638844
0.793085
0.984985
-0.094333
-0.413251
-0.391217
0.700858
0.972289
0.658071
0.565294
-0.348369
-0.889523
-0.784783
0.240272
0.226722
-0.835627
-0.084201
-0.099277
-0.011078
0.280251
0.901730
-0.945982
0.967528
0.573168
0.783380
-0.596545
0.688833
0.744743
-0.560289
0.657216
-0.456221
-0.498642
0.908383
-0.746879
-0.550035
0.060274
0.092929
0.345256
-0.178930
-0.772576
-0.230384
0.966796
-0.675161
0.721793
0.679678
0.511704
0.069674
-0.596484
0.353008
0.646901
-0.762566
-0.441633
-0.604846
0.856075
0.887265
-0.352153
-0.406232
-0.970824
0.092563
0.241188
0.841914
0.625477
-0.674429
0.075594
0.852779
-0.562731
-0.571764
-0.086093
0.768853
0.877438
0.788934
-0.821589
0.643117
-0.209143
0.661733
-0.132420
0.168249
-0.386700
0.767327
-0.889706
0.037935
-0.585742
0.799860
0.488205
0.114597
-0.470077
-0.257118
0.466781
-0.248878
0.686941
-0.706473
0.604236
-0.447920
0.914304
-0.948851
0.104221
0.361187
0.282998
0.555834
-0.035981
0.291787
-0.147740
-0.162023
-0.378277
0.694998
-0.415693
0.717582
-0.796197
-0.931272
0.224830
0.796075
0.766839
-0.392315
-0.681936
-0.021699
-0.898618
0.236366
-0.709220
0.840876
-0.349956
0.993835
0.791437
0.618946
0.516648
-0.775323
-0.569811
0.309610
0.326395
-0.964782
0.045015
-0.072115
0.136387
-0.258583
-0.723319
-0.419050
0.445845
-0.789178
-0.451704
0.488266
0.268593
-0.347636
-0.361187
-0.589709
-0.939695
0.842097
-0.756951
0.497665
0.951415
0.122410
-0.355510
0.141575
0.314615
0.169591
-0.205664
-0.871578
-0.106967
0.773247
-0.537217
0.356792
-0.189001
-0.910154
0.770867
-0.495041
-0.744926
0.435957
-0.634571
-0.072970
0.340800
0.366008
-0.619556
-0.456709
0.077486
-0.113742
0.872494
0.427961
-0.998779
-0.517685
0.930601
0.649709
-0.825556
0.800958
-0.043855
-0.430525
-0.250465
-0.554491
0.514573
-0.473128
-0.252663
0.639821
0.393353
0.755791
-0.467025
-0.788812
-0.555895
0.149510
-0.397137
-0.388104
-0.802240
-0.060884
-0.047212
-0.440229
-0.421613
0.448469
0.353923
0.433088
0.462508
0.777947
0.745598
0.886532
-0.650502
-0.262612
0.196936
-0.066744
0.708365
-0.684744
-0.369549
0.844478
0.501755
-0.598865
-0.231422
0.746330
0.745109
-0.027009
0.297647
0.368633
0.436201
0.201880
0.638295
-0.099521
0.222449
0.386151
-0.209937
-0.681082
-0.603931
0.062349
0.574023
0.212134
-0.582873
0.640126
0.076937
0.093661
0.116733
-0.689688
0.314432
0.007111
-0.078524
0.870724
0.250282
-0.071810
-0.581469
0.442366
0.051119
0.579455
-0.088595
-0.206946
-0.219825
-0.786676
-0.539476
0.487716
-0.909055
-0.984191
-0.032502
-0.774468
-0.276406
-0.135533
0.016205
-0.680166
0.758415
0.477035
-0.022492
-0.370342
-0.095920
0.022553
0.850703
0.029267
-0.510788
-0.385479
0.132298
0.607410
-0.833247
-0.290384
0.155919
0.675161
0.068819
0.671255
-0.268349
0.679495
-0.038972
-0.363567
-0.743339
-0.075350
0.613575
-0.675771
-0.426191
-0.884396
-0.983520
-0.027436
0.364360
0.696524
0.620045
0.377422
-0.757622
-0.244606
0.640431
0.528733
-0.926634
0.837397
-0.277810
0.194494
-0.324137
0.767937
-0.710135
-0.991638
0.963500
-0.125278
-0.513535
0.532884
-0.098544
0.712210
0.577013
0.943724
0.336222
-0.225135
0.061617
0.047884
0.561022
0.320231
-0.060335
-0.465804
-0.689383
0.950621
0.755486
-0.569445
-0.062777
0.359783
-0.436262
0.023164
0.107639
-0.481002
0.085299
0.341533
-0.989563
0.593493
-0.449324
0.379376
0.055879
-0.942625
0.774163
0.491440
-0.931394
-0.564257
-0.301492
-0.684988
0.479171
-0.228919
0.459029
0.642323
0.728690
-0.752434
0.616749
0.398541
0.500473
-0.900204
-0.370647
-0.083712
0.489303
-0.091220
0.423750
0.992676
-0.159886
-0.848079
-0.502853
0.576952
0.038240
0.238990
0.263710
0.449263
-0.396588
-0.269387
0.686514
0.782464
-0.395550
0.971313
-0.481429
-0.975097
-0.474654
-0.952574
-0.294778
0.537828
-0.176366
-0.205115
0.249794
-0.982116
-0.445723
-0.059481
-0.874752
0.198828
0.650441
-0.284341
-0.061922
0.826899
0.220069
0.663869
0.318339
-0.997864
0.701712
0.199622
0.372539
0.318033
-0.432417
0.863826
-0.413251
-0.031648
0.334941
-0.250649
-0.614917
0.881222
0.681814
0.568957
-0.654653
0.708914
0.848811
0.951659
-0.650746
-0.628895
0.993896
0.153050
-0.934629
-0.594043
-0.774407
-0.726737
-0.053987
-0.072909
-0.287027
-0.246681
-0.160192
-0.515793
0.488998
-0.018647
-0.607715
-0.342387
0.476424
-0.807062
0.697928
0.260781
0.303140
0.801447
0.799249
0.913144
-0.911496
-0.050874
-0.951720
0.095309
-0.175878
-0.591784
0.230140
0.541429
-0.514573
0.598132
-0.781121
0.551500
-0.323527
-0.910825
0.227638
-0.186071
0.284646
0.771172
-0.395856
-0.046541
0.363323
0.619007
0.740410
-0.746818
0.387371
0.799493
-0.709403
-0.456648
0.570238
0.006928
0.618458
0.156285
-0.812006
-0.216224
0.464278
0.490890
-0.193884
-0.936460
-0.430525
-0.392987
-0.571642
-0.268838
0.645314
-0.587268
0.972167
-0.922605
0.304605
-0.685537
0.351909
0.784417
0.747978
-0.815241
-0.522935
-0.617176
-0.890622
-0.394269
0.607898
0.069308
-0.295572
-0.068880
-0.451216
0.087558
-0.163793
0.565172
0.653188
0.131382
0.489242
-0.245766
0.172399
-0.413862
-0.838252
0.904782
0.842402
0.808527
0.500168
-0.363384
0.306619
-0.958922
-0.336772
0.463301
-0.960570
0.218604
0.895932
-0.722037
0.192480
0.074129
-0.531114
0.158544
-0.581835
-0.918699
0.141636
0.773309
-0.987304
0.855159
0.298074
0.791986
-0.023530
-0.369304
-0.934568
-0.800165
0.640187
0.814447
0.115390
0.822748
-0.925901
-0.911802
-0.113559
-0.749565
0.059359
0.417829
0.863094
0.762017
-0.688101
0.232826
-0.274697
0.864925
0.167272
0.111606
0.713065
0.064669
0.912290
-0.299417
0.501267
-0.031404
-0.896725
0.473983
-0.907407
-0.198462
0.204138
-0.055635
-0.965758
-0.380902
0.243324
0.791314
0.001617
0.085055
-0.180151
0.747917
0.829890
-0.013459
-0.991516
0.738823
-0.444441
0.025544
-0.982543
0.663747
-0.502670
-0.467513
0.705741
-0.212195
-0.834651
-0.810175
-0.599780
-0.001679
-0.205969
0.967833
-0.484603
0.129856
-0.072115
0.190466
-0.056734
-0.376568
-0.273293
-0.646718
0.474532
0.711966
0.460616
-0.983764
-0.016327
0.575732
-0.457747
0.107517
0.222633
0.379681
-0.326456
0.770379
0.551683
-0.865780
0.642628
0.468612
-0.344584
0.983947
-0.113987
0.466292
0.339763
-0.948057
-0.747246
-0.018830
-0.107639
-0.932249
0.623646
-0.461165
-0.703116
0.185644
0.035127
0.341716
0.442366
-0.632984
-0.922788
0.047761
-0.213172
0.853633
0.578967
0.423994
-0.159154
-0.951720
-0.631031
0.167455
0.428816
-0.266091
-0.554186
0.819636
-0.674734
0.714103
0.423383
-0.385784
0.391461
0.823298
-0.308145
0.893368
0.929991
-0.565477
-0.624866
-0.474471
0.112888
-0.179662
0.836177
-0.422224
0.500412
0.266152
-0.280496
0.058931
-0.366131
0.889340
-0.616932
-0.316691
-0.119785
0.690542
0.572863
0.986755
0.148228
-0.822077
0.444929
-0.379620
-0.248512
-0.802728
-0.323344
-0.810846
0.869564
-0.090487
0.444624
-0.621021
0.258522
-0.313700
0.771233
-0.149571
-0.929075
0.888180
0.416425
-0.939756
-0.995605
0.906186
-0.758660
0.196387
-0.496078
-0.799982
-0.338664
0.428999
0.458602
0.577013
0.607471
0.182043
-0.762871
-0.708304
0.145116
-0.007721
-0.102634
-0.118686
0.215552
-0.250710
0.582324
-0.349834
0.137181
-0.959227
-0.896298
-0.692923
-0.701346
-0.184118
0.662099
-0.315104
0.465499
0.437117
0.570727
0.499374
0.559313
0.377728
-0.453475
0.910764
0.313150
0.939879
0.996216
0.596850
-0.232521
0.412580
0.884213
0.546800
0.042024
0.728568
-0.256569
0.712394
-0.946776
-0.085360
-0.599109
0.509812
0.629017
-0.073824
0.946043
0.911679
0.021088
-0.335795
-0.032502
0.399701
-0.624866
-0.207923
-0.284219
-0.830683
0.574145
0.474715
0.104099
-0.261940
-0.659169
0.733024
0.917600
-0.530808
0.682180
-0.954100
0.774529
0.659719
-0.468429
-0.176794
-0.743034
-0.293558
0.147618
-0.543748
-0.901547
0.791009
0.324381
-0.179540
0.907956
-0.011750
-0.733818
-0.666005
0.543382
-0.635121
0.133702
0.453047
0.810785
0.051851
-0.337687
-0.301187
-0.963500
0.135533
0.431501
0.990112
-0.682730
-0.256203
-0.819086
0.807672
-0.327738
-0.387188
-0.084689
-0.677236
-0.585498
0.417035
0.518967
0.742851
0.810785
-0.292215
-0.712821
-0.084384
0.425520
-0.026582
0.724357
0.203711
-0.338359
-0.218604
0.640614
0.417280
-0.178808
-0.370769
0.931883
0.154454
-0.587451
-0.982727
-0.277200
0.248085
-0.196692
0.040925
-0.091647
0.372723
-0.004120
0.366680
0.579211
0.867061
-0.973754
0.681570
0.796258
-0.213355
0.014435
0.086093
-0.569933
0.838801
0.952025
-0.294412
-0.593860
0.618519
0.638478
0.697134
-0.390912
-0.542405
0.486007
0.227088
0.542772
0.517930
0.244667
0.964599
0.259743
-0.189062
-0.108188
0.510056
-0.644093
-0.796625
0.046236
-0.943785
0.760857
0.593799
-0.388775
-0.804682
-0.848262
0.804010
0.745842
0.916318
0.441389
0.353496
-0.078280
-0.097690
-0.908383
0.323405
-0.550401
-0.849116
0.410993
0.812311
0.845576
-0.828425
0.543626
0.246132
0.269631
0.869747
-0.821711
-0.872372
0.221473
-0.006684
-0.714286
-0.378704
-0.446150
-0.905271
0.282144
0.879452
-0.228004
-0.123508
0.364849
0.616626
-0.990661
0.764153
0.926878
0.210608
0.497848
-0.820612
-0.372417
-0.601794
0.243080
-0.564196
-0.608570
0.322855
0.310282
0.837580
-0.615162
0.444197
0.445235
-0.891964
-0.416791
-0.160070
-0.737602
-0.528184
-0.751274
-0.365154
0.062410
0.598804
0.372600
-0.664602
0.628040
0.932920
0.547777
-0.591540
-0.621326
0.853999
-0.960692
-0.590686
-0.772881
0.299539
0.891049
-0.371319
0.791864
0.307169
-0.878475
-0.366619
0.393902
0.741813
-0.870418
0.247108
0.279031
-0.979858
0.252846
0.159398
0.542894
0.614795
0.413312
0.682546
-0.622791
0.109775
-0.277871
0.226417
-0.398358
0.847407
0.471725
-0.666982
0.489486
0.984924
0.562487
-0.957884
0.518540
0.718925
-0.247780
0.552599
-0.501694
-0.720817
0.786920
-0.353191
0.962584
0.954466
0.368816
0.223365
-0.801996
0.517380
0.755486
0.054048
-0.212256
0.900632
-0.109104
-0.013153
-0.322611
0.601550
0.860164
-0.619251
-0.799554
-0.653859
0.489792
0.482589
0.308817
0.221534
-0.079928
