-0.673208
0.091525
0.583178
0.385907
0.265786
-0.073031
-0.006073
-0.097934
0.381512
-0.463301
0.104099
-0.191687
0.449019
-0.559191
0.465316
-0.315043
0.669057
0.638661
0.447127
0.360881
0.619922
0.155370
0.992553
-0.215613
-0.863521
0.672048
-0.159520
0.164953
-0.563280
0.990234
-0.400006
-0.791559
0.343669
-0.362957
0.867367
-0.078585
0.158483
0.926206
0.073946
-0.983520
0.996582
-0.085849
0.084689
0.153111
-0.854183
0.581469
0.406659
-0.138340
0.025666
-0.828120
0.843928
0.089694
0.200110
0.466659
-0.969665
0.456709
-0.446577
-0.591174
0.761467
0.073946
-0.045625
-0.884701
-0.459639
-0.733818
0.523606
-0.247963
0.512131
0.332377
-0.966369
-0.496445
0.264199
-0.658315
-0.467940
-0.048433
-0.639454
0.078219
0.515244
0.518235
0.953124
-0.449080
0.824702
-0.394879
0.321696
-0.676016
-0.285134
-0.723441
-0.849605
-0.127232
0.665639
-0.261879
0.020661
-0.749138
0.326762
0.919797
-0.501999
0.549913
0.615101
-0.240089
0.083773
0.140477
0.754875
0.843074
0.631581
-0.992676
-0.702322
0.156652
0.866939
0.280557
0.501083
0.964660
0.798029
0.981445
-0.641652
0.472823
0.014985
-0.397504
0.746513
0.434187
-0.212867
0.510056
0.732719
0.992187
0.112339
-0.097934
0.712821
0.326090
0.318033
0.183386
-0.845332
0.639760
-0.648610
0.587451
-0.354106
0.440962
-0.780084
0.947935
-0.139561
0.977172
0.514695
0.821772
-0.963622
-0.313211
0.747063
0.670644
0.046785
0.347026
0.726798
0.373455
0.115146
0.443403
0.737358
0.012787
0.024812
-0.037812
-0.627003
0.286721
-0.046724
0.052400
-0.047212
0.756279
0.488266
0.738273
0.349406
0.401288
-0.182897
0.158422
-0.568102
-0.570238
-0.402142
0.640126
0.754448
0.726493
0.041047
-0.891293
-0.589831
-0.111240
-0.978332
0.990356
0.856563
0.604724
-0.349162
-0.467208
0.876034
0.173498
-0.967345
-0.605518
0.431806
0.917417
-0.395856
0.031892
-0.928892
-0.672414
-0.099582
-0.661367
0.159581
-0.290933
0.035066
0.590442
0.537400
-0.005402
-0.513169
0.240211
-0.901914
0.424421
0.464644
0.770684
0.037996
-0.345378
-0.796869
-0.604724
-0.689993
0.497116
0.141453
0.404950
0.060701
0.922727
0.038850
-0.869015
-0.823237
0.173742
0.424970
-0.077853
0.239906
-0.681936
-0.049532
-0.507981
-0.848750
-0.110813
-0.928709
0.384075
-0.483261
0.065889
0.463729
-0.281961
0.072481
0.194067
-0.744133
-0.523423
-0.347453
-0.236000
-0.383282
-0.630421
-0.765191
0.659963
-0.797174
-0.490280
-0.149510
-0.520005
0.899838
0.473983
0.285379
-0.572924
0.195044
0.444807
0.773614
0.890988
-0.570727
-0.944761
-0.201331
0.660024
-0.061068
-0.263222
-0.178503
0.936949
-0.987548
0.804621
-0.641957
-0.960814
-0.207862
-0.212622
0.815302
-0.412824
0.393475
-0.056001
-0.051729
-0.407025
-0.871517
-0.788568
-0.915464
0.304178
-0.572497
0.720756
-0.950377
-0.944029
0.154027
-0.324076
0.024812
0.611621
0.010163
0.800043
-0.986633
0.587695
0.917478
-0.769524
0.336711
-0.340007
0.038911
0.407514
0.208594
0.617481
0.468978
0.964904
-0.327067
0.068819
0.429060
-0.299356
0.932798
-0.555528
-0.956542
0.163976
0.042390
0.378582
0.139500
0.185888
0.691946
-0.884030
-0.525010
0.316813
-0.786920
0.268044
-0.640126
-0.072848
0.893124
0.032014
-0.436628
-0.059664
0.966552
0.035066
-0.869503
-0.643117
-0.200049
-0.424909
0.872005
-0.594958
-0.940977
0.419355
-0.041047
-0.751457
0.639454
-0.977966
-0.237465
-0.649037
-0.342265
0.567919
-0.547716
0.057161
0.004791
0.121799
0.720511
0.972777
0.741874
-0.401898
-0.886166
0.922361
0.475997
0.422224
0.445601
-0.836238
0.905759
-0.095187
0.317789
-0.898312
-0.691763
-0.979614
0.921873
0.216895
0.278848
0.142674
-0.989746
-0.727103
0.227454
-0.010468
0.761711
-0.125706
-0.360332
-0.585314
-0.008271
-0.538255
-0.294839
-0.930723
0.710379
0.303323
0.889523
-0.247902
-0.229347
0.776849
0.375530
-0.080477
-0.892514
-0.492050
-0.333720
0.111484
0.352458
0.308512
0.345622
0.813288
-0.336283
-0.776482
0.835261
-0.175512
0.422163
-0.802850
0.162572
-0.417035
0.637562
-0.694510
-0.958068
0.565538
-0.924741
-0.323222
-0.742851
0.989380
-0.047761
-0.313761
-0.658986
0.535569
-0.373089
0.991882
-0.723624
0.761467
-0.478927
-0.155736
-0.198035
0.086520
-0.451460
-0.923032
-0.799432
-0.989257
0.616565
-0.834956
-0.206030
0.777703
0.707572
-0.933103
-0.732841
-0.017853
0.391949
-0.313944
0.879635
-0.264870
-0.533311
-0.727958
-0.283425
0.655873
0.734428
-0.258644
0.268044
0.918210
-0.174474
0.610340
0.026276
0.544603
0.259804
-0.174841
-0.036958
-0.394391
-0.753838
0.072909
0.279763
0.582751
0.397320
-0.150487
0.969787
-0.327982
0.573412
0.561144
-0.171178
-0.194006
0.030915
0.658620
0.878048
0.138585
0.860714
0.410321
-0.211707
0.928648
-0.805231
-0.394757
0.244118
-0.788812
-0.001679
-0.597339
0.273232
-0.146947
0.623707
-0.432600
-0.047151
-0.745659
-0.956297
0.378765
0.020783
-0.409345
0.724845
0.349712
-0.677541
0.995544
-0.071444
-0.174169
0.061739
0.014863
0.110935
-0.328898
-0.024995
0.883786
0.564318
-0.842036
-0.552599
-0.964537
0.012238
-0.516465
0.953063
0.330973
0.896970
-0.143834
-0.182409
0.009491
0.238868
-0.780145
0.396710
0.294717
-0.529038
-0.702750
-0.866878
0.819697
0.157994
0.251381
-0.020905
0.281961
-0.990844
-0.143468
0.114841
0.393475
-0.458785
-0.596179
0.705985
0.260842
0.971679
-0.510910
0.980529
-0.135594
-0.447371
-0.836970
0.480697
0.062227
0.346538
-0.184973
0.399335
0.911802
0.836238
-0.178503
-0.386395
-0.584643
-0.304910
-0.319376
0.960143
0.926511
-0.553697
-0.061007
-0.504685
0.898190
0.725578
0.522507
-0.634571
0.256569
-0.019318
-0.669790
0.325053
-0.255593
0.943358
0.234657
-0.916562
-0.049165
-0.427412
0.835200
-0.773736
0.830500
0.582934
-0.915647
0.877194
-0.043733
-0.863094
0.572069
-0.576464
-0.720756
0.914670
-0.490036
0.872616
0.405560
0.813166
0.844722
0.868099
0.559496
-0.214881
-0.601489
0.972961
-0.471297
-0.919980
-0.357219
0.682669
-0.342326
-0.030732
0.196509
0.494675
-0.065035
0.845088
-0.725822
-0.579394
-0.771783
-0.799066
-0.992615
0.416730
-0.093905
-0.803766
0.589831
0.260048
0.647511
0.348552
-0.128391
0.278420
0.185278
-0.618763
0.667165
0.864193
0.254738
0.131382
0.185522
-0.732902
-0.182531
-0.409284
0.265114
-0.960570
-0.292398
0.378460
-0.090548
0.872860
-0.493637
-0.705130
0.097995
-0.996216
-0.698904
0.955199
0.223609
0.537645
0.043977
0.455367
-0.891537
0.757927
0.641285
0.513718
0.880978
0.276894
0.867061
-0.828181
-0.182653
-0.428755
-0.005463
0.939451
-0.434675
-0.989990
0.568590
0.788446
0.503891
-0.125340
-0.749077
0.041536
-0.720573
0.527818
-0.380291
0.440596
0.592944
-0.749809
-0.185339
0.388592
-0.813471
0.600391
-0.672170
-0.046541
-0.388897
0.447371
-0.256203
-0.295755
0.916379
-0.304056
0.354228
-0.308023
-0.290201
-0.535020
0.179846
0.332682
0.219581
0.931700
-0.549974
0.262001
0.446699
0.887326
0.002350
0.618030
0.356975
-0.928282
-0.603198
-0.941465
0.097446
0.752678
-0.972228
0.151769
-0.806146
0.930723
0.583728
-0.293191
-0.113132
0.904904
0.936216
0.784295
-0.613269
0.354472
0.467391
0.370037
0.565172
-0.912229
-0.551317
0.214881
-0.585009
-0.450850
0.812860
0.222449
0.866939
0.450362
0.055513
-0.967162
-0.784234
-0.950621
-0.603381
-0.806574
0.865047
0.621326
-0.242225
-0.457320
0.437910
0.449995
-0.359539
0.438765
0.701102
0.978942
-0.322611
0.130406
-0.787774
-0.638844
-0.789727
-0.000214
-0.499435
0.344462
0.539171
-0.662160
0.291971
0.587268
-0.271340
0.532212
-0.892392
-0.227271
0.593371
-0.010590
-0.249123
0.184057
-0.009796
0.121372
0.937193
-0.597339
0.217444
0.036592
0.756401
0.692251
-0.999573
0.712027
0.143101
0.164647
-0.295999
-0.702322
-0.886532
0.404340
-0.603687
0.730399
-0.364177
-0.392804
0.446516
0.086154
-0.410810
0.283486
-0.707266
-0.751457
0.409284
-0.585498
0.585803
-0.260659
-0.671255
-0.842830
0.948302
-0.187414
0.283731
0.111850
-0.211219
-0.468917
0.899899
-0.756035
-0.235206
-0.636341
0.706168
-0.570116
-0.895322
0.371197
-0.280251
0.572375
0.977172
-0.773736
0.072054
0.888913
-0.106784
-0.677847
0.009308
0.226539
0.119114
0.972777
-0.893185
-0.381573
-0.103122
0.503952
-0.791375
0.160436
0.666982
-0.896786
-0.387432
0.688772
-0.091281
0.367901
0.299844
-0.429731
-0.844417
0.022858
-0.917661
-0.362712
0.859859
-0.223914
-0.369121
0.045198
-0.271889
0.239784
-0.535081
-0.819269
0.061556
0.982360
-0.132786
-0.762871
-0.263100
-0.667348
0.806879
0.935057
-0.490341
-0.381695
-0.738823
0.637257
0.198523
-0.508469
0.746269
-0.293619
0.755547
0.122288
-0.856136
0.535936
0.649281
-0.713981
-0.167150
-0.488876
0.770013
0.523972
-0.525193
0.631153
0.013886
0.198096
-0.824519
0.700552
-0.153783
0.941343
-0.328166
0.043916
-0.639882
-0.838069
0.889706
0.026826
0.300333
-0.620228
-0.756401
0.136753
-0.628712
0.638844
0.525498
0.037324
-0.418439
-0.842280
-0.955687
-0.463240
0.014374
-0.617603
-0.319742
0.500961
-0.040254
-0.407147
0.890072
0.149022
0.751091
0.939329
0.088900
-0.059297
0.526597
-0.847041
-0.916929
-0.653554
-0.154088
-0.517197
-0.490707
-0.909360
-0.790033
0.334574
-0.729118
-0.643971
-0.973632
0.407392
0.126255
0.584704
-0.886044
-0.156529
-0.508835
-0.005829
-0.871944
0.787164
0.607044
0.319071
-0.511155
-0.360332
-0.416303
0.068148
0.093234
-0.679922
-0.817499
-0.468429
-0.064302
0.144688
0.321574
-0.761528
-0.266396
-0.165929
-0.979675
0.975097
-0.996094
-0.703726
-0.580432
-0.682180
-0.840083
0.239296
0.150853
0.844356
0.412580
0.055696
-0.465316
0.992187
-0.125950
0.421369
-0.428388
0.610462
0.285684
-0.452620
0.789056
-0.285257
-0.072420
0.979858
-0.201086
-0.809748
0.756951
-0.941771
-0.451765
0.237770
-0.924741
-0.205603
0.458846
-0.315592
-0.933470
-0.001556
0.350322
0.751946
0.325480
-0.707327
0.307596
0.629810
0.882015
-0.702872
-0.189917
0.776238
0.007355
0.909177
0.423017
0.348613
0.139378
-0.651234
0.506088
-0.883297
-0.546434
-0.653920
-0.316568
-0.893674
-0.165868
-0.519639
0.158238
0.755913
0.662465
-0.390423
0.137242
0.195898
0.898373
0.612903
-0.366436
-0.796747
-0.636647
0.631825
0.909238
-0.377911
-0.797357
-0.645314
-0.915220
0.028962
0.167333
-0.025300
-0.608142
0.323588
-0.074923
-0.711844
0.350871
0.874569
0.139622
-0.093173
0.925047
-0.881893
0.686880
-0.230445
-0.674856
-0.782159
-0.615528
0.836177
-0.647511
0.515366
0.654347
0.906003
-0.364910
0.284890
0.102023
-0.558580
0.095981
-0.606006
0.006195
-0.866756
-0.772759
-0.016083
0.576464
0.441145
0.198706
-0.732963
0.365520
0.244911
0.706961
0.883053
-0.776666
-0.614978
-0.357952
0.460372
0.013581
-0.055757
0.922178
-0.622791
0.014557
-0.670034
-0.810358
-0.808466
0.771233
-0.744926
0.365520
0.892819
0.778069
0.281167
-0.665029
0.196753
0.228126
0.979553
0.713797
-0.119663
-0.012665
-0.151769
-0.475692
0.618641
0.314005
0.729789
0.479476
-0.940123
0.002167
-0.880367
-0.016083
0.276345
-0.091464
0.943358
-0.630604
-0.695303
0.109470
-0.441023
-0.823847
0.115024
-0.894406
0.164953
-0.374371
-0.812128
0.106784
0.158238
-0.227821
0.997497
-0.619678
-0.759148
0.154210
-0.283792
0.050081
0.173864
-0.514389
-0.793329
0.262978
-0.965331
0.020478
-0.933592
-0.550951
0.702994
-0.884396
-0.582812
0.209082
0.765191
0.464705
-0.516648
0.733024
0.287637
-0.323344
0.645558
-0.779656
-0.329997
-0.501450
-0.784722
-0.633839
-0.276894
0.453230
0.787652
0.716056
0.435224
0.076632
0.786065
0.874630
-0.492477
0.644642
0.565477
0.200354
0.992981
0.257668
-0.140660
0.243629
-0.043672
0.686392
0.514389
-0.877377
-0.831172
-0.330302
-0.678274
0.723075
-0.320231
0.595508
-0.346171
-0.629322
0.057283
-0.419599
-0.904355
-0.231727
-0.981079
0.343791
0.271462
-0.917905
-0.555345
0.357646
-0.584033
-0.582568
-0.298624
-0.061922
-0.930845
0.828059
-0.839595
-0.593127
0.511521
0.398602
0.734367
0.452315
0.554003
-0.149388
0.463790
0.788202
-0.739006
-0.717948
-0.587085
-0.400067
0.156529
-0.094455
-0.308878
0.038850
-0.813288
0.349101
0.199622
0.459517
0.400189
0.839778
0.087252
-0.752739
-0.189184
0.147069
0.861690
-0.868587
0.522446
-0.108676
0.288308
-0.125523
-0.157628
-0.195837
0.707938
0.381451
-0.377606
-0.247597
-0.254189
-0.605823
0.447493
0.988647
-0.605274
0.803217
0.806207
-0.077242
-0.949156
0.569933
0.419355
0.570788
0.884030
-0.917905
0.414411
-0.196081
-0.635792
0.722404
0.969054
0.053682
-0.012482
0.675466
0.994140
-0.436567
-0.300577
-0.660756
0.235145
-0.588672
0.745781
-0.189734
0.004120
0.747490
0.832942
-0.322916
0.532212
0.111301
0.437788
-0.283242
0.091220
-0.548387
0.142552
0.700613
-0.137791
0.273049
0.950072
0.787530
-0.307901
0.421552
-0.253761
-0.754082
0.966918
-0.938963
-0.521165
0.696158
0.833857
0.766900
-0.648610
0.256691
-0.465499
-0.143956
-0.173559
0.048067
-0.729057
0.533677
-0.593249
-0.941893
0.679739
-0.746818
-0.143284
0.443953
0.500473
-0.352641
-0.152623
-0.971068
-0.541307
0.008271
0.221412
-0.304422
0.880306
-0.182592
0.524888
0.313517
-0.520371
0.711539
0.115452
-0.812311
0.983886
0.807184
0.184912
0.044221
-0.994018
-0.645741
-0.720267
0.965514
0.747490
-0.587939
-0.157994
-0.730155
-0.226905
0.196081
-0.717887
-0.382122
0.126316
-0.433454
-0.582934
0.238319
0.865169
0.215003
-0.670827
0.175756
0.171239
0.761162
-0.658559
0.476485
0.625843
0.649831
-0.847530
-0.507675
-0.628285
-0.114658
-0.825190
-0.824641
0.394208
0.690237
0.928587
0.574816
0.376568
-0.419538
0.474837
-0.938780
-0.993713
-0.730949
-0.247353
-0.138096
0.778191
-0.606372
-0.846614
-0.575243
-0.748039
0.240699
0.756096
0.254738
-0.453841
-0.229896
0.824580
-0.304910
0.722159
0.336406
0.544115
0.104465
-0.330424
0.169408
0.181860
0.093966
-0.228309
-0.170812
0.316446
0.600330
-0.561144
-0.076937
0.916196
0.739189
0.308145
0.012909
0.933409
0.981933
0.399945
-0.770135
-0.866634
-0.876522
0.843196
0.818415
0.839900
-0.428816
-0.684439
0.704093
-0.892392
0.610889
0.019135
-0.771905
0.258095
0.091342
0.030915
-0.117710
-0.913022
0.615528
0.995544
0.495468
-0.559435
0.365093
0.326823
-0.311014
-0.240211
0.582018
-0.733695
-0.723685
0.270913
0.032746
-0.103366
-0.185217
-0.307474
0.102512
-0.108982
-0.828608
0.581042
0.298013
-0.613086
0.216224
0.737053
-0.073702
0.380535
0.759575
-0.129063
0.561632
-0.791314
0.308329
-0.226417
0.589587
-0.328776
-0.537950
0.772210
-0.418012
0.775811
0.683096
-0.071932
-0.094150
-0.825678
-0.797052
-0.780328
0.140172
-0.847468
0.527024
-0.853999
0.993774
0.855831
0.723319
-0.572802
-0.753410
-0.210425
-0.543626
0.719169
-0.973693
0.163060
0.556810
-0.393597
0.030793
-0.669546
-0.745109
-0.221900
0.815851
-0.724479
-0.680105
0.069002
0.900510
-0.657826
0.274697
-0.306192
0.295999
0.842647
0.275979
-0.234291
-0.017426
0.595569
-0.762505
-0.653249
0.872311
-0.628224
-0.026826
-0.102817
0.130894
0.980834
0.003998
-0.535936
-0.680471
-0.492233
-0.320719
0.789117
0.246010
-0.874935
0.981323
0.568896
0.282449
-0.647206
-0.178381
0.304422
0.064669
0.565966
-0.665639
0.964476
-0.877377
0.779473
0.253151
-0.125340
0.500656
-0.719474
-0.438093
-0.860286
-0.594592
0.047517
-0.966674
0.845698
-0.090304
-0.067721
0.789300
-0.317606
0.045625
-0.056734
0.594714
-0.814020
0.815912
0.773675
-0.727592
0.491562
0.382855
-0.462081
-0.091342
0.114231
-0.797479
-0.321451
0.167333
0.718070
0.430342
-0.964904
-0.470870
0.275613
0.323099
0.946104
0.583666
0.530137
-0.801325
0.685354
0.694266
-0.719108
0.784356
0.609912
-0.780328
0.565416
0.177160
-0.372112
0.007782
0.389691
-0.002350
-0.231483
-0.076632
0.556383
0.038057
-0.933103
-0.782830
-0.266579
0.681326
-0.214942
0.848811
-0.735771
-0.646474
0.581286
-0.070406
-0.979736
-0.027741
0.029878
-0.954588
0.908322
-0.013703
-0.699881
0.150731
0.533433
0.078280
-0.073946
-0.170385
0.652333
-0.516892
0.858760
0.075228
-0.495285
0.647206
0.655995
0.999817
0.434492
0.897336
0.575976
-0.891842
-0.042268
-0.780511
0.371746
0.808649
-0.671072
-0.863887
0.576830
-0.031648
0.370342
-0.290994
0.861751
-0.027558
-0.673452
-0.342692
0.403302
0.789544
0.072176
-0.934263
-0.221412
0.185827
-0.741630
0.237159
0.658681
0.281961
-0.536668
-0.478011
0.821711
-0.814631
0.466231
-0.704215
0.275735
-0.470687
-0.429060
0.658437
-0.693472
0.268654
-0.758538
-0.014313
0.115268
0.271706
-0.635853
0.985839
0.737968
-0.761467
-0.110813
-0.859737
0.749565
0.923460
0.159276
0.520615
0.250587
-0.566942
-0.513840
-0.238929
0.996216
0.107395
0.375469
0.948851
0.179296
0.880673
0.968566
0.397870
0.336589
-0.101291
0.095676
0.200537
0.696036
-0.834773
-0.631581
-0.897458
0.206458
-0.563036
0.766289
-0.390667
0.308145
0.570116
-0.487716
0.859737
0.964049
-0.746513
0.965148
0.757256
-0.083468
-0.057039
0.348308
0.129978
0.896481
0.335856
0.304117
-0.979614
0.484176
-0.874325
-0.035249
0.062166
-0.660146
0.821467
0.663625
0.794061
-0.512375
0.253883
-0.463057
0.959105
0.022370
0.488144
-0.819697
-0.120701
-0.731681
0.911557
0.816889
0.326823
0.173009
-0.093112
-0.402142
0.909299
0.543382
0.414411
-0.624561
-0.199499
-0.037141
0.981384
0.574633
-0.358867
-0.691580
0.920957
0.890439
-0.247047
-0.305948
0.006623
0.458846
0.438398
0.464400
0.828608
0.059542
-0.201270
-0.313456
-0.540208
-0.869747
-0.890316
-0.526597
-0.134861
-0.686270
0.672414
-0.969420
-0.674062
0.970519
-0.066439
-0.694632
0.151524
-0.818354
0.295816
-0.620655
-0.890805
-0.387799
0.170263
0.843928
0.650197
-0.108615
-0.474288
0.497299
-0.658010
0.116062
0.205176
-0.309305
-0.411481
-0.153478
-0.549608
-0.568346
0.787225
0.433515
0.098300
-0.314554
-0.274819
-0.377483
-0.701224
-0.638722
0.037996
-0.122532
-0.216956
0.492904
-0.250832
-0.416181
0.084445
0.077486
0.177404
0.606067
0.100864
0.164769
-0.351115
0.481368
-0.499130
0.608264
-0.207373
0.829585
-0.775384
0.951109
0.263222
0.070406
-0.297403
-0.705618
-0.594165
-0.566149
0.262612
0.838618
0.367290
0.046663
-0.541490
-0.300272
0.160314
-0.369671
0.985046
0.479659
-0.479659
-0.627308
0.155126
-0.409223
0.615162
0.521226
0.692007
-0.981262
-0.889523
-0.484603
-0.988464
0.239479
0.802484
0.261208
-0.908872
-0.873714
0.807550
-0.988891
0.784600
-0.534898
-0.111667
-0.189062
-0.231849
0.811640
0.558214
-0.388226
0.738517
0.770867
-0.980102
-0.209998
-0.054659
0.967406
0.355083
0.165685
-0.846797
0.894833
-0.677664
0.527818
0.962767
0.649831
0.817621
-0.547655
-0.617359
-0.124424
0.013886
0.137364
0.182226
-0.877804
0.212622
-0.709464
0.423933
-0.612842
-0.466414
-0.328471
-0.341227
-0.152562
0.769829
0.154393
0.464766
0.344401
-0.212683
0.927793
-0.596973
-0.289712
0.171300
0.009125
0.241615
0.103183
0.065828
0.541185
-0.278665
0.877194
-0.084567
-0.698294
0.661122
-0.012665
-0.162938
-0.754265
0.013031
0.265053
-0.033479
0.310099
0.273049
-0.028596
0.337138
0.294351
-0.902463
0.785272
0.505417
0.384503
-0.661794
0.300821
-0.539415
0.632496
-0.399396
-0.431928
-0.604480
0.897214
-0.268044
0.418256
0.539109
0.970275
0.042451
-0.047151
-0.579821
-0.635182
0.926328
-0.111850
0.762993
0.045686
-0.820124
0.082308
-0.220130
0.365398
-0.835810
-0.345805
-0.764092
0.774529
0.811090
-0.816523
0.690298
0.432478
-0.399640
0.742973
-0.358135
-0.314249
-0.040864
-0.701041
-0.468490
-0.798578
-0.639027
0.192724
0.991455
-0.479659
0.777459
-0.336894
0.457625
-0.369610
-0.769829
-0.838252
-0.516587
-0.244484
-0.149022
0.603687
-0.432112
-0.309244
-0.449141
0.125706
-0.751274
0.539537
-0.999878
-0.817988
0.661367
-0.231178
0.555589
0.275491
0.046602
0.821833
-0.356059
0.288736
-0.496872
0.366619
-0.626820
0.005524
0.441389
0.796319
-0.690664
0.343669
0.865169
-0.648305
0.845393
0.282815
-0.931394
-0.714225
0.715934
-0.592334
0.509079
-0.034883
-0.182348
0.827570
0.320963
0.864315
0.699087
0.656667
-0.959227
-0.301737
-0.524705
-0.608509
0.867489
0.328288
0.746818
0.458541
-0.081210
-0.775750
0.460128
0.452986
0.797174
0.598193
-0.692495
-0.572741
0.182714
-0.376263
-0.662343
0.407392
0.037690
0.711783
-0.970214
-0.854244
0.149571
-0.922971
-0.982360
0.910337
0.609180
0.386883
0.342753
-0.246620
0.967772
0.386761
-0.393536
-0.257179
0.834956
-0.983764
-0.891903
-0.690847
0.202429
-0.487045
0.743156
0.241981
0.410932
0.892331
0.352886
-0.209021
-0.519578
-0.459639
0.338420
0.389019
-0.105197
0.334819
0.950926
-0.999145
0.837031
-0.963561
0.518479
-0.325236
-0.738395
0.128269
-0.758354
-0.469588
-0.866634
0.535386
-0.065218
-0.119480
0.376873
0.748405
0.335551
0.193701
-0.884213
-0.014801
0.672903
0.542528
-0.919492
-0.116489
0.460982
-0.199194
-0.935545
-0.973388
0.250710
0.897275
-0.766778
0.188574
0.373272
0.675405
0.717948
-0.000946
0.024506
-0.690909
0.801202
0.861507
-0.386822
-0.957945
0.885250
-0.320231
-0.639210
0.797723
-0.172887
0.050081
-0.113437
-0.352580
-0.237220
-0.894955
0.811457
-0.410627
-0.049593
-0.333293
-0.542589
0.103732
-0.046968
0.431684
-0.827143
-0.680898
-0.222877
-0.641041
-0.604175
0.343791
-0.660146
0.785150
0.606189
0.110569
-0.230079
-0.624928
-0.661428
-0.603320
0.005951
0.500656
0.319803
-0.034455
-0.246742
0.896664
0.895505
-0.275246
0.145299
-0.723502
-0.191687
-0.089206
0.103671
-0.878353
-0.022126
-0.554125
0.416608
-0.277627
-0.233009
0.233924
0.807184
-0.078829
-0.784845
0.138462
-0.249245
-0.712455
-0.610828
-0.093417
0.193152
0.345317
-0.784845
0.603626
0.483932
-0.986633
-0.386822
-0.922117
0.388226
0.066134
-0.591113
-0.282327
-0.135594
-0.909482
0.946226
0.809320
0.675649
0.813105
-0.394208
0.656117
0.576464
0.888058
0.242470
0.236061
-0.705435
0.788751
-0.277322
-0.531419
0.978271
-0.754204
-0.675283
-0.271828
-0.122532
-0.909482
0.184668
0.455489
0.320719
0.113804
0.823908
-0.550707
0.662893
-0.537156
0.102878
0.731742
-0.191076
-0.276833
-0.448164
0.790521
0.130284
0.060945
-0.035310
0.595447
-0.591968
0.110202
0.934507
0.200415
0.688589
0.096713
0.654714
0.326273
0.482345
-0.324259
0.793878
0.069674
-0.050203
-0.773064
-0.242897
-0.953978
0.452071
0.782891
0.797723
0.887265
0.869991
-0.250343
0.014985
0.334696
-0.731376
-0.580065
0.675832
-0.148961
-0.621448
0.633168
0.952452
0.100192
0.744865
0.556505
-0.063448
0.458724
-0.331645
0.019318
0.168920
0.958922
0.699087
0.168249
-0.691580
-0.137242
-0.591357
-0.961730
-0.646046
-0.090793
-0.201025
-0.114658
0.833064
0.509568
-0.459517
-0.852229
0.136021
-0.705496
-0.433699
0.314676
0.478744
-0.935545
0.030732
-0.577929
-0.785821
-0.278115
-0.371319
0.875057
-0.349162
0.918332
-0.220740
0.457320
-0.819880
0.672353
-0.856929
0.057283
0.485336
-0.000885
0.721671
-0.009491
-0.681936
-0.444990
-0.776360
-0.788873
-0.877987
0.517258
0.589831
-0.472091
0.399091
0.540574
-0.546495
-0.544786
-0.802362
-0.555284
-0.647023
0.031465
-0.659658
0.873226
-0.721976
0.734489
0.806879
-0.709647
0.544115
-0.529527
-0.587756
-0.363384
-0.426069
0.909116
-0.629200
0.993225
-0.623829
-0.930601
-0.103793
0.202429
0.676382
0.356670
-0.272256
0.107456
0.630360
0.956236
0.077914
0.187597
0.611866
-0.160619
0.789483
-0.457869
-0.189001
0.137974
0.098483
0.874691
0.702811
-0.788568
0.494736
-0.234718
-0.327372
-0.957579
-0.664357
0.437544
-0.121067
0.554186
0.143590
0.195776
0.517380
-0.574450
0.937681
-0.644948
-0.942015
0.854488
-0.604114
0.752495
-0.450056
-0.554491
0.514573
0.433638
0.576830
0.792535
0.431990
0.440901
-0.616993
0.637745
0.023652
0.149510
0.420515
-0.391705
0.103305
-0.263222
-0.571581
-0.009430
-0.394513
0.864803
0.319376
-0.117832
0.748955
-0.647267
0.499741
0.706473
0.550157
0.853938
-0.431318
0.226600
0.570055
-0.891964
0.886227
0.639698
-0.684256
-0.869503
0.153844
-0.368267
-0.734733
0.909055
-0.648549
-0.968139
-0.893918
-0.244667
-0.431990
0.862850
0.286538
-0.289895
0.131809
0.508347
0.590075
0.167882
-0.191321
-0.575793
0.771477
0.029084
-0.133580
-0.740959
0.534959
0.394940
-0.847102
0.313028
-0.785821
0.632130
-0.369488
-0.242225
0.323466
0.891964
0.447615
-0.828974
0.843440
0.716178
0.366314
0.870174
-0.896115
-0.857173
-0.187841
0.499802
-0.374248
-0.274026
-0.630055
0.718619
0.561632
-0.835444
-0.660512
-0.735160
-0.255043
0.145604
0.830683
-0.686087
-0.585742
0.683096
0.758599
0.263344
0.132298
-0.342509
-0.813654
-0.469588
-0.043489
0.679434
-0.452071
0.894223
-0.332194
-0.374981
0.856563
0.091037
0.930540
0.799921
0.049471
0.693350
-0.008454
0.382366
0.935667
-0.186560
-0.591052
-0.181127
0.615406
0.098605
0.173254
0.788018
-0.084445
-0.114109
0.663747
-0.519822
-0.580676
-0.191931
0.567553
0.195044
-0.027802
-0.273110
0.876827
0.567614
0.046602
0.641896
-0.637318
-0.005463
-0.762383
-0.186804
-0.376019
0.578478
-0.553514
0.878658
-0.433454
0.971374
-0.142796
0.218055
0.533616
-0.940367
0.455123
-0.772027
0.421308
-0.533921
0.713736
0.105869
0.982482
0.631336
-0.869991
-0.149815
-0.425031
0.846187
-0.586535
0.931944
-0.773431
0.569079
0.916684
-0.768914
0.305765
0.325724
-0.456771
-0.933226
-0.789239
-0.554247
-0.442671
-0.811884
-0.883175
0.336528
-0.673086
0.993042
-0.772454
0.010895
-0.371746
0.701895
0.155370
-0.771538
-0.317789
0.118809
0.467818
0.225623
-0.083163
0.782159
-0.014679
-0.072665
0.439009
-0.718986
0.442061
0.769402
0.235084
0.897763
0.148534
-0.077120
-0.525071
-0.142796
-0.474654
-0.836970
0.202246
-0.622852
0.892026
0.196753
0.774346
-0.054842
-0.232643
-0.767144
-0.822260
-0.870052
-0.658498
0.456648
-0.371136
-0.368694
-0.504501
-0.616321
0.933226
-0.986328
0.508530
-0.827265
0.110569
0.824702
-0.648732
0.772271
0.315043
-0.031648
0.733573
0.499924
-0.300882
0.441389
-0.707999
0.312296
0.289468
0.916440
0.693167
-0.295022
0.041658
-0.035615
-0.929624
0.763237
-0.005951
-0.293252
0.524888
-0.059053
0.958983
-0.827631
0.512253
-0.184912
-0.160192
-0.016572
0.673208
-0.308206
-0.957701
0.984252
-0.849239
-0.986511
-0.445601
0.605090
-0.323527
-0.328654
0.058626
0.528428
-0.657399
0.831904
0.328654
0.699149
0.444502
-0.564074
-0.475570
-0.878292
0.275246
0.153783
-0.766594
0.299051
-0.996948
-0.799921
-0.029084
0.878292
-0.340739
0.298807
0.229408
-0.618824
0.441877
0.467452
0.264504
-0.761345
0.084811
-0.495468
-0.965270
-0.546129
-0.819758
0.807123
-0.461715
0.632923
0.175939
-0.396588
-0.078341
-0.307840
-0.585986
-0.358623
-0.681692
0.140660
-0.168310
0.827204
-0.981628
0.284219
-0.028901
-0.444563
-0.665944
-0.652211
-0.926511
0.774590
0.892819
-0.980041
0.284219
-0.466964
-0.125828
-0.321818
-0.470626
0.922727
0.484603
-0.822443
-0.947386
-0.566332
0.412702
-0.758171
-0.104404
0.232521
-0.059420
-0.753044
-0.553636
0.125828
0.816767
0.631031
-0.071566
-0.416669
0.763665
0.698782
-0.930357
-0.847407
-0.894711
-0.021943
-0.965148
0.759331
0.116489
0.896725
0.807550
0.742058
-0.531114
-0.239357
-0.753105
0.484176
-0.072909
-0.242103
0.806940
0.314615
0.003082
-0.543565
-0.170812
0.775750
0.222266
0.503342
-0.875118
0.400555
0.796442
-0.924558
-0.481735
0.739677
0.461043
-0.330241
-0.110630
-0.112156
-0.296487
0.418134
-0.859859
-0.942381
0.119846
-0.459395
0.257424
-0.748894
0.762017
0.265725
0.037812
-0.063265
0.942137
-0.184606
0.280251
-0.762993
-0.559313
-0.966124
-0.190344
-0.114353
0.485275
-0.715629
0.387249
-0.462203
0.020478
-0.610584
0.023347
0.604541
0.446333
-0.005158
-0.948363
-0.680715
0.296609
0.448653
0.843623
-0.102939
-0.436323
0.806452
0.536607
0.378765
-0.352641
0.977111
0.860103
0.526719
0.252480
0.967833
-0.636280
-0.676443
-0.408673
-0.727775
0.516953
0.537523
0.350688
-0.589587
-0.416486
-0.792840
0.629322
-0.945128
-0.194617
-0.372295
-0.533860
-0.272927
-0.551439
-0.491562
0.863582
0.431196
0.598560
0.372784
0.236549
-0.706717
-0.148106
-0.668996
0.627857
0.466292
-0.166845
0.514939
0.575915
-0.675283
0.101962
-0.622730
0.084201
0.394452
0.983215
0.085177
-0.962828
-0.685049
0.493515
0.520737
0.967284
-0.673391
0.195898
-0.719901
-0.239601
0.179968
0.522935
0.888180
-0.150182
0.427290
-0.507981
0.384808
0.858638
0.050325
0.835505
0.601428
-0.838923
-0.385784
-0.409040
-0.246071
0.982299
0.005402
0.022858
-0.485824
0.250832
0.674306
-0.632435
0.625843
0.675771
0.129856
-0.912595
0.428266
-0.392743
0.741264
-0.934080
-0.100803
0.093905
-0.194555
-0.360271
0.618702
0.290628
-0.444075
0.168554
-0.389264
0.444929
0.121067
-0.292154
0.400861
-0.078524
-0.583422
0.185644
0.080477
-0.093417
-0.244911
-0.286966
-0.219459
0.666372
-0.087130
0.072970
-0.881954
-0.995666
-0.469466
-0.084872
-0.875729
0.076266
0.494552
0.624317
-0.331278
-0.911557
0.980224
0.998047
-0.753105
0.001740
-0.357097
-0.532029
0.788446
0.292337
-0.849788
0.984191
-0.813410
-0.152074
-0.881283
0.910947
-0.978942
-0.905637
0.782769
-0.051424
-0.533250
-0.352824
0.048433
-0.770196
-0.451033
-0.945189
-0.244240
0.779290
-0.205603
0.634083
-0.101962
-0.245949
-0.256020
-0.104648
0.216102
-0.661916
0.045320
0.112583
0.524155
-0.264931
0.111667
-0.479659
-0.058626
0.299234
-0.189795
0.893979
0.153966
-0.956297
0.509812
-0.282632
0.566637
-0.925596
0.637745
0.791009
-0.457259
-0.655507
0.658681
0.283303
0.655934
-0.185217
-0.391400
0.719047
-0.783990
0.638295
-0.230934
0.282144
0.569689
-0.538804
-0.555040
-0.558519
-0.443525
-0.644276
0.713187
0.229347
0.919065
0.243629
0.837519
0.750969
0.914731
0.181005
0.058504
0.496506
-0.828425
-0.211646
0.276589
0.722526
0.463485
0.047578
0.358135
-0.161657
-0.464766
0.429365
0.008332
-0.469588
-0.751396
-0.905332
-0.594104
0.304361
0.779351
-0.821833
0.623096
-0.687246
0.457869
0.478561
0.449812
0.416425
0.619312
0.173498
-0.325297
0.365642
-0.810785
-0.693655
-0.643788
-0.712821
-0.576220
-0.532823
0.189856
-0.727103
0.886959
-0.674795
-0.004975
-0.174963
-0.175878
0.320597
0.624805
-0.332560
-0.130955
0.880001
-0.984802
0.109165
-0.862423
-0.596606
0.587085
0.441145
0.452254
0.841609
-0.918638
-0.831538
-0.059542
0.074496
-0.879879
-0.504318
-0.582385
0.949278
0.770196
0.851558
-0.028535
0.675100
-0.637196
0.002594
0.650563
0.136204
0.378216
-0.229286
-0.808222
-0.531602
0.743950
-0.615467
-0.416669
-0.681997
0.083102
0.644642
-0.834956
-0.577685
-0.007965
0.616871
-0.935240
-0.832698
0.478500
-0.039888
0.203589
-0.517930
0.516770
0.147008
0.698416
-0.961241
0.475448
-0.082614
-0.897336
0.072604
-0.505295
-0.007782
0.785272
0.537034
0.572802
-0.822077
0.218299
-0.655263
0.790826
-0.221839
-0.319742
-0.432417
-0.591784
-0.607837
0.871029
-0.202918
-0.829035
-0.729118
-0.898679
-0.629322
-0.010773
0.997436
-0.734184
0.598132
-0.736991
0.109043
-0.224219
0.348186
0.051363
-0.763054
-0.672231
0.007843
-0.388165
0.073580
0.431745
0.415021
0.728874
0.257363
0.004120
-0.695120
-0.692740
-0.561632
0.422163
0.085665
-0.968993
0.279824
0.421979
0.471969
0.282388
-0.189245
0.312601
-0.254494
0.856563
-0.374371
0.775018
-0.354289
0.272744
-0.470199
-0.236122
-0.474227
0.031953
-0.317606
0.760613
-0.839900
0.169164
-0.597339
0.317850
0.370403
-0.009857
0.561144
-0.361919
-0.057161
-0.896908
-0.640614
0.008026
-0.933592
-0.666616
0.096957
-0.581652
-0.345012
-0.680410
0.127293
-0.060945
0.211219
0.537339
0.452132
-0.254250
-0.350505
-0.297647
0.318583
-0.001556
0.620594
0.984924
-0.143406
-0.526902
0.222083
0.248573
-0.374248
-0.250954
0.951537
0.810663
0.405988
-0.353191
-0.221656
0.842769
-0.313150
0.291971
-0.977905
0.345805
0.755486
0.225257
-0.421674
-0.270669
-0.254189
-0.656911
0.384503
0.953734
-0.168126
-0.845759
-0.806391
-0.363811
-0.893429
0.387921
-0.551988
0.853694
0.140843
