-0.080905
0.091525
0.580859
-0.053804
-0.568957
-0.557299
0.029939
0.378826
0.315348
-0.948729
-0.834895
0.860164
-0.041963
-0.386334
-0.358440
0.620045
0.740837
0.638661
0.431013
-0.948729
0.644459
0.467391
-0.452742
-0.645192
-0.863521
-0.063204
0.650441
0.029817
-0.563280
0.990234
0.684744
0.179235
0.343669
-0.253639
0.812799
-0.480209
-0.348552
0.380718
0.056551
-0.321329
0.407636
0.376385
0.575671
-0.245216
-0.302957
0.015778
-0.907590
0.461837
0.129307
0.704276
0.076937
0.617603
-0.761101
-0.746941
0.391705
0.905576
0.582446
-0.004852
0.739372
0.180700
-0.003937
-0.652455
0.178442
0.916440
0.439802
0.802545
0.613758
-0.775262
0.003754
-0.496445
0.264199
0.489303
-0.472823
0.302713
0.097873
-0.070833
0.893979
-0.931028
-0.711600
-0.796564
0.969970
-0.879269
0.321696
0.693350
-0.296121
0.251015
0.829829
-0.450362
-0.022797
-0.912473
0.136448
0.851497
-0.274514
0.863887
0.839534
-0.955443
0.166112
0.701895
0.545091
0.459334
-0.919004
0.311014
0.863399
0.425214
-0.694082
0.915342
0.695120
-0.405683
0.758477
0.964660
-0.925962
0.095309
-0.174841
-0.062166
0.415204
0.751579
0.746513
-0.797418
0.924131
0.731864
0.732719
0.587939
0.121799
-0.944090
0.712821
-0.765618
-0.908444
0.890866
-0.814203
0.256874
-0.430647
-0.597949
0.714286
0.155004
0.186499
-0.539842
-0.382488
-0.744255
-0.040925
-0.599292
0.330912
0.202490
0.228797
0.305399
-0.555223
-0.241005
-0.834834
-0.281350
0.115146
0.443403
-0.716117
-0.490768
0.576586
-0.617969
0.298318
0.804926
0.766655
-0.361370
-0.561754
0.639454
-0.672414
-0.470992
0.231483
0.981140
0.101535
-0.088900
0.196936
-0.257241
-0.256569
0.128452
0.917112
-0.074007
0.463912
0.761284
-0.356304
-0.289224
0.376507
-0.949156
0.115024
0.184362
0.686453
-0.233314
-0.247353
0.254067
0.907285
0.248451
0.370464
-0.056673
0.934874
-0.251015
0.457930
0.593127
0.192541
0.240272
0.159581
-0.929441
-0.812433
0.607349
-0.769951
-0.295694
0.480392
-0.470504
-0.381512
0.763665
0.317301
0.770684
-0.928343
-0.596789
-0.459273
0.328288
0.952513
-0.970336
-0.434614
0.905576
0.644398
0.022492
-0.151402
0.823054
0.499374
-0.997559
-0.543809
0.777276
-0.872677
-0.533372
0.780999
0.693289
-0.848750
-0.432478
-0.863887
0.157872
0.180883
0.065889
0.264870
-0.563768
-0.081942
0.048555
-0.744133
0.503952
-0.578051
-0.316446
0.755364
-0.452803
-0.765191
-0.961669
-0.066683
0.389019
-0.873226
-0.717093
0.935850
-0.123020
0.806269
-0.274087
0.195044
0.251808
0.773614
0.832942
-0.879757
-0.558885
-0.295450
0.278665
0.070650
0.522996
-0.828852
0.695669
-0.627491
0.269021
-0.307413
-0.998352
-0.609119
-0.161718
-0.957213
-0.412824
0.101901
-0.914426
-0.191504
-0.275185
0.451765
0.430891
0.574633
0.663991
0.460433
-0.771905
-0.587817
-0.587390
-0.280923
-0.324076
0.134312
-0.756767
-0.871700
-0.710440
-0.668569
0.481491
0.391827
-0.769524
0.336711
0.482467
-0.454390
0.833552
-0.005158
0.617481
0.338908
0.964904
0.423383
0.901303
-0.636219
-0.299356
-0.901608
-0.943968
0.037446
0.048616
-0.217627
-0.237281
0.686331
0.185888
0.909909
0.085665
-0.392987
-0.560472
0.769585
-0.787164
-0.702139
-0.692495
-0.909726
0.052583
0.208228
-0.083407
-0.938353
-0.440535
0.746513
-0.643117
-0.481857
-0.723624
0.450911
0.619678
-0.970153
-0.361370
0.393902
-0.953490
-0.673635
-0.840144
-0.700919
0.559313
-0.342265
-0.703482
-0.587634
-0.303995
-0.216163
0.295633
-0.317972
-0.659230
0.437544
-0.401898
-0.886166
-0.693045
0.554308
-0.078890
-0.113071
-0.904111
0.790216
0.490402
0.317789
0.268593
-0.986816
-0.239784
0.567431
-0.479049
0.278848
0.134251
0.025361
-0.479110
0.418439
0.946715
-0.385113
0.131626
-0.356975
0.645985
0.715812
0.118625
0.939390
-0.982849
0.710379
-0.585437
-0.825373
-0.749565
-0.512436
-0.349590
0.436018
0.853389
0.444441
0.600635
-0.333720
0.111484
-0.096896
0.308512
-0.630116
0.742119
0.811335
-0.264138
0.784661
-0.880673
0.455916
0.405622
0.750114
0.437300
0.947142
0.102756
-0.958068
-0.878903
-0.924741
-0.323222
0.851192
0.486190
-0.047761
0.533128
-0.603015
0.085238
-0.373089
-0.801752
0.526780
-0.792352
0.181372
-0.155736
-0.426740
0.683889
-0.967589
0.867916
0.285623
0.418439
-0.547777
0.721610
-0.352763
0.194617
0.139866
-0.169836
-0.133152
-0.245033
0.873775
0.363994
0.272195
-0.264870
-0.437056
0.995544
0.664480
0.655873
-0.457015
0.296487
0.286111
0.263161
0.363445
-0.542650
-0.982849
0.544603
0.109165
0.540880
0.213050
-0.113010
-0.995972
-0.593066
0.200110
0.582751
0.020783
-0.069002
-0.298746
-0.981323
-0.873714
0.735099
0.550707
0.562609
0.030915
0.341288
-0.882260
0.673208
0.860714
0.410321
-0.438704
0.062593
-0.425031
-0.394757
-0.473861
-0.385723
0.689322
-0.074007
0.273232
-0.844478
-0.076449
0.395489
-0.708914
0.918271
0.057161
-0.993835
0.054231
-0.870907
-0.956481
0.900754
0.584704
0.059908
0.200476
-0.384320
0.623035
0.731803
-0.836726
-0.328898
-0.044527
-0.798700
0.227760
-0.579638
-0.552599
-0.245155
0.012238
-0.609729
-0.892697
-0.400494
0.220008
-0.249733
0.076144
-0.965026
0.426069
-0.932432
0.396710
0.294717
0.011750
-0.686087
-0.866878
0.907224
-0.055269
-0.378704
-0.020905
-0.574755
-0.554674
-0.143468
0.363872
-0.741203
-0.377056
-0.532212
-0.813837
-0.931211
-0.230506
-0.266030
-0.444014
-0.977599
-0.447371
0.034761
0.480697
-0.283059
0.346538
0.039338
-0.033845
-0.737114
-0.873836
0.266457
0.052644
-0.584643
-0.253517
-0.496200
-0.895016
0.435835
-0.640980
-0.610889
-0.239235
-0.865841
0.437056
-0.135289
-0.898862
-0.324015
-0.019318
-0.655873
0.285623
-0.648854
-0.568651
0.234657
0.250954
0.309366
0.406110
-0.101291
-0.586474
0.854732
-0.515061
-0.592578
0.022248
-0.773919
-0.863094
-0.120701
0.292093
-0.357891
-0.468673
-0.431745
-0.491501
-0.626270
0.553026
0.782830
0.832392
0.035981
-0.214881
0.705069
0.471419
0.660451
-0.610034
-0.681814
-0.001984
-0.342326
0.863277
-0.453719
0.280313
-0.658376
-0.692434
-0.872860
-0.997620
-0.458480
-0.158361
0.327921
-0.824885
-0.727531
-0.803766
0.742302
-0.355693
0.647511
0.493210
-0.046419
0.774651
0.566027
-0.132420
0.667165
0.046602
0.254738
0.337992
-0.875546
-0.126194
-0.356182
-0.917600
0.265114
-0.294473
-0.292398
0.765740
0.890683
-0.547411
-0.296304
-0.705130
-0.762078
-0.996216
-0.894528
0.955199
-0.650807
0.546190
-0.195349
0.133152
-0.662343
0.994385
0.848628
0.525315
-0.766228
0.545396
0.836299
0.276101
-0.182653
0.288491
-0.563036
0.424360
0.894162
-0.989990
-0.724906
-0.857173
-0.281777
-0.051546
0.499008
0.041536
-0.720573
0.584887
0.617542
-0.786004
-0.551073
-0.323649
0.039827
0.858089
-0.099643
0.600391
-0.954955
0.564257
-0.388897
-0.205176
0.679983
0.788263
0.916379
0.753594
-0.324259
-0.308023
-0.677358
-0.535020
-0.536668
-0.905515
0.035188
-0.531053
-0.549974
0.374920
0.535936
0.676199
-0.224708
0.450972
0.356975
0.988342
0.526719
0.814875
-0.918882
0.192785
-0.972228
0.151769
0.601123
0.770806
0.174413
-0.016266
-0.867122
-0.121677
0.852412
0.574938
0.716666
-0.449812
-0.775933
0.491073
0.312357
-0.634999
0.458663
0.214881
0.226844
-0.316935
-0.931516
0.473922
0.709891
-0.075655
0.360271
-0.967162
-0.784234
0.590381
0.814692
-0.895199
-0.352824
-0.801630
0.091647
-0.001984
0.484909
-0.373699
0.598743
-0.585070
0.275369
-0.073336
0.608570
0.467391
-0.787774
-0.283303
0.640553
0.026154
-0.499435
-0.338847
-0.893124
-0.885922
0.550829
-0.108737
-0.744804
-0.765069
-0.892392
-0.902219
0.928709
0.673879
-0.555284
-0.955565
0.944884
-0.610462
-0.084933
0.966796
0.800226
-0.803827
0.340617
-0.179662
0.287271
-0.629688
-0.399701
-0.373211
-0.233924
0.567370
-0.224830
-0.530747
-0.603687
0.101474
0.000946
-0.392804
-0.246437
0.806391
-0.557237
0.766045
-0.312845
-0.572069
0.296060
-0.832575
-0.090732
-0.900571
-0.671255
0.425153
0.948302
-0.083651
0.668386
-0.027497
-0.509018
-0.864925
-0.511826
0.411603
0.051668
0.648549
0.589343
-0.664724
0.202429
0.126560
0.312723
0.413373
0.782464
-0.563646
-0.735527
0.996826
0.061068
-0.960326
0.072726
0.119663
0.119114
0.972777
0.222144
0.487350
-0.890561
-0.484298
-0.444136
-0.491073
-0.581408
0.204016
-0.511582
-0.495834
-0.091281
-0.555712
-0.008881
-0.566942
-0.844417
0.623341
0.450911
-0.274148
-0.258461
-0.393170
0.022065
-0.195166
-0.747734
0.239784
-0.027314
-0.914487
-0.045808
-0.711112
0.150670
0.293313
0.291910
0.562304
0.117100
0.935057
0.878109
0.318033
-0.734001
-0.370525
-0.640370
-0.508469
0.483139
0.356548
0.755547
0.809626
0.090182
-0.639454
0.286843
-0.713981
-0.167150
-0.633961
0.770013
0.191382
-0.478866
0.872188
-0.386639
0.198096
-0.087619
0.484298
-0.935118
-0.959105
-0.555589
0.043916
-0.278176
0.392193
0.569445
-0.946043
-0.633778
-0.910520
-0.799677
-0.386883
0.909970
0.638844
0.107578
0.877438
-0.887753
-0.842280
0.716666
-0.708060
-0.582507
-0.655690
-0.761040
0.901730
0.216468
-0.407147
0.790277
0.525376
-0.677847
0.028047
0.088900
0.863582
0.156957
0.554308
-0.557543
0.716971
-0.424604
-0.377911
-0.129185
-0.444929
-0.790033
0.334574
-0.343059
-0.606006
0.042940
-0.504624
0.126255
0.871761
0.750114
-0.614185
0.997681
0.339702
0.251198
0.766839
0.287027
0.945189
-0.914914
0.325968
-0.525620
-0.283670
0.061983
-0.515610
0.748772
-0.468429
-0.064302
0.144688
0.806085
0.525559
0.614368
-0.165929
0.917905
-0.542161
-0.882504
-0.126682
-0.553575
0.155614
-0.024323
-0.699149
0.935301
-0.831050
-0.989929
0.055696
0.918210
-0.045808
-0.125950
0.206275
0.167455
-0.089389
-0.834773
-0.905576
-0.736320
0.917966
0.470016
-0.287454
-0.319498
-0.468551
-0.798273
0.050325
-0.242653
-0.182958
-0.781304
0.046358
0.863704
0.411969
-0.081515
0.087436
0.330058
0.957152
0.325480
-0.707327
0.307596
-0.107944
0.882015
-0.649403
-0.574938
-0.011383
-0.756035
-0.212073
-0.871334
0.804682
-0.771355
-0.248451
-0.979675
-0.135777
0.876766
0.397931
-0.316568
0.407819
-0.556200
-0.519639
0.421735
-0.038118
-0.459273
0.366375
0.449690
0.962401
0.619739
0.761223
-0.921628
-0.989807
-0.973266
-0.815607
0.397259
0.608997
-0.479843
-0.004059
0.221412
0.028962
-0.331828
0.612842
-0.608142
0.346294
-0.074923
0.144993
0.171545
-0.653188
0.387982
-0.480148
-0.268349
-0.046480
0.459456
0.886227
0.752495
0.295877
-0.975219
0.750725
-0.381451
0.715812
-0.082186
0.318522
0.225318
0.439253
0.102023
-0.872921
0.979919
0.049287
0.836238
-0.243385
0.116489
-0.291665
0.576464
0.441145
-0.473861
-0.732963
-0.672048
0.410138
0.003815
-0.910337
-0.775323
-0.200659
-0.009491
0.460372
0.899655
-0.055757
-0.863399
-0.622791
0.617420
-0.616565
0.395123
-0.808466
0.195288
0.821345
0.625477
0.472701
-0.055330
0.281167
-0.665029
0.090976
-0.636830
0.610523
0.978393
-0.119663
0.061739
0.658681
0.254921
-0.301126
0.215857
-0.667165
0.696219
-0.668386
0.612415
0.426740
-0.363262
0.327616
0.318522
0.961974
-0.875423
0.473067
-0.476730
-0.441023
-0.871273
-0.457076
0.373272
0.332377
0.971007
-0.812128
-0.849239
-0.519761
0.485336
0.674978
-0.304117
-0.874630
0.154210
-0.152684
-0.414533
-0.622364
0.110569
-0.527940
-0.232215
0.135960
-0.333048
0.126438
0.366863
0.597705
-0.884396
-0.846919
0.817316
0.938780
0.464705
-0.557848
0.733024
-0.656362
0.040559
0.484970
-0.620228
0.126926
0.573351
-0.784722
-0.402203
-0.257118
0.453230
-0.018586
-0.408918
0.761650
-0.047273
0.903745
0.020966
-0.386212
-0.083773
-0.800409
-0.799371
-0.652577
0.758904
-0.593493
0.865413
-0.851436
0.895016
0.990539
-0.877377
0.917112
-0.330302
0.510666
0.418195
-0.357341
0.829585
-0.617725
-0.537584
0.464461
0.156713
-0.904355
0.964782
0.044832
-0.896237
-0.281961
0.899838
0.600757
0.357646
-0.150121
-0.215064
0.948363
0.888424
0.727348
-0.636525
0.590747
0.668752
0.808588
0.398602
0.642933
-0.233619
0.191626
0.518479
0.464827
-0.009491
0.087374
0.088717
0.705069
-0.400067
0.810236
-0.850520
-0.109470
-0.072909
-0.813288
-0.193152
0.085421
0.794366
0.998779
-0.036164
-0.927793
-0.645253
-0.189184
-0.223426
-0.759148
-0.947874
-0.633106
-0.761956
-0.868465
-0.125523
0.920103
0.276345
-0.795831
-0.739738
-0.130711
-0.535142
0.405438
-0.919797
-0.035066
0.707877
-0.247230
-0.544481
-0.498581
-0.932188
-0.395795
0.569933
0.079257
-0.724479
0.884030
-0.917905
0.414411
-0.644032
-0.204627
0.070223
0.957762
-0.405133
-0.228126
-0.836970
0.994140
0.259316
0.938841
0.794855
-0.108798
-0.001251
0.434614
-0.937071
0.308939
0.747490
-0.648732
-0.977294
-0.498520
0.350932
0.437788
-0.283242
-0.492599
0.892758
0.494613
0.190100
-0.574816
0.257973
-0.255165
-0.611866
0.063936
0.552843
-0.253761
-0.920408
-0.548143
-0.718070
-0.437666
0.871273
0.833857
0.766900
0.479110
-0.539781
-0.854122
0.977905
0.633900
-0.605029
0.285989
0.263405
0.500351
-0.934629
0.031159
-0.397443
0.144261
0.443953
0.091525
0.088107
-0.274331
0.050630
-0.675588
-0.564928
-0.446333
-0.416547
0.220923
-0.876400
-0.393414
0.171606
-0.520371
-0.843501
0.158055
0.213904
0.672292
0.643727
0.184912
-0.792413
0.824519
-0.645741
0.722953
-0.752312
0.663686
0.454207
0.007416
0.722404
-0.226905
0.748283
-0.717887
-0.888730
-0.735588
0.982604
-0.343547
-0.794977
0.225074
0.661122
-0.889157
0.432234
0.597339
0.306742
0.909482
0.476485
0.217200
0.360881
-0.123020
-0.860836
-0.952757
-0.316996
-0.825190
0.588061
0.722465
-0.240333
0.928587
0.574816
-0.464522
0.431257
0.351909
-0.239601
0.431806
0.591296
-0.989074
-0.868954
-0.201941
0.589770
-0.132237
0.610218
-0.414411
-0.775140
-0.736747
-0.678091
0.189306
-0.877743
-0.089694
0.460128
0.339457
0.446272
0.469039
0.370098
-0.177038
-0.955016
-0.320597
0.660634
-0.228309
-0.170812
0.316446
-0.678335
-0.656911
-0.712516
0.764885
0.670217
0.765069
-0.265786
0.081820
-0.659291
0.399945
0.699454
0.340373
0.382916
0.843196
0.618030
-0.408307
0.011811
-0.497482
0.704093
0.363872
-0.140660
-0.311930
0.635304
0.319376
0.091342
0.077120
0.678091
0.389508
0.952269
0.031587
0.059481
-0.559435
-0.807794
0.326823
-0.773003
-0.240211
0.582018
0.539964
0.816523
-0.864071
0.032746
0.573717
-0.185217
0.372051
-0.161168
0.706046
0.404218
0.499130
0.298013
0.673025
-0.257241
0.894467
0.394574
0.476608
0.352275
0.654286
0.011872
-0.001740
0.418195
0.105502
0.680898
0.108371
-0.754753
0.060579
-0.575304
0.684439
0.859920
0.414045
-0.094150
-0.825678
-0.902341
0.887326
-0.022492
-0.558763
0.323038
-0.864803
0.059664
0.815912
0.970824
-0.334086
0.560350
-0.210425
-0.101474
-0.923643
0.815607
-0.588244
-0.073641
-0.975463
0.030793
-0.669546
-0.745109
-0.890622
0.815851
0.414838
0.528123
0.069002
-0.741203
-0.135289
0.248024
0.190649
-0.121982
0.837092
0.130711
0.441939
-0.257546
0.119663
-0.664724
0.317362
-0.944823
-0.628224
-0.278726
0.170690
0.802301
-0.765923
0.003998
-0.653188
0.507248
-0.492233
-0.987243
0.551256
0.079989
0.055513
0.088412
-0.830561
0.990112
0.239540
0.184729
-0.007111
0.665212
-0.107456
-0.212683
-0.652638
-0.077425
0.779473
0.736991
0.687857
-0.215979
-0.719474
0.488632
-0.840083
-0.221656
0.047517
-0.840999
0.399335
-0.718131
0.997925
-0.119968
-0.867672
0.309549
0.853511
0.594714
0.293863
0.815912
-0.665456
0.370098
-0.266762
0.990722
-0.535875
-0.153844
-0.630482
-0.797479
0.235817
-0.063204
0.694510
0.913266
-0.972228
0.361858
0.786737
-0.137913
0.952696
0.181310
0.530137
0.091647
-0.997131
0.735160
0.141575
0.279153
-0.601001
-0.350078
-0.168065
-0.938475
0.338969
-0.546800
0.180334
0.030854
-0.231483
-0.110141
-0.153600
-0.014924
0.496689
-0.674184
0.656667
0.656362
0.123936
-0.656240
0.607410
-0.646474
-0.401105
-0.596057
-0.519578
-0.027741
0.029878
-0.408002
0.671804
-0.868404
0.258583
0.150731
-0.148534
-0.097629
-0.073946
0.811029
0.044160
-0.994018
-0.740715
0.249550
0.927427
0.647206
0.655995
-0.644520
0.434492
-0.658498
0.109714
-0.226234
0.644215
0.972106
0.371746
0.808649
-0.221351
-0.937254
0.576830
0.840938
0.390973
-0.290994
0.017975
-0.027558
-0.139866
-0.816340
-0.938719
0.855281
0.779290
-0.313272
0.754692
0.118931
-0.819391
-0.718741
0.236732
-0.680349
-0.536668
-0.370220
-0.191259
-0.814631
-0.928159
-0.704215
-0.984802
-0.470687
-0.429060
-0.531541
-0.132603
-0.750175
-0.101413
0.220618
-0.677908
0.271706
-0.968993
0.681936
0.737968
-0.761467
-0.779290
-0.859737
-0.449751
-0.846675
0.413434
-0.818659
0.437727
0.395062
-0.144261
-0.238929
0.996216
0.371258
0.876034
0.793146
-0.455061
-0.356914
0.968566
0.397870
-0.259438
0.243629
0.777703
-0.072726
0.931700
-0.834773
0.475875
0.298807
-0.510544
-0.563036
0.225440
-0.390667
-0.619739
0.547594
-0.732902
-0.102939
0.499924
0.048189
0.824824
-0.088961
0.215430
-0.057039
0.348308
-0.409833
-0.909604
0.960997
0.304117
0.546068
0.484176
0.701956
-0.035249
-0.887753
0.707999
-0.231849
-0.496811
-0.520676
0.420392
0.891110
-0.993103
0.959105
0.397626
0.461715
-0.918088
-0.357341
-0.898068
0.911557
-0.163121
-0.648488
-0.917600
-0.913511
-0.402142
0.046358
0.344157
0.414411
-0.624561
-0.199499
-0.037141
0.981384
0.257302
-0.569140
0.060335
-0.865474
0.890439
0.250710
0.543870
0.006623
0.204138
-0.771233
-0.749443
0.828608
0.059542
0.447981
0.249306
-0.540208
0.403729
-0.364360
0.510544
-0.134861
-0.227332
0.672414
0.268410
-0.079012
-0.642018
-0.404157
0.115757
-0.091769
-0.902890
-0.341350
-0.620655
0.315043
-0.387799
0.170263
-0.420392
0.650197
-0.108615
0.088534
0.848994
0.947874
0.116062
0.775689
0.823725
0.008393
-0.153478
0.946959
-0.568346
0.787225
0.433515
-0.080721
0.302286
0.672475
-0.820429
-0.071993
0.611316
0.621998
-0.484725
0.313639
0.492904
0.313822
-0.535203
0.871212
-0.921690
0.177404
0.113315
0.100864
0.164769
-0.845943
-0.986633
-0.499130
0.749443
0.704764
0.058687
-0.775384
-0.680837
0.263222
0.070406
-0.037568
-0.149449
0.414533
-0.533067
-0.987548
0.838618
0.421796
0.495712
-0.426984
-0.300272
0.160314
-0.658193
0.985046
-0.066561
-0.482772
-0.627308
0.155126
-0.409223
0.615162
0.361736
0.316324
0.337809
0.463057
0.275430
-0.988464
-0.133091
0.200903
-0.477035
-0.908872
-0.471847
0.807550
-0.012421
0.784600
-0.145482
-0.111667
-0.663991
-0.338420
-0.979980
0.558214
-0.388226
0.219581
-0.033357
-0.625111
-0.209998
0.532945
0.280862
0.581042
0.673574
-0.452986
0.894833
0.555467
-0.881222
0.962767
0.649831
0.817621
-0.270669
-0.617359
-0.124424
0.013886
0.137364
-0.649464
-0.829707
0.110263
-0.287271
0.423933
0.398968
-0.466414
-0.720756
0.258889
-0.283547
0.769829
0.228187
0.449446
0.048616
-0.633290
-0.909055
0.105319
-0.686331
0.171300
-0.284829
-0.418317
-0.754997
-0.897092
0.492111
0.913999
0.758904
-0.384075
-0.698294
-0.445601
-0.012665
-0.219398
-0.754265
-0.307108
0.265053
0.591357
0.310099
0.689261
-0.162084
-0.252907
0.294351
0.319010
-0.401959
0.505417
0.384503
0.857784
0.699087
0.392865
0.501999
-0.399396
-0.659108
0.630543
-0.999390
-0.268044
0.418256
0.539109
0.550401
0.042451
-0.047151
0.594897
0.134434
0.014191
0.624561
0.762993
-0.370708
-0.820124
-0.303568
0.119846
0.365398
-0.835810
-0.564989
-0.764092
0.562853
-0.371807
-0.878719
0.690298
0.432478
0.096591
0.934935
-0.358135
0.252419
-0.040864
-0.701041
0.722953
-0.798578
0.869259
0.778436
0.991455
-0.479659
0.777459
-0.277444
0.457625
-0.369610
-0.801447
0.465072
-0.516587
-0.244484
-0.039094
0.603687
-0.673147
-0.309244
0.312784
-0.659902
-0.751274
-0.707694
-0.999878
-0.840938
-0.682974
-0.619556
-0.804498
0.622913
0.046602
-0.618213
-0.356059
0.288736
-0.607166
0.128941
-0.626820
-0.593188
0.441389
0.327006
0.022553
0.343669
0.865169
-0.535813
-0.445357
-0.731437
-0.931394
-0.714225
0.715934
-0.772088
0.440291
-0.034883
-0.182348
0.429365
0.081271
0.422468
0.541307
0.069857
-0.959227
-0.301737
-0.760613
0.948241
0.867489
-0.678396
-0.479965
0.458541
-0.081210
-0.176611
-0.787713
0.452986
-0.864681
0.598193
-0.529099
-0.572741
-0.871090
-0.376263
-0.662343
0.407392
0.133152
0.711783
0.301248
0.786248
0.158605
0.484909
0.373760
0.006806
0.609180
0.386883
0.998962
0.121555
0.967772
0.386761
-0.393536
-0.189428
0.834956
-0.795099
-0.705985
0.024751
0.682058
-0.323344
0.743156
0.501694
0.677419
0.892331
-0.074129
-0.209021
-0.519578
-0.459639
0.338420
-0.292520
-0.943663
0.876705
0.269875
-0.999145
0.384564
-0.169774
0.518479
-0.325236
-0.072359
0.128269
-0.023408
-0.222816
-0.360637
0.535386
-0.065218
-0.119480
0.066500
0.976623
0.989257
0.193701
-0.180212
-0.014801
-0.945799
0.542528
-0.919492
-0.116489
0.331523
-0.199194
0.774895
-0.973388
-0.793817
0.513108
-0.366680
-0.684072
0.373272
0.675405
0.717948
0.189489
-0.286172
-0.058809
-0.863216
0.896908
-0.231239
-0.104160
-0.414838
-0.904416
-0.933836
0.293863
-0.269997
0.591357
-0.113437
-0.352580
0.043916
0.578295
-0.411847
-0.410627
0.210974
-0.333293
-0.542589
0.103732
-0.465499
0.893674
-0.200903
0.094638
0.869503
-0.747551
-0.604175
0.779595
-0.342814
-0.192541
0.967528
0.110569
-0.230079
-0.940977
0.246132
-0.611377
0.005951
0.320597
0.566088
-0.034455
-0.246742
0.896664
-0.752800
-0.218482
0.145299
-0.723502
0.592273
-0.089206
-0.758904
-0.878353
-0.435408
0.606677
0.416608
-0.277627
0.543870
0.522080
0.807184
-0.078829
0.110263
0.138462
-0.249245
0.387860
-0.656362
-0.155797
-0.960448
-0.329447
-0.028108
0.827387
0.483932
-0.986633
0.449751
-0.571703
0.953917
-0.749504
-0.284951
-0.282327
0.207373
0.561388
0.791681
0.260964
0.677602
0.009613
0.142369
0.656117
-0.251198
0.888058
-0.370525
0.236061
-0.357280
-0.631520
0.659841
-0.075533
0.978271
-0.754204
0.929746
0.211585
0.567858
0.609668
-0.377789
0.052828
0.806391
-0.060457
0.662038
0.064791
0.864315
-0.537156
-0.596362
0.750420
-0.997497
-0.276833
-0.448164
0.438032
0.130284
0.370037
-0.081576
-0.129185
-0.251442
0.509568
0.934507
-0.060213
0.688589
0.096713
0.283975
-0.821589
0.968200
-0.324259
0.194250
0.599414
-0.050203
-0.773064
-0.185400
-0.968749
0.943175
0.782891
0.797723
0.887265
0.869991
-0.482406
0.288980
0.457198
0.228553
0.059420
0.675832
-0.996704
0.199683
0.287454
0.350200
0.100192
0.241859
0.626087
0.134434
0.458724
-0.051241
-0.314493
0.772698
-0.723319
0.699087
0.058931
0.482162
-0.137242
0.650441
0.347880
-0.108860
0.570849
0.649037
-0.939024
0.801508
0.509568
-0.459517
-0.852229
0.817499
-0.286660
-0.433699
0.977050
0.478744
-0.935545
0.137547
-0.577929
0.660512
-0.819514
-0.371319
-0.331767
-0.349162
0.550584
-0.138890
-0.581347
0.254494
-0.857356
-0.061434
0.296915
-0.425398
0.684622
0.721671
-0.385540
0.115818
0.013337
0.791986
-0.876156
0.710196
0.877804
0.589831
0.468490
-0.081088
-0.905576
-0.546495
0.624500
-0.569811
-0.065828
-0.647023
-0.324381
0.039460
0.703177
-0.942564
0.340922
0.806879
0.929685
-0.438643
0.700003
-0.940001
-0.924131
0.377667
-0.734245
-0.622181
0.993225
0.108554
-0.915281
-0.103793
0.117283
-0.135228
-0.372967
0.347514
0.155858
0.630360
0.956236
0.077914
0.946837
-0.681509
-0.160619
-0.561510
-0.457869
0.129734
-0.037263
-0.940428
-0.497848
-0.677114
-0.788568
-0.579394
-0.234718
0.416852
0.285684
-0.173803
0.926572
-0.121067
0.127476
0.321940
-0.632740
0.517380
-0.644398
0.936338
-0.304300
0.521531
-0.386029
-0.604114
0.359722
-0.450056
0.972411
0.514573
0.433638
0.580004
-0.312357
-0.491989
0.440901
0.591601
-0.269814
0.992553
-0.652272
0.420515
-0.391705
0.487228
-0.263222
-0.019684
-0.443953
0.210364
0.864803
-0.626942
0.990234
-0.457198
0.932859
-0.664968
0.706473
-0.204077
-0.457503
-0.072115
0.226600
0.272744
-0.891964
0.288247
-0.137791
-0.684256
-0.588916
-0.077792
-0.230262
-0.229469
-0.816706
0.711417
-0.968139
-0.893918
0.888485
0.114170
0.862850
0.286538
0.125156
-0.046541
0.508347
0.590075
-0.320109
0.823054
-0.575793
0.339213
0.029084
-0.380352
0.458480
0.534959
0.023469
-0.380352
0.497848
0.206153
0.564440
-0.829951
-0.242225
0.658132
0.942198
0.447615
-0.828974
-0.508408
0.716178
0.051973
0.870174
-0.161718
0.273843
0.182897
-0.773492
0.029817
-0.114719
-0.421125
0.718619
0.561632
-0.127964
-0.869198
0.172887
-0.529283
0.145604
0.263710
-0.793817
0.213660
-0.314493
0.976562
-0.464644
-0.001251
0.133274
-0.813654
-0.469588
-0.336161
0.213843
-0.452071
0.464156
0.082797
0.067843
-0.945067
0.834468
-0.301737
0.589953
0.049471
-0.771111
0.393292
0.564501
-0.626698
0.224952
-0.591052
0.260292
-0.822138
0.007660
-0.826411
0.788018
-0.488632
-0.191076
0.663747
-0.640431
0.745598
0.295022
-0.803522
0.875423
0.755730
0.873531
-0.961730
0.567614
-0.065950
0.641896
0.478927
-0.005463
-0.762383
-0.186804
0.818842
0.112278
-0.553514
-0.920774
-0.433454
0.971374
-0.769341
0.218055
0.533616
-0.085177
0.250526
-0.772027
0.421308
0.750603
0.973205
0.105869
0.982482
0.631336
0.440291
-0.198889
-0.772210
0.846187
0.713981
0.931944
-0.196936
-0.667348
-0.591357
-0.555101
0.411054
-0.604907
0.144993
-0.933226
-0.803766
-0.538011
-0.597888
0.502548
0.357219
0.344768
-0.141697
0.877682
0.915708
0.175512
-0.371746
0.933897
-0.673208
-0.771538
-0.783319
0.670278
0.959532
0.686209
0.708914
0.782159
-0.014679
-0.812738
0.078097
-0.718986
-0.839167
-0.804682
0.235084
0.897763
-0.885922
-0.158544
-0.337687
-0.417463
-0.026704
-0.836970
0.202246
-0.402936
0.489059
-0.724418
0.774346
-0.054842
0.695364
0.482162
-0.822260
-0.870052
-0.658498
0.456648
-0.371136
0.856075
-0.504501
0.545274
0.933226
-0.986328
0.508530
-0.316080
0.110569
0.869808
-0.648732
-0.953673
0.567248
-0.968993
0.733573
0.499924
0.382550
0.994995
-0.707999
0.312296
0.604419
0.916440
0.693167
-0.295022
0.436018
-0.035615
-0.929624
-0.657460
0.706290
-0.293252
-0.809137
-0.347758
0.958983
-0.827631
0.512253
0.553880
0.734672
-0.023347
0.273171
-0.466353
-0.957701
0.984252
-0.399457
-0.986511
-0.871578
-0.247536
-0.323527
-0.801080
-0.643544
0.528428
-0.544725
0.982482
0.328654
0.699149
-0.255226
0.516892
-0.475570
0.178320
0.275246
0.773980
-0.949522
0.774895
-0.996948
-0.799921
-0.029084
0.878292
0.475021
0.298807
0.229408
-0.618824
0.441877
-0.964537
-0.414350
0.689077
0.084811
-0.495468
0.462264
-0.811396
-0.845637
0.922422
0.967833
0.632923
0.162511
-0.396588
0.843135
-0.307840
-0.585986
0.139256
0.739189
0.007416
-0.451460
-0.397870
-0.981628
0.284219
-0.028901
-0.623402
-0.665944
0.172094
0.461348
-0.155492
0.892819
-0.539842
0.284219
-0.382977
0.481918
-0.321818
-0.970824
-0.796381
0.888607
-0.705374
-0.866451
-0.566332
0.412702
-0.080966
-0.104404
0.232521
-0.901730
-0.753044
-0.553636
0.607166
-0.966124
0.631031
0.414899
-0.615528
0.072115
-0.331034
-0.930357
-0.847407
-0.894711
-0.982116
-0.965148
0.231849
0.561205
-0.784112
0.807550
0.631825
-0.531114
-0.239357
-0.882809
-0.403851
-0.072909
-0.267067
0.616443
0.314615
-0.862728
-0.543565
0.299051
-0.668691
-0.321146
0.503342
-0.897946
-0.592883
-0.436323
-0.924558
0.436079
0.739677
0.461043
-0.330241
0.443648
-0.400189
-0.296487
0.418134
-0.943236
-0.176061
0.178381
-0.459395
-0.588672
-0.554796
0.762017
-0.842341
-0.739799
0.517014
0.113681
-0.370586
-0.641102
-0.193762
-0.474776
0.269509
-0.671316
0.253151
0.485275
-0.715629
0.684194
0.249916
-0.326029
-0.624439
0.914121
0.362163
0.446333
-0.136082
-0.948363
-0.203467
0.296609
0.448653
0.843623
-0.229957
-0.436323
0.806452
-0.470687
-0.804193
-0.352641
-0.552355
0.962584
0.314432
-0.986084
-0.003204
0.723441
-0.676443
0.125278
0.472762
0.148106
-0.898618
0.350688
-0.589587
-0.416486
-0.792840
0.603626
-0.945128
-0.680288
-0.372295
-0.533860
-0.198889
0.597156
-0.491562
0.018708
-0.245399
0.598560
0.762627
-0.632313
-0.649953
-0.148106
-0.687246
0.627857
-0.199255
-0.166845
0.514939
0.575915
0.448653
0.632923
-0.670522
-0.613758
-0.890744
0.029328
0.723441
0.410566
-0.685049
-0.452742
-0.019684
-0.013031
-0.673391
0.859615
-0.918027
-0.239601
0.179968
0.422712
0.888180
-0.150182
0.065401
-0.507981
0.353740
-0.962706
-0.715995
0.835505
0.409650
0.327616
-0.385784
-0.409040
0.177099
-0.586657
0.005402
0.022858
-0.622181
0.074923
0.926511
-0.184668
-0.495041
0.675771
0.129856
-0.923765
0.428266
-0.392743
-0.983276
-0.426740
-0.294168
0.093905
-0.194555
-0.966674
0.618702
-0.411359
-0.504929
0.716727
-0.389264
-0.280923
0.899777
0.414533
0.601489
0.482284
0.373394
0.702200
-0.989929
-0.093417
-0.244911
-0.286966
-0.142186
0.666372
-0.087130
-0.061251
0.003143
-0.885983
-0.498398
0.094089
0.670644
0.076266
0.494552
0.624317
0.570788
0.176794
-0.666189
-0.994690
0.500107
-0.678213
-0.357097
-0.532029
0.788446
0.292337
0.853267
0.984191
-0.813410
-0.152074
-0.371014
-0.073824
-0.118931
0.146947
-0.153111
0.634510
-0.533250
-0.132115
-0.196387
-0.466720
0.655690
0.432600
-0.244240
-0.763848
0.906674
0.634083
-0.101962
-0.245949
0.996887
-0.104648
-0.548692
-0.597949
0.045320
0.112583
0.213233
-0.774773
0.111667
-0.178076
-0.058626
-0.761956
-0.189795
-0.261391
-0.815485
-0.956297
0.509812
-0.835749
0.852901
-0.925596
0.637745
0.791009
-0.457259
-0.387127
-0.162816
0.283303
0.655934
-0.643483
-0.391400
0.719047
-0.077486
0.638295
0.567736
0.729057
-0.503708
-0.716727
0.109470
0.939695
-0.443525
-0.644276
0.051668
-0.633717
0.919065
0.191504
-0.308390
0.750969
0.070467
-0.493515
-0.805597
0.496506
0.105625
0.635609
-0.742668
0.722526
0.907468
0.796381
0.624989
-0.161657
0.541124
-0.329325
-0.242103
-0.469588
-0.738884
-0.503037
-0.594104
0.096530
0.779351
-0.821833
-0.149388
-0.211524
-0.415448
0.478561
0.449812
0.416425
0.619312
-0.776849
0.468551
-0.623951
0.743828
-0.410077
0.063814
-0.157689
-0.487838
-0.532823
0.189856
0.044954
0.886959
-0.984497
-0.004975
0.969237
0.346294
0.320597
-0.777215
0.372295
-0.130955
-0.593799
-0.087130
0.862606
-0.088290
-0.379925
-0.467635
0.441145
0.957030
-0.224403
-0.918638
-0.831538
-0.059542
0.037446
0.789972
0.824702
0.126499
-0.949950
0.770196
-0.481185
0.983337
-0.253883
0.834468
-0.905820
0.650563
0.153539
0.329264
-0.229286
-0.819941
-0.531602
0.761773
0.103061
-0.910459
0.685171
0.583300
0.644642
0.848140
-0.577685
0.049226
0.835078
-0.935240
-0.832698
-0.669790
0.602832
0.437422
0.549730
0.516770
0.147008
0.698416
0.745354
0.697501
0.247902
-0.897336
0.037446
0.764580
-0.092502
0.040681
-0.176733
0.081027
0.708792
-0.902707
0.930662
0.790826
-0.545030
0.411664
0.266274
0.051607
0.229041
0.695914
-0.202918
-0.566271
-0.518906
-0.898679
-0.629322
-0.307047
-0.919431
-0.865963
0.078707
0.337382
-0.076632
-0.224219
-0.867122
0.051363
0.655324
-0.672231
0.007843
-0.388165
-0.012421
-0.943785
0.415021
0.728874
0.171728
0.004120
-0.695120
0.168249
0.998718
0.049165
0.085665
-0.968993
-0.692557
0.575243
-0.647450
0.282388
0.782159
-0.526109
-0.254494
0.856563
0.138585
0.973083
0.733207
0.272744
-0.955199
0.819880
-0.434065
-0.109226
0.312357
0.597095
0.914365
-0.754753
-0.597339
0.317850
-0.672231
-0.009857
-0.460128
-0.361919
-0.707633
-0.417341
0.789117
0.908567
-0.192602
0.525681
0.796564
-0.243568
-0.166540
-0.374615
0.477096
-0.060945
-0.674123
0.740410
0.452132
0.528245
0.712088
0.772149
-0.186987
-0.001556
0.620594
0.269265
-0.378338
-0.526902
0.056368
0.085299
-0.422895
0.210242
0.502853
0.810663
-0.930357
-0.353191
-0.221656
0.258889
-0.257729
0.291971
0.844966
0.377667
0.755486
0.163366
-0.687857
-0.372417
-0.872677
-0.656911
-0.609668
-0.978088
-0.168126
0.341899
-0.182104
-0.048006
-0.765130
0.916379
-0.971679
0.044893
-0.592090
