-0.955870
-0.994018
0.635914
0.249550
-0.351054
0.647206
0.655995
0.689383
-0.108493
0.897336
0.109714
-0.891842
0.644215
0.972106
0.371746
0.808649
0.330363
-0.863887
0.576830
0.840938
0.370342
-0.972839
0.298807
-0.027558
-0.139866
0.377667
0.838191
0.855281
0.779290
-0.313272
0.754692
-0.170324
-0.819391
0.895871
0.236732
-0.680349
-0.924070
0.150853
-0.191259
-0.814631
0.761895
-0.704215
-0.984802
-0.470687
-0.429060
-0.531541
-0.686758
0.268654
-0.101413
0.220618
-0.677908
0.271706
-0.968993
0.369793
0.737968
-0.761467
-0.779290
-0.859737
-0.449751
0.923460
0.413434
-0.676138
0.052461
0.395062
-0.513840
0.215735
0.996216
0.472274
0.375469
0.568957
-0.102268
-0.329875
0.968566
-0.651601
-0.259438
0.243629
0.777703
-0.072726
-0.451338
0.861324
0.475875
-0.897458
-0.510544
-0.563036
0.225440
-0.390667
0.308145
0.547594
-0.344707
0.859737
0.964049
0.048189
0.824824
-0.088961
-0.083468
-0.057039
0.866085
-0.409833
-0.909604
0.960997
0.304117
0.546068
0.484176
0.701956
0.515000
0.242286
-0.660146
-0.725211
0.669424
-0.025056
-0.512375
0.299112
-0.489120
-0.546007
0.637562
0.448164
0.112522
-0.120701
-0.898068
-0.822077
-0.163121
0.326823
0.173009
-0.093112
-0.402142
0.624317
0.578600
0.414411
0.653859
0.401044
-0.037141
0.981384
-0.882260
-0.416852
0.060335
-0.865474
0.890439
0.250710
-0.305948
0.006623
0.204138
-0.950072
0.464400
0.828608
0.059542
-0.805719
-0.313456
-0.540208
0.403729
-0.818354
0.510544
-0.134861
-0.686270
0.672414
0.268410
0.464278
0.970519
-0.404157
0.322611
0.382550
0.738273
-0.341350
-0.620655
0.315043
-0.752922
0.170263
0.843928
0.267922
-0.108615
0.088534
0.848994
0.947874
-0.776482
0.717338
-0.141820
0.008393
-0.238746
-0.549608
-0.456648
0.787225
0.433515
0.082003
-0.948851
0.113804
-0.820429
-0.071993
0.611316
0.621998
-0.484725
-0.913755
0.492904
0.313822
0.860652
-0.713858
-0.921690
0.177404
0.113315
0.100864
0.164769
0.666128
0.481368
-0.499130
0.749443
-0.192175
-0.244240
0.797540
-0.680837
0.263222
0.070406
-0.037568
0.161596
-0.594165
0.118381
-0.987548
0.838618
-0.306803
0.056307
-0.426984
-0.300272
0.160314
-0.369671
0.811457
0.479659
0.579150
-0.627308
0.181677
-0.409223
0.615162
0.803522
0.592822
-0.981262
0.991028
0.830866
0.512436
-0.133091
0.312906
-0.424848
-0.908872
-0.471847
0.807550
-0.200110
0.784600
-0.145482
0.329875
-0.360881
-0.788141
0.471053
0.558214
0.743461
0.219581
0.770867
-0.625111
-0.209998
0.532945
0.280862
0.892209
0.673574
-0.452986
0.314371
0.555467
-0.881222
0.804498
-0.122898
0.817621
-0.228248
-0.617359
0.118320
0.013886
0.137364
-0.649464
-0.829707
0.473495
-0.287271
0.482040
0.927732
0.024812
0.406049
0.258889
-0.283547
0.769829
0.566881
0.449446
0.048616
-0.633290
0.927793
0.105319
-0.289712
0.171300
-0.284829
-0.418317
-0.754997
0.433760
0.492111
0.913999
0.877194
0.527757
-0.698294
0.414899
0.141087
-0.515549
-0.754265
0.601672
0.265053
0.534715
0.310099
0.273049
-0.162084
-0.252907
0.294351
0.319010
-0.401959
0.505417
-0.177709
0.857784
0.699087
-0.621632
0.632496
0.673635
0.328104
-0.497055
0.263710
-0.268044
0.418256
0.539109
0.550401
0.042451
-0.047151
0.594897
-0.272561
0.365764
-0.104465
0.762993
-0.370708
-0.820124
-0.303568
-0.220130
-0.766411
-0.835810
-0.564989
0.597827
-0.439192
-0.354289
-0.816523
-0.831904
0.432478
0.921812
0.934935
-0.358135
0.252419
-0.040864
-0.701041
0.722953
-0.798578
0.869259
0.778436
0.991455
-0.479659
0.777459
-0.277444
0.457625
-0.369610
0.537461
0.465072
-0.516587
-0.244484
-0.149022
0.603687
-0.920164
-0.309244
-0.491073
-0.659902
-0.751274
-0.707694
-0.999878
-0.496445
-0.713981
0.018097
-0.683523
0.622913
0.046602
-0.618213
0.523362
-0.798639
-0.819147
0.128941
-0.626820
0.130589
0.090732
0.327006
-0.157628
-0.073641
0.865169
-0.535813
0.357402
-0.731437
-0.931394
-0.714225
0.715934
-0.772088
0.335795
-0.034883
-0.182348
0.827570
0.884457
-0.361492
0.783685
0.069857
-0.959227
-0.301737
-0.760613
0.948241
0.867489
0.877377
0.828669
0.179968
-0.081210
-0.775750
0.200537
0.452986
0.797174
0.598193
-0.195715
-0.572741
-0.471541
-0.376263
0.949522
0.407392
0.037690
-0.624989
0.323405
0.647816
0.925291
-0.922971
-0.809320
0.077792
0.609180
0.386883
0.538865
0.121555
0.967772
-0.539964
0.103549
-0.189428
0.834956
0.758232
-0.705985
-0.190039
-0.802301
-0.323344
0.743156
0.501694
-0.042268
-0.217200
0.016205
-0.209021
-0.519578
0.507187
0.338420
-0.292520
0.546678
0.876705
0.269875
0.907590
0.837031
0.081881
-0.550645
-0.325236
0.285684
0.128269
-0.023408
0.121616
-0.360637
0.535386
-0.065218
0.550768
-0.736686
0.976623
0.989257
0.193701
-0.394574
-0.014801
-0.633412
0.542528
-0.919492
-0.116489
-0.269326
-0.199194
0.774895
-0.973388
-0.793817
0.897275
-0.017731
0.188574
0.373272
0.675405
0.717948
-0.270913
-0.286172
-0.529527
0.166906
-0.684317
0.426130
0.566454
-0.414838
-0.004120
0.777703
-0.971557
0.806207
-0.961913
-0.113437
-0.352580
-0.237220
-0.894955
-0.411847
0.448408
-0.049593
-0.333293
-0.840571
0.103732
0.690481
-0.319315
-0.200903
0.094638
0.022187
-0.747551
-0.604175
0.779595
-0.032685
0.622852
-0.240211
0.528611
-0.230079
0.478622
0.006745
-0.611377
0.005951
0.320597
0.566088
-0.034455
-0.246742
0.896664
-0.752800
0.780816
0.145299
-0.723502
-0.191687
0.121494
0.320231
-0.878353
-0.435408
0.440046
0.416608
-0.277627
0.543870
0.522080
0.807184
-0.754509
0.037507
0.138462
-0.249245
-0.712455
0.486801
0.294595
-0.874813
0.345317
-0.784845
0.256508
0.483932
-0.986633
0.449751
-0.571703
0.953917
0.066134
-0.284951
-0.282327
0.207373
0.809076
0.791681
0.260964
0.677602
0.009613
-0.326945
0.656117
-0.251198
0.888058
-0.001373
0.064302
0.508774
-0.951292
-0.589404
-0.075533
-0.409833
-0.754204
0.929746
0.211585
0.567858
0.239174
-0.498825
0.455489
0.790582
-0.072726
0.402753
0.064791
0.698721
0.977599
-0.254738
0.750420
-0.743583
-0.276833
-0.861629
0.438032
-0.037263
-0.928770
-0.081576
0.722037
-0.591968
0.509568
0.934507
0.865902
0.688589
0.096713
0.663503
-0.821589
0.293374
-0.324259
0.793878
0.599414
-0.804010
-0.210791
0.341044
0.114353
0.789972
0.782891
0.797723
0.887265
-0.162572
-0.482406
-0.345317
0.457198
-0.967650
0.059420
0.675832
-0.148961
0.199683
0.287454
0.350200
0.100192
0.744865
0.626087
-0.063448
0.458724
0.255287
0.403607
0.895199
0.958922
0.699087
-0.526414
-0.441694
-0.545213
0.650441
0.347880
-0.108860
0.426069
0.687063
-0.174352
0.801508
0.509568
-0.459517
-0.852229
0.817499
-0.705496
0.911191
0.977050
-0.998901
0.730705
0.890011
0.037996
-0.785821
-0.819514
-0.371319
0.875057
-0.349162
0.397565
0.416242
-0.581347
-0.819880
-0.857356
-0.061434
0.057283
-0.697623
0.638417
0.721671
-0.331339
0.100375
-0.842341
0.791986
-0.788873
-0.053438
0.517258
0.589831
0.468490
0.399091
-0.905576
-0.368572
-0.544786
-0.569811
-0.065828
-0.647023
-0.324381
-0.659658
0.513779
-0.942564
-0.592517
0.806879
0.929685
-0.438643
-0.167089
-0.587756
-0.924131
0.377667
0.029633
-0.553148
0.024018
-0.402814
-0.915281
-0.103793
0.202429
-0.943602
-0.372967
-0.140538
0.634205
0.630360
0.956236
0.077914
0.946837
-0.681509
-0.160619
0.789483
-0.986389
0.129734
-0.037263
0.098483
-0.497848
-0.677114
-0.788568
-0.579394
-0.234718
0.416852
0.899594
-0.664357
-0.222083
-0.121067
-0.886837
0.321940
-0.632740
0.517380
-0.644398
0.936338
-0.644948
0.521531
-0.386029
-0.604114
0.752495
-0.450056
-0.554491
0.514573
-0.695425
0.580004
0.792535
0.064547
0.921140
-0.478195
-0.269814
0.992553
-0.652272
0.420515
0.383404
0.103305
-0.263222
-0.019684
-0.443953
-0.743034
-0.409955
-0.626942
-0.162328
-0.457198
-0.369549
-0.664968
0.706473
-0.204077
-0.731559
-0.431318
0.226600
0.272744
-0.891964
0.288247
0.639698
-0.684256
0.744926
0.153844
0.573351
-0.229469
-0.816706
-0.580981
-0.968139
-0.893918
0.959227
-0.763237
0.862850
-0.351115
0.811701
0.131809
0.111484
-0.890683
0.167882
0.298257
-0.575793
-0.181677
0.428083
0.935484
0.458480
0.534959
0.023469
0.307352
0.425703
-0.785821
0.632130
0.952513
0.824519
0.658132
0.891964
-0.535325
-0.828974
0.251686
0.716178
0.902280
0.870174
-0.161718
0.273843
-0.496811
-0.890378
-0.374248
-0.114719
-0.428816
0.718619
0.322672
-0.961852
-0.869198
-0.374981
-0.193884
0.145604
0.263710
-0.793817
0.213660
-0.067415
0.976562
0.263344
0.132298
-0.757073
0.274758
0.277871
-0.336161
0.960021
-0.452071
0.464156
0.185095
-0.149449
0.094516
0.834468
-0.301737
0.589953
-0.867244
-0.842952
0.393292
0.382366
-0.626698
0.224952
-0.591052
0.475814
-0.822138
0.007660
0.631947
0.788018
-0.950316
-0.191076
0.345195
-0.519822
-0.715262
0.295022
0.569567
0.875423
-0.027802
-0.273110
0.957518
0.255776
-0.639698
-0.707144
-0.072970
-0.005463
-0.762383
-0.186804
0.749931
0.795892
0.500168
-0.920774
-0.433454
0.971374
-0.769341
0.218055
-0.688223
-0.940367
-0.610096
-0.917295
-0.488571
0.750603
0.973205
0.105869
0.982482
0.329875
0.440291
-0.392193
-0.425031
0.846187
-0.174108
0.931944
-0.686697
-0.667348
0.177526
0.669973
0.305765
-0.604907
0.144993
0.015900
-0.803766
-0.538011
-0.597888
0.502548
0.357219
0.233070
-0.211341
0.911740
-0.772454
0.502731
-0.371746
0.312845
0.155370
-0.771538
-0.984802
0.670278
0.467818
0.686209
0.445479
0.782159
-0.014679
-0.812738
-0.058748
-0.718986
-0.839167
-0.075961
-0.267067
0.897763
-0.885922
-0.077120
-0.556810
-0.417463
-0.026704
-0.836970
0.102329
-0.622852
0.489059
0.843074
-0.266213
0.564379
0.708487
0.941099
-0.773064
-0.870052
-0.658498
0.456648
-0.371136
0.856075
-0.559069
0.545274
0.933226
-0.986328
0.508530
-0.316080
0.110569
0.869808
-0.648732
-0.953673
0.567248
-0.968993
0.733573
-0.636158
0.382550
-0.713248
-0.707999
0.312296
0.473617
0.722831
0.693167
-0.295022
0.611072
-0.035615
-0.929624
0.220862
0.706290
-0.293252
-0.772759
-0.059053
0.412397
-0.827631
0.970885
0.553880
0.226112
-0.023347
0.075228
-0.466353
-0.489486
0.984252
-0.849239
0.931272
0.499374
-0.775384
-0.323527
0.713858
0.262001
0.528428
-0.544725
0.982482
0.328654
0.699149
0.444502
-0.464339
-0.475570
0.114902
0.275246
0.773980
-0.699271
-0.378155
-0.996948
-0.799921
-0.029084
0.609180
0.475021
0.298807
0.229408
-0.425581
0.441877
0.654897
-0.414350
-0.474044
0.084811
-0.495468
0.462264
-0.811396
0.692557
0.922422
-0.379498
0.632923
0.052522
-0.396588
0.843135
-0.307840
0.368084
0.239051
0.739189
-0.396649
-0.683096
0.427900
-0.981628
0.284219
0.137852
-0.623402
0.415204
-0.347392
-0.142613
-0.877865
0.104160
-0.222877
0.284219
-0.382977
-0.125828
-0.321818
-0.970824
-0.796381
0.888607
-0.591113
-0.866451
-0.566332
0.412702
-0.080966
-0.617481
0.232521
-0.901730
-0.753044
-0.553636
0.968383
0.867794
0.631031
0.414899
-0.615528
0.072115
0.211219
-0.859859
-0.847407
-0.894711
-0.945555
-0.283364
-0.538499
0.561205
-0.784112
0.807550
0.631825
-0.376812
-0.239357
-0.086947
-0.722953
-0.072909
0.171545
0.616443
0.314615
-0.862728
-0.543565
0.650868
-0.668691
-0.321146
0.503342
0.282327
0.400555
0.796442
-0.924558
-0.016511
0.739677
0.112094
-0.137608
-0.110630
-0.112156
-0.884762
0.418134
-0.943236
-0.176061
0.516648
-0.790826
-0.588672
-0.614368
-0.619922
-0.842341
-0.278054
-0.810236
0.569262
-0.370586
-0.641102
-0.412214
-0.474776
0.269509
-0.671316
0.253151
0.485275
-0.715629
0.684194
0.249916
-0.768792
-0.624439
0.914121
-0.730094
0.446333
-0.136082
-0.948363
0.323710
0.820185
0.448653
-0.521226
-0.479354
-0.649892
0.806452
-0.470687
-0.056917
-0.352641
0.529527
-0.752007
0.314432
0.252480
0.228980
-0.013764
-0.676443
-0.938841
0.644215
-0.528672
-0.922239
-0.785394
0.915647
-0.416486
-0.792840
-0.400616
-0.821528
-0.886654
-0.372295
-0.942625
-0.950499
0.597156
-0.722526
0.018708
0.160192
0.598560
0.762627
0.236549
-0.480087
-0.148106
0.817682
0.627857
-0.199255
-0.166845
0.514939
-0.521470
0.448653
0.632923
0.781793
-0.719901
-0.890744
0.029328
0.741386
-0.328898
-0.685049
-0.840815
0.748405
0.967284
-0.061373
-0.409650
-0.918027
-0.239601
0.179968
-0.522202
-0.617115
0.736381
-0.253945
0.378094
0.807306
-0.349528
-0.715995
0.835505
0.409650
-0.945677
-0.385784
-0.409040
0.105564
0.650563
0.005402
0.309915
-0.622181
0.074923
0.926511
-0.457747
-0.495041
0.675771
0.129856
-0.923765
0.428266
-0.392743
-0.983276
0.068575
-0.478072
-0.222144
-0.194555
-0.966674
0.618702
-0.367229
-0.590991
-0.156590
0.291238
-0.280923
0.899777
0.414533
0.601489
-0.558031
-0.575732
-0.576769
0.418439
-0.093417
-0.244911
-0.286966
0.631581
-0.660207
-0.087130
-0.061251
0.635365
0.814570
0.815119
0.112033
0.670644
0.076266
0.494552
0.050081
-0.331278
0.753471
0.394696
0.998047
0.500107
-0.764824
-0.357097
-0.532029
0.788446
0.292337
0.853267
0.984191
-0.813410
-0.152074
0.039338
-0.073824
-0.656484
0.124119
-0.548509
-0.241188
-0.533250
-0.132115
0.982238
-0.466720
0.123325
0.432600
-0.244240
-0.763848
0.906674
0.634083
-0.157750
-0.245949
-0.256020
-0.104648
-0.837214
-0.661916
0.045320
0.112583
0.213233
-0.269143
0.111667
-0.479659
-0.058626
-0.673391
-0.189795
-0.261391
-0.815485
-0.956297
0.509812
0.876583
-0.734245
-0.925596
0.637745
0.791009
-0.457259
-0.387127
-0.162816
0.283303
0.655934
-0.370159
0.607593
0.758415
-0.783990
0.638295
-0.230934
-0.619434
-0.503708
-0.716727
-0.555040
0.956297
-0.375225
-0.644276
0.051668
-0.633717
-0.355266
-0.627491
-0.880673
0.750969
0.070467
-0.813349
0.248939
0.496506
0.105625
-0.211646
-0.742668
0.722526
0.463485
0.967406
0.008209
-0.161657
0.032807
0.663259
0.963195
-0.469588
-0.751396
-0.503037
-0.594104
0.304361
0.779351
-0.821833
-0.228248
-0.211524
0.457869
0.478561
0.449812
0.416425
0.489059
-0.776849
0.468551
-0.623951
0.743828
-0.410077
-0.564867
-0.157689
-0.487838
-0.532823
0.189856
0.044954
0.886959
-0.984497
0.267617
0.969237
0.346294
0.196387
-0.374981
-0.291604
-0.130955
-0.550951
0.501328
-0.484481
-0.705252
0.563402
-0.467635
0.441145
-0.154088
-0.224403
-0.918638
-0.831538
-0.059542
0.037446
0.789972
-0.097446
-0.907956
-0.949950
0.770196
-0.351543
0.983337
0.884518
-0.637196
0.297525
0.650563
0.153539
0.329264
-0.229286
0.281472
-0.531602
0.761773
-0.996216
-0.910459
0.685171
-0.342143
0.644642
0.848140
-0.577685
0.304788
0.593188
-0.935240
0.085910
-0.669790
0.873531
-0.067110
0.549730
0.516770
0.147008
0.546251
-0.961241
0.341105
0.247902
-0.897336
0.037446
0.764580
0.120457
0.040681
-0.644948
0.081027
0.708792
-0.902707
0.930662
0.790826
0.409833
0.411664
-0.348735
0.051607
0.229041
0.871029
-0.202918
-0.569201
-0.729118
-0.898679
0.403485
-0.307047
-0.919431
-0.865963
-0.605335
0.337382
-0.092624
-0.826533
-0.867122
0.051363
-0.406903
-0.672231
-0.023469
-0.388165
-0.012421
0.431745
0.039460
0.728874
0.171728
0.004120
-0.695120
-0.493942
-0.561632
0.049165
0.085665
-0.968993
-0.307901
-0.085116
-0.647450
0.282388
0.023041
-0.526109
-0.254494
-0.279946
-0.529832
0.775018
-0.853694
0.272744
-0.470199
0.819880
-0.215186
-0.952879
0.307657
0.597095
0.147923
-0.616626
0.718925
-0.395978
-0.672231
-0.328104
0.535936
-0.361919
-0.707633
-0.417341
0.789117
0.008026
0.040193
0.813044
-0.450056
-0.581652
0.529710
-0.374615
0.864437
-0.060945
-0.512864
0.740410
0.452132
0.042207
-0.350505
0.604236
-0.186987
-0.001556
0.620594
-0.662893
0.997131
-0.526902
0.056368
0.085299
-0.621326
0.210242
0.502853
0.810663
0.833369
0.328959
-0.221656
0.842769
-0.313150
0.044099
-0.977905
0.279214
-0.950804
-0.390362
-0.687857
-0.372417
-0.159276
-0.953001
-0.609668
0.316813
-0.168126
0.341899
-0.182104
0.618213
-0.976562
0.916379
-0.971679
0.044893
-0.592090
