-0.080905
0.936094
0.580859
-0.053804
0.819208
0.995361
0.029939
0.378826
0.315348
-0.948729
-0.834895
0.979675
0.086703
0.184301
-0.358440
-0.997742
0.740837
-0.577502
0.431013
-0.948729
-0.117954
0.707450
-0.643117
-0.645192
-0.863521
-0.063204
0.464583
0.029817
-0.563280
-0.385784
0.684744
0.179235
0.343669
-0.421552
0.812799
-0.906980
0.705863
0.677602
-0.994751
0.106784
0.362163
-0.085849
0.617786
0.492538
0.864620
0.445173
0.284829
-0.138340
-0.943602
0.129551
-0.262062
0.064486
0.048250
-0.180944
-0.157384
0.105747
-0.126988
-0.591174
0.790887
-0.203345
0.087802
-0.884701
-0.703177
-0.365459
-0.617237
0.242531
0.512131
-0.775262
-0.840022
-0.496445
0.264199
-0.421979
0.677175
0.352458
-0.157445
0.078219
0.877194
-0.931028
0.460738
0.811151
-0.498093
0.733695
0.321696
0.750359
-0.502792
-0.282022
0.829829
0.762017
0.921079
-0.736991
0.678213
0.532517
0.289346
0.919797
0.839534
0.541124
0.360149
0.575060
0.545091
-0.042817
0.662587
0.389935
-0.135838
0.852657
-0.730705
0.915342
0.389447
0.733024
0.501083
-0.771722
-0.385113
-0.375591
-0.174841
0.547716
0.492660
0.751579
-0.315836
-0.119419
0.656240
0.989624
0.974731
0.587939
0.544847
0.048433
-0.444807
-0.033662
-0.149693
-0.289041
-0.814203
0.044527
-0.734916
0.027070
0.714286
0.105502
-0.348613
0.499008
-0.581530
0.867916
0.257118
0.821772
0.129856
0.872799
-0.290750
0.301248
-0.589038
-0.977721
0.726798
-0.281350
0.115146
0.443403
-0.716117
0.156713
0.014740
-0.533616
0.150426
0.804926
0.638234
-0.460372
-0.600818
-0.867183
-0.799982
0.556261
0.231483
-0.742546
-0.291055
0.046968
0.806146
-0.570238
-0.256569
-0.607105
0.823359
0.193457
0.887082
0.598254
0.543138
-0.289224
0.500168
-0.198157
0.886288
-0.424787
0.699332
-0.970336
-0.247353
0.315836
-0.218177
-0.460189
0.466475
0.092318
0.288125
-0.075777
0.457930
0.446577
0.414289
0.240272
0.159581
0.922422
0.543443
0.590442
0.778497
-0.296731
-0.661855
-0.470504
-0.429487
-0.641591
-0.735954
-0.047029
-0.928343
0.869869
0.644398
0.999451
-0.542955
0.004730
0.141453
0.404950
0.879696
0.395428
-0.913755
-0.869015
-0.329142
0.173742
-0.543809
0.411847
0.786187
-0.533372
-0.049532
-0.507981
0.915281
0.152745
-0.800531
-0.654775
0.180883
0.862117
0.264870
-0.963683
-0.066622
0.335856
-0.344340
-0.409955
0.636036
-0.910276
-0.031892
0.432783
-0.349712
0.234596
-0.666738
-0.901608
0.513108
-0.403546
0.935850
0.089755
0.806269
0.642567
0.195044
-0.929197
-0.220679
0.832942
-0.619190
-0.558885
0.449629
-0.999084
-0.902158
0.166234
0.689138
0.463790
-0.728690
-0.806330
-0.097140
-0.823237
-0.609119
-0.161718
-0.957213
0.451827
-0.194617
0.475631
-0.206702
-0.275185
-0.817866
-0.715751
-0.030732
0.062044
0.130467
0.976379
-0.456709
0.845759
0.712760
-0.324076
0.134312
-0.713126
0.027192
-0.389508
0.407270
0.700552
-0.370220
-0.216163
0.336711
0.482467
-0.482406
0.418378
-0.005158
0.617481
0.573473
0.964904
-0.278176
-0.111606
-0.696219
-0.299356
-0.437483
-0.095676
-0.240028
0.163976
0.042390
0.243751
0.067660
-0.353862
0.346782
-0.100620
-0.184912
0.124485
0.956175
-0.505966
-0.640126
-0.333781
0.317606
0.052583
0.484787
0.976012
-0.336650
-0.440535
0.746513
-0.643117
0.336833
-0.424909
-0.089633
0.619678
-0.970153
0.332865
0.393902
-0.680471
-0.673635
-0.840144
-0.786431
-0.078036
-0.342265
-0.703482
-0.587634
0.784783
-0.224769
0.295633
-0.341166
0.045564
-0.259682
-0.401898
-0.643239
-0.693045
-0.130711
-0.078890
-0.113071
0.502060
0.790216
0.700552
0.317789
0.268593
0.720084
0.417768
-0.173009
-0.996399
0.278848
0.134251
0.618580
0.297769
-0.895199
0.946715
-0.558458
0.685537
-0.356975
-0.187780
0.669179
0.118625
0.391461
0.104404
0.710379
0.752739
0.366863
-0.749565
-0.512436
0.148839
0.018464
0.853389
-0.456404
0.744804
0.101108
0.111484
0.159825
0.017792
-0.630116
0.742119
0.811335
0.359844
0.835261
-0.175512
-0.430158
0.007294
0.750114
0.545885
-0.314676
-0.144566
-0.596240
-0.878903
0.592822
-0.323222
0.416547
-0.437849
0.005158
0.533128
-0.603015
-0.682241
-0.373089
0.321757
0.526780
-0.743400
0.181372
0.584155
-0.100009
-0.123936
0.217078
0.867916
0.440291
0.887692
0.222571
-0.876949
-0.830744
0.194617
-0.873043
0.855342
-0.368511
0.279092
0.512436
0.539476
0.792535
0.391095
-0.615162
0.999817
0.664480
0.003327
0.620106
0.296487
-0.346965
0.263161
0.363445
-0.542650
-0.982849
0.546983
-0.981384
0.943113
0.006134
0.350078
-0.995972
-0.593066
0.652211
0.591723
0.020783
0.864132
0.369732
-0.549425
0.573412
0.312113
0.550707
0.054903
-0.881832
-0.975768
-0.882260
0.673208
0.860714
0.410321
0.671682
0.928526
-0.347942
-0.394757
-0.807794
-0.788812
-0.329447
0.489120
0.273232
-0.844478
0.070772
-0.499680
-0.708914
-0.820063
-0.928831
-0.993835
-0.391339
0.954588
-0.616382
-0.112705
-0.570421
0.059908
-0.071444
0.151830
0.623035
0.731803
-0.836726
-0.170568
0.978210
-0.845943
0.227760
0.834284
-0.074862
0.011322
-0.218787
-0.250526
-0.707022
0.904721
0.214209
0.208350
0.076144
-0.965026
-0.978393
-0.908261
0.969420
0.294717
-0.619251
0.003143
0.731376
0.904782
0.771722
0.251381
-0.020905
0.756951
0.859249
-0.143468
0.809137
-0.318644
-0.377056
-0.596179
0.840815
-0.931211
-0.748650
0.165502
0.661306
0.599414
-0.667592
-0.254982
0.480697
0.363018
0.346538
0.710868
-0.033845
-0.948607
-0.556383
0.943907
0.580554
-0.242958
0.298135
0.675405
-0.376385
0.062227
0.387982
-0.610889
-0.397137
-0.724174
0.725578
0.316446
-0.473739
0.234596
-0.019318
-0.036103
0.961791
0.373882
-0.568651
0.522629
-0.702933
0.309366
0.406110
0.671499
0.427229
0.854732
-0.553148
-0.287027
-0.336711
-0.474715
-0.863094
-0.586413
0.292093
-0.720756
-0.468673
-0.192480
0.783502
-0.930235
0.918821
0.782830
0.868099
0.746086
-0.214881
0.005036
-0.856624
0.145909
0.710623
-0.357891
-0.742973
-0.342326
0.841914
0.196509
-0.651418
-0.658376
-0.692434
-0.872860
0.925779
0.596118
0.652333
0.327921
0.457808
-0.204688
0.310648
0.657094
0.664418
-0.672964
0.493210
-0.046419
-0.623890
0.691885
-0.132420
0.649403
0.602893
-0.915036
-0.075961
0.185522
0.341716
-0.384808
-0.917600
-0.830073
-0.294473
-0.292398
0.378460
0.968505
-0.527573
-0.296304
-0.705130
-0.762078
-0.996216
-0.698904
0.955199
-0.650807
0.537645
0.732963
-0.643361
0.199499
0.994385
0.676077
0.525315
0.880978
0.545396
0.836299
0.276101
0.862667
0.601733
-0.563036
-0.433882
-0.503098
-0.989990
-0.936583
-0.245094
-0.288064
-0.999878
-0.030061
0.288247
0.912168
0.584887
0.454512
-0.690725
-0.961974
-0.323649
-0.567309
0.744377
0.916684
0.600391
0.816706
-0.690298
-0.388897
-0.390790
-0.444868
-0.133274
0.916379
-0.546800
-0.215491
-0.308023
0.732963
0.634144
-0.531785
-0.362468
0.035188
0.295999
-0.549974
-0.554003
-0.270608
0.676199
-0.738395
0.554735
0.895871
0.988342
-0.427961
0.814875
0.292520
-0.007599
0.417951
0.163366
0.915525
0.427656
0.747856
-0.016266
0.079989
-0.253761
0.878536
0.574938
-0.192236
-0.622547
0.906552
-0.349834
0.312357
0.636097
0.426008
0.214881
0.226844
0.303751
-0.230689
0.473922
0.509812
0.826411
0.360271
-0.967162
-0.784234
-0.950621
0.472457
-0.806574
0.947813
-0.801630
0.369488
0.323283
0.484909
-0.373699
-0.359539
0.438765
0.748955
0.902219
-0.753655
-0.705557
-0.787774
0.913205
0.435896
0.026154
-0.561022
-0.338847
-0.681570
-0.885922
0.392254
-0.222205
-0.660878
-0.765069
-0.892392
-0.902219
0.928709
-0.725211
-0.555284
0.249550
0.618397
-0.610462
-0.084933
-0.793756
0.790033
0.761895
0.681997
-0.075289
0.848201
0.712027
-0.399701
-0.478195
0.765679
-0.435713
-0.917600
-0.770013
0.953368
-0.924314
0.735466
0.512131
-0.085482
0.079562
-0.883297
0.670278
0.786554
-0.572069
-0.720634
-0.237465
-0.867672
-0.900571
-0.671255
-0.051546
-0.141087
-0.763604
-0.188635
-0.054537
-0.509018
0.711905
0.268288
-0.670156
-0.874874
0.796625
0.324992
-0.664724
-0.916990
0.126560
-0.468917
0.124424
0.458907
0.021088
-0.460921
0.996826
0.123875
-0.103488
0.410932
-0.970336
0.796808
0.972777
-0.088534
-0.391644
-0.890561
-0.484298
-0.778069
-0.564562
-0.937925
0.662465
0.594592
0.449141
-0.936949
-0.185278
-0.754387
-0.617481
-0.844417
-0.649281
-0.522263
-0.960753
-0.988769
-0.757317
-0.308817
-0.319315
0.272317
0.239784
-0.321268
0.579394
0.018830
0.077670
0.150670
-0.762871
0.291910
0.562304
-0.703177
-0.869930
0.539659
0.916746
0.261635
0.155248
0.198523
-0.508469
0.995605
-0.551195
0.896237
0.683828
0.097140
0.615955
0.062654
-0.075961
-0.649525
-0.532579
0.770013
-0.049532
-0.525193
0.872188
-0.250404
0.198096
-0.301675
-0.006745
-0.701895
-0.796625
-0.865719
0.043916
0.371197
0.514451
-0.009247
-0.946043
-0.164525
-0.807611
0.140416
-0.416059
-0.394879
0.638844
0.846492
-0.487289
0.034211
0.012360
0.451338
-0.463240
-0.237159
-0.014374
-0.761040
0.285073
-0.040254
-0.407147
-0.121677
-0.601856
0.820307
0.082736
0.088900
0.865535
0.526597
-0.994018
-0.557543
-0.653554
-0.424604
0.435774
-0.431196
-0.444929
-0.790033
0.334574
0.505966
-0.114109
0.199438
0.213233
0.126255
-0.934507
-0.699393
-0.163610
-0.671499
-0.435408
0.251198
0.307840
0.871883
0.564013
0.450423
-0.206030
-0.585376
0.803217
0.056246
-0.025422
0.176916
-0.689077
-0.064302
0.144688
0.806085
0.160680
-0.649709
-0.165929
0.745293
0.154210
-0.071810
-0.126682
0.284890
-0.682180
-0.140294
-0.699149
0.853816
0.919370
0.412580
0.055696
0.807428
0.060640
-0.125950
0.569079
-0.206458
0.095370
0.488571
-0.434858
0.789056
-0.863521
-0.072420
-0.287454
-0.467635
0.875851
-0.810846
-0.697378
0.772515
0.237770
-0.924741
-0.205603
0.863704
0.462325
-0.483200
0.555712
0.991699
0.957152
0.325480
-0.707327
0.420026
0.362163
0.882015
-0.453291
0.861812
-0.620777
0.653737
0.862423
0.009491
-0.279458
0.572375
-0.338054
-0.979675
0.725089
0.683035
-0.337382
-0.316568
-0.893674
-0.378826
-0.519639
0.882504
-0.890500
-0.852046
-0.390423
0.351299
-0.243324
-0.988952
0.437544
0.202734
-0.604785
-0.863704
-0.815607
0.851619
0.608997
0.460555
-0.645314
0.255226
0.522385
0.167333
-0.659597
-0.608142
0.346294
-0.074923
-0.711844
0.326518
-0.348552
0.139622
-0.491867
0.891171
-0.141881
0.398846
-0.221046
0.856563
0.295877
-0.416791
0.750725
0.540208
-0.269509
-0.082186
-0.226539
-0.652150
0.284890
0.928709
0.850764
-0.115268
0.049287
0.836238
-0.070772
0.383343
-0.604480
0.576464
-0.252968
-0.549852
-0.348735
0.223853
0.654897
0.706961
0.366192
0.507797
0.882626
-0.357952
0.474044
0.013581
0.212500
0.520371
0.174535
0.565233
-0.616565
0.564379
-0.808466
0.549181
-0.744926
0.943846
-0.766594
0.146764
0.281167
-0.665029
0.090976
-0.016694
-0.438887
-0.126865
0.767083
0.677480
-0.872494
-0.475692
-0.301126
-0.469222
-0.667165
-0.229652
-0.668386
0.415265
-0.151158
-0.342936
0.327616
0.318522
0.540880
0.433393
0.487533
-0.476730
-0.441023
-0.165563
-0.457076
0.568590
0.332377
0.971007
0.539781
0.341533
0.361370
-0.227821
-0.961974
-0.304117
0.105991
0.154210
-0.152684
0.339457
-0.818415
0.121128
-0.527940
0.377300
0.101962
-0.424421
-0.917356
-0.837519
-0.120212
0.731071
0.089267
0.913816
-0.322550
-0.362896
0.917844
-0.658925
-0.970641
0.986938
0.484970
0.165014
0.834468
0.179296
-0.448958
-0.402203
0.079745
0.781365
0.057466
0.716056
-0.465255
-0.214820
-0.672414
0.020966
-0.076266
0.985107
-0.490890
0.538011
0.614063
0.955443
-0.534898
-0.586901
-0.042512
0.895016
0.990539
-0.326334
0.917112
0.164464
0.273232
0.418195
0.028108
-0.872250
-0.346171
-0.537584
0.464461
0.156713
-0.904355
0.964782
0.725944
0.434309
-0.173193
-0.906308
0.078341
0.357646
-0.150121
-0.428755
0.948363
0.888424
0.555040
-0.829768
0.590747
-0.593127
0.380352
0.285623
0.157811
-0.755791
-0.846126
-0.149388
0.286905
-0.009491
0.285257
-0.400311
-0.870785
0.802973
0.298624
-0.033845
0.457259
0.724113
0.436506
-0.402264
0.085421
0.459517
-0.309061
0.189123
0.474960
0.438948
-0.189184
-0.298441
-0.759148
0.155858
0.748161
-0.607105
0.795831
-0.125523
-0.157628
-0.046480
-0.795831
0.787347
-0.818598
0.806452
-0.433088
-0.505234
0.447493
0.988647
0.840754
-0.067965
0.193762
0.956359
-0.949156
0.569933
0.691824
0.270852
-0.445845
-0.917905
0.414411
0.430769
0.095614
-0.962096
0.969054
-0.080782
-0.228126
-0.254860
0.994140
-0.066317
0.392132
-0.120273
0.120273
-0.001251
0.434614
-0.493454
0.903806
0.705191
-0.648732
-0.977294
0.755974
-0.639027
-0.003021
-0.237709
-0.400678
0.502731
0.528306
0.051119
-0.892026
-0.977233
0.942869
-0.234352
0.825617
0.275246
-0.163610
0.876278
0.888241
0.511216
0.363018
-0.276101
0.662893
-0.669668
-0.882443
0.420515
-0.726127
-0.097262
-0.173559
-0.647938
-0.047884
-0.508713
-0.787469
-0.934629
0.532212
-0.746818
0.144261
0.312113
0.860408
0.530564
-0.274331
0.050630
-0.675588
-0.223243
-0.446333
0.712333
0.880306
0.777215
-0.393414
0.086093
-0.579089
0.695059
-0.965941
0.056307
-0.324686
0.762200
0.578967
-0.125156
-0.762261
-0.645741
-0.063082
0.656301
0.747490
-0.871517
-0.094516
0.729484
0.634388
0.644581
0.579272
0.444197
-0.019013
-0.385174
0.315775
-0.794977
0.700980
0.428266
-0.670827
0.432234
0.024934
0.777520
0.909482
0.802789
0.217200
0.360881
0.977660
-0.010895
-0.533799
-0.316996
0.239967
0.755486
-0.231300
-0.664968
0.928587
0.574816
0.216834
0.431257
0.757805
0.767510
0.692373
0.838191
0.217444
-0.868954
0.432295
-0.257302
-0.132237
0.610218
-0.440474
0.636464
-0.904721
0.254738
0.507920
-0.442732
0.160985
0.460128
0.339457
0.446272
0.246803
-0.476424
-0.488021
-0.955016
0.007172
0.322794
-0.359539
-0.170812
0.316446
-0.678335
-0.656911
-0.076937
-0.057100
0.310404
0.942625
-0.025361
0.081820
-0.659291
0.343486
0.699454
0.097018
0.382916
0.392193
0.788018
-0.689566
0.170324
-0.877865
0.704093
0.363872
-0.523179
-0.311930
0.635304
-0.783502
0.453841
0.487594
0.727042
-0.926817
-0.211646
-0.304666
0.059481
-0.559435
0.140233
-0.846431
0.885556
-0.240211
0.582018
-0.817438
-0.630238
-0.711417
-0.285928
-0.103366
-0.185217
0.372051
-0.161168
0.684683
-0.453108
0.626942
0.175329
-0.410199
-0.601123
0.597156
0.444258
0.476608
-0.935545
0.146458
-0.623585
-0.401349
-0.578173
-0.040925
-0.550035
-0.736076
-0.738701
0.060579
0.476791
0.684439
-0.596606
0.339702
0.460616
0.404645
0.454512
0.887326
-0.022492
-0.558763
0.009125
-0.921201
-0.299417
-0.520066
0.926634
-0.334086
-0.874264
0.355754
-0.544053
0.174291
0.288491
0.022797
0.247291
-0.393597
0.030793
-0.718253
-0.745109
-0.368877
0.815851
0.414838
-0.420087
0.069002
0.515671
0.731986
-0.407208
0.190649
0.284463
-0.074190
0.537095
0.009674
-0.576708
0.595569
-0.762505
0.974609
-0.101108
-0.628224
0.786126
0.583483
0.106845
0.409711
0.003998
-0.013215
-0.444807
-0.492233
0.024445
0.551256
0.246010
-0.966308
-0.099887
-0.830561
0.990112
-0.647206
-0.184362
0.808771
-0.223487
-0.107456
-0.665639
-0.471175
0.974731
0.779473
-0.336772
-0.506088
0.364910
-0.719474
0.662954
-0.896237
-0.221656
-0.488327
0.176611
0.980346
-0.718131
0.819269
0.789300
-0.848506
0.045625
0.876095
0.594714
0.293863
0.207617
-0.016938
-0.911740
0.818964
-0.409589
-0.535875
0.851375
0.451277
-0.797479
-0.887631
0.208960
-0.828120
0.913266
-0.297769
-0.470870
0.786737
0.601672
0.431501
-0.908383
0.845698
-0.937254
0.510117
-0.691885
0.141575
0.279153
0.497848
-0.350078
0.431257
-0.581713
-0.372112
0.514695
0.389691
-0.653859
-0.259255
-0.110141
0.197180
-0.014924
0.611438
-0.674184
0.656667
-0.011628
0.123936
0.653188
0.893429
-0.646474
0.463363
-0.270363
-0.962889
-0.752617
-0.548509
-0.488266
0.657155
0.606128
0.390057
0.150731
-0.933409
0.406049
-0.073946
0.366558
0.044160
-0.994018
0.635914
0.249550
-0.351054
0.647206
0.655995
0.689383
-0.428877
0.897336
0.109714
-0.891842
0.644215
0.972106
0.371746
0.808649
0.330363
-0.863887
0.576830
0.840938
0.370342
-0.972839
0.017975
-0.027558
-0.139866
0.377667
0.838191
0.855281
0.768120
-0.313272
0.754692
-0.170324
-0.819391
0.895871
0.236732
-0.680349
-0.924070
0.150853
-0.191259
-0.814631
0.466231
-0.704215
-0.984802
-0.470687
-0.429060
0.541429
-0.686758
-0.937803
-0.101413
-0.072787
0.400555
0.271706
-0.968993
0.369793
0.737968
-0.761467
0.193640
-0.859737
-0.449751
0.923460
0.413434
-0.676138
-0.137242
0.395062
-0.513840
0.215735
0.996216
0.472274
0.375469
0.568957
-0.102268
-0.329875
0.968566
0.937620
-0.259438
0.243629
0.777703
-0.072726
-0.451338
-0.834773
0.475875
-0.897458
-0.510544
-0.563036
0.225440
-0.508103
0.308145
0.547594
-0.344707
0.859737
0.964049
0.048189
0.824824
-0.088961
-0.083468
-0.057039
0.866085
-0.409833
-0.909604
0.960997
0.304117
0.546068
-0.442061
0.701956
0.515000
0.242286
-0.660146
-0.725211
0.669424
-0.025056
0.213111
0.299112
0.169408
0.959105
0.637562
-0.171300
0.112522
-0.120701
-0.898068
-0.045137
-0.163121
0.326823
0.173009
-0.093112
-0.402142
0.624317
0.344157
0.414411
0.653859
-0.724357
-0.037141
0.981384
-0.882260
-0.961791
0.272622
-0.865474
0.890439
0.250710
-0.995117
0.006623
0.204138
-0.325541
0.464400
0.828608
0.059542
0.720389
-0.313456
-0.540208
0.403729
-0.818354
0.510544
-0.134861
-0.686270
-0.616260
0.268410
0.464278
0.392193
-0.404157
0.122471
0.813593
0.738273
-0.341350
-0.620655
0.315043
-0.752922
0.170263
-0.171789
0.650197
-0.108615
0.088534
0.848994
0.947874
-0.847407
0.717338
-0.141820
0.008393
-0.238746
-0.549608
0.146947
0.787225
0.433515
-0.596240
-0.948851
0.113804
-0.820429
-0.071993
0.611316
0.621998
-0.484725
-0.913755
0.492904
0.313822
0.933470
0.871212
-0.921690
0.177404
0.113315
0.100864
0.164769
0.666128
0.481368
-0.543870
0.749443
-0.192175
-0.244240
0.797540
-0.680837
0.263222
0.070406
-0.037568
0.161596
-0.594165
0.118381
-0.987548
0.838618
-0.306803
0.056307
-0.426984
-0.300272
0.160314
-0.369671
0.985046
0.479659
0.579150
-0.627308
0.181677
-0.409223
0.402875
0.803522
0.592822
0.592578
0.991028
0.830866
0.512436
-0.133091
0.312906
-0.424848
-0.908872
-0.471847
0.807550
-0.988891
0.784600
-0.145482
0.329875
0.517624
-0.788141
0.471053
0.558214
0.743461
0.219581
0.770867
-0.625111
-0.209998
0.532945
0.280862
0.679312
0.673574
-0.452986
0.314371
0.555467
-0.881222
0.779778
0.649831
0.817621
-0.228248
-0.153417
0.118320
0.013886
0.137364
-0.649464
-0.829707
0.473495
-0.287271
0.482040
0.927732
-0.466414
0.406049
0.258889
-0.283547
0.047823
0.566881
0.449446
0.048616
-0.633290
0.927793
-0.068453
-0.289712
0.171300
-0.284829
-0.418317
-0.754997
0.765923
0.492111
0.913999
0.877194
0.527757
-0.698294
0.414899
0.141087
-0.515549
-0.754265
0.601672
0.265053
0.534715
0.310099
-0.631703
-0.162084
-0.252907
0.348857
0.319010
-0.401959
0.505417
-0.411542
0.857784
0.699087
-0.621632
0.632496
0.673635
-0.863094
0.630543
0.418806
0.219642
0.418256
-0.188513
0.550401
0.042451
-0.047151
0.594897
-0.272561
0.365764
-0.104465
0.762993
0.260048
-0.820124
-0.303568
-0.220130
-0.766411
-0.835810
-0.564989
0.597827
0.562853
-0.354289
-0.816523
-0.831904
0.432478
0.921812
0.934935
-0.358135
0.252419
-0.040864
-0.701041
0.722953
-0.798578
0.869259
0.778436
0.991455
-0.479659
0.777459
-0.277444
0.457625
-0.369610
0.537461
0.465072
-0.516587
-0.244484
-0.149022
0.603687
-0.920164
-0.309244
0.950255
-0.659902
-0.751274
-0.707694
-0.999878
-0.496445
-0.713981
0.018097
-0.683523
0.622913
0.046602
-0.618213
0.523362
-0.798639
-0.819147
0.128941
-0.626820
0.138585
0.090732
0.327006
-0.157628
-0.073641
0.865169
-0.535813
-0.445357
0.249489
-0.931394
-0.714225
0.715934
-0.772088
0.335795
-0.034883
-0.182348
0.827570
0.991699
-0.361492
0.783685
-0.001617
-0.959227
-0.301737
-0.760613
0.948241
0.867489
0.877377
0.828669
0.179968
-0.081210
-0.775750
-0.787713
0.452986
0.797174
0.598193
-0.195715
-0.572741
-0.471541
-0.376263
0.949522
0.407392
0.037690
-0.319559
0.323405
-0.805536
-0.082186
-0.787408
-0.809320
0.077792
0.609180
0.386883
0.538865
0.121555
0.967772
0.554796
0.103549
-0.189428
0.834956
-0.983764
-0.705985
0.024751
-0.802301
-0.323344
0.743156
0.501694
0.677419
-0.217200
-0.327250
-0.209021
-0.519578
0.507187
0.338420
-0.292520
-0.537889
0.876705
0.269875
0.907590
0.837031
0.081881
0.223731
0.771477
0.928953
0.128269
0.130894
0.121616
-0.360637
0.535386
-0.065218
-0.119480
-0.736686
0.976623
0.989257
0.193701
-0.394574
-0.014801
-0.633412
0.542528
-0.919492
-0.116489
-0.269326
-0.199194
0.774895
-0.973388
-0.793817
0.897275
-0.017731
0.188574
0.373272
0.675405
0.717948
0.189489
-0.286172
-0.058809
0.166906
-0.684317
0.426130
-0.104160
-0.414838
-0.904416
0.777703
-0.971557
0.806207
-0.961913
-0.113437
-0.352580
-0.395489
-0.894955
-0.411847
0.713919
-0.049593
0.699515
-0.542589
0.103732
0.690481
-0.319315
-0.200903
-0.710074
0.022187
-0.747551
-0.604175
0.779595
-0.032685
0.622852
-0.240211
0.528611
-0.230079
0.478622
0.006745
-0.611377
0.005951
0.320597
0.566088
-0.034455
-0.246742
0.896664
-0.752800
0.780816
0.145299
-0.723502
-0.191687
0.121494
0.320231
-0.878353
-0.435408
0.440046
0.416608
-0.277627
0.543870
0.522080
0.807184
-0.078829
0.037507
0.138462
-0.375835
-0.712455
-0.220069
0.294595
-0.874813
0.345317
-0.784845
0.256508
0.483932
-0.986633
0.449751
-0.571703
0.953917
0.066134
-0.284951
-0.282327
-0.543992
0.809076
-0.086032
0.260964
0.677602
0.009613
-0.326945
0.656117
-0.251198
-0.960204
0.487228
0.236061
-0.328104
-0.951292
-0.589404
-0.075533
-0.913022
-0.754204
0.929746
0.211585
0.567858
0.239174
-0.046480
0.455489
0.790582
-0.072726
0.662038
0.064791
0.429792
0.977599
-0.254738
0.750420
-0.997497
-0.276833
-0.861629
0.438032
0.130284
-0.928770
-0.081576
0.722037
-0.591968
0.509568
0.934507
0.865902
0.688589
0.096713
0.654714
-0.821589
0.293374
-0.324259
0.793878
0.599414
-0.804010
-0.773064
0.341044
0.114353
0.943175
0.782891
0.797723
0.887265
0.546678
-0.482406
-0.345317
-0.805048
-0.967650
0.059420
0.675832
-0.148961
-0.141209
0.287454
0.350200
0.100192
0.744865
0.626087
-0.063448
0.458724
0.409162
-0.111911
0.895199
0.958922
0.699087
-0.526414
-0.441694
-0.545213
0.650441
0.347880
-0.108860
0.426069
0.687063
-0.174352
0.801508
0.509568
-0.459517
-0.852229
0.817499
-0.705496
0.911191
0.977050
-0.697806
0.730705
0.890011
0.037996
-0.785821
-0.819514
-0.371319
0.875057
-0.349162
0.397565
0.416242
-0.581347
-0.819880
0.708304
-0.957396
0.057283
-0.697623
0.638417
0.721671
-0.385540
0.100375
-0.842341
0.791986
-0.788873
-0.053438
0.517258
0.589831
0.468490
0.399091
-0.905576
-0.368572
-0.544786
-0.569811
-0.065828
-0.647023
0.274514
-0.659658
0.513779
-0.942564
-0.864559
-0.288308
0.929685
-0.438643
-0.545213
-0.587756
-0.924131
0.377667
0.029633
-0.553148
0.024018
-0.402814
-0.915281
-0.103793
0.202429
0.676382
0.648854
-0.140538
0.634205
0.630360
0.956236
0.077914
0.946837
-0.681509
-0.160619
0.789483
-0.986389
0.129734
-0.037263
0.098483
-0.497848
-0.677114
0.602405
-0.579394
-0.234718
0.416852
0.899594
-0.664357
-0.222083
-0.121067
-0.886837
0.321940
0.178137
0.517380
-0.644398
0.936338
-0.644948
0.521531
-0.386029
-0.604114
0.752495
-0.450056
-0.554491
0.514573
-0.695425
0.580004
0.792535
0.064547
0.921140
0.591601
-0.269814
0.992553
-0.652272
0.420515
0.383404
0.103305
-0.263222
-0.019684
-0.443953
-0.394513
-0.409955
-0.626942
-0.162328
-0.457198
-0.369549
-0.664968
-0.884945
-0.204077
-0.731559
-0.431318
0.226600
0.272744
-0.891964
0.288247
0.639698
-0.684256
0.744926
0.153844
0.573351
-0.229469
0.596545
-0.580981
-0.169774
-0.893918
0.959227
-0.763237
0.862850
0.286538
0.811701
0.131809
0.508347
-0.890683
0.167882
0.298257
-0.575793
-0.181677
0.428083
0.935484
0.458480
0.534959
0.023469
-0.966124
0.497848
-0.785821
0.632130
-0.369488
-0.242225
0.658132
0.891964
-0.535325
-0.828974
-0.677297
0.716178
0.604114
0.870174
-0.161718
0.273843
-0.496811
-0.890378
-0.374248
-0.114719
-0.428816
0.597522
0.561632
0.856380
0.482101
-0.374981
-0.193884
0.109409
0.263710
-0.793817
0.213660
-0.067415
0.976562
0.263344
0.132298
0.460860
0.274758
0.277871
-0.336161
0.960021
-0.452071
0.464156
0.185095
0.536546
0.094516
0.834468
-0.301737
0.589953
0.894833
-0.842952
0.393292
-0.299722
-0.626698
0.224952
-0.591052
0.475814
-0.822138
0.007660
0.366497
0.788018
0.690237
-0.742485
0.345195
-0.519822
-0.715262
0.295022
0.293374
0.875423
-0.027802
-0.273110
-0.961730
0.255776
-0.189428
-0.707144
-0.072970
-0.005463
-0.762383
-0.186804
0.749931
0.578478
0.500168
-0.920774
-0.763604
0.358928
-0.769341
0.218055
-0.688223
-0.940367
-0.610096
-0.917295
-0.488571
0.852840
0.973205
0.351054
0.982482
0.329875
0.125278
-0.392193
-0.425031
0.846187
-0.174108
0.931944
-0.686697
-0.667348
0.177526
0.669973
0.305765
-0.604907
0.144993
0.498215
-0.803766
0.458724
-0.597888
0.502548
0.357219
0.233070
-0.211341
0.911740
-0.772454
-0.383465
-0.371746
0.312845
0.155370
-0.771538
-0.984802
0.670278
0.467818
0.686209
0.568468
0.782159
-0.014679
-0.187109
-0.058748
-0.718986
-0.839167
-0.075961
0.235084
0.897763
-0.885922
-0.077120
-0.337687
-0.417463
-0.026704
-0.836970
0.102329
-0.622852
0.489059
-0.724418
-0.266213
-0.054842
0.228187
0.941099
-0.822260
-0.870052
-0.658498
0.456648
-0.371136
0.856075
-0.504501
0.545274
0.933226
-0.986328
0.508530
-0.316080
0.110569
0.869808
-0.648732
-0.953673
0.567248
-0.968993
0.733573
-0.636158
0.382550
0.994995
-0.707999
0.312296
0.473617
0.916440
0.693167
-0.295022
0.611072
-0.035615
-0.929624
-0.657460
-0.254433
-0.293252
-0.772759
-0.059053
0.412397
-0.827631
0.970885
0.553880
0.734672
-0.023347
0.075228
-0.466353
-0.489486
0.984252
-0.679678
-0.986511
0.499374
-0.775384
-0.323527
-0.801080
-0.643544
0.528428
-0.544725
0.982482
0.328654
0.699149
0.444502
-0.464339
-0.475570
-0.834468
0.275246
0.773980
-0.949522
-0.378155
-0.996948
-0.799921
-0.029084
0.878292
0.475021
0.298807
0.229408
-0.425581
0.441877
0.654897
-0.414350
-0.474044
0.084811
-0.495468
0.462264
-0.811396
0.692557
0.922422
-0.461715
0.632923
-0.534593
-0.396588
0.843135
-0.307840
0.368084
0.239051
0.739189
0.007416
-0.683096
0.427900
-0.981628
0.284219
-0.028901
-0.623402
0.415204
-0.347392
0.401593
-0.877865
0.104160
-0.222877
0.284219
-0.382977
-0.125828
-0.321818
-0.970824
-0.796381
0.888607
-0.591113
-0.866451
-0.566332
0.412702
-0.080966
-0.617481
0.232521
-0.901730
-0.753044
-0.553636
0.968383
0.867794
0.631031
0.414899
-0.371868
0.072115
0.698782
-0.859859
-0.576342
-0.779839
-0.945555
0.694266
-0.538499
0.561205
-0.084140
0.807550
0.631825
0.830317
-0.239357
-0.086947
-0.722953
-0.072909
-0.267067
0.616443
0.314615
-0.862728
-0.543565
-0.843013
-0.668691
-0.321146
0.791559
0.282327
0.400555
0.286355
-0.924558
0.436079
0.739677
0.112094
-0.137608
-0.110630
-0.112156
-0.884762
0.418134
-0.943236
-0.176061
0.459944
-0.459395
-0.588672
-0.614368
0.762017
-0.842341
-0.278054
-0.810236
0.569262
-0.370586
-0.641102
-0.412214
-0.474776
0.269509
-0.671316
0.253151
0.485275
-0.715629
0.684194
0.249916
0.020478
-0.624439
0.914121
-0.730094
0.446333
-0.136082
-0.948363
-0.203467
0.820185
0.448653
-0.521226
-0.479354
-0.649892
0.806452
-0.990417
-0.056917
0.891476
0.230934
-0.752007
0.314432
0.252480
0.228980
-0.013764
-0.676443
0.125278
0.644215
-0.528672
0.573473
0.350688
0.915647
-0.416486
-0.792840
-0.400616
-0.821528
-0.886654
-0.372295
-0.942625
-0.198889
0.597156
-0.722526
-0.402631
0.160192
0.598560
0.762627
0.236549
-0.649953
0.580309
0.817682
0.627857
-0.199255
-0.166845
0.514939
0.575915
0.448653
0.632923
0.781793
-0.613758
-0.890744
0.029328
0.085177
-0.328898
-0.685049
-0.840815
0.748405
0.967284
0.090915
-0.409650
-0.918027
-0.239601
0.179968
-0.522202
0.888180
-0.150182
-0.253945
0.378094
0.807306
-0.349528
-0.715995
0.835505
0.409650
-0.945677
-0.385784
-0.409040
0.105564
0.650563
0.005402
0.022858
-0.622181
0.074923
0.926511
-0.457747
0.343913
0.675771
0.129856
-0.923765
0.428266
-0.392743
-0.983276
0.068575
-0.478072
0.093905
-0.194555
-0.966674
0.325297
-0.411359
-0.753166
-0.156590
0.291238
-0.280923
0.899777
0.414533
0.601489
-0.558031
-0.575732
-0.576769
0.418439
-0.093417
-0.244911
-0.286966
0.631581
-0.660207
-0.087130
-0.061251
0.635365
0.814570
0.815119
-0.084872
-0.290262
0.076266
0.728446
0.624317
-0.331278
0.753471
-0.666189
0.998047
0.500107
-0.764824
-0.357097
-0.532029
0.788446
0.292337
0.853267
0.230201
-0.732170
-0.152074
0.977783
-0.073824
-0.445235
-0.223365
-0.548509
0.950194
-0.533250
-0.132115
0.863094
-0.466720
0.123325
-0.253395
-0.244240
-0.763848
0.906674
0.634083
-0.157750
-0.245949
-0.256020
-0.104648
0.580554
-0.661916
0.045320
0.112583
0.213233
-0.122166
0.111667
-0.479659
-0.058626
0.299234
-0.189795
-0.261391
-0.815485
-0.956297
0.509812
0.876583
0.852901
-0.925596
0.637745
0.791009
-0.457259
-0.387127
-0.162816
0.283303
0.655934
-0.370159
0.607593
0.758415
-0.783990
0.638295
-0.230934
-0.619434
-0.503708
-0.716727
-0.555040
0.956297
-0.375225
-0.644276
-0.811823
-0.633717
-0.355266
-0.627491
-0.880673
0.750969
0.070467
-0.493515
0.248939
0.319498
0.105625
-0.211646
-0.742668
0.722526
0.463485
0.967406
-0.871090
-0.161657
-0.755547
0.663259
0.963195
-0.469588
-0.235878
-0.503037
-0.594104
0.304361
0.779351
-0.821833
-0.228248
-0.211524
0.457869
0.478561
0.449812
0.416425
0.489059
-0.776849
0.468551
-0.623951
0.743828
-0.410077
0.427168
-0.157689
-0.487838
-0.532823
0.189856
-0.425520
0.886959
0.090548
0.267617
0.969237
0.346294
0.196387
-0.374981
-0.291604
-0.130955
0.880001
0.501328
-0.158300
-0.705252
-0.379925
-0.467635
0.441145
-0.154088
-0.224403
-0.918638
-0.831538
-0.059542
0.037446
0.789972
-0.097446
0.126499
-0.949950
0.433515
-0.351543
0.983337
0.884518
-0.637196
0.297525
-0.775689
0.153539
0.329264
-0.229286
0.281472
-0.531602
0.761773
0.440901
-0.910459
0.685171
-0.342143
0.644642
0.848140
-0.577685
0.304788
0.593188
-0.935240
-0.707205
-0.457686
0.873531
-0.067110
0.549730
0.516770
0.147008
0.546251
-0.961241
0.341105
0.247902
-0.897336
0.037446
0.764580
-0.092502
0.040681
-0.644948
0.081027
0.708792
-0.902707
0.930662
0.790826
0.409833
0.411664
-0.348735
0.051607
0.229041
0.871029
-0.202918
-0.569201
-0.729118
-0.898679
0.403485
-0.307047
-0.919431
-0.865963
-0.605335
0.337382
-0.698477
0.904721
-0.867122
0.051363
-0.406903
-0.672231
-0.023469
-0.388165
-0.012421
0.431745
0.039460
0.728874
0.171728
-0.822016
-0.695120
0.296243
0.663686
0.049165
0.085665
-0.968993
-0.307901
-0.085116
0.396405
0.282388
0.427290
0.315897
-0.254494
0.856563
-0.133518
0.775018
0.733207
0.951842
-0.470199
0.819880
-0.215186
-0.952879
0.307657
0.597095
0.147923
0.371197
0.718925
0.317850
-0.672231
-0.009857
-0.641713
-0.361919
-0.707633
-0.417341
-0.712333
0.008026
-0.192602
0.752495
0.298441
-0.581652
0.529710
-0.374615
0.477096
-0.060945
-0.512864
0.740410
0.452132
0.528245
-0.350505
0.604236
-0.186987
-0.001556
-0.370586
-0.662893
0.997131
-0.526902
0.056368
0.085299
-0.422895
0.210242
0.502853
0.810663
0.833369
-0.353191
-0.221656
0.842769
-0.313150
0.291971
-0.977905
0.279214
0.755486
-0.390362
-0.687857
-0.372417
-0.159276
-0.338786
-0.609668
0.316813
-0.168126
0.341899
-0.182104
-0.363811
-0.976562
0.916379
-0.971679
0.044893
-0.592090
