0.584338
-0.403790
0.524583
0.715690
-0.237526
0.081149
0.680837
-0.410382
0.190283
0.701712
0.226356
-0.205359
-0.169530
-0.876400
-0.691092
-0.098910
0.097201
0.404035
-0.289407
0.549425
-0.615223
0.075045
-0.803949
-0.929624
0.243568
0.364299
0.670400
-0.128880
0.022858
-0.487838
-0.966491
-0.031770
0.750969
-0.286721
0.483077
0.061739
0.898801
-0.143406
-0.796381
0.234962
0.585803
-0.061678
-0.932432
-0.301126
-0.165502
-0.445784
0.501205
0.255715
0.511521
0.182043
0.227577
-0.403241
-0.224036
0.151769
0.205542
0.359172
0.873287
-0.234840
-0.451033
-0.399823
-0.368938
0.662465
-0.664418
0.305216
0.903806
0.980590
0.182958
0.293435
-0.238258
0.244667
-0.145299
0.158971
-0.974364
-0.527757
0.281899
0.314615
-0.593127
-0.402326
-0.597888
0.725761
-0.715201
-0.912107
-0.733451
0.366680
0.581225
0.543199
-0.499130
-0.495346
0.168004
-0.005219
0.116428
0.143529
0.730583
-0.781976
0.372967
0.520066
0.927549
0.044649
0.705313
-0.619312
0.127537
0.186438
-0.366802
0.228675
0.308206
0.573534
-0.157567
-0.044282
-0.173681
-0.732597
0.198035
-0.659780
-0.424055
0.103183
-0.819575
-0.769646
-0.405744
0.310831
0.413617
-0.184362
0.235939
0.006500
0.687307
-0.129307
0.599353
0.371746
-0.148228
0.353801
0.452437
0.165319
-0.830683
-0.311380
0.928892
-0.403851
-0.903806
-0.977721
0.424482
-0.957579
-0.132420
-0.045503
0.653249
0.973632
-0.743278
-0.015839
0.256996
-0.635487
0.288003
0.292398
0.171728
-0.283242
-0.331278
-0.189856
0.905454
-0.873409
-0.202124
-0.135472
-0.379559
0.007538
0.121677
0.162694
0.755058
-0.938108
-0.322916
-0.366680
-0.481124
0.406232
0.342021
-0.814203
-0.879940
0.675893
0.628834
0.440840
-0.325907
-0.149083
0.391461
-0.387555
-0.661428
0.396954
-0.967956
-0.073580
-0.817011
0.988952
-0.650990
-0.791070
-0.962035
-0.847468
-0.419172
0.431867
-0.236854
-0.838435
-0.796503
0.112827
-0.334635
-0.331462
0.598743
-0.677541
0.129734
0.129368
0.820246
0.909665
0.296121
0.475021
0.775811
-0.632008
0.842830
0.633656
0.438032
0.991272
-0.137181
0.018281
0.519822
-0.416181
-0.963073
0.778680
-0.562426
0.850093
-0.353984
0.861812
0.616626
-0.281838
-0.330241
0.674795
0.278237
0.666555
-0.474227
0.525620
0.889340
0.610950
-0.312906
-0.458235
-0.942015
0.022065
-0.008881
-0.909421
-0.876766
-0.616626
-0.886654
-0.934324
0.969665
0.481491
-0.083468
0.708243
0.981994
0.387371
-0.062105
-0.672170
0.891903
-0.249489
-0.667470
0.504990
-0.223670
-0.446821
-0.810358
0.424360
-0.401288
0.728324
-0.883847
-0.955748
-0.927610
-0.532456
0.020234
0.976012
-0.812189
0.753349
-0.205420
-0.808649
-0.314127
-0.227332
-0.027497
-0.462752
-0.486801
-0.196326
0.912717
0.399701
-0.432417
-0.822138
0.804071
-0.147313
0.244789
0.792779
-0.656301
-0.784967
-0.899167
0.522019
0.220252
-0.030732
0.973937
-0.167699
-0.460250
0.147496
0.856197
0.933409
0.848994
-0.522935
-0.287393
-0.536119
0.097812
0.406537
0.808527
-0.011689
-0.783319
0.176183
0.868954
-0.616321
0.215369
0.571947
-0.465438
0.346416
0.059175
0.098239
-0.054415
-0.041963
0.816950
0.508652
-0.377178
0.967162
-0.454512
-0.957091
0.781487
0.189062
-0.373760
0.839228
0.512070
-0.581286
0.733573
0.213965
0.042451
-0.818232
-0.523789
-0.074923
-0.418134
0.027497
-0.161657
-0.587756
-0.770623
-0.220130
0.459456
-0.447005
0.802728
0.961180
-0.798761
-0.068331
-0.341594
-0.595874
0.395856
-0.667348
-0.383526
0.301187
0.945921
-0.861446
0.781243
-0.673940
-0.551622
0.051546
0.182592
-0.427961
0.528062
-0.119419
-0.606738
-0.014008
-0.946837
-0.837764
-0.324503
0.702811
0.790948
0.892941
0.695181
0.962584
-0.992553
-0.337321
0.303446
0.492843
0.190771
-0.874996
-0.675588
0.946593
-0.370403
0.804559
-0.367229
-0.043977
-0.950865
-0.528550
-0.022980
-0.834529
0.099216
-0.348369
-0.080966
0.544725
0.830500
-0.092013
0.887936
0.516404
0.742790
0.600269
0.411542
0.059053
0.099582
0.810480
0.069552
-0.668813
-0.534043
-0.998108
-0.443892
0.371685
-0.946654
0.073641
-0.449751
-0.855953
-0.124546
0.877926
-0.265847
-0.988098
-0.796869
0.294473
0.258950
-0.701102
0.661611
-0.348491
-0.153905
-0.921140
-0.384014
-0.000824
0.656545
-0.650380
-0.463790
-0.360759
-0.421308
0.626148
0.550401
0.966552
0.959288
-0.755791
-0.485397
0.468062
0.556444
0.506272
-0.092257
-0.321574
0.433271
0.827754
0.469893
-0.120273
0.234169
0.577868
0.902707
0.610279
0.251320
-0.662648
0.292764
0.622547
-0.669729
0.555406
-0.665090
-0.250954
-0.988220
-0.978210
0.535203
0.084445
0.434675
0.103610
-0.884396
0.720756
0.018769
-0.832453
-0.977050
0.074984
0.783258
0.134678
0.259316
-0.541429
-0.596118
-0.258217
0.176000
0.782586
-0.005219
-0.580004
0.940977
-0.744072
-0.139256
-0.156957
0.208594
-0.085116
0.011261
0.934812
0.793817
-0.874630
-0.746818
0.182958
-0.792474
0.235755
-0.835139
-0.945677
-0.744865
-0.656545
0.736198
0.973022
-0.854671
-0.128574
-0.541856
-0.291849
0.573778
-0.057772
0.964721
0.458357
0.341594
-0.581957
-0.209082
0.121372
0.811518
-0.096286
-0.266030
0.828364
0.642201
-0.095614
0.060518
0.243629
-0.042268
-0.808832
-0.352336
0.143345
-0.745781
-0.241127
0.858150
0.299661
-0.703482
-0.351909
-0.947630
0.180395
0.104465
0.584704
-0.264016
-0.992615
-0.504807
-0.190222
-0.640126
0.589526
-0.857356
-0.945067
-0.053133
-0.418989
-0.942747
0.470138
-0.174902
-0.734184
0.301920
0.217750
-0.434065
-0.927427
-0.958800
-0.850459
-0.479293
0.878842
0.625416
-0.375652
-0.124485
-0.994629
-0.240394
0.632069
-0.557909
-0.302103
0.257973
-0.060823
-0.781121
0.264138
0.495041
0.067110
0.735466
-0.101169
0.475021
-0.051607
-0.372173
-0.000763
-0.446577
-0.672720
-0.992615
-0.933287
0.179601
0.052583
-0.991455
0.205054
-0.895993
-0.484359
0.393292
-0.643544
0.870296
-0.858577
0.348552
0.840815
-0.774529
0.238868
0.963073
0.887936
0.527879
0.774468
-0.369549
0.180944
0.015839
-0.046480
0.055330
-0.007660
0.969726
-0.229652
0.555406
0.360027
-0.313150
-0.331584
0.144993
0.695853
-0.028108
0.507248
-0.018159
0.479354
0.059053
0.898740
0.933897
-0.447798
0.115329
-0.256081
-0.430403
-0.043794
0.591784
0.886105
-0.060762
-0.215369
-0.206091
0.764824
-0.085116
-0.286294
0.487472
0.613330
-0.794733
-0.532640
0.246681
0.371502
-0.478317
-0.535875
-0.016205
0.017731
-0.109165
-0.618458
0.624195
-0.901975
-0.272256
0.413434
-0.036042
0.232582
-0.583300
0.301737
0.365276
-0.380291
-0.249611
-0.777642
-0.733451
-0.721427
0.941038
0.325663
-0.576830
0.010102
0.882565
0.300638
0.473922
-0.347453
0.142308
-0.969115
-0.383465
-0.357646
-0.423566
0.127232
-0.755669
0.881893
-0.242286
-0.048799
0.628224
-0.293619
0.022858
-0.147984
0.475509
0.990173
0.993835
0.877316
-0.302469
0.794488
0.673452
0.950987
-0.934812
0.284097
0.738639
0.536302
-0.494919
-0.566210
-0.416730
0.891354
0.946348
-0.457320
0.295328
0.661122
0.785150
-0.594104
-0.440657
-0.812922
0.047639
-0.613086
0.636280
0.021210
-0.430525
0.346721
-0.354472
0.600635
0.325968
0.771294
0.809259
-0.026887
0.623096
0.013642
-0.175878
0.839717
0.730033
-0.641469
-0.646657
0.079684
0.458174
0.168249
0.297647
0.506211
-0.503098
0.456282
-0.002106
0.213233
0.658376
-0.134434
-0.942198
-0.387188
-0.512741
-0.048799
-0.405072
0.137425
-0.105136
-0.021943
-0.172521
-0.217139
-0.755547
0.945494
0.009186
-0.763970
-0.611560
-0.796625
0.240150
0.687246
-0.093112
-0.483444
0.293008
0.359416
0.053987
-0.909970
-0.111789
-0.162999
-0.067049
-0.349528
0.394696
0.260353
0.039277
-0.074862
0.722953
0.743889
-0.967040
0.777764
0.261574
0.420820
0.584033
0.765557
-0.772454
-0.946471
-0.038301
-0.978271
-0.944639
-0.903378
-0.238197
-0.238197
-0.524949
0.511399
0.662954
0.382122
-0.317728
-0.754814
-0.247291
-0.811945
-0.274392
0.004852
0.508286
0.737114
0.773431
-0.028962
0.255226
0.294412
0.719901
0.962767
-0.325114
0.140110
0.594958
-0.640919
-0.153172
-0.032563
0.132237
0.264504
-0.376263
0.563219
-0.148900
-0.708426
-0.302042
0.167760
-0.053072
0.706168
-0.279702
-0.504868
-0.748589
0.490951
-0.911496
-0.027070
0.420270
0.161351
0.511032
0.712210
0.773797
0.417890
0.981628
0.958129
-0.092990
0.551866
-0.133274
0.441877
-0.693533
0.988403
-0.894162
-0.075045
0.716178
0.690115
-0.127049
0.978210
0.026093
-0.292764
-0.285989
0.607654
-0.299722
-0.230689
0.555956
-0.398236
-0.453413
-0.413495
-0.707938
-0.138768
-0.679922
-0.599902
0.440535
-0.496017
-0.415876
-0.616688
-0.659658
-0.104770
0.115085
0.637745
0.682180
-0.634388
-0.166784
0.983520
0.497665
-0.806635
0.950438
0.678762
0.588977
0.486251
0.357463
-0.761589
-0.203955
0.030610
-0.902097
0.385296
-0.553270
0.238746
0.160741
0.874264
0.336833
0.741081
-0.143162
-0.755119
-0.358013
-0.022004
-0.154820
-0.107089
-0.935667
0.742363
-0.495346
0.526292
0.008332
-0.044649
0.672720
0.532395
0.286416
-0.250587
-0.497482
0.192053
-0.443831
0.478622
0.814264
-0.763421
-0.071688
0.467818
0.662648
-0.180639
0.035798
-0.326945
-0.075900
0.951170
0.317362
-0.627674
0.878414
-0.752129
0.013215
-0.905332
0.329875
-0.741569
-0.481429
-0.361248
0.214026
0.570238
0.085665
-0.393048
0.442366
-0.459761
-0.647633
0.377606
0.184912
0.546922
0.775140
0.902036
-0.776788
0.955870
-0.162389
0.013031
0.023286
0.960143
0.317301
0.710990
-0.284158
-0.465316
0.900571
0.484115
0.919309
0.437971
0.941465
-0.868282
-0.251808
0.797601
-0.598621
0.261879
0.861690
-0.489975
0.843867
0.481063
0.873592
0.384136
-0.514817
0.303873
0.457442
-0.541673
0.561693
-0.052095
-0.689077
0.624073
-0.815668
-0.389264
-0.711722
-0.591479
-0.916623
-0.943785
0.748222
0.993591
-0.570482
-0.513230
0.922422
-0.844050
-0.300455
-0.946593
0.583972
-0.638234
0.118686
0.014008
-0.100070
0.710807
-0.239906
0.451460
0.617176
0.163610
-0.182836
0.207923
-0.752678
0.231422
0.720756
-0.327799
0.390362
-0.116184
0.463424
0.665151
0.441572
-0.928098
-0.629261
-0.910520
-0.080050
0.655568
-0.073214
0.956359
-0.969665
0.790033
0.493210
-0.842036
0.174718
0.826106
-0.033052
0.274941
0.888607
0.521104
-0.522080
-0.189489
-0.501877
-0.293374
-0.008942
-0.227454
0.312906
-0.187780
0.421125
-0.486923
-0.678701
0.028596
0.367962
-0.222999
-0.191748
-0.434065
0.188818
0.638478
0.203284
-0.162755
-0.766289
0.456526
-0.671621
-0.788629
-0.638661
0.184973
-0.498337
0.971313
-0.477462
-0.460921
-0.894589
-0.040315
0.749199
0.431013
-0.109043
-0.356548
0.927976
0.298013
-0.939512
0.928831
-0.437788
0.763848
0.883663
-0.392987
0.598498
-0.156529
0.915891
0.664968
0.963866
0.331217
0.930601
0.437605
0.397137
0.522813
0.083346
-0.046419
-0.156041
0.587939
-0.483810
0.494675
-0.975951
-0.747185
-0.328288
0.840510
-0.620533
0.514084
-0.246254
0.608325
0.233741
-0.368694
-0.979675
-0.030427
-0.295389
0.657460
0.116062
-0.943236
0.393170
-0.178747
0.908139
0.992676
-0.694571
-0.677114
-0.812311
0.098605
0.277688
0.007355
-0.119358
0.048433
0.751396
0.696402
0.119236
-0.289163
0.937803
-0.525803
-0.056185
0.866634
0.008332
-0.447798
0.276406
-0.905393
-0.563829
0.293741
0.862911
-0.371990
0.885800
0.734062
0.525742
-0.015473
-0.832087
0.630360
-0.771905
0.598132
-0.924558
0.217811
-0.325785
0.643422
-0.778558
-0.916929
0.998413
0.683584
0.631275
-0.107212
0.943480
-0.617908
-0.600513
-0.591479
0.880245
0.508225
-0.356914
0.835078
-0.704154
0.156346
-0.195227
0.069430
-0.623646
-0.692251
0.269753
0.817560
-0.702628
0.689322
-0.566820
0.012970
0.603992
-0.949156
0.552293
0.360759
0.251991
0.631336
0.529466
0.967772
0.051912
-0.822199
-0.438398
0.664968
0.558519
0.774773
0.146641
0.612476
0.181921
-0.333110
-0.025971
-0.164953
-0.541124
-0.404767
-0.826228
-0.401105
-0.773797
-0.019501
-0.408063
0.394818
-0.308206
0.451399
0.585498
0.046175
0.687490
0.184057
0.626331
-0.881344
-0.487350
0.757134
0.140294
-0.123142
-0.938353
-0.324381
0.516892
-0.568041
-0.495285
0.728324
0.612476
0.860897
0.874569
0.351421
0.275735
-0.490036
0.077914
-0.367229
0.174169
0.452132
-0.528245
0.577990
0.018036
-0.873714
0.340373
0.786187
0.626637
0.124668
0.952818
0.328898
0.566088
0.677969
0.352824
-0.781182
-0.916929
0.450423
0.759880
0.098972
0.550707
0.248268
0.676748
0.043367
0.790887
0.332011
0.089938
0.522568
0.101657
0.682119
0.438765
-0.993103
-0.044099
0.804010
0.450362
0.509995
-0.282510
0.633961
0.133091
-0.600574
0.485824
-0.172033
-0.934751
0.855464
0.815912
-0.467818
-0.119175
0.186316
-0.456587
0.702994
-0.790338
0.548936
0.885800
-0.398968
-0.121006
0.279946
-0.959838
-0.986572
-0.005585
0.132359
-0.920652
-0.975036
-0.847957
0.240638
0.499863
0.189550
-0.682119
-0.881283
0.952452
-0.156224
-0.679922
-0.905210
-0.011322
0.330058
-0.512925
0.234046
0.143223
-0.380230
0.456221
0.323466
-0.632008
0.747063
-0.131687
-0.691885
0.508408
0.880734
0.496506
-0.161657
0.365520
0.409162
0.110630
-0.768365
-0.159825
-0.033540
-0.256508
0.906186
-0.061495
0.706229
0.158300
-0.651173
0.275307
0.785272
-0.720328
-0.053804
-0.193579
0.254128
-0.694327
-0.746086
-0.543138
0.105564
-0.740410
-0.295206
-0.758660
-0.661916
-0.122593
-0.725150
-0.528611
0.899472
-0.108554
-0.679128
-0.056856
-0.983215
-0.984069
-0.252663
-0.436262
0.554918
0.922422
-0.119968
-0.825617
-0.160375
0.178747
0.807062
-0.063448
-0.594470
-0.375713
-0.156407
0.590136
0.648061
-0.078097
-0.203406
-0.477584
0.472884
-0.766778
-0.675344
0.423750
-0.422346
-0.883908
-0.640553
0.510544
-0.392560
0.899411
-0.625721
-0.950743
0.035066
-0.213294
0.116733
-0.025605
0.932737
-0.575426
-0.436689
-0.448347
-0.996399
0.933958
-0.130528
-0.473189
-0.372906
0.309977
0.935850
-0.332072
0.657277
0.743767
-0.071566
0.009064
0.792291
0.654958
-0.297159
0.176672
0.772759
-0.164953
0.983215
0.441206
0.478561
-0.261330
0.468978
-0.052767
0.055513
-0.191382
-0.882626
0.144383
0.623280
-0.912351
0.034822
0.308084
-0.749016
0.727042
-0.821589
-0.739128
-0.831294
0.567675
-0.521775
0.320414
-0.752373
-0.587695
-0.341533
0.908994
0.806757
0.856746
-0.365215
-0.977233
-0.521897
0.422956
0.098849
0.538194
0.869930
0.314249
0.271706
0.550707
-0.395245
-0.028169
-0.010529
0.574572
-0.100497
-0.899411
0.611377
0.646718
-0.758049
-0.648061
-0.847224
-0.527757
-0.325358
0.552171
-0.571825
-0.760979
0.541368
0.593127
0.989563
0.800104
0.296915
-0.078280
0.930662
0.352214
0.641896
-0.688406
0.394391
0.213660
-0.988586
-0.079257
-0.141087
-0.453780
-0.163976
0.626453
-0.383526
-0.048189
-0.554125
0.777459
-0.146519
0.995483
0.250710
0.680471
-0.340495
-0.617786
0.013092
0.045076
0.358989
-0.523423
-0.965087
-0.387310
0.347942
-0.893368
0.656850
0.598071
0.203162
-0.120823
0.419111
-0.672292
-0.729118
-0.490768
0.194128
-0.899411
-0.737724
0.179540
-0.645192
0.826655
0.108554
-0.213599
-0.819086
0.682119
-0.529954
0.719840
-0.018830
0.969481
0.077303
-0.361675
-0.934019
-0.361980
-0.430464
0.821345
0.096835
0.564806
-0.413862
0.706351
-0.650441
-0.516648
-0.973022
0.362224
0.340983
-0.466109
0.415510
0.248390
0.233314
0.693228
0.722037
0.715262
-0.901120
-0.394513
-0.283731
0.217627
-0.056429
-0.336650
0.544603
-0.128391
0.835994
-0.260659
0.824946
-0.345805
0.608692
0.600696
-0.424360
-0.365154
0.067415
-0.456221
-0.450423
-0.499741
0.278481
-0.978515
-0.845149
0.090915
-0.512131
0.900815
-0.136814
-0.064852
0.879879
0.211768
0.962096
-0.680593
-0.926756
-0.997803
0.914731
0.219275
-0.076876
0.714103
0.750359
-0.973876
0.452010
-0.587756
-0.524644
-0.693655
0.663076
-0.479537
-0.921140
-0.293313
-0.378460
-0.937193
0.184851
-0.445051
0.536424
-0.381085
0.977844
-0.332560
-0.564440
0.420820
0.942076
-0.156529
-0.618152
0.568041
0.101596
0.544725
-0.964537
-0.013764
-0.281777
0.829768
-0.788629
-0.044038
-0.168004
