-0.823725
0.035127
0.067232
-0.070162
-0.904782
-0.032685
-0.442244
-0.093173
0.515305
-0.838313
-0.798334
-0.793695
-0.559862
-0.559191
0.331889
-0.629383
0.669057
0.393414
0.944151
-0.105930
-0.131016
-0.475814
0.120396
-0.601306
0.989807
0.699698
0.348979
-0.002716
-0.563280
0.928282
0.716239
-0.791559
-0.646168
-0.876827
-0.749077
-0.404828
-0.131993
0.208106
-0.677847
-0.321329
0.649525
-0.367168
-0.314859
-0.246498
-0.645741
0.374493
-0.827754
0.418317
0.450117
0.853084
0.876522
0.213538
-0.793512
0.356731
0.081637
0.734855
-0.929014
-0.955809
-0.666189
0.073946
0.915525
0.621021
-0.178014
-0.542222
-0.649281
0.194861
0.452620
-0.218665
0.585681
0.954527
0.308634
-0.739921
-0.378521
-0.849116
0.540147
0.176366
0.231788
-0.248024
0.943113
-0.619495
0.538255
0.738090
-0.334452
0.159398
-0.075838
-0.594836
-0.409101
0.780816
-0.577685
-0.458968
-0.656789
-0.916135
0.244972
0.198462
-0.786676
-0.011444
-0.673330
0.366619
-0.076937
-0.894162
-0.962767
-0.210791
-0.393414
-0.966674
-0.578722
-0.922361
-0.095248
0.161290
-0.404035
-0.840022
-0.408734
-0.747612
0.542344
0.640736
-0.705191
0.989380
-0.251015
0.598071
0.005768
-0.903073
-0.602832
-0.900815
0.384198
0.391400
-0.370647
-0.055147
0.583544
-0.294351
-0.034516
0.790643
-0.722892
0.107578
0.951476
-0.255104
-0.908139
-0.409894
-0.068880
0.020295
0.149632
0.189795
0.110508
-0.134007
0.475631
0.843318
-0.561205
-0.552171
-0.796808
0.373455
-0.573656
-0.101413
0.536851
-0.489059
0.045686
-0.714774
0.002899
0.785638
0.949095
-0.080050
-0.388714
0.004364
0.084506
-0.297647
0.394879
-0.188879
-0.440779
-0.428510
0.278420
0.141331
-0.504868
-0.391156
-0.980651
0.500595
0.795099
0.775018
0.056734
0.479293
-0.225806
0.408490
-0.519517
-0.960814
-0.948302
-0.707389
-0.070650
0.420148
-0.951231
-0.295022
0.431806
-0.828364
-0.497909
0.460616
0.169591
0.420698
-0.555406
0.780023
-0.919126
0.681326
-0.097995
-0.075961
0.814997
0.020966
-0.423017
0.874386
0.300699
0.621693
0.666860
0.278115
0.845393
-0.523423
-0.760857
-0.695975
-0.225990
0.830012
-0.832270
0.685781
-0.287454
0.922727
0.068758
-0.048128
-0.520920
-0.183447
0.816218
0.354106
-0.824030
-0.681936
0.989502
0.882443
0.510605
-0.398541
-0.240883
-0.126621
-0.656728
-0.776482
0.463729
-0.820795
-0.687429
0.570299
0.119480
0.985046
-0.415143
0.811090
-0.642506
0.595264
-0.765191
-0.645863
-0.192236
-0.100558
0.350261
0.021638
0.573717
-0.999207
0.972533
0.740043
-0.239784
-0.818598
0.810846
-0.160558
-0.879757
0.234107
0.336772
0.850093
0.566759
0.723502
0.758538
-0.515122
0.014740
-0.773980
0.871517
-0.098972
0.477035
-0.608997
0.279763
-0.316996
-0.831599
0.871456
0.543260
-0.310526
-0.134861
0.671621
-0.828730
0.497482
0.340007
-0.198889
0.818171
-0.678152
0.955260
0.294839
-0.955870
0.912900
-0.919919
0.132969
0.407270
0.706839
-0.574694
-0.251137
0.740349
-0.662526
-0.984619
-0.813349
0.818110
0.038362
-0.585925
0.964904
-0.136265
0.413862
0.174963
0.480941
-0.613147
0.381756
0.263649
-0.067049
0.372112
-0.713187
0.663320
-0.817560
-0.756340
0.611194
0.755669
-0.601978
-0.597888
-0.507736
0.190710
0.912900
0.323405
0.699454
0.681936
-0.417646
0.551805
0.035066
0.718925
-0.941527
-0.915342
0.422102
0.504990
-0.313883
-0.956542
-0.491012
0.618580
0.897275
-0.377667
-0.973632
-0.109836
0.166784
-0.486190
0.325785
-0.603748
0.845820
-0.458968
0.575793
-0.174780
-0.951598
0.130039
0.803217
-0.849361
-0.021393
-0.187841
0.334758
0.129917
0.171056
0.911924
-0.058321
-0.989135
0.598376
-0.224769
0.076632
0.560717
0.449751
-0.932127
0.134251
0.130711
-0.727103
-0.315958
-0.056429
-0.551317
-0.573473
0.225257
0.534410
-0.319010
0.310587
-0.591418
0.635853
0.292825
-0.292337
0.153356
-0.341105
0.294412
0.124790
0.235817
-0.995727
-0.923826
0.676626
-0.846553
-0.561022
-0.687002
-0.001312
-0.668264
-0.847468
0.785516
-0.753899
-0.750481
-0.445418
-0.245766
-0.180944
-0.591357
-0.658559
0.162511
-0.960875
-0.471908
-0.796747
-0.635060
0.702017
0.094028
0.899045
0.840693
-0.217872
-0.430219
-0.718925
-0.715995
-0.254189
-0.898740
0.300699
0.658010
-0.535569
0.841426
-0.101291
0.404340
0.616565
-0.805902
0.427107
0.829035
0.261940
0.480941
-0.447005
0.535081
-0.374859
-0.142186
-0.790094
-0.999695
-0.964843
-0.482711
0.872188
-0.545030
-0.727958
-0.411908
0.182775
-0.083956
-0.794244
-0.082919
-0.794671
0.639515
0.610340
0.620716
0.460005
-0.853877
0.540880
-0.149998
-0.841548
0.585925
0.855098
-0.809626
0.288553
-0.026521
0.948424
0.304971
0.645192
0.438948
0.561144
-0.262062
-0.696341
0.043611
-0.904965
0.928831
-0.771538
0.860714
0.605274
0.546495
0.991882
-0.556200
-0.503220
0.737175
-0.319437
-0.372417
-0.622547
-0.692373
0.259926
0.909909
0.250282
0.661794
0.254616
-0.181310
-0.714713
-0.753716
-0.023530
-0.437178
0.702567
-0.823359
-0.898312
0.776238
0.920896
-0.049837
0.817499
-0.788629
0.652821
-0.927366
0.880612
0.634144
0.115146
0.696951
-0.021638
0.747063
-0.348857
-0.531724
0.926328
0.220008
0.025971
0.138218
-0.072481
-0.463973
0.028840
-0.132786
0.516343
-0.931944
0.098239
-0.866878
-0.371807
0.943297
-0.974609
-0.006134
0.281289
-0.784173
0.183691
0.800226
0.952147
0.482467
-0.462996
0.731498
0.917844
0.202246
-0.288675
0.814142
0.045808
0.095798
-0.727653
0.042329
0.280801
-0.665151
0.274880
0.370586
0.191687
-0.785760
-0.944395
0.906247
0.368999
-0.163915
0.251808
-0.287698
-0.902036
0.523728
0.861263
-0.834956
-0.633656
0.837458
0.993408
-0.113865
-0.348430
-0.761834
-0.186926
0.078829
-0.581957
0.662343
-0.001495
0.963256
0.244057
0.091403
0.553087
0.051546
0.521897
-0.080172
0.514023
-0.511155
-0.755303
-0.270363
0.187475
-0.853694
-0.729972
0.761589
-0.561144
-0.325968
0.857356
0.473067
0.624500
0.686575
0.976440
-0.132298
0.803949
-0.212134
-0.387249
-0.753899
-0.357219
0.964904
0.936827
-0.814020
0.941465
-0.093783
-0.065035
-0.748650
-0.028474
-0.103427
0.018342
0.838435
0.327921
-0.270852
0.411176
0.775079
-0.214393
-0.657033
0.269265
0.547288
0.539293
0.352947
0.016205
0.369976
0.619861
0.631275
-0.347819
0.635426
0.167516
0.216163
-0.309000
0.987182
0.265114
-0.166845
-0.292398
-0.228187
0.797357
0.639821
0.233863
0.722709
-0.319071
0.261086
-0.841487
-0.504013
-0.938902
-0.463607
-0.265236
0.896359
-0.694143
0.881710
-0.005341
0.027009
0.308084
0.657643
0.724662
0.564562
0.723380
0.309427
0.840754
-0.590014
-0.514451
-0.169103
-0.284158
-0.004791
0.290139
0.242103
-0.268288
-0.126865
0.577746
-0.752739
0.740776
-0.028413
0.416303
0.717277
-0.185339
-0.093661
-0.618213
0.893918
-0.945372
-0.039460
0.809442
0.654103
0.659658
0.225867
0.429670
0.893185
0.398846
-0.147618
-0.344218
0.228187
-0.551317
-0.669546
-0.840083
-0.931883
0.530015
-0.863338
0.653005
0.701895
0.325541
0.960082
0.880490
-0.811579
-0.672231
0.799799
0.497482
-0.357707
-0.603565
0.676626
0.738212
-0.276406
0.579211
-0.293252
-0.614368
-0.867672
0.034761
0.530503
0.018281
0.598865
-0.294778
0.916807
-0.423078
0.479354
-0.391217
0.045991
-0.925962
-0.456832
0.649709
-0.303629
-0.509140
0.321512
0.039094
0.424238
-0.730155
-0.222694
-0.603381
0.079073
-0.873836
0.716666
0.808588
-0.649953
-0.468429
-0.446821
0.332804
-0.491867
0.213294
-0.952696
-0.531297
-0.472945
-0.061983
-0.290506
-0.602405
-0.511521
0.354961
-0.195654
-0.633106
-0.232215
-0.786920
-0.108737
0.620899
0.406903
0.850520
-0.554674
0.593677
-0.899045
0.246376
-0.473678
-0.677847
-0.292581
-0.731132
-0.128880
0.493027
0.257485
0.796136
-0.815485
-0.762383
-0.277261
0.070162
0.211463
0.598560
-0.727165
0.765984
0.426069
0.546434
0.978881
-0.338176
-0.156407
-0.652272
0.473251
-0.923521
-0.628895
-0.344218
-0.457869
0.409284
-0.103793
-0.119846
-0.149083
-0.238014
0.679800
0.794855
-0.684744
0.018586
-0.902158
0.484176
0.644398
0.853145
0.253945
-0.330546
0.114536
0.948912
0.435408
0.494797
0.790155
0.410321
-0.183630
-0.875790
-0.012665
-0.250587
-0.642140
0.237892
-0.868343
-0.818903
-0.113254
-0.575243
0.623707
0.718192
0.656606
-0.823969
0.975219
-0.025056
0.121311
0.190588
-0.426984
0.850703
-0.068941
-0.401227
0.466048
0.562914
0.130650
0.494552
-0.987487
0.567675
0.810297
-0.478195
-0.322611
-0.880795
0.226905
-0.199072
-0.023103
-0.781549
-0.777581
0.330790
0.443709
-0.257912
0.189428
-0.912473
0.742668
-0.319376
0.938292
-0.880673
0.789789
0.635792
-0.785638
-0.939634
0.486984
-0.708792
-0.842830
-0.953063
0.727103
0.198645
-0.778436
-0.293924
-0.347148
0.996094
-0.176428
0.770013
0.458052
-0.932127
-0.528306
0.047334
0.198096
-0.824458
0.248756
0.478072
-0.381329
0.896054
-0.622364
0.532823
0.473251
0.853694
-0.072420
-0.635731
-0.215735
-0.999634
-0.342631
-0.553697
0.570544
0.846492
0.218299
0.708365
0.961913
0.111728
0.776055
0.454085
0.776727
0.242042
0.823359
0.384381
0.620045
0.173193
0.409955
-0.898984
-0.768365
0.609851
0.168859
0.525681
-0.336955
0.156529
0.752800
0.988708
-0.120212
-0.012909
-0.167577
0.917112
0.409894
0.138157
0.936522
-0.662465
0.407392
-0.488083
-0.846492
-0.990600
-0.907651
-0.741508
0.313089
0.512925
0.353313
0.135289
0.155065
0.231117
-0.226966
0.937437
0.282998
-0.297159
0.804559
0.079928
0.003571
-0.608509
-0.348857
-0.781487
-0.315714
0.918027
-0.358501
0.900510
-0.342326
-0.748589
0.938108
-0.732536
-0.516831
0.038179
0.773125
-0.298929
0.844356
-0.025605
0.055696
0.657949
0.710685
-0.701163
-0.298990
-0.982116
-0.558336
-0.938719
-0.900815
0.459151
-0.285257
-0.251625
-0.718009
-0.326762
0.998901
-0.798273
-0.270058
-0.902951
0.046968
0.982788
0.448836
0.617481
-0.007721
-0.933470
-0.663930
0.420392
-0.719901
0.799982
0.232154
-0.692740
0.034028
0.988769
0.981750
0.309977
0.699637
-0.490036
0.077670
0.759575
-0.913022
0.595325
0.094211
0.822504
0.031220
-0.658620
-0.753594
0.171361
-0.579394
0.755058
-0.279214
0.039216
-0.726310
-0.935789
0.755547
0.582873
-0.736808
0.905026
-0.296487
0.224891
-0.443648
0.968505
-0.027802
0.909238
0.195898
0.794183
-0.645314
-0.920530
-0.524094
0.444990
0.752739
-0.736259
0.331828
0.576891
-0.772515
-0.161962
0.980651
-0.709830
0.736381
0.208716
0.053804
0.197363
-0.228980
0.615528
0.661061
0.538255
0.808527
-0.217811
-0.233924
-0.204138
0.985290
-0.728202
-0.514634
-0.707938
0.037507
0.095981
-0.953124
-0.405927
-0.243385
0.526109
0.865780
0.954588
-0.515366
-0.152684
0.680898
0.209510
0.217139
-0.894528
0.334696
0.858699
-0.614978
0.111911
-0.677786
0.898984
0.171728
-0.764824
-0.979186
-0.142186
-0.471541
0.251442
0.573168
0.195288
-0.731864
-0.512253
0.294534
0.147435
0.462691
-0.192846
-0.724235
0.548875
-0.115635
-0.272256
-0.845576
0.841792
0.502976
-0.475692
-0.261513
-0.369976
-0.116672
0.133152
-0.064364
-0.919309
0.145726
0.877316
-0.673757
-0.821955
-0.338359
-0.034822
0.727775
0.984802
-0.862789
-0.693167
-0.157872
0.318827
0.695425
0.879086
0.004608
-0.752068
-0.442183
0.061251
-0.851131
-0.103366
-0.390179
0.105319
0.028535
0.438826
0.204260
-0.733451
0.154942
-0.549547
0.868160
-0.005524
0.504746
-0.362651
0.796564
-0.628895
0.995361
0.696890
0.829218
0.490036
-0.484298
-0.582568
-0.805536
0.185522
-0.425764
0.727287
0.834468
0.361919
-0.726737
0.102634
0.614063
-0.841792
0.451460
-0.305460
0.958129
0.693960
0.249062
-0.078585
-0.802667
0.042695
0.573534
0.200354
-0.515366
-0.870235
0.955321
-0.326029
0.635731
0.895016
0.549242
0.907651
0.488754
0.301431
-0.366314
-0.893063
0.564501
-0.342265
-0.346171
-0.790460
0.407514
0.098666
-0.327799
0.066622
-0.401349
0.700430
0.585986
-0.106113
0.681326
-0.918638
0.428144
0.530320
-0.869869
-0.567064
-0.977477
-0.273293
0.982788
-0.904294
0.711966
-0.117405
-0.839228
0.627125
0.810724
0.480453
-0.103916
0.222633
0.200720
-0.337138
-0.967345
-0.696341
0.284585
-0.511948
0.370281
0.892880
-0.381085
0.574389
-0.102512
0.488266
0.108127
0.588244
-0.181799
-0.848567
0.570910
0.147069
0.681204
-0.139744
0.791864
0.852962
0.390667
0.693350
0.829951
-0.081759
0.555284
0.513352
-0.718314
-0.197851
0.334452
0.305338
-0.958068
0.128636
-0.456587
0.959838
0.605579
-0.865780
-0.949156
-0.871883
-0.510666
0.444746
0.884030
-0.823237
-0.384198
-0.209876
-0.399274
0.367229
0.311441
-0.573168
0.415326
-0.298929
0.757439
0.865596
0.397320
-0.660756
0.235145
-0.068453
0.058931
0.082003
0.039460
0.483810
-0.818476
-0.847652
0.532212
0.630665
-0.549974
-0.573351
-0.971068
-0.128147
0.655507
0.770013
-0.802728
-0.091586
-0.750786
-0.141575
-0.680410
0.658010
-0.768792
0.314066
-0.106662
-0.166478
-0.187536
0.992492
-0.006073
0.637806
0.247291
-0.818476
0.276833
0.429487
0.196387
-0.105991
-0.902707
0.126072
0.428999
0.355876
0.304971
-0.746818
-0.959532
-0.055696
-0.773309
-0.185827
-0.168859
0.214331
-0.941588
-0.692373
0.629261
0.518235
0.410749
-0.204260
0.161840
0.797296
0.618885
-0.843501
0.115452
-0.044343
0.072970
0.592273
-0.232643
-0.449873
-0.833613
0.557482
-0.459822
0.115085
0.314188
-0.587939
-0.287942
0.996216
-0.186499
0.793634
-0.028108
0.663198
0.863033
0.855281
-0.643483
-0.955443
0.330119
-0.314615
-0.717521
-0.589282
0.509812
0.439436
-0.073824
0.216895
-0.611560
0.266457
0.480331
0.870479
-0.975951
0.115757
0.629994
-0.043184
-0.689871
0.061739
0.560717
-0.964415
-0.329447
0.918882
0.383526
-0.080660
0.784051
-0.119114
-0.335307
0.774529
0.928098
-0.410749
0.236366
-0.312662
-0.293558
0.365825
-0.561876
0.266823
-0.496689
0.428449
-0.219337
-0.200903
-0.696463
0.684500
0.506088
-0.394696
-0.153722
0.169408
0.181860
-0.331889
-0.377361
-0.048799
0.278481
-0.437117
-0.552904
-0.371075
-0.290445
-0.596423
-0.380108
-0.249367
-0.581652
0.082247
0.616749
0.502304
-0.407208
-0.547044
-0.600269
0.241676
-0.793207
0.574206
0.264931
0.972045
-0.684439
-0.614185
-0.251198
0.724357
-0.552477
-0.473556
0.944334
0.996277
-0.275063
0.207862
-0.715323
-0.044649
0.197119
-0.067232
-0.012787
-0.072359
-0.799554
-0.817560
-0.716910
0.308573
0.918394
-0.826960
0.940184
-0.342448
0.547594
0.639576
0.358318
-0.828608
0.465804
0.345317
0.659291
-0.488998
-0.745659
0.648244
0.085726
0.930540
-0.225379
0.854427
-0.007294
0.657399
-0.003265
-0.918210
0.852168
0.779839
-0.870846
-0.722037
0.064852
0.753166
-0.205969
0.340617
0.350810
-0.769951
0.638478
-0.190100
-0.760796
-0.210242
0.671621
0.865230
-0.352824
-0.848262
0.776910
0.745842
-0.553331
-0.960875
-0.846919
-0.213965
-0.890255
-0.057894
-0.559374
-0.081454
-0.138768
-0.467269
-0.293435
-0.605396
-0.724479
0.543626
0.213965
-0.573534
0.325236
-0.039277
0.828486
0.221473
-0.631886
0.017548
0.314554
0.705008
-0.858150
0.403668
-0.848018
0.223060
-0.037751
0.485397
-0.416669
-0.051912
-0.875973
-0.765007
0.883724
-0.765496
0.224158
-0.711539
0.998108
0.787347
0.281777
-0.352336
0.013825
-0.936033
0.414899
-0.649342
0.983520
0.552416
-0.556932
-0.665639
-0.871700
0.012482
-0.525498
0.100925
-0.661794
0.796503
-0.977966
-0.586657
-0.193335
-0.109775
0.650929
-0.036714
0.745720
-0.227332
-0.216407
-0.447798
0.376690
-0.568468
0.218787
0.524583
-0.546739
0.484970
-0.369366
0.772027
0.910398
-0.713736
0.434065
-0.629749
0.681265
0.297464
0.170263
0.677786
0.675222
-0.988159
-0.761101
-0.972961
0.954039
0.716666
-0.761101
-0.817560
0.790460
-0.899045
-0.032807
-0.226051
-0.493332
0.259499
0.203284
0.214637
0.833613
0.010346
-0.575304
0.308573
0.680471
-0.025056
-0.029633
-0.709098
-0.564806
-0.999695
0.359600
0.565172
0.945860
0.282754
-0.981567
-0.620838
0.647023
-0.291787
0.900632
-0.476119
-0.324442
-0.121921
-0.744621
-0.388470
-0.102084
-0.021577
0.829585
-0.776666
0.048921
0.406659
0.291360
-0.765496
0.715079
-0.746574
0.383648
0.043672
-0.752861
0.402448
0.091403
-0.246681
0.232826
0.007660
0.718497
0.379009
0.879086
-0.956053
-0.684072
-0.112339
-0.839839
-0.162206
-0.718253
-0.971068
-0.420881
-0.781549
-0.439131
0.620716
0.964904
-0.304605
0.060884
0.427168
-0.015229
-0.052644
-0.997620
0.433699
-0.391400
0.152989
-0.746696
-0.539476
0.111301
0.327799
-0.191259
0.892514
0.003021
-0.704215
-0.793695
0.746635
0.756890
0.683340
0.584887
-0.426984
-0.494064
-0.274514
-0.215857
-0.979675
-0.368999
-0.969665
-0.077120
0.964171
0.600513
-0.542100
-0.622059
0.474349
0.580432
0.095920
-0.542711
0.230323
-0.253212
0.386944
0.023286
0.309671
0.977905
0.170385
-0.696036
0.834101
0.968566
-0.399945
0.712333
0.322977
0.467635
-0.410749
0.877255
-0.816584
-0.696219
0.791986
0.465926
0.340922
0.903745
-0.990905
0.496139
-0.012848
0.429731
-0.633778
0.080721
0.420270
-0.371136
-0.367351
0.520005
0.266335
0.015900
0.164342
0.815424
-0.421857
0.360271
0.969115
-0.109653
-0.770562
0.795404
-0.002899
0.147435
-0.023469
-0.222205
-0.651051
-0.147374
0.015961
0.601062
0.525803
-0.110263
-0.280923
0.118625
0.095370
-0.813288
0.096103
-0.740898
-0.551134
0.852596
-0.489914
-0.477157
0.689138
0.363689
-0.540086
0.011933
-0.209632
-0.753349
0.589831
0.749748
0.727653
-0.614368
0.705252
-0.799432
0.064302
0.316752
-0.031587
-0.271706
-0.978210
-0.489425
-0.334574
-0.665883
0.589282
-0.978942
-0.704520
-0.770623
-0.544359
-0.508103
-0.203345
0.213904
0.816950
-0.797235
-0.226539
0.641469
0.836970
-0.954955
-0.657460
-0.817194
0.703421
-0.620655
-0.463240
-0.387799
-0.499619
0.729240
-0.104709
0.829157
0.726554
0.589404
-0.091464
0.081881
0.177343
0.453597
0.257729
0.803339
-0.918455
0.210608
0.857356
0.864620
-0.580493
0.427412
-0.262429
-0.367718
0.981079
0.234718
-0.388470
0.094211
0.801263
-0.811518
-0.912168
-0.056490
-0.493393
-0.259682
0.105258
0.964782
0.582873
-0.660756
0.221961
0.568224
-0.441633
0.946959
0.341227
-0.563097
0.612293
0.951109
0.452132
0.145482
-0.328227
-0.721366
-0.346660
-0.094699
-0.586352
0.064364
-0.643361
-0.241737
0.288980
0.073519
-0.587817
0.111301
0.756096
0.848506
-0.479659
-0.615345
0.731315
-0.562181
-0.653432
0.753410
-0.258034
-0.445967
-0.272683
-0.484603
0.652760
0.279397
0.424909
0.092013
0.834773
-0.990417
-0.162633
0.927000
0.558214
0.082919
0.280496
0.147862
-0.342998
-0.852351
0.764824
-0.413800
-0.458907
0.787408
-0.903867
0.100681
0.251198
-0.062593
0.205847
-0.009919
0.143040
-0.618946
-0.721244
0.561022
-0.309488
0.619922
-0.147923
0.092257
0.884945
-0.607898
0.597766
0.041169
-0.242103
-0.409406
0.212622
0.514573
0.589709
-0.882809
0.034761
-0.559252
-0.706656
-0.899106
0.206885
-0.550340
-0.023286
-0.111118
-0.884701
-0.722648
0.600391
-0.571459
-0.689261
-0.698477
-0.434492
0.261452
0.998352
-0.671255
0.049776
-0.717399
0.666311
0.933714
-0.642811
-0.065767
-0.384503
-0.931394
-0.530137
0.088900
0.210364
0.548326
-0.907712
0.613269
0.905393
-0.707999
0.093234
-0.001251
-0.835322
0.119175
-0.650807
-0.247536
0.891598
0.928220
0.430464
0.149815
-0.296060
-0.387005
0.287088
-0.545518
-0.993713
-0.935789
-0.795648
-0.400311
0.690542
-0.345683
-0.648122
0.851314
0.315470
-0.304422
-0.522813
-0.204932
-0.066744
0.365398
0.157567
-0.209449
-0.642323
0.475753
-0.261330
0.859493
0.449019
-0.382061
-0.908994
0.993164
0.769158
0.463668
-0.040864
-0.428999
-0.385052
-0.176733
0.275674
-0.945616
0.180273
0.164586
0.550584
0.185583
-0.676748
-0.958983
0.736686
-0.611866
-0.657216
-0.430586
-0.115513
0.603687
0.798090
0.324870
0.011139
-0.376751
0.002289
-0.979858
0.026460
0.984924
0.186438
-0.685171
0.119053
0.585376
-0.943052
0.803278
0.997620
0.568834
0.742729
-0.645009
0.962401
-0.225867
-0.342143
-0.401898
0.637318
0.302042
0.686148
0.351787
0.087863
0.936583
-0.906796
0.554552
-0.217994
0.643300
0.501572
0.001556
0.487472
-0.320597
-0.229835
0.180761
0.699087
0.403241
-0.860714
0.283547
-0.760613
0.588916
-0.491317
0.075655
0.144139
-0.894894
0.578600
-0.003937
0.057711
-0.615711
0.080844
-0.643422
-0.296793
0.381634
-0.703909
-0.376263
0.966491
0.685476
-0.777886
-0.691641
0.770196
0.957213
0.148839
0.990112
-0.974303
0.013703
0.257973
-0.913755
0.871151
0.041169
-0.743278
-0.173803
0.041902
-0.925779
-0.974059
0.450362
-0.151769
0.630970
-0.010590
-0.796930
-0.829829
0.139622
0.549852
-0.983093
0.520798
-0.636708
0.110019
-0.011200
-0.692312
-0.357280
-0.488327
-0.810053
0.285440
0.821284
0.596973
0.623951
-0.055452
-0.764641
0.374859
0.449812
-0.646718
-0.469588
-0.866634
0.443037
-0.945189
-0.543565
0.356792
0.910031
0.198279
-0.026826
0.318522
-0.714713
-0.769341
-0.143895
0.285318
-0.184606
0.378338
-0.942930
-0.297403
0.365398
0.081332
-0.761834
-0.678091
-0.896603
0.738151
-0.722098
-0.607532
0.100131
0.897580
0.137913
0.099765
-0.088839
-0.178747
0.951659
-0.402936
0.095920
0.266701
-0.548875
-0.269997
0.272500
-0.765007
-0.236061
-0.386395
0.188635
-0.768181
-0.806940
0.482528
0.305521
0.644154
-0.023774
-0.543443
0.084628
-0.992309
0.015656
-0.432661
0.103488
-0.877926
-0.533372
-0.588427
0.825068
0.590442
0.834590
-0.230079
-0.092441
0.351054
0.515915
-0.905698
0.357646
-0.957213
0.419599
0.895505
0.691153
0.899899
-0.275246
0.116733
-0.237831
-0.162145
0.126865
-0.383343
0.746147
-0.366131
0.611682
-0.958068
-0.655263
0.438459
0.233924
-0.271035
-0.745293
0.335063
-0.044832
0.287942
-0.456709
-0.031831
0.516831
0.688711
-0.283731
0.052461
-0.016144
-0.775018
0.208228
-0.174047
0.976501
0.307352
-0.422773
-0.359600
0.085299
-0.272317
-0.762017
-0.514756
-0.234230
0.495773
-0.183325
-0.245033
0.984985
0.440352
-0.641591
-0.579699
0.795404
0.972289
0.658071
0.866939
-0.899289
-0.889523
-0.672414
-0.990967
0.226722
-0.004913
-0.781365
-0.099277
0.455489
-0.909055
0.693045
-0.502426
0.967528
0.573168
0.148595
0.977905
0.731742
-0.761162
-0.736381
0.657216
-0.306742
-0.886166
0.710135
-0.458480
-0.000275
0.812067
0.671133
0.345256
-0.882565
0.777215
0.413068
0.790094
-0.064241
-0.646535
0.693167
0.318339
0.140538
-0.497482
0.353008
0.706961
0.814875
0.705008
-0.812128
0.856075
0.222144
0.612659
0.390728
0.063082
0.092563
0.927000
0.981262
0.625477
-0.099521
0.075594
-0.691214
-0.256142
-0.727287
0.644948
0.748894
0.877438
0.448958
-0.732231
-0.598987
0.747795
-0.031648
-0.147069
0.390179
-0.386700
-0.114597
-0.889706
-0.670827
0.239051
-0.576037
-0.949400
0.049715
-0.470077
0.847591
-0.693350
-0.248878
0.653432
0.112705
0.604236
-0.507187
-0.855342
-0.677175
0.501328
0.361187
0.091342
-0.202490
-0.035981
-0.031648
0.403729
-0.575365
-0.250404
0.694998
0.187353
0.330973
-0.930052
0.809320
0.224830
-0.730522
0.766839
-0.793756
-0.681936
-0.653676
-0.811396
-0.201880
0.357158
0.394147
0.582018
0.993835
0.531114
0.589892
0.300455
-0.775323
-0.789544
-0.885372
-0.299478
-0.815912
0.045015
-0.279946
0.591052
-0.258583
0.077548
-0.530198
0.445845
-0.163915
0.563829
0.987732
-0.270119
0.881222
0.421674
0.815119
-0.019990
-0.061007
-0.756951
0.497665
0.267739
0.356670
-0.355510
-0.598987
-0.579943
0.803217
-0.205664
-0.871578
-0.106967
0.108921
-0.537217
-0.420576
0.951781
0.879940
-0.858028
-0.963195
0.422773
0.823298
-0.467025
-0.066683
0.956542
-0.115146
0.452010
-0.456709
0.688040
-0.496384
0.143590
-0.548143
0.528977
-0.560350
0.930601
0.649709
-0.825556
0.800958
0.246193
-0.122349
0.342082
-0.554491
0.514573
-0.303995
-0.252663
-0.504685
-0.715079
0.384198
-0.239051
0.812983
-0.267067
-0.973388
-0.397137
0.226844
0.801874
0.426313
-0.172033
-0.440229
0.358806
-0.385907
0.472945
-0.534227
-0.850581
0.777947
0.745598
0.886532
-0.826411
-0.262612
0.177465
-0.066744
0.708365
-0.576525
-0.933653
-0.131138
0.847835
-0.381085
-0.915647
0.147679
-0.894894
-0.027009
0.297647
0.368633
0.436201
-0.054903
0.272134
0.191015
-0.132542
0.811945
0.345195
-0.236732
-0.475265
0.517075
-0.218848
0.399091
-0.807428
0.640126
0.195288
0.550218
0.264504
0.084262
0.028169
0.007111
-0.078524
0.309366
0.250282
-0.071810
-0.581469
0.442366
0.051119
0.161229
-0.088595
0.031648
0.257302
0.929136
-0.539476
0.608936
0.192541
0.148534
0.369427
0.438276
-0.276406
0.498520
0.510971
-0.439192
-0.657094
0.477035
-0.003754
-0.370342
-0.466781
0.776482
-0.297342
0.846736
-0.344707
-0.942869
0.132298
0.607410
0.238624
-0.856868
-0.694876
-0.684500
0.421430
-0.312784
0.587634
0.679495
0.596667
-0.099826
-0.743339
-0.018036
0.399030
-0.109958
-0.028779
-0.526109
0.743645
-0.844722
-0.207434
0.362407
-0.180029
0.377422
-0.497177
-0.294229
0.895810
-0.086032
-0.926634
0.987243
-0.843745
0.512192
-0.563829
-0.445479
-0.846248
-0.461959
0.900510
0.235572
-0.513535
0.085971
0.767327
-0.569567
0.685781
0.943724
0.336222
-0.945067
0.073397
0.047884
0.561022
-0.988403
0.453597
-0.465804
-0.689016
0.950621
0.084140
-0.673269
-0.062777
0.359783
-0.436262
0.577013
0.177343
0.360576
0.567614
0.990173
0.147679
0.330729
-0.449324
-0.879147
-0.093722
-0.161901
0.405133
-0.534532
0.299844
0.254799
-0.655629
0.011505
0.586718
-0.331156
0.686697
-0.016083
-0.931333
0.056368
-0.735221
0.656606
0.248573
-0.794244
-0.370647
-0.886166
0.436018
0.294107
-0.312052
0.118809
0.261391
0.562365
0.408490
0.211097
0.941710
-0.466964
0.263710
-0.212561
0.424299
-0.269387
-0.228370
-0.635487
-0.184484
0.551622
-0.595874
-0.603442
-0.920713
-0.048006
0.315470
0.678152
-0.875179
-0.565538
0.249794
-0.267251
0.657399
0.396405
-0.874752
-0.777093
-0.784356
-0.929502
0.833674
0.826899
0.220069
0.633229
-0.957274
-0.997864
0.400678
0.199622
-0.603565
-0.931578
-0.970702
-0.353496
-0.793207
-0.031648
-0.836421
0.595141
-0.790643
-0.060335
0.681814
0.568957
0.849483
-0.048921
-0.666189
0.951659
-0.650746
0.960204
-0.730522
-0.294961
-0.745354
-0.913816
-0.009491
-0.894589
0.563158
-0.374248
-0.287027
0.914914
-0.160192
0.296793
0.810724
-0.018647
0.362163
0.238990
0.216346
-0.532701
-0.918516
0.632923
-0.067782
0.166356
-0.684133
-0.311136
-0.465987
0.308573
0.062044
0.095309
-0.365520
0.762383
-0.248207
0.709525
-0.612842
-0.921384
0.505539
0.551500
-0.253456
0.081881
-0.967040
0.461470
-0.359844
0.369915
0.817743
-0.046541
0.489425
-0.716544
-0.518113
-0.719718
0.520493
0.615467
-0.376995
-0.496078
-0.953917
0.024201
-0.137120
0.156285
0.912961
-0.040620
0.384442
0.490890
0.215918
0.367595
-0.359478
-0.915464
-0.068392
-0.268838
0.610828
-0.972716
-0.729362
-0.757805
0.086215
-0.355327
-0.863277
0.713675
-0.852107
0.362102
0.953856
-0.617176
0.041719
-0.623768
-0.973449
0.069308
-0.295572
-0.794305
0.960509
-0.343242
0.074740
0.197302
-0.051057
0.131382
0.893368
-0.245766
-0.121921
-0.413862
-0.114414
0.165014
0.913694
0.808527
0.500168
0.667470
0.494430
-0.958922
-0.336772
0.828974
0.938536
-0.683218
-0.297952
-0.722037
0.479720
0.074129
-0.366314
-0.109409
0.450423
0.226966
0.141636
-0.363201
-0.987304
0.855159
0.298074
0.570177
-0.120273
0.927488
-0.824946
-0.038118
0.640187
0.803766
0.959349
0.015656
0.141758
-0.238258
-0.113559
0.894467
-0.348918
-0.531724
-0.456038
-0.994629
-0.215064
-0.105564
-0.274697
0.098788
0.167272
0.667531
0.713065
0.116184
-0.588977
0.221412
0.501267
0.648915
-0.896725
0.473983
-0.907407
-0.198462
-0.042207
0.733024
-0.106113
0.237648
0.243324
0.791314
-0.829279
0.888730
-0.180151
0.747917
0.829890
0.590930
0.819269
0.111118
0.213660
0.412397
-0.982543
0.675832
-0.502670
-0.467513
0.039583
0.807489
-0.023408
-0.810175
-0.599780
-0.929014
-0.205969
0.967833
0.721610
0.129856
0.593432
0.688528
-0.312723
0.307291
0.544969
-0.349956
0.188513
-0.820734
0.416913
-0.587512
-0.919370
0.193823
-0.987609
0.304117
-0.616749
0.379681
0.528794
0.770379
-0.225318
-0.076510
-0.968261
-0.905515
-0.344584
-0.594714
-0.113987
0.466292
0.339763
-0.400372
-0.426435
0.456160
0.840876
-0.854183
-0.630116
0.257241
0.999390
0.185644
-0.236000
-0.257729
0.493515
0.906308
-0.441755
-0.405866
-0.230995
0.590075
-0.990356
0.755669
-0.159154
-0.951720
-0.631031
0.469771
0.108921
-0.266091
-0.554186
-0.927305
-0.674734
0.714103
0.423383
-0.385784
-0.117405
0.823298
0.319254
-0.499130
0.970397
-0.565477
-0.643300
-0.474471
-0.611438
0.662832
0.617298
0.065645
0.500412
0.613208
-0.280496
-0.558458
-0.934080
0.889340
-0.162877
-0.748466
-0.761101
0.338664
-0.809259
0.986755
-0.679373
-0.822077
0.988464
-0.054415
-0.644032
0.692068
-0.633351
-0.592944
-0.576769
-0.168615
0.444624
-0.621021
0.849727
0.179785
-0.304544
-0.149571
-0.929075
-0.207068
-0.995666
0.840083
-0.995605
0.906186
-0.415082
0.196387
-0.267129
-0.815424
-0.293313
0.242592
-0.384075
0.116855
0.585376
0.385052
-0.762871
0.311747
0.513779
-0.938169
-0.274941
-0.118686
0.262673
-0.250710
-0.782952
0.946043
0.137181
-0.784722
-0.896298
-0.476730
-0.001801
-0.184118
-0.496017
-0.699942
0.850276
0.437117
0.570727
0.130100
-0.219092
-0.905942
0.273354
0.485641
0.055696
0.447981
-0.441755
0.958129
-0.232521
0.577013
0.741325
0.400678
0.042024
-0.684011
-0.048250
0.712394
-0.946776
-0.421735
-0.599109
-0.103732
-0.569079
0.221107
-0.558275
-0.251503
0.432173
-0.291787
-0.272500
0.399701
-0.597278
0.432661
-0.284219
-0.830683
0.048311
0.728813
0.459883
-0.038606
-0.052095
0.394330
-0.545824
-0.530808
0.871395
-0.983154
0.774529
-0.506882
0.410382
-0.707266
-0.007050
-0.293558
0.994568
0.922605
-0.966918
0.930357
0.324381
0.808649
0.238746
-0.355327
0.643788
-0.912412
0.543382
0.444319
-0.937254
0.453047
0.687246
0.129551
-0.377300
0.014618
0.496139
0.135533
0.098300
0.990112
0.157567
-0.594043
-0.819086
-0.304056
0.670339
0.061861
-0.084689
0.612537
-0.585498
0.479720
-0.953856
0.372600
-0.043367
-0.422834
-0.712821
-0.084384
-0.532823
0.054109
-0.355693
0.804010
0.716483
-0.218604
0.363323
-0.635487
-0.324564
-0.855647
-0.963683
0.906674
0.783441
-0.355510
-0.088656
0.146764
-0.934263
0.807489
0.913633
0.372723
0.366375
0.354411
0.591540
-0.351787
-0.563280
0.681570
0.618458
-0.213355
0.033479
-0.152989
-0.115329
-0.638234
0.952025
0.378094
-0.165258
0.462813
-0.991699
-0.323527
-0.416669
0.023041
0.486007
-0.955443
-0.997253
0.517930
0.323099
-0.183203
-0.197790
0.834468
0.702994
0.802789
-0.644093
-0.796625
0.532395
-0.943785
0.255409
-0.252419
-0.388775
0.090670
-0.815546
-0.943113
0.022248
-0.576708
-0.137608
-0.936460
-0.078280
-0.504135
0.307779
0.323405
-0.550401
-0.240150
0.108737
0.532395
-0.563585
-0.828425
0.543626
0.246132
0.269631
0.415571
0.329264
-0.336528
0.221473
0.072909
-0.237953
0.985656
-0.591357
0.286905
0.282144
-0.186438
-0.228004
-0.014618
0.719901
-0.916868
0.915891
0.764153
-0.994079
-0.711722
-0.386456
0.886776
-0.754814
0.873470
-0.142430
0.582934
-0.608570
0.595080
0.310282
0.860652
-0.327433
0.920896
-0.203955
-0.891964
0.739494
0.018708
-0.058077
-0.955687
0.197974
0.468978
-0.354900
0.598804
0.575793
-0.498093
0.317301
0.965697
-0.470199
-0.860836
-0.728385
-0.975524
0.999756
-0.996338
-0.893124
-0.061251
-0.661794
-0.674123
0.218360
-0.452498
0.765618
-0.366619
0.435224
-0.903439
-0.928770
0.430891
-0.360088
-0.979858
0.293558
0.246498
-0.916623
-0.188086
-0.418195
-0.516526
0.472823
0.682730
0.198462
0.226417
-0.145787
-0.697989
0.106296
-0.187048
0.620594
0.984924
-0.092074
-0.693594
0.110263
0.450179
0.434614
-0.301675
-0.248390
0.883602
-0.890744
-0.353191
-0.221656
0.964049
0.368816
0.223365
-0.829279
0.175512
0.755486
-0.161290
-0.762871
-0.503769
0.299844
0.189062
0.451704
0.617115
-0.357219
0.324320
0.050264
-0.335612
-0.674612
0.482589
-0.326456
-0.757500
0.280068
