0.300089
0.342875
-0.974181
0.913327
-0.670644
-0.721305
0.539964
-0.306925
0.596240
0.953185
-0.779229
0.780633
0.879086
-0.348857
0.729301
0.927488
0.600635
0.082064
-0.801263
0.951720
0.429792
0.420148
0.178747
-0.955199
-0.972411
-0.684500
0.804376
-0.904172
-0.498825
0.784417
-0.579455
0.837947
-0.874020
-0.710074
0.767632
-0.539476
-0.098666
0.327799
0.879147
-0.498459
0.499374
0.827570
-0.872555
-0.203467
-0.828181
0.683340
0.882199
0.288675
0.176122
-0.274514
0.507492
-0.340251
-0.716788
-0.173681
0.118137
0.823847
0.930357
-0.205298
-0.913877
0.248451
0.580432
0.341838
-0.589221
0.403790
0.851619
0.149266
-0.636830
0.309671
0.977905
-0.367351
0.592700
0.698965
0.165441
0.745170
0.908628
0.838374
0.404889
-0.805109
-0.058687
-0.016266
-0.575488
-0.241188
0.312601
-0.990661
0.500961
-0.599475
-0.781732
-0.703726
0.225135
0.981689
0.404828
0.428999
-0.438887
0.339457
-0.886959
0.266335
-0.378277
-0.507981
-0.612781
0.236549
0.731376
-0.823908
-0.840205
-0.834101
-0.444136
-0.678457
0.986267
0.956236
-0.546373
-0.157750
-0.529283
0.021455
0.898129
0.565661
-0.760979
0.598071
0.161473
-0.633595
-0.813288
-0.160253
-0.720267
0.367168
-0.930723
-0.489914
0.225013
-0.067904
0.363689
0.446211
-0.152989
0.855892
0.727042
0.079501
-0.853328
-0.496323
0.750542
0.405988
-0.555345
0.735160
0.017975
0.688528
-0.993835
0.278665
-0.149388
0.610462
0.686209
-0.913511
-0.832942
-0.704520
0.155919
-0.292398
-0.703116
0.894162
-0.725761
0.816950
0.701285
0.827143
0.166356
0.836970
0.243995
-0.592212
0.571032
-0.659169
0.582263
0.739494
0.021210
0.838862
0.552904
-0.474715
-0.581896
0.726554
0.589404
0.389752
-0.437056
-0.903073
0.005097
-0.262490
-0.792474
-0.318949
-0.047456
0.033845
0.187963
0.276894
0.121006
-0.317362
0.201514
-0.449263
0.234718
0.177892
0.355754
-0.666128
0.414533
0.476852
-0.897275
-0.390362
-0.534959
-0.820185
0.964782
-0.494919
0.250649
-0.361370
-0.945799
0.598987
-0.478439
-0.105319
-0.641713
-0.141942
-0.646352
0.452132
-0.185705
0.515976
-0.659902
-0.192358
-0.226356
0.204627
0.064364
-0.392193
0.866512
0.653188
-0.083651
-0.677480
-0.679373
-0.161840
0.848506
-0.851924
0.200598
-0.112766
-0.935362
0.426435
-0.600269
-0.466597
-0.445967
0.599109
-0.307779
-0.245766
0.717399
-0.490280
0.753655
0.685659
-0.680593
0.865963
0.670949
0.558214
0.082247
0.228065
0.241615
0.005097
0.831111
-0.540513
0.887020
-0.228858
-0.694876
0.150609
-0.178686
0.529893
-0.168493
-0.027009
-0.564745
-0.038728
0.330119
-0.432417
-0.821100
-0.749809
-0.123325
-0.191565
-0.101169
-0.118198
-0.090732
0.469955
-0.548997
0.265603
0.344279
0.153294
0.754509
-0.623402
-0.299112
0.979308
0.732963
0.754936
-0.308817
0.206885
0.693167
0.114231
-0.727287
0.347087
0.028047
-0.387799
0.714957
-0.342936
-0.809931
-0.818110
-0.911008
-0.245705
-0.977660
-0.633290
-0.304971
-0.593066
0.325541
-0.027802
0.708975
0.898190
-0.720450
-0.153417
-0.817499
0.551073
-0.145482
0.102573
0.725822
0.225867
-0.110324
0.178442
0.227210
-0.117527
-0.472396
0.248085
0.003204
0.059969
-0.292459
-0.163305
0.545213
-0.031648
0.660939
0.461653
-0.545518
0.199927
-0.935789
-0.872616
0.297403
-0.321879
0.956664
-0.740776
0.602222
-0.226661
-0.767083
0.751213
0.901181
-0.641469
0.573168
-0.570116
-0.424482
-0.662099
-0.587207
0.221717
0.228004
0.460860
-0.554369
-0.874203
0.993164
-0.767144
0.292398
0.866634
-0.381146
-0.262551
-0.144017
0.275674
-0.903867
0.180273
-0.061495
-0.310282
0.185583
-0.031709
0.253517
-0.835505
0.130711
0.137059
0.394757
0.818171
0.879574
0.937559
0.324870
-0.385052
-0.019074
-0.603870
0.946104
-0.364483
0.219459
0.659902
-0.516892
0.048494
-0.948424
-0.061617
0.064364
0.291299
0.355510
0.857479
-0.403912
0.661550
0.401227
-0.966247
0.603504
-0.575488
-0.886532
0.686148
-0.509934
-0.809076
0.538194
-0.906796
0.244789
-0.481796
-0.229896
0.712333
-0.663259
0.476608
0.985534
-0.229835
-0.807855
0.468307
0.403241
-0.860714
0.815424
0.613758
-0.878475
0.311869
-0.882382
-0.983581
0.855098
0.283792
-0.485397
-0.780755
-0.930723
0.074496
-0.643422
0.164586
0.136265
-0.134190
0.752800
-0.029084
-0.638661
-0.191565
0.352947
0.838496
0.713736
-0.830195
0.648366
-0.603809
0.945250
-0.107944
0.354717
-0.197790
-0.282022
-0.098422
0.439985
-0.488205
0.172948
0.551073
-0.641041
-0.929136
0.630970
0.034700
0.057283
-0.888424
0.112705
-0.812250
0.307657
0.080294
-0.136143
-0.755974
0.940611
-0.692312
-0.068331
-0.488327
0.211280
0.839900
0.854793
-0.140782
0.111667
-0.682485
-0.471541
-0.743522
-0.269692
0.358013
-0.691275
-0.358135
-0.506211
0.503830
-0.583544
-0.859554
0.507675
0.050142
-0.294534
-0.146764
0.482406
-0.936460
-0.143895
0.692618
-0.621021
-0.095431
-0.942930
-0.570116
-0.540880
-0.325968
-0.761834
-0.505600
0.576220
0.145970
-0.083895
-0.607532
0.391278
0.747002
0.206091
-0.579455
0.199011
-0.850337
0.632984
-0.402936
-0.596179
0.537400
0.089816
-0.269997
0.095309
0.350932
0.364544
0.677480
0.860836
0.924680
-0.063265
0.134312
0.305521
0.932920
0.329875
-0.804804
-0.250465
-0.294107
0.996338
-0.889340
-0.581286
-0.057161
0.821711
-0.556200
0.964293
0.993591
-0.197851
0.003937
0.564745
-0.246010
-0.539232
-0.152318
-0.827692
-0.278237
-0.266518
-0.622181
-0.533738
0.955992
0.100070
-0.647511
0.075716
-0.140721
-0.695730
-0.383343
0.634632
-0.976989
0.608325
-0.436750
0.231117
0.128819
0.233924
-0.223060
0.814386
-0.021088
0.825922
0.284036
0.120151
-0.031831
-0.739738
0.688711
-0.799188
0.310160
-0.125401
0.272073
0.469893
-0.671072
0.525071
0.307352
-0.686148
0.782464
0.139317
0.726188
-0.176916
-0.034272
0.220923
-0.684988
-0.273904
0.026399
-0.868770
0.735405
-0.641591
0.975219
-0.708853
0.972289
0.658071
0.565294
-0.504379
-0.889523
-0.588305
0.825373
-0.644642
-0.928892
-0.084201
0.367534
0.269509
0.334696
0.542344
0.193396
0.967528
-0.971252
-0.002411
-0.277932
-0.610462
0.663930
0.611072
0.657216
0.261391
0.411725
0.752373
0.633229
-0.550035
-0.859920
0.092929
0.831965
-0.178930
0.228004
-0.601733
0.575488
0.710318
-0.612964
-0.598682
0.360515
0.069674
-0.596484
0.353008
0.646901
-0.731071
0.427473
0.757439
0.712088
0.201147
-0.640248
0.908872
-0.069246
0.991577
0.241188
-0.599353
0.723136
0.312967
0.525437
0.698294
0.681570
-0.571764
-0.508042
0.208594
0.330912
0.788934
-0.692923
-0.995911
-0.554430
-0.783380
-0.496078
0.168249
-0.386700
0.932127
-0.889706
0.974914
-0.481735
0.145054
0.488205
-0.704825
0.844478
0.847591
0.201147
-0.996155
0.612659
-0.706473
0.019379
-0.595264
-0.491928
0.575182
-0.223304
0.361187
0.848384
0.126133
-0.237770
0.291787
0.922666
0.472457
-0.540147
0.694998
-0.825983
-0.145665
0.448042
0.801263
0.295145
0.847285
0.272011
-0.793756
0.874630
-0.021699
-0.898618
-0.851558
-0.481613
0.840876
-0.014924
0.993835
0.357280
0.956114
0.516648
0.974853
-0.569811
0.560411
0.722526
0.350932
-0.195837
-0.619068
0.984558
-0.258583
0.059725
0.462081
0.811335
-0.398968
0.321940
-0.894955
0.268593
-0.347636
-0.361187
-0.016327
-0.933287
0.842097
0.613147
0.497665
-0.168126
0.122410
-0.399213
-0.196814
0.226905
0.793512
0.395123
0.952391
-0.004425
0.773247
-0.537217
-0.906735
-0.611438
-0.910154
0.781854
-0.733818
-0.744926
0.769036
-0.634571
-0.339396
0.195532
-0.322733
0.012848
-0.456709
0.077486
-0.113742
0.861812
-0.177709
-0.998779
-0.882076
-0.697684
-0.339335
-0.570177
0.834590
-0.043855
-0.833247
-0.250465
0.536119
0.035554
0.568041
-0.947020
0.826594
0.393353
0.311014
-0.136692
0.812983
-0.423261
0.149510
-0.420759
0.398358
0.618519
0.283425
0.327982
-0.967833
-0.067232
0.861385
-0.801202
-0.520066
0.462508
0.405683
-0.551256
0.175024
0.667409
-0.826960
-0.782830
0.743095
-0.611927
-0.069918
-0.561876
0.065950
-0.062471
-0.469955
-0.559252
0.032868
0.572069
-0.336711
0.297647
-0.432478
0.546861
-0.759575
-0.571947
-0.922483
-0.395245
-0.237648
0.572619
-0.836543
-0.250587
0.974487
-0.826167
0.490646
-0.818903
-0.970336
-0.804498
0.148289
0.184545
0.656972
0.702261
-0.684561
0.858272
-0.215918
0.239479
-0.896786
-0.964171
-0.975524
0.624012
-0.645375
-0.100925
-0.910276
0.956908
0.305704
-0.883358
-0.892514
0.671255
0.466048
0.156468
0.484909
0.428571
-0.572985
0.094394
-0.350322
0.509995
0.443709
-0.132359
0.199744
-0.334696
0.599109
0.048677
-0.457259
-0.213355
-0.886715
-0.312235
0.387860
-0.939634
-0.640980
0.402020
-0.842830
0.964721
-0.852596
-0.018159
-0.264138
-0.513657
0.845027
0.996094
0.688894
-0.308756
-0.113987
0.363140
0.746391
0.155858
-0.758843
0.070223
0.248756
0.533921
0.406415
0.482223
0.543748
0.714103
0.473251
-0.619800
0.121006
-0.812799
-0.156102
-0.933897
0.548387
0.104953
0.153539
0.846492
0.042451
0.164037
0.961913
-0.792657
-0.665639
-0.978210
0.776727
0.993408
-0.898679
-0.103366
0.972289
0.885556
-0.278115
-0.141575
0.164525
0.710196
-0.536485
0.436628
-0.541063
-0.156346
0.861385
0.711478
-0.732292
0.679189
-0.088229
0.690298
-0.746696
0.092807
-0.786493
-0.218665
-0.750603
-0.488083
-0.787164
0.177648
-0.568834
-0.824885
0.585131
-0.544420
-0.602039
0.191259
0.103549
-0.241249
0.811274
0.016816
-0.939879
-0.297159
-0.103122
-0.778924
0.298441
0.610218
0.081515
0.333415
0.923215
0.753166
-0.131748
-0.556444
0.747612
-0.035981
0.371502
0.869503
-0.458113
0.216102
-0.385968
-0.677419
-0.855403
0.023591
0.001251
0.047761
-0.499863
0.234779
-0.181188
-0.239906
0.684256
0.811213
-0.698233
-0.492294
-0.019440
-0.081881
-0.846675
-0.044282
0.070345
-0.976440
0.685537
-0.104831
-0.602405
-0.657094
-0.391034
-0.874935
0.773492
0.819208
-0.033601
0.900998
-0.719901
0.659719
-0.226234
-0.692740
0.613758
0.426740
0.891354
0.709891
-0.353862
-0.317728
0.473373
0.144871
-0.234046
-0.985656
-0.121372
-0.375896
-0.128269
0.179846
0.594165
0.861629
-0.051119
0.755058
-0.079196
0.341288
0.591784
-0.869869
-0.830500
0.582873
-0.736808
0.917417
0.500839
0.217017
0.355693
-0.981567
-0.027802
0.748589
-0.884762
0.102512
-0.645314
0.529466
0.491379
0.306314
0.281716
-0.472335
0.975219
-0.029878
0.392499
0.448164
0.488266
0.220923
-0.669790
0.481674
0.384808
-0.784478
0.266274
-0.004242
0.629749
0.857112
-0.002533
0.325114
0.215003
-0.204138
0.092441
-0.453475
-0.123569
-0.471419
-0.243751
-0.140477
-0.825922
-0.593066
-0.908506
-0.672475
0.998596
-0.630299
0.867672
-0.152684
-0.434797
0.209510
0.577319
-0.882870
0.959227
-0.207801
-0.173559
0.216041
0.294290
-0.194067
0.569628
-0.231849
0.546678
-0.439619
0.056368
0.202307
-0.872188
0.467025
-0.008332
0.186316
-0.742363
0.807917
-0.144688
-0.329997
0.200964
0.035005
0.611927
0.247658
-0.570116
-0.475936
-0.409040
-0.475692
0.774712
0.516160
-0.116672
-0.201147
-0.375103
-0.442915
0.145726
0.375652
-0.755791
0.325602
-0.067110
-0.182287
-0.739006
0.984802
0.612232
-0.546190
0.840510
0.245766
0.422224
0.452132
0.496017
-0.470870
-0.761345
-0.227821
-0.851131
-0.963317
-0.390179
-0.690786
-0.640004
0.545274
-0.375958
-0.458541
0.154942
0.736259
0.212867
-0.669240
-0.872494
-0.127293
0.163549
-0.165929
-0.885861
-0.363689
0.270730
0.900754
0.298868
0.937376
0.820978
0.498032
0.729301
-0.490524
-0.121494
-0.236915
0.496384
-0.724479
0.688040
0.320902
0.939817
0.003815
0.344279
-0.631581
-0.323832
0.271584
-0.048189
-0.555712
-0.430342
-0.221412
-0.673513
0.253822
-0.535630
0.737907
-0.432051
-0.325114
0.140049
-0.337626
0.310099
-0.887814
-0.681753
-0.468245
-0.657949
-0.855464
-0.854610
-0.301859
-0.967467
-0.469100
-0.907163
0.551134
0.797601
0.148106
-0.116550
0.210547
0.948485
0.898007
0.769768
-0.576708
-0.628468
-0.659413
-0.804743
-0.385723
-0.397198
-0.682485
-0.118686
-0.180944
-0.140599
0.755913
0.693838
-0.609363
0.681570
-0.994751
-0.939390
-0.032075
-0.889340
-0.166723
0.977660
-0.685720
0.877071
-0.174657
-0.250832
-0.427717
0.924070
-0.465072
-0.861263
0.929502
0.368267
0.442610
-0.422102
-0.494186
0.493149
-0.099094
0.844050
-0.723014
-0.150609
-0.511216
0.257118
0.845332
0.350871
-0.824763
-0.275185
0.870418
-0.898373
-0.648122
0.355937
0.972777
0.565844
-0.534776
-0.128941
0.048555
-0.782891
0.215003
-0.917722
-0.073519
0.436934
0.631703
0.621082
0.407453
0.361858
0.345317
-0.499557
-0.997070
-0.261025
0.358074
-0.653615
0.863033
0.812494
0.633473
-0.338664
-0.391888
0.167882
-0.185583
0.318339
-0.786554
0.095553
-0.291604
0.814997
0.359294
0.036042
-0.428632
-0.763482
0.150914
0.670583
-0.653310
0.299783
0.436445
0.217627
-0.235633
-0.938780
0.534227
-0.499802
-0.979064
0.482833
-0.816279
0.182165
0.507492
-0.212989
-0.469039
0.870602
-0.192358
0.142491
-0.038545
0.248390
0.557543
-0.083834
0.594165
0.461653
-0.334208
-0.898679
0.247169
-0.337504
0.228492
0.983886
-0.311136
0.667470
-0.569994
0.287881
-0.744438
-0.839473
0.555101
0.612232
-0.231361
-0.833552
0.819758
-0.025239
0.199133
-0.644765
0.707083
0.268532
-0.050935
0.665456
-0.881893
-0.401654
0.800653
-0.657155
-0.064730
0.223487
-0.862545
0.352031
0.333232
-0.635609
0.818415
0.550218
0.075655
0.055757
-0.034211
-0.549547
0.335307
0.501389
-0.473067
0.922422
0.533494
-0.333720
-0.705679
-0.443464
-0.345744
0.738517
0.262490
-0.367107
-0.122837
0.529710
0.505539
0.093905
0.002106
0.857906
-0.831721
0.014374
-0.087497
-0.544847
-0.757927
-0.631214
-0.921445
-0.977538
0.317789
-0.989074
-0.988464
-0.106052
0.766289
0.074862
-0.898129
-0.026460
0.065584
0.972411
-0.208045
0.446699
-0.503525
-0.321329
0.999634
0.848750
-0.350383
-0.150731
-0.499130
0.621754
-0.449141
-0.667470
0.947325
0.222388
0.042329
0.638356
0.742119
-0.157445
0.642750
-0.073519
-0.517197
0.806635
-0.947691
0.158300
0.709342
-0.294168
0.998047
0.994934
0.921934
0.334574
0.676016
0.592334
0.985290
-0.510971
-0.395611
-0.646352
0.279153
0.927549
0.128025
-0.378521
-0.376568
0.908506
-0.703604
-0.212806
-0.368023
0.303873
0.547960
-0.834590
-0.021577
-0.253945
-0.832881
-0.747856
-0.597644
0.760247
-0.608325
-0.338603
-0.413373
-0.407270
-0.075716
-0.869259
0.156407
0.705985
0.493393
0.876400
-0.669362
-0.228370
-0.762627
-0.785211
0.935545
-0.030061
-0.188574
-0.368755
0.852840
0.349712
0.029023
-0.474166
-0.703238
0.948729
0.851619
0.308145
0.219581
-0.687368
-0.461776
-0.614673
0.158361
0.239296
-0.231910
-0.048250
-0.164281
-0.329936
0.547533
0.321451
0.262123
-0.478133
0.715567
0.731315
0.607959
0.064730
0.859004
-0.024079
0.288858
-0.307169
0.487350
0.041597
0.359416
-0.916379
-0.482650
0.447371
0.744987
-0.712882
-0.817743
0.752617
0.493515
0.716666
0.305399
-0.821955
-0.596057
-0.087741
0.273721
-0.870174
0.908139
-0.267067
0.932615
0.526658
0.519211
0.528916
0.602710
0.876339
-0.840632
0.231788
0.549669
0.091464
-0.321635
0.186071
0.141636
0.986328
-0.167516
-0.737907
0.956053
-0.736869
0.342265
-0.397504
-0.168432
-0.479049
0.423688
-0.031770
-0.919675
0.294900
0.634266
-0.239967
0.672720
-0.100131
0.041475
-0.221168
0.207007
0.622791
0.379009
0.786126
0.855342
-0.156774
-0.110202
-0.071566
-0.547472
0.435957
0.391644
0.086825
0.473617
0.787957
-0.301553
0.215308
-0.507614
-0.502853
-0.232459
-0.270363
-0.846553
-0.937742
-0.825495
-0.990661
0.537523
-0.787103
0.002594
-0.923887
0.448225
-0.643971
0.142186
0.509751
0.560656
-0.046236
0.557360
0.665090
0.725639
-0.023774
0.664113
-0.747307
-0.226844
-0.375164
-0.721183
-0.655202
-0.902890
-0.112949
0.684194
-0.130406
-0.648549
-0.514145
-0.740410
0.656484
0.938108
0.786370
0.559496
0.094455
0.413678
-0.778375
0.886837
0.466536
0.473189
-0.199011
0.019623
-0.978027
-0.754021
-0.737663
-0.997314
-0.150182
-0.205664
-0.567919
0.319132
0.615345
0.053743
-0.721366
0.859371
0.829707
-0.288919
0.521775
-0.932493
0.191809
0.548753
-0.191565
-0.669851
0.986450
-0.018769
0.904538
-0.525864
-0.160375
-0.758477
-0.045991
0.822687
0.061922
0.382855
0.200720
0.860897
-0.587939
0.598987
-0.602405
-0.769097
0.919797
-0.635243
0.807062
-0.988891
-0.727348
0.138462
-0.309244
0.283120
0.663320
0.464949
0.028108
0.380047
-0.637745
-0.309183
-0.576342
0.080844
0.943968
0.635975
-0.298135
0.078219
0.090060
-0.293497
-0.436689
-0.112033
-0.678396
0.519700
-0.968566
0.512375
-0.161168
0.757500
-0.761834
-0.830195
-0.754448
-0.434980
0.890072
-0.938719
-0.605823
-0.374187
0.073580
0.882260
0.969115
-0.735282
-0.768426
0.202368
-0.622242
0.482040
-0.402875
-0.989563
0.385540
0.877377
0.714286
0.946043
-0.465682
0.892758
0.856685
0.358440
0.140477
0.314005
-0.630482
0.199866
0.131260
-0.485397
-0.553514
0.587756
0.901242
-0.518174
-0.682546
0.835322
0.265847
-0.457198
-0.524949
0.506821
0.077486
-0.172765
0.242164
0.164769
-0.835322
-0.834101
-0.989807
-0.678457
-0.783074
0.956236
-0.546373
-0.157750
0.954405
0.021455
0.898129
-0.829585
-0.760979
0.598071
0.161473
0.095370
-0.813288
-0.505295
0.106784
0.367168
0.774957
-0.489914
0.020966
-0.067904
0.363689
0.085238
-0.152989
-0.209632
0.968749
0.079501
-0.853328
-0.612903
-0.937864
0.312235
-0.476852
0.735160
-0.527390
0.584521
-0.993835
0.278665
-0.856197
0.610462
0.686209
0.047212
-0.832942
-0.704520
-0.031404
-0.292398
0.043489
0.636586
-0.725761
-0.312967
0.701285
0.692312
-0.747795
0.836970
0.243995
0.291360
0.571032
-0.659169
0.582263
0.739494
0.021210
-0.276772
0.552904
-0.474715
0.499252
0.726554
0.589404
0.389752
-0.437056
-0.903073
0.005097
-0.262490
0.169591
0.373516
-0.047456
0.033845
0.187963
0.276894
0.121006
-0.038179
-0.283609
-0.449263
0.234718
0.177892
0.791803
0.495651
0.587512
0.476852
0.842219
-0.390362
-0.534959
0.390606
0.964782
-0.378094
-0.747368
0.557604
-0.124668
0.598987
-0.478439
-0.899045
-0.563097
-0.141942
-0.646352
0.452132
-0.185705
0.515976
0.763970
-0.192358
-0.226356
0.204627
0.064364
-0.392193
0.866512
0.653188
-0.083651
-0.677480
-0.679373
0.265114
0.848506
-0.851924
0.200598
0.362590
-0.799738
0.426435
-0.600269
-0.917722
-0.445967
0.599109
0.027558
-0.781915
0.717399
-0.490280
0.753655
-0.669118
-0.680593
-0.162633
0.670949
0.558214
0.675588
-0.325907
0.241615
0.005097
0.831111
-0.540513
0.887020
0.655934
-0.694876
0.083834
0.784722
-0.964537
-0.168493
-0.027009
-0.564745
-0.038728
0.925047
-0.173193
0.561022
-0.749809
-0.123325
-0.191565
0.194311
0.502731
-0.607898
-0.287576
-0.548997
0.265603
-0.332316
0.153294
0.754509
-0.224647
-0.299112
0.752800
0.732963
-0.149998
-0.308817
0.206885
0.693167
0.114231
-0.727287
0.347087
0.028047
0.270730
-0.038301
-0.901425
-0.809931
-0.818110
-0.911008
-0.245705
-0.833430
-0.633290
0.544908
-0.593066
-0.171972
-0.027802
-0.065767
0.898190
-0.720450
0.349345
-0.817499
0.551073
0.272256
0.102573
0.725822
-0.924131
0.290567
0.093234
0.227210
-0.397687
-0.472396
0.454268
0.003204
0.059969
-0.154271
0.525193
0.149815
0.041475
0.660939
0.461653
-0.545518
0.199927
-0.935789
0.085726
0.297403
-0.814325
0.956664
-0.348979
0.602222
-0.238014
-0.203162
-0.760430
0.339946
-0.641469
0.573168
-0.570116
-0.424482
0.670522
-0.587207
0.221717
-0.813349
0.460860
-0.554369
-0.874203
0.993164
-0.767144
0.292398
0.866634
-0.381146
-0.262551
-0.065706
0.275674
-0.903867
0.180273
0.828364
-0.310282
0.185583
-0.031709
0.253517
-0.835505
0.130711
0.137059
0.394757
0.818171
-0.094882
0.937559
0.324870
-0.385052
-0.019074
0.994934
-0.762749
-0.589404
0.219459
0.659902
-0.685171
0.025849
-0.948424
-0.061617
0.064364
-0.040315
-0.095431
0.857479
-0.403912
0.661550
0.050020
-0.966247
0.603504
-0.575488
-0.426923
0.686148
-0.509934
0.477035
-0.875546
-0.906796
0.244789
0.719779
0.809626
0.712333
-0.663259
0.476608
0.549547
-0.229835
-0.807855
0.468307
0.403241
-0.860714
0.316324
0.613758
0.421735
0.311869
-0.882382
-0.983581
0.160497
0.283792
-0.485397
-0.780755
-0.435469
0.161290
-0.643422
0.164586
0.136265
-0.697195
0.752800
-0.029084
-0.638661
-0.191565
0.352947
-0.211341
0.695730
0.404157
0.648366
-0.603809
0.013703
-0.107944
0.354717
-0.197790
-0.282022
-0.098422
-0.776482
0.899899
0.732841
0.916379
-0.641041
-0.178014
0.630970
0.034700
0.057283
-0.888424
0.112705
-0.992248
-0.307718
0.080294
-0.136143
0.352031
0.940611
-0.692312
-0.068331
-0.488327
-0.467757
0.839900
-0.438398
-0.140782
0.111667
-0.682485
-0.366131
-0.946165
0.449812
-0.392865
-0.501877
0.190283
0.189978
0.272988
-0.583544
0.916257
0.507675
0.050142
-0.481368
-0.809381
0.499252
-0.211585
-0.143895
-0.845576
-0.621021
-0.095431
-0.942930
-0.570116
-0.148900
0.567064
-0.761834
-0.104099
0.408185
0.145970
-0.083895
-0.607532
0.391278
0.747002
0.316019
-0.579455
-0.693899
-0.906247
0.632984
-0.402936
0.197974
0.537400
-0.260170
-0.269997
-0.575732
-0.064364
0.864193
-0.105258
0.860836
-0.430464
-0.063265
0.134312
0.305521
0.932920
0.329875
-0.804804
-0.250465
-0.390484
0.996338
0.976562
-0.581286
-0.299295
0.821711
0.853755
-0.387860
-0.246559
-0.197851
-0.109104
0.564745
-0.246010
-0.539232
-0.152318
-0.827692
-0.278237
-0.435347
-0.534165
-0.533738
0.955992
-0.794794
-0.647511
0.075716
-0.140721
-0.695730
-0.383343
0.634632
-0.976989
0.611682
-0.630848
0.231117
-0.812799
0.233924
-0.974975
0.814386
-0.021088
0.825922
0.750053
0.120151
-0.031831
-0.608081
0.688711
-0.320780
0.310160
0.095553
-0.984191
0.175451
0.450056
0.525071
0.307352
-0.222694
-0.462630
0.139317
-0.167943
0.570910
-0.034272
0.220923
-0.684988
-0.273904
-0.450117
0.157018
0.735405
-0.641591
0.528855
-0.708853
-0.658376
0.658071
0.565294
-0.504379
-0.889523
0.960997
0.585131
0.205908
-0.835627
-0.084201
-0.480331
0.269509
0.416669
0.542344
0.193396
0.967528
-0.971252
-0.002411
0.238380
0.688833
0.663930
-0.226539
-0.547166
0.261391
-0.994934
0.752373
0.317301
-0.550035
-0.859920
0.092929
0.069246
-0.178930
0.381817
0.825312
0.575488
0.710318
-0.612964
-0.598682
0.965331
0.990661
0.499985
0.353008
0.646901
-0.525681
0.427473
0.757439
0.866634
-0.035737
0.722282
0.636586
0.885067
0.991577
0.241188
-0.239479
0.471297
0.312967
0.525437
0.698294
0.410016
0.327555
-0.508042
0.208594
0.877438
0.788934
-0.821589
-0.995911
-0.554430
0.661733
0.964599
0.168249
-0.386700
0.932127
-0.889706
-0.118076
0.636586
0.145054
0.488205
-0.704825
-0.203772
0.847591
0.862850
0.535325
-0.114109
-0.706473
0.019379
0.677236
-0.491928
0.388836
-0.223304
0.361187
0.848384
-0.757744
-0.237770
-0.340495
-0.147740
0.472457
-0.540147
0.694998
-0.825983
-0.145665
0.448042
0.732475
0.224830
0.847285
0.018159
-0.793756
0.523179
-0.021699
-0.898618
-0.248207
-0.647694
0.840876
-0.014924
0.993835
0.357280
0.956114
0.516648
-0.775323
-0.569811
0.560411
0.722526
0.350932
0.045015
-0.619068
0.177892
-0.258583
0.059725
0.462081
0.381695
-0.789178
0.890072
-0.894955
0.268593
-0.347636
-0.361187
-0.016327
-0.385907
0.842097
0.613147
0.497665
-0.168126
0.122410
-0.399213
-0.572497
0.226905
0.793512
-0.205664
0.952391
-0.686514
0.773247
-0.537217
-0.906735
-0.611438
-0.910154
0.781854
-0.179785
-0.232704
0.769036
-0.634571
-0.339396
0.027070
0.140965
0.012848
-0.456709
0.077486
-0.113742
0.872494
0.427961
-0.998779
-0.882076
-0.697684
-0.339335
0.135350
-0.278603
-0.043855
-0.833247
-0.250465
-0.554491
0.514573
0.568041
-0.947020
0.826594
0.393353
0.755791
-0.136692
0.812983
0.030915
0.149510
-0.240272
0.398358
-0.802240
0.283425
-0.047212
-0.440229
0.170202
0.610950
-0.863216
-0.520066
0.462508
-0.843440
0.745598
0.175024
0.370220
-0.262612
-0.782830
0.715323
-0.611927
-0.069918
-0.561876
-0.584460
0.065523
-0.598865
0.784906
0.032868
0.745109
-0.336711
0.297647
-0.432478
0.546861
-0.680532
0.638295
0.466048
0.547411
-0.141697
-0.486618
0.026093
0.752617
0.062349
-0.580004
-0.777154
0.619861
0.092441
0.298318
-0.033052
-0.652455
-0.689688
-0.010102
0.007111
-0.056978
0.901608
0.250282
-0.960326
-0.274453
-0.637501
0.965026
0.588000
-0.088595
-0.495285
0.904965
-0.786676
0.612537
-0.105930
-0.909055
0.706839
-0.032502
-0.774468
-0.314982
-0.778008
0.016205
-0.035615
0.489731
0.717215
-0.003754
-0.370342
-0.095920
0.259865
0.767754
-0.725578
0.413739
-0.234779
0.132298
0.482162
-0.833247
0.926634
0.155919
0.675161
0.295694
-0.499863
-0.148228
0.679495
-0.038972
-0.577136
-0.743339
-0.075350
-0.068758
-0.675771
-0.426191
0.538072
0.130833
0.995422
0.502304
0.696524
0.620045
0.377422
0.657094
-0.244606
0.640431
0.632252
0.186193
0.837397
0.392560
-0.142613
0.559496
-0.358379
-0.710135
-0.991638
0.963500
-0.125278
-0.513535
-0.363018
0.296365
0.712210
-0.477340
-0.319071
-0.215735
-0.225135
0.073397
-0.149815
-0.955382
-0.738884
0.195837
-0.465804
-0.689383
0.950621
0.235267
-0.569445
-0.276101
0.533311
0.717460
0.023164
0.107639
-0.481002
0.925596
0.963805
0.759026
0.593493
-0.255043
0.379376
-0.951903
-0.190588
0.772820
0.491440
-0.542711
0.772088
0.835749
-0.715140
-0.975402
-0.228919
0.153539
0.285073
-0.067904
-0.533921
0.593921
0.838984
-0.162328
-0.268960
-0.370647
0.845454
-0.766655
-0.091220
0.423750
0.992676
0.398663
-0.848079
0.811213
0.576952
-0.658071
0.488510
-0.384808
-0.053743
-0.396588
-0.360210
-0.827326
0.649648
-0.184484
0.971313
-0.481429
-0.975097
-0.073275
-0.048006
-0.294778
0.527879
0.104892
-0.637135
0.323954
0.722709
-0.445723
-0.337138
-0.874752
0.686575
0.650441
0.379559
-0.061922
0.387432
0.220069
-0.118809
0.318339
-0.997864
-0.154698
0.199622
0.504685
0.428205
0.730399
0.863826
0.766717
-0.006500
0.334941
-0.838313
0.378826
0.782525
0.963988
0.568957
0.737602
-0.710074
0.863338
0.234657
-0.650746
0.477828
-0.463790
0.451094
-0.934629
-0.594043
0.152623
-0.726737
-0.333781
-0.072909
-0.287027
0.164220
-0.160192
-0.642933
0.574694
0.785943
-0.607715
0.357036
0.476424
-0.807062
0.697928
-0.034516
0.303140
0.297830
0.004730
-0.994690
0.431806
-0.700858
0.670644
0.095309
-0.175878
-0.496689
0.246376
0.541429
-0.514573
-0.038057
-0.781121
0.551500
0.753899
0.014191
0.227638
-0.186071
0.745170
-0.519944
0.175451
-0.428083
0.363323
0.044404
0.740410
0.076937
0.190954
0.799493
-0.828181
-0.688406
0.570238
0.270241
-0.343852
0.544603
-0.812006
0.916990
-0.933653
-0.719779
0.351848
-0.797967
-0.642506
-0.392987
0.716483
-0.268838
0.645314
-0.587268
-0.835078
-0.922605
0.304605
-0.685537
0.455611
0.784417
0.747978
0.389325
-0.522935
-0.617176
-0.890622
-0.255348
0.607898
0.069308
-0.295572
0.165136
-0.451216
0.286416
-0.453658
-0.223975
0.653188
0.835932
0.489242
-0.006195
0.847896
0.352092
-0.838252
-0.255776
0.842402
0.557421
-0.109531
0.091830
-0.420209
-0.241615
0.641652
0.694937
0.546129
-0.400983
-0.297952
-0.635609
0.192480
0.074129
0.896847
0.595752
-0.581835
-0.274392
0.141636
-0.099033
-0.786065
-0.039216
0.298074
0.200110
0.810053
-0.140538
-0.860347
-0.417707
0.640187
0.814447
-0.682546
-0.769097
-0.565355
-0.911802
-0.113559
-0.411420
-0.245277
-0.917173
0.045869
0.033784
0.449324
0.922605
-0.274697
0.864925
0.167272
-0.998108
0.713065
0.613147
-0.223487
-0.674306
0.501267
0.335185
-0.896725
-0.150975
0.120701
-0.198462
0.204138
0.862972
-0.319498
0.664907
0.586474
0.791314
-0.921995
0.085055
0.363445
-0.073763
0.156285
-0.626148
-0.991516
0.209815
-0.613025
0.025544
0.902585
0.775018
-0.502670
0.071017
0.531724
0.622364
-0.155553
-0.810175
-0.599780
-0.001679
0.606983
-0.975402
0.316935
-0.356670
0.588366
0.377850
-0.056734
-0.977477
-0.273293
0.982788
0.791620
0.711966
0.460616
-0.965026
0.627125
0.575732
-0.457747
-0.769219
0.222633
0.379681
-0.430403
-0.036164
0.551683
0.289956
0.280984
0.975402
-0.344584
0.983947
-0.964660
0.466292
0.569201
0.932249
0.248024
0.787469
-0.482589
-0.144078
0.623646
-0.461165
0.886166
0.727470
-0.236000
-0.450117
0.693350
0.884030
-0.242958
0.047761
-0.213172
0.853633
0.578967
-0.535875
-0.159154
0.978637
0.322123
-0.225257
0.428816
-0.266091
0.721061
0.383221
0.915525
-0.017304
0.999512
-0.338237
0.125523
0.823298
0.800226
0.382000
0.929991
0.311441
-0.624866
0.337931
-0.298929
0.501083
0.888668
-0.422224
0.310709
-0.789727
-0.280496
0.058931
-0.366131
0.889340
0.922910
-0.799738
-0.130467
0.450056
0.665395
-0.016449
-0.368267
0.393597
0.444929
-0.087924
0.690481
-0.802728
-0.433943
-0.810846
-0.525864
0.989135
0.079318
-0.621021
0.342021
0.147191
-0.191565
-0.883297
0.748039
0.888180
0.186438
0.028291
-0.193884
0.906186
0.576586
0.196387
-0.149144
-0.875301
0.280618
0.428999
-0.122471
0.624989
-0.299783
-0.268593
-0.762871
0.811945
0.142613
-0.007721
-0.102634
-0.118686
-0.352641
-0.250710
0.582324
-0.349834
-0.204260
0.898740
-0.896298
-0.187231
-0.687613
-0.184118
0.196692
0.785150
-0.574206
0.923887
-0.290323
0.499374
0.559313
-0.071017
0.689749
-0.381451
0.760369
0.939879
0.996216
0.596850
-0.102939
-0.149632
0.884213
-0.530503
-0.433454
-0.133518
-0.256569
0.218848
0.164098
-0.558397
0.234352
0.509812
-0.282510
-0.073824
0.127781
-0.929563
0.509384
-0.335795
-0.032502
0.206641
-0.314127
0.727409
-0.043184
-0.830683
0.574145
0.474715
0.293802
-0.475387
-0.870296
-0.665212
-0.080660
0.784051
0.682180
-0.528916
0.774529
-0.506882
-0.468429
-0.410260
-0.375958
-0.293558
-0.531114
-0.543748
0.758782
0.791009
0.675222
0.305094
-0.397198
0.994934
-0.733818
-0.666005
0.543382
-0.495468
-0.628346
-0.898556
-0.176489
0.051851
0.562181
0.760308
-0.963500
0.135533
0.436384
-0.971435
0.903378
0.917600
-0.819086
0.807672
-0.327738
-0.387188
-0.513047
0.029878
-0.585498
0.790948
0.257790
0.353923
0.574206
0.225623
0.561876
-0.754631
0.425520
-0.026582
0.724357
-0.161351
-0.338359
-0.218604
-0.436750
0.219520
-0.178808
-0.370769
-0.607532
0.906674
-0.146031
-0.161412
0.516953
0.248085
-0.232948
0.040925
0.823603
0.372723
-0.004120
0.163121
-0.342448
0.867061
0.553270
0.753777
0.796258
-0.213355
-0.356731
0.073336
0.333110
-0.745659
-0.121189
-0.294412
0.284646
0.096652
0.854427
0.196692
-0.315775
0.634816
-0.181921
0.340373
0.567980
0.517930
0.244667
-0.919980
0.335002
0.032929
-0.108188
0.510056
-0.957762
-0.261208
0.359294
-0.760796
0.760857
0.593799
0.255898
-0.485702
-0.848262
0.804010
0.745842
-0.916746
0.006989
-0.846919
-0.213965
-0.796258
-0.589648
-0.816584
0.367901
-0.849116
0.410993
0.058260
0.845576
-0.724479
0.543626
0.246132
0.269631
0.278909
-0.532212
-0.302042
0.221473
-0.006684
-0.668386
0.815241
0.489364
0.231910
0.290017
0.879452
0.869747
-0.973327
-0.149022
-0.395734
-0.775933
0.023652
-0.644887
0.199927
0.497848
0.792535
-0.372417
-0.887204
0.243080
0.421552
-0.803034
-0.239113
-0.318155
0.837580
-0.615162
-0.258644
0.552416
-0.891964
-0.416791
-0.480758
-0.737602
-0.528184
0.513535
-0.462691
0.287210
0.598804
-0.869503
0.749565
0.628040
0.040803
0.547777
-0.860836
-0.576220
0.206336
0.447371
0.465682
-0.810846
0.109043
0.524583
-0.587024
0.218360
0.307169
0.748650
-0.366619
0.393902
0.741813
-0.054720
0.247108
-0.060335
0.861873
0.252846
-0.637623
-0.916623
-0.761101
0.413312
0.177404
-0.188696
0.109775
0.198462
0.226417
-0.759758
-0.032807
0.296304
-0.666982
0.489486
0.203284
0.562487
0.833613
-0.577319
0.103183
-0.247780
-0.368633
0.822748
-0.160802
0.786920
-0.353191
-0.125095
-0.064730
0.368816
0.223365
-0.938108
-0.947020
0.755486
0.054048
-0.684133
0.900632
0.507370
0.189062
-0.116733
-0.564928
0.777825
0.688650
-0.021577
-0.340434
0.654653
0.482589
0.757805
0.933897
-0.722526
