-0.476363
0.913205
0.873714
0.594104
-0.237526
-0.791559
-0.503159
-0.649648
-0.040620
-0.437971
-0.716300
-0.318827
0.860469
-0.971618
0.404828
0.282632
-0.692984
-0.577624
-0.377728
-0.205542
0.724784
-0.972839
-0.600024
0.911557
-0.139866
0.971007
0.465682
-0.725272
0.744865
-0.063692
-0.821223
-0.835994
0.798334
0.326640
0.800958
-0.663686
-0.002777
0.650929
-0.544176
0.448775
0.466231
0.626331
0.106784
0.368694
0.209143
0.841243
-0.477706
-0.613941
-0.777703
-0.615833
0.287454
0.275185
-0.583422
0.777093
0.889706
-0.809748
0.416974
0.804865
0.486557
0.838191
0.527085
-0.868892
-0.100620
0.943297
0.780450
0.677664
-0.784295
-0.297708
0.117344
0.449385
-0.335978
-0.101657
-0.157628
0.245399
0.183447
-0.890988
-0.048555
0.803339
-0.755425
0.899838
-0.921812
-0.500168
-0.107700
0.735527
0.376568
0.878719
-0.604297
-0.664357
0.319010
-0.147740
0.273232
0.495590
0.890011
0.805292
-0.661794
0.497299
0.551073
0.463179
0.639393
0.946959
-0.985412
-0.372356
-0.153722
0.418073
-0.991699
-0.250710
-0.188818
-0.162816
-0.052217
0.500412
0.198035
0.299112
-0.937010
-0.820856
0.547899
-0.769646
0.644887
-0.715201
-0.126865
0.239357
-0.998962
-0.316202
0.953001
0.969359
0.577868
-0.637806
0.344157
0.860775
-0.728507
-0.365337
0.150487
0.452864
-0.450667
-0.357341
-0.183081
-0.741325
-0.650868
-0.889401
0.241493
0.006134
-0.484359
0.660573
-0.569933
-0.955077
0.117588
-0.954588
0.920408
0.602893
0.931455
0.070162
0.604480
-0.573778
-0.373760
-0.605396
0.511338
0.408246
-0.412702
-0.837092
0.310770
-0.876095
0.809687
-0.353862
-0.375042
0.801202
0.620472
0.620716
-0.847591
0.649098
-0.879940
-0.543504
0.849422
0.536485
0.614917
-0.711905
-0.265603
0.533982
-0.238746
0.948729
-0.930845
0.621632
0.117649
0.099338
0.212622
0.102695
0.848933
0.395978
0.506333
0.719840
-0.397443
0.987487
-0.180212
-0.109836
0.001740
-0.687735
-0.035798
0.295206
0.608875
-0.709769
0.456648
0.839839
-0.014618
-0.462325
0.121677
-0.789178
-0.842708
-0.627491
-0.562670
0.534104
0.563463
-0.690542
-0.626331
-0.962340
-0.536058
-0.579028
0.889767
0.402326
-0.924375
-0.397931
0.058321
-0.804010
0.910398
0.631825
0.039644
-0.676382
-0.556078
0.525620
-0.885311
-0.801874
-0.407025
0.592822
-0.981262
-0.185583
0.865169
-0.041658
0.196326
-0.120762
0.657826
-0.908872
0.237037
-0.818354
0.381817
-0.768914
-0.995361
-0.375225
0.693350
-0.672170
-0.808161
0.633595
0.874813
0.786248
0.553636
0.887143
0.393170
-0.721061
-0.917783
0.172643
-0.886166
0.852962
-0.023774
0.152501
-0.881222
0.621021
0.968444
0.817621
-0.601123
0.223914
0.377728
0.375164
0.364788
0.462874
-0.486801
0.006867
-0.129734
-0.007294
0.607288
0.260048
-0.666921
0.228736
-0.828242
0.752434
0.912900
0.482467
0.135960
0.522019
-0.023041
-0.190100
0.042024
-0.507309
-0.865108
-0.950194
-0.570055
0.933409
-0.722159
-0.387921
0.487594
0.313028
0.038118
0.406537
-0.770989
0.984375
-0.210852
0.908872
0.265053
-0.570055
0.636708
-0.608936
0.731010
0.033052
0.039888
-0.531724
0.113926
-0.643727
0.720695
0.875729
-0.891476
0.967162
0.005768
-0.444136
0.429853
-0.270363
-0.344218
-0.097507
0.533921
0.223365
0.068026
0.935057
-0.943968
0.783746
0.726737
-0.800226
-0.998047
0.849910
-0.823786
-0.820124
-0.375408
-0.220130
0.267495
-0.835810
0.630970
0.091525
-0.700064
0.048433
0.283975
0.712516
0.391644
-0.730461
-0.750725
0.601306
-0.324198
-0.364299
0.964599
0.935484
-0.660451
-0.285745
0.778436
-0.077425
0.549608
0.030183
-0.725517
-0.339274
-0.559923
0.470748
-0.047395
0.111789
-0.699393
-0.706778
0.239418
0.030122
-0.727348
0.717215
-0.721305
0.784417
-0.386029
0.296060
0.171545
-0.153539
0.421430
0.761589
-0.559618
0.610828
0.099216
-0.609302
0.801630
0.738762
-0.326395
-0.869137
0.845943
-0.954344
-0.353252
0.928220
-0.073641
-0.436445
0.564318
0.285684
0.411542
-0.655019
-0.906186
0.715934
0.306619
-0.708731
0.762993
0.654408
0.886593
-0.834468
-0.946654
0.783685
0.057222
0.248451
0.529893
-0.760613
-0.661000
-0.293985
0.469222
0.513962
-0.354106
0.290567
0.635792
-0.060396
0.108005
-0.266457
-0.475448
-0.482467
-0.146092
0.368206
-0.931700
0.183996
0.634144
0.899350
0.033906
-0.119480
-0.805536
0.925291
-0.577624
0.581408
0.556444
0.980468
0.693960
0.515183
0.889645
-0.482833
-0.204871
0.685049
0.120884
0.001617
-0.734306
0.198035
0.035310
0.969787
0.292764
0.925840
-0.948607
0.558763
-0.851009
-0.285195
0.982360
0.771844
-0.298502
-0.052095
-0.816462
0.466964
-0.829951
-0.323893
0.786615
-0.170324
0.848933
0.537706
-0.500412
0.269265
-0.790277
-0.023408
0.023957
0.298990
-0.655324
0.782586
0.717032
0.099277
-0.343608
0.134068
0.030610
-0.932066
-0.479720
-0.322855
0.148228
0.168432
0.722098
-0.292520
0.446333
0.177953
-0.579821
0.880734
0.634388
-0.009980
0.847957
-0.489731
-0.044771
0.730216
0.211951
0.044588
-0.453780
0.681631
0.834407
-0.057772
0.964721
0.554247
0.038484
0.415876
0.213843
0.414167
-0.257973
-0.161962
0.438093
-0.802118
0.642201
0.824885
-0.503769
-0.143895
0.806940
-0.542589
0.676931
0.936033
-0.631092
0.389203
-0.196875
0.949278
-0.292459
0.678274
0.530076
-0.208960
0.661306
-0.597095
0.698599
-0.024567
-0.049104
-0.699087
0.938231
-0.340373
-0.581347
-0.242347
-0.073702
-0.249428
-0.651357
0.785333
-0.346660
-0.019562
0.429670
-0.557665
-0.447676
-0.476119
-0.648732
-0.132908
-0.451033
0.761467
0.546312
0.543870
0.731864
-0.858943
-0.078829
-0.683828
0.421857
-0.442793
-0.585192
-0.583850
-0.781121
0.264138
0.013703
0.208106
-0.665944
0.168310
-0.588610
0.361370
0.315348
0.401044
0.177587
-0.284951
0.273659
0.501755
-0.028535
-0.720145
0.651051
0.205054
0.667837
0.709098
0.079501
0.102512
-0.596484
0.487228
-0.577624
0.472640
0.034028
0.330180
-0.075533
-0.921384
-0.140782
-0.787103
0.631214
-0.367840
-0.292703
0.445723
-0.686087
-0.840449
0.437544
0.241432
0.123203
-0.896298
0.325602
-0.056856
-0.913144
0.275979
0.004669
0.902402
-0.078768
-0.981567
0.784173
-0.552782
0.581713
-0.695669
0.115329
-0.256081
-0.867428
-0.274270
-0.427473
0.797296
-0.060762
0.528672
-0.808954
-0.291055
-0.272744
-0.804010
0.828547
-0.196265
-0.398114
0.190832
0.374493
0.899167
0.567309
-0.890805
-0.482406
0.125034
0.609241
-0.687490
0.528550
0.847896
0.642445
-0.419477
-0.958678
0.455611
0.388531
-0.875973
0.510056
0.968566
-0.643666
-0.247536
-0.657338
-0.435591
-0.344829
-0.006317
0.214270
-0.620350
0.882565
0.565416
-0.745109
0.256447
0.992370
0.687063
-0.324625
0.535142
0.612476
-0.331645
-0.418744
-0.574755
0.636952
0.042695
-0.258827
-0.235817
0.023103
-0.512436
-0.242225
0.243263
0.140965
-0.455672
0.840327
0.703665
-0.723930
-0.055940
0.598926
-0.482650
-0.784417
-0.071749
0.708731
0.155492
0.203467
0.721671
-0.707999
0.821894
-0.529160
-0.841975
0.060518
-0.499435
-0.859554
0.589831
-0.540819
0.663686
0.543504
0.261391
0.080294
-0.810419
0.654408
-0.586901
0.325968
-0.512741
-0.115329
-0.649953
0.423688
0.806879
-0.198706
-0.911435
-0.252541
0.298441
-0.275674
0.262612
0.519517
-0.120212
0.905637
-0.916318
0.876339
-0.953429
-0.432783
0.522202
-0.578784
-0.021516
-0.935423
0.925047
0.230262
-0.048799
-0.157750
-0.886593
0.370647
0.165502
0.345927
0.463729
0.154881
0.536668
-0.510178
0.916868
0.888730
0.663137
0.816828
0.370830
-0.393353
0.729911
0.367290
-0.074190
0.406354
-0.103610
-0.925291
0.978698
-0.805231
-0.116794
-0.225990
-0.288125
0.900510
-0.849239
0.804193
0.698904
0.971618
-0.104099
-0.415387
-0.562731
0.370037
-0.154149
-0.577319
-0.572619
0.109470
0.314432
-0.408612
-0.625416
0.802484
-0.687857
0.048494
0.336161
-0.993225
-0.202002
0.754936
-0.302591
0.657155
0.067049
-0.052278
-0.166723
-0.849116
0.283303
0.875118
-0.411298
-0.652944
0.799493
0.874264
0.915464
0.639698
0.733695
0.029633
-0.051057
-0.217689
-0.916196
-0.717887
0.314676
0.652516
-0.166478
0.951476
0.103427
-0.108127
0.603931
-0.176611
0.522446
-0.934568
0.815851
0.344096
0.617542
0.839290
0.845576
0.428083
0.935484
0.840754
0.485397
0.146153
0.553636
-0.420087
0.713736
-0.760979
0.509140
0.920713
0.586352
0.736503
-0.103488
0.296854
-0.676809
0.716178
0.980895
0.762139
-0.402936
-0.902585
-0.496811
-0.025605
-0.450240
0.042024
-0.389142
-0.431990
-0.095004
-0.627979
-0.366008
0.190710
-0.291665
0.385479
0.263710
0.134556
-0.024201
-0.653005
-0.991516
0.180456
-0.104770
-0.430036
0.638356
-0.896359
-0.464156
0.770379
-0.720023
-0.868221
-0.259194
-0.413434
0.599719
0.822138
-0.819636
0.395917
-0.354350
-0.057039
0.818659
0.315958
0.841914
-0.338237
0.095431
0.690847
-0.390790
-0.667592
0.610096
-0.407270
0.364727
-0.358013
-0.843684
0.831538
-0.121311
-0.935667
-0.690237
-0.991272
-0.934996
-0.225684
-0.044649
0.084078
-0.671682
-0.830195
0.719962
0.392865
-0.929258
-0.957823
0.412702
0.151524
0.251137
-0.424116
0.436445
-0.017304
0.683279
-0.639332
0.923948
-0.118625
0.951170
0.491562
0.928037
0.750603
0.105625
-0.778924
0.733940
0.329875
0.440291
-0.392193
0.641957
-0.891903
-0.630116
-0.998657
-0.393048
-0.524949
0.177526
0.017975
-0.508042
-0.297586
0.148961
0.204627
-0.709891
0.255654
-0.354045
0.667653
-0.211158
0.331095
-0.602893
0.317301
-0.973693
-0.284158
0.328043
0.312845
0.155370
-0.273049
-0.897763
-0.245766
0.044221
0.755974
-0.970336
-0.047456
-0.072115
-0.243263
0.596484
-0.943419
-0.671133
0.995788
0.474654
0.799921
0.358196
-0.840876
0.845637
-0.566576
0.512741
-0.386029
-0.621570
-0.541978
0.116672
-0.187292
-0.584460
-0.783624
-0.560717
-0.454512
0.389386
-0.198035
0.459578
-0.470992
0.102329
-0.003876
-0.445357
0.271035
0.345134
0.417768
-0.500046
0.044649
0.142430
-0.947508
0.281289
-0.184301
-0.921934
0.317118
0.046297
0.181494
0.275491
0.698538
0.759697
0.191748
-0.271950
-0.007721
0.436811
-0.474532
-0.083895
-0.629261
0.007416
0.864437
0.676870
0.486740
-0.899838
0.597400
0.258522
0.444624
-0.671194
-0.125645
0.561083
0.658620
-0.608692
0.053865
-0.456893
-0.463668
-0.527635
-0.029206
-0.965209
0.319010
0.352214
-0.611988
-0.495407
-0.465072
0.570666
-0.678701
-0.383709
-0.535875
0.202124
0.774651
-0.894955
-0.187536
0.920957
-0.931639
0.768365
0.554979
-0.996948
0.487960
-0.898373
0.639088
-0.923399
0.727470
-0.104221
0.524888
-0.005341
-0.666311
-0.029389
0.149632
-0.678945
-0.438765
-0.356548
-0.854183
0.298013
-0.129246
-0.803949
-0.920225
0.655812
-0.850093
0.140965
-0.566515
-0.621509
0.531175
-0.497238
0.429182
-0.683096
0.979064
0.840571
-0.813471
0.486129
-0.351115
0.313395
0.884823
0.401593
-0.661061
0.025239
-0.589831
0.634388
0.682180
0.760369
0.314676
-0.282388
0.020051
0.746696
0.363140
0.784906
0.514389
0.572497
-0.080966
-0.361797
0.232521
-0.371136
-0.753044
-0.966185
0.490951
0.810907
0.572924
-0.982971
0.384930
-0.445845
0.146825
0.153722
-0.403241
0.140172
0.302225
0.279458
0.666616
0.481735
-0.250954
0.085360
-0.890683
-0.340739
0.797479
-0.588549
0.060274
0.431623
-0.333476
-0.910703
0.555528
0.369854
0.382611
-0.711844
-0.431013
0.293069
0.731559
0.282327
0.400555
-0.241310
-0.924558
0.436079
0.641591
-0.838618
-0.385113
-0.267434
0.247902
0.449995
-0.522568
-0.176366
-0.912778
0.741935
-0.485275
-0.922056
-0.736137
-0.480880
-0.627308
0.379559
0.390301
0.156346
-0.048311
-0.623768
-0.611255
-0.192602
0.942137
-0.709769
-0.702628
0.265297
-0.924741
-0.987121
0.209815
-0.925962
0.576525
-0.366863
-0.008637
0.345805
-0.323893
-0.271157
-0.885861
-0.170263
-0.402142
0.845515
-0.861629
0.781915
-0.345744
0.898801
-0.683279
0.204688
-0.293863
0.423627
0.602344
-0.404767
0.713981
0.503891
-0.123630
0.593738
-0.408063
-0.699576
-0.749077
-0.119968
-0.467452
-0.279641
0.561083
0.187170
0.088595
0.238624
0.960936
-0.987854
-0.813410
0.160680
0.047334
-0.419782
-0.019501
0.309732
-0.181372
0.593188
0.605823
-0.618397
-0.603198
-0.704764
-0.509323
0.900571
0.348796
-0.447432
0.174169
0.616871
-0.146641
0.355632
-0.803522
0.352397
0.514695
0.184484
0.248634
-0.139195
0.889035
0.851863
-0.382000
0.066683
0.888852
-0.635426
0.232459
-0.249489
-0.348796
-0.488998
0.050508
0.456099
0.234535
-0.995788
0.240761
0.835505
0.772088
0.890744
0.946471
-0.213660
0.825922
0.102329
0.782281
0.825312
0.275063
-0.157811
0.154881
0.403912
-0.011689
0.592456
0.485824
0.289468
0.730033
-0.806024
0.796197
-0.140233
-0.119175
-0.303690
-0.178014
-0.721915
0.288980
0.852779
0.440657
0.506760
-0.067598
-0.509812
0.298807
-0.228065
0.120884
-0.268899
-0.587146
0.355510
0.386212
-0.093417
0.204688
0.490890
-0.073885
-0.457747
0.195959
-0.061251
-0.132969
0.449324
0.327860
0.984985
0.341899
0.412397
0.494552
-0.288858
-0.390851
0.791070
-0.632008
0.832331
0.304788
0.945982
0.183874
0.050874
-0.366741
-0.438826
0.365520
-0.677908
-0.560106
0.658315
0.977783
0.115696
-0.995178
-0.421552
-0.445540
-0.844050
-0.204260
0.168004
0.916013
-0.708304
0.409772
-0.053804
0.355388
-0.362346
0.899289
-0.913572
0.068697
-0.578906
-0.480697
-0.751701
0.004730
-0.661916
-0.905576
-0.080905
0.640004
0.966735
-0.799188
-0.196326
0.403790
-0.636097
-0.574572
0.512803
-0.619495
-0.103000
0.123386
-0.962645
-0.646657
-0.925596
-0.639698
-0.289773
0.262368
-0.734672
0.058016
0.614978
-0.635609
0.648061
0.342021
-0.924375
0.577807
0.789422
-0.393292
-0.666250
0.699149
0.063631
0.352763
0.549425
0.663930
-0.778314
0.666128
0.415387
-0.665883
-0.874081
-0.419721
0.523911
-0.505905
0.574816
-0.752251
-0.288553
-0.448347
0.224647
-0.355937
-0.320780
-0.988342
0.685842
-0.822382
0.711295
-0.275979
0.554430
0.003204
0.393231
0.871029
-0.088595
-0.304422
0.052950
-0.521714
0.823420
0.633473
0.983215
0.284463
0.478561
0.427412
-0.855525
0.263588
-0.855525
0.431562
-0.563707
0.332194
0.798395
0.160375
0.447188
-0.655812
0.472152
-0.184790
-0.634571
-0.274331
-0.133030
0.888791
-0.766961
0.477889
0.282266
-0.628162
-0.448775
-0.631642
-0.154942
0.142186
0.643422
-0.977233
-0.121250
-0.232093
-0.167028
0.931822
-0.572741
0.314249
0.271706
-0.015778
-0.604602
-0.885250
0.685171
0.884091
0.061434
0.023957
-0.808466
0.646718
0.011139
0.287698
0.363018
-0.806818
-0.550707
0.534227
-0.571825
-0.615101
-0.531602
-0.259987
0.710135
0.174841
-0.167150
-0.342143
-0.942625
-0.600635
0.701956
0.712760
0.532640
-0.790704
0.145116
-0.377300
-0.782220
0.301187
0.594348
-0.868404
-0.644826
0.969298
0.390973
0.621265
-0.496139
-0.912656
0.436750
-0.684805
0.576464
-0.194983
-0.495102
-0.041963
0.514939
-0.294656
-0.185644
0.710135
0.042207
-0.408673
-0.178320
0.889584
0.986877
-0.792352
-0.766900
-0.960936
-0.729118
-0.840510
0.443648
0.280374
0.314310
-0.197974
-0.793573
0.513352
0.108554
0.491317
-0.852474
-0.720328
-0.808954
0.795038
0.393841
-0.388165
-0.289041
-0.073885
0.960631
-0.405133
0.941404
0.276894
0.876217
-0.556871
-0.664480
0.473006
0.251686
0.955992
0.985900
-0.405011
-0.872372
-0.560778
-0.871456
0.329325
0.417951
-0.805475
0.066988
-0.596118
-0.653066
0.540269
0.383709
-0.867977
0.058321
-0.336650
0.270913
-0.903317
-0.441816
-0.260659
0.718925
0.317850
-0.725089
0.918394
0.820673
0.968444
-0.862423
-0.456221
-0.285684
-0.528916
0.363018
-0.609790
-0.232032
0.969665
0.621937
0.900815
0.090732
-0.162633
0.931455
-0.604297
0.857112
-0.982177
0.164525
-0.997803
0.584948
-0.268410
0.994079
0.453475
0.412152
-0.897641
0.745537
-0.372662
-0.495773
-0.564135
-0.247841
0.958739
-0.562853
0.395184
0.199683
-0.672353
0.265419
0.110385
-0.977905
0.828974
-0.950133
-0.302896
0.380657
0.668630
0.576769
0.324259
0.666677
-0.528733
0.539720
-0.595508
-0.442671
-0.082003
0.459395
0.923215
0.090670
0.969237
0.409589
