0.125034
0.342875
-0.974181
0.913327
-0.670644
-0.721305
-0.700125
-0.306925
-0.013337
0.953185
-0.779229
0.780633
-0.481124
0.150670
0.382244
0.927488
0.600635
-0.661245
0.602832
0.985168
0.429792
-0.457625
0.178747
-0.955199
-0.972411
0.181982
0.804376
-0.904172
-0.498825
0.158055
-0.579455
0.837947
-0.874020
-0.710074
0.767632
-0.539476
0.535997
0.327799
0.879147
-0.498459
0.439314
0.749199
-0.872555
0.686514
-0.828181
-0.685476
0.882199
0.288675
0.176122
-0.274514
-0.155858
-0.340251
-0.716788
-0.173681
0.118137
0.823847
0.930357
-0.205298
-0.913877
0.248451
0.580432
0.341838
-0.856136
-0.972777
-0.089999
0.149266
-0.636830
0.309671
0.977905
-0.367351
0.592700
0.085665
0.165441
0.745170
0.908628
0.600513
0.404889
0.981628
-0.058687
-0.016266
-0.003204
-0.241188
0.312601
-0.568773
0.500961
-0.599475
-0.781732
-0.703726
0.225135
0.981689
-0.424726
0.528977
-0.438887
0.339457
-0.886959
-0.590320
0.086947
-0.507981
-0.612781
0.236549
0.731376
-0.823908
-0.118686
0.280740
-0.444136
-0.678457
0.986267
0.956236
-0.546373
-0.157750
-0.871456
0.021455
0.898129
-0.908567
-0.760979
-0.467208
-0.486068
-0.951598
-0.813288
-0.160253
-0.720267
0.367168
-0.930723
-0.489914
0.225013
-0.067904
0.363689
0.446211
-0.279641
-0.296793
0.862300
0.079501
-0.853328
0.591540
-0.040620
0.405988
-0.555345
0.735160
0.017975
0.688528
-0.848994
-0.595325
0.552171
0.610462
0.421125
0.049532
0.460616
0.601978
-0.626942
-0.292398
0.043489
0.894162
-0.725761
0.816950
0.908994
-0.040986
0.166356
0.836970
0.243995
-0.592212
0.571032
-0.659169
-0.641102
0.739494
-0.271584
-0.276772
0.552904
-0.474715
-0.581896
0.726554
0.589404
0.939329
-0.540941
-0.559191
0.081637
-0.262490
-0.792474
-0.318949
-0.047456
0.033845
0.187963
0.276894
0.121006
-0.045808
0.201514
-0.449263
0.234718
0.177892
0.791803
-0.666128
0.414533
0.476852
-0.364238
-0.390362
-0.951231
0.676870
-0.983276
-0.494919
-0.849300
-0.361370
0.123325
-0.576159
-0.397443
-0.899045
-0.560961
-0.141942
-0.646352
0.452132
-0.185705
0.515976
0.539048
-0.900571
-0.226356
-0.122776
0.064364
-0.392193
0.866512
0.653188
-0.083651
-0.677480
-0.679373
0.475875
0.274880
-0.173254
0.200598
-0.112766
-0.799738
0.426435
0.031220
0.901242
-0.445967
0.599109
0.540819
-0.781915
0.717399
-0.490280
0.753655
0.141697
-0.680593
0.865963
0.670949
0.558214
0.082247
-0.325907
0.907773
0.005097
0.831111
-0.540513
0.887020
-0.228858
-0.694876
0.150609
-0.043977
-0.964537
-0.168493
-0.027009
-0.564745
0.716971
-0.096103
-0.432417
0.561022
-0.749809
-0.123325
-0.191565
-0.101169
-0.118198
-0.142613
0.469955
-0.548997
0.265603
0.344279
0.153294
0.754509
-0.924375
-0.299112
0.752800
0.732963
0.754936
-0.308817
-0.991516
0.693167
0.114231
-0.727287
-0.346416
0.922178
-0.387799
0.348674
-0.342936
-0.809931
-0.818110
-0.911008
-0.245705
-0.504135
-0.633290
0.774163
-0.593066
0.325541
0.412397
0.073641
0.898190
-0.907529
-0.153417
-0.817499
-0.893063
-0.806818
0.633412
0.354472
-0.951170
0.605335
0.221290
0.493271
0.061434
-0.883908
-0.461653
0.766289
0.611194
0.618824
-0.390179
-0.559313
0.460860
0.087741
-0.531724
0.162816
0.711661
-0.370769
-0.588549
0.489059
-0.668081
-0.913022
-0.015473
-0.572069
0.748405
0.105014
0.405866
-0.534593
-0.093905
0.209815
0.682058
-0.667226
-0.225501
0.474776
0.166784
-0.593860
-0.854488
-0.672475
-0.924131
0.139866
-0.423688
0.382183
-0.951598
0.229835
0.019745
0.663442
0.890500
0.140477
0.381390
-0.812128
-0.488876
0.703726
-0.382183
-0.830866
0.598376
0.405438
-0.415632
-0.761834
0.916868
0.955504
0.134251
0.764092
0.209632
0.460677
-0.609729
-0.627918
-0.965087
0.714469
-0.275063
-0.086032
0.310587
-0.036653
-0.980651
-0.942869
0.631336
-0.136265
-0.351787
0.740226
-0.646840
-0.035188
-0.573046
-0.696524
0.475204
-0.846553
-0.252358
0.897336
-0.193030
0.441939
-0.837580
-0.027253
0.527635
0.938841
-0.723075
0.422163
0.882565
0.781426
-0.658559
0.333842
-0.653737
-0.881649
0.619373
0.052767
0.702017
-0.969054
0.899045
-0.333232
0.632008
0.099521
0.301920
0.614551
0.456648
-0.438093
-0.626026
0.442305
0.413251
0.872677
0.646352
0.946959
0.011689
-0.684744
-0.281777
-0.690786
-0.086947
0.480941
-0.178869
0.223731
-0.376995
0.650990
-0.516343
-0.547044
0.888241
-0.682485
-0.323588
0.269753
-0.943785
-0.658742
0.088168
-0.191687
0.899594
0.827692
-0.001129
0.069063
-0.636647
0.496139
0.460005
-0.317057
-0.881161
-0.149998
-0.303751
0.999695
0.855098
0.115818
0.480758
0.060579
0.948424
-0.262978
-0.684072
0.438948
0.410321
-0.262062
-0.912961
0.263710
-0.527146
0.537950
-0.999207
0.993225
0.605274
-0.686697
0.621998
-0.799188
-0.847652
-0.557482
0.262246
-0.750237
0.551683
0.540086
-0.563463
-0.469405
-0.232093
0.036958
0.493637
-0.584521
-0.910276
-0.753716
-0.456038
0.852290
0.257179
-0.747490
0.373394
0.710746
-0.600757
-0.049837
-0.291055
-0.185949
-0.493393
-0.080416
0.565844
0.107395
0.848506
0.107578
0.823298
-0.623829
0.081515
0.257424
-0.092746
0.227577
-0.950499
-0.485031
-0.516465
0.144871
0.588061
-0.903256
-0.302835
-0.164525
-0.781365
-0.175268
-0.145360
0.122288
-0.974609
-0.006134
-0.664968
-0.784173
0.091952
0.800226
0.968810
-0.206885
-0.300455
0.731498
0.713309
0.542344
-0.288675
-0.928709
-0.922788
-0.321451
0.387555
0.705435
0.700735
-0.114353
-0.155126
0.370586
-0.738578
-0.772881
-0.248817
0.906247
-0.971923
-0.382916
-0.991577
0.671194
0.281655
-0.345805
-0.998352
0.927549
0.523118
0.092990
0.993408
0.674917
-0.669118
0.971923
-0.186926
-0.776849
-0.602222
0.718253
0.465743
-0.112827
-0.989746
-0.735282
0.486801
0.615833
0.767937
-0.080172
0.997375
-0.631031
0.988647
-0.023957
0.187475
-0.946043
-0.729972
-0.096042
-0.763604
0.670827
0.857356
0.489914
0.496994
-0.379620
-0.131748
-0.007111
-0.297586
0.219459
0.193701
0.616443
0.548753
-0.478988
-0.498764
-0.842097
-0.053865
-0.908811
-0.403119
-0.896176
-0.028474
-0.063936
0.948302
0.838435
-0.987793
-0.595325
0.304544
-0.868709
-0.586413
-0.908811
0.269265
-0.222327
-0.056490
-0.937437
-0.776605
0.058931
0.619861
0.631275
-0.813776
0.635426
0.570421
-0.296304
0.138096
-0.194739
0.056185
-0.861446
0.998413
-0.738578
0.549608
0.639821
-0.927122
-0.167394
0.996643
0.701956
0.975402
-0.037751
0.653249
0.155553
-0.606494
0.532823
0.441206
0.881710
0.469466
0.735710
0.308084
-0.176855
0.097201
-0.559923
-0.509323
0.114170
0.886959
0.798578
-0.410138
0.896908
-0.954649
-0.570299
-0.033723
0.289834
-0.268288
0.531419
0.493271
-0.624195
-0.730277
0.480697
0.279214
0.717277
-0.269143
0.800958
0.093234
-0.468917
0.846614
-0.039460
-0.443953
0.004303
-0.763421
0.143956
0.558763
0.429426
-0.059175
-0.147618
0.316324
0.633168
-0.256203
0.671560
0.995056
-0.792657
-0.099277
0.476180
-0.056917
-0.794488
0.736320
-0.039399
0.525742
-0.947569
-0.161046
0.895199
-0.900876
0.275307
-0.721793
-0.159825
0.427595
-0.026887
-0.931700
0.243934
-0.345805
0.740165
0.209632
0.408551
0.534776
0.530869
-0.294778
-0.867489
-0.423078
0.260170
0.043672
0.410871
-0.032319
-0.402570
0.501022
0.611988
-0.509140
-0.358074
-0.423139
-0.645802
-0.952330
0.916257
0.407880
-0.187170
-0.475814
0.716666
-0.864193
-0.039460
-0.362590
-0.048128
0.332804
-0.744804
-0.529038
0.026887
-0.050325
-0.472945
-0.121128
-0.364483
0.371075
-0.511521
-0.979553
0.749504
0.611560
-0.232215
0.129307
-0.716544
0.826777
-0.985412
0.108127
0.931211
0.865352
-0.670156
0.339152
-0.473678
-0.182653
0.893185
-0.717154
-0.128880
0.008881
-0.636769
-0.786981
-0.815485
-0.375286
-0.723136
0.070162
0.211463
0.160741
-0.620960
0.628468
0.426069
0.546434
0.186926
-0.338176
-0.156407
-0.908811
0.132725
-0.833735
-0.941099
0.616626
-0.457869
-0.158910
0.256142
0.338664
-0.682302
-0.319559
0.754265
-0.137852
0.104343
0.018586
-0.663137
-0.718253
0.216895
0.919736
0.008881
0.273782
-0.635243
0.734001
-0.759575
0.390606
-0.922483
-0.527268
-0.237648
0.572619
0.534165
-0.250587
0.974487
-0.826167
0.490646
-0.818903
-0.970336
-0.804498
0.195288
0.751152
0.656972
0.702261
-0.439558
0.858272
-0.642079
0.239479
-0.896786
-0.964171
-0.975524
0.624012
-0.645375
-0.100925
-0.910276
0.956908
-0.519456
0.382672
-0.892514
0.671255
-0.146702
0.156468
0.484909
0.428571
0.726310
0.094394
-0.051180
-0.326029
0.443709
0.276162
0.614368
-0.334696
0.599109
0.657582
-0.457259
-0.213355
-0.886715
-0.312235
-0.887570
-0.939634
-0.640980
-0.008393
-0.842830
0.964721
-0.852596
-0.018159
-0.264138
-0.513657
0.065523
0.996094
0.688894
-0.308756
-0.117466
-0.710501
0.746391
0.155858
-0.758843
0.070223
0.248756
-0.046541
0.406415
0.482223
0.543748
0.714103
0.930540
-0.619800
0.121006
-0.831477
-0.215735
-0.933897
0.548387
0.142186
0.153539
0.846492
0.218299
0.164037
0.961913
0.111728
0.543565
-0.978210
0.776727
0.993408
-0.898679
-0.103366
-0.125828
0.173193
-0.278115
-0.141575
0.313822
-0.727897
-0.536485
0.436628
-0.394147
-0.064180
0.004425
0.711478
-0.838313
0.679189
-0.088229
0.690298
-0.746696
-0.557176
-0.786493
-0.218665
-0.440352
-0.488083
-0.787164
-0.170385
-0.568834
0.903378
0.772027
0.534227
-0.602039
0.135289
0.103549
0.180517
0.811274
0.016816
-0.939879
-0.882321
-0.103122
-0.778924
0.487167
0.610218
0.081515
0.333415
0.185705
0.089511
-0.131748
-0.556444
0.747612
-0.468001
0.371502
0.210425
-0.458113
0.216102
-0.452132
-0.618274
-0.855403
0.023591
-0.499680
-0.706534
-0.499863
0.776605
-0.181188
-0.239906
0.684256
0.811213
-0.898618
-0.492294
-0.019440
-0.081881
-0.846675
-0.044282
0.998901
0.718680
0.296548
-0.104831
-0.602405
-0.657094
-0.391034
-0.874935
0.773492
0.108615
-0.033601
-0.296670
-0.719901
0.659719
-0.226234
-0.692740
0.613758
0.988769
0.923521
0.709891
-0.353862
-0.317728
0.473373
0.144871
-0.623768
-0.985656
-0.121372
-0.375896
-0.128269
0.179846
0.594165
0.861629
-0.051119
0.755058
-0.079196
-0.693289
0.591784
-0.961974
0.904904
0.582873
-0.736808
0.917417
0.500839
0.217017
0.355693
0.232521
0.697195
0.748589
-0.884762
0.102512
-0.645314
0.529466
0.491379
0.306314
0.281716
-0.472335
0.975219
-0.029878
-0.772515
0.448164
0.488266
0.220923
-0.669790
0.481674
0.384808
-0.784478
-0.228980
-0.004242
-0.980651
0.857112
-0.002533
-0.520859
0.215003
-0.204138
0.694815
-0.357646
-0.123569
-0.471419
-0.243751
-0.140477
-0.825922
-0.593066
0.029633
-0.672475
0.998596
-0.630299
0.867672
-0.152684
0.360759
0.209510
-0.760369
-0.293435
0.959227
0.186987
-0.173559
0.216041
0.294290
0.486190
0.638050
-0.231849
0.546678
-0.439619
0.056368
-0.437605
-0.872188
0.467025
-0.008332
0.186316
-0.317362
0.147435
-0.144688
0.237892
0.200964
0.860286
0.626759
0.247658
-0.570116
-0.475936
-0.409040
-0.475692
0.774712
0.516160
-0.116672
-0.201147
-0.375103
-0.442915
0.145726
0.375652
-0.755791
0.501389
-0.067110
-0.182287
-0.739006
0.984802
0.612232
-0.406171
-0.102817
0.245766
0.422224
0.452132
-0.261086
-0.431562
-0.761345
-0.227821
-0.851131
-0.963317
-0.390179
-0.690786
-0.068880
-0.611805
0.151158
-0.458541
0.154942
0.736259
0.212867
-0.005524
-0.466659
-0.127293
0.163549
-0.165929
-0.885861
-0.363689
0.270730
-0.515000
0.298868
0.652516
0.378094
0.498032
0.729301
-0.490524
0.834468
-0.236915
-0.726737
0.102634
0.688040
0.320902
0.363750
0.003815
0.958129
-0.909482
-0.323832
0.271584
-0.048189
-0.555712
-0.430342
-0.221412
-0.609668
0.253822
-0.535630
0.132298
-0.610767
0.027375
0.235511
0.045564
0.310099
0.301431
-0.681753
-0.468245
-0.657949
0.497604
0.444624
-0.538621
-0.967467
-0.469100
-0.907163
0.551134
0.797601
0.033479
-0.116550
0.210547
0.948485
-0.483261
-0.356670
0.588366
0.377850
-0.056734
0.360942
-0.502304
0.982788
0.428083
0.711966
-0.870418
-0.168493
0.627125
0.754326
-0.457747
0.730644
0.222633
-0.073031
-0.402875
-0.967345
0.551683
-0.511093
0.280984
0.975402
-0.965331
-0.634144
-0.964660
0.466292
0.569201
-0.144871
-0.747246
-0.058565
-0.482589
-0.144078
0.847713
-0.105625
-0.302042
0.807001
-0.236000
0.661611
0.693350
0.884030
-0.490280
0.588855
-0.213172
-0.810968
-0.906125
-0.535875
-0.262368
0.966124
-0.329142
-0.225257
0.842708
-0.290750
0.721061
0.383221
0.331400
-0.017304
0.525987
-0.338237
0.095431
-0.384198
0.361248
0.382000
-0.059847
0.311441
-0.624866
0.706839
-0.298929
-0.922422
-0.361980
-0.422224
0.310709
-0.789727
-0.280496
-0.717765
-0.550279
0.155187
0.922910
-0.818476
-0.130467
-0.290384
0.665395
0.947386
-0.368267
0.275307
0.444929
0.453719
-0.755547
-0.802728
0.949950
-0.191931
-0.525864
0.989135
0.958434
-0.621021
0.342021
-0.077181
0.244240
-0.883297
0.748039
0.888180
-0.740715
-0.909726
-0.532579
0.906186
-0.758660
0.196387
-0.149144
-0.875301
0.203528
0.127476
-0.041475
-0.248024
-0.299783
-0.268593
-0.996094
0.811945
0.142613
-0.007721
-0.102634
-0.118686
-0.979675
-0.250710
0.582324
-0.349834
-0.204260
0.161840
-0.896298
-0.187231
-0.884640
0.115452
0.196692
-0.315104
0.097140
0.923887
-0.829585
0.499374
0.559313
0.800714
0.689749
0.314188
-0.827326
0.939879
0.996216
-0.871883
-0.042390
-0.028108
0.663198
0.852168
-0.433454
-0.128758
0.155065
0.218848
0.164098
-0.717521
-0.020295
0.509812
-0.282510
-0.073824
0.127781
-0.929563
0.509384
-0.913938
-0.032502
-0.137303
-0.314127
0.727409
-0.043184
-0.169652
-0.203650
0.070101
0.293802
-0.475387
0.587390
-0.665212
-0.080660
-0.463301
0.682180
-0.528916
0.779290
-0.506882
-0.468429
-0.410260
-0.375958
-0.293558
-0.539109
-0.561876
-0.442610
0.717399
-0.514939
0.680471
-0.110813
0.994934
-0.733818
-0.666005
0.543382
-0.495468
-0.224830
0.962401
-0.718986
0.051851
0.562181
-0.446028
-0.963500
0.163854
0.436384
-0.915525
-0.723869
0.917600
-0.819086
0.474899
-0.204749
0.616749
-0.204505
0.029878
-0.563707
-0.600269
-0.365459
0.859798
0.574206
0.396283
0.561876
-0.754631
0.425520
-0.026582
0.724357
-0.689871
0.969726
0.547838
0.585009
0.902707
-0.178808
0.773492
-0.540025
0.906674
-0.314432
-0.856685
-0.421674
0.248085
-0.004486
0.040925
0.306864
-0.737236
0.904172
0.163121
-0.342448
-0.397137
0.639576
0.680715
-0.828608
-0.213355
-0.356731
0.374432
0.333110
-0.745659
-0.663076
0.193274
0.529832
-0.487045
0.854427
0.196692
-0.268227
0.634816
-0.181921
0.340373
0.044954
-0.272500
-0.474837
-0.679739
-0.141636
-0.205969
0.431806
-0.166417
-0.957762
0.638478
0.359294
-0.760796
0.760857
0.593799
-0.508957
-0.277017
-0.848262
-0.357036
0.745842
-0.916746
0.006989
-0.846919
-0.213965
-0.890255
-0.589648
-0.816584
-0.641224
-0.744072
-0.022370
0.908811
-0.925108
-0.724479
0.543626
0.246132
0.269631
0.851802
0.009796
0.701224
0.221473
-0.006684
-0.668386
0.815241
0.435530
-0.858150
0.403668
0.515427
0.869747
-0.973327
0.961364
0.744255
-0.775933
-0.474837
0.664052
-0.408124
0.497848
0.865474
0.075961
-0.887204
0.243080
0.421552
0.134617
-0.117527
0.957518
0.414899
-0.171667
-0.328532
0.552416
-0.891964
-0.416791
-0.480758
0.699332
-0.528184
0.339579
-0.462691
-0.226539
0.598804
0.601367
0.749565
0.628040
-0.697623
-0.152318
-0.860836
0.982910
0.206336
0.447371
-0.805658
-0.709586
0.772149
0.524583
-0.587024
-0.224586
0.307169
0.748650
-0.366619
0.361614
0.741813
0.187719
0.247108
0.279031
0.962645
-0.776666
-0.637623
-0.916623
-0.761101
0.146031
0.177404
0.952635
0.109775
0.198462
0.226417
-0.759758
-0.032807
0.296304
-0.666982
-0.365154
0.203284
0.214637
0.833613
-0.577319
0.103183
0.131077
-0.368633
0.822748
-0.160802
0.143162
-0.857845
-0.211341
0.016083
0.368816
-0.898007
-0.801996
-0.170385
0.755486
0.054048
-0.684133
0.900632
0.507370
0.189062
-0.116733
0.847468
0.020112
-0.593677
-0.021577
0.899838
0.654653
-0.418683
0.773675
0.006561
0.242103
0.300089
0.939024
-0.974181
0.890194
-0.478195
-0.721305
0.539964
-0.166967
-0.835383
-0.316019
-0.461715
0.000031
0.879086
-0.894467
0.928587
0.927488
0.600635
0.082064
0.832942
-0.257912
0.429792
0.420148
0.037141
-0.137547
-0.972411
-0.684500
-0.985473
-0.218604
-0.498825
0.784417
0.712943
-0.895566
-0.874020
-0.710074
0.767632
-0.539476
0.674551
0.327799
0.876095
-0.498459
0.499374
0.827570
-0.722526
-0.732170
-0.828181
0.683340
-0.529771
0.422224
0.176122
-0.274514
-0.155858
-0.384503
-0.368999
-0.553148
0.118137
0.964171
0.930357
-0.205298
0.346721
0.248451
0.580432
0.627552
-0.856136
0.403790
-0.680471
-0.088168
-0.823725
0.816828
0.977905
-0.367351
-0.857540
0.834101
0.165441
0.745170
0.908628
0.838374
0.360088
0.789178
-0.282876
-0.878903
-0.696219
-0.794122
0.312601
-0.990661
0.597522
-0.599475
-0.650441
0.760735
0.225135
0.464217
0.404828
0.528977
-0.438887
0.339457
-0.886959
0.266335
0.984985
0.779901
-0.155736
0.236549
0.050996
-0.352153
0.704276
-0.834101
-0.951842
-0.678457
-0.783074
-0.791131
-0.546373
-0.157750
0.118931
0.021455
0.898129
-0.829585
-0.760979
0.598071
0.210486
-0.205908
-0.813288
0.691641
-0.720267
0.367168
0.774957
-0.489914
0.020966
-0.067904
0.281533
0.085238
-0.152989
-0.209632
0.968749
0.079501
-0.853328
-0.612903
-0.040620
0.312235
0.414716
0.735160
-0.432905
-0.398907
0.114780
0.278665
0.833247
-0.981689
0.686209
0.047212
-0.634877
-0.704520
-0.031404
-0.292398
0.043489
0.894162
-0.725761
0.816950
-0.291787
-0.242897
0.818415
0.836970
0.243995
0.291360
-0.009247
-0.659169
0.582263
0.739494
0.021210
0.803766
-0.137120
0.479110
-0.958129
0.972472
0.589404
0.389752
-0.437056
-0.903073
-0.124485
-0.262490
0.169591
0.897580
-0.047456
0.033845
-0.021332
0.276894
0.121006
-0.341227
0.201514
-0.449263
0.234718
0.177892
0.791803
0.495651
-0.204199
0.505600
0.842219
-0.390362
0.955748
0.574633
-0.576952
-0.378094
-0.849300
0.557604
0.164892
0.269021
-0.310953
-0.899045
-0.563097
-0.141942
-0.646352
0.452132
-0.622364
0.400800
-0.314554
-0.192358
-0.226356
0.204627
0.064364
-0.392193
0.866512
0.858638
-0.083651
-0.677480
-0.679373
-0.119602
0.592944
-0.851924
0.200598
-0.112766
-0.799738
0.426435
-0.600269
-0.917722
-0.445967
0.599109
0.027558
-0.781915
0.366008
-0.490280
-0.324686
-0.669118
0.408063
-0.162633
0.670949
0.558214
0.675588
-0.325907
0.241615
0.005097
0.831111
-0.540513
0.887020
-0.194555
-0.694876
0.083834
0.784722
-0.964537
-0.168493
-0.027009
-0.564745
0.053804
0.925047
-0.173193
-0.454451
-0.749809
-0.123325
-0.191565
0.241737
0.502731
-0.607898
0.469955
-0.371990
0.270425
0.114475
-0.783319
0.754509
-0.224647
0.328349
0.752800
0.732963
0.754936
0.392743
0.977599
-0.396832
0.114231
-0.727287
0.347087
0.028047
0.270730
-0.038301
-0.901425
-0.809931
-0.262185
-0.911008
0.401410
-0.504135
-0.633290
0.544908
-0.681753
-0.171972
-0.027802
-0.065767
0.898190
-0.720450
-0.193945
-0.817499
0.551073
-0.059908
0.102573
-0.275307
-0.924131
-0.539842
0.093234
0.227210
-0.397687
-0.472396
0.454268
0.003204
0.059969
-0.154271
0.525193
0.149815
0.041475
0.660939
0.461653
-0.545518
0.222266
-0.935789
-0.647755
0.297403
-0.958251
0.956664
-0.348979
-0.373760
0.976806
-0.203162
0.154454
0.968932
-0.641469
0.573168
-0.570116
-0.424482
0.670522
-0.587207
0.221717
-0.813349
0.460860
-0.157750
-0.874203
0.993164
0.408918
0.292398
0.866634
-0.381146
-0.262551
-0.065706
-0.702139
-0.903867
0.180273
0.828364
-0.310282
0.185583
-0.031709
0.300638
-0.729118
0.130711
0.137059
0.394757
0.818171
-0.094882
0.937559
0.324870
-0.385052
-0.019074
0.755058
0.078646
-0.589404
0.219459
0.659902
0.499619
0.861202
-0.948424
-0.061617
0.064364
0.291299
0.349712
0.857479
-0.403912
0.661550
0.050020
-0.919553
0.603504
-0.575488
-0.817133
0.686148
-0.509934
0.477035
-0.875546
-0.495529
0.244789
-0.991699
0.809626
0.712333
-0.663259
0.476608
0.549547
-0.229835
-0.123142
0.468307
0.403241
0.351421
0.316324
0.613758
0.300150
0.311869
-0.882382
-0.983581
0.160497
0.283792
-0.485397
-0.780755
-0.930723
0.161290
0.085665
0.164586
0.136265
0.002106
0.752800
-0.029084
-0.638661
-0.191565
0.000763
0.348491
0.695730
0.404157
0.648366
-0.954527
0.013703
-0.107944
-0.086337
0.919980
-0.282022
-0.098422
-0.776482
-0.827876
-0.967956
0.551073
-0.641041
-0.178014
0.630970
0.034700
0.009308
-0.888424
0.833430
-0.992248
0.307657
0.945311
-0.136143
0.352031
0.940611
-0.692312
-0.068331
0.551073
-0.545335
0.839900
0.238990
-0.140782
0.849239
-0.682485
-0.360942
-0.743522
0.449812
-0.392865
-0.691275
0.011689
0.189978
0.272988
-0.583544
0.916257
0.507675
-0.154881
-0.481368
-0.809381
-0.328104
-0.211585
-0.521409
-0.845576
-0.621021
0.737358
-0.044954
-0.570116
-0.236488
0.567064
0.224586
-0.104099
0.069613
0.145970
0.152501
-0.825556
0.391278
0.747002
-0.283670
-0.450545
0.236305
-0.906247
0.632984
-0.402936
0.136570
0.537400
-0.260170
-0.269997
0.095309
-0.439314
0.864193
-0.409772
0.860836
-0.430464
-0.063265
0.134312
0.935728
-0.282693
0.475814
-0.804804
-0.250465
-0.763054
0.996338
-0.889340
-0.581286
-0.299295
0.821711
-0.241981
-0.477767
-0.246559
-0.197851
-0.109104
0.564745
-0.246010
-0.784967
-0.152318
0.178381
-0.278237
0.889706
-0.534165
0.999939
0.955992
-0.794794
-0.647511
0.075716
0.092502
-0.695730
-0.240699
0.634632
-0.976989
0.611682
-0.630848
0.331095
0.983825
0.233924
-0.974975
0.814386
-0.021088
0.825922
0.750053
0.485519
-0.031831
-0.726310
0.688711
-0.320780
0.310160
0.949034
-0.984191
0.469893
0.450056
0.525071
0.307352
-0.222694
0.511216
0.139317
0.536485
0.570910
-0.962706
0.220923
-0.684988
-0.273904
-0.450117
0.771355
0.735405
-0.752861
-0.489364
-0.708853
-0.398114
0.658071
0.565294
0.501450
-0.889523
0.960997
-0.521226
-0.595874
-0.835627
-0.084201
-0.480331
0.269509
0.416669
0.542344
0.382916
0.908200
-0.971252
0.249733
-0.277932
0.688833
0.663930
-0.226539
0.657216
0.261391
0.092380
0.752373
0.977721
0.945311
-0.905271
0.092929
0.831965
-0.178930
0.381817
0.825312
0.575488
0.710318
0.640736
0.811029
0.360515
-0.309305
-0.596484
0.353008
0.646901
-0.647023
0.066012
0.757439
-0.670827
-0.035737
0.115024
0.636586
0.885067
-0.985473
0.241188
-0.239479
0.471297
0.312967
0.525437
-0.150975
0.410016
-0.835078
0.279336
-0.672048
0.877438
0.788934
-0.821589
-0.995911
-0.554430
0.661733
0.275857
0.168249
-0.386700
0.542344
-0.889706
-0.118076
0.636586
0.145054
0.488205
-0.704825
-0.203772
0.847591
0.862850
-0.141758
0.035615
-0.164769
0.019379
-0.595264
-0.491928
0.388836
-0.874630
0.463912
0.758232
0.171728
-0.237770
0.291787
-0.147740
0.262368
-0.076571
0.694998
-0.955809
-0.464034
0.448042
0.532273
-0.527085
-0.552416
0.272011
-0.793756
0.523179
-0.021699
-0.898618
-0.796747
-0.647694
0.840876
-0.014924
0.993835
0.989319
0.956114
0.516648
-0.775323
-0.569811
0.560411
0.722526
0.350932
0.821284
-0.619068
-0.941771
-0.258583
0.059725
0.253822
0.381695
-0.789178
0.890072
-0.894955
0.268593
-0.347636
-0.361187
-0.016327
-0.385907
0.842097
0.613147
0.497665
-0.168126
0.122410
-0.399213
-0.605884
0.226905
0.793512
-0.205664
0.952391
-0.686514
0.900327
0.301187
-0.475204
-0.611438
-0.910154
0.781854
-0.179785
-0.213172
0.769036
-0.634571
-0.963073
0.027070
0.140965
-0.014801
-0.456709
0.077486
-0.113742
0.872494
0.427961
0.562609
0.694510
-0.186010
0.941893
-0.435774
0.543016
-0.708182
-0.509995
0.001679
0.018036
0.514573
0.568041
-0.947020
0.425214
0.393353
0.755791
0.523240
0.556627
0.030915
-0.587878
-0.267373
0.061190
-0.802240
-0.027192
-0.047212
0.688650
0.717338
0.610950
-0.863216
-0.520066
0.462508
-0.647816
0.745598
0.175024
0.149022
0.647328
0.467818
0.715323
0.227638
-0.311136
-0.561876
0.844478
0.065523
-0.598865
-0.878658
0.167882
0.745109
-0.842219
0.297647
0.661489
0.546861
-0.680532
0.638295
0.466048
0.547411
-0.141697
-0.486618
0.965941
-0.168798
0.062349
-0.580004
-0.777154
0.619861
0.092441
0.298318
0.961730
-0.652455
-0.689688
0.314432
0.007111
-0.056978
0.901608
0.250282
0.150121
-0.385235
-0.637501
0.965026
0.588000
-0.088595
-0.467086
0.904965
-0.786676
-0.707694
-0.105930
0.530076
-0.984191
0.657094
-0.774468
-0.314982
-0.778008
0.409772
-0.035615
0.489731
0.951170
-0.003754
-0.370342
-0.918088
0.259865
0.544481
-0.725578
0.413739
-0.697501
0.132298
0.482162
-0.833247
-0.291421
0.155919
0.675161
0.295694
-0.499863
-0.113376
-0.477035
-0.263222
-0.691092
-0.712699
-0.075350
-0.068758
0.817133
-0.426191
0.538072
0.509262
0.095309
0.364360
-0.921445
0.620045
0.377422
0.657094
-0.244606
0.640431
0.946532
0.186193
0.837397
0.943541
-0.142613
-0.324137
0.767937
-0.710135
-0.991638
0.963500
-0.125278
-0.513535
0.590197
-0.361248
0.282083
0.608753
-0.319071
0.524766
-0.362896
0.073397
-0.149815
-0.955382
-0.776116
0.195837
-0.465804
0.468673
0.950621
0.235267
-0.569445
-0.276101
-0.619984
-0.985900
0.023164
0.107639
-0.481002
0.085299
0.184729
0.759026
0.593493
-0.255043
0.379376
-0.951903
-0.190588
0.772820
0.076632
-0.542711
0.772088
0.835749
0.144261
-0.975402
-0.228919
0.153539
0.285073
-0.067904
0.172643
0.593921
0.838984
0.500473
-0.268960
-0.370647
-0.083712
-0.766655
0.761956
0.252358
0.992676
0.398663
0.865596
0.811213
0.576952
0.378033
0.488510
-0.270180
-0.031037
-0.396588
-0.360210
-0.827326
0.649648
-0.184484
0.971313
-0.481429
-0.975097
-0.073275
-0.048006
-0.466475
0.527879
0.793878
-0.637135
0.249794
0.722709
-0.445723
0.971374
-0.874752
0.686575
0.650441
0.379559
0.477706
0.387432
0.220069
-0.118809
-0.923215
-0.997864
-0.805963
0.199622
0.504685
0.428205
0.273171
0.863826
0.404035
-0.006500
0.334941
-0.365276
-0.759819
-0.272622
0.963988
0.568957
0.646168
-0.710074
0.863338
0.234657
-0.650746
-0.628895
-0.463790
0.451094
-0.934629
-0.594043
0.152623
-0.726737
-0.333781
-0.072909
-0.287027
0.164220
-0.160192
-0.642933
-0.722526
0.785943
-0.607715
0.357036
0.476424
-0.559252
0.697928
-0.417341
0.303140
0.297830
0.656178
0.960021
0.431806
-0.414411
0.670644
0.824580
-0.175878
-0.496689
0.246376
0.541429
-0.514573
-0.038057
-0.781121
0.551500
0.170995
0.014191
-0.406049
-0.186071
0.115268
0.771172
0.449507
-0.428083
0.363323
0.619007
0.740410
-0.369243
0.190954
0.799493
-0.828181
-0.688406
0.775079
0.270241
-0.343852
0.544603
-0.734367
0.916990
0.464278
-0.719779
-0.968993
-0.803278
-0.642506
-0.392987
0.716483
-0.669424
0.658193
-0.587268
-0.835078
-0.922605
0.304605
0.922605
0.455611
0.784417
0.747978
0.389325
-0.522935
-0.617176
-0.890622
-0.255348
0.607898
0.069308
-0.295572
-0.794305
-0.451216
-0.681265
0.219764
-0.223975
0.653188
0.835932
0.489242
-0.006195
-0.121921
0.352092
-0.838252
-0.255776
0.186682
-0.704581
-0.109531
0.697317
-0.420209
-0.241615
0.641652
0.694937
0.546129
-0.560595
-0.297952
0.804376
0.192480
0.074129
0.896847
-0.670522
-0.179479
-0.274392
0.141636
0.773309
-0.786065
-0.039216
0.298074
0.200110
0.810053
-0.140538
-0.860347
0.197424
0.465316
0.814447
-0.682546
-0.519578
-0.565355
-0.911802
-0.113559
-0.265603
-0.245277
-0.917173
0.045869
0.414228
0.449324
0.922605
-0.015046
0.864925
0.488998
-0.998108
0.886593
0.697623
-0.223487
0.804010
0.501267
0.335185
-0.896725
-0.150975
0.120701
-0.396405
0.204138
0.862972
-0.319498
0.664907
0.586474
0.791314
0.208289
0.085055
0.363445
-0.073763
0.156285
-0.626148
-0.407392
0.209815
-0.613025
-0.156102
-0.513779
0.775018
-0.502670
0.071017
0.531724
-0.212195
0.193335
-0.283975
-0.599780
-0.001679
-0.205969
-0.975402
0.316935
-0.356670
0.588366
0.377850
-0.056734
-0.977477
0.549303
0.982788
0.791620
-0.392987
0.460616
-0.965026
-0.628956
0.575732
-0.457747
0.512009
-0.190344
-0.256264
-0.402875
-0.036164
0.693533
-0.554369
0.280984
0.975402
-0.903256
0.983947
-0.964660
0.466292
0.351848
0.932249
-0.747246
0.787469
-0.482589
-0.637806
0.623646
-0.461165
0.886166
0.727470
-0.622059
-0.450117
0.693350
0.884030
-0.160619
0.047761
-0.213172
-0.046113
0.578967
-0.535875
-0.159154
-0.951720
-0.631031
-0.225257
-0.480575
-0.266091
0.721061
-0.802911
0.915525
-0.017304
0.999512
0.387555
0.125523
-0.582751
-0.036470
-0.071871
-0.747551
-0.130772
-0.624866
0.373821
-0.298929
-0.049776
0.888668
-0.593493
-0.776727
-0.789727
-0.280496
0.058931
-0.366131
-0.799982
-0.955992
-0.799738
-0.130467
0.450056
0.665395
0.402570
-0.368267
-0.503830
0.444929
-0.168004
0.976745
-0.348613
0.469222
-0.810846
-0.525864
0.989135
0.079318
-0.621021
0.342021
0.147191
-0.191565
-0.883297
-0.668630
0.888180
0.186438
0.017487
-0.193884
0.906186
-0.758660
0.196387
0.090854
-0.875301
0.425642
0.428999
0.112888
0.830561
-0.299783
-0.268593
-0.762871
-0.911985
-0.773003
-0.007721
-0.102634
-0.118686
-0.352641
-0.250710
0.582324
-0.349834
-0.204260
-0.600635
-0.896298
-0.187231
-0.884640
-0.184118
0.196692
-0.315104
0.097140
0.923887
-0.290323
0.499374
0.559313
-0.071017
0.689749
-0.379559
-0.827326
0.486984
0.996216
0.596850
-0.232521
-0.149632
0.884213
0.546800
0.483261
-0.253090
-0.256569
0.218848
0.843440
-0.377117
-0.373943
-0.939268
0.183325
-0.073824
0.519333
-0.929563
0.509384
-0.335795
-0.032502
0.206641
-0.314127
0.631520
-0.043184
-0.830683
0.574145
0.474715
-0.584704
-0.475387
-0.870296
-0.665212
-0.080660
0.084140
0.682180
-0.528916
0.774529
-0.506882
-0.468429
-0.410260
-0.375958
-0.293558
-0.531114
-0.543748
0.758782
0.791009
-0.956114
0.197790
0.508835
0.994934
-0.220191
-0.666005
0.543382
-0.495468
-0.628346
-0.902341
-0.176489
0.051851
0.562181
0.760308
-0.678823
0.135533
0.436384
-0.971435
0.903378
-0.683828
-0.819086
0.807672
0.692434
-0.387188
0.027375
0.029878
-0.585498
0.790948
0.102451
0.353923
-0.726432
0.225623
0.561876
-0.754631
0.425520
-0.026582
0.679495
-0.161351
-0.338359
-0.218604
-0.436750
-0.287576
-0.178808
-0.370769
0.678701
0.906674
-0.409223
-0.161412
-0.141270
0.248085
-0.232948
0.404218
0.823603
0.372723
-0.915952
0.947874
-0.342448
0.867061
0.553270
0.753777
-0.100681
-0.213355
-0.356731
0.073336
0.333110
-0.745659
-0.663076
-0.294412
0.284646
0.096652
0.854427
0.196692
-0.315775
0.544908
-0.181921
0.340373
-0.155187
0.174108
0.244667
0.638417
0.335002
0.032929
-0.108188
0.510056
-0.957762
0.369854
-0.779351
0.396344
0.760857
0.593799
0.255898
-0.277017
-0.848262
0.928770
-0.606189
-0.916746
0.006989
-0.846919
-0.213965
-0.789056
-0.589648
-0.816584
0.367901
-0.849116
0.410993
-0.911985
0.845576
0.872555
0.543626
0.246132
-0.768487
-0.611621
-0.532212
-0.302042
0.221473
-0.451643
-0.668386
0.815241
0.489364
0.231910
0.290017
0.879452
0.107761
-0.973327
0.975768
-0.395734
-0.775933
-0.826594
0.664052
0.199927
0.710746
0.792535
-0.208106
-0.887204
0.997559
-0.402692
-0.803034
-0.239113
-0.318155
0.837580
-0.615162
-0.258644
0.387188
0.846919
-0.416791
-0.480758
-0.737602
-0.528184
-0.751274
-0.462691
0.062410
0.598804
0.372600
0.749565
0.628040
0.650929
0.812067
-0.860836
0.982910
-0.855892
0.519150
0.465682
-0.810846
-0.544298
0.524583
-0.587024
0.218360
0.307169
0.176000
-0.366619
0.393902
0.741813
0.187719
0.247108
0.279031
-0.979858
0.252846
-0.637623
-0.004425
-0.449446
0.413312
0.557787
-0.606555
0.109775
0.198462
0.226417
0.393109
-0.032807
0.296304
-0.666982
0.444136
0.203284
0.562487
0.833613
-0.187658
0.103183
-0.247780
-0.368633
0.822748
-0.160802
0.231056
-0.353191
0.577441
0.016083
-0.882199
-0.720328
0.628468
-0.170385
0.755486
0.054048
-0.684133
0.900632
0.507370
0.189062
-0.116733
-0.246071
0.777825
0.688650
-0.021577
-0.340434
0.225501
0.482589
0.063753
0.933897
-0.722526
