-0.080905
-0.172094
0.580859
-0.898679
0.984741
0.995361
0.479843
-0.607044
0.878658
-0.948729
0.074862
0.534837
-0.667409
0.184301
-0.358440
0.214881
0.740837
-0.445479
0.431013
-0.948729
-0.666066
0.707450
-0.204993
0.200354
-0.526963
0.889767
0.464583
0.022370
-0.563280
0.598376
0.926023
0.237587
0.754387
-0.421552
0.812799
-0.906980
0.705863
-0.019990
-0.096164
0.106784
0.362163
-0.194311
-0.505417
-0.671804
0.864620
0.360271
0.284829
-0.138340
-0.363384
-0.440413
-0.262062
0.064486
0.048250
-0.180944
-0.157384
-0.829829
-0.729667
-0.591174
0.790887
-0.203345
0.087802
-0.565111
-0.460250
-0.365459
0.916990
0.242531
-0.421796
-0.775262
-0.840022
-0.496445
0.264199
0.774468
0.412702
0.352458
-0.097812
0.078219
0.643849
-0.931028
0.460738
-0.295145
-0.498093
0.733695
0.070711
0.750359
-0.764153
0.701956
0.829829
0.819758
0.921079
0.750908
0.355876
-0.839412
0.737236
0.919797
-0.209632
0.541124
0.599902
0.575060
0.545091
0.911802
0.662587
-0.198828
-0.857662
0.050020
-0.730705
0.738456
0.389447
0.012177
0.501083
-0.771722
-0.385113
-0.375591
-0.174841
0.547716
-0.617298
0.751579
-0.315836
0.047090
0.139012
0.989624
0.974731
0.168004
0.736137
-0.905942
0.712821
-0.033662
-0.149693
-0.289041
-0.814203
0.044527
-0.075289
-0.947508
0.002411
0.609485
0.072726
-0.171606
0.785699
0.867916
0.257118
0.821772
0.756157
0.233009
-0.290750
0.770867
-0.589038
0.341899
0.726798
0.184179
0.115146
0.443403
0.166112
0.156713
0.886471
-0.869198
-0.608509
-0.403851
0.638234
0.186926
-0.890744
-0.888668
0.897031
0.556261
-0.502976
-0.742546
-0.291055
0.046968
-0.341227
-0.570238
-0.256569
0.113193
-0.659963
-0.311380
0.887082
0.598254
0.543138
0.151708
0.500168
-0.198157
-0.464278
-0.209387
0.066561
-0.970336
-0.247353
0.315836
-0.823054
-0.460189
0.466475
-0.812128
0.288125
0.238014
0.676016
-0.228797
0.745720
-0.880795
0.159581
0.922422
-0.818171
-0.376507
-0.101535
0.271828
-0.557543
0.597034
-0.429487
-0.658498
-0.735954
-0.047029
-0.928343
0.268593
0.644398
0.987304
0.932981
0.004730
0.141453
-0.696707
0.973388
0.116184
-0.913755
0.136753
-0.170812
0.775079
0.734550
0.411847
-0.302652
0.475387
-0.049532
0.191931
-0.043550
0.152745
0.722709
-0.654775
0.180883
0.188208
0.150365
-0.598926
-0.066622
0.335856
0.330790
-0.430219
0.570299
-0.183813
0.519700
0.432783
0.865963
0.234596
-0.215369
-0.901608
0.513108
-0.403546
0.935850
-0.483932
0.806269
-0.758538
0.225867
-0.929197
0.597095
0.747612
-0.148717
-0.558885
0.645009
0.956969
-0.196631
-0.330546
0.689138
0.141270
0.111179
-0.806330
-0.097140
-0.823237
-0.609119
-0.161718
0.474105
0.924558
0.906369
0.475631
-0.182958
0.483993
0.858638
-0.715751
-0.828669
0.718436
-0.356914
0.396161
-0.456709
0.559801
0.335551
-0.324076
0.134312
-0.890255
-0.820063
-0.915464
0.414594
0.264138
-0.542039
-0.216163
0.336711
-0.939512
-0.482406
-0.283120
0.487777
0.617481
-0.204627
0.964904
-0.278176
-0.111606
-0.696219
-0.299356
0.271279
-0.095676
0.041536
0.525010
0.558397
-0.335795
-0.427900
0.162389
-0.690176
0.116855
-0.184912
0.189428
-0.159276
0.145848
-0.640126
-0.324503
0.317606
0.052583
0.484787
0.016694
0.665090
-0.440535
-0.066195
0.621815
0.336833
-0.532579
-0.089633
0.619678
0.348430
-0.681692
0.393902
0.501999
-0.910886
-0.840144
-0.786431
-0.753227
-0.057711
-0.599536
-0.587634
0.330607
-0.503769
-0.612720
-0.592761
0.045564
0.741874
0.130833
-0.301981
-0.445845
0.338054
-0.872372
0.759148
0.502060
0.790216
-0.164220
0.317789
-0.395062
0.751152
-0.765252
0.567431
0.043855
0.278848
-0.117344
0.618580
-0.672048
-0.009125
-0.837580
-0.931761
-0.732231
-0.356975
-0.187780
-0.050081
0.118625
0.391461
0.104404
0.710379
0.752739
-0.352153
0.422040
-0.512436
0.245216
-0.585803
0.853389
-0.456404
0.987182
-0.333720
0.111484
0.159825
0.308512
-0.250710
-0.217200
0.811335
0.359844
-0.720145
0.530381
-0.430158
0.007294
-0.545030
0.986084
-0.314676
-0.699515
-0.564074
-0.301553
0.426130
-0.323222
0.163732
0.387555
-0.305643
0.419599
-0.603015
-0.682241
-0.373089
0.832575
0.645619
0.989807
-0.051241
-0.155736
-0.295145
-0.123936
0.062166
0.867916
0.440291
-0.009552
0.222571
-0.876949
-0.390912
-0.628224
0.505539
0.089999
0.842402
0.279092
0.512436
-0.258950
0.792535
0.391095
0.474166
-0.268105
0.664480
-0.262368
0.756951
0.296487
0.563646
0.530992
0.721488
0.407331
-0.405316
0.546983
-0.981384
-0.576464
0.213050
-0.327250
0.493454
-0.593066
0.318766
0.591723
-0.192541
-0.320963
0.552904
-0.549425
0.995300
-0.211219
-0.034883
-0.142552
-0.712394
-0.975768
0.223060
-0.070101
0.860714
0.996643
0.145787
0.160436
0.861751
-0.754814
-0.892819
-0.788812
0.821284
0.489120
0.737724
-0.844478
0.623707
0.395489
0.932676
-0.976073
-0.928831
-0.993835
-0.391339
0.954588
-0.592883
0.329630
-0.570421
0.505478
-0.250649
0.156529
0.623035
0.731803
-0.836726
-0.472701
-0.906308
-0.446516
0.227760
0.089572
0.214515
-0.567919
-0.481429
0.312967
-0.327738
0.470443
0.603931
0.884640
0.191015
-0.965026
-0.075289
-0.830866
-0.071871
0.025239
-0.619251
0.360698
0.731376
0.477950
0.771722
0.251381
0.250465
0.756951
-0.890316
-0.143468
0.559557
-0.863887
-0.431806
-0.626514
0.840815
-0.350566
-0.748650
-0.631642
0.980529
-0.503891
-0.447371
-0.450545
0.480697
0.363018
-0.767754
-0.932981
0.711234
-0.948607
0.161534
0.970824
0.020356
0.678152
0.298135
-0.271340
-0.677480
0.062227
0.387982
-0.443281
0.606006
-0.079196
0.559435
-0.883602
-0.473739
-0.300394
-0.628651
-0.036103
0.961791
0.369610
-0.568651
0.522629
0.763237
0.974487
0.976501
0.671499
0.564867
0.854732
-0.171361
-0.287027
-0.336711
-0.422956
0.830012
0.241371
0.292093
-0.720756
-0.542711
-0.192480
0.233070
0.426801
0.918821
-0.210730
0.868099
0.544237
-0.214881
0.005036
-0.442976
0.997864
0.710623
-0.945677
-0.742973
-0.342326
0.926939
0.196509
-0.651418
-0.658376
-0.692434
-0.872860
0.925779
-0.464278
0.652333
0.327921
-0.171911
-0.204688
0.310648
0.657094
0.545946
-0.672964
0.493210
-0.546800
-0.363140
-0.022187
-0.132420
0.985839
0.602893
0.676748
-0.075961
0.185522
0.613758
0.308939
0.447005
-0.729362
-0.201636
-0.292398
-0.771661
-0.800043
-0.527573
-0.296304
-0.128025
-0.014740
0.480209
0.033357
0.955199
-0.650807
0.537645
0.732963
-0.643361
0.199499
0.994385
0.676077
-0.956542
0.880978
-0.994629
0.836299
-0.818537
0.968749
0.250832
-0.563036
0.434553
0.540513
-0.767327
-0.936583
-0.245094
-0.281777
-0.999878
-0.030061
0.288247
0.912168
0.584887
0.919004
-0.829646
-0.961974
-0.323649
-0.567309
0.744377
0.754326
0.924802
0.816706
-0.690298
0.882931
0.986694
-0.444868
0.936094
0.381817
-0.052156
0.724052
-0.308023
0.732963
-0.725455
-0.531785
-0.362468
0.012848
0.295999
-0.984191
-0.554003
-0.270608
0.676199
0.169897
0.554735
0.491501
0.865658
-0.427961
-0.424055
0.292520
0.824702
0.155431
0.830561
0.915525
0.427656
-0.782525
-0.324137
0.712760
0.391461
0.878536
0.608386
-0.230323
0.617115
-0.323099
-0.349834
0.312357
0.560167
-0.468490
0.164220
0.226844
0.303751
-0.422468
0.882260
-0.637196
-0.110202
0.360271
-0.990234
-0.784234
-0.950621
0.735466
-0.806574
0.947813
-0.801630
0.116977
0.323283
-0.523728
-0.373699
-0.359539
0.438765
0.748955
0.902219
-0.753655
-0.696951
-0.787774
0.913205
0.640553
0.026154
-0.561022
0.114353
-0.681570
-0.885922
0.392254
-0.223243
-0.660878
0.593616
-0.892392
-0.902219
0.993347
-0.800226
0.950438
0.249550
-0.597827
-0.610462
0.476730
0.861751
0.051546
0.761895
-0.954894
-0.075289
0.367779
0.948119
-0.399701
-0.478195
-0.830561
-0.435713
-0.917600
0.008454
-0.539171
-0.924314
0.735466
0.512131
-0.085482
0.577136
0.957945
0.797052
0.786554
-0.572069
-0.720634
0.741264
-0.630787
-0.668203
0.809259
0.940977
0.202673
-0.763604
-0.567858
-0.219337
-0.509018
0.711905
-0.581530
-0.198218
-0.032258
-0.123569
0.324992
-0.664724
-0.749382
0.126560
-0.468917
-0.959716
0.458907
0.021088
-0.460921
-0.131565
0.316324
0.074252
-0.417707
-0.970336
0.796808
0.407575
-0.088534
0.740349
0.350993
0.506211
-0.778069
-0.564562
-0.937925
-0.488998
-0.580248
0.449141
0.211158
-0.990112
-0.754387
-0.919187
-0.844417
0.245766
-0.522263
0.047884
-0.988769
0.580065
0.777520
-0.195166
-0.234230
0.809198
-0.571947
0.663381
-0.408185
0.077670
-0.765984
-0.762871
0.282571
0.971068
-0.703177
0.886898
-0.893857
0.717032
-0.322672
0.155248
-0.193701
0.753166
-0.972533
-0.551195
0.478072
-0.213660
0.006928
0.615955
0.127171
-0.842158
-0.649525
0.430952
0.644093
-0.049532
0.260903
0.919797
0.752434
0.198096
-0.732109
-0.294229
-0.147801
-0.796625
0.070345
0.043916
-0.872982
-0.664418
-0.009247
0.925779
-0.164525
-0.420698
0.140416
-0.854671
0.909970
0.638844
0.846492
-0.487289
0.034211
0.012360
0.451338
-0.463240
-0.237159
0.540391
-0.761040
0.285073
-0.040254
0.333659
0.189489
-0.601856
0.820307
0.791620
0.088900
0.865535
0.526597
0.135289
-0.714652
-0.493942
-0.227821
0.078280
0.036897
0.823786
-0.410321
0.334574
0.680532
-0.079073
0.199438
0.213233
0.126255
0.856624
0.212806
-0.068758
-0.671499
0.909909
-0.585681
-0.294534
-0.042879
0.945189
-0.460921
-0.206030
-0.197851
0.803217
0.376019
0.972228
0.176916
0.577685
-0.064302
0.582568
0.806085
0.160680
0.068819
0.704520
-0.505783
0.154210
0.187780
-0.670522
0.284890
0.960997
0.181555
-0.680227
-0.856624
0.919370
0.412580
0.055696
-0.099643
0.659841
-0.125950
0.533860
0.444258
0.095370
0.488571
0.493271
0.789056
-0.863521
0.093661
-0.287454
-0.789300
-0.847530
-0.078219
-0.330119
0.772515
0.573656
-0.924741
-0.205603
-0.414472
0.737968
-0.490219
0.555712
0.805536
0.957152
-0.569750
-0.707327
0.420026
-0.498459
-0.378094
0.422590
0.359722
-0.620777
0.653737
-0.694449
0.009491
-0.279458
0.572375
0.312174
0.162328
0.689932
-0.476913
-0.782769
0.051057
-0.893674
-0.378826
0.279458
-0.295816
-0.890500
-0.852046
0.950499
0.136814
-0.729911
-0.988952
0.344401
0.202734
-0.604785
-0.863704
-0.815607
0.648427
0.260048
0.482528
-0.645314
-0.221534
0.522385
-0.861934
0.684378
-0.608142
-0.584765
-0.340922
-0.711844
0.605335
0.950255
-0.106418
-0.491867
0.891171
-0.843196
0.504563
-0.221046
-0.619068
-0.970458
-0.416791
0.750725
0.540208
-0.482955
-0.246559
0.891842
0.514084
-0.550157
0.928709
0.850764
-0.266274
-0.193152
0.836238
0.017304
-0.065584
-0.579394
0.576464
0.813288
-0.549852
0.808405
0.418256
-0.670522
0.972350
0.366192
0.544359
0.882626
-0.357952
0.474044
0.013581
-0.987365
0.846614
-0.622791
0.162023
0.456526
0.215796
-0.808466
0.549181
-0.258095
-0.563341
-0.766594
0.146764
0.281167
0.509873
-0.670644
0.901364
0.804498
-0.126865
0.515671
0.183996
0.661061
0.829096
-0.301126
-0.469222
0.695425
-0.229652
0.248756
-0.165441
-0.151158
-0.342936
0.327616
0.318522
-0.228431
0.188452
0.487533
-0.476730
0.098300
-0.502182
0.668813
0.568590
0.004181
-0.793512
0.169774
0.341533
0.135411
-0.176000
-0.637135
-0.308756
-0.382488
0.690542
0.842036
0.582202
-0.818415
-0.765374
-0.527940
-0.803522
0.101962
-0.424421
-0.917356
-0.837519
0.679983
-0.764641
0.089267
-0.331950
0.222571
0.035005
0.804804
-0.596850
0.251564
0.795038
0.584582
-0.134800
0.535264
-0.401898
-0.448958
-0.022187
0.055635
0.781365
-0.064730
-0.143468
-0.896908
0.133702
0.942686
0.641469
-0.076266
0.985107
-0.364666
0.539842
-0.515366
0.955443
0.629810
0.641408
0.371563
-0.544237
0.990539
-0.301859
0.917112
0.164464
0.510666
0.418195
0.884213
-0.872250
-0.436934
-0.537584
-0.590991
0.156713
-0.904355
0.385723
-0.073275
0.434309
0.149876
-0.311686
0.947264
0.357646
-0.150121
-0.505051
0.948363
0.888424
0.727348
-0.829768
0.920530
-0.058626
0.599231
0.383953
0.586230
0.305033
0.331828
-0.149388
0.286905
0.109958
0.285257
-0.159581
-0.870785
-0.494613
-0.710501
0.873531
0.457259
-0.953673
0.436506
-0.402264
0.146397
0.459517
-0.309061
0.189123
-0.182714
0.815485
0.497421
-0.298441
-0.140721
0.155858
0.741997
-0.023347
0.511093
-0.125523
-0.579638
0.384503
0.117771
0.787347
0.941099
0.948607
-0.433088
-0.505234
0.002777
0.066866
-0.837092
-0.067965
0.694449
0.033906
-0.914670
-0.274270
0.691824
0.822138
-0.445845
-0.917905
0.414411
0.104892
0.095614
-0.962096
0.969054
-0.080782
-0.228126
0.401654
0.994140
-0.066317
0.196631
-0.120273
-0.821467
-0.127903
0.434614
-0.493454
0.903806
0.628773
0.904172
-0.977294
0.755974
-0.639027
-0.845393
0.544420
-0.343791
-0.505661
0.528306
0.051119
-0.892026
-0.461531
-0.268838
-0.234352
0.789300
0.665761
-0.163610
0.876278
0.888241
0.871639
0.363018
-0.276101
-0.875790
-0.826899
0.758354
-0.044527
-0.648915
-0.097262
-0.173559
-0.647938
0.055269
-0.950682
0.822138
-0.314859
0.453230
0.569079
0.144261
-0.654408
0.860408
0.406659
-0.217933
-0.973815
0.428327
-0.564928
-0.446333
0.712333
-0.594043
-0.870113
-0.393414
0.086093
-0.579089
-0.101413
0.158055
0.858638
-0.793329
0.146886
0.185339
-0.125156
0.399579
-0.645741
-0.063082
-0.794916
-0.911069
-0.378399
-0.094516
0.729484
-0.059908
0.443098
-0.585681
0.444197
-0.733757
0.733390
0.622608
-0.794977
0.700980
-0.531541
0.263344
0.574999
0.024934
0.777520
0.909482
0.802789
0.217200
0.360881
0.080599
-0.010895
-0.786859
-0.777520
-0.961852
-0.618213
-0.208899
-0.664968
0.928587
0.534654
-0.952574
0.691946
0.757805
0.767510
-0.978149
0.962889
0.633045
-0.847224
0.432295
0.915525
-0.132237
-0.009796
0.557848
0.529160
0.099216
0.254738
0.507920
-0.442732
-0.406842
0.995178
0.337687
-0.794061
-0.618641
0.363994
-0.303385
-0.955016
0.007172
0.592395
0.112949
-0.170812
-0.583422
-0.678335
-0.976379
0.471908
-0.057100
-0.028657
0.942625
-0.667104
0.081820
-0.407819
0.343486
0.699454
0.097018
0.382916
0.392193
0.788018
0.951659
0.587634
0.978881
0.806818
0.137852
0.943968
-0.311930
-0.168676
0.776238
-0.033784
0.650136
-0.165563
0.799371
-0.211646
-0.304666
-0.250465
-0.559435
0.484787
-0.846431
0.885556
-0.240211
0.654530
-0.817438
-0.167272
0.913816
-0.285928
0.249855
0.494736
0.372051
-0.161168
0.630970
-0.893979
0.626942
-0.138096
-0.410199
0.503708
0.597156
0.444258
0.476608
-0.713126
-0.776299
0.353374
-0.401349
-0.578173
-0.295633
-0.550035
-0.736076
-0.738701
0.044893
-0.161229
-0.378887
-0.596606
0.818964
0.460616
0.404645
0.519333
-0.667959
0.774957
-0.256203
0.538743
0.728751
0.644948
-0.814753
-0.928282
-0.334086
-0.874264
-0.817743
-0.544053
0.174291
-0.339946
0.663686
-0.862423
-0.393597
0.713004
-0.436506
0.522507
-0.221900
0.153294
-0.872555
-0.420087
0.159154
0.515671
0.731986
-0.985046
-0.292642
-0.166356
0.621021
-0.152501
0.113010
-0.576708
-0.816645
0.089999
0.974609
-0.163671
-0.344279
0.620899
0.616993
0.720450
0.409711
0.003998
-0.653188
-1.000000
-0.492233
0.024445
0.241005
0.246010
0.182653
-0.053804
-0.830561
0.990112
0.733940
-0.184362
0.808771
0.801019
-0.107456
-0.665639
-0.471175
0.440718
0.779473
0.075900
-0.506088
0.364910
-0.719474
0.796808
0.057466
0.181921
0.612537
-0.257973
0.980346
-0.801019
0.997925
-0.634266
-0.848506
0.476913
0.876095
-0.874508
-0.848201
0.450484
0.561388
-0.768487
0.585070
-0.926328
-0.535875
0.851375
0.451277
0.793573
-0.887631
-0.370525
-0.828120
-0.044771
0.267312
-0.884640
-0.058199
-0.337687
-0.016877
-0.447127
0.231239
0.091647
0.510117
0.082797
-0.921384
0.279153
0.497848
-0.350078
0.431257
0.600146
-0.372112
-0.774712
-0.873653
0.973083
-0.259255
-0.110141
0.197180
-0.935606
-0.645009
-0.674184
0.656667
0.853816
0.123936
0.872921
0.492538
-0.646474
-0.219764
-0.270363
-0.827448
-0.027741
0.029878
0.910825
0.657155
0.220191
0.088229
-0.291055
-0.933409
-0.281045
0.148839
-0.702383
0.044160
-0.994018
0.635914
-0.536729
-0.351054
-0.513047
0.655995
0.490829
0.339518
0.897336
0.893124
0.943052
-0.305704
-0.200049
0.371746
0.300150
0.330363
-0.863887
-0.306375
0.819391
0.370342
-0.070406
0.017975
0.059175
0.929624
0.086276
-0.830256
-0.685110
-0.652394
-0.997070
0.754692
-0.120823
0.107761
0.601489
0.236732
0.278237
-0.924070
0.150853
-0.191259
0.481246
0.466231
-0.704215
-0.472823
-0.470687
0.049471
0.291482
-0.963561
-0.136448
0.550768
0.220618
0.311563
0.064730
-0.968993
0.381634
0.737968
-0.100436
-0.788018
-0.859737
-0.932310
0.923460
-0.472152
-0.715934
-0.791559
0.395062
-0.513840
-0.431196
0.996216
0.591723
-0.271767
0.568957
-0.102268
-0.950133
0.149327
0.937620
-0.352519
0.998596
0.777703
-0.072726
-0.904172
0.213660
0.475875
0.169591
0.051424
-0.563036
0.225440
-0.390667
0.421613
0.037751
-0.381756
0.829524
-0.034516
0.167638
0.386883
-0.088961
-0.638112
-0.057039
-0.540147
0.187597
-0.590747
0.992309
0.304117
0.546068
0.484176
0.701956
0.515000
0.016083
-0.660146
-0.518052
0.115207
-0.763237
0.183691
0.299112
0.852901
0.977172
0.559618
-0.121799
0.112522
-0.981567
-0.898068
-0.653554
-0.972533
-0.766045
0.173009
-0.018464
-0.402142
0.624317
0.344157
0.210974
0.653859
-0.724357
-0.037141
0.583789
0.864132
-0.559008
0.060335
-0.615711
-0.886959
0.920225
-0.305948
0.704764
0.204138
-0.325541
0.464400
0.828608
0.059542
0.720389
0.920408
-0.540208
0.403729
-0.185766
-0.451888
0.650929
-0.673574
0.672414
0.268410
0.089694
-0.448775
-0.404157
0.322611
0.877804
0.738273
0.759697
-0.620655
-0.986877
0.850276
0.285989
-0.029695
0.650197
0.547227
-0.940550
0.848994
-0.239784
-0.270547
-0.000702
-0.141820
-0.799249
-0.238746
-0.905942
-0.098361
0.787225
0.433515
0.143284
-0.948851
-0.966491
-0.820429
-0.071993
0.547655
-0.529527
-0.484725
-0.861934
0.492904
0.313822
-0.939268
0.871212
-0.921690
0.177404
0.401349
0.100864
0.164769
0.666128
-0.745231
-0.963683
0.749443
-0.367962
-0.244240
0.198279
-0.201025
0.263222
0.665761
-0.649892
0.161596
0.783868
0.118381
-0.579028
-0.243263
-0.306803
0.056307
-0.426984
-0.300272
0.519517
-0.369671
0.210608
0.479659
0.579150
0.730766
0.181677
-0.409223
-0.898068
0.764580
0.592822
-0.981262
0.569933
-0.493027
0.061556
0.184668
0.312906
0.527024
-0.908872
-0.976012
0.807550
-0.988891
0.784600
-0.145482
0.329875
0.691946
-0.766289
0.903928
0.558214
0.854427
0.219581
0.638905
-0.625111
-0.209998
0.171606
0.638234
0.172643
0.673574
0.256142
0.314371
0.555467
-0.881222
0.975829
-0.684317
0.817621
-0.839473
-0.617359
0.118320
0.352214
-0.402631
-0.649464
-0.829707
-0.224769
0.049593
0.482040
0.927732
0.978881
-0.492050
0.258889
-0.978515
0.752434
0.566881
0.449446
-0.047517
0.619373
0.927793
0.105319
0.207190
0.622913
-0.572008
-0.796869
-0.815180
0.695608
0.492111
-0.387921
0.877194
0.755608
-0.698294
0.414899
-0.466109
0.568712
0.286477
0.601672
0.265053
0.534715
-0.457442
0.118992
-0.687735
-0.572680
0.376019
0.319010
-0.577258
0.505417
-0.411542
-0.363323
0.699087
-0.621632
0.632496
-0.591479
0.484603
0.630543
0.418806
-0.237281
0.418256
-0.722526
0.550401
-0.264199
0.545030
-0.521104
0.541368
-0.394208
-0.104465
-0.900449
-0.172887
-0.820124
-0.303568
-0.220130
-0.766411
-0.835810
0.470870
0.597827
-0.289041
-0.354289
-0.816523
-0.084506
0.432478
0.921812
0.934935
-0.358135
-0.640248
-0.364299
-0.603015
-0.394024
0.745476
-0.826228
0.778436
0.292764
-0.479659
0.030183
-0.277444
0.710379
-0.369610
0.537461
0.515366
0.073580
-0.604480
-0.149022
0.603687
-0.920164
-0.999817
0.950255
-0.659902
-0.751274
-0.707694
-0.999878
-0.496445
-0.713981
0.018097
0.610462
-0.871639
0.610828
-0.982849
0.462691
-0.798639
0.201941
-0.662770
0.764702
0.845943
-0.797052
0.051851
-0.157628
-0.073641
0.988403
-0.535813
-0.445357
-0.731437
-0.862545
-0.714225
0.715934
-0.772088
0.335795
-0.034883
-0.182348
0.771661
-0.013092
-0.946654
0.783685
0.069857
-0.959227
0.379925
-0.928159
0.948241
0.867489
0.946409
0.163671
0.179968
-0.405255
-0.027436
-0.902036
0.452986
0.347453
-0.265847
-0.195715
-0.572741
0.415021
-0.261086
0.122471
-0.094150
-0.756523
-0.319559
0.568407
0.474654
0.925291
-0.607410
-0.809320
-0.143162
0.609180
0.386883
0.538865
-0.932066
0.967772
-0.716239
-0.794305
-0.007721
0.834956
-0.983764
-0.705985
0.024751
-0.802301
-0.172460
0.743156
0.501694
0.677419
-0.217200
-0.248390
-0.209021
-0.244911
-0.459517
0.338420
-0.292520
0.108921
0.876705
0.190710
-0.400128
0.188208
0.081881
0.518479
-0.325236
-0.485153
0.330485
-0.023408
0.121616
-0.360637
0.941893
-0.657094
-0.119480
-0.384625
0.344401
-0.130467
0.193701
-0.394574
-0.014801
-0.944456
0.542528
0.272011
0.779962
-0.269326
0.683218
0.862056
-0.973388
-0.793817
0.027619
-0.379315
0.188574
-0.941343
0.675405
0.717948
0.189489
-0.286172
-0.058809
0.166906
-0.684317
0.426130
-0.878658
-0.414838
0.933958
0.777703
-0.277505
0.711356
-0.961913
-0.598437
-0.352580
-0.280801
0.245643
0.436262
0.713919
0.432539
0.348003
-0.542589
-0.213904
0.690481
0.833857
-0.200903
0.094638
-0.500229
0.070894
-0.604175
0.779595
0.898618
0.622852
-0.240211
-0.560656
-0.230079
0.478622
-0.865780
0.189245
0.005951
0.033052
-0.201453
-0.036348
0.336222
0.470931
-0.752800
0.731010
0.023103
-0.723502
0.600635
0.952330
0.320231
-0.878353
0.755608
0.440046
0.416608
-0.277627
0.543870
0.522080
0.807184
0.277322
-0.564318
0.138462
-0.249245
0.560289
-0.583850
0.011750
-0.407697
-0.675527
0.926695
0.256508
0.168310
-0.986633
0.449751
-0.571703
0.953917
0.008271
-0.284951
-0.282327
0.501755
-0.843013
-0.483749
0.260964
-0.727653
0.121982
-0.834895
0.656117
-0.251198
0.888058
0.487228
-0.059847
-0.328104
-0.951292
-0.589404
-0.075533
-0.459517
-0.140782
-0.282144
-0.426008
0.268532
0.502853
-0.046480
0.677236
0.790582
-0.072726
-0.554552
0.064791
0.393780
0.977599
-0.254738
-0.172216
-0.284829
-0.519822
-0.861629
-0.569933
0.130284
-0.928770
-0.094028
0.258827
-0.890133
0.115329
0.029206
0.865902
-0.861324
0.096713
-0.731498
-0.430158
-0.578051
0.332987
0.793878
-0.272744
-0.804010
0.901425
-0.662770
0.114353
0.943175
0.782891
-0.860591
0.887265
0.869991
-0.482406
-0.345317
-0.110385
-0.967650
0.059420
-0.251198
-0.182043
-0.432539
0.287454
0.350200
0.530992
-0.973327
-0.565233
-0.456893
0.540147
-0.781243
-0.504990
0.895199
-0.827082
-0.265053
-0.526414
-0.441694
0.444746
0.650441
0.347880
-0.108860
0.992370
-0.691885
-0.865413
0.801508
-0.524400
-0.161840
0.534959
-0.915464
0.999756
-0.145848
0.936155
-0.660390
-0.630543
0.890011
0.037996
-0.785821
-0.819514
-0.096103
0.875057
-0.349162
0.397565
0.416242
-0.581347
-0.819880
-0.857356
-0.572985
0.842402
0.430403
-0.867122
0.721671
-0.691031
-0.362651
-0.842341
0.990844
-0.431806
-0.053438
0.517258
0.589831
0.468490
-0.142491
-0.905576
-0.837947
-0.545824
-0.569811
-0.065828
-0.647023
-0.463607
-0.659658
0.298990
-0.168981
-0.542772
0.806879
0.929685
-0.438643
0.009186
0.178137
-0.924131
0.908933
0.029633
-0.666250
0.024018
0.505539
-0.915281
-0.798517
-0.432783
0.676382
-0.372967
0.819269
0.634205
0.630360
-0.668203
-0.305155
0.946837
0.097629
0.498825
-0.501938
-0.986389
0.383709
0.154881
-0.098422
-0.497848
-0.677114
-0.788568
-0.579394
-0.733024
0.416852
0.028535
-0.932920
-0.222083
-0.830439
-0.886837
0.321940
-0.440413
-0.543199
-0.417890
-0.359233
-0.644948
-0.591418
-0.386029
0.586779
0.752495
0.698904
-0.554491
-0.943419
0.713309
0.580004
-0.124485
-0.296609
0.416059
0.591601
-0.269814
0.992553
-0.408612
0.420515
-0.331217
0.063631
0.665761
-0.764641
-0.668386
0.210181
-0.583361
0.923338
-0.162328
0.473434
-0.369549
-0.664968
0.071749
0.283303
-0.625233
-0.431318
-0.123630
-0.780938
-0.891964
0.510666
0.639698
0.733085
0.694266
0.153844
-0.225745
-0.229469
0.943419
-0.580981
-0.968139
-0.893918
0.959227
0.656667
0.902219
0.286538
-0.176611
0.131809
0.508347
-0.890683
0.167882
0.825007
-0.575793
-0.181677
0.428083
0.935484
0.006317
0.534959
-0.825373
-0.966124
0.848323
-0.006989
0.632130
-0.218482
-0.242225
0.658132
0.499496
-0.103488
-0.054781
-0.677297
0.716178
0.813227
-0.250526
-0.161718
0.273843
-0.496811
-0.025605
-0.374248
-0.042879
0.908322
-0.563524
0.704215
-0.961852
-0.869198
-0.222327
-0.840876
-0.577380
0.721122
-0.846492
0.213660
0.287332
-0.171178
0.452498
0.132298
0.133274
0.274758
-0.889401
-0.336161
-0.702994
0.022919
-0.750969
0.576708
-0.149449
0.376568
0.856929
0.362529
0.463057
0.447859
-0.226966
0.393292
-0.514939
-0.332072
0.224952
-0.591052
-0.277139
0.600818
0.778314
0.126438
-0.380413
0.814203
-0.041108
-0.468368
-0.519822
-0.715262
0.486251
0.569567
-0.141697
0.932676
0.642872
-0.679800
-0.495346
-0.639698
-0.707144
-0.694876
-0.005463
-0.762383
-0.186804
0.749931
0.578478
0.500168
-0.051302
-0.433454
0.747429
-0.769341
0.218055
-0.052828
-0.077303
0.690054
-0.917295
0.089877
0.750603
0.973205
-0.162572
-0.850398
0.440291
0.440291
-0.392193
-0.425031
0.846187
-0.219275
0.267190
-0.406171
-0.667348
0.177526
0.669973
0.255654
-0.604907
0.144993
0.696158
-0.712333
-0.538011
-0.222205
-0.268593
0.357219
-0.446028
-0.211341
0.911740
-0.772454
-0.383465
-0.371746
0.350017
0.155370
-0.771538
-0.984802
0.192358
-0.953734
-0.258095
0.445479
0.782159
-0.044588
-0.812738
-0.221412
0.121128
-0.839167
-0.075961
0.653737
0.897763
0.076144
-0.077120
0.275735
-0.417463
0.721793
0.061190
0.102329
0.288858
0.489059
-0.275063
-0.266213
-0.946593
0.035676
0.941099
0.636219
-0.870052
0.565111
0.456648
-0.371136
0.856075
0.355083
0.545274
0.028047
0.636586
0.508530
-0.316080
-0.677175
-0.413495
0.110996
-0.858150
0.567248
0.709159
-0.598376
-0.636158
0.382550
0.065523
-0.707999
0.930784
0.473617
-0.176611
0.348796
-0.295022
0.611072
-0.470565
-0.141453
-0.967650
-0.295328
-0.293252
-0.772759
-0.059053
0.412397
0.494247
-0.069002
0.442061
-0.281411
0.658620
0.075228
-0.466353
-0.489486
-0.308756
-0.849239
-0.986511
0.506272
-0.676870
-0.323527
-0.801080
-0.328227
0.528428
0.954711
0.982482
0.328654
-0.127171
-0.960692
-0.621021
-0.475570
0.059481
0.275246
0.871456
-0.949522
-0.519395
-0.996948
-0.799921
-0.029084
0.281777
0.475021
0.101047
-0.702322
-0.425581
0.441877
-0.335795
-0.414350
-0.474044
0.084811
-0.074984
0.462264
-0.811396
0.692557
0.922422
-0.461715
0.632923
0.052522
-0.942137
0.843135
-0.307840
0.362957
0.239051
0.460677
-0.733451
-0.683096
-0.805414
-0.302591
0.284219
-0.028901
-0.623402
0.415204
0.999329
0.401593
-0.661061
0.162999
-0.161596
0.284219
0.682180
-0.125828
-0.567064
-0.970824
-0.796381
0.888607
0.358196
-0.866451
-0.011261
-0.307779
-0.080966
-0.418867
0.674734
0.238807
-0.753044
-0.553636
-0.182775
0.982238
0.218421
0.414899
0.183203
0.072115
0.698782
-0.859859
-0.847407
-0.894711
-0.945555
-0.141820
-0.951415
0.561205
-0.784112
0.807550
-0.307840
0.157506
0.535569
-0.086947
-0.722953
-0.072909
-0.267067
-0.955565
0.314615
-0.862728
-0.543565
0.650868
0.738884
0.944456
0.049409
-0.609729
0.400555
0.796442
-0.924558
0.436079
0.739677
0.112094
-0.137608
0.203772
-0.112156
0.012299
0.713248
-0.943236
-0.176061
-0.901852
-0.459395
-0.588672
-0.614368
0.762017
-0.088961
-0.278054
-0.810236
0.569262
0.791620
0.996399
-0.617908
0.614246
-0.041414
-0.671316
0.191198
0.248024
-0.715629
0.151524
0.249916
0.020478
0.576525
0.914121
0.106235
-0.789605
0.703909
-0.313700
-0.203467
0.501205
0.548875
-0.964660
-0.329081
-0.900998
0.806452
-0.470687
0.904904
0.957457
0.529527
-0.752007
0.314432
0.243995
-0.293435
-0.013764
-0.974242
0.125278
-0.397748
-0.748650
-0.898618
0.350688
0.915647
0.856136
-0.792840
-0.553331
-0.346171
-0.886654
0.139256
-0.942625
-0.804437
0.597156
0.340007
-0.152806
0.160192
-0.767571
0.762627
-0.654469
0.605823
-0.148106
0.817682
0.627857
-0.339213
0.074313
0.514939
0.575915
0.174169
0.616871
-0.847224
-0.530747
0.778741
-0.685476
0.514695
0.249611
-0.685049
-0.840815
0.889035
0.967284
-0.658986
-0.409650
-0.918027
-0.239601
0.179968
-0.197546
-0.010590
-0.488998
-0.253945
0.378094
0.807306
-0.066927
-0.715995
0.835505
-0.086154
-0.945677
-0.997620
0.471664
-0.216041
-0.366008
-0.511093
0.022858
-0.622181
0.074923
0.926511
-0.981689
-0.011689
0.675771
-0.322123
-0.966308
0.428266
0.548509
-0.983276
0.148289
0.423078
0.093905
-0.013703
-0.966674
-0.150914
-0.411359
0.713919
-0.156590
0.794122
-0.280923
0.220374
0.414533
0.005646
-0.362224
0.802911
-0.793512
0.418439
-0.093417
-0.244911
0.219947
0.631581
0.921628
-0.087130
-0.061251
0.635365
0.345561
0.815119
-0.084872
0.670644
0.076266
0.281472
-0.701651
-0.331278
0.753471
-0.666189
0.998047
0.500107
0.610767
-0.357097
-0.302774
0.788446
-0.128758
0.635914
0.984191
-0.813410
-0.914243
0.977783
0.615650
-0.656484
-0.905637
-0.445540
-0.241188
0.239906
-0.132115
0.519517
-0.466720
0.841792
-0.579394
-0.244240
-0.763848
0.906674
-0.043306
0.971618
-0.245949
-0.665273
-0.104648
-0.158483
-0.661916
0.900449
0.269875
0.936155
0.899777
0.111667
0.759941
-0.058626
0.528489
-0.580248
0.590320
-0.815485
0.791559
0.342814
-0.893918
0.759087
-0.236305
0.255959
0.791009
-0.457259
-0.387127
-0.162816
0.283303
-0.516465
0.574755
0.423383
0.715384
-0.534959
0.638295
-0.202795
-0.619434
-0.503708
-0.716727
-0.555040
0.956297
-0.375225
-0.037141
-0.932554
0.415387
-0.355266
-0.406720
-0.880673
-0.333110
-0.605029
-0.193823
-0.471603
0.496506
0.105625
-0.211646
-0.530442
-0.383648
0.463485
0.967406
0.013398
0.953490
-0.755547
0.663259
0.963195
-0.018708
0.411298
-0.503037
-0.594104
0.304361
-0.767754
0.563219
-0.228248
-0.211524
0.457869
0.478561
0.449812
-0.789117
-0.511887
-0.776849
-0.848994
0.150243
-0.299783
-0.410077
-0.493149
-0.624561
-0.487838
-0.532823
0.043428
0.044954
-0.531602
-0.984497
-0.859554
0.969237
0.684378
-0.956359
0.498642
-0.291604
-0.130955
0.880001
-0.188635
0.006134
0.098972
-0.379925
0.317423
0.144932
-0.893490
0.118320
0.314249
0.948546
0.555101
0.894467
0.789972
-0.097446
-0.662099
-0.949950
0.770196
-0.554613
0.983337
0.884518
-0.637196
-0.537889
0.650563
0.153539
-0.403851
-0.763787
-0.847224
-0.531602
0.761773
0.440901
-0.631397
0.515549
-0.342143
0.644642
0.848140
-0.974670
-0.157262
0.143468
0.435591
-0.599353
0.122898
0.873531
-0.588672
-0.907529
0.516770
-0.164892
0.546251
-0.961241
-0.040498
0.360576
-0.897336
-0.289895
-0.070345
-0.092502
0.715201
-0.644948
0.081027
-0.221290
-0.902707
0.335185
0.871212
0.409833
0.411664
-0.821711
-0.317972
0.745781
0.871029
0.942381
0.380352
-0.729118
-0.898679
-0.446028
0.997314
0.395978
0.577258
-0.605335
-0.542589
0.277444
0.904721
0.549547
0.051363
-0.406903
-0.672231
0.248329
-0.388165
-0.012421
0.431745
0.039460
-0.660512
0.370403
-0.779656
-0.714652
0.256386
0.944639
-0.232215
0.085665
-0.991577
-0.307901
0.793207
-0.647450
0.162084
0.320353
-0.970336
-0.254494
0.277932
-0.133518
-0.789361
0.000641
0.921873
-0.838862
0.451155
-0.215186
-0.357646
0.307657
-0.937681
0.147923
-0.435835
0.718925
0.317850
0.267434
-0.009857
-0.482345
-0.361919
-0.707633
-0.127964
0.789117
0.008026
0.363018
-0.129307
-0.450056
-0.502121
0.229469
-0.374615
0.477096
-0.969543
-0.512864
-0.197119
-0.746757
-0.982177
-0.759331
0.604236
0.867489
-0.001556
0.620594
-0.739433
0.048921
-0.526902
0.579638
0.085299
-0.094577
0.210242
0.502853
0.810663
0.833369
-0.353191
0.269936
0.842769
-0.313150
0.300333
-0.977905
0.529405
0.755486
0.386029
-0.687857
-0.372417
0.058809
-0.134129
-0.144749
-0.520981
-0.949034
0.090487
-0.182104
-0.363811
0.731376
0.322916
-0.971679
0.044893
-0.981140
