-0.238075
-0.541490
0.909726
0.273721
-0.237526
0.952269
0.269814
-0.900693
0.669912
-0.309305
-0.071200
-0.107273
0.045808
0.630604
0.713492
-0.764458
-0.397259
0.599353
-0.558519
-0.188330
0.126682
-0.223304
-0.564196
-0.499313
-0.587268
-0.746941
-0.520493
-0.473556
0.282571
-0.441939
0.114353
0.220008
0.330546
0.389386
0.715995
0.602893
0.720206
-0.793085
0.454634
-0.418683
-0.783502
-0.038423
-0.613086
-0.769707
0.356731
-0.476547
-0.571398
0.961852
0.511521
-0.648122
0.943968
-0.216712
-0.921018
0.863460
-0.440291
-0.178991
0.612659
-0.672658
-0.241493
0.210913
-0.709464
0.810236
-0.186682
-0.863277
0.106113
-0.702689
0.993774
0.685842
-0.567736
-0.024262
-0.028596
0.592822
-0.549730
-0.823420
-0.420698
-0.420209
0.601550
-0.171178
0.977783
0.360881
0.140172
-0.884579
-0.907468
0.352702
-0.501083
0.897275
0.621815
0.740837
0.032868
-0.561388
0.902219
0.313883
-0.236976
0.924009
0.157079
-0.825983
0.543321
-0.326029
0.752373
-0.619312
-0.598560
-0.064913
0.435408
-0.154576
-0.778375
-0.765252
-0.692923
0.872005
0.556871
0.298196
0.479598
-0.841792
0.471175
-0.201392
-0.969115
0.179235
-0.222022
-0.207434
0.630177
-0.170385
0.482406
0.074984
-0.768426
0.314249
0.232826
0.984558
-0.172582
-0.613147
0.915891
0.245399
-0.830683
-0.716361
0.232582
0.677480
0.194189
-0.812006
0.688101
-0.913694
-0.449019
-0.354106
-0.861751
0.189428
-0.374493
0.827143
0.838008
0.714896
0.063387
0.292398
-0.258461
0.096103
-0.851985
0.681875
0.897885
-0.076022
0.202673
-0.420209
-0.668813
0.172704
0.318644
-0.835505
0.486129
-0.938108
-0.830195
0.461715
0.098972
0.921201
-0.001190
0.079745
0.683584
0.531968
0.273476
0.970519
0.991943
0.971496
0.391461
-0.892026
0.621265
-0.422285
0.684683
0.446394
0.493088
0.773186
-0.650990
0.486862
0.280190
0.473128
-0.612903
-0.394391
0.121677
-0.142674
-0.796503
-0.857295
-0.707877
0.949767
0.069979
-0.947752
0.761467
0.552599
0.807611
0.931333
-0.571581
-0.174657
0.371563
0.794000
0.684194
-0.280740
0.774651
-0.686819
-0.806391
0.349956
-0.033601
-0.322428
0.322794
0.992737
0.747490
-0.296365
0.233253
0.488021
0.879818
0.885861
-0.753044
-0.199072
0.392438
0.163488
0.973998
0.525620
-0.863155
-0.239113
-0.304910
-0.947264
0.070650
-0.138707
0.860775
-0.905087
-0.014985
-0.120640
0.489608
0.626148
0.597949
0.844600
-0.065279
-0.878964
-0.945860
0.452681
0.585131
-0.973693
0.840144
-0.975097
-0.896237
-0.036164
-0.370647
-0.285562
-0.113804
-0.589343
0.426923
0.685293
0.260048
-0.270608
-0.598865
0.507797
-0.009308
0.647633
0.399091
-0.457259
0.612415
0.541917
-0.342814
-0.261696
0.162633
0.095065
0.177465
0.900143
0.084078
-0.739494
-0.718314
-0.968322
-0.005524
0.759270
-0.852840
-0.362224
-0.345317
-0.966552
0.551561
-0.495102
0.389508
0.432539
0.353435
0.497421
0.299112
0.407575
0.944456
0.180090
0.335795
0.899533
-0.475570
-0.739067
-0.693899
0.709891
0.219459
0.009857
-0.783319
-0.564013
-0.692495
-0.860958
0.744621
0.026704
-0.753227
0.541673
-0.842402
-0.765801
0.184484
0.627308
-0.906796
0.508652
-0.289956
0.357524
0.627430
-0.975280
-0.096408
0.417890
-0.373760
-0.323283
0.982421
0.950560
-0.465377
-0.253334
-0.357707
-0.818232
0.369854
0.417402
-0.826106
0.660878
-0.129124
0.513230
-0.973144
0.697745
-0.909055
-0.837214
0.802728
-0.511582
-0.719779
0.568163
0.633595
0.656301
-0.019196
-0.580309
-0.975219
0.415204
0.984313
0.129917
-0.437239
0.775201
0.226905
0.051546
0.890133
0.009674
-0.644704
0.756462
0.395978
0.878048
0.065950
-0.837764
0.491134
0.668325
0.621632
-0.799799
0.552965
0.028291
-0.311197
0.654164
-0.795953
0.801752
0.537767
-0.004791
-0.368511
-0.081454
0.818110
0.206519
0.225318
0.415937
0.135899
-0.472945
-0.845332
-0.766472
-0.686758
0.504685
-0.496078
0.001740
0.014679
0.692495
0.125462
0.620899
-0.976562
-0.759697
-0.805231
0.621815
-0.424543
0.588183
-0.894223
-0.880184
-0.222816
-0.735771
0.306925
0.177770
0.507553
-0.287820
0.468795
0.470382
0.576769
0.066622
0.577258
-0.666738
0.503037
-0.984802
-0.178747
0.897275
-0.640614
-0.282510
-0.190283
-0.947142
0.889462
0.175329
0.052644
-0.368572
0.722648
0.841975
0.814508
-0.337931
0.438032
0.412152
-0.655568
-0.183569
-0.148412
0.167089
0.872311
0.146886
-0.738639
-0.855586
0.424055
0.022004
-0.538072
-0.425642
0.173254
0.562853
0.662954
0.612842
0.184240
0.179479
-0.369366
0.622547
0.103305
0.340556
-0.388287
-0.469344
0.865658
-0.539781
-0.968688
-0.183081
0.775018
-0.805780
0.831538
0.030854
0.742912
0.095737
-0.709037
0.004608
0.062166
-0.514878
0.212134
0.117161
0.921079
-0.966430
-0.373333
-0.300333
-0.649525
-0.452010
0.842463
0.723441
-0.686453
0.568468
-0.758232
-0.778558
0.410871
0.859004
-0.450728
-0.301920
-0.045930
0.811457
-0.177770
-0.249306
-0.611560
-0.796686
-0.620716
0.133091
0.821100
-0.806269
-0.704703
0.998169
-0.813349
-0.165319
-0.822993
0.588244
0.890988
0.647633
0.153478
-0.401593
0.447127
0.746330
0.756462
-0.744255
-0.935667
-0.184240
-0.445540
-0.378704
-0.741630
0.970519
-0.765374
0.032258
-0.222877
-0.744438
-0.516648
-0.632191
-0.223670
-0.565844
-0.569323
0.690237
0.898862
-0.516037
0.999878
-0.850032
-0.626698
0.221229
0.862117
0.950438
-0.842463
0.589526
-0.996338
0.954588
-0.557787
0.691092
-0.200293
0.139012
-0.616932
-0.246803
-0.357158
0.315714
0.133396
-0.829768
0.697378
-0.354900
-0.558580
-0.294290
0.653005
0.583483
0.691946
-0.994629
0.945128
-0.355571
-0.289834
0.975585
-0.589831
0.942259
-0.681814
-0.490158
0.119175
-0.374432
-0.242347
0.727531
0.930418
-0.718986
-0.398907
0.585192
0.218787
0.788751
-0.580859
0.028779
0.338908
0.992553
0.513291
0.495529
0.937498
-0.585864
-0.779412
-0.253517
0.103244
0.113742
-0.968932
-0.088107
-0.894589
0.281594
-0.528367
-0.420392
0.541246
-0.731132
0.943236
-0.546983
-0.054476
-0.621265
0.060030
-0.552293
0.588610
-0.630238
-0.254433
0.783624
-0.766717
0.663076
0.232948
0.678640
0.298196
-0.937498
0.750664
-0.356975
-0.849666
-0.939817
-0.082980
0.488998
-0.497360
-0.217444
0.168004
-0.192724
0.112888
0.778619
-0.153050
-0.165807
0.123753
-0.053255
0.280923
-0.233070
0.547655
0.894528
0.250771
-0.245460
-0.477340
-0.437300
0.557360
-0.721183
0.572192
-0.804743
-0.174902
0.642018
0.001984
-0.754692
-0.579272
-0.522141
-0.551988
0.630238
0.738945
-0.992920
-0.181738
0.511521
0.431562
-0.407575
-0.741508
0.002472
0.411847
-0.129246
-0.393597
-0.947630
0.882565
-0.480636
-0.642750
0.610401
-0.118381
-0.969115
0.602039
-0.981506
-0.423566
0.806757
0.893918
-0.858516
0.675832
-0.447127
0.689322
0.244606
-0.782525
-0.540086
0.227088
-0.832698
-0.865902
-0.972655
0.362102
-0.781793
0.763726
-0.037080
-0.811823
-0.974853
-0.493027
-0.162389
-0.552904
-0.568896
-0.240455
0.998962
-0.726066
0.002472
-0.991394
-0.619495
-0.662343
-0.914609
-0.907834
-0.877071
0.047639
0.521897
0.697623
-0.855770
-0.082369
0.964049
-0.771233
-0.979980
0.401654
0.384014
0.541673
-0.672414
-0.663991
-0.179235
0.759148
-0.872921
0.921934
-0.940611
0.695608
-0.379376
0.725150
0.037141
0.396649
-0.042268
-0.125828
0.053011
0.978271
-0.615162
-0.251991
-0.134434
-0.749748
0.107700
0.783441
0.078036
-0.960509
-0.639088
0.029878
-0.703238
-0.872860
-0.820795
-0.521592
0.770989
-0.716727
0.182958
0.055269
-0.924131
-0.320109
0.174841
-0.547777
0.683645
0.127781
0.847285
0.780267
-0.815729
0.517502
-0.491745
0.763176
-0.322184
-0.522019
0.591784
-0.430342
0.931883
0.478195
0.323588
-0.683462
-0.050874
0.196570
0.785699
-0.090060
0.368999
-0.109165
-0.110508
0.649403
-0.545701
-0.040681
0.227393
-0.634388
-0.665578
0.476547
-0.602161
-0.834529
0.382122
0.325236
-0.867916
0.715934
-0.904965
-0.809809
0.925901
-0.858028
0.981323
0.981201
-0.637257
-0.530198
0.622913
0.719901
-0.817621
0.916196
-0.511338
0.295145
-0.799677
-0.524644
-0.919187
0.132237
-0.609607
-0.048189
0.100436
-0.206397
0.407697
-0.322733
-0.800348
-0.552293
0.488266
0.372234
-0.217566
0.331095
-0.697806
0.570605
-0.169408
0.420270
0.161351
0.755425
0.123875
0.332499
0.184668
0.031526
0.861812
-0.809198
0.551866
0.617847
0.546556
-0.354045
0.030000
-0.467940
0.588366
-0.220862
0.432234
-0.096530
-0.247047
0.340251
0.216407
0.063631
-0.345012
-0.779412
-0.274209
-0.260475
-0.384808
-0.048250
0.902890
0.563707
-0.618397
-0.815485
-0.703421
0.440535
0.398175
0.827937
-0.126804
0.919492
-0.731803
-0.527085
-0.985168
0.802301
0.339152
0.474715
0.289102
0.527818
-0.148900
0.012360
-0.070528
-0.589282
-0.963073
0.977783
0.806635
-0.205542
-0.344523
0.426984
-0.544786
-0.806207
-0.699149
0.161718
-0.394940
0.386273
-0.201575
0.425031
0.573656
-0.828059
-0.818293
-0.614978
-0.902524
-0.394879
0.184545
0.640248
-0.756462
0.973571
-0.862728
0.994690
0.986694
0.909177
0.050935
0.288919
-0.578784
0.228370
0.010712
-0.039094
0.369304
0.980041
-0.302225
0.333842
-0.109287
0.687674
0.231300
-0.652882
0.951170
-0.940855
-0.004364
0.582690
0.903317
0.502548
-0.832209
0.840205
0.915647
0.424421
0.117527
0.240761
0.869442
0.100681
0.029389
0.505051
0.775689
-0.108921
0.141209
-0.768975
-0.342692
0.968871
0.452986
-0.279092
-0.986633
-0.364910
-0.473739
0.002655
-0.584094
0.083529
0.857173
-0.915708
0.207678
0.900571
0.628895
0.131565
0.593677
0.327860
-0.229347
0.745598
-0.741447
-0.947569
-0.930662
0.217689
0.384991
-0.659719
-0.039521
0.005524
-0.755364
-0.825922
0.529771
0.799432
0.728385
0.951353
-0.306253
0.732963
0.660939
0.310770
-0.594165
0.216224
-0.582751
0.969787
0.567980
0.747246
0.518113
0.225745
0.576952
0.606738
0.433576
-0.300455
-0.586108
0.710074
-0.584155
-0.913938
0.025178
0.741325
0.535386
-0.269326
0.211463
0.082980
0.146886
-0.552599
0.023591
-0.759026
-0.563829
0.608448
0.726066
0.066439
-0.379498
0.380718
0.239662
-0.223975
0.610034
-0.288553
-0.656972
-0.243873
0.673879
0.853084
-0.869625
-0.694876
0.435774
-0.192236
0.723197
-0.555773
0.256752
-0.723258
0.458480
0.896176
0.798334
0.319132
0.541368
-0.966491
-0.545946
0.884213
-0.121738
0.403974
0.202857
-0.205115
-0.136937
-0.170324
-0.708914
0.375469
-0.598193
0.316324
-0.096286
-0.237587
-0.809381
0.836299
-0.119297
-0.894345
-0.328227
-0.811823
0.887082
-0.328349
-0.403790
-0.569628
0.434614
-0.820124
0.683401
-0.265664
-0.114292
-0.593921
0.115329
-0.855037
-0.187536
-0.071139
-0.826228
0.085665
-0.428999
-0.542344
0.603626
-0.914243
-0.297769
-0.876705
-0.740776
-0.586779
0.861995
0.837092
0.964599
0.035798
-0.070650
0.075411
-0.297098
0.787774
-0.066073
0.866085
-0.199805
0.174230
0.411115
-0.922666
0.208228
-0.017243
-0.425703
0.852168
0.568346
0.620228
-0.155248
-0.963561
-0.804559
-0.461409
0.343303
0.165685
-0.872494
-0.882260
-0.591968
-0.746818
-0.331584
0.555223
-0.313639
0.871517
-0.465987
-0.775628
-0.117893
-0.738762
0.120762
-0.605579
0.258889
0.623280
0.696402
0.079562
-0.138401
-0.162389
0.600574
0.426984
-0.159154
0.232276
-0.529160
0.937254
0.177953
-0.563829
-0.999084
0.862911
-0.371990
-0.782098
0.887448
-0.130589
-0.092074
0.439924
0.066195
0.102390
-0.705985
0.979064
-0.941771
-0.640553
0.643422
0.739006
-0.285623
-0.195593
0.044343
-0.295999
0.818842
0.035554
0.999512
-0.303079
-0.706595
0.196142
-0.588733
0.977416
0.017792
0.668081
-0.502792
-0.178625
0.836726
-0.084384
-0.799127
0.992798
0.414716
0.316568
-0.413739
-0.907468
0.566820
-0.103122
-0.925962
0.583605
-0.171545
0.710868
0.580309
-0.650990
-0.476302
-0.780267
-0.804559
0.487350
-0.583911
-0.850459
0.019379
-0.051057
0.111545
-0.514145
0.402020
-0.946532
0.335307
0.649159
-0.142186
0.432051
0.913877
-0.185522
-0.475387
-0.615406
0.324992
-0.779901
0.345622
-0.084872
0.083285
0.666189
-0.199072
0.494797
-0.268899
0.504074
-0.694754
0.140294
0.301309
-0.679495
-0.708365
-0.422956
0.906064
0.042329
0.860286
-0.294595
-0.230567
0.008393
0.683096
0.956053
-0.944212
0.439802
-0.071749
-0.135777
0.402020
-0.528245
0.817072
0.573473
-0.679373
-0.619922
-0.372967
-0.109226
-0.845637
0.658925
0.655995
0.566088
-0.599780
0.126743
-0.635426
-0.634205
0.641835
0.225562
-0.894650
0.665517
-0.475448
0.667104
-0.516099
0.790887
-0.795770
0.462081
-0.740654
0.792962
-0.040071
-0.017426
-0.196020
0.700064
0.011689
-0.178503
0.709037
0.709891
-0.518967
0.095187
0.332743
-0.160680
0.755913
-0.628040
0.855464
-0.580615
0.937620
-0.685537
-0.119785
-0.398846
-0.920713
-0.727042
0.389264
0.001801
-0.594775
-0.121006
-0.046480
0.320048
0.907712
-0.173254
-0.096774
0.502670
0.572619
0.009919
-0.919370
0.054537
-0.667959
-0.299295
-0.445845
0.370464
0.646168
-0.530259
-0.195044
0.948180
-0.286294
-0.253090
-0.658864
0.555956
-0.829890
-0.439192
-0.587573
-0.410993
-0.396832
0.224952
-0.927732
0.462752
-0.798273
-0.510300
0.874508
-0.998108
-0.668203
-0.753471
-0.768365
0.993652
0.302530
-0.902524
-0.073885
-0.379559
-0.518906
-0.189489
0.334025
0.275307
-0.574145
0.397626
0.499680
0.490951
0.177892
0.648671
-0.553819
-0.541063
0.105564
-0.681875
-0.290872
-0.767876
-0.672658
-0.721488
-0.457320
-0.165441
-0.517624
-0.202795
-0.949400
0.857173
0.499496
-0.391522
-0.558763
-0.200232
-0.103000
-0.682852
0.508652
-0.634510
0.343364
0.452742
-0.291787
-0.797479
0.503525
-0.887875
0.775506
0.564501
-0.263588
-0.078097
-0.824152
0.711295
-0.383221
-0.091830
-0.961486
0.876827
-0.919980
-0.493210
0.930601
-0.485763
0.556505
-0.950011
-0.399945
-0.997742
-0.350017
0.029206
-0.913022
-0.316507
0.404706
-0.800836
-0.155675
0.167150
0.029511
0.157201
-0.155919
-0.774407
0.520066
0.309977
0.935850
-0.813410
-0.670644
0.743767
-0.641774
0.972106
0.174535
-0.235206
0.951476
0.882382
0.174352
0.377606
0.517136
0.683157
0.563524
-0.187353
-0.738395
-0.897458
-0.381146
0.561998
0.587390
-0.027802
-0.753716
0.993835
0.127659
0.401532
0.246620
0.372417
0.871761
-0.625050
0.873287
0.881039
0.871029
-0.322245
-0.607837
-0.276528
0.549608
0.621265
0.414533
0.296365
-0.023896
0.910886
-0.975768
-0.711295
0.163671
-0.572802
-0.601794
-0.491562
-0.440779
-0.756279
-0.604602
-0.028169
-0.612537
0.871700
-0.179052
-0.854427
-0.881893
-0.128636
0.085910
0.130589
-0.804437
-0.714347
-0.731681
-0.259621
0.589038
0.323283
-0.044160
-0.880612
-0.914182
-0.731925
0.834223
0.135655
-0.345683
0.228797
-0.294595
0.110080
0.009125
-0.272439
0.753777
0.567248
0.606555
-0.289285
0.126133
0.645558
0.177038
0.516037
0.229652
-0.454817
0.708548
0.297220
0.420087
-0.681936
-0.909848
-0.689688
-0.322001
0.214270
0.731559
0.230201
-0.079928
0.013276
-0.330546
-0.026032
0.826594
0.378643
0.703177
0.274087
0.551439
0.992309
0.167089
0.810724
-0.746452
-0.029206
0.014435
-0.061068
0.891964
-0.782525
-0.017975
-0.224158
0.107517
0.259682
0.904660
0.538194
0.195471
0.092502
-0.629444
-0.312723
-0.464278
-0.923338
0.876461
0.821345
-0.700552
-0.442305
0.767876
0.082430
0.913450
0.489669
0.276711
-0.804621
0.340983
0.454756
0.674001
0.751946
0.059908
0.051729
0.722037
-0.080477
0.374676
0.486801
0.604724
0.168004
-0.809687
-0.588977
-0.227393
0.538499
0.894894
-0.207617
0.293374
-0.484664
-0.252052
-0.259499
0.918027
-0.591601
0.852351
0.573046
0.637074
-0.799310
-0.960326
0.683706
-0.784906
0.165685
-0.603320
0.386517
-0.136814
0.536058
0.692190
0.211768
0.163244
-0.801263
-0.059114
-0.516953
0.721976
-0.553697
-0.169836
0.786981
-0.757927
-0.045442
0.637806
0.018220
-0.085177
-0.120701
0.663076
-0.882260
-0.617542
-0.293313
-0.782525
-0.937193
-0.334147
0.706839
0.342143
-0.054292
0.270547
0.742119
0.669118
-0.842280
-0.954039
0.984008
-0.081454
0.117832
0.401349
-0.264626
0.577136
0.405622
0.568468
-0.515793
-0.653249
-0.800836
-0.206458
