-0.403546
0.951353
-0.314920
-0.476791
-0.008026
0.952269
0.057833
-0.416791
-0.391461
0.973754
-0.686880
-0.107273
-0.759392
-0.761711
-0.297586
-0.743034
-0.381756
0.319864
-0.558519
-0.188330
0.126682
0.249001
-0.023225
-0.499313
-0.587268
0.158483
-0.520493
0.380047
0.257973
0.741874
0.259377
0.220008
0.330546
0.389386
-0.850276
0.602893
0.720206
0.997192
0.454634
0.251808
0.903256
-0.910459
0.061312
-0.769707
0.356731
0.005097
-0.571398
0.098666
0.204871
0.583178
-0.950377
0.495346
-0.921018
-0.904111
0.292703
-0.755119
-0.094638
-0.371624
-0.857234
-0.909848
0.855708
0.810236
0.512864
-0.897885
0.106113
0.941832
-0.695303
0.685842
-0.567736
-0.024262
-0.283120
0.592822
-0.549730
-0.823420
-0.420698
-0.420209
0.559008
0.884640
0.977783
0.267617
0.140172
0.591479
-0.368389
0.520554
0.426252
0.153172
-0.034394
0.740837
-0.298868
-0.787713
-0.182409
-0.626148
-0.236976
0.924009
0.087802
0.673574
-0.077548
0.703360
-0.996643
-0.619312
-0.598560
-0.064913
0.179479
-0.154576
-0.008148
-0.765252
0.485702
0.872005
0.331156
-0.401105
-0.470077
-0.602222
0.122410
-0.201392
0.855708
-0.529221
-0.222022
0.791681
0.927244
0.012970
-0.125706
-0.512375
0.989380
0.129856
0.636830
0.984558
-0.172582
-0.312296
0.200781
0.245399
-0.937925
-0.254006
-0.268227
0.677480
0.194189
-0.812006
0.512803
0.244667
0.446455
-0.354106
-0.065950
-0.652150
-0.374493
-0.271401
0.975524
-0.632801
-0.380047
-0.875301
-0.689932
-0.608264
-0.451399
0.812922
0.905454
-0.023347
0.202673
-0.556017
-0.970153
0.956603
-0.783258
-0.835505
-0.094882
0.408368
0.868954
0.461715
0.098972
0.626637
0.505112
0.743400
0.683584
0.880062
0.273476
0.882321
0.939085
-0.173376
0.030488
-0.892026
0.621265
0.478927
0.283853
0.446394
0.493088
0.007111
-0.277627
-0.071688
-0.935606
-0.704764
-0.286721
-0.394391
-0.216834
0.277139
-0.868587
-0.729850
0.980163
0.949767
-0.790582
-0.947752
0.761467
0.552599
-0.568285
0.684256
0.785394
0.275063
0.881527
-0.358745
0.684194
-0.556810
0.905332
-0.686819
0.077181
-0.208106
-0.422956
-0.322428
0.322794
0.512925
0.747490
-0.547777
0.581164
0.408490
0.879818
-0.156529
-0.233192
-0.199072
-0.942015
0.163488
0.973998
0.126499
0.776605
-0.239113
0.497787
-0.947264
-0.613269
-0.082614
-0.002899
-0.905087
-0.014985
-0.566271
0.212989
-0.140538
0.597949
0.886105
-0.065279
0.228431
-0.901303
0.472030
-0.341166
-0.973693
0.787286
0.754204
0.568163
-0.036164
-0.370647
-0.470321
-0.113804
-0.323954
0.426923
0.728324
-0.883847
-0.270608
-0.791559
-0.028230
0.544603
0.647633
0.399091
-0.457259
-0.218909
-0.408002
-0.045137
-0.872188
0.976745
0.095065
0.383282
0.900143
-0.709769
0.812860
0.792474
-0.968322
0.299966
-0.147313
0.340556
0.767632
-0.332560
-0.966552
-0.899167
-0.495102
0.389508
-0.082858
-0.226539
0.914365
0.812311
0.702017
0.517502
0.180090
0.200720
-0.802057
0.600513
-0.739067
-0.033296
0.440474
0.219459
0.598132
0.546922
0.850520
-0.797479
-0.860958
0.744621
-0.792657
-0.204199
-0.880612
-0.842402
0.121372
0.184484
0.627308
-0.906796
0.508652
0.755364
0.357524
0.694327
-0.119663
-0.096408
0.538133
-0.373760
-0.323283
-0.983947
-0.513169
0.737785
-0.291971
0.429121
-0.818232
-0.469405
0.991394
-0.810297
-0.975341
-0.154454
-0.465926
-0.973144
0.697745
-0.909055
-0.837214
0.802728
-0.431562
0.120518
-0.843135
0.633595
0.222327
-0.019196
-0.580309
-0.975219
0.301187
-0.807672
0.129917
-0.437239
0.678274
0.387005
0.051546
0.094211
0.552171
0.571520
-0.611133
-0.007599
-0.205847
0.327494
0.574938
-0.390423
-0.230262
0.905698
-0.799799
-0.683950
-0.660451
-0.311197
-0.529527
-0.795953
0.092318
-0.271950
-0.004791
0.039216
-0.945006
-0.919919
0.206519
0.429731
0.415937
0.135899
0.229591
0.138279
0.676382
-0.686758
0.228675
-0.103488
0.001740
-0.673086
0.718314
-0.931516
-0.759087
-0.466109
-0.759697
-0.673574
0.407880
0.661550
-0.445296
0.753777
-0.880184
-0.231788
0.854610
0.306925
0.975219
0.626576
-0.311075
-0.235328
-0.087008
0.526170
0.066622
0.577258
0.950438
0.631703
-0.481491
-0.125828
0.897275
0.847285
-0.282510
-0.340312
-0.947142
0.653188
0.175329
0.160375
-0.368572
-0.737602
0.841975
0.099338
-0.337931
-0.069491
0.955687
-0.655568
-0.094882
-0.194311
0.167089
0.872311
0.288430
-0.738639
-0.780755
0.578356
0.506149
0.950255
-0.425642
0.173254
0.562853
0.597888
-0.573229
0.184240
-0.866756
0.720817
0.657460
0.103305
0.583422
-0.388287
0.644032
0.689016
-0.539781
-0.968688
-0.183081
-0.922300
-0.978698
0.401166
-0.159276
0.742912
0.647633
-0.248634
0.032014
0.627735
0.161718
0.212134
0.117161
0.921079
-0.966430
-0.373333
-0.300333
0.530931
0.471175
0.842463
-0.611438
-0.351482
0.305338
-0.758232
-0.391705
0.410871
0.501083
0.855159
-0.199927
-0.386456
-0.947996
-0.177770
0.482101
-0.256325
-0.586962
-0.284463
0.368267
-0.520249
0.110446
-0.704703
0.069796
-0.813349
-0.165319
-0.118442
-0.671926
0.872860
0.647633
0.153478
0.830378
-0.539415
0.746330
0.756462
0.740837
-0.612049
-0.973449
-0.757683
-0.378704
0.569445
-0.950865
-0.765374
-0.585986
0.628651
-0.051424
0.812433
-0.632191
-0.223670
-0.029389
-0.561205
0.690237
0.442549
-0.516037
0.999878
0.106357
-0.424909
0.221229
0.862117
-0.380840
-0.842463
0.452071
-0.036348
0.954588
-0.557787
0.691092
-0.589709
0.139012
0.634693
0.420820
0.228370
0.315714
0.133396
-0.829768
0.488021
0.804254
0.203528
-0.294290
-0.746025
-0.141758
-0.874142
-0.994629
0.511521
-0.355571
0.869503
0.624073
-0.589831
0.942259
-0.844234
-0.584948
-0.533372
-0.374432
-0.341411
-0.484970
-0.377789
-0.607959
-0.398907
-0.764397
-0.799310
0.788751
-0.580859
0.726249
0.338908
-0.726737
0.513291
0.152135
-0.481307
-0.585864
-0.225135
-0.996765
0.103244
0.113742
-0.835749
-0.580187
0.040986
0.595935
0.304117
-0.420392
-0.053926
-0.731132
0.943236
0.940428
-0.155736
-0.615772
0.060030
-0.007660
0.588610
-0.630238
0.487594
-0.202551
0.649709
0.663076
0.232948
-0.938047
0.298196
-0.382855
-0.746208
0.519150
-0.849666
0.397565
-0.201331
0.445235
0.800592
-0.637867
0.911924
-0.995239
0.364971
0.778619
-0.324747
-0.875362
0.402997
-0.661855
0.830439
-0.233070
0.547655
0.573840
0.164953
-0.073702
-0.477340
-0.437300
0.515427
-0.721183
0.237709
0.338481
0.992431
-0.620167
-0.074496
-0.754692
0.192724
-0.291482
0.669668
0.630238
-0.285379
0.428816
0.250160
-0.057039
0.431745
-0.348308
0.509323
-0.689138
-0.533921
-0.129246
0.129612
0.177343
0.882565
0.505783
-0.642750
-0.848750
-0.118381
-0.969115
-0.362163
0.475692
-0.423566
0.806757
0.211341
-0.858516
0.078768
-0.196509
-0.926939
-0.271096
-0.160009
-0.292825
0.227088
0.170080
-0.877987
0.527207
0.827387
0.257485
0.531602
-0.037080
0.060213
0.151036
-0.493027
-0.435835
-0.552904
-0.568896
-0.275613
-0.576769
0.428877
0.711783
-0.690176
-0.619495
-0.662343
-0.004120
-0.907834
-0.225318
0.703116
0.521897
0.948546
-0.435408
-0.082369
0.964049
-0.735099
-0.979980
0.565050
-0.906674
0.541673
-0.860347
0.745476
0.345500
0.552782
0.373882
0.287576
0.277078
0.388226
-0.379376
0.725150
0.261452
-0.657460
0.570544
-0.083834
0.066439
-0.370891
-0.615162
-0.251991
-0.134434
-0.749748
0.968139
0.783441
0.118137
-0.960509
0.254677
-0.721549
0.010773
-0.872860
-0.820795
0.730094
0.770989
0.181005
-0.865291
0.055269
-0.924131
-0.300394
0.174841
-0.846919
0.234535
0.479965
-0.390057
0.780267
-0.815729
0.259011
-0.491745
0.763176
-0.958678
-0.444075
0.591784
-0.430342
0.931883
0.478195
-0.782342
0.425459
-0.273232
0.196570
0.785699
0.665273
0.368999
-0.109165
-0.110508
0.636525
-0.545701
-0.040681
0.532334
0.815607
-0.665578
0.476547
-0.602161
-0.834529
0.523972
-0.306314
-0.159581
0.706534
-0.330302
-0.918699
0.925901
0.623280
0.981323
0.092624
-0.384503
-0.530198
-0.299783
0.719901
-0.239601
0.341777
0.541124
0.295145
-0.152257
0.372662
-0.919187
-0.135105
-0.609607
-0.818476
0.731803
-0.084262
0.407697
0.143284
0.714103
-0.509934
-0.178259
0.372234
0.682424
-0.040010
-0.771599
0.570605
0.453841
0.420270
0.161351
-0.116733
0.005463
0.166845
-0.994934
-0.289834
0.861812
0.076388
0.641896
0.617847
0.546556
-0.843074
0.545885
-0.467940
0.722648
0.249245
0.432234
-0.096530
0.007538
-0.113315
-0.027741
-0.002106
0.837031
-0.425153
-0.385968
0.048555
-0.384808
-0.048250
0.176183
0.663442
-0.618397
0.438887
-0.880490
-0.754082
-0.153111
0.827937
-0.126804
-0.164159
-0.746513
-0.527085
0.520981
0.111850
-0.634388
0.474715
0.289102
0.527818
0.078463
0.950438
0.145177
0.412824
-0.010834
0.322672
-0.494430
0.480270
-0.602710
0.426984
-0.544786
0.832942
0.342326
0.596667
-0.653310
0.386273
-0.201575
-0.274697
0.573656
0.403058
-0.818293
0.257485
0.318339
-0.473312
0.286294
0.775872
-0.871639
0.973571
-0.862728
0.994690
0.401288
0.909177
-0.599841
-0.183935
0.632252
0.228370
0.010712
0.263833
0.369304
-0.034700
-0.703665
-0.549120
-0.109287
0.457869
-0.014740
0.907285
0.951170
-0.411969
-0.778497
-0.257485
0.903317
-0.374310
0.909726
-0.110508
-0.353923
0.424421
0.117527
0.240761
0.020295
0.594226
0.029389
-0.968322
-0.647206
-0.108921
0.141209
0.635731
0.379254
0.983459
-0.045076
0.414594
-0.986633
-0.364910
-0.014679
0.985473
-0.584094
-0.281838
0.857173
-0.725883
0.047212
0.300272
0.020112
0.177404
-0.710562
0.490768
-0.229347
0.380413
-0.301126
-0.947569
-0.930662
0.567125
0.384991
-0.528916
-0.119053
0.046297
-0.755364
-0.186010
-0.580065
0.799432
0.012482
-0.835627
0.085360
0.732963
-0.869320
-0.335490
-0.594165
-0.522935
-0.582751
-0.238441
0.567980
-0.150731
0.985229
0.094150
0.368328
-0.741630
0.433576
-0.774285
-0.586108
0.156713
-0.584155
-0.913938
-0.243812
0.997925
0.535386
-0.503464
0.823542
0.412397
-0.278787
-0.552599
0.469405
-0.428327
-0.429487
0.208533
0.857356
0.611621
-0.276589
0.550157
0.239662
0.808893
-0.557787
-0.288553
0.743461
-0.330363
0.673879
-0.645863
-0.972777
-0.346660
0.001251
-0.099338
-0.842036
-0.555773
-0.943724
-0.723258
0.781182
-0.896176
-0.027497
-0.597644
-0.732047
-0.966491
0.811884
-0.250038
-0.141087
0.403974
0.202857
-0.205115
-0.136937
-0.170324
-0.165746
-0.732658
-0.598193
-0.689383
0.994079
0.618213
-0.416059
0.372539
0.879086
-0.894345
-0.328227
-0.811823
-0.549059
-0.479781
-0.403790
-0.822993
-0.289712
-0.820124
-0.658437
0.831782
-0.114292
0.880734
-0.353191
-0.029633
-0.432295
-0.269509
0.363872
0.085665
-0.428999
0.302896
0.603626
-0.914243
-0.297769
-0.876705
0.154393
-0.542283
-0.884884
0.405805
0.243141
0.908811
-0.070650
-0.229774
-0.053743
0.787774
-0.116428
-0.353984
0.261330
0.904782
0.411115
0.723685
-0.006439
0.769829
-0.667470
0.852168
0.057649
-0.322123
0.374920
-0.644581
0.386700
-0.461409
0.362651
0.165685
0.125217
0.651296
-0.591968
-0.095492
0.973998
0.908139
0.014435
-0.168615
-0.199561
0.825556
-0.117893
0.170568
0.120762
-0.520554
0.258889
-0.354045
0.696402
0.875668
-0.138401
-0.162389
0.600574
-0.878658
-0.159154
-0.168126
-0.544908
0.937254
0.437727
-0.563829
-0.999084
0.862911
-0.371990
-0.782098
0.771355
-0.130589
-0.376995
0.439924
-0.699026
-0.211707
-0.347880
-0.913388
0.593677
-0.640553
0.600879
0.032380
0.434553
0.367534
-0.365947
0.691397
0.616077
0.335429
-0.234901
-0.341044
-0.657582
0.756523
0.605152
0.370769
0.017792
0.668081
-0.994079
0.729057
0.320170
-0.556017
-0.799127
-0.223060
0.414716
0.316568
-0.413739
-0.907468
0.979614
-0.643666
-0.925962
0.073763
-0.171545
0.710868
0.976073
0.482833
-0.476302
-0.780267
-0.042756
-0.873592
-0.583911
-0.850459
-0.036958
-0.954527
0.749260
-0.737724
0.337260
-0.946532
0.150121
0.125523
-0.142186
0.432051
0.543565
-0.775994
0.224586
-0.615406
0.324992
-0.779901
-0.290872
-0.696768
0.456221
-0.249062
-0.199072
0.026460
-0.268899
-0.274819
-0.694754
0.140294
0.301309
0.439192
0.381390
-0.422956
0.220374
-0.120762
0.849422
-0.294595
0.863521
-0.629749
-0.599841
0.956053
0.280190
0.439802
-0.071749
0.010407
-0.673635
-0.528245
-0.331034
0.184668
-0.679373
0.629200
-0.182165
-0.486557
0.664785
0.658925
0.535203
0.577990
0.335795
0.126743
0.252235
-0.183569
-0.922605
-0.529038
-0.268166
0.550707
-0.475448
-0.575121
-0.516099
0.651906
0.486801
-0.366070
-0.740654
0.123630
-0.040071
-0.378765
-0.675344
0.700064
0.011689
-0.426740
0.569933
0.599231
0.492721
0.180090
0.415815
-0.503159
0.755913
0.492538
-0.969848
-0.397992
0.462569
-0.121738
-0.480026
0.645985
-0.541246
-0.727042
-0.419172
0.001801
0.858211
-0.121006
0.462813
0.346599
0.170629
-0.173254
-0.510483
-0.639637
0.784906
0.009919
-0.990295
0.646962
-0.667959
0.466536
-0.019745
-0.671499
0.938597
0.016449
-0.621876
0.948180
0.958800
-0.253090
-0.658864
0.555956
-0.062410
-0.439192
0.328776
-0.410993
-0.396832
0.017914
-0.971801
-0.568346
0.658376
0.846675
-0.265664
0.796991
0.769097
-0.624134
-0.768365
0.993652
0.074007
-0.902524
-0.073885
-0.440291
0.680960
-0.189489
0.061251
0.783929
0.575854
-0.468978
-0.156407
0.490951
0.533616
0.648671
0.053743
-0.541063
0.110446
-0.597400
-0.290872
-0.320536
0.036836
-0.721488
-0.457320
-0.303751
-0.710257
-0.346294
-0.949400
0.857173
0.499496
-0.391522
-0.142369
0.557054
-0.816767
0.195349
0.940184
-0.634510
0.343364
0.452742
-0.349223
-0.865780
0.503525
-0.887875
0.202429
0.688101
-0.263588
-0.078097
-0.824152
-0.776238
-0.448775
-0.091830
-0.961486
-0.261513
-0.056795
-0.068758
0.930601
-0.915891
0.544786
-0.950011
-0.301248
-0.239662
-0.350017
0.029206
-0.913022
0.236244
0.015168
-0.671865
0.640858
0.167150
0.856014
0.157201
-0.572130
0.801630
0.520066
-0.629994
0.935850
-0.238624
0.026948
-0.190283
-0.641774
0.972106
-0.943968
-0.944334
0.951476
0.333598
0.174352
0.377606
-0.439863
0.683157
-0.972839
0.649770
-0.233375
-0.596057
0.614429
0.561998
-0.958312
-0.541673
-0.753716
0.993835
0.747917
0.220069
-0.722648
-0.643178
0.871761
-0.482162
-0.629383
-0.380779
0.871029
-0.816034
-0.607837
-0.276528
-0.126133
-0.915036
0.236488
-0.230323
-0.023896
0.910886
-0.226905
-0.711295
-0.078280
-0.169347
-0.601794
-0.934507
-0.164281
-0.756279
-0.604602
-0.028169
0.670339
0.871700
-0.179052
0.931394
-0.975951
-0.371075
0.085910
0.168554
-0.637928
0.928465
-0.731681
-0.259621
-0.106723
0.323283
-0.450728
-0.880612
-0.322977
0.790277
-0.555773
0.517258
0.222755
-0.365764
-0.294595
0.265542
0.009125
-0.272439
0.897092
-0.752556
-0.686636
-0.288247
0.527451
0.645558
0.709647
0.516037
0.140904
-0.454817
0.504990
-0.505417
-0.906003
-0.961791
-0.909848
-0.887082
-0.687490
0.214270
0.537278
0.027314
-0.533006
-0.968383
0.636647
-0.026032
-0.652333
-0.214209
0.934019
-0.135716
0.551439
-0.352031
0.167089
-0.764885
-0.746452
-0.029206
-0.980224
0.247475
0.566881
-0.782525
0.651173
-0.224158
0.107517
-0.431013
0.904660
0.538194
0.195471
-0.789727
-0.613147
-0.532456
-0.568163
-0.731254
-0.700858
0.821345
0.748100
-0.442305
0.767876
0.082430
-0.665517
0.489669
0.024751
-0.832331
0.354411
-0.303079
0.674001
0.784295
0.059908
-0.529466
0.962096
0.096652
0.374676
-0.521836
0.946593
0.168004
-0.809687
-0.588977
-0.227393
0.647877
0.835994
0.341350
-0.403668
-0.484664
-0.252052
-0.972228
0.918027
-0.293985
0.852351
0.573046
0.637074
0.769036
-0.960326
0.391705
0.587573
0.316385
-0.570910
0.386517
0.497909
0.536058
-0.652944
0.211768
0.094455
0.019623
-0.059114
-0.516953
0.497665
-0.361126
-0.169836
0.786981
-0.757927
-0.045442
-0.492538
0.779412
-0.085177
-0.179174
-0.186804
-0.882260
0.626087
0.382305
-0.782525
-0.937193
-0.334147
0.263527
0.342143
-0.122105
0.885311
0.742119
0.055330
0.577807
-0.053743
0.984008
-0.308695
0.117832
-0.360027
0.238136
0.577136
-0.609729
0.568468
-0.667653
0.725883
-0.800836
-0.206458
