0.584338
-0.403790
0.524583
0.715690
-0.237526
0.081149
0.680837
-0.494125
0.190283
0.701712
0.491562
-0.205359
0.328959
-0.432661
-0.691092
-0.268471
0.097201
0.404035
-0.289407
0.549425
-0.615223
0.075045
-0.803949
-0.929624
-0.936033
0.364299
0.670400
-0.128880
0.022858
-0.487838
-0.966491
-0.031770
0.750969
-0.156529
0.483077
0.061739
0.885067
-0.143406
-0.796381
0.234962
0.585803
-0.061678
-0.932432
-0.301126
-0.165502
-0.445784
0.501205
0.150853
0.511521
0.182043
0.227577
-0.403241
0.500046
0.151769
0.205542
0.359172
0.729423
-0.285318
-0.451033
-0.795587
-0.368938
0.662465
-0.664418
0.305216
0.903806
0.980590
0.182958
-0.175573
-0.238258
0.244667
-0.090609
0.158971
0.734306
-0.527757
0.281899
0.314615
-0.593127
-0.402326
-0.597888
0.725761
-0.384503
-0.912107
-0.733451
0.366680
0.581225
0.543199
-0.413190
-0.495346
0.168004
-0.005219
0.116428
-0.344096
0.730583
-0.781976
0.372967
0.520066
0.927549
0.464278
0.705313
-0.619312
0.127537
0.618152
-0.366802
0.228675
0.308206
0.573534
-0.157567
-0.055818
-0.173681
-0.732597
0.198035
-0.659780
-0.424055
0.103183
-0.819575
-0.769646
-0.405744
0.310831
0.413617
-0.184362
0.235939
0.006500
0.687307
0.841426
0.599353
0.326884
-0.148228
0.353801
-0.605884
0.165319
-0.830683
-0.439375
0.928892
-0.403851
-0.903806
-0.977721
0.424482
-0.957579
-0.132420
-0.045503
0.653249
0.973632
-0.743278
-0.613025
-0.407025
0.025544
0.288003
0.292398
0.171728
-0.283242
-0.331278
-0.189856
0.905454
0.939451
-0.202124
0.773675
-0.683584
0.007538
0.121677
0.791253
0.755058
-0.938108
-0.830195
-0.380047
0.371258
0.406232
0.139378
-0.814203
-0.879940
0.675893
0.628834
-0.250343
-0.555040
-0.149083
0.391461
-0.387555
-0.661428
-0.632435
-0.967956
-0.073580
-0.817011
0.988952
-0.650990
0.415693
-0.962035
-0.847468
-0.419172
0.416913
-0.236854
-0.838435
-0.796503
0.112827
-0.334635
-0.331462
0.598743
-0.677541
0.129734
0.129368
0.820246
0.909665
0.296121
0.475021
-0.775323
-0.632008
0.842830
-0.483505
0.207312
0.991272
-0.137181
0.018281
0.519822
-0.416181
-0.963073
0.778680
-0.562426
0.850093
-0.353984
0.861812
0.399030
-0.281838
-0.330241
0.714896
0.278237
0.666555
-0.474227
0.525620
-0.359355
0.610950
0.032991
0.116245
-0.942015
0.022065
-0.008881
-0.290689
0.927610
0.551439
0.070345
-0.934324
0.969665
0.481491
-0.083468
0.708243
0.981994
0.387371
0.140599
-0.672170
0.891903
-0.249489
-0.667470
0.504990
-0.223670
-0.586474
0.393170
0.424360
-0.401288
0.728324
-0.883847
-0.571947
-0.927610
-0.532456
-0.798334
0.976012
-0.812189
0.753349
0.102756
0.862789
-0.362896
-0.227332
-0.925413
0.670827
-0.486801
0.731376
0.296365
0.399701
-0.337382
0.950194
0.804071
-0.147313
0.244789
0.792779
-0.656301
-0.756584
-0.899167
0.522019
0.220252
-0.030732
0.973937
0.910215
-0.460250
0.423200
0.856197
0.933409
0.848994
-0.522935
-0.284585
0.625172
0.097812
0.406537
0.808527
-0.011689
-0.783319
0.950499
0.658010
-0.616321
0.215369
0.571947
-0.465438
0.346416
0.059175
0.098239
-0.054415
0.405133
0.816950
0.508652
-0.377178
0.967162
-0.454512
-0.957091
0.030061
0.189062
-0.373760
0.839228
0.253334
-0.581286
0.733573
0.213965
0.042451
0.997864
-0.523789
-0.652272
-0.418134
0.027497
-0.161657
-0.587756
0.503708
-0.872799
-0.968627
-0.809076
0.802728
-0.854976
-0.798761
-0.068331
-0.341594
-0.595874
-0.597949
-0.667348
-0.383526
0.301187
0.945921
-0.364299
0.781243
-0.673940
-0.551622
0.051546
0.063509
-0.427961
0.528062
-0.119419
-0.606738
-0.548082
-0.946837
-0.837764
-0.324503
0.702811
0.790948
0.210547
0.695181
0.028291
-0.992553
0.375469
0.303446
-0.322245
0.190771
-0.874996
-0.706961
0.946593
0.985839
0.529893
-0.367229
0.405316
0.790094
0.925108
-0.845332
0.285867
0.056429
0.874142
-0.554186
0.223853
-0.981628
-0.092013
0.887936
0.333659
-0.822199
-0.759697
0.411542
-0.572558
-0.893979
0.810480
0.069552
0.634693
-0.534043
-0.643239
0.136814
-0.854793
0.939207
0.983154
-0.727409
-0.309488
-0.762078
-0.605945
-0.160985
0.598865
-0.632374
0.294046
0.258950
0.486740
0.661611
0.655385
-0.153905
0.813166
-0.088168
0.227577
0.656545
-0.393231
-0.463790
0.183996
0.837825
0.626148
0.824763
-0.950316
0.959288
-0.392132
0.846797
0.468062
0.556444
-0.500595
-0.092257
0.515183
-0.650319
0.069369
0.469893
-0.322489
-0.124058
0.469527
0.896970
0.341655
0.251320
0.969787
0.292764
0.622547
-0.242347
0.555406
-0.665090
0.650441
-0.988220
0.667898
-0.968688
-0.183081
-0.565172
-0.805780
-0.884396
0.950621
-0.296793
-0.832453
-0.688589
0.074984
-0.609546
-0.970153
0.259316
-0.254067
-0.106662
-0.397076
0.176000
0.782586
-0.662404
-0.580004
-0.584948
-0.744072
-0.139256
-0.156957
0.208594
-0.085116
0.011261
-0.945799
0.541856
0.091586
-0.777764
-0.587024
-0.792474
0.399091
-0.790704
-0.945677
0.109348
-0.565172
0.001312
-0.806269
-0.704703
-0.128574
-0.943541
0.741752
0.792962
0.715506
-0.126194
0.458357
-0.516892
0.108737
0.226173
0.121372
0.811518
0.991272
-0.266030
0.828364
0.642201
-0.095614
-0.742912
0.243629
-0.042268
-0.808832
-0.652882
0.143345
-0.815851
-0.241127
0.209449
0.299661
-0.389691
0.931028
0.639515
-0.177831
0.104465
0.091891
0.180517
-0.829096
0.994079
-0.365337
-0.640126
-0.967650
-0.857356
-0.945067
0.462386
-0.418989
-0.382122
-0.637013
0.942808
-0.734184
0.443525
0.217750
-0.434065
-0.927427
-0.790155
-0.850459
-0.746330
-0.398236
0.564806
-0.232704
-0.939817
-0.994629
-0.466659
-0.616932
-0.504440
-0.381207
0.257973
-0.060823
-0.781121
0.264138
0.495041
0.210425
0.735466
-0.101169
0.531541
-0.051607
-0.147618
-0.397931
0.898923
0.928037
0.632740
-0.925718
0.179601
0.209082
0.111301
0.205054
-0.895993
-0.403974
-0.089694
-0.904782
0.870296
-0.358562
0.348552
-0.306253
-0.102695
0.238868
-0.079134
0.733146
0.527879
-0.731132
-0.772881
-0.506943
0.260231
-0.915647
-0.994018
-0.007660
0.454878
-0.229652
-0.580248
0.360027
-0.753594
-0.958190
0.012238
0.843318
0.709098
-0.959227
-0.548509
0.414777
-0.849666
0.898740
-0.931700
-0.447798
-0.497360
-0.256081
-0.430403
-0.041231
0.591784
-0.162938
-0.745720
0.369976
0.137181
0.764824
-0.085116
-0.621143
0.487472
-0.048250
0.571276
-0.532640
-0.096713
-0.011994
-0.478317
-0.371380
-0.780206
-0.804743
-0.080660
0.841426
0.467574
0.225745
-0.937925
0.346721
-0.958678
-0.192724
-0.583300
-0.472518
-0.032014
-0.380291
-0.842158
-0.086093
-0.599902
-0.106479
0.571398
-0.152623
-0.172216
0.255287
0.882565
-0.082858
0.473922
-0.347453
0.971801
0.679739
-0.123325
-0.357646
-0.423566
0.127232
-0.803095
-0.817377
-0.592700
-0.307352
0.628224
-0.293619
-0.124668
-0.147984
0.475509
-0.535630
-0.419294
-0.138157
0.209632
-0.304056
0.673452
0.950987
0.954100
0.284097
-0.952879
0.536302
0.524522
-0.265908
-0.573840
0.891354
0.025605
0.694571
-0.650746
-0.440352
0.189184
-0.594104
-0.383404
0.763848
0.425153
-0.613086
0.677786
0.495895
-0.430525
0.346721
0.906247
-0.841487
-0.915525
0.771294
0.809259
-0.026887
0.582873
0.838069
-0.175878
0.774407
0.730033
0.632374
0.827570
0.079684
0.961425
-0.578906
0.297647
0.340617
-0.503098
0.003937
0.305643
0.440474
-0.006745
-0.134434
-0.457564
0.894528
-0.512741
-0.048799
0.933287
-0.639088
-0.065340
-0.021943
-0.765923
-0.987609
0.810541
-0.479110
0.583483
-0.763970
-0.611560
0.646107
0.240150
0.687246
0.676321
0.729911
0.293008
0.359416
0.053987
-0.909970
-0.926817
-0.054781
-0.417890
-0.201575
0.394696
0.260353
-0.740165
-0.226478
-0.471541
0.977111
-0.023041
0.932676
0.064425
-0.762200
0.728507
0.947020
-0.755242
-0.946471
0.461043
-0.664174
-0.944639
-0.903378
0.719718
-0.586108
-0.524949
-0.287027
0.169713
0.382122
0.325236
-0.960570
-0.389569
-0.811945
0.776666
-0.668630
0.508286
-0.812067
0.956542
-0.028962
0.174596
0.666494
0.686331
0.451094
-0.180761
-0.952818
0.260781
-0.640919
-0.524644
-0.455061
0.132237
0.554064
-0.200659
0.522752
0.031831
-0.708426
-0.190283
0.167760
-0.053072
0.083163
-0.783441
-0.504868
-0.748589
-0.102451
0.570605
0.291360
0.181433
0.161351
0.511032
0.123875
0.773797
-0.677175
-0.475326
0.861812
-0.092990
0.551866
0.920713
0.546556
0.518113
0.943968
-0.894162
0.708182
0.920774
0.634571
-0.110141
-0.640309
0.026093
0.371014
-0.002106
0.607654
0.929624
-0.982910
0.346965
-0.398236
-0.453413
-0.413495
-0.707938
-0.618397
0.472823
-0.686758
0.440535
-0.819575
-0.653005
0.920225
0.180456
-0.104770
-0.731498
0.637745
0.802301
-0.634388
-0.166784
-0.720023
0.497665
-0.806635
0.950438
0.678762
0.588977
0.486251
-0.220008
-0.273904
-0.484420
0.030610
-0.254555
-0.544786
-0.889950
-0.183569
0.160741
0.874264
0.854549
0.741081
-0.143162
-0.003937
-0.311563
0.718131
-0.326456
-0.107089
-0.935667
-0.409101
0.900693
0.526292
0.973571
-0.933348
0.672720
-0.178503
0.286416
0.942991
-0.497482
0.192053
-0.443831
0.810114
-0.948912
0.555528
0.536241
0.436445
0.445479
-0.180639
-0.167150
0.083712
-0.075900
0.951170
-0.400250
-0.363262
0.000702
-0.752129
0.013215
0.571154
0.175024
-0.113926
0.123936
-0.773064
-0.810724
-0.322062
0.085665
-0.393048
-0.045503
-0.647206
0.944884
0.377606
0.184912
0.079440
0.775140
0.902036
0.860714
0.955870
-0.404096
0.116916
0.909421
-0.440229
0.113315
0.710990
-0.284158
0.144566
0.900571
0.662160
-0.387555
-0.332560
0.455061
0.487289
0.831538
-0.554125
-0.598621
0.261879
-0.243263
-0.489975
-0.528916
-0.178137
0.873592
-0.034516
0.332438
0.464888
-0.124363
-0.541673
0.561693
-0.052095
0.135289
0.624073
0.091830
-0.389264
-0.419294
-0.591479
-0.916623
-0.943785
0.327982
0.993591
-0.916807
-0.248146
-0.036409
-0.844050
-0.300455
0.493820
-0.198035
-0.834712
-0.913938
0.237220
-0.626209
-0.482101
0.800287
-0.501755
-0.450728
0.163610
0.082492
-0.472091
-0.582873
-0.614673
-0.709342
0.299905
0.191748
-0.541795
-0.693838
0.333842
-0.502548
-0.050447
-0.467086
-0.910520
0.989380
0.655568
-0.073214
0.956359
-0.288491
0.790033
0.493210
-0.842036
0.854671
0.256752
-0.202551
0.274941
0.888607
0.521104
0.511887
-0.189489
-0.192602
-0.293374
-0.299112
0.490463
0.312906
-0.495407
0.421125
0.660451
-0.797418
0.234657
0.367962
-0.659780
-0.250038
0.655629
0.188818
0.638478
0.203284
-0.162755
0.687918
0.456526
-0.042695
0.761101
0.534410
-0.163366
0.218848
-0.416181
-0.595874
-0.460921
0.083895
-0.040315
-0.801325
-0.278603
0.238197
0.160985
0.927976
0.298013
0.193457
-0.410749
-0.921445
0.603626
0.861995
-0.810053
0.598498
-0.156529
0.531175
0.054781
0.173437
0.964599
0.097079
-0.070650
0.491440
0.380352
0.083346
-0.046419
-0.156041
0.414594
0.249245
-0.319559
0.909116
-0.747185
0.449446
-0.469527
0.757500
0.312235
-0.246254
-0.806207
-0.713492
-0.834284
0.470870
-0.030427
0.165685
0.657460
0.116062
-0.837214
0.393170
0.117954
0.908139
0.992676
-0.341166
0.870235
0.484481
0.572497
-0.738762
-0.494552
-0.003021
0.048433
-0.046724
0.696402
0.079562
-0.289163
0.937803
0.819514
0.089084
0.866634
-0.379376
-0.363262
0.276406
0.976318
-0.563829
0.870724
0.862911
-0.371990
0.027070
-0.299295
-0.279092
-0.035249
-0.922666
0.032258
0.224281
-0.535325
-0.554918
0.913083
-0.213294
0.643422
-0.778558
0.828852
-0.869930
0.391644
-0.718497
0.225990
-0.255104
0.295633
0.636097
0.373882
0.249062
0.050691
-0.813410
-0.095614
-0.450789
0.156896
-0.512436
-0.675588
-0.623646
-0.799127
0.477889
-0.922422
-0.898984
0.265297
-0.566820
0.363933
0.300882
-0.925962
0.552293
-0.565661
0.036531
0.631336
0.000397
-0.386151
0.051912
0.258339
0.001251
0.350017
-0.850459
0.173437
0.772759
0.017731
-0.683279
-0.333110
-0.946532
-0.556444
0.823542
0.479476
0.768609
0.693289
-0.185522
-0.933409
0.442183
-0.993530
0.882076
0.033174
0.585498
0.046175
0.907285
0.184057
0.462569
-0.881344
0.241127
-0.036836
0.140294
0.340495
-0.716300
0.929136
0.377056
-0.568041
-0.495285
0.789117
0.612476
0.860897
0.251503
0.351421
0.662343
-0.095553
0.478805
-0.235633
0.174169
-0.573473
-0.528245
-0.529099
0.018036
-0.873714
0.340373
0.786187
0.626637
-0.400311
0.952818
0.121006
0.566088
0.677969
0.804254
-0.635426
-0.916929
0.450423
0.554003
-0.200781
0.550707
0.251625
0.662343
-0.086520
0.632801
-0.700064
-0.076205
0.522568
0.495651
0.055818
0.438765
-0.993103
-0.553697
0.908689
0.464217
-0.322611
0.054720
0.633961
0.133091
-0.600574
0.485824
-0.172033
-0.934751
0.375896
-0.221778
0.994690
0.908444
0.738151
-0.507614
0.882260
0.311014
0.548936
-0.313334
-0.398968
-0.121006
-0.083956
-0.959838
-0.986572
-0.005585
-0.510483
-0.000336
0.821589
0.371075
0.240638
0.818598
0.189550
0.107517
0.688955
0.370464
-0.156224
-0.679922
0.701468
-0.011322
0.330058
-0.796564
0.234046
0.143223
-0.380230
-0.743034
0.922239
0.538560
0.747063
-0.131687
-0.691885
-0.833186
0.880734
0.496506
-0.161657
0.830927
-0.923887
0.392743
-0.768365
-0.159825
-0.033540
-0.256508
0.173132
-0.061495
0.706229
0.158300
0.299539
0.275307
0.785272
-0.383465
-0.375408
-0.193579
0.254128
-0.694327
0.686758
-0.863887
0.105564
-0.740410
0.841426
-0.236305
0.094821
-0.131382
-0.725150
-0.308390
-0.225135
-0.108554
-0.679128
-0.182714
-0.983215
-0.984069
-0.252663
-0.547472
-0.103000
0.123386
-0.119968
-0.275063
0.702811
-0.651357
0.231178
-0.063448
-0.594470
-0.314310
-0.156407
0.904721
0.648061
-0.078097
0.368145
-0.943602
0.439558
-0.766778
-0.675344
0.550951
0.654897
-0.883908
-0.640553
-0.621754
0.544786
-0.294595
-0.519150
-0.950743
-0.986572
-0.213294
-0.567431
-0.025605
-0.865780
0.228004
-0.436689
0.473739
0.082369
0.157201
-0.130528
0.936460
0.501877
0.309977
0.935850
-0.012055
0.002777
0.743767
-0.780206
0.029145
-0.642323
-0.071566
-0.011200
0.176672
-0.015168
-0.164953
0.983215
0.683157
-0.049715
-0.243873
0.468978
-0.897458
0.055513
0.898007
0.585253
0.144383
0.623280
-0.912351
0.667531
0.144017
-0.749016
0.871395
-0.273476
-0.739128
-0.831294
0.567675
-0.050020
-0.747795
-0.752373
-0.404828
-0.341533
0.908994
-0.154942
-0.522813
-0.365215
-0.977233
-0.842463
0.422956
0.098849
-0.867122
0.235084
0.314249
0.271706
-0.147923
-0.604602
-0.028169
-0.010529
0.574572
-0.100497
-0.899411
-0.458357
0.646718
0.971679
-0.494491
-0.847224
-0.527757
0.461104
-0.844600
-0.571825
0.323283
0.541368
-0.798822
0.989563
0.800104
0.296915
-0.078280
-0.016877
-0.812494
0.422468
0.712760
0.394391
0.213660
-0.988586
-0.079257
-0.958495
-0.289285
0.126133
0.626453
0.898801
-0.048189
-0.554125
0.285134
-0.146519
0.332743
0.250710
0.367901
0.576464
-0.596484
0.063753
0.398907
0.358989
-0.523423
-0.280862
-0.387310
0.347942
-0.893368
0.656850
-0.945921
0.203162
0.258644
0.186560
-0.672292
0.167089
-0.490768
0.520127
-0.374981
-0.737724
0.538743
-0.645192
-0.029206
0.474410
-0.834712
-0.794855
0.682119
0.905210
0.719840
0.195471
0.969481
0.077303
-0.361675
-0.408673
-0.870113
-0.430464
0.821345
0.096835
0.564806
-0.413862
-0.688467
0.103366
0.974548
-0.973022
-0.405011
0.340983
-0.208533
-0.860042
-0.166051
-0.274697
0.908933
0.722037
0.766228
-0.771905
-0.394513
-0.283731
0.217627
-0.761345
-0.336650
0.452376
-0.345439
0.835994
-0.443037
0.824946
-0.345805
-0.130222
-0.072726
-0.424360
0.436323
0.067415
-0.456221
-0.650563
-0.799310
0.278481
-0.978515
-0.845149
-0.347392
-0.512131
-0.720206
-0.136814
-0.064852
0.879879
0.211768
-0.853267
-0.166540
-0.926756
-0.997803
0.914731
0.221107
0.727836
0.714103
0.750359
-0.541429
-0.113071
0.643788
-0.524644
-0.766167
0.663076
-0.882260
-0.921140
-0.293313
-0.378460
-0.937193
0.184851
-0.113559
0.610401
-0.290689
0.617420
-0.332560
-0.564440
0.668630
0.758599
-0.156529
0.364177
0.568041
0.867122
0.544725
-0.937193
-0.013764
0.311014
0.829768
-0.788629
-0.044038
-0.206458
