0.300089
0.939024
-0.974181
0.890194
-0.670644
-0.721305
0.539964
-0.166967
-0.948607
-0.316019
-0.779229
0.000031
0.879086
-0.805658
0.928587
0.927488
0.600635
0.082064
0.602832
-0.257912
0.429792
0.420148
0.178747
0.620716
-0.972411
-0.684500
0.238685
-0.904172
-0.498825
0.784417
-0.579455
-0.895566
-0.874020
-0.710074
0.767632
-0.539476
-0.098666
0.327799
0.876095
-0.498459
0.499374
0.827570
-0.872555
0.462264
-0.828181
0.683340
-0.399152
-0.426984
0.176122
-0.274514
-0.155858
-0.340251
-0.368999
-0.553148
0.118137
0.964171
0.930357
-0.205298
-0.913877
-0.915586
0.580432
0.341838
-0.856136
0.403790
0.759148
0.149266
-0.823725
0.309671
-0.236427
-0.367351
-0.857540
0.834101
0.165441
0.745170
0.908628
0.838374
0.360088
0.789178
-0.069002
-0.016266
-0.696219
0.169469
0.312601
-0.990661
0.597522
-0.599475
-0.781732
-0.703726
0.225135
0.998779
0.404828
0.528977
-0.438887
0.339457
-0.886959
0.266335
0.984985
0.164342
-0.612781
0.236549
0.731376
-0.352153
-0.039338
-0.834101
-0.839656
-0.678457
-0.783074
0.956236
-0.546373
-0.157750
0.954405
0.021455
0.898129
-0.829585
-0.085482
0.598071
0.161473
0.095370
0.682546
-0.505295
-0.720267
0.367168
0.774957
-0.489914
0.020966
-0.067904
0.363689
-0.879391
0.576891
-0.209632
0.968749
0.079501
-0.853328
-0.612903
-0.040620
0.312235
-0.542161
0.735160
-0.527390
0.584521
0.014679
0.278665
-0.855708
0.610462
0.686209
0.047212
-0.832942
-0.704520
-0.447127
-0.292398
0.166906
0.894162
-0.725761
0.816950
-0.128391
-0.242897
-0.747795
0.836970
0.243995
0.291360
0.571032
-0.659169
0.582263
0.739494
0.021210
-0.276772
0.552904
-0.474715
0.499252
0.726554
0.589404
0.952208
-0.437056
-0.903073
0.005097
-0.262490
0.169591
-0.797967
-0.047456
-0.146641
0.187963
0.276894
0.121006
-0.038179
0.040315
-0.449263
0.234718
0.177892
0.791803
0.495651
0.587512
0.476852
-0.856807
-0.390362
-0.534959
0.574633
-0.175817
-0.378094
0.520432
0.557604
-0.124668
-0.391888
-0.478439
-0.483505
-0.563097
-0.141942
-0.646352
0.452132
-0.185705
0.515976
0.763970
-0.192358
-0.226356
0.204627
0.064364
-0.392193
0.866512
0.653188
-0.083651
-0.677480
-0.679373
0.265114
0.848506
-0.851924
0.200598
-0.112766
-0.799738
0.426435
0.305948
-0.917722
-0.445967
0.599109
0.027558
-0.781915
0.717399
-0.490280
0.753655
-0.669118
-0.680593
-0.162633
-0.004730
0.558214
0.675588
-0.325907
0.241615
0.005097
0.831111
-0.540513
0.887020
0.655934
0.388165
0.083834
0.784722
-0.964537
-0.168493
0.310343
-0.564745
-0.038728
0.277078
-0.173193
0.561022
0.282754
-0.843013
-0.191565
0.194311
0.502731
-0.607898
0.469955
-0.548997
0.398602
-0.332316
0.153294
0.754509
-0.224647
0.824580
0.752800
0.732963
0.754936
-0.308817
0.206885
0.693167
0.114231
-0.727287
0.347087
0.028047
0.270730
-0.038301
-0.901425
-0.809931
-0.818110
-0.911008
-0.245705
-0.504135
-0.633290
0.544908
-0.593066
-0.171972
-0.027802
-0.065767
0.898190
-0.720450
0.349345
-0.817499
0.551073
0.272256
0.102573
0.725822
-0.924131
0.290567
0.093234
0.227210
-0.397687
-0.472396
0.454268
0.003204
0.603015
-0.154271
0.525193
0.149815
0.041475
0.660939
-0.361553
-0.545518
-0.917234
-0.935789
-0.647755
0.297403
-0.814325
0.488510
-0.348979
0.602222
-0.238014
-0.203162
-0.760430
0.339946
-0.424421
0.573168
-0.570116
-0.424482
0.670522
0.125645
0.991882
-0.669546
0.460860
-0.554369
-0.874203
0.993164
-0.767144
0.292398
0.866634
-0.381146
-0.262551
-0.065706
0.275674
-0.903867
0.180273
-0.503952
-0.310282
0.185583
-0.031709
0.253517
-0.835505
0.130711
0.137059
0.164769
0.818171
-0.094882
0.937559
0.324870
-0.385052
-0.019074
0.994934
-0.762749
-0.589404
0.219459
0.659902
-0.276040
-0.784112
-0.948424
-0.061617
0.064364
0.291299
-0.095431
0.857479
-0.403912
0.661550
0.050020
-0.966247
0.603504
-0.575488
0.226783
0.686148
-0.509934
0.477035
-0.875546
-0.906796
-0.403058
-0.774957
0.809626
0.712333
0.406415
0.476608
0.549547
-0.229835
-0.807855
0.468307
0.403241
0.710746
0.316324
0.613758
0.300150
0.311869
-0.882382
0.626942
-0.746330
0.283792
-0.485397
-0.780755
-0.930723
0.161290
-0.643422
-0.528611
0.136265
-0.697195
0.752800
-0.029084
0.848994
-0.191565
0.352947
0.838496
0.695730
0.404157
0.648366
-0.223548
0.013703
-0.107944
0.354717
-0.197790
-0.214637
-0.098422
-0.776482
-0.827876
0.732841
0.551073
-0.641041
-0.178014
0.984313
0.034700
0.057283
-0.888424
0.112705
-0.280557
0.307657
0.080294
-0.136143
0.352031
0.128086
-0.651540
-0.068331
-0.488327
-0.467757
0.839900
0.238990
-0.140782
0.111667
-0.682485
0.925108
-0.743522
0.603931
-0.392865
-0.691275
0.011689
0.189978
0.272988
-0.583544
0.916257
0.507675
0.050142
-0.481368
-0.809381
0.499252
-0.211585
-0.143895
-0.845576
-0.621021
-0.095431
-0.942930
-0.570116
-0.235145
0.567064
-0.761834
-0.104099
0.408185
0.145970
-0.083895
-0.607532
0.391278
0.747002
-0.283670
-0.579455
0.788690
-0.906247
0.632984
-0.402936
0.197974
-0.267129
-0.260170
-0.269997
0.095309
0.558885
0.864193
-0.105258
0.860836
-0.430464
-0.063265
0.134312
0.305521
0.932920
0.329875
-0.804804
-0.250465
-0.390484
0.996338
-0.889340
-0.581286
-0.299295
0.821711
0.747002
-0.387860
-0.246559
-0.197851
-0.109104
0.564745
-0.246010
-0.995483
0.357768
-0.827692
-0.278237
-0.435347
-0.534165
-0.533738
0.955992
-0.794794
-0.647511
0.075716
-0.140721
-0.695730
-0.383343
0.634632
-0.976989
0.611682
-0.630848
0.231117
-0.812799
0.233924
-0.974975
0.814386
-0.021088
0.825922
0.960326
0.120151
-0.031831
-0.608081
0.688711
-0.320780
0.310160
0.949034
-0.984191
0.469893
0.450056
0.525071
0.307352
-0.554186
-0.462630
0.139317
-0.167943
0.570910
-0.034272
0.220923
-0.684988
-0.273904
-0.450117
0.157018
0.735405
-0.641591
0.975219
-0.708853
0.972289
0.658071
0.565294
-0.504379
-0.889523
0.960997
-0.006745
-0.595874
-0.835627
-0.084201
-0.480331
0.269509
0.416669
0.542344
0.193396
0.967528
-0.971252
-0.002411
0.475570
0.688833
-0.399335
-0.226539
0.657216
0.261391
-0.994934
0.752373
0.317301
-0.550035
-0.859920
0.092929
0.831965
-0.178930
0.381817
0.825312
0.993347
0.710318
0.533006
-0.598682
0.360515
0.069674
-0.596484
0.353008
0.646901
-0.647023
-0.966002
-0.476241
0.866634
-0.035737
0.115024
0.636586
0.885067
0.991577
0.241188
-0.239479
0.471297
0.312967
0.525437
0.698294
0.410016
-0.571764
-0.508042
0.208594
0.877438
0.062899
-0.821589
-0.995911
-0.554430
0.661733
-0.496078
0.168249
0.211280
0.932127
-0.889706
-0.118076
0.636586
0.145054
0.488205
-0.704825
-0.203772
0.847591
0.862850
0.535325
-0.114109
-0.706473
0.019379
-0.595264
-0.491928
0.888424
-0.223304
-0.482406
0.848384
-0.757744
-0.237770
0.291787
-0.147740
0.472457
-0.540147
0.694998
-0.825983
-0.145665
0.448042
0.532273
0.224830
0.847285
0.272011
-0.793756
0.523179
-0.021699
-0.898618
-0.248207
-0.647694
0.840876
-0.029206
-0.089145
0.357280
0.956114
0.516648
-0.775323
-0.569811
0.560411
0.722526
0.512070
0.045015
-0.619068
-0.941771
-0.258583
0.059725
0.462081
0.381695
-0.789178
0.678945
-0.894955
-0.901669
-0.347636
-0.361187
-0.016327
-0.385907
-0.588427
0.613147
0.497665
-0.168126
0.122410
-0.399213
-0.572497
0.226905
0.565294
-0.205664
-0.316202
-0.686514
0.773247
-0.537217
-0.906735
-0.611438
-0.910154
0.781854
-0.179785
-0.744926
0.769036
-0.634571
-0.339396
0.027070
0.140965
0.012848
-0.456709
0.077486
-0.113742
0.872494
0.427961
0.369121
-0.882076
-0.697684
-0.339335
-0.588305
0.834590
-0.043855
-0.833247
-0.250465
-0.554491
0.514573
0.568041
-0.947020
-0.665761
0.393353
0.806085
0.994324
0.812983
0.030915
0.149510
-0.267373
0.398358
-0.802240
0.283425
-0.047212
-0.440229
-0.142064
0.610950
-0.863216
0.230689
0.462508
-0.843440
0.745598
0.175024
0.370220
-0.262612
-0.782830
0.715323
-0.611927
-0.069918
-0.561876
0.844478
0.065523
-0.598865
0.784906
0.032868
0.745109
-0.336711
0.297647
-0.432478
0.546861
-0.680532
0.638295
0.466048
0.547411
-0.141697
-0.486618
-0.842708
0.752617
0.418500
-0.580004
-0.128391
0.619861
0.092441
0.298318
-0.033052
-0.652455
-0.271950
0.314432
0.007111
-0.056978
0.901608
0.250282
-0.960326
-0.274453
0.258461
0.965026
-0.679128
-0.088595
-0.495285
0.904965
-0.786676
-0.195654
-0.105930
-0.505173
-0.984191
-0.032502
0.435591
-0.109470
-0.778008
0.016205
-0.035615
0.489731
0.717215
-0.003754
-0.370342
-0.095920
0.259865
0.544481
-0.725578
0.413739
-0.234779
-0.351115
0.482162
-0.833247
0.926634
0.155919
0.675161
0.295694
-0.499863
-0.113376
0.679495
-0.038972
-0.577136
-0.743339
-0.075350
-0.068758
-0.675771
-0.426191
0.538072
0.509262
0.995422
0.364360
0.696524
0.620045
0.377422
0.657094
-0.244606
0.640431
-0.993286
0.186193
0.837397
0.392560
-0.142613
-0.324137
0.767937
-0.015168
-0.991638
0.963500
-0.125278
-0.513535
0.590197
0.296365
0.712210
-0.477340
-0.761406
0.524766
-0.225135
0.073397
-0.149815
-0.955382
-0.738884
0.195837
-0.465804
-0.689383
0.950621
-0.560656
-0.569445
-0.276101
0.533311
0.717460
0.023164
0.107639
-0.481002
0.085299
0.963805
0.759026
-0.787042
-0.255043
0.379376
-0.951903
-0.190588
0.772820
0.491440
-0.542711
0.772088
0.835749
-0.715140
-0.975402
-0.228919
0.153539
0.285073
-0.067904
0.172643
0.593921
0.838984
0.500473
-0.268960
-0.370647
-0.083712
-0.766655
-0.091220
0.423750
0.992676
0.398663
0.568285
0.811213
0.058931
0.378033
0.488510
-0.270180
-0.053743
-0.396588
-0.360210
-0.827326
0.649648
-0.184484
0.971313
0.767083
-0.975097
-0.073275
-0.048006
-0.294778
0.527879
0.104892
-0.637135
0.249794
0.722709
-0.445723
0.971374
-0.902341
0.686575
0.650441
0.379559
-0.061922
0.387432
0.220069
-0.118809
0.318339
-0.997864
-0.805963
0.199622
0.504685
0.428205
0.730399
0.863826
0.766717
-0.006500
0.334941
-0.838313
0.884518
0.782525
0.963988
0.568957
-0.675344
-0.710074
0.863338
0.234657
-0.337687
-0.628895
-0.463790
0.451094
-0.934629
-0.594043
0.152623
-0.726737
-0.333781
-0.072909
-0.861751
0.760247
0.065889
0.074129
0.253029
-0.410382
0.741447
0.855464
0.405133
-0.803278
0.691031
-0.972167
-0.618580
-0.241676
0.724174
-0.690542
0.787530
0.603504
-0.735099
-0.898862
-0.429975
0.912290
-0.732963
0.174352
-0.810968
0.981201
-0.041475
-0.934019
0.824335
0.088290
0.336894
0.929380
-0.242775
0.597339
-0.313028
-0.648305
-0.680532
-0.951842
-0.677786
-0.915647
-0.279763
0.494125
0.271035
-0.574206
0.065096
0.556688
-0.062410
0.079440
0.878719
0.246254
-0.471358
0.470626
-0.556139
0.842402
-0.719718
-0.898862
-0.730216
0.968566
0.963683
-0.507920
0.001068
0.284158
-0.512864
0.358196
-0.918638
-0.116123
0.564623
-0.181005
-0.516831
0.895077
0.386639
0.908689
-0.133274
0.783563
0.494858
0.617176
0.127232
0.598498
0.855098
-0.995422
-0.294961
-0.625355
0.990051
-0.343242
0.199805
0.696219
-0.791681
-0.466048
0.372539
-0.793634
-0.731864
0.555589
-0.655507
-0.155614
0.817255
0.345561
-0.250526
-0.539232
-0.111362
0.926389
0.828913
-0.864254
0.458357
-0.327555
0.666555
-0.341594
-0.903562
-0.466597
-0.582080
0.833430
0.413984
-0.880245
-0.557909
0.915098
0.614856
-0.004059
0.328410
0.034944
0.467635
0.400494
0.245766
0.949156
-0.391156
-0.141820
-0.189367
-0.258278
0.290323
0.345073
-0.099460
0.339702
-0.088412
0.909665
0.392438
0.768242
0.866634
0.532579
-0.984741
0.955321
-0.499008
0.411603
-0.611438
-0.476241
-0.958739
-0.356975
-0.722037
0.106235
0.226417
-0.362835
-0.256630
-0.664724
-0.342936
0.871456
-0.867428
-0.236366
-0.215003
0.501999
-0.731437
-0.566393
0.112339
-0.377117
0.236305
0.687490
-0.051668
0.324137
0.056368
0.222510
0.386334
0.458174
0.740776
-0.867733
-0.960814
0.674734
-0.733390
0.244179
0.941588
-0.711356
-0.012848
0.671194
0.657765
-0.458113
0.479293
0.896725
0.958556
0.836421
0.624683
-0.470687
0.864803
0.342265
-0.797357
-0.267739
0.425581
-0.005646
0.020966
0.967040
0.523850
-0.642811
0.490890
-0.492660
0.268715
0.230995
0.918760
0.988525
0.104038
0.611499
0.525742
-0.118137
0.666005
0.010224
-0.574023
-0.041597
-0.298257
-0.516099
-0.704520
0.802240
-0.664357
-0.059359
0.411420
0.452376
0.153539
0.283975
-0.927305
-0.866085
0.764458
0.509140
-0.918882
0.442976
0.635670
-0.270119
0.909665
0.544664
-0.567797
0.445296
0.211524
-0.049165
0.151036
-0.280984
0.556017
0.636586
-0.022675
0.604968
-0.454207
0.659474
0.676870
0.049776
-0.927671
0.589099
-0.509262
-0.272561
0.262795
0.994263
-0.975585
-0.311319
-0.381024
0.494736
-0.160558
-0.251442
-0.194067
0.417158
0.481063
-0.204016
-0.814386
0.450056
-0.953124
-0.985473
0.050691
0.483688
0.485458
-0.196692
-0.796319
0.035615
0.430097
0.548204
0.777276
-0.840693
0.682363
0.929380
-0.215064
-0.705496
0.664418
-0.524949
-0.566515
-0.067049
-0.327433
0.652821
0.375774
-0.395489
0.678274
-0.595935
-0.782037
0.582141
-0.363384
0.436384
0.592944
-0.861080
-0.595996
-0.797052
0.112705
-0.780511
0.101962
-0.172033
0.512314
0.035005
0.879513
-0.185461
-0.594226
0.906186
0.426862
0.266762
-0.791986
0.057283
0.776849
-0.022370
-0.187292
-0.084445
0.020234
-0.245338
-0.458296
0.802484
-0.623951
-0.262001
0.335063
0.251747
-0.425947
0.789300
-0.798700
-0.021516
0.047700
0.316752
0.043123
0.371868
0.536912
0.563768
-0.009674
0.969726
-0.086581
-0.541002
-0.018952
-0.078097
0.041353
-0.530381
-0.633412
-0.496139
-0.514389
-0.273843
-0.651357
-0.255715
-0.201575
-0.832575
0.231910
-0.271828
0.597278
0.267434
-0.725089
-0.864071
-0.266701
-0.093417
0.970336
-0.118686
-0.396527
-0.819025
0.850032
0.355815
-0.355876
-0.903989
-0.262062
-0.553636
0.312052
0.554918
-0.132359
0.382794
-0.403790
-0.875546
-0.998535
-0.917661
0.457320
0.221107
0.039949
-0.076327
-0.760857
0.430708
-0.453597
0.565172
0.039216
-0.571398
0.004242
-0.329264
-0.800470
-0.176305
-0.578112
-0.092074
0.798395
-0.490158
0.940916
-0.190283
-0.857784
0.053316
-0.582263
0.614978
-0.172948
-0.287942
0.696402
-0.985290
-0.425336
0.630238
0.415876
-0.673757
-0.579089
0.775445
0.447493
-0.729545
-0.853450
-0.103488
-0.727226
0.983215
0.249428
-0.937742
-0.384442
-0.499008
-0.210364
0.345805
-0.359539
0.178625
0.363384
0.215186
-0.969726
-0.293252
0.611805
-0.806269
0.254860
-0.444136
0.484237
0.491317
0.343791
-0.092257
0.623463
0.198157
-0.524583
0.996460
0.168004
0.514695
-0.305094
0.914182
-0.285928
-0.482345
0.073763
-0.037202
0.250649
0.911008
-0.376995
0.584338
-0.120945
0.090609
0.273049
0.961180
-0.869076
-0.902219
-0.767815
-0.667470
0.560961
-0.911740
-0.963134
0.346660
0.371929
-0.288064
0.605396
0.886837
-0.949034
0.852351
0.011261
0.734245
0.552477
0.560839
-0.286355
0.296548
-0.883847
0.906430
0.440840
0.297464
-0.916623
-0.832575
-0.322123
-0.507431
0.575121
0.381512
-0.470870
0.762444
0.662893
-0.362590
0.514023
0.569628
-0.899899
-0.671865
0.113865
-0.760247
-0.358928
0.836970
0.903623
-0.858943
-0.921384
0.455855
-0.194433
-0.103366
0.490890
-0.887753
0.015900
-0.827876
0.272134
-0.782952
0.068026
0.093051
0.490829
0.447066
0.127476
-0.097324
0.348064
-0.218604
-0.819391
0.860775
-0.122471
0.584582
0.405438
0.475448
0.592578
0.444807
-0.601550
-0.512680
0.505112
0.587695
0.643422
0.057161
-0.010102
-0.422529
0.620106
0.700552
-0.037812
-0.715873
0.149083
-0.392254
0.433576
-0.736503
0.324503
0.768181
0.540819
0.961974
-0.398846
-0.384808
-0.097995
-0.974731
0.562120
-0.341533
-0.065218
-0.103977
0.998718
0.126316
-0.996399
-0.808344
0.365703
0.034516
0.270119
0.636464
-0.533433
0.743156
0.131077
-0.215491
0.635731
0.064241
-0.992065
-0.732170
-0.479720
-0.017182
0.519395
-0.539781
0.649831
-0.946409
-0.853694
0.290811
-0.371136
-0.464156
0.604297
-0.853206
0.570421
0.329447
0.870113
0.473983
-0.974181
-0.226478
-0.773431
