-0.057955
0.704459
-0.059236
0.913327
-0.670644
-0.721305
0.539964
0.144139
0.494980
-0.374920
-0.779229
0.780633
0.879086
-0.348857
0.928587
0.927488
0.600635
-0.638234
0.602832
-0.257912
0.429792
0.420148
0.178747
-0.955199
-0.189306
-0.684500
0.804376
-0.904172
-0.498825
0.784417
-0.579455
-0.895566
-0.874020
-0.710074
0.767632
-0.539476
-0.098666
0.085482
0.292215
0.787652
0.499374
0.397748
-0.872555
-0.372967
-0.828181
0.683340
0.882199
-0.426984
-0.026582
-0.274514
-0.155858
0.279275
0.093295
-0.553148
0.118137
0.823847
0.930357
-0.205298
-0.913877
0.248451
0.580432
0.341838
-0.856136
0.403790
0.851619
0.149266
-0.636830
0.309671
0.977905
-0.367351
-0.857540
0.834101
0.165441
0.745170
-0.817621
-0.914670
0.404889
0.789178
-0.069002
-0.016266
-0.696219
0.169469
-0.521043
-0.571520
0.500961
-0.599475
-0.781732
-0.703726
-0.273721
-0.320414
0.379742
0.528977
-0.438887
0.339457
-0.886959
0.266335
-0.550951
-0.507981
-0.612781
0.137913
-0.646962
-0.823908
0.638295
-0.834101
-0.054415
-0.678457
0.028413
0.956236
-0.546373
-0.157750
0.954405
0.021455
0.898129
-0.829585
-0.760979
0.598071
0.161473
0.545213
-0.328227
-0.160253
-0.720267
0.367168
-0.930723
-0.489914
0.225013
-0.067904
0.363689
0.258766
-0.152989
0.855892
0.727042
0.079501
-0.853328
-0.496323
-0.040620
0.405988
-0.555345
0.735160
0.017975
0.584521
-0.993835
0.278665
-0.590442
0.677664
-0.603076
0.047212
-0.832942
-0.704520
0.155919
-0.292398
0.043489
0.894162
0.888180
0.816950
0.701285
0.827143
0.166356
0.836970
0.243995
-0.888302
0.571032
0.134861
0.001740
0.739494
0.021210
-0.276772
-0.816523
-0.474715
-0.581896
0.726554
0.589404
0.389752
-0.437056
-0.903073
0.005097
-0.262490
-0.792474
-0.318949
-0.047456
0.033845
0.187963
0.276894
0.121006
-0.038179
0.201514
-0.449263
0.234718
0.177892
0.791803
-0.666128
-0.166295
0.476852
-0.897275
-0.390362
-0.534959
-0.820185
0.964782
-0.494919
-0.849300
0.557604
-0.124668
0.598987
-0.478439
-0.899045
-0.563097
-0.141942
-0.646352
0.452132
-0.396710
0.515976
0.763970
-0.192358
-0.226356
-0.853328
0.064364
-0.392193
0.622059
0.653188
-0.083651
-0.677480
-0.679373
0.265114
0.848506
-0.851924
0.200598
-0.112766
-0.799738
0.081759
-0.600269
-0.917722
-0.445967
0.599109
0.027558
0.393963
0.717399
-0.490280
0.753655
-0.209937
0.042817
0.865963
0.670949
0.558214
0.082247
-0.325907
0.241615
0.005097
-0.695242
-0.540513
0.887020
-0.228858
-0.694876
0.083834
0.784722
-0.964537
-0.592883
-0.027009
-0.564745
-0.320597
0.925047
0.265114
0.561022
-0.749809
-0.123325
-0.191565
-0.101169
-0.604541
-0.607898
0.469955
-0.548997
0.265603
0.344279
0.153294
0.754509
-0.623402
-0.299112
0.752800
0.732963
0.754936
-0.308817
-0.383343
0.693167
0.114231
-0.727287
0.347087
0.028047
-0.387799
-0.038301
-0.342936
0.951842
-0.818110
-0.911008
-0.245705
-0.504135
-0.633290
0.544908
-0.593066
0.325541
-0.027802
0.313700
0.898190
-0.720450
-0.153417
-0.817499
0.551073
-0.145482
0.102573
0.725822
0.719230
0.201331
0.093234
0.227210
-0.397687
-0.472396
0.454268
0.003204
0.059969
-0.292459
0.525193
0.149815
-0.031648
0.660939
0.461653
-0.545518
0.199927
-0.011994
-0.647755
0.297403
-0.321879
0.956664
-0.348979
0.602222
-0.226661
-0.197668
-0.760430
0.442061
-0.766961
0.573168
-0.570116
-0.424482
-0.662099
-0.587207
0.221717
0.334147
0.460860
-0.448286
0.275796
0.993164
-0.767144
0.292398
-0.990600
-0.980712
-0.262551
-0.144017
0.275674
-0.903867
0.180273
-0.061495
-0.310282
0.185583
-0.390362
0.253517
-0.835505
0.130711
0.137059
0.394757
0.512803
0.879574
0.937559
0.324870
-0.385052
-0.019074
-0.603870
0.946104
-0.095492
-0.271096
0.659902
-0.696890
0.799677
-0.948424
-0.061617
0.064364
0.291299
-0.095431
0.857479
-0.403912
0.661550
0.401227
-0.966247
0.603504
-0.575488
-0.426923
0.686148
-0.509934
-0.809076
-0.735954
-0.906796
0.119968
-0.481796
0.809626
0.712333
-0.663259
0.476608
0.985534
-0.229835
-0.807855
0.890866
0.403241
-0.860714
0.095309
0.613758
0.300150
0.733024
-0.882382
-0.404401
0.855098
0.283792
-0.827387
-0.780755
0.725272
0.161290
-0.643422
0.164586
0.136265
0.967589
0.752800
-0.029084
-0.638661
-0.191565
0.352947
0.838496
0.716239
-0.830195
0.648366
-0.603809
0.945250
-0.107944
0.354717
-0.921873
-0.282022
-0.098422
0.439985
-0.236427
0.172948
0.551073
-0.641041
-0.178014
0.630970
0.034700
0.057283
-0.888424
0.112705
-0.973815
0.307657
0.080294
-0.136143
0.352031
-0.002899
-0.692312
-0.068331
-0.488327
-0.467757
0.839900
-0.423933
-0.670400
0.218543
-0.682485
-0.471541
-0.743522
0.449812
0.358013
-0.691275
0.011689
-0.506211
0.503830
-0.583544
0.916257
-0.869137
0.050142
-0.571215
-0.809381
0.482406
-0.936460
-0.728813
-0.845576
-0.621021
-0.095431
-0.942930
-0.570116
-0.640004
0.567064
0.720878
0.604358
0.408185
0.145970
-0.083895
0.286660
0.479049
0.747002
-0.283670
-0.579455
-0.693899
-0.850337
0.632984
-0.402936
0.094577
0.322245
0.089816
0.753227
-0.286966
-0.858699
0.864193
-0.105258
0.860836
-0.637257
-0.063265
0.134312
-0.865352
0.932920
0.329875
-0.804804
-0.250465
0.426374
0.996338
0.554674
-0.581286
-0.057161
0.821711
-0.556200
0.668752
-0.246559
-0.197851
0.341716
0.564745
-0.246010
0.215430
-0.152318
-0.827692
-0.278237
-0.648183
-0.473189
-0.533738
0.955992
-0.794794
-0.647511
0.075716
-0.140721
-0.695730
-0.950682
0.634632
-0.976989
0.143712
-0.630848
0.231117
0.128819
0.233924
-0.223060
0.814386
-0.021088
0.825922
0.750053
0.120151
-0.031831
0.976135
0.688711
-0.320780
0.310160
0.593127
-0.984191
0.469893
0.024140
0.525071
0.307352
-0.222694
-0.178137
0.139317
-0.167943
-0.176916
-0.034272
0.220923
-0.684988
-0.273904
0.910764
-0.868770
0.735405
-0.641591
0.975219
-0.708853
0.972289
0.658071
0.565294
-0.504379
-0.889523
0.960997
0.585131
0.269570
-0.780511
-0.084201
-0.480331
0.269509
0.416669
0.542344
0.193396
0.967528
-0.971252
-0.002411
-0.277932
-0.610462
0.663930
0.611072
0.657216
0.526719
0.136265
0.655141
0.633229
-0.515427
-0.859920
0.092929
0.831965
-0.905393
0.238075
0.413984
0.575488
0.710318
0.676687
-0.598682
0.360515
0.069674
0.809076
0.353008
0.646901
-0.760613
-0.757744
0.757439
0.712088
0.201147
0.115024
0.908872
0.885067
0.991577
0.241188
-0.239479
-0.315775
-0.379864
-0.899777
0.288369
0.681570
-0.571764
-0.508042
0.208594
0.877438
0.788934
-0.821589
-0.575610
-0.554430
0.661733
-0.496078
0.168249
-0.386700
-0.496872
-0.889706
-0.118076
-0.481735
0.145054
0.488205
-0.704825
0.774651
0.847591
0.201147
-0.894711
-0.663137
-0.706473
0.019379
-0.595264
0.533067
0.575182
-0.223304
0.361187
0.848384
-0.757744
-0.237770
0.139988
-0.523545
0.472457
-0.879025
0.694998
0.261452
-0.145665
0.448042
0.801263
0.224830
0.847285
0.272011
-0.793756
0.523179
0.953917
-0.898618
-0.851558
0.112522
0.840876
-0.014924
-0.234169
0.357280
-0.230628
0.516648
0.489547
-0.569811
0.560411
-0.653676
0.350932
-0.195837
-0.619068
0.984558
-0.258583
0.059725
0.462081
0.811335
-0.789178
0.499557
-0.894955
0.268593
-0.347636
-0.465133
0.820368
0.883358
0.842097
0.613147
0.497665
-0.798029
0.249306
-0.399213
-0.572497
0.226905
0.793512
-0.211402
0.952391
-0.686514
0.773247
-0.537217
-0.906735
-0.611438
-0.910154
0.781854
0.645436
-0.744926
-0.004913
-0.634571
-0.448164
-0.975768
-0.322733
0.012848
-0.456709
0.000763
-0.113742
0.861812
-0.177709
-0.998779
-0.882076
-0.697684
-0.339335
-0.692801
0.834590
-0.043855
-0.833247
0.367534
0.536119
0.035554
0.568041
-0.947020
-0.024079
0.393353
0.311014
-0.275124
0.812983
-0.423261
0.149510
-0.267373
0.398358
-0.802240
0.283425
-0.047212
0.641285
-0.067232
0.329814
0.049043
-0.520066
-0.662282
-0.843440
0.745598
0.175024
0.667409
-0.262612
-0.354167
0.715323
-0.611927
0.899655
-0.561876
0.858028
-0.873226
0.908200
-0.559252
0.032868
0.572069
-0.336711
0.297647
-0.091098
0.546861
-0.680532
0.638295
0.578906
0.547411
-0.199194
-0.486618
0.026093
0.330180
0.062349
0.844234
-0.777154
0.333659
0.092441
-0.206641
-0.033052
0.683828
-0.689688
0.501938
0.007111
-0.331339
0.901608
0.240455
-0.960326
-0.591784
-0.637501
-0.199255
-0.997436
-0.088595
-0.384381
0.904965
-0.786676
0.228614
-0.105930
-0.744316
-0.379192
-0.032502
-0.578173
-0.314982
-0.778008
0.016205
-0.795892
0.489731
0.717215
0.885067
0.830805
-0.095920
0.259865
0.544481
-0.725578
0.413739
-0.234779
0.132298
0.600513
-0.833247
0.926634
0.155919
0.675161
0.295694
-0.499863
-0.113376
-0.609302
-0.038972
-0.577136
-0.743339
-0.075350
-0.068758
-0.675771
-0.426191
0.538072
0.509262
0.995422
0.364360
0.696524
0.620045
-0.553880
0.657094
-0.244606
-0.129917
0.632252
0.022248
0.837397
0.224647
-0.142613
-0.324137
0.767937
0.918821
-0.991638
0.963500
-0.153844
-0.747734
0.590197
-0.464827
-0.778436
-0.195654
-0.319071
0.524766
-0.225135
0.073397
-0.149815
-0.955382
0.906125
0.090060
-0.465804
-0.689383
0.950621
0.235267
-0.569445
0.707327
-0.791070
-0.540025
0.475326
0.107639
-0.481002
0.190893
0.963805
0.759026
0.593493
-0.779290
-0.544969
-0.951903
-0.190588
0.772820
0.491440
-0.542711
-0.650136
0.835749
-0.715140
-0.975402
-0.471419
0.153539
0.285073
-0.379437
0.172643
0.593921
0.838984
-0.646413
0.861568
0.822199
-0.083712
-0.583056
-0.091220
0.311441
0.992676
-0.310343
0.229041
0.811213
0.576952
-0.596423
0.488510
-0.270180
-0.053743
0.189673
-0.360210
-0.827326
0.649648
-0.336894
-0.352824
-0.490890
-0.655385
-0.073275
-0.048006
-0.294778
0.527879
0.104892
-0.637135
0.249794
0.722709
-0.445723
0.727531
0.930174
0.686575
-0.506333
0.379559
-0.320109
-0.799677
0.956297
-0.118809
0.318339
-0.997864
-0.399457
0.199622
0.504685
-0.858211
0.730399
0.839167
0.766717
-0.676931
0.334941
-0.838313
0.378826
0.782525
0.963988
0.568957
-0.675344
-0.710074
0.863338
-0.369366
-0.650746
0.810846
-0.463790
0.545396
0.170934
-0.594043
0.152623
-0.988830
-0.333781
-0.072909
-0.287027
0.164220
-0.160192
0.016694
-0.722526
-0.147679
-0.092441
-0.319620
-0.424970
-0.807062
0.697928
-0.417341
0.303140
0.297830
-0.187719
0.333415
0.431806
-0.414411
0.670644
0.095309
-0.175878
0.690054
0.246376
0.757805
-0.514573
-0.038057
-0.781121
0.551500
0.753899
0.014191
0.227638
-0.186071
-0.976501
0.771172
-0.434492
-0.428083
0.363323
0.619007
-0.222022
0.076937
0.190954
0.799493
-0.828181
-0.688406
0.570238
0.416120
-0.952818
0.544603
-0.812006
-0.459029
0.464278
-0.719779
0.477950
-0.803278
-0.642506
-0.835200
-0.014863
-0.858272
-0.189123
-0.587268
-0.835078
-0.922605
-0.837825
-0.685537
0.455611
-0.972167
0.910581
-0.586291
0.723502
-0.617176
-0.890622
-0.255348
0.607898
0.069308
-0.543382
-0.794305
-0.451216
-0.997742
0.219764
-0.223975
0.653188
0.835932
0.489242
-0.006195
-0.121921
0.655263
-0.838252
-0.255776
0.842402
0.556261
0.746147
0.091830
-0.420209
-0.887936
0.641652
0.694937
0.546129
-0.400983
-0.297952
0.194861
0.192480
0.074129
0.896847
-0.670522
-0.581835
-0.274392
-0.117222
0.773309
-0.786065
-0.039216
0.298074
0.200110
0.810053
-0.140538
-0.408246
0.197424
0.640187
0.531663
0.200598
-0.845088
0.149449
-0.911802
-0.113559
-0.496872
-0.245277
-0.224036
0.045869
0.024934
-0.719291
0.922605
-0.194800
0.864925
0.167272
-0.998108
0.713065
0.613147
-0.223487
0.804010
-0.156590
0.335185
-0.896725
0.389325
0.120701
-0.198462
0.204138
0.862972
-0.319498
0.664907
0.942564
0.791314
-0.921995
0.085055
0.209998
0.781487
0.156285
-0.626148
-0.991516
0.209815
-0.613025
-0.217322
-0.513779
0.680837
-0.985900
0.071017
-0.392621
-0.212195
0.193335
-0.810175
0.730277
0.794244
-0.205969
-0.975402
0.316935
-0.356670
0.377361
0.377850
-0.930418
-0.977477
-0.273293
0.982788
0.525864
0.711966
0.460616
-0.965026
0.627125
0.575732
-0.457747
0.243507
0.222633
0.379681
-0.402875
-0.036164
0.551683
-0.511093
0.280984
0.975402
-0.965331
-0.634144
-0.964660
0.827754
0.569201
-0.839656
-0.747246
0.787469
0.468917
-0.316752
-0.140538
-0.461165
-0.302042
0.076998
-0.236000
-0.450117
0.693350
0.884030
-0.922788
0.317789
-0.967895
0.853633
-0.906125
-0.535875
-0.159154
0.966124
-0.329142
-0.225257
0.428816
-0.290750
0.721061
0.383221
0.533738
-0.017304
0.999512
-0.338237
0.125523
-0.384198
0.800226
0.745598
0.929991
0.311441
-0.624866
0.706839
-0.298929
-0.922422
0.888668
-0.422224
0.310709
-0.789727
-0.280496
0.058931
-0.033967
0.889340
0.922910
-0.799738
-0.130467
0.450056
0.665395
-0.016449
-0.368267
0.393597
0.444929
-0.087924
-0.248512
-0.802728
-0.091586
0.135411
-0.647755
0.989135
0.220191
-0.621021
0.342021
0.147191
0.346171
-0.622608
0.748039
0.888180
-0.740715
-0.909726
-0.193884
0.586230
-0.957945
0.196387
-0.149144
-0.875301
0.203528
0.428999
-0.122471
0.624989
-0.789972
-0.880551
-0.762871
-0.318155
0.142613
-0.007721
-0.102634
-0.118686
-0.299722
0.752556
0.582324
-0.349834
-0.204260
0.161840
-0.896298
-0.187231
-0.884640
-0.682485
0.196692
-0.315104
0.097140
0.923887
-0.829585
0.477462
0.559313
-0.837764
-0.896908
-0.542100
-0.662099
0.939879
0.996216
0.596850
-0.042390
0.413068
0.884213
0.546800
-0.433454
-0.415510
-0.256569
0.218848
0.164098
-0.002472
-0.020295
-0.778619
-0.282510
-0.073824
0.127781
0.400861
0.010163
-0.335795
-0.032502
0.038240
-0.314127
0.727409
-0.043184
-0.169652
0.652455
0.474715
0.293802
-0.475387
-0.870296
-0.665212
-0.080660
0.784051
0.682180
-0.528916
0.774529
-0.506882
-0.468429
-0.410260
-0.375958
-0.293558
-0.531114
0.080599
0.758782
0.791009
0.675222
0.680471
-0.110813
0.994934
-0.733818
-0.955077
-0.163121
-0.671194
-0.628346
0.962401
-0.718986
0.051851
0.562181
-0.446028
-0.963500
0.135533
0.436384
-0.971435
0.903378
-0.435224
0.960448
-0.768426
-0.731193
-0.141453
-0.084689
0.029878
0.502609
0.203711
-0.365459
-0.027009
0.574206
0.029450
0.561876
-0.754631
0.425520
-0.026582
0.724357
-0.833491
0.969726
0.942503
-0.579821
0.902707
-0.178808
-0.370769
-0.607532
0.906674
-0.146031
-0.853145
0.516953
0.248085
-0.232948
0.040925
0.823603
0.372723
0.188147
0.163121
-0.342448
0.867061
0.639576
0.680715
0.501267
-0.213355
-0.356731
-0.156407
-0.214942
-0.745659
-0.663076
-0.294412
0.284646
0.204871
0.854427
0.196692
-0.268227
0.634816
-0.891842
-0.493942
-0.650990
0.129856
-0.013276
0.638417
-0.141636
0.032929
-0.108188
0.510056
-0.957762
0.369854
0.359294
0.348979
0.760857
0.593799
0.255898
0.510849
-0.848262
0.804010
0.745842
-0.916746
0.006989
-0.846919
-0.213965
-0.796258
-0.589648
-0.816584
0.367901
-0.744072
0.410993
-0.942442
-0.925108
-0.724479
0.543626
0.057039
0.269631
0.851802
-0.223670
0.105258
0.703421
-0.006684
-0.668386
0.815241
0.489364
0.231910
0.290017
0.515427
0.869747
-0.973327
0.961364
0.744255
-0.278298
-0.467635
0.664052
0.199927
0.497848
0.792535
-0.166662
-0.887204
0.243080
-0.390667
-0.803034
-0.117527
0.957518
0.837580
-0.615162
-0.328532
0.552416
-0.891964
-0.416791
-0.480758
-0.737602
-0.042940
-0.751274
0.131077
0.308573
-0.647877
0.372600
0.749565
0.628040
0.650929
0.547777
-0.860836
0.982910
0.206336
0.447371
0.465682
0.232215
0.109043
0.524583
-0.587024
-0.224586
-0.303323
-0.607410
-0.366619
0.260903
0.552782
0.187719
0.247108
0.279031
0.703421
0.252846
-0.637623
-0.916623
-0.761101
0.413312
0.177404
-0.606555
0.109775
0.180212
0.226417
-0.759758
-0.032807
0.296304
-0.666982
0.489486
0.203284
0.562487
0.833613
-0.577319
0.103183
-0.247780
-0.368633
0.822748
-0.160802
0.786920
-0.353191
-0.125095
0.016083
0.368816
0.223365
-0.801996
-0.170385
0.755486
-0.505173
-0.080111
0.900632
0.507370
0.189062
-0.116733
0.847468
0.020112
0.688650
-0.021577
-0.340434
-0.481185
0.482589
0.773675
0.505173
-0.722526
0.338847
0.859371
0.210303
-0.288919
0.521775
-0.932493
0.191809
0.548753
-0.191565
-0.669851
0.986450
-0.018769
0.904538
-0.525864
-0.160375
-0.758477
0.564196
0.822687
0.061922
0.382855
-0.804926
0.860897
-0.587939
-0.172704
-0.602405
-0.769097
0.919797
0.352641
0.807062
-0.988891
-0.727348
0.000641
-0.309244
0.196448
0.168310
0.427473
-0.582873
0.380047
-0.637745
-0.309183
0.677297
0.080844
0.943968
0.635975
-0.298135
0.078219
0.090060
-0.293497
-0.436689
-0.112033
-0.678396
0.519700
-0.968566
0.512375
-0.161168
-0.902341
-0.761834
-0.830195
-0.754448
0.671438
0.890072
-0.938719
-0.778191
0.081698
-0.155797
0.882260
0.969115
-0.735282
-0.768426
0.202368
-0.622242
0.482040
-0.402875
-0.989563
-0.513840
0.877377
0.467330
0.514817
0.376995
0.892758
0.856685
0.358440
0.140477
0.314005
-0.630482
0.199866
0.131260
-0.485397
-0.553514
0.587756
0.901242
0.261757
-0.667348
0.835322
0.265847
-0.457198
-0.018281
0.127354
0.077486
0.149571
0.242164
0.164769
-0.835322
0.755730
-0.095492
0.609668
-0.711539
0.121860
0.253212
-0.758538
-0.699149
-0.462996
0.123508
-0.134739
0.978942
-0.907285
-0.027985
-0.082797
-0.879818
-0.784051
-0.234840
0.756584
-0.698355
-0.201209
0.839045
-0.921140
0.345073
0.739189
-0.471603
0.569445
0.250649
0.703482
0.128025
0.687551
-0.908567
-0.075228
-0.251747
0.931761
-0.274819
-0.151463
0.627796
-0.139805
0.998596
-0.895322
0.465926
-0.397565
0.694388
0.955748
0.337077
0.366192
-0.131321
-0.978881
-0.585070
0.510788
0.199805
-0.221778
-0.589526
-0.500046
-0.993957
-0.036225
-0.736747
0.045198
-0.936827
0.702322
0.353191
0.753716
-0.679922
-0.614551
0.089816
-0.407697
0.477645
-0.401166
-0.533494
-0.352824
0.506821
-0.540574
0.149571
0.326212
-0.105869
0.925047
-0.456587
0.810846
0.655019
0.139500
-0.142735
0.247414
-0.049593
-0.924558
-0.186438
-0.187536
0.152257
-0.767937
-0.249733
0.190588
0.681753
-0.015595
-0.861507
-0.295511
0.023103
-0.603565
0.703177
0.175939
-0.015961
0.976867
0.457503
-0.460433
0.017426
-0.476302
0.848262
-0.998047
-0.641224
0.870235
0.482223
-0.922117
0.385235
0.010956
0.997620
-0.074190
0.692923
0.325846
0.642506
-0.782647
0.528489
-0.285989
-0.283914
0.949095
-0.531968
0.450728
-0.718497
0.260109
-0.511399
0.578967
0.174657
0.204688
0.412336
-0.848689
0.138768
0.922605
0.034944
0.618274
-0.845332
-0.428388
0.585192
0.723441
-0.143101
0.578173
0.444380
-0.862117
-0.565538
-0.932005
-0.676382
0.227027
0.304056
-0.681875
0.612842
0.213355
0.888607
0.139927
0.772210
-0.025178
-0.608020
0.759087
0.963805
0.416608
0.641102
-0.799738
-0.837703
-0.655690
-0.113987
-0.472518
-0.623890
-0.407147
-0.930052
-0.581591
-0.451643
0.479354
0.183752
-0.801691
-0.089084
-0.094760
0.882687
0.758538
0.638844
-0.460677
-0.982604
-0.366619
0.868221
0.215430
0.093478
-0.275124
0.139683
0.851924
0.561327
0.093356
0.330485
-0.411420
0.100314
0.622425
-0.863155
-0.145665
-0.123936
0.792047
-0.829585
-0.841853
-0.241432
0.902280
-0.270608
0.195105
-0.208716
-0.482467
0.601672
-0.888058
-0.225074
-0.355693
-0.542589
-0.914548
0.814386
-0.657643
-0.777276
0.363262
-0.359661
0.124729
-0.202063
0.900998
-0.982604
-0.054170
0.702383
-0.495224
-0.210120
-0.100803
0.551317
-0.967040
-0.859676
0.562426
0.859737
-0.110446
-0.802484
-0.537339
-0.078341
-0.009735
0.820734
-0.012055
-0.613758
-0.986206
0.767327
-0.065218
-0.775384
0.108127
0.759941
-0.587512
-0.939634
0.362468
0.569689
0.056490
0.925779
0.362774
0.155919
-0.521470
-0.494308
-0.829218
0.808344
0.021393
0.933409
0.181188
-0.350505
0.039033
0.198462
0.223548
0.176428
-0.286233
0.231239
0.047029
-0.774468
-0.942808
-0.008515
-0.740165
-0.466170
-0.598010
-0.238807
0.482955
0.848506
-0.355937
0.291910
0.981079
0.806024
-0.276284
0.556322
-0.549364
-0.856380
-0.880490
0.479415
-0.959105
-0.195410
-0.460616
-0.876461
-0.875179
0.501328
0.382427
0.942320
0.459456
0.297342
0.676870
0.076449
0.610034
0.771966
0.118503
0.221412
-0.433943
-0.534471
-0.619678
0.018159
0.292215
0.814570
-0.682424
-0.859737
0.049654
-0.209937
0.239479
0.674001
0.440474
-0.323038
0.417158
-0.325419
-0.013031
-0.066195
0.577380
-0.725455
0.058565
0.071200
0.756035
0.404157
-0.040986
-0.025239
0.022248
0.188330
-0.013703
-0.961486
-0.461226
-0.918271
0.277444
0.523240
0.766900
-0.195471
0.251320
0.910215
-0.100314
0.141270
0.461287
-0.583850
-0.752434
0.666005
0.601611
-0.100497
-0.583239
-0.544847
0.963317
-0.345866
0.805109
0.851802
0.867855
0.547166
0.780328
0.462508
0.194128
-0.427717
-0.793634
-0.845576
0.545518
0.235084
-0.355266
0.509018
-0.488571
0.272561
0.021027
0.242042
-0.504379
0.038606
0.714652
0.142979
0.270547
0.013947
-0.524094
-0.768059
-0.458052
-0.891415
0.726371
0.498459
-0.419416
-0.709586
-0.533860
0.633045
-0.380902
-0.070345
-0.839412
0.072726
-0.490951
-0.691641
0.884091
0.698416
0.719901
-0.440962
-0.674490
-0.711844
0.270547
0.460005
-0.835322
-0.617969
-0.777276
0.503586
0.409345
0.627247
0.198523
-0.501022
0.487106
-0.267678
0.517930
0.414106
-0.483688
0.561571
-0.627369
0.983642
-0.636341
0.708670
-0.153661
0.031770
0.331095
0.911863
-0.404340
0.679373
-0.216102
-0.879025
-0.996155
-0.867122
-0.861690
0.611805
0.220740
-0.381146
-0.217505
0.118931
0.693106
0.437300
0.458968
0.103610
0.622730
0.855647
-0.271706
-0.552660
0.651540
-0.388470
-0.789727
0.633839
0.935606
0.040254
0.443525
0.481429
0.867855
0.478927
0.861080
-0.463790
-0.995239
0.978454
0.092502
-0.140965
-0.045259
0.316324
-0.219214
-0.745170
-0.313883
-0.536363
-0.978698
0.058382
-0.770745
0.132359
-0.609363
-0.298196
0.587207
0.091464
-0.753594
-0.941343
-0.050386
-0.731559
-0.968688
0.255715
-0.071871
0.961241
-0.106296
0.666738
-0.360027
0.709159
-0.243995
0.746879
0.451094
-0.905698
-0.592334
0.206030
0.192114
-0.699576
0.443342
-0.012665
0.848811
-0.941038
-0.409345
0.871517
0.216590
0.102634
0.671743
0.057344
0.297647
0.236061
-0.174780
-0.832148
-0.355449
0.339946
0.909848
-0.255531
-0.928526
-0.708487
0.995605
0.073763
0.247047
-0.027131
-0.694388
-0.061007
-0.368999
0.723685
0.360942
0.767937
0.398114
0.538926
-0.732231
-0.108188
-0.206275
-0.852535
-0.237526
-0.674551
-0.897214
-0.699515
-0.542161
0.722343
-0.978088
0.936460
0.076327
-0.962951
0.922666
0.271462
0.575243
-0.123875
0.149327
0.971557
0.070956
-0.301248
0.165014
0.014374
-0.720145
0.632618
0.712455
0.747185
-0.712088
-0.070101
-0.682730
0.297891
-0.152379
0.363323
-0.742973
-0.027070
-0.628773
-0.834040
-0.507492
-0.513474
0.963683
0.039399
0.588855
0.291360
-0.224219
-0.758965
-0.444746
0.107517
0.142735
0.489364
0.007843
-0.500229
0.886898
-0.132908
0.938414
-0.713065
0.732658
-0.293008
-0.355876
-0.699271
-0.480758
-0.477279
-0.243202
0.655934
-0.850215
-0.890683
0.862972
-0.974242
-0.186071
-0.628468
0.675527
0.512009
-0.278481
-0.955809
0.936644
0.850337
-0.766350
-0.332926
-0.605884
0.958373
-0.420637
0.789605
0.555712
-0.252541
0.571215
-0.222633
0.083895
-0.342448
-0.958312
0.354228
0.959227
-0.295755
0.799554
-0.509995
0.586352
0.940001
0.000885
0.149937
-0.384259
-0.013703
0.050020
0.894406
0.564013
-0.028840
0.322916
-0.915159
-0.103122
-0.482101
-0.568285
-0.485336
0.326823
0.320109
0.935118
-0.056856
0.764153
0.203528
0.864620
0.692862
0.685720
-0.189734
0.380413
0.078524
-0.227515
0.497421
-0.131748
-0.778924
0.738029
0.546190
-0.209876
-0.182470
0.163182
-0.275735
0.749626
0.225013
0.779351
-0.729362
-0.952391
0.290262
0.607715
-0.350444
-0.849116
-0.675466
0.321146
-0.363445
-0.797418
0.919675
0.666799
-0.700430
-0.929807
0.717765
0.737236
0.436445
0.789117
0.805231
0.900998
-0.967956
0.948363
-0.115696
-0.793634
-0.638295
0.469161
0.757317
-0.929868
-0.143712
-0.447188
-0.389996
-0.936155
-0.370159
0.737907
0.146702
-0.026582
0.003449
-0.646046
-0.836665
0.402936
0.815973
0.796625
-0.666738
-0.640126
-0.381268
0.053926
-0.015900
0.926511
-0.338420
0.487167
0.338664
0.536729
-0.527085
0.708792
-0.039338
-0.951353
-0.911435
0.552049
-0.073397
-0.035920
0.000092
0.550951
0.262123
0.821833
0.080477
0.798578
-0.408918
-0.452254
0.150487
-0.502792
-0.978393
-0.339457
0.877865
0.512619
-0.549242
0.135899
0.569750
0.243873
-0.034944
-0.051546
-0.576342
-0.876949
-0.859615
-0.172704
0.796991
0.055757
-0.756462
-0.615589
-0.941343
-0.583483
0.595569
-0.465072
0.585803
0.805414
0.091891
-0.788079
-0.533372
-0.803156
-0.493332
-0.495712
0.473983
-0.737968
-0.946287
-0.755058
0.869625
0.634449
-0.437910
0.814753
0.019257
-0.369243
0.530808
0.719718
-0.526841
0.291177
0.251381
-0.990539
0.793817
0.341533
0.546617
-0.604175
0.162084
-0.631031
-0.544969
-0.464827
-0.031526
-0.911985
0.244484
0.908506
-0.798151
0.462569
-0.113559
0.910947
0.169591
-0.793634
-0.057100
0.369549
-0.348918
0.513291
0.578478
-0.918699
-0.500961
-0.232154
-0.980651
0.219153
-0.626881
-0.197424
-0.614002
-0.617420
0.065401
0.259926
-0.834468
0.639882
0.717277
0.803583
-0.925169
-0.557360
0.866146
-0.266518
0.562792
0.495468
-0.839839
-0.311991
-0.046602
-0.162328
-0.754265
0.537950
0.976257
0.310099
0.765007
0.222144
0.725394
-0.085543
0.076693
-0.963256
0.329386
-0.511643
0.498947
0.030793
0.665456
-0.691519
0.026337
0.067293
-0.784112
-0.513474
0.645619
0.893857
0.987793
-0.854122
-0.516404
0.517747
0.987426
0.190344
0.868954
0.528001
0.292154
0.694876
0.523301
0.561693
0.655690
0.405072
0.085360
0.191809
-0.043794
-0.576220
0.529099
0.317972
-0.989135
-0.368694
0.038728
-0.088168
-0.698172
0.211524
0.903684
-0.417524
0.247902
0.242653
0.039277
-0.603687
-0.100497
-0.426191
-0.924070
-0.737114
-0.502121
0.798822
-0.105991
-0.800287
-0.395856
0.140049
-0.364666
-0.211341
-0.771416
0.055269
-0.429731
0.136204
-0.736869
-0.620472
-0.975524
-0.350017
0.841792
-0.185461
0.992859
0.944273
-0.361431
0.867367
-0.263039
0.186865
0.403180
0.027863
0.418012
-0.861751
0.760247
0.065889
0.074129
0.253029
0.054109
-0.884091
0.855464
0.405133
-0.803278
0.691031
-0.972167
-0.618580
-0.241676
0.724174
-0.690542
0.787530
0.603504
-0.735099
-0.162755
-0.429975
0.912290
-0.732963
0.174352
-0.810968
0.981201
-0.041475
0.185522
0.824335
0.088290
0.336894
0.929380
-0.242775
0.597339
-0.313028
-0.648305
-0.680532
-0.951842
-0.098300
-0.915647
-0.279763
0.494125
-0.571764
0.385296
0.065096
0.556688
-0.062410
0.375225
0.878719
0.246254
-0.471358
0.470626
-0.556139
-0.374676
-0.719718
-0.898862
-0.730216
0.968566
0.963683
-0.507920
0.001068
0.284158
-0.512864
0.358196
-0.918638
-0.116123
0.564623
-0.955565
-0.516831
0.895077
0.386639
0.908689
-0.133274
0.281961
0.494858
0.617176
0.127232
0.598498
0.855098
-0.816034
-0.294961
-0.625355
0.990051
-0.343242
0.199805
0.696219
-0.791681
-0.466048
0.372539
-0.793634
-0.731864
0.555589
-0.655507
-0.155614
0.817255
0.345561
-0.767510
-0.539232
-0.111362
0.926389
0.828913
-0.889584
0.458357
-0.327555
0.237831
-0.341594
-0.903562
-0.466597
-0.582080
0.833430
0.413984
-0.880245
-0.557909
0.915098
0.614856
-0.004059
0.328410
-0.847285
0.467635
0.400494
0.245766
-0.806574
-0.228858
0.640004
-0.189367
-0.258278
0.290323
0.345073
-0.099460
0.339702
-0.088412
0.909665
0.392438
0.768242
-0.850032
0.532579
-0.984741
0.955321
-0.499008
0.755608
-0.611438
-0.476241
-0.958739
-0.356975
-0.795160
0.106235
0.226417
-0.362835
-0.116977
-0.664724
-0.342936
0.871456
-0.799493
-0.236366
-0.215003
0.501999
-0.731437
-0.566393
-0.286843
-0.377117
0.236305
0.687490
-0.051668
0.845210
0.056368
-0.210913
0.386334
0.458174
0.740776
-0.867733
-0.960814
0.674734
-0.733390
0.244179
0.941588
0.183508
-0.012848
0.671194
0.657765
-0.458113
0.479293
-0.125889
0.958556
-0.973632
0.624683
-0.470687
0.864803
0.342265
-0.332560
-0.373699
0.425581
-0.005646
0.020966
0.967040
-0.892392
0.537523
0.490890
-0.703543
0.268715
0.230995
0.918760
0.988525
0.104038
0.611499
0.525742
-0.118137
0.666005
0.010224
-0.574023
-0.041597
-0.298257
0.958373
-0.704520
0.802240
-0.664357
-0.498642
0.411420
0.452376
0.153539
-0.343181
-0.927305
-0.866085
0.764458
0.917844
-0.363140
0.442976
0.635670
-0.270119
0.909665
0.544664
-0.567797
0.445296
0.211524
-0.049165
0.151036
0.699332
0.556017
0.636586
-0.022675
0.604968
-0.420209
0.436628
0.676870
0.049776
-0.927671
0.589099
-0.509262
0.392987
0.596973
0.994263
-0.975585
0.563646
-0.381024
0.494736
-0.160558
-0.251442
0.381817
0.498520
0.481063
-0.204016
0.461776
0.450056
-0.953124
-0.985473
0.050691
0.483688
-0.210425
-0.196692
-0.796319
0.035615
0.430097
0.548204
0.777276
-0.840693
0.231849
0.929380
-0.759514
-0.705496
0.664418
-0.524949
-0.566515
-0.067049
-0.327433
0.091037
0.375774
-0.395489
0.678274
-0.595935
-0.782037
0.582141
-0.363384
-0.167211
0.592944
-0.861080
-0.595996
-0.797052
0.112705
-0.802850
0.101962
-0.489425
0.512314
0.035005
0.667653
-0.185461
-0.594226
0.906186
0.426862
0.266762
-0.791986
0.057283
0.776849
-0.022370
-0.187292
-0.084445
0.020234
-0.245338
-0.458296
0.802484
-0.623951
0.922727
-0.699332
0.251747
-0.425947
0.789300
-0.798700
-0.021516
0.047700
0.316752
0.043123
0.371868
0.536912
0.563768
-0.009674
0.969726
-0.086581
-0.541002
-0.452315
-0.078097
0.041353
-0.530381
-0.633412
-0.496139
-0.514389
-0.273843
-0.651357
-0.255715
-0.201575
-0.832575
0.231910
-0.271828
-0.798029
0.267434
-0.725089
-0.864071
-0.266701
-0.093417
0.970336
-0.409894
-0.396527
-0.819025
0.850032
0.355815
0.147679
-0.903989
-0.262062
-0.553636
0.227332
0.554918
-0.132359
0.382794
0.746086
-0.875546
-0.998535
-0.917661
-0.054842
0.221107
0.039949
-0.076327
-0.760857
-0.396527
-0.453597
0.565172
0.039216
-0.571398
0.004242
-0.329264
0.616871
0.941649
-0.578112
-0.092074
0.748161
-0.490158
0.940916
-0.190283
-0.295938
0.053316
-0.582263
0.041292
-0.172948
-0.287942
0.696402
-0.985290
-0.425336
0.630238
0.415876
-0.673757
-0.579089
0.775445
0.447493
-0.729545
-0.853450
-0.103488
-0.727226
0.983215
0.249428
-0.937742
-0.384442
-0.499008
-0.210364
0.152867
-0.359539
0.178625
0.363384
0.215186
-0.969726
-0.293252
0.611805
-0.806269
0.254860
-0.444136
0.484237
-0.647267
-0.016205
-0.092257
0.623463
0.198157
-0.524583
-0.861568
0.168004
0.514695
-0.305094
0.914182
-0.619678
0.729362
0.073763
-0.039216
0.250649
-0.642933
-0.376995
0.584338
-0.120945
0.090609
0.273049
0.961180
-0.869076
-0.902219
-0.767815
-0.667470
-0.814631
0.934812
-0.963134
-0.905759
0.371929
-0.288064
0.605396
0.886837
-0.295328
0.852351
0.011261
0.734245
-0.489181
0.376812
-0.782037
0.296548
-0.883847
0.906430
0.440840
0.297464
-0.631153
-0.832575
-0.615711
0.064364
-0.849605
0.488266
-0.470870
0.762444
-0.013581
-0.362590
0.514023
0.569628
-0.899899
-0.671865
0.113865
-0.760247
-0.358928
0.836970
-0.160985
-0.858943
-0.921384
0.436567
-0.194433
-0.358501
0.490890
-0.887753
0.015900
-0.827876
0.272134
-0.782952
0.068026
0.093051
0.490829
0.447066
-0.304605
-0.097324
0.630238
-0.218604
-0.819391
0.860775
-0.122471
0.584582
0.405438
0.475448
0.592578
0.691153
-0.601550
-0.084872
0.986206
0.587695
0.965148
0.057161
-0.010102
-0.422529
-0.911802
-0.134800
-0.037812
-0.715873
0.149083
-0.392254
-0.445296
-0.736503
0.324503
0.768181
0.540819
0.961974
-0.398846
-0.384808
-0.140721
-0.974731
0.562120
-0.341533
-0.065218
0.314615
0.998718
-0.730827
-0.996399
-0.808344
0.365703
0.034516
0.270119
0.636464
-0.533433
-0.585192
0.131077
-0.215491
0.167699
0.064241
-0.992065
-0.732170
-0.479720
-0.017182
0.519395
-0.539781
0.649831
-0.946409
-0.853694
0.290811
-0.371136
-0.464156
0.130589
0.087558
0.570421
0.329447
0.870113
0.473983
0.948729
-0.226478
-0.773431
