-0.823725
-0.885311
-0.138340
-0.070162
-0.272011
-0.484115
0.265603
-0.123569
0.515305
-0.838313
-0.787042
-0.793695
-0.509262
-0.559191
0.511521
0.700308
-0.826533
-0.049348
-0.788629
0.132786
-0.131016
-0.802301
-0.581652
-0.601306
0.989807
0.699698
0.389996
-0.002716
0.061129
-0.827021
-0.470321
-0.791559
-0.646168
-0.455855
-0.609912
-0.404828
-0.111423
0.138035
0.073946
0.898801
-0.909848
-0.648305
-0.265664
-0.246498
0.670034
0.727470
-0.827754
0.621815
-0.298868
-0.011383
-0.181494
-0.936705
-0.628773
-0.796014
-0.529344
-0.029878
-0.929014
0.826106
-0.963134
0.073946
0.915525
0.451582
-0.506211
-0.865352
0.442915
-0.834346
0.452620
-0.311014
0.657826
-0.032014
0.308634
-0.739921
0.938414
-0.849116
0.112400
-0.351604
-0.904599
0.079806
0.943113
-0.569018
0.538255
-0.544786
-0.334452
0.159398
-0.075838
-0.763726
0.060945
0.780816
-0.963439
-0.173070
-0.032929
0.647816
0.015107
-0.902524
0.564074
0.355266
0.208472
0.237953
-0.076937
-0.894162
-0.887509
-0.817133
0.973754
-0.966674
-0.175817
-0.922361
-0.095248
-0.678091
-0.404035
-0.840022
-0.389386
-0.747612
0.542344
-0.062166
-0.874691
0.319620
-0.251015
-0.810541
0.825190
-0.924253
-0.602832
-0.900815
0.089022
0.391400
-0.819269
-0.055147
0.574267
0.932737
-0.034516
0.790643
0.347148
-0.109592
0.951476
0.352214
-0.333293
0.241859
0.039338
0.020295
0.149632
-0.195715
-0.963622
-0.686697
0.475631
0.356731
-0.492416
0.320048
-0.796808
0.579760
-0.573656
-0.664296
-0.307901
-0.411908
0.045686
-0.744194
-0.368633
0.061739
0.949095
0.736320
-0.557237
0.009857
0.727226
0.094028
0.379742
-0.188879
-0.440779
-0.428510
0.666311
0.737907
-0.876461
-0.391156
0.076510
0.837825
0.795099
0.775018
-0.356304
-0.179540
-0.347942
0.408490
-0.729972
-0.960814
-0.948302
-0.331645
-0.070650
-0.436750
-0.951231
-0.141514
-0.985046
-0.484848
-0.335063
-0.760186
0.307474
-0.085055
-0.555406
0.174474
-0.869137
-0.189611
0.049593
0.162450
-0.674001
0.020966
-0.423017
-0.694632
-0.833003
-0.364666
0.666860
-0.773614
-0.612415
0.356487
-0.719352
0.368816
-0.225990
-0.148900
0.266213
0.685781
-0.287454
-0.158910
0.068758
-0.048128
-0.520920
0.535508
0.349406
-0.267678
0.870785
0.583728
-0.064974
-0.764702
-0.178198
0.046419
0.325785
0.100558
0.941771
0.195593
0.204077
-0.363689
-0.263771
0.657277
0.119480
0.345256
0.065096
-0.176061
-0.642506
0.595264
0.935972
-0.645863
-0.192236
-0.242836
-0.380352
0.021638
0.417402
-0.999207
0.972533
0.202429
0.989380
0.739799
-0.236488
0.978210
-0.367901
0.234107
-0.111240
0.345256
0.566759
0.217139
0.006073
0.929563
0.127354
-0.448653
0.871517
-0.635731
-0.943297
0.801325
-0.407147
-0.216224
0.423994
-0.169652
0.543260
0.430586
0.069430
-0.883541
0.940367
0.816645
-0.298990
-0.198889
0.818171
-0.678152
0.840999
0.294839
0.864010
-0.921506
-0.919919
-0.042879
-0.199744
0.227393
0.464461
-0.637196
-0.780267
-0.064974
0.567614
-0.813349
0.193945
-0.372906
-0.506394
0.852412
0.473556
0.552293
0.174963
0.480941
-0.613147
-0.951170
0.605335
-0.067049
0.493271
-0.021577
0.587207
-0.461653
-0.756340
0.611194
0.755669
-0.324137
-0.597888
0.606494
0.392682
-0.388592
0.573290
0.151646
0.163732
0.591418
-0.694266
-0.473983
0.177709
-0.941527
0.757622
0.422895
-0.325968
-0.449080
-0.956542
-0.810114
0.621204
0.682058
-0.667226
-0.017731
-0.540086
0.166784
-0.593860
-0.854488
-0.961791
0.603198
0.139866
0.575793
0.382183
-0.951598
0.130039
0.803217
-0.849361
-0.849116
-0.885372
0.343120
0.129917
0.711112
0.703726
0.832087
0.869869
0.598376
0.405438
0.076632
-0.587329
0.298074
-0.932127
0.134251
0.764092
-0.727103
0.191198
-0.706534
-0.627918
-0.573473
-0.766289
-0.275063
-0.086032
0.310587
-0.057649
0.635853
-0.019379
-0.268654
0.153356
0.968078
0.219398
0.723258
-0.035188
0.970885
0.171911
0.475204
-0.846553
-0.252358
-0.036287
-0.071139
-0.347026
-0.847468
-0.028291
-0.753899
0.938841
-0.609119
0.422163
0.343852
0.682730
-0.658559
0.333842
-0.230567
0.614795
-0.100009
0.052767
0.702017
-0.404462
0.899045
-0.729667
0.228736
-0.430219
0.301920
0.883480
0.476302
0.515061
0.061617
0.730888
0.381512
0.872677
-0.836726
0.404340
0.005951
-0.694388
-0.900327
0.430647
0.261940
0.480941
-0.178869
-0.516831
0.082125
-0.142186
-0.790094
-0.290506
-0.390362
0.762139
-0.323588
0.577136
-0.727958
-0.647572
0.006745
-0.191687
-0.707572
-0.669607
0.453413
0.069063
-0.636647
0.620716
0.460005
-0.527818
0.540880
-0.149998
-0.841548
-0.043428
0.855098
-0.809626
0.487045
0.060579
0.948424
-0.365886
-0.090854
0.438948
0.410321
-0.262062
-0.719474
-0.269448
-0.904965
0.169652
0.063692
-0.876644
0.605274
0.724357
0.621998
1.000000
-0.847652
-0.997253
-0.616688
-0.020173
0.551683
0.540086
-0.478927
-0.592212
0.250282
-0.258461
0.816828
-0.584521
-0.910276
-0.753716
-0.845454
0.882015
0.257179
-0.922849
0.373394
-0.129429
0.914609
-0.049837
0.923093
-0.551195
-0.032075
-0.979858
0.880612
-0.202246
-0.395795
0.107578
0.823298
-0.623829
-0.937254
-0.531724
-0.375103
-0.873470
-0.950499
0.138218
-0.516465
-0.463973
0.588061
-0.132786
-0.022492
-0.931944
-0.088839
-0.647511
-0.371807
0.539964
-0.974609
-0.006134
0.281289
-0.784173
0.832148
0.800226
0.968810
-0.206885
-0.406171
0.731498
0.970641
-0.541063
-0.288675
-0.928709
0.045808
0.648610
-0.727653
0.042329
0.700735
-0.114353
0.274880
0.370586
-0.564684
-0.785760
-0.944395
0.906247
0.368999
-0.898556
-0.902097
-0.640736
0.385784
0.456465
-0.672231
0.927549
0.307047
0.783074
0.993408
-0.113865
0.209510
-0.519944
-0.186926
-0.776849
0.261086
-0.750847
0.246498
0.963256
0.189978
-0.516831
0.553087
0.192358
0.767937
-0.080172
0.962584
0.652211
-0.552232
0.574389
0.187475
-0.946043
-0.729972
-0.096042
-0.561144
-0.325968
0.857356
0.247047
-0.956053
0.686575
0.976440
-0.282022
0.803949
0.436750
-0.387249
0.221229
-0.219459
-0.210303
0.180334
0.259804
0.941465
-0.908811
0.703116
-0.831355
-0.028474
-0.224769
0.018342
0.838435
0.327921
-0.486862
0.411176
-0.868709
-0.586413
-0.657033
0.269265
0.547288
-0.056490
-0.887448
0.364971
0.369976
0.619861
0.631275
-0.621021
0.635426
0.037385
-0.587207
-0.309000
-0.194739
0.265114
-0.861446
-0.292398
0.156896
0.549608
0.639821
-0.927122
0.341288
-0.644093
0.323588
0.975402
-0.504013
-0.116367
-0.463607
0.973632
0.540452
0.441206
0.881710
0.469466
0.027009
0.308084
-0.176855
-0.007416
-0.559923
0.447615
0.114170
0.840754
-0.590014
-0.410138
0.896908
-0.284158
-0.616749
0.290139
0.289834
-0.268288
-0.974425
0.516343
-0.752739
-0.006561
0.480697
0.279214
0.717277
-0.269143
-0.307596
-0.370830
-0.468917
-0.257057
-0.039460
0.809442
0.004303
0.444319
0.842158
0.558763
0.893185
-0.059175
-0.147618
0.316324
0.725517
-0.551317
-0.335124
0.995056
0.794733
-0.099277
-0.863338
0.653005
0.701895
0.886593
-0.039399
-0.587939
0.139561
0.996765
0.751335
-0.900876
0.639882
-0.075838
-0.654592
0.427595
-0.026887
-0.931700
0.243934
-0.614368
-0.867672
0.034761
0.530503
0.552416
0.530869
0.511399
0.916807
-0.423078
0.539476
-0.938597
0.656423
-0.032319
-0.402570
-0.300089
0.611988
-0.509140
0.212012
0.260170
-0.645802
0.008087
0.916257
0.407880
-0.806574
-0.873836
0.716666
0.808588
-0.039460
-0.062105
-0.443525
0.332804
0.438765
-0.052767
-0.349284
-0.531297
0.211097
-0.121128
-0.364483
0.371075
-0.511521
-0.979553
-0.195654
-0.226478
-0.232215
-0.622059
-0.108737
0.620899
0.717887
0.108127
-0.554674
0.272256
-0.670156
0.339152
-0.473678
0.502365
0.232337
-0.030732
-0.128880
0.433882
0.257485
0.186254
-0.815485
-0.547349
-0.277261
0.070162
0.211463
0.160741
-0.727165
0.089206
0.426069
0.546434
0.589892
-0.338176
-0.156407
-0.692740
-0.520981
-0.732902
0.358745
0.358928
-0.457869
-0.591845
-0.103793
0.338664
-0.866756
-0.238014
-0.762261
-0.137852
0.174291
0.018586
-0.902158
-0.718253
-0.237281
0.919736
-0.127720
0.140233
-0.717399
0.622791
-0.759575
-0.752861
0.521653
0.092685
-0.290872
-0.875790
-0.325541
-0.250587
0.748833
-0.826167
0.168310
-0.818903
-0.970336
-0.622547
0.647938
-0.846553
0.656972
-0.823969
0.975219
0.858272
-0.740410
0.044404
-0.896786
-0.631520
-0.593799
0.624012
0.686331
-0.336222
0.130650
0.494552
-0.987487
0.540330
-0.582446
-0.134129
-0.322611
-0.880795
0.484909
-0.186926
-0.406049
0.094394
-0.644948
0.330790
-0.444563
-0.629749
0.614368
-0.912473
-0.686514
0.657582
0.213843
0.990478
-0.886715
-0.060579
0.988342
-0.939634
0.486984
-0.008393
-0.842830
0.892392
0.245949
-0.832148
-0.264138
-0.293924
-0.360210
0.996094
-0.176428
-0.513901
0.458052
0.390118
0.746391
0.155858
-0.758843
-0.824458
0.248756
0.504074
-0.381329
0.482223
-0.182531
-0.269082
0.473251
0.853694
0.408795
-0.831477
-0.215735
-0.999634
0.078158
0.571947
0.153539
0.846492
0.218299
0.164037
0.961913
0.111728
-0.449873
0.454085
0.776727
0.993408
-0.898679
0.384381
-0.806024
0.173193
0.409955
-0.898984
0.313822
0.135716
0.269021
0.985717
0.349223
0.626637
-0.976928
-0.145421
-0.838313
0.679189
0.095492
0.917112
0.761223
0.531602
-0.359050
-0.218665
0.407392
-0.488083
-0.787164
-0.961852
-0.907651
-0.741508
0.313089
0.534227
0.275979
0.135289
0.103549
-0.241249
0.811274
0.360149
-0.175817
-0.297159
0.767571
0.860286
0.487167
-0.608509
0.081515
0.333415
0.185705
0.089511
-0.131748
-0.556444
0.395367
-0.204810
0.371502
-0.732536
-0.516831
-0.220985
0.764397
-0.106662
-0.851985
0.023591
0.055696
-0.706534
-0.499863
-0.889523
-0.181188
-0.239906
0.684256
-0.938719
-0.898618
0.778680
0.157994
-0.081881
0.814203
-0.044282
0.998901
0.525254
0.296548
0.136265
0.373577
-0.929563
-0.617664
0.729850
0.773492
-0.933470
-0.663930
0.900998
-0.719901
0.659719
-0.594104
-0.692740
0.613758
0.988769
0.045869
0.309977
0.142125
-0.490036
0.077670
-0.359050
0.671926
-0.985656
-0.121372
0.719962
-0.907834
0.217383
0.594165
-0.914365
-0.051119
-0.816095
-0.279214
-0.693289
0.684561
-0.961974
0.904904
0.582873
-0.736808
0.905026
0.500839
0.217017
-0.443648
0.232521
0.560839
0.909238
0.608997
0.794183
-0.645314
-0.920530
0.266518
0.177709
0.000946
-0.736259
0.706595
0.576891
-0.772515
0.448164
0.488266
-0.709830
-0.669790
-0.230201
0.564440
0.602710
-0.228980
0.152623
-0.980651
0.538255
-0.961852
-0.217811
-0.233924
-0.204138
0.694815
-0.728202
-0.514634
-0.471419
-0.171178
0.095981
-0.817927
-0.593066
-0.243385
0.526109
-0.973083
-0.630299
0.867672
-0.152684
0.680898
0.209510
0.775384
0.056246
-0.968200
0.186987
-0.173559
0.174291
0.294290
-0.388165
0.569628
-0.939573
0.546678
-0.194922
-0.471541
-0.437605
0.418928
0.195288
-0.731864
0.186316
-0.158238
0.315836
0.535813
0.507981
0.233192
0.915281
0.611927
0.247658
-0.142491
0.841792
-0.409040
-0.475692
-0.261513
0.394574
-0.116672
-0.071383
-0.375103
0.549364
0.145726
0.877316
-0.673757
-0.821955
0.116977
-0.771599
-0.293497
0.984802
-0.190283
-0.251137
0.796503
0.508164
0.695425
0.221046
-0.261086
0.957945
0.361370
-0.227821
-0.851131
-0.480941
-0.390179
-0.192175
-0.554613
0.438826
0.151158
-0.458541
0.154942
0.080050
0.212867
-0.005524
-0.917356
-0.127293
0.149022
-0.165929
0.995361
-0.108493
0.649709
0.490036
-0.511338
0.652516
0.378094
0.185522
0.794244
0.674123
0.834468
-0.391156
-0.726737
-0.887936
0.688040
-0.841792
0.436689
-0.765252
0.958129
0.751396
0.410810
0.271584
-0.048189
-0.339213
-0.530259
-0.198340
-0.419050
-0.894955
-0.201453
0.132298
0.982849
-0.542161
0.235511
0.907651
-0.831111
0.301431
-0.366314
0.653066
-0.657949
0.640919
-0.346171
0.480148
0.659536
-0.469100
0.125889
-0.375042
0.797601
0.666982
0.549120
-0.106113
0.681326
0.969420
-0.693594
0.460555
-0.869869
-0.567064
-0.977477
-0.273293
0.414655
0.428083
0.711966
-0.117405
0.554369
0.627125
-0.234657
0.480453
0.260414
0.476058
-0.760552
-0.402875
-0.967345
0.551683
-0.441633
-0.766717
0.370281
-0.513413
-0.634144
-0.964660
0.421796
-0.863033
0.932249
-0.747246
-0.058565
-0.482589
-0.593677
0.454756
0.976318
-0.302042
0.749260
0.763787
-0.450117
0.693350
-0.540147
-0.945677
0.194800
0.513352
0.473251
-0.906125
-0.680105
-0.262368
0.809687
-0.329142
-0.456587
-0.309793
0.605579
-0.865780
0.383221
0.533738
0.679556
0.444746
0.551439
0.095431
-0.384198
0.361248
-0.399274
-0.323222
0.311441
0.972839
0.234657
-0.298929
0.905576
-0.285806
-0.351238
-0.660756
-0.789727
-0.068453
0.058931
-0.550279
0.039460
0.483810
-0.818476
-0.903745
-0.775628
0.604480
0.714957
-0.368267
0.550279
0.444929
0.428144
0.770013
-0.802728
-0.091586
0.452986
0.957640
-0.394940
0.658010
-0.768792
-0.408673
-0.077181
0.045320
-0.883297
-0.893857
0.888180
-0.740715
-0.164159
-0.532579
0.906186
0.429487
0.196387
0.117038
-0.875301
0.203528
0.428999
-0.212622
-0.248024
-0.746818
-0.784356
-0.055696
0.811945
0.142613
-0.168859
-0.102634
-0.575426
-0.541551
-0.735038
-0.760613
0.676931
-0.204260
0.161840
0.797296
0.618885
-0.290017
0.115452
0.196692
0.775872
0.097140
0.923887
-0.291421
-0.020600
0.557482
-0.344829
0.115085
0.314188
-0.587939
-0.997742
0.996216
-0.066988
-0.042390
-0.028108
0.663198
-0.875057
-0.433454
-0.128758
-0.955443
0.330119
-0.652760
-0.717521
0.418317
0.509812
0.439436
-0.073824
0.127781
-0.929563
0.360881
0.154210
0.870479
-0.137303
0.115757
0.629994
-0.043184
0.196142
-0.093417
-0.339763
0.293802
0.038972
0.918882
-0.665212
-0.080660
0.784051
0.682180
-0.335307
0.774529
0.928098
0.033540
-0.410260
-0.375958
-0.293558
0.365825
-0.561876
-0.442610
0.717399
0.611133
-0.096896
-0.352641
-0.696463
-0.733818
-0.666005
-0.394696
-0.488144
0.169408
0.181860
-0.718986
0.051851
0.609546
0.369976
-0.428388
0.163854
0.436384
0.474044
0.903378
-0.380108
-0.819086
0.807672
0.421857
0.616749
-0.742302
-0.407208
0.400311
-0.600269
-0.365459
-0.107761
0.574206
0.396283
0.561876
-0.945921
0.425520
0.740654
0.724357
-0.689871
-0.473556
0.547838
0.101901
0.902707
-0.178808
-0.882382
-0.567980
0.197119
-0.314432
-0.856685
-0.421674
0.192785
-0.334147
0.179540
0.308573
-0.732719
0.032746
0.163121
-0.342448
-0.397137
0.639576
0.680715
0.683767
-0.213355
-0.006134
0.659291
0.333110
-0.745659
-0.663076
-0.294412
0.405744
0.664113
0.854427
0.196692
-0.268227
-0.003265
-0.918210
0.340373
0.548875
0.972777
0.807733
0.658437
0.450423
-0.205969
-0.739860
-0.456832
0.693594
0.638478
-0.190100
-0.760796
0.760857
0.593799
0.407453
0.267495
-0.848262
0.804010
0.745842
-0.553331
0.788385
-0.846919
-0.769951
-0.890255
-0.091952
0.181372
0.030793
-0.791253
0.410993
0.908811
-0.749870
-0.724479
0.543626
-0.870296
0.269631
0.325236
0.342265
0.720939
0.221473
-0.349651
-0.140904
0.831660
-0.271096
-0.858150
0.403668
0.515427
0.223060
-0.973327
0.646168
-0.416669
0.328104
0.832209
-0.075167
0.883724
0.497848
0.134190
0.075961
-0.887204
-0.435041
0.421552
-0.831904
-0.884579
0.957518
0.414899
-0.649342
-0.328532
0.552416
-0.556932
-0.910154
-0.480758
0.699332
-0.206030
0.314859
0.704642
0.740654
0.598804
-0.092257
-0.193335
0.710318
0.650929
-0.152318
-0.860836
0.982910
-0.348857
0.447371
0.376690
-0.446699
0.552477
0.524583
-0.587024
-0.224586
-0.369366
0.748650
-0.366619
0.616688
0.530503
0.985107
0.247108
0.297464
0.349223
-0.424421
0.675222
-0.632618
-0.761101
0.499435
0.239113
-0.572619
-0.761101
-0.817560
0.226417
-0.998962
-0.032807
0.771477
-0.666982
0.489486
0.478500
0.214637
0.833613
0.010346
0.950072
0.308573
0.680471
-0.025056
-0.122654
-0.700247
-0.353191
-0.999695
0.016083
-0.259072
0.945860
0.512986
-0.170385
0.368877
-0.267067
-0.029206
0.900632
0.507370
-0.978576
-0.121921
-0.795221
0.020112
0.591845
-0.397504
0.829585
-0.776666
0.486862
0.773675
0.737663
-0.671987
0.715079
-0.746574
0.911069
0.890194
-0.873531
-0.473739
0.539964
-0.473373
0.386456
-0.829463
-0.779229
0.000031
0.345317
-0.956053
0.080233
0.478195
0.600635
-0.162206
-0.450850
-0.257912
-0.186926
-0.781549
0.178747
0.620716
0.958312
-0.423505
0.804376
-0.904172
-0.335795
-0.822016
-0.793268
-0.756096
0.851924
0.152989
-0.746696
-0.539476
0.935789
0.327799
-0.191259
0.482711
0.499374
0.827570
-0.872555
-0.732170
0.756890
0.683340
-0.399152
-0.426984
0.176122
-0.274514
-0.323527
-0.340251
0.366070
0.814325
-0.077120
0.964171
-0.360698
-0.932554
-0.913877
-0.271035
0.580432
0.494980
-0.152562
-0.907712
0.550951
0.149266
-0.823725
0.309671
0.719413
0.634571
0.373455
-0.408612
-0.276223
-0.468856
-0.997986
-0.268410
0.241005
0.017609
-0.069002
-0.016266
-0.696219
-0.283914
0.312601
0.342875
0.209510
0.868160
0.841792
-0.576586
0.479904
-0.092685
0.404828
0.528977
-0.438887
-0.505112
-0.886959
0.266335
-0.161779
-0.551744
0.134007
0.880123
0.731376
0.969115
-0.996216
-0.533372
0.570605
0.280129
-0.783074
0.956236
-0.625172
-0.258705
-0.410566
0.015961
-0.455672
-0.280557
-0.760979
-0.220374
0.161473
0.095370
-0.633961
0.765557
0.316019
0.367168
-0.254677
-0.489914
0.288369
-0.067904
0.363689
0.085238
0.289041
-0.209632
-0.178198
0.079501
0.018159
-0.367718
-0.040620
0.705252
-0.799432
0.705618
-0.384442
0.584521
-0.071688
0.232704
0.853328
0.731864
0.681936
-0.932493
-0.978942
-0.704520
-0.031404
-0.544359
0.043489
0.894162
-0.725761
0.644337
-0.797235
0.935484
0.688833
0.836970
0.243995
-0.657460
-0.192297
0.703421
-0.791253
-0.029328
-0.387799
-0.499619
0.683401
-0.574816
0.829157
-0.154820
0.806146
0.389752
-0.437056
-0.733757
0.005097
0.644704
0.169591
0.224403
0.320780
-0.527696
0.187963
0.276894
-0.718986
0.319987
-0.259560
0.582018
0.539232
-0.214881
-0.023957
0.495651
-0.134312
0.733695
-0.372906
-0.390362
0.093173
0.574633
-0.531846
-0.071200
-0.849300
0.496078
-0.124668
0.080233
0.716483
0.674368
0.811151
0.612293
0.683096
0.452132
-0.835871
0.515976
-0.349040
0.664174
-0.226356
0.417951
0.064364
0.739921
-0.182165
0.288980
-0.083651
-0.677480
-0.679373
-0.213172
0.848506
-0.338786
0.200598
-0.087924
0.682058
-0.537034
-0.774224
-0.755791
-0.445967
0.599109
-0.807123
-0.539537
0.021821
-0.605029
0.434370
0.834773
-0.156163
-0.162633
-0.760002
-0.116367
-0.593799
-0.800409
0.225990
-0.415265
0.898129
-0.540513
-0.032991
-0.458907
0.468062
0.083834
0.129551
0.277383
-0.168493
0.694937
0.205847
0.621815
-0.853206
-0.173193
-0.064119
0.283853
-0.123325
-0.191565
0.594043
0.502731
0.950011
0.469955
0.940916
0.476058
-0.332316
0.153294
0.754509
-0.966247
-0.299112
0.091586
-0.308451
0.522141
-0.308817
0.206885
0.582324
0.825983
-0.295145
0.347087
0.249428
0.270730
0.194128
0.130711
0.487167
-0.034150
0.726615
0.667470
-0.504135
-0.773919
0.069246
0.827754
-0.107700
-0.027802
-0.065767
0.898190
0.276406
0.349345
-0.771294
0.551073
-0.248756
0.158361
0.725822
-0.739799
-0.186804
0.093234
0.059542
0.573901
-0.316141
-0.185461
-0.279336
0.059969
0.046052
-0.602222
0.404035
-0.703787
0.660939
-0.565294
-0.545518
0.199927
-0.935789
-0.663991
0.297403
-0.814325
-0.838435
0.562243
0.602222
-0.288247
0.760613
-0.760430
0.339946
-0.641469
0.307779
0.459334
-0.613819
0.005707
0.148534
0.221717
-0.813349
0.202429
-0.554369
-0.160375
-0.014496
0.769158
0.074984
0.866634
0.429426
-0.262551
-0.065706
0.275674
-0.903867
-0.703421
-0.916868
0.451033
-0.408429
-0.031709
0.108005
-0.675100
0.735343
0.137059
0.394757
0.771966
-0.757683
0.274026
0.324870
0.173864
-0.019074
0.736442
-0.762749
0.040437
0.709952
-0.772759
-0.685171
-0.166662
-0.247597
0.921384
0.803278
0.325419
0.373333
0.857479
0.119907
0.962401
0.111362
-0.335002
0.089755
-0.937620
-0.054537
0.686148
0.904111
-0.347453
0.141209
-0.906796
0.554552
-0.937010
0.643300
0.020661
-0.663259
0.476608
0.821345
-0.229835
0.578173
0.925901
0.403241
-0.860714
-0.394086
-0.760613
0.523057
0.077975
0.801874
-0.983581
-0.894894
-0.319559
-0.003937
0.741264
0.306314
0.342143
-0.643422
-0.265236
-0.666433
-0.214331
-0.376263
-0.644887
-0.743034
-0.969237
0.352947
0.770196
0.695730
0.882382
0.872982
-0.974303
0.013703
-0.508469
0.671682
-0.287210
0.045442
0.437788
-0.235267
-0.165624
0.732841
-0.974059
-0.641041
-0.178014
0.630970
0.202429
0.965941
0.231910
-0.695059
-0.992248
0.681265
0.948546
0.359233
-0.128941
0.348552
0.906430
-0.192236
-0.488327
-0.614185
0.285440
-0.513840
0.596973
-0.963561
0.198218
-0.764641
-0.496384
0.449812
-0.711173
-0.261452
0.132359
0.443037
0.272988
0.759331
0.356792
-0.513535
-0.496994
-0.026826
-0.125828
0.499252
0.353313
-0.143895
0.336833
-0.986877
-0.095431
-0.942930
0.010407
-0.660756
0.567064
0.668325
-0.528855
-0.896603
-0.024689
-0.215613
0.241005
0.391278
-0.831660
-0.216834
0.085482
-0.959899
0.631153
0.632984
-0.402936
-0.260781
0.266701
-0.548875
-0.269997
0.549974
-0.597400
0.135472
-0.281716
0.797784
-0.092502
-0.063265
0.791498
0.305521
0.982910
0.329875
0.538377
0.549303
-0.390484
0.996338
-0.889340
-0.457198
-0.694143
0.821711
-0.588427
-0.387860
0.590442
0.264626
0.169530
0.564745
0.606494
-0.359661
-0.328227
0.357646
-0.278237
-0.435347
-0.272805
0.371502
-0.889889
-0.502487
0.363872
0.075716
0.935301
0.126865
-0.383343
-0.109592
-0.115635
0.611682
-0.686209
-0.564440
0.438459
-0.362163
-0.051057
-0.158238
-0.932432
-0.044832
0.750053
0.120151
-0.031831
-0.608081
0.688711
0.348003
-0.786798
-0.008820
0.037263
0.469893
-0.174047
0.525071
-0.499069
-0.222694
-0.462630
0.139317
-0.272317
-0.762017
-0.034272
0.905454
0.495773
-0.273904
0.793085
0.984985
-0.094333
-0.641591
0.043489
0.700858
0.972289
0.658071
0.565294
0.870418
-0.889523
-0.784783
0.240272
0.226722
-0.835627
-0.084201
-0.099277
0.455489
-0.909055
0.901730
-0.945982
0.967528
0.573168
-0.653798
0.895260
0.688833
0.744743
-0.560289
0.657216
-0.456221
-0.498642
0.908383
0.492172
-0.550035
-0.226783
0.092929
0.877865
-0.178930
-0.772576
0.993408
-0.625904
0.018036
0.721793
-0.273721
0.511704
0.069674
-0.596484
0.353008
-0.986816
-0.762566
-0.441633
-0.604846
0.856075
0.887265
-0.321146
-0.406232
0.842830
-0.122593
0.927000
0.841914
0.950499
-0.099521
0.075594
0.852779
-0.562731
-0.571764
-0.086093
0.768853
0.877438
-0.062044
-0.821589
0.643117
-0.209143
0.579882
-0.132420
0.168249
-0.413312
0.410749
0.387799
0.037935
-0.585742
-0.683035
0.488205
-0.778008
-0.470077
0.847591
0.466781
-0.248878
0.686941
0.051729
0.604236
-0.447920
-0.491928
-0.948851
0.104221
0.361187
0.282998
-0.311869
-0.035981
0.291787
0.403729
-0.162023
-0.378277
0.694998
-0.415693
-0.846919
-0.796197
-0.931272
0.224830
0.847285
0.766839
-0.793756
-0.681936
-0.021699
-0.898618
0.056246
-0.709220
0.840876
-0.896908
0.993835
0.531114
0.589892
-0.475082
-0.775323
-0.569811
-0.885372
0.326395
-0.846126
0.045015
-0.072115
0.136387
-0.258583
0.946348
-0.419050
0.445845
-0.789178
0.563829
-0.130528
0.268593
-0.347636
-0.838618
-0.589709
-0.099643
0.842097
-0.756951
0.497665
0.951415
0.122410
-0.452132
-0.598987
0.630360
0.803217
-0.205664
-0.871578
-0.106967
0.773247
-0.537217
0.356792
-0.189001
-0.910154
0.770867
-0.179785
-0.461226
0.435957
-0.634571
-0.290750
0.340800
0.366008
0.452010
-0.456709
-0.547716
0.035859
0.872494
0.427961
-0.937376
-0.517685
0.930601
0.649709
-0.825556
0.800958
-0.043855
0.604053
-0.250465
-0.554491
0.514573
-0.473128
-0.252663
0.639821
0.672964
0.384198
-0.467025
-0.874691
-0.910825
0.149510
-0.397137
0.293069
-0.802240
0.283425
-0.047212
-0.440229
0.358806
0.761345
-0.955138
0.433088
0.462508
0.777947
-0.919065
0.886532
-0.650502
-0.262612
0.177465
-0.066744
0.708365
-0.069918
-0.561876
0.844478
0.847835
-0.687124
-0.231422
0.746330
0.745109
0.544359
0.297647
0.368633
0.436201
0.201880
-0.079318
0.841731
0.222449
0.386151
0.345195
0.766472
-0.603931
0.062349
0.458785
-0.777154
0.263649
0.640126
0.076937
0.198767
0.116733
-0.689688
0.314432
0.007111
-0.392560
0.870724
0.250282
-0.462874
-0.581469
0.442366
0.051119
0.161229
-0.088595
0.954711
-0.219825
0.285623
-0.539476
0.487716
-0.450606
-0.984191
0.369427
0.438276
-0.276406
-0.135533
0.016205
-0.557237
0.758415
-0.079257
-0.003754
0.623829
-0.095920
-0.831233
0.850703
0.029267
-0.510788
-0.385479
0.132298
0.607410
-0.833247
-0.856868
0.155919
-0.780206
0.068819
-0.499863
-0.268349
0.679495
-0.454573
-0.363567
0.795526
-0.075350
-0.947447
-0.675771
-0.028779
-0.884396
-0.983520
-0.516892
-0.207434
0.696524
0.620045
0.377422
-0.497177
-0.244606
0.032380
0.528733
-0.926634
0.987243
-0.659536
0.512192
-0.324137
0.767937
-0.710135
-0.991638
0.963500
-0.125278
-0.177465
0.532884
0.296365
0.712210
-0.430036
0.943724
0.336222
-0.225135
0.073397
0.047884
0.561022
0.320231
-0.060335
-0.465804
-0.304849
0.950621
0.755486
-0.569445
-0.062777
0.359783
-0.975280
0.577013
-0.744682
0.360576
0.567614
0.059969
-0.989563
0.846187
-0.449324
0.379376
0.055879
-0.566637
0.774163
0.491440
-0.931394
-0.564257
-0.301492
0.011505
-0.719291
-0.228919
0.459029
0.642323
-0.931333
-0.752434
-0.735221
0.450850
0.500473
-0.900204
0.844783
-0.083712
0.489303
-0.593310
0.423750
0.992676
-0.159886
-0.848079
-0.502853
-0.951292
-0.036348
0.238990
0.263710
0.449263
-0.396588
-0.269387
-0.827326
0.782464
-0.184484
0.971313
-0.481429
-0.975097
-0.474654
-0.048006
-0.190100
0.537828
-0.176366
-0.205115
0.249794
-0.982116
-0.445723
0.396405
-0.874752
0.198828
0.159032
-0.284341
-0.434797
0.826899
0.220069
0.753288
0.318339
-0.997864
0.701712
0.199622
-0.819330
0.318033
-0.432417
0.863826
-0.413251
-0.031648
0.334941
-0.250649
0.565111
-0.060335
0.681814
0.568957
-0.654653
0.708914
0.500595
0.951659
-0.650746
-0.628895
-0.392376
0.153050
-0.119663
-0.594043
-0.774407
0.359050
-0.785699
-0.072909
-0.287027
-0.246681
-0.160192
-0.515793
-0.111728
-0.018647
-0.607715
-0.176977
0.216346
-0.212378
0.697928
0.448164
-0.067782
-0.151280
-0.684133
0.913144
-0.911496
-0.050874
-0.951720
0.095309
-0.175878
-0.591784
-0.527573
-0.626392
-0.514573
0.598132
-0.781121
0.551500
-0.323527
-0.910825
0.227638
-0.186071
-0.359844
0.771172
0.817743
-0.046541
-0.664663
0.619007
0.740410
-0.719718
0.387371
0.799493
-0.709403
-0.456648
0.570238
0.956420
0.618458
0.156285
-0.736686
0.223609
0.464278
-0.282510
-0.193884
-0.936460
-0.359478
-0.392987
-0.092135
-0.268838
0.645314
-0.587268
-0.729362
-0.922605
0.304605
-0.685537
-0.705191
-0.389508
0.747978
0.389325
0.050386
-0.617176
-0.890622
-0.394269
-0.230934
0.069308
-0.295572
-0.794305
0.518113
-0.376141
0.074740
0.565172
0.653188
0.131382
-0.594775
-0.245766
-0.121921
-0.413862
-0.838252
0.904782
-0.051180
0.808527
0.500168
-0.363384
0.992126
-0.958922
-0.336772
0.828974
-0.227821
-0.909299
-0.297952
-0.722037
0.192480
0.074129
-0.531114
0.158544
-0.581835
-0.918699
0.141636
0.773309
-0.987304
0.855159
0.298074
0.600269
-0.023530
0.699087
-0.699942
-0.038118
0.640187
0.814447
0.914975
0.822748
-0.058565
-0.911802
-0.113559
-0.749565
0.059359
0.092990
0.479843
0.762017
-0.453230
-0.697562
0.050203
0.098788
0.167272
0.667531
0.713065
0.064669
0.912290
-0.299417
0.501267
-0.031404
-0.896725
0.473983
-0.907407
-0.198462
0.204138
-0.038423
-0.965758
-0.380902
-0.002533
0.791314
0.001617
0.085055
-0.180151
0.747917
0.829890
-0.516099
-0.535081
0.667837
0.406476
-0.172155
-0.982543
0.794794
-0.502670
-0.467513
0.705741
-0.212195
-0.834651
-0.810175
-0.599780
-0.001679
-0.205969
0.967833
0.721610
0.627735
-0.072115
0.190466
-0.056734
-0.971068
-0.273293
-0.646718
0.188513
-0.755486
0.460616
-0.341044
-0.016327
0.342936
-0.987609
0.107517
0.127964
0.379681
0.242958
0.770379
0.551683
-0.076510
0.642628
0.468612
-0.344584
0.983947
-0.113987
0.466292
0.339763
-0.948057
-0.426435
0.787469
-0.148839
0.382122
0.623646
-0.461165
-0.894955
0.185644
-0.236000
0.341716
0.493515
-0.632984
-0.922788
0.726249
-0.213172
0.853633
0.578967
0.755669
-0.159154
-0.951720
-0.631031
-0.351604
0.428816
0.066744
-0.554186
0.819636
-0.674734
0.714103
-0.032563
-0.385784
-0.117405
0.823298
0.800226
0.893368
0.929991
-0.565477
-0.624866
-0.474471
0.112888
-0.179662
0.836177
-0.422224
0.500412
0.266152
-0.280496
-0.558458
-0.366131
0.889340
0.922910
-0.748466
-0.711722
0.690542
-0.238258
0.986755
0.148228
-0.822077
0.444929
-0.087924
-0.644032
-0.802728
0.459517
-0.892331
-0.301065
-0.090487
0.444624
-0.621021
0.849727
-0.262734
-0.680593
-0.149571
-0.929075
0.888180
0.416425
-0.939756
-0.995605
0.929319
-0.758660
0.196387
-0.267129
-0.799982
-0.234474
0.428999
0.189306
0.577013
-0.993713
0.182043
-0.762871
-0.715018
0.513779
-0.007721
-0.649586
0.394208
0.215552
-0.250710
0.582324
0.527879
0.137181
-0.959227
0.946776
-0.692923
-0.701346
-0.184118
0.662099
-0.315104
-0.555040
0.437117
0.570727
0.499374
0.559313
0.377728
0.273354
0.485641
0.313150
0.939879
0.996216
0.596850
-0.232521
0.412580
0.884213
0.546800
0.042024
-0.054964
-0.145238
0.712394
-0.946776
-0.811884
-0.599109
0.509812
0.629017
-0.073824
0.946043
-0.251503
0.432173
0.033357
-0.032502
0.399701
0.562731
-0.207923
-0.284219
-0.830683
-0.396283
0.474715
0.459883
-0.038606
-0.659169
-0.665212
0.917600
-0.530808
0.682180
-0.983154
0.774529
-0.506882
-0.468429
-0.707266
-0.345622
-0.293558
0.147618
-0.543748
-0.901547
0.791009
0.324381
-0.179540
-0.109653
-0.355327
0.143345
-0.666005
0.543382
0.588061
-0.722404
0.528428
0.810785
0.143773
-0.337687
-0.301187
-0.925291
0.135533
0.098300
0.990112
-0.682730
-0.256203
-0.819086
-0.457686
-0.147740
-0.387188
0.842402
0.029878
-0.585498
-0.551988
0.518967
0.742851
0.810785
0.991699
-0.712821
-0.084384
-0.532823
-0.026582
0.848323
0.203711
-0.338359
-0.218604
0.640614
0.602405
-0.178808
-0.370769
0.931883
0.906674
-0.587451
-0.982727
-0.277200
0.248085
-0.934263
0.040925
-0.091647
0.372723
-0.004120
0.366680
0.579211
0.867061
-0.563280
0.681570
-0.504318
-0.213355
0.014435
0.363689
-0.115329
0.838801
0.952025
-0.294412
0.284646
-0.662709
0.796564
-0.593310
0.240638
-0.542405
0.486007
-0.955443
0.542772
0.517930
0.244667
0.964599
0.259743
-0.189062
-0.108188
0.510056
-0.644093
-0.796625
0.046236
0.845882
-0.689383
0.593799
-0.388775
-0.804682
-0.848262
-0.943113
0.015595
0.916318
-0.137608
0.353496
-0.078280
-0.097690
-0.908383
-0.699820
-0.550401
-0.849116
0.410993
0.812311
-0.399457
-0.828425
0.543626
0.246132
-0.692618
0.869747
0.329264
-0.872372
0.647267
-0.006684
0.866817
-0.378704
-0.622364
-0.685598
0.282144
0.879452
-0.228004
-0.123508
-0.236549
-0.599841
0.955138
0.764153
-0.994079
0.578234
0.598193
0.792535
-0.900388
0.106418
0.243080
0.421552
-0.608570
-0.239113
0.310282
0.860652
-0.615162
0.716544
-0.553087
-0.891964
-0.252785
-0.240272
0.993591
-0.149876
-0.877987
-0.462691
-0.732353
0.598804
-0.079867
0.749565
0.317301
0.965697
-0.628407
-0.860836
0.982910
-0.106784
-0.125462
-0.276894
-0.772881
0.772210
0.647328
-0.459517
0.218360
0.307169
-0.660024
-0.366619
0.393902
0.741813
-0.836665
-0.777459
-0.360088
-0.979858
0.252846
-0.637623
-0.916623
0.228431
0.413312
-0.149632
-0.229408
0.095920
0.198462
0.226417
-0.398358
-0.024079
-0.433271
0.646229
0.489486
0.984924
0.562487
-0.957884
0.518540
0.718925
-0.247780
0.048311
-0.248390
-0.718314
-0.890744
-0.353191
0.322184
0.964049
0.368816
0.223365
-0.801996
0.175512
0.755486
-0.564989
-0.212256
-0.503769
0.507370
0.189062
-0.275979
0.601550
-0.095126
-0.382672
0.215247
0.737114
0.078585
0.482589
0.910581
0.504563
0.553331
