-0.823725
-0.040803
-0.454512
-0.561693
0.949522
-0.484115
-0.841792
0.951231
0.557176
-0.689261
0.220130
-0.174596
0.680288
-0.084933
-0.590381
0.700308
-0.758782
-0.309854
-0.788629
-0.003388
-0.131016
-0.739738
0.953368
-0.601306
-0.067232
0.699698
0.353130
-0.209326
-0.955565
-0.827021
0.049654
-0.791559
-0.903989
-0.462752
-0.423139
-0.404828
-0.533433
0.387616
-0.069063
0.428632
0.649525
0.621204
0.631214
0.514451
-0.645741
-0.980651
0.122471
0.691214
-0.839595
-0.165502
-0.181494
0.933592
0.551256
0.281838
-0.529344
0.566942
0.536424
0.826106
0.899472
-0.211829
0.915525
-0.698660
-0.176244
-0.815058
0.055269
-0.834346
0.452620
0.453597
0.657826
-0.170324
0.501511
-0.739921
0.307718
-0.849116
-0.482528
-0.397626
-0.904599
-0.248024
-0.273598
-0.787103
0.498642
-0.443648
-0.334452
0.015839
-0.075838
-0.763726
0.972350
-0.598376
-0.624134
-0.401471
-0.462569
-0.292520
0.015107
0.546007
-0.211524
0.355266
0.372478
0.366619
0.781365
-0.894162
-0.259133
-0.450911
0.973754
0.188269
-0.204627
-0.321696
-0.095248
-0.678091
0.253456
-0.873409
0.791559
-0.998413
0.542344
-0.062166
0.564501
0.319620
0.863460
-0.810541
0.825190
-0.601062
-0.602832
0.028901
-0.921506
0.391400
0.061129
0.943358
-0.144261
0.932737
-0.291116
-0.007782
0.761345
-0.109592
-0.973510
0.352214
-0.839473
-0.362468
0.793939
0.323405
0.229652
-0.195715
0.705130
-0.358440
0.475631
0.356731
0.226661
-0.130772
0.276711
0.322672
0.422163
0.998596
-0.307901
-0.482955
0.045686
-0.845271
0.208289
-0.166478
-0.110691
0.736320
0.398968
0.640797
-0.386090
-0.320963
0.287576
0.381512
0.855586
0.722709
0.479843
0.737907
-0.508042
0.939573
-0.676321
-0.414411
0.795099
0.775018
-0.859188
-0.179540
-0.548753
0.408490
-0.013153
-0.235878
-0.504257
0.911618
-0.413862
-0.436750
0.761650
0.950255
0.660573
-0.484848
-0.335063
0.460616
-0.539964
0.310953
0.261513
0.174474
-0.087497
-0.859066
0.566149
-0.429365
0.778497
0.077425
-0.423017
-0.781487
-0.072604
-0.225562
-0.020844
-0.686636
-0.612415
-0.409528
-0.719352
-0.914548
-0.578722
-0.148900
0.896847
0.652882
0.775750
0.924131
0.814936
-0.048128
0.221473
-0.196326
0.997131
-0.267678
0.870785
0.583728
0.288125
-0.764702
-0.615101
0.333476
-0.240883
0.100558
0.941771
0.195593
0.570788
-0.735649
0.076876
0.657277
-0.911924
0.985046
-0.959716
0.678518
-0.867855
0.595264
-0.765191
-0.645863
0.514451
0.528062
-0.380352
-0.303323
0.417402
-0.772820
-0.248451
-0.453169
0.989380
-0.887631
-0.236488
-0.957884
-0.905881
0.291177
0.759636
0.345256
-0.502487
-0.803644
-0.229469
0.929563
0.127354
-0.448653
0.871517
-0.635731
0.231361
0.831782
-0.407147
-0.496933
0.423994
-0.169652
0.595996
0.430586
-0.177282
0.676931
-0.286111
-0.417707
0.141881
-0.198889
-0.441755
-0.211035
0.669179
-0.628101
0.797723
-0.921506
-0.686575
-0.042879
-0.059603
-0.678457
0.464461
-0.175817
-0.780267
-0.064974
-0.916929
0.802301
-0.757073
-0.040376
-0.622364
0.081027
-0.443464
-0.893063
0.174963
0.480941
-0.546617
-0.951170
0.009919
0.262185
-0.133030
-0.021577
0.336344
-0.461653
0.131016
0.611194
0.755669
-0.390179
-0.186193
0.955992
0.087741
0.795465
0.573290
0.321635
-0.358989
0.591418
-0.818598
-0.668081
-0.913022
-0.511216
-0.572069
0.748405
-0.157079
-0.449080
-0.626514
0.995972
0.621204
0.682058
-0.667226
-0.518296
0.540941
0.166784
-0.593860
-0.854488
-0.883847
-0.924131
0.139866
-0.423688
0.382183
-0.951598
0.793023
-0.510300
-0.849361
0.890500
-0.115940
0.381390
-0.812128
0.711112
0.703726
-0.853694
-0.182165
0.598376
0.405438
-0.619190
-0.464095
0.298074
-0.643239
0.134251
0.764092
0.848567
0.191198
-0.609729
-0.319681
0.834223
0.892636
-0.275063
-0.086032
0.310587
0.148473
0.635853
-0.019379
-0.968078
0.153356
0.968078
0.219398
-0.395917
0.312174
0.672170
0.171911
0.475204
-0.846553
-0.561449
-0.838557
-0.071139
0.441939
0.812372
-0.028291
-0.753899
0.938841
-0.674429
0.422163
0.343852
0.781426
0.120640
0.333842
-0.230567
-0.881649
0.424787
-0.377361
0.702017
-0.404462
0.899045
-0.333232
0.228736
-0.430219
0.301920
-0.421430
-0.168920
0.861141
0.061617
0.730888
-0.786554
0.872677
0.646352
0.946959
0.031709
0.803095
-0.787835
-0.690786
-0.848811
0.480941
-0.178869
-0.516831
0.082125
0.650990
-0.829768
0.610218
-0.874996
-0.496200
-0.323588
0.269753
-0.727958
-0.658742
0.993164
-0.669973
-0.707572
-0.851009
-0.371380
0.069063
-0.636647
-0.692007
0.460005
0.254433
0.575243
0.782403
-0.303751
0.999695
0.855098
0.113742
0.480758
0.060579
0.948424
-0.262978
-0.090854
0.098972
0.410321
-0.262062
-0.912961
0.263710
-0.904965
0.169652
-0.999207
-0.876644
0.605274
0.724357
0.621998
-0.680471
-0.847652
-0.997253
-0.616688
-0.020173
0.551683
0.540086
-0.563463
-0.592212
0.250282
0.574877
-0.031953
-0.584521
-0.910276
-0.863155
0.425886
-0.502487
-0.745964
0.005646
-0.898801
-0.129429
-0.600757
-0.049837
0.923093
-0.551195
0.642323
-0.146458
0.565844
0.119724
-0.395795
0.107578
0.823298
-0.623829
-0.814753
-0.531724
0.205908
0.227577
-0.219214
0.542528
-0.516465
-0.463973
0.531541
-0.903256
0.921995
-0.931944
-0.088839
-0.647511
0.895016
-0.891720
-0.974609
-0.119297
-0.664968
-0.784173
0.832148
0.077914
0.553331
-0.206885
-0.300455
0.731498
0.970641
0.718436
-0.288675
-0.928709
0.963195
-0.321451
0.818476
0.042329
0.748650
-0.114353
0.274880
0.370586
-0.863460
-0.707205
-0.944395
0.979431
0.368999
-0.628285
-0.902097
-0.640736
0.385784
0.456465
-0.407819
-0.507004
0.307047
0.092990
0.993408
-0.113865
0.209510
0.971923
-0.186926
-0.776849
0.261086
0.248451
0.465743
-0.664541
0.183508
0.251808
0.486801
0.615833
0.767937
-0.080172
0.962584
-0.282937
-0.380963
-0.906125
0.187475
-0.946043
-0.729972
-0.587756
-0.561144
0.670827
-0.005646
0.247047
-0.956053
0.340007
0.630787
-0.282022
0.803949
-0.766106
-0.387249
0.148778
0.548753
-0.210303
0.033723
0.259804
-0.053865
-0.908811
-0.834284
0.795221
-0.028474
-0.063936
0.018342
0.838435
0.327921
-0.565233
0.411176
-0.868709
-0.586413
-0.908811
0.269265
0.794122
-0.574389
-0.887448
0.364971
0.369976
0.619861
0.197485
0.442854
0.635426
0.774285
-0.296304
-0.289590
0.968017
0.265114
0.051729
-0.292398
0.156896
0.549608
-0.528123
-0.927122
0.341288
-0.601856
-0.384014
0.975402
-0.504013
0.653249
0.986816
0.752617
0.532823
0.441206
0.881710
0.469466
-0.404035
0.308084
-0.176855
0.097201
-0.701956
0.447615
0.709647
0.853877
0.096957
-0.410138
-0.525498
-0.860530
-0.616749
-0.033723
0.289834
-0.268288
0.876888
0.235450
-0.624195
0.366802
0.480697
0.279214
0.717277
0.968993
-0.307596
-0.645314
-0.468917
-0.257057
-0.039460
0.828303
0.004303
-0.527696
0.842158
0.599780
0.893185
-0.059175
-0.147618
0.063875
0.122227
-0.256203
-0.335124
0.995056
0.794733
-0.099277
-0.387310
0.370464
0.701895
0.736320
-0.039399
0.880490
-0.947569
-0.661611
0.696829
0.631031
0.275307
-0.075838
-0.159825
0.427595
-0.482101
-0.931700
0.434309
-0.571459
-0.867672
-0.989074
0.661184
0.534776
0.894528
-0.013642
0.568468
-0.423078
0.784845
0.043672
0.656423
-0.032319
-0.402570
-0.977477
-0.334269
0.307657
-0.358074
0.567492
0.252113
0.931883
0.916257
0.900876
-0.494675
-0.475814
0.716666
0.168737
-0.039460
-0.259804
0.697134
0.332804
-0.744804
-0.052767
0.026887
-0.531297
-0.472945
-0.121128
-0.364483
-0.232521
-0.511521
-0.979553
0.749504
-0.873287
-0.232215
-0.622059
-0.108737
0.620899
-0.985412
0.108127
-0.554674
-0.023957
0.333842
-0.256203
-0.473678
-0.009796
0.232337
-0.030732
-0.128880
0.433882
0.500412
0.186254
-0.815485
-0.547349
0.052278
0.070162
0.211463
0.160741
0.327677
0.360881
0.426069
0.546434
-0.047334
-0.338176
-0.156407
-0.692740
-0.520981
-0.833735
0.358745
0.740898
-0.457869
-0.591845
0.256142
0.338664
-0.682302
0.028108
0.754265
0.504990
-0.913999
0.018586
-0.902158
-0.164464
-0.237281
0.919736
0.154271
0.140233
-0.444502
0.734001
-0.759575
-0.752861
-0.922483
-0.527268
-0.237648
0.572619
0.258400
-0.250587
-0.954222
0.269875
0.168310
-0.818903
0.674734
-0.791925
0.500961
0.184545
0.656972
-0.454634
0.975219
0.858272
-0.740410
0.044404
-0.896786
-0.964171
-0.649037
0.624012
-0.326090
-0.100925
0.620594
0.956908
-0.987487
-0.912961
-0.871517
-0.104831
-0.146702
-0.880795
-0.812860
-0.186926
-0.745109
0.094394
0.980163
0.330790
0.147496
-0.629749
0.614368
-0.912473
-0.686514
-0.744743
0.228614
-0.207251
-0.886715
-0.060579
-0.887570
-0.939634
-0.640980
-0.008393
-0.842830
0.592334
-0.852596
-0.018159
0.160497
-0.681509
0.065523
0.996094
-0.176428
-0.642445
-0.397504
0.390118
0.206397
0.155858
-0.758843
0.258644
0.248756
0.308878
0.208899
0.482223
-0.121799
0.905576
0.473251
0.853694
0.121006
-0.831477
-0.215735
-0.999634
0.609973
0.571947
0.153539
0.846492
0.218299
0.164037
-0.496872
0.111728
-0.665639
0.419965
0.548875
0.993408
-0.002411
0.214026
0.492172
0.732170
-0.278115
-0.141575
0.313822
-0.199377
0.269021
0.926878
-0.336955
0.626637
-0.980712
-0.145421
-0.838313
0.679189
-0.356182
-0.398785
0.081881
-0.947020
-0.359050
-0.218665
-0.440352
-0.488083
0.256447
-0.961852
-0.907651
0.903378
-0.443464
0.534227
0.275979
0.313639
0.103549
-0.241249
-0.869015
0.094333
-0.175817
-0.297159
-0.103122
-0.778924
0.487167
-0.608509
0.754875
0.333415
0.185705
0.089511
-0.131748
-0.556444
0.747612
-0.468001
0.371502
-0.732536
-0.458113
-0.171361
0.764397
-0.106662
-0.851985
0.023591
0.055696
-0.706534
-0.499863
-0.889523
-0.515915
-0.239906
0.684256
0.811213
-0.898618
0.459151
0.485458
-0.081881
0.814203
-0.044282
0.998901
0.718680
-0.570788
-0.104831
-0.602405
0.982788
-0.617664
-0.773125
0.773492
0.108615
-0.033601
0.948363
-0.719901
0.659719
-0.324564
-0.692740
0.164037
0.988769
0.045869
0.309977
-0.353862
-0.490036
0.942808
0.379559
-0.919187
-0.985656
-0.121372
0.719962
-0.128269
0.179846
0.594165
-0.914365
-0.051119
0.755058
-0.279214
-0.693289
0.684561
-0.961974
0.904904
-0.098239
-0.736808
0.905026
0.500839
0.217017
0.355693
-0.745293
-0.757561
-0.790094
-0.818659
0.102512
0.886959
0.820429
0.728568
0.306314
0.924375
-0.957823
0.706595
-0.921690
-0.772515
0.448164
0.488266
-0.709830
-0.669790
0.164708
0.564440
-0.619984
-0.228980
-0.004242
-0.980651
0.046236
0.035493
-0.520859
0.215003
-0.204138
-0.705985
-0.728202
0.687246
-0.471419
-0.553331
0.306742
0.276467
0.877621
-0.243385
0.526109
-0.867061
-0.630299
0.846797
-0.152684
0.680898
0.209510
0.775384
0.825922
0.964110
0.186987
-0.173559
-0.326701
-0.652882
-0.682546
0.569628
0.058443
0.546678
0.377972
0.780023
0.890683
0.418928
0.467025
-0.731864
0.186316
-0.317362
0.147435
-0.351299
0.507981
0.464095
-0.213904
0.611927
-0.097690
0.773736
0.841792
-0.850826
-0.475692
-0.261513
0.394574
-0.116672
0.861568
-0.375103
0.426130
0.145726
0.375652
0.029572
-0.821955
-0.470199
-0.771599
-0.845759
-0.929502
0.436567
0.468123
-0.820673
0.841853
0.843074
0.452132
-0.261086
-0.835810
0.100558
-0.227821
-0.851131
0.430952
-0.621998
0.519333
-0.554613
0.438826
0.151158
-0.458541
0.154942
0.080050
0.212867
-0.005524
0.138218
-0.127293
-0.393597
-0.878414
0.995361
-0.108493
0.151097
-0.118625
-0.584521
0.652516
0.378094
0.185522
0.794244
-0.490524
0.834468
0.314920
-0.726737
0.102634
0.688040
-0.841792
0.436689
-0.765252
0.958129
-0.631581
0.410810
0.835505
-0.048189
-0.339213
0.189123
-0.221412
-0.065584
-0.695547
-0.201453
0.132298
0.982849
-0.528611
0.235511
-0.337626
0.109104
0.301431
-0.366314
0.842402
-0.657949
-0.528733
-0.854610
-0.301859
-0.540880
-0.469100
-0.327799
-0.375042
0.797601
0.666982
0.549120
0.210547
-0.693411
0.525376
-0.693594
0.460555
-0.869869
-0.567064
-0.977477
-0.273293
0.982788
0.428083
-0.945555
-0.117405
-0.933958
0.627125
-0.234657
-0.457747
0.260414
0.222633
-0.760552
-0.402875
-0.967345
0.551683
-0.511093
-0.766717
0.370281
-0.198523
-0.055879
-0.964660
0.466292
0.089450
-0.149632
-0.747246
-0.058565
-0.482589
-0.144078
0.847713
0.207251
-0.302042
0.386639
0.763787
-0.450117
0.202612
0.884030
-0.945677
0.588855
-0.158727
-0.810968
-0.906125
-0.535875
-0.262368
-0.227332
-0.329142
-0.456587
-0.869503
0.605579
0.721061
0.383221
0.533738
-0.410260
0.444746
0.551439
0.095431
0.750481
0.969848
0.653859
-0.323222
0.311441
0.972839
0.654958
-0.482711
0.905576
-0.754936
-0.351238
0.310709
-0.789727
0.669301
0.058931
-0.550279
0.800958
0.483810
-0.818476
0.014313
-0.775628
-0.580126
0.332682
-0.896970
-0.186254
0.444929
0.794061
-0.591174
-0.802728
-0.091586
-0.191931
0.957640
0.989135
0.958434
-0.768792
-0.152135
-0.077181
0.680105
-0.883297
-0.893857
0.162755
-0.740715
-0.164159
-0.532579
0.906186
-0.832209
0.196387
-0.715262
-0.875301
0.203528
0.428999
0.561022
-0.248024
-0.181982
-0.268593
-0.797601
-0.580859
0.142613
0.409589
0.428938
0.150731
0.558763
0.354350
0.582324
0.676931
-0.204260
0.161840
0.797296
-0.187231
-0.290017
0.115452
0.736625
0.708487
0.097140
0.923887
0.796625
-0.020600
-0.575182
0.764824
0.115085
0.314188
0.143284
-0.997742
0.996216
-0.066988
0.220496
-0.028108
0.413556
0.760979
-0.433454
-0.126438
0.155065
0.330119
-0.652760
-0.717521
-0.020295
0.509812
0.902219
-0.073824
0.127781
-0.929563
0.985229
0.154210
0.870479
-0.183996
0.670705
-0.116001
0.998901
-0.169652
-0.890500
-0.089328
0.293802
-0.042451
-0.870296
-0.665212
0.541246
0.784051
0.682180
-0.528916
-0.977783
0.928098
0.033540
-0.410260
-0.375958
-0.293558
0.365825
-0.561876
-0.376568
0.717399
0.428449
0.680471
-0.352641
-0.901914
-0.733818
-0.243019
-0.554247
-0.488144
0.169408
0.962401
-0.521409
0.051851
0.609546
-0.216956
-0.102084
0.163854
0.436384
-0.033479
0.903378
-0.857356
0.188391
0.807672
-0.698660
0.616749
0.230995
0.920347
-0.563707
0.063753
-0.941038
0.859798
0.574206
0.396283
-0.151463
0.904050
0.425520
-0.173681
-0.578173
-0.689871
0.470077
0.547838
0.101901
0.902707
-0.178808
-0.857295
-0.567980
0.197119
0.466475
-0.856685
-0.421674
-0.228431
-0.334147
0.040925
0.306864
-0.170019
-0.398114
0.163121
-0.342448
-0.397137
0.639576
0.680715
-0.828608
-0.213355
-0.356731
0.374432
0.910154
-0.391400
-0.663076
-0.294412
0.405744
-0.055879
-0.853023
0.196692
-0.268227
-0.003265
0.984436
0.340373
0.779839
0.972777
0.807733
-0.454390
-0.616688
-0.956359
-0.739860
0.237342
0.693594
0.638478
-0.244606
-0.760796
0.760857
0.593799
0.407453
-0.277017
-0.848262
0.804010
0.745842
-0.916746
0.788385
-0.846919
-0.213965
-0.890255
-0.842097
-0.858638
-0.509323
0.798761
-0.428632
0.413434
0.444746
-0.724479
0.543626
-0.870296
0.269631
-0.005768
0.298990
0.701224
0.221473
0.696036
-0.668386
0.831660
-0.271096
-0.357646
0.403668
-0.617542
0.223060
-0.973327
0.646168
-0.416669
-0.433271
0.832209
-0.786737
0.883724
0.497848
0.362651
0.075961
0.484420
-0.435041
0.921384
-0.253700
-0.337382
0.435469
0.034822
-0.649342
-0.658803
0.310770
-0.023041
-0.910154
-0.480758
0.253273
-0.528184
0.284646
0.704642
0.740654
0.598804
0.762383
0.117527
-0.727775
0.650929
-0.152318
-0.447920
0.982910
-0.348857
0.070162
0.376690
-0.239967
0.552477
0.524583
-0.587024
-0.224586
-0.656484
0.748650
-0.366619
-0.532212
-0.061007
-0.051851
0.247108
0.279031
0.349223
-0.424421
0.855953
-0.916623
-0.761101
-0.705496
0.239113
0.716666
-0.874325
-0.817560
0.737419
0.736564
-0.032807
0.296304
0.384381
0.489486
0.175085
0.214637
-0.448225
0.010346
-0.967467
0.131077
0.680471
-0.025056
-0.788018
-0.700247
0.461043
-0.999695
0.016083
-0.522263
0.041475
-0.801996
-0.170385
-0.176733
0.054048
-0.376629
0.900632
0.507370
0.189062
0.543016
0.443281
0.020112
0.591845
-0.021577
0.829585
0.654653
-0.360576
-0.479659
0.933897
-0.671987
0.715079
-0.746574
0.911069
0.890194
-0.138401
-0.721305
-0.846797
0.294961
0.386456
-0.829463
-0.779229
0.379009
0.879086
-0.956053
0.080233
-0.112339
0.600635
-0.162206
-0.450850
-0.257912
-0.190405
0.289407
0.178747
0.620716
0.958312
-0.954100
0.804376
-0.904172
0.289834
0.784417
-0.793268
0.632496
0.851924
0.152989
-0.746696
-0.539476
-0.364605
0.327799
-0.191259
0.482711
0.499374
-0.674612
-0.872555
-0.732170
0.756890
0.683340
-0.399152
-0.426984
0.176122
0.960387
0.172155
-0.979675
-0.368999
-0.553148
-0.077120
0.964171
0.600513
-0.758599
-0.913877
-0.271035
0.580432
0.494980
-0.542711
0.230323
0.550951
-0.526170
-0.823725
0.309671
0.977905
0.073519
0.373455
0.834101
0.165441
-0.468856
-0.606983
-0.268410
0.558397
0.017609
0.788873
-0.016266
-0.696219
-0.030854
0.312601
0.342875
0.209510
0.868160
0.841792
-0.703726
0.429731
-0.092685
0.253029
0.528977
-0.438887
-0.367351
-0.886959
0.266335
-0.161779
0.164342
0.815424
0.012238
0.973449
0.798761
-0.996216
-0.533372
0.570605
0.280129
-0.783074
0.956236
0.777520
-0.258705
0.634571
0.015961
0.601062
0.707450
-0.760979
-0.280923
-0.903867
0.095370
-0.813288
-0.505295
0.316019
0.367168
-0.792108
-0.489914
0.613514
-0.067904
0.363689
0.085238
0.054720
-0.209632
-0.178198
0.079501
-0.853328
-0.612903
-0.955687
0.705252
0.912656
0.705618
0.431379
0.896176
-0.071688
-0.006378
-0.855708
0.731864
0.681936
-0.743706
-0.978942
-0.704520
-0.031404
-0.544359
0.897580
0.560106
0.968810
0.816950
-0.797235
-0.982604
0.808161
0.836970
0.243995
-0.657460
0.571032
0.703421
-0.791253
-0.029328
-0.387799
-0.499619
0.960265
-0.104709
0.829157
0.726554
0.589404
0.663015
-0.437056
-0.733757
0.005097
0.644704
0.169591
0.288491
0.320780
-0.527696
0.187963
0.276894
0.700491
0.319987
-0.259560
0.780084
-0.862484
-0.720634
0.402081
0.495651
-0.634693
0.093478
-0.372906
-0.390362
-0.534959
0.359050
0.964782
-0.378094
-0.161229
0.496078
-0.124668
-0.129063
0.716483
0.674368
0.811151
0.612293
-0.139378
0.452132
-0.835871
0.515976
0.763970
0.664174
-0.888485
-0.689749
0.064364
0.739921
0.470565
0.288980
-0.717093
-0.677480
-0.679373
-0.213172
0.848506
-0.338786
0.200598
-0.087924
0.784112
-0.537034
-0.774224
-0.917722
-0.445967
0.599109
0.027558
-0.002838
0.981811
-0.490280
0.434370
0.834773
-0.680593
-0.162633
-0.760002
0.191931
0.418500
-0.109104
0.225990
0.005097
-0.852351
-0.540513
-0.032991
-0.458907
-0.412152
0.083834
0.129551
0.277383
-0.168493
-0.365764
0.298929
0.621815
-0.853206
-0.180273
0.561022
-0.420942
-0.123325
-0.191565
0.154576
0.502731
0.259560
0.195837
-0.548997
0.233619
-0.332316
0.153294
0.754509
-0.966247
-0.299112
0.091586
-0.308451
0.522141
-0.308817
0.206885
0.582324
0.825983
-0.746818
-0.065462
-0.692740
0.270730
0.838801
-0.901425
0.657338
-0.034150
0.350993
0.667470
-0.215491
0.254799
0.962157
0.827754
-0.107700
-0.027802
-0.065767
0.898190
0.982421
0.073702
-0.771294
0.551073
-0.248756
0.158361
0.725822
-0.660512
0.290567
0.093234
0.059542
-0.397687
-0.316141
-0.185461
-0.258278
0.059969
0.046052
-0.602222
0.404035
0.053438
-0.576830
-0.565294
-0.545518
0.770318
-0.935789
-0.663991
0.297403
-0.814325
0.842708
0.562243
0.602222
-0.767449
0.760613
-0.760430
0.339946
-0.233680
0.252663
0.011200
-0.453108
0.005707
0.828303
0.221717
-0.813349
0.202429
-0.554369
-0.160375
0.993164
0.353069
-0.146275
0.866634
0.429426
-0.262551
-0.065706
-0.010529
-0.903867
-0.703421
-0.916868
0.451033
0.185583
-0.227760
0.573901
-0.977172
0.735343
0.137059
0.394757
0.771966
-0.863399
0.274026
0.324870
-0.398907
-0.408185
-0.847591
-0.762749
-0.391888
0.709952
-0.772759
-0.685171
-0.166662
-0.247597
0.429853
0.803278
0.291299
0.271767
0.857479
0.119907
0.962401
0.111362
0.942137
0.603504
0.490707
-0.054537
0.686148
0.904111
-0.965270
0.141209
-0.647816
0.554552
-0.774957
0.809626
0.020661
-0.663259
0.476608
0.343364
-0.229835
-0.807855
0.468307
-0.176672
-0.860714
-0.394086
0.613758
-0.503891
0.077975
0.326090
-0.983581
-0.894894
0.578600
0.281838
-0.171361
0.306314
0.161290
-0.643422
-0.265236
-0.666433
-0.214331
-0.807184
-0.029084
-0.743034
-0.969237
-0.631336
0.770196
0.695730
0.135594
0.177343
-0.974303
-0.476058
-0.107944
0.671682
-0.287210
0.045442
-0.098422
-0.235267
-0.025178
0.732841
0.551073
-0.641041
-0.178014
0.630970
0.202429
0.278603
0.231910
-0.695059
-0.992248
0.899838
0.948546
0.359233
-0.531541
0.348552
-0.692312
-0.532029
-0.488327
-0.467757
0.285440
-0.513840
0.596973
-0.188635
0.198218
-0.067904
-0.496384
-0.398846
-0.725700
-0.691275
0.011689
0.834346
0.272988
0.759331
0.356792
-0.513535
0.050142
-0.026826
-0.428327
-0.635487
0.353313
-0.143895
0.836238
-0.621021
-0.095431
-0.942930
0.010407
-0.660756
-0.017182
-0.761834
-0.667653
-0.896603
0.145970
-0.215613
-0.607532
0.391278
-0.831660
-0.216834
0.085482
-0.959899
-0.906247
0.632984
-0.187536
-0.260781
0.537400
-0.548875
-0.269997
0.549974
-0.575915
0.135472
0.172887
0.860836
-0.768181
-0.063265
0.791498
0.305521
0.932920
0.329875
0.028169
0.084628
-0.390484
0.996338
-0.560106
0.103488
-0.694143
0.821711
-0.588427
0.289834
0.590442
0.264626
0.887753
0.564745
-0.597461
-0.539232
-0.328227
0.357646
-0.278237
-0.435347
0.678213
-0.540269
-0.889889
-0.701956
-0.889767
0.075716
-0.140721
-0.183935
-0.383343
-0.109592
-0.115635
0.611682
-0.686209
0.924986
0.438459
0.233924
-0.051057
0.814386
0.206397
-0.044832
0.750053
0.200171
-0.031831
-0.608081
0.688711
-0.812372
0.610889
0.482711
0.037263
0.469893
-0.174047
0.525071
0.838557
-0.185278
-0.462630
-0.065523
-0.272317
0.314310
-0.034272
0.492416
0.495773
-0.273904
-0.007294
0.984985
-0.094333
0.813593
-0.391217
0.700858
0.972289
-0.300577
0.565294
-0.348369
-0.889523
-0.208777
0.240272
0.226722
-0.835627
-0.084201
-0.099277
0.847407
0.280251
0.901730
-0.945982
0.967528
0.573168
0.249855
-0.596545
0.688833
0.744743
-0.560289
0.657216
-0.456221
-0.498642
0.908383
-0.023469
-0.550035
-0.615650
0.092929
0.345256
-0.178930
-0.772576
0.384442
0.966796
-0.675161
0.721793
0.679678
0.511704
0.069674
-0.596484
0.353008
0.646901
-0.541673
-0.441633
-0.604846
0.856075
0.887265
-0.352153
-0.406232
-0.970824
-0.930418
0.241188
0.841914
0.625477
-0.099521
0.120945
0.852779
-0.562731
-0.571764
0.693838
0.768853
0.877438
-0.042146
-0.821589
0.643117
-0.209143
0.661733
-0.330668
0.168249
-0.386700
0.410749
-0.799860
0.037935
-0.585742
0.799860
0.488205
0.049715
-0.470077
0.897641
0.522324
-0.248878
0.856136
-0.706473
0.604236
-0.447920
-0.491928
-0.948851
0.104221
0.361187
0.282998
0.555834
-0.035981
0.291787
-0.147740
-0.162023
-0.378277
0.694998
-0.307230
-0.145665
-0.796197
-0.931272
0.224830
0.847285
0.766839
-0.793756
-0.681936
-0.021699
-0.898618
-0.536607
-0.268838
0.840876
0.147923
0.993835
-0.483871
0.956114
0.516648
-0.775323
-0.569811
0.309610
0.634632
0.431501
0.835017
-0.554430
-0.620777
-0.292215
-0.607410
0.700064
0.445845
-0.789178
0.890072
-0.602710
0.016877
0.853267
-0.361187
-0.016327
-0.939695
0.176061
-0.756951
0.830561
-0.005341
0.122410
-0.544908
0.198523
0.314615
0.169591
0.579089
0.382366
0.111240
0.773247
-0.698111
0.272744
-0.189001
-0.910154
0.312662
-0.179785
0.940001
-0.554674
-0.634571
-0.072970
0.371563
-0.570482
0.012848
-0.447676
0.077486
-0.095126
0.872494
-0.800897
-0.998779
0.839717
-0.262612
0.358440
0.135350
0.176244
0.694205
-0.512314
0.534654
-0.554491
0.827754
-0.473128
-0.947020
-0.976379
0.393353
0.482101
-0.136692
0.165502
0.030915
0.850887
-0.267373
-0.388104
-0.017060
0.838069
-0.047212
0.368328
-0.421613
-0.417463
-0.051607
0.433088
0.626148
0.717399
0.745598
0.123142
-0.925535
-0.262612
-0.895322
-0.066744
-0.611927
-0.226722
-0.561876
0.844478
0.065523
-0.814386
-0.401227
-0.689627
0.855647
-0.336711
0.297647
-0.432478
0.546861
0.228187
0.638295
0.051546
-0.101047
-0.141697
-0.486618
0.026093
0.633595
0.366985
0.967711
0.889462
0.293497
0.640126
0.298318
-0.033052
0.926023
-0.689688
0.726798
-0.061434
0.108371
0.870724
0.504929
-0.071810
0.287637
-0.501999
0.965026
-0.103488
-0.486129
0.989196
-0.806391
-0.786676
-0.539476
-0.858028
-0.909055
0.316019
0.830317
-0.774468
0.998657
-0.135533
0.016205
0.787774
0.758415
0.717215
-0.003754
-0.215369
-0.095920
0.022553
0.642872
-0.754326
-0.510788
-0.765007
0.132298
0.964660
-0.437666
0.708060
0.155919
-0.302835
0.295694
-0.499863
-0.439985
0.679495
-0.038972
-0.363567
-0.743339
-0.075350
-0.068758
-0.675771
-0.426191
-0.431928
0.509262
0.995422
0.364360
0.696524
0.620045
0.377422
0.657094
-0.244606
-0.625599
0.632252
0.968871
0.002106
-0.498825
-0.160070
-0.324137
0.767937
-0.710135
-0.277078
0.051790
0.068636
-0.238868
-0.660024
0.296365
0.390057
-0.477340
0.496384
-0.302774
-0.864071
-0.782708
-0.458602
0.561022
0.341533
0.195837
0.573290
-0.341655
0.950621
0.235267
-0.143040
-0.062777
-0.227210
-0.436262
0.023164
0.117771
0.158605
0.085299
0.963805
0.759026
0.593493
-0.449324
0.971801
0.701773
-0.190588
0.237831
0.491440
-0.179601
0.312296
-0.917844
0.089816
0.060152
-0.228919
0.459029
0.704215
-0.067904
0.712455
0.990234
0.838984
0.500473
-0.900204
-0.370647
-0.083712
-0.766655
-0.091220
0.829768
0.992676
0.209143
-0.848079
-0.000214
-0.279214
-0.665517
0.366131
-0.125462
0.449263
-0.192358
-0.269387
-0.827326
0.782464
-0.911435
0.971313
-0.481429
0.675588
0.477157
-0.048006
-0.294778
0.537828
0.211035
0.436567
0.249794
-0.982116
-0.445723
-0.518906
0.483871
0.686575
0.650441
-0.284341
0.395367
0.487838
0.788690
-0.008148
0.318339
-0.997864
-0.109043
0.199622
0.372539
-0.281655
-0.432417
0.623218
0.565355
-0.692923
0.334941
-0.486984
0.052339
0.211280
0.681814
0.568957
-0.158666
0.708914
0.848811
0.221046
0.053560
-0.628895
-0.463790
0.628956
0.698111
-0.594043
-0.774407
-0.726737
0.377911
-0.072909
0.963683
-0.246681
-0.160192
-0.515793
-0.668203
0.216346
0.243751
-0.233314
0.476424
-0.807062
0.697928
-0.923887
0.536668
0.414167
0.004730
0.913144
-0.080111
0.322855
-0.472274
0.095309
-0.107700
0.354350
0.730583
0.541429
-0.514573
0.191992
-0.781121
0.551500
-0.323527
-0.997131
0.046297
-0.874203
0.792108
0.085238
0.817743
0.926572
-0.268288
-0.814936
0.740410
0.704154
0.190954
0.618580
-0.709403
-0.028413
0.428144
0.270241
-0.107334
0.156285
-0.812006
0.916990
0.464278
0.490890
-0.390790
-0.129429
-0.642506
0.911435
-0.092135
-0.268838
0.645314
-0.587268
-0.729362
0.854671
0.304605
-0.685537
0.455611
0.784417
0.747978
-0.816279
-0.404584
-0.617176
-0.783013
-0.394269
0.607898
-0.659780
-0.295572
-0.794305
-0.451216
0.286416
0.219764
0.381817
0.653188
0.131382
0.489242
-0.245766
-0.121921
-0.234901
-0.647023
-0.255776
0.842402
-0.168126
-0.892636
-0.426313
-0.483261
0.940062
0.871700
0.694937
0.391766
-0.400983
-0.297952
-0.697195
0.192480
-0.177648
0.821772
-0.304178
-0.581835
-0.691641
0.141636
0.773309
-0.381634
-0.039216
0.298074
0.791986
-0.023530
-0.369304
-0.382977
0.197424
0.698416
0.814447
0.372295
0.420820
-0.076266
-0.449873
-0.113559
-0.411420
-0.700797
0.780633
-0.595752
0.094089
0.015290
0.232826
-0.274697
0.864925
0.167272
-0.592029
0.713065
0.264199
0.214820
0.287515
-0.752068
-0.847346
-0.896725
0.473983
0.790155
-0.967284
-0.837764
0.564745
-0.491317
-0.745720
0.018097
0.994629
0.033662
0.085055
0.363445
0.747917
0.829890
-0.013459
-0.991516
0.667837
-0.027314
0.932371
0.366008
0.663747
-0.678579
0.052644
0.705741
-0.801508
0.030549
0.790521
-0.599780
-0.001679
0.409040
0.127171
-0.293069
0.129856
-0.823847
-0.197851
-0.056734
-0.977477
-0.887387
-0.646718
-0.076449
0.711966
0.244240
-0.983764
0.627125
0.575732
0.485580
-0.257973
0.638417
0.379681
-0.402875
-0.888730
0.274758
-0.982543
-0.163366
-0.760308
-0.344584
0.983947
0.859371
0.466292
0.339763
-0.948057
0.058382
0.938169
-0.482589
-0.144078
0.623646
-0.461165
-0.894955
0.100742
-0.236000
-0.834590
0.693350
0.495102
-0.922788
0.047761
-0.464644
0.491562
0.578967
-0.264809
-0.420759
-0.951720
0.445173
-0.225257
-0.678274
-0.266091
-0.554186
0.383221
-0.239723
-0.017304
0.560106
0.610706
-0.117405
0.823298
0.800226
-0.092074
0.929991
-0.565477
-0.624866
-0.434858
-0.887936
-0.848201
0.836177
0.986267
0.500412
0.266152
-0.280496
0.042390
-0.366131
0.827631
-0.262123
0.235878
0.625111
0.690542
0.223121
0.986755
0.707999
-0.896970
-0.913572
-0.087924
-0.053682
-0.381756
-0.091586
0.621204
0.722282
-0.090487
-0.881344
0.478561
0.342021
-0.143712
0.771233
-0.883297
-0.929075
0.324686
0.416425
-0.909726
-0.684744
0.906186
-0.463179
-0.566332
-0.149144
-0.875301
-0.374493
-0.297037
0.189306
0.577013
0.123814
0.135655
-0.762871
-0.708304
0.145116
-0.165502
0.049715
-0.118686
-0.281411
-0.250710
0.180883
0.566576
0.137181
-0.959227
-0.896298
-0.692923
0.544603
-0.184118
0.196692
-0.315104
-0.555040
-0.278848
0.946593
-0.857051
0.559313
-0.020051
-0.950072
-0.381451
-0.827326
0.939879
0.996216
-0.238624
-0.232521
0.412580
0.884213
0.546800
0.042024
0.001923
-0.256569
0.712394
-0.751823
-0.085360
-0.599109
0.509812
-0.750969
-0.464217
-0.577319
-0.459517
-0.305277
-0.679373
-0.814447
-0.637928
-0.624866
-0.921995
-0.284219
-0.830683
0.574145
0.474715
0.202368
-0.168188
-0.659169
-0.665212
0.917600
0.784051
0.682180
-0.954100
0.774529
-0.648366
-0.468429
-0.176794
-0.375958
-0.538499
0.147618
-0.543748
-0.577441
0.791009
0.324381
0.049715
-0.519761
-0.355327
0.575060
-0.768303
0.357402
0.740104
0.913572
0.215613
0.507553
0.051851
-0.074068
-0.562365
-0.963500
0.110996
0.756401
0.476913
-0.682730
0.246498
0.925535
-0.883358
0.181372
-0.101779
-0.084689
0.048982
-0.585498
0.790948
0.102451
0.742851
0.773553
0.225623
-0.712821
0.903317
0.425520
-0.750786
0.724357
-0.161351
-0.338359
-0.218604
0.640614
0.417280
-0.178808
0.133518
-0.000519
0.906674
-0.587451
-0.409101
0.516526
0.579150
0.617664
0.325419
0.138218
-0.505539
0.863704
-0.404157
-0.701102
-0.583605
0.511765
0.681570
-0.067537
-0.213355
0.014435
0.753166
-0.569933
0.838801
-0.663076
0.544664
0.284646
0.618519
0.038667
0.697134
0.737480
-0.334025
0.157079
0.227088
0.309977
-0.850398
0.244667
-0.816401
-0.639760
0.032929
-0.108188
0.510056
-0.644093
-0.031465
0.046236
-0.760796
0.760857
0.179785
-0.388775
0.334330
-0.848262
-0.470748
-0.861812
-0.916746
0.196265
-0.162267
-0.078280
-0.019868
0.750664
0.004181
-0.250649
0.044649
0.410993
-0.911985
0.845576
-0.828425
-0.725517
0.058626
0.269631
0.311869
-0.532212
-0.941404
0.221473
0.714042
0.214881
-0.378704
-0.446150
-0.105136
-0.958861
-0.709525
0.565538
-0.123508
0.364849
-0.395734
-0.551866
-0.759209
-0.602527
-0.733268
0.497848
0.792535
-0.510971
-0.887204
0.005097
0.421552
-0.608570
-0.239113
0.310282
0.860652
-0.709830
-0.262123
-0.553087
-0.891964
-0.129185
-0.160070
-0.737602
-0.149876
-0.371624
0.826228
-0.732353
0.598804
0.372600
0.749565
-0.313639
0.320231
-0.628407
-0.860836
0.982910
0.206336
-0.699087
-0.276894
-0.772881
0.772210
0.891049
-0.459517
-0.173193
0.307169
0.737968
-0.366619
0.393902
0.741813
-0.922239
0.247108
0.279031
-0.979858
-0.005707
-0.637623
-0.916623
0.228431
0.413312
-0.149632
-0.622791
0.109775
0.198462
0.405011
-0.398358
-0.024079
-0.433271
-0.644276
0.489486
0.984924
0.562487
-0.957884
0.518540
0.718925
-0.247780
0.151341
-0.248390
-0.160802
-0.890744
-0.353191
-0.125095
0.859737
0.368816
0.223365
-0.801996
0.175512
0.755486
-0.876339
-0.212256
-0.503769
0.467818
0.189062
0.454695
-0.921690
-0.095126
-0.014985
0.522691
0.737114
0.078585
0.269448
-0.971984
0.992126
-0.746879
