0.304910
-0.172094
-0.851985
-0.145116
-0.993957
0.694632
0.935301
0.908261
0.081881
0.466353
0.009674
-0.409223
-0.623951
0.231605
-0.579211
-0.787225
0.562914
0.674368
-0.968993
0.978942
0.069002
-0.505234
0.175573
-0.651051
-0.726005
0.143956
0.045198
-0.560595
0.510483
-0.070589
0.226661
0.237587
0.166173
-0.555040
0.812799
0.964599
0.439924
0.677602
-0.096164
-0.043184
-0.971679
-0.041108
-0.072542
-0.456038
0.864620
-0.289163
0.284829
-0.188208
-0.751762
-0.258705
-0.890072
0.346355
0.048250
0.166723
0.406964
0.237648
0.515488
-0.156285
-0.355022
-0.248268
0.495773
0.556932
0.269875
-0.629017
0.478317
-0.654714
0.380963
-0.396832
-0.431074
-0.496445
0.813349
0.377056
0.721366
0.352458
-0.350261
-0.957152
-0.348247
0.687674
-0.131932
0.137669
0.329569
0.452864
-0.154454
-0.327433
0.445906
0.315836
0.878231
-0.148412
-0.069918
0.152318
-0.275491
0.462874
0.966552
-0.444807
-0.817255
0.106052
-0.947264
-0.995605
0.234107
-0.269936
-0.571337
0.969970
-0.883786
-0.868221
0.251747
-0.228248
-0.375958
0.066378
0.055330
-0.823664
0.428755
-0.375591
-0.682546
0.350505
0.071871
0.672353
-0.315836
-0.793817
0.386700
-0.240883
-0.097018
-0.393170
-0.778924
0.466903
0.038789
-0.173742
-0.769463
-0.587329
-0.210974
-0.207678
-0.913816
-0.409101
0.002411
0.734733
-0.394208
0.189184
0.672781
-0.424604
-0.011994
-0.168676
0.756157
-0.698233
0.357646
0.855953
0.491256
0.341899
-0.253883
-0.447798
0.455428
-0.326334
0.434797
-0.854305
-0.859127
-0.869198
0.240638
0.602222
0.663747
-0.747307
-0.160619
0.574816
-0.560289
0.556261
-0.041841
-0.742546
-0.131443
0.009857
-0.693838
-0.948668
-0.256569
-0.047517
-0.138951
-0.900815
0.887082
-0.843196
0.146336
0.151708
0.838923
-0.843684
0.107761
0.597949
0.267006
-0.623402
-0.326334
-0.012482
0.047029
-0.152196
-0.458480
-0.385052
0.136570
0.873775
0.224403
0.430036
-0.853755
0.722648
0.849788
0.922422
-0.818171
-0.126560
0.795343
-0.516099
-0.972045
0.071383
-0.830134
-0.103793
-0.735954
0.995727
-0.505966
-0.966185
0.691824
-0.438704
-0.394391
0.004730
-0.906369
-0.112949
0.426557
0.585009
0.491195
0.300394
-0.166234
-0.930906
-0.461043
-0.425153
0.991882
0.311319
-0.500351
-0.601245
-0.440901
-0.317728
-0.751762
-0.654775
-0.355388
-0.610279
0.443342
0.230140
0.823054
0.889706
-0.344340
0.261513
-0.807184
0.643971
-0.444380
0.432783
-0.647694
0.076022
0.706351
-0.060762
0.502426
0.296365
0.181127
-0.451277
0.256508
0.701590
0.414045
0.421369
-0.373333
-0.869015
-0.437239
0.837519
0.695486
-0.967772
0.391522
0.080294
-0.066744
-0.172338
-0.771294
0.895199
-0.127781
-0.674184
0.293619
0.421003
0.801141
0.924558
-0.839717
0.731010
-0.271828
-0.275185
-0.596545
0.998169
0.866085
-0.373821
-0.730338
-0.731925
0.641530
-0.194128
0.335551
0.451949
0.134312
-0.559557
-0.204688
-0.915464
-0.613453
-0.438704
0.299112
-0.876339
-0.161596
0.905026
-0.482406
-0.623707
-0.117649
0.109348
0.146275
-0.893185
-0.430342
-0.111606
-0.634083
-0.732047
-0.860042
-0.095676
0.432966
0.009308
-0.685659
0.446455
-0.903806
0.063265
-0.852229
0.441694
0.507431
0.882199
-0.087069
-0.959105
-0.796258
-0.324503
0.949583
-0.393170
-0.918394
0.016694
0.665090
-0.487960
0.499313
0.546800
-0.778985
0.425947
0.496078
0.783380
0.348430
0.744743
-0.957884
-0.412397
-0.328043
0.342204
-0.060091
-0.134739
-0.057711
0.717582
0.776543
0.359294
-0.285623
-0.706900
-0.592761
-0.622120
-0.775201
-0.327372
-0.296731
0.899838
0.941832
-0.589587
0.190954
-0.406171
0.790216
-0.637379
-0.336100
0.652272
0.737175
0.979736
0.843806
-0.068331
-0.034272
0.970946
0.951842
0.271096
-0.009125
0.806146
0.972472
-0.804437
-0.579577
0.730461
0.720878
0.118625
-0.768731
0.518479
-0.001801
0.217322
-0.352153
-0.319437
0.268899
-0.610340
0.476119
0.020539
0.167516
0.986206
-0.737907
-0.537889
-0.365032
-0.216773
0.589770
-0.398602
0.786920
0.377239
0.541490
0.097018
-0.359172
-0.044343
-0.332987
0.365459
0.049348
-0.699515
0.157018
-0.301553
0.288858
-0.323222
-0.863521
-0.414594
0.703848
-0.780084
0.999207
-0.062410
-0.342448
0.420576
-0.798578
0.720817
-0.051241
0.348064
0.236061
-0.751823
-0.669668
-0.464522
0.575915
-0.470382
0.356243
0.789178
0.227149
0.749931
-0.917417
-0.315348
-0.565416
-0.863155
0.784234
-0.708975
0.641469
0.391095
0.672048
0.992370
0.371441
0.827876
0.182958
-0.380718
-0.416242
-0.413495
0.268288
-0.645619
-0.373577
-0.668691
-0.545030
0.183691
-0.332987
-0.666494
-0.980834
0.584155
0.213721
-0.587573
-0.192541
-0.605823
-0.836299
0.960997
-0.982910
-0.476608
-0.227943
-0.302713
0.907407
0.268410
-0.576891
-0.676138
0.764336
-0.936888
0.145787
0.221595
0.296976
0.333842
-0.408734
-0.788812
0.821284
0.852168
-0.694021
-0.844478
0.941282
-0.268960
-0.599292
0.999145
-0.209815
-0.020234
0.778741
0.954588
-0.720511
0.969481
0.833308
-0.926145
0.468307
0.437300
0.098178
0.119053
0.016022
-0.250954
0.096652
-0.511521
-0.669546
0.144749
-0.541917
-0.244728
-0.603687
0.237403
-0.792535
-0.635304
-0.052889
-0.161046
0.482467
-0.965026
-0.024262
0.162206
-0.681265
0.175817
0.344157
-0.038362
-0.954161
0.195349
0.771722
0.251381
0.089999
0.756951
-0.494064
0.200049
-0.355266
0.402387
-0.446211
-0.037629
0.200354
-0.350566
-0.323466
-0.631642
-0.133946
-0.503891
0.505356
-0.450545
-0.161168
-0.775994
-0.072115
-0.780023
-0.622974
-0.326395
0.347942
-0.318583
0.020356
0.285501
0.298135
-0.825434
-0.728446
0.432600
0.136448
-0.487045
0.944456
0.873043
0.559435
-0.412946
0.898129
-0.300394
0.190771
-0.769585
-0.412152
-0.067110
-0.568651
-0.925474
-0.768059
-0.879147
-0.171484
0.556200
0.981811
0.574572
0.504624
-0.287027
0.590258
0.596301
-0.548204
-0.704215
0.351238
-0.720756
-0.542711
-0.430525
0.315897
-0.347575
-0.927366
-0.328776
0.431806
0.544237
0.203711
0.339702
-0.299234
-0.235755
0.138646
-0.945677
-0.742973
-0.342326
0.982177
0.553331
0.813044
-0.787530
0.953246
0.105441
-0.096835
-0.772271
0.612476
0.863338
-0.171911
0.465438
-0.912839
0.858699
-0.219337
0.988220
-0.457930
-0.046419
0.396588
0.691885
0.907834
-0.465194
0.602893
-0.072054
-0.290994
-0.485824
0.877194
-0.192175
-0.982116
0.820612
-0.201636
0.704337
0.128819
0.330546
-0.420759
-0.461104
-0.670339
0.606983
-0.746147
-0.177404
0.516526
-0.469527
-0.856929
-0.641285
0.519578
0.199499
0.004608
-0.624073
-0.975097
0.377300
-0.473556
-0.932432
-0.363933
-0.050874
0.702689
-0.563036
0.362529
-0.807917
-0.985839
-0.663259
0.667592
0.323405
0.820490
-0.030061
-0.438276
-0.293313
-0.219337
0.394024
0.920042
-0.614124
-0.425214
0.553209
0.105808
-0.331523
0.666494
0.202673
-0.201697
0.546007
0.986694
-0.207862
0.877804
-0.170080
-0.304117
0.724052
0.548387
0.154271
0.634144
-0.531785
-0.676687
0.012848
0.532029
0.078402
0.213050
-0.503159
0.898740
-0.063570
0.554735
-0.966491
-0.164525
0.615345
-0.822748
-0.269692
-0.252174
0.596484
0.719291
0.382672
-0.278420
0.168920
0.127354
-0.460555
-0.952635
0.878536
0.631947
-0.230323
-0.426984
-0.323099
0.555712
0.312357
0.702506
-0.531541
0.994079
0.226844
-0.440657
-0.806269
0.136326
0.200476
0.453108
0.303140
0.696097
-0.742424
0.026887
-0.880428
-0.806574
-0.126865
-0.019379
0.686880
0.305521
-0.523728
0.503281
-0.039338
-0.634083
0.748955
-0.984497
0.090243
0.038057
0.493210
0.202368
0.640553
-0.831416
-0.285318
-0.707266
-0.681570
0.295267
0.885922
-0.223243
-0.582507
0.866024
-0.785089
-0.263710
-0.233192
-0.902524
0.844417
0.209265
-0.510117
-0.610462
0.476730
-0.427351
0.051546
0.697073
-0.691641
0.978027
0.311930
0.599048
-0.433943
0.167577
-0.569506
0.661672
0.326090
-0.550768
-0.539171
0.435652
0.116062
-0.637196
-0.658376
0.577136
0.957945
0.018220
-0.504868
0.538560
0.106845
0.677419
-0.303323
0.414777
0.809259
-0.598376
-0.193152
0.308939
0.889279
-0.070589
-0.120273
0.738273
-0.886288
-0.654469
-0.032258
0.020356
0.015656
0.275124
-0.749382
0.502060
-0.468917
0.728446
-0.826167
0.621509
-0.720573
-0.357952
0.316324
0.909726
0.078463
-0.970336
-0.096164
0.560350
-0.866512
-0.057405
-0.098300
-0.285623
-0.709342
0.570849
-0.937925
-0.488998
0.394086
0.013215
0.211158
0.266701
-0.384747
-0.617481
0.363323
0.245766
-0.574084
0.976135
0.097201
0.580065
0.777520
-0.195166
0.149327
0.336283
0.242897
0.663381
-0.024140
-0.383099
0.788141
-0.762871
0.900754
0.033601
-0.703177
-0.231971
0.394269
-0.465743
-0.884640
0.586047
0.728996
-0.390851
-0.120945
-0.551195
-0.144627
0.572985
-0.037568
-0.617847
0.420759
-0.797052
-0.478011
-0.700735
-0.613269
0.454390
-0.763726
-0.526170
0.966796
-0.839900
-0.732109
-0.123386
-0.147801
-0.735466
0.070345
-0.373577
0.272439
0.061068
0.227393
-0.246376
-0.168188
-0.463729
-0.046846
-0.953978
0.909970
-0.545640
-0.235572
0.190649
0.077242
0.012360
0.632557
-0.463240
-0.901975
0.810114
-0.641957
0.792291
-0.507797
0.482650
0.842830
0.883602
0.685659
0.791620
-0.455184
-0.199866
-0.149815
-0.191748
0.827815
0.306864
0.860714
0.435774
0.849422
-0.395856
-0.790033
0.379864
-0.039766
-0.079073
0.387677
0.213233
0.082736
-0.840083
0.555651
0.386883
0.531053
-0.219459
-0.886288
-0.294534
0.064791
0.666311
0.173803
0.176672
-0.567797
-0.255531
-0.036103
-0.588610
-0.616260
-0.959105
-0.264626
0.096591
-0.643605
0.355754
0.835932
0.704520
0.385662
-0.322428
0.666433
-0.767571
-0.958983
-0.888485
0.596057
0.399884
-0.856624
-0.809198
-0.665578
-0.604724
0.327250
0.407025
0.162023
-0.965575
-0.824091
0.828425
-0.777459
0.493271
-0.884091
0.812189
0.397015
-0.353313
-0.106052
-0.893490
-0.181860
0.173132
0.864254
-0.182043
-0.924741
0.060823
-0.414472
-0.705252
-0.718986
0.392926
0.071078
0.957152
0.097140
-0.770074
-0.064547
0.625782
0.321207
-0.046785
0.226356
-0.820917
-0.788812
0.216468
0.066256
0.430158
-0.510544
0.521409
0.891293
-0.330851
0.475631
-0.843440
0.853816
-0.893674
-0.378826
-0.744133
-0.748039
0.554552
0.964232
0.338786
0.924436
0.605701
-0.073946
0.444441
-0.532884
-0.604785
-0.863704
-0.403302
0.305216
-0.377422
0.296487
-0.157201
-0.397931
0.360698
0.860408
0.651601
-0.686209
-0.770074
-0.478927
0.269814
-0.096469
0.798639
0.020112
-0.491867
0.891171
-0.646596
0.292459
0.073702
-0.849544
0.338481
-0.515183
-0.298074
0.659169
-0.512314
-0.812067
0.841670
0.514084
0.562731
0.928709
0.092624
0.117161
-0.768487
0.445723
-0.961547
0.410566
-0.579394
-0.122532
0.813288
-0.549852
0.585314
-0.138157
-0.670522
0.972350
0.480514
-0.339885
0.829829
0.511460
0.474044
-0.278420
-0.256081
-0.405194
-0.766228
-0.290139
-0.789666
0.529038
0.525742
-0.312113
-0.258095
0.258889
-0.885067
0.115268
-0.968139
0.219764
0.349773
-0.918271
0.804498
-0.073153
0.629261
0.672781
-0.495712
0.968688
-0.301126
0.143956
-0.012421
0.657888
0.660268
-0.165441
-0.151158
0.067721
0.344768
0.022858
-0.228431
-0.543443
-0.552782
-0.398053
-0.355998
-0.165563
-0.550340
0.155736
-0.027558
0.819636
0.169774
0.793756
0.394208
0.409467
0.647938
-0.732292
0.365093
0.376629
0.842036
0.582202
0.865902
-0.563585
-0.677908
0.448897
-0.616749
-0.318949
-0.788018
0.938475
-0.153111
0.775689
-0.068575
-0.260475
-0.325419
0.855098
0.246193
-0.596850
-0.476730
0.347392
0.360881
-0.134800
0.544542
0.631520
0.212683
-0.259926
0.581164
0.805109
-0.335856
-0.388531
0.191015
-0.018097
-0.020234
0.293924
-0.388836
0.752007
-0.062471
-0.397565
0.918210
0.955443
0.128086
-0.256325
0.371563
-0.544237
-0.654775
0.136204
0.917112
-0.209937
0.850642
-0.428510
-0.685904
-0.579882
0.910825
-0.361736
-0.847285
0.156713
0.111606
0.411786
-0.193396
-0.557115
0.802850
-0.186377
0.648976
0.883053
-0.505722
0.690298
-0.469955
0.888424
0.085604
0.986206
0.391400
-0.222633
0.380352
-0.328471
-0.228248
-0.985473
0.552416
-0.462996
-0.241798
-0.824885
0.285257
0.902524
-0.992859
0.969054
0.199011
-0.714957
0.316080
-0.832942
-0.804254
0.797418
-0.789789
-0.764031
-0.565844
-0.646840
0.251625
-0.732841
0.045503
-0.498093
0.035920
-0.480453
0.255715
-0.981323
-0.292215
0.586718
-0.579638
-0.567919
-0.829585
-0.711905
-0.331828
0.099094
-0.548875
-0.532212
0.832453
0.066866
-0.368084
-0.423933
-0.091220
0.033906
0.466292
0.649953
-0.568468
-0.872555
0.404950
-0.631642
-0.702567
0.705557
0.095614
-0.962096
-0.644765
-0.478072
-0.521409
0.274453
-0.436445
-0.765069
-0.475387
0.426313
-0.821467
-0.127903
-0.598498
0.402448
0.449385
0.503464
0.047945
0.762017
0.755974
-0.639027
0.101047
-0.617298
0.358318
0.266579
0.528306
-0.197424
0.967101
0.704703
0.408002
-0.730522
-0.633045
-0.984375
-0.163610
-0.833857
-0.640736
0.670888
-0.817011
-0.731681
0.413739
-0.669668
0.784906
-0.877071
-0.851924
-0.097262
0.662648
0.275185
-0.255287
-0.946226
0.740471
-0.314859
-0.188940
0.554918
0.332255
-0.012177
0.860408
-0.269448
-0.060213
-0.139012
0.823176
0.779229
0.104526
-0.951903
0.428755
-0.683401
-0.037996
0.156102
0.686453
0.124912
0.612720
-0.896664
-0.793329
-0.425459
0.185339
0.881893
-0.762261
-0.706351
0.761589
-0.998901
-0.911069
0.487106
-0.697867
-0.417646
-0.408918
0.443098
-0.367107
0.302164
-0.733757
-0.385174
-0.871090
0.891842
-0.632069
0.461715
-0.442000
-0.582812
-0.405377
0.494797
-0.161412
-0.532579
0.251808
-0.318033
-0.327921
-0.411481
0.173925
-0.834956
0.119785
-0.768792
0.832759
-0.664968
0.938353
-0.436445
-0.128208
-0.124119
-0.335368
0.579821
0.834712
0.842769
0.079806
-0.126438
-0.811945
0.304178
0.875729
-0.177526
-0.857540
-0.064974
0.420698
0.254738
0.878414
-0.843623
-0.449263
0.260842
-0.293252
0.841365
0.615589
-0.394818
0.454878
-0.955016
0.062532
0.508408
-0.134129
-0.286721
0.504257
-0.549181
-0.413007
-0.058565
0.186010
0.002960
-0.620106
0.756279
0.258644
0.120640
0.343486
0.244484
0.097018
0.470199
-0.408673
0.788018
-0.158544
0.785089
0.704215
0.276162
0.021577
0.905698
-0.229286
0.028657
0.776238
-0.349528
0.021149
0.404645
0.183325
-0.928526
-0.443464
-0.449568
0.793756
-0.055940
0.554552
0.609119
-0.572436
-0.463301
-0.615101
-0.917539
-0.350627
-0.655934
0.311808
0.329081
-0.368267
0.740043
-0.130039
-0.111850
0.336222
0.864010
0.425398
0.503708
0.597156
-0.304666
-0.640309
-0.851497
-0.930235
-0.043611
0.882260
0.603870
-0.048677
0.055391
-0.795831
-0.533616
-0.661306
0.126072
-0.378887
-0.757439
0.068880
0.035005
-0.786737
-0.404889
0.074557
0.052278
-0.675588
0.559069
0.392804
-0.271706
-0.201453
0.447981
-0.146886
-0.874264
-0.435408
0.663198
-0.973083
-0.661000
-0.268166
0.819941
0.821589
-0.925657
0.924863
0.405560
-0.279153
0.646290
-0.430097
-0.324320
0.874752
0.471969
0.731986
0.210669
-0.595874
-0.484481
0.395550
-0.152501
0.009674
0.772454
-0.347697
0.958434
0.974609
0.296182
0.932676
-0.771233
-0.645558
-0.020112
0.665029
-0.433576
-0.108798
-0.292398
-0.895993
-0.168615
0.241005
0.896481
-0.183569
0.643971
0.124485
-0.934996
0.901669
-0.196997
-0.200354
-0.467574
-0.406598
0.217139
-0.043550
0.953246
0.645497
-0.112094
0.327860
-0.213172
-0.083102
0.796808
-0.302835
0.181921
0.893124
0.080050
0.418134
-0.973632
0.525925
-0.665944
-0.529954
0.931639
-0.868404
-0.874508
0.542161
-0.479293
0.586535
-0.372600
0.585070
-0.586413
0.512986
0.086825
0.741997
0.388043
-0.119785
-0.932188
-0.029145
-0.005402
0.267312
-0.884640
-0.306558
0.717277
-0.016877
-0.091281
0.429304
0.184973
0.245460
0.823786
-0.921384
-0.466720
-0.682546
0.716300
0.431257
-0.903012
0.970641
0.243751
-0.448897
-0.200964
-0.782403
0.665822
0.807733
-0.650563
0.846065
-0.674184
0.824824
-0.819575
-0.964049
0.593310
0.492538
-0.646474
-0.219764
-0.270363
0.429914
0.612659
0.626331
0.143590
0.657155
-0.686880
0.398236
-0.291055
-0.933409
-0.281045
-0.004669
0.715018
-0.638539
-0.202368
0.873714
0.527573
-0.237526
0.918455
0.018097
-0.210181
0.770684
-0.961180
-0.127415
-0.318827
0.197546
-0.239174
-0.774773
0.687857
-0.692984
0.021088
0.508652
-0.755974
-0.978759
-0.972839
-0.495224
0.911557
-0.139866
0.825495
0.465682
0.512497
-0.442122
-0.487838
0.001434
-0.662465
0.798334
0.326640
-0.058138
-0.680349
-0.336528
0.015473
-0.544176
-0.814631
-0.320597
0.626331
0.921690
0.894284
-0.531968
0.498764
0.931394
-0.613941
0.032929
-0.615833
0.287454
-0.748161
-0.583422
0.252846
-0.287698
0.992370
-0.929624
-0.859737
-0.892087
0.262551
0.527085
-0.960265
-0.840815
-0.951598
-0.709830
-0.597583
-0.405988
-0.000275
0.921934
0.295328
0.284524
-0.329875
-0.157628
0.245399
-0.984497
-0.890988
0.247841
-0.834651
-0.125156
-0.073763
0.442610
-0.500168
0.727348
0.537217
0.376568
-0.910031
-0.604297
-0.241554
0.987609
0.985107
-0.135594
0.093051
0.134434
-0.609180
-0.060335
0.586718
0.551073
0.463179
0.639393
-0.738884
-0.985412
-0.839534
-0.153722
0.779168
-0.991699
-0.250710
0.337016
0.009186
-0.052217
0.500412
0.198035
0.698233
0.791314
0.096530
0.547899
-0.597766
0.330912
-0.715201
-0.898068
0.239357
-0.998962
-0.316202
0.853328
0.969359
-0.402142
-0.637806
0.344157
0.860775
0.612354
-0.365337
-0.361797
0.173803
0.971618
-0.357341
-0.183081
0.277017
0.415143
0.857051
-0.452071
-0.094089
0.371502
0.660573
0.464400
-0.955077
0.059542
-0.954588
-0.380352
-0.696097
-0.886715
0.968444
-0.868038
0.650929
-0.373760
0.181921
-0.057772
0.316080
-0.412702
-0.223060
0.689566
0.523057
0.809687
-0.353862
-0.375042
0.816034
-0.752922
0.983520
0.259438
-0.058443
-0.356426
0.096408
0.849422
-0.208106
0.614917
-0.000702
-0.238685
0.984863
-0.238746
0.948729
0.213965
0.621632
0.710929
0.713370
-0.617908
0.540635
0.288430
0.395978
0.506333
0.657643
-0.397443
0.987487
-0.555589
-0.109836
0.468795
-0.687735
0.044282
0.295206
-0.200171
-0.670766
0.456648
0.559557
-0.846065
0.676382
0.121677
-0.883602
-0.842708
0.685171
0.059542
0.534104
-0.145482
0.018281
0.744743
-0.898740
-0.536058
-0.579028
0.889767
0.748833
0.551683
0.289224
0.789056
-0.184240
0.267678
-0.300333
-0.528062
0.862728
-0.556078
0.525620
-0.770867
-0.801874
0.020295
-0.794183
-0.981262
-0.185583
-0.546617
0.970275
-0.926389
0.312906
0.657826
0.009125
0.237037
-0.138279
-0.178076
-0.599170
0.270974
-0.496933
0.693350
-0.672170
0.356548
0.633595
-0.725761
0.786248
-0.626453
-0.625111
-0.424848
-0.721061
0.167638
0.172643
-0.886166
0.256142
0.256508
0.152501
-0.881222
0.621021
0.968444
0.817621
0.424421
0.609058
0.377728
-0.895322
-0.365276
-0.173925
-0.486801
-0.202002
0.810419
-0.007294
0.947813
0.260048
-0.131138
0.228736
-0.828242
-0.583544
0.566881
0.482467
0.135960
0.841426
0.767327
-0.065218
-0.838496
0.808893
0.110446
0.160070
-0.570055
0.023774
-0.722159
-0.387921
0.474654
0.108005
-0.256874
0.468551
0.082308
0.966796
-0.210852
0.601672
0.265053
-0.874020
0.636708
-0.469100
-0.687735
-0.354106
0.745964
0.159886
0.263344
0.505417
-0.681753
0.875729
-0.891476
-0.931761
-0.026337
0.673635
-0.507187
0.536607
0.418806
-0.097507
0.734367
-0.292215
0.068026
-0.822260
-0.943968
-0.452864
-0.812922
0.506699
0.904965
-0.590197
-0.370708
0.147557
-0.970580
-0.220130
-0.968627
-0.835810
0.774163
0.597827
-0.700064
0.054170
0.283975
0.539720
0.391644
0.592700
-0.750725
-0.358135
-0.324198
-0.364299
0.303995
-0.378643
0.854427
-0.492477
0.778436
-0.234779
0.549608
0.030183
-0.725517
0.312540
0.282876
0.470748
0.258522
0.762261
-0.079562
0.731864
0.239418
-0.812677
-0.116794
0.717215
0.128330
0.784417
-0.707694
-0.357707
0.254189
-0.191748
0.421430
0.308939
-0.664174
0.610828
-0.104099
-0.609302
-0.798639
-0.888791
0.299295
-0.642994
0.845943
0.497055
0.493515
0.883969
-0.073641
-0.860591
0.564318
0.285684
0.289407
-0.547777
-0.527635
0.715934
-0.999817
-0.015351
-0.482894
0.654408
0.886593
-0.907895
-0.946654
0.783685
0.571947
-0.721915
0.759758
-0.760613
-0.661000
0.089633
0.469222
-0.192419
-0.031098
0.636158
0.283364
-0.009674
0.108005
-0.266457
-0.475448
-0.482467
0.781426
-0.908750
0.385296
0.347697
-0.412458
0.899350
0.033906
-0.672292
0.421552
-0.318644
0.774468
0.581408
-0.926572
0.910031
0.981079
0.515183
0.902585
-0.276711
-0.106967
-0.216712
-0.286416
0.001617
-0.983764
-0.767876
0.071322
-0.703543
-0.676382
0.747795
-0.345073
0.558763
-0.851009
-0.285195
-0.498398
-0.264443
-0.459517
0.046785
-0.292520
0.466964
0.165990
-0.819391
0.786615
0.134068
0.081881
0.518479
-0.500412
0.269265
-0.055513
-0.023408
0.023957
0.723319
-0.302530
-0.076022
0.717032
-0.068941
-0.540208
0.134068
-0.503281
-0.564623
-0.479720
0.863704
0.148228
0.318400
-0.875301
-0.292520
0.683218
0.177953
-0.579821
0.703299
-0.981017
-0.300577
0.847957
0.745476
0.312296
-0.687735
0.049776
0.044588
-0.058809
0.166906
-0.016144
0.122044
0.690664
-0.763054
0.933958
0.265175
0.213843
0.414167
-0.052828
-0.486251
-0.221595
-0.802118
-0.968017
0.824885
-0.503769
-0.143895
-0.333293
-0.542589
-0.648549
0.936033
-0.846736
-0.194861
0.094638
0.627918
-0.865413
0.678274
0.743583
-0.545946
0.697317
0.354045
-0.699759
-0.024567
-0.814508
-0.458724
-0.687002
0.005951
0.574267
-0.694205
-0.073702
0.722221
-0.545824
0.397809
0.780816
0.969115
0.429670
0.665151
-0.447676
-0.476119
-0.351665
-0.464522
0.730033
0.642140
0.546312
0.684805
-0.382000
-0.858943
-0.882565
-0.683828
0.610706
-0.249245
0.487777
-0.583850
-0.781121
0.264138
-0.701468
0.208106
0.312662
0.168310
-0.986633
-0.543016
0.315348
0.221961
0.529344
-0.284951
-0.282327
0.501755
0.372906
-0.720145
0.466231
0.677602
-0.969665
0.162511
0.680044
-0.745415
-0.596484
0.487228
0.371563
-0.328104
-0.951292
0.330180
-0.075533
-0.602954
0.056368
-0.282144
0.402875
0.365215
-0.026399
-0.046480
-0.979125
0.169469
0.437544
0.688650
-0.181494
0.393780
0.325602
-0.056856
0.297769
0.877316
-0.276833
0.902402
-0.584521
-0.981567
0.875057
-0.552782
-0.252480
-0.695669
0.115329
0.482894
-0.867428
-0.340312
-0.796869
-0.304788
-0.060762
0.528672
0.344157
-0.187353
-0.272744
-0.804010
-0.274758
0.718558
0.297281
-0.417219
0.374493
0.715384
-0.033906
0.924131
-0.887387
0.178442
-0.710990
-0.390912
0.528550
-0.431440
-0.182043
-0.419477
0.287454
0.455611
0.754326
0.563707
0.510056
0.961608
0.440352
0.702078
0.549364
0.024384
-0.344829
0.283547
0.214270
0.809870
0.882565
0.565416
0.927427
-0.323893
0.992370
0.687063
0.534776
0.913572
0.612476
0.427351
0.469649
-0.574755
0.636952
0.246864
-0.258827
0.478744
-0.374920
-0.512436
0.041475
0.284951
-0.702994
-0.455672
-0.922605
0.329814
-0.061007
-0.055940
0.598926
0.762505
-0.784417
-0.071749
-0.397565
0.424787
0.203467
0.721671
-0.707999
-0.194067
0.797052
-0.906552
0.060518
0.485336
-0.859554
0.027375
0.707633
0.026826
0.697623
-0.837947
-0.924009
0.416730
0.513718
-0.586901
0.325968
-0.512741
0.417341
-0.649953
0.423688
0.806879
-0.211707
0.820124
0.638905
0.298441
-0.198096
-0.467635
0.519517
0.855892
0.171789
-0.916318
0.569628
0.819269
-0.811518
0.522202
0.790948
0.808771
0.240455
-0.662465
-0.105869
0.218360
0.440352
0.171239
-0.623218
-0.501938
0.233680
0.267739
-0.528001
0.837214
-0.510178
0.916868
0.250160
-0.579394
0.412763
0.346721
-0.393353
0.729911
0.367290
-0.830439
-0.653005
0.254921
-0.925291
-0.543199
-0.805231
0.299844
-0.225990
-0.452925
0.900510
-0.002594
0.673391
0.698904
-0.724723
-0.943419
-0.415387
0.282144
-0.958922
-0.296609
-0.577319
-0.711356
0.109470
0.801569
0.984497
-0.625416
-0.122105
-0.197119
0.048494
0.564867
-0.981140
-0.202002
-0.407758
-0.302591
0.657155
-0.927488
-0.513230
-0.534715
-0.849116
0.776971
-0.731559
0.229286
0.183691
0.799493
0.874264
0.783380
0.639698
0.176183
-0.574633
-0.051057
-0.968993
-0.764946
-0.717887
0.314676
0.985473
0.803827
0.951476
-0.680471
0.147069
0.286538
-0.659658
0.002228
0.899838
0.683645
-0.790826
0.642689
0.593371
-0.212928
0.461837
0.796747
0.006317
0.485397
-0.383465
-0.966124
-0.134922
-0.924741
-0.120579
0.509140
0.850398
0.586352
-0.196631
-0.103488
0.151524
0.021577
0.716178
0.754997
0.068270
-0.161718
-0.902585
-0.496811
-0.025605
-0.450240
-0.042879
-0.167943
-0.305033
-0.249672
0.175024
-0.366008
-0.921201
-0.291665
0.882809
-0.008209
-0.337565
0.541124
-0.653005
-0.748283
0.836421
-0.638478
-0.430036
0.148473
-0.328532
-0.803156
0.726676
-0.039766
-0.868221
0.191748
0.741203
-0.488449
0.575976
-0.819636
0.119236
-0.233619
0.738945
0.818659
0.585559
0.841914
-0.338237
0.095431
-0.478561
0.058565
-0.667592
0.126438
-0.407270
-0.984497
0.621509
-0.400189
-0.155309
-0.121311
-0.743278
-0.690237
-0.141697
-0.352886
-0.335368
-0.491562
0.973266
0.028657
-0.830195
-0.204627
0.293985
-0.929258
-0.187231
0.264138
0.578478
0.251137
-0.932737
0.351115
-0.205054
-0.769341
-0.315104
-0.189062
-0.118625
-0.610218
-0.259987
0.029084
0.750603
-0.250160
-0.006439
0.413007
0.329875
0.440291
-0.392193
-0.425031
0.918455
0.703787
0.900571
-0.643056
0.038301
0.177526
0.695791
0.569506
-0.343608
-0.852657
0.988952
-0.709891
-0.538011
0.635121
0.898984
-0.211158
0.331095
0.772881
-0.228431
-0.973693
0.782403
0.328043
0.312845
-0.100681
-0.273049
0.395550
-0.200537
0.044221
0.985351
-0.564318
-0.047456
-0.559496
-0.243263
0.596484
-0.482772
-0.448225
-0.075961
-0.728019
-0.531053
-0.405560
-0.426374
-0.917417
-0.615040
0.512741
-0.280984
-0.052461
-0.679006
0.489059
-0.187292
-0.984985
-0.878903
-0.442610
0.360576
0.389386
-0.198035
-0.189489
-0.252541
0.879208
-0.003876
0.431379
0.409345
0.034333
0.417768
0.897397
0.886410
0.142430
-0.413495
-0.989685
-0.645680
-0.921934
0.317118
-0.550645
0.181494
-0.326884
0.065523
-0.866024
0.191748
-0.071932
-0.007721
0.021882
-0.301187
0.472640
-0.653066
-0.419172
-0.807123
0.676870
0.486740
0.559252
-0.288491
0.452071
0.444624
-0.387249
0.090609
0.561083
0.658620
0.713736
0.053865
0.909360
-0.449202
-0.942076
0.857112
0.869808
0.319010
0.222571
-0.890744
-0.328227
0.907956
0.570666
0.187597
-0.383709
-0.084994
0.190832
-0.159337
-0.237709
0.784906
-0.864620
-0.931639
0.454451
-0.483627
-0.996948
0.482162
-0.029084
0.639088
-0.923399
0.727470
0.886715
0.877682
0.754631
-0.666311
0.730399
0.395428
-0.364116
-0.438765
0.462264
-0.854183
-0.135044
0.922422
-0.274453
-0.920225
-0.429060
-0.850093
0.626026
-0.743034
0.895749
0.531175
-0.497238
0.030915
-0.683096
0.749077
0.840571
0.207556
-0.360393
-0.623402
0.222571
-0.478805
0.401593
-0.661061
-0.678701
0.138707
0.830866
-0.885739
0.457015
-0.361797
-0.542528
0.937132
-0.556078
0.772210
-0.866451
0.482345
0.572497
-0.080966
0.669790
0.232521
-0.371136
-0.916440
-0.553636
-0.672048
0.810907
0.752434
-0.982971
0.384930
-0.445845
-0.693045
-0.859859
0.896420
-0.427168
0.302225
0.279458
0.830012
0.481735
-0.250954
-0.501144
0.865230
-0.340739
-0.804682
-0.134678
0.060274
0.430158
-0.088229
-0.782403
-0.453047
0.369854
0.342814
-0.466720
-0.431013
-0.939329
-0.923948
0.282327
0.400555
-0.648549
-0.924558
0.436079
0.641591
0.078402
-0.864681
-0.267434
0.247902
0.449995
-0.522568
-0.573229
0.314005
-0.028108
-0.485275
0.013153
-0.177465
0.762017
-0.687857
0.055208
-0.399640
0.267983
0.489669
-0.784967
-0.611255
-0.192602
0.946715
0.066134
-0.702628
0.265297
-0.715629
0.320231
0.209815
-0.925962
0.576525
0.949767
-0.232521
0.112094
-0.323893
-0.915281
-0.885861
-0.170263
-0.740104
0.845515
0.982604
0.010773
-0.209754
0.558458
-0.996582
0.642506
-0.293863
0.423627
0.802850
-0.404767
-0.846858
0.597766
0.029023
0.593738
-0.751335
-0.748650
-0.749077
-0.670522
0.622608
-0.188452
0.561083
0.187170
0.088595
0.747551
0.960936
-0.987854
-0.813410
0.160680
0.047334
-0.419782
-0.019501
0.309732
0.762627
-0.154088
0.605823
-0.618397
0.411054
0.299783
-0.180212
0.900571
-0.110508
-0.240272
0.174169
0.616871
-0.650014
0.355632
-0.803522
0.352397
0.514695
0.184484
-0.902829
-0.840815
0.889035
-0.836909
0.496872
-0.564867
-0.964843
-0.635426
0.099460
-0.249489
-0.348796
0.924253
-0.460982
0.378094
0.279397
-0.424421
0.773858
0.835505
0.830805
0.950499
-0.559069
-0.213660
-0.906980
0.102329
-0.113132
-0.156713
-0.915647
0.413923
0.154881
0.724296
-0.011689
-0.120701
-0.476180
-0.409040
-0.971984
0.305826
0.176061
-0.140233
-0.119175
-0.303690
-0.178014
-0.721915
0.288980
0.852779
-0.715506
-0.252785
-0.031770
0.327860
0.298807
-0.228065
0.718436
-0.268899
-0.855892
-0.247414
0.386212
-0.093417
-0.812128
0.219947
-0.073885
-0.457747
0.195959
-0.061251
-0.132969
-0.912229
-0.193152
0.571703
0.768548
0.076266
0.494552
0.438093
-0.574694
0.902402
-0.632008
0.872005
0.220435
0.945982
-0.327189
-0.281289
0.328043
-0.438826
0.365520
-0.677908
-0.813410
-0.346721
-0.554003
0.959410
-0.767449
0.588977
-0.445540
-0.747734
-0.027131
0.882809
-0.806452
-0.708304
0.848384
-0.579394
0.434370
0.387188
0.906674
-0.913572
-0.985107
0.105564
-0.480697
0.490219
0.699026
-0.661916
0.711844
-0.080905
0.936155
0.966735
-0.798578
0.838435
-0.572130
-0.446394
0.300638
-0.967101
-0.619495
0.730338
0.805902
-0.962645
0.852901
-0.997986
0.081088
-0.105808
-0.370952
-0.402753
-0.162816
0.614978
-0.847163
-0.130467
0.416608
-0.952452
0.577807
0.789422
0.682424
0.797357
0.413373
0.023347
0.610096
0.549425
0.663930
-0.778314
0.666128
0.415387
0.655812
-0.874081
-0.419721
0.439802
-0.505905
-0.546068
-0.674490
0.496506
-0.448347
-0.831294
-0.355937
0.697073
0.576220
0.967406
-0.508103
0.711295
-0.275979
0.902951
0.003204
0.393231
-0.726188
0.936766
0.452681
0.129063
0.750969
0.196020
0.633473
0.983215
-0.008881
-0.347819
-0.525254
-0.850276
0.109409
-0.639332
0.320170
0.041780
0.928526
-0.027009
-0.916379
0.905026
0.265786
0.785211
0.283731
0.044954
0.916868
0.578478
0.267617
0.265725
0.441694
0.282266
-0.628162
0.974059
-0.631642
0.771172
0.142186
0.745842
-0.977233
-0.116733
0.940794
-0.167028
0.931822
-0.936522
-0.387555
0.109409
0.368511
-0.604602
0.871395
0.203223
0.668447
-0.668935
-0.928098
-0.348857
0.646718
0.011139
-0.095798
-0.020051
-0.877499
0.658925
-0.403851
-0.571825
0.860775
0.405133
-0.053560
0.710135
0.174841
-0.019257
-0.342143
0.644642
0.848140
0.701956
0.712760
0.532640
-0.790704
0.784722
0.122898
-0.782220
0.301187
0.594348
-0.868404
-0.644826
-0.394086
-0.021455
0.349345
-0.496139
-0.912656
0.219886
0.605396
0.576464
0.715201
-0.495102
-0.601062
-0.221290
-0.294656
-0.185644
0.710135
0.042207
0.270180
0.772271
-0.317972
0.592395
-0.792352
0.043245
-0.136265
-0.729118
-0.277261
0.130406
0.997314
0.314310
-0.197974
0.484054
0.494797
0.108554
-0.232521
0.873470
-0.476913
0.566637
-0.672231
0.393841
-0.388165
0.316752
-0.073885
0.426618
0.955748
-0.684011
-0.590320
-0.331767
-0.556871
0.734977
-0.842341
-0.832331
0.246193
-0.816462
-0.405011
-0.569140
-0.560778
-0.722037
0.329325
0.720267
0.399030
-0.835505
-0.646901
0.000641
0.540269
0.354411
-0.867977
0.058321
-0.336650
0.307657
-0.903317
0.191076
0.189306
0.080966
0.317850
-0.213050
0.619190
0.820673
0.968444
-0.707633
0.352336
-0.131748
0.724784
-0.342875
-0.609790
-0.905210
-0.943113
0.621937
-0.800287
-0.785699
-0.444685
-0.230262
0.905271
-0.195227
-0.982177
0.952086
-0.997803
0.082247
-0.268410
-0.684500
-0.348918
0.154393
-0.897641
-0.301675
-0.372662
-0.625904
-0.882626
-0.247841
0.863582
-0.562853
0.395184
0.199683
-0.908139
-0.818598
-0.130650
-0.977905
0.828974
0.633534
0.448286
0.380657
0.668630
0.576769
0.324259
0.666677
-0.740837
-0.598071
-0.595508
-0.442671
0.606189
0.459395
0.923215
-0.127354
0.044893
-0.591235
