0.304910
-0.172094
-0.851985
0.921995
-0.993957
-0.048372
0.935301
0.461226
-0.673940
0.466353
0.009674
-0.176916
0.576098
0.475936
0.719047
-0.787225
0.562914
-0.305399
-0.432905
-0.322367
-0.733146
-0.505234
-0.447798
-0.651051
0.172643
0.143956
0.045198
-0.560595
0.939512
0.692129
0.226661
0.237587
-0.259926
-0.555040
-0.355449
0.969909
-0.264504
0.677602
-0.096164
0.970763
-0.596606
-0.041108
-0.072542
0.270486
0.864620
-0.289163
-0.140233
0.315348
-0.751762
-0.528367
-0.890072
0.346355
0.048250
-0.358684
0.657033
-0.829829
0.341960
-0.156285
-0.355022
-0.207007
-0.454146
0.556932
0.281655
-0.629017
-0.804315
-0.654714
0.380963
-0.396832
-0.431074
-0.496445
0.813349
0.509079
0.721366
0.352458
-0.496933
-0.957152
-0.348247
0.687674
0.923338
-0.113071
-0.297159
-0.789789
-0.203223
0.726615
-0.472152
0.315836
0.878231
-0.148412
-0.782830
0.152318
0.278603
-0.627674
0.966552
0.107089
-0.817255
0.691641
-0.947264
-0.995605
0.761467
-0.269936
0.601062
0.969970
-0.883786
-0.016083
-0.899716
-0.228248
0.147191
0.066378
0.055330
-0.850276
-0.081820
-0.375591
-0.389080
0.547716
0.071871
0.672353
-0.315836
-0.793817
0.902707
-0.240883
0.748344
0.767998
0.150426
-0.931272
0.038789
-0.371563
-0.769463
0.932676
0.255898
-0.207678
-0.913816
-0.947508
0.072787
0.734733
-0.394208
-0.837825
0.818354
-0.424604
-0.011994
-0.125462
0.756157
-0.698233
0.357646
0.855953
-0.936033
0.341899
-0.253883
0.184179
-0.683340
-0.326334
0.434797
0.379070
-0.859127
-0.869198
-0.608509
0.602222
0.663747
-0.747307
0.839778
0.257729
-0.030122
0.556261
-0.962584
-0.742546
-0.923032
0.046968
-0.047029
0.214026
-0.002411
-0.119602
-0.994201
0.275430
0.887082
-0.843196
-0.549852
-0.901547
0.359905
-0.449019
0.647206
0.214881
0.267006
-0.924558
0.009186
-0.071078
0.954283
0.062838
-0.458480
-0.385052
0.412152
0.873775
0.307840
0.430036
0.619007
-0.279519
0.849788
0.922422
-0.818171
-0.126560
0.795343
0.609058
-0.972045
0.071383
-0.830134
0.146519
-0.735954
-0.893307
0.094089
-0.966185
0.691824
-0.438704
-0.394391
0.004730
-0.838679
-0.112949
0.426557
0.585009
-0.274209
0.055452
-0.605335
-0.930906
-0.461043
-0.636769
0.991882
0.311319
-0.115329
-0.601245
-0.440901
-0.317728
-0.751762
-0.654775
-0.355388
0.111545
0.611438
-0.070162
-0.550096
0.889706
-0.414228
0.261513
-0.807184
0.135472
0.755364
0.432783
-0.647694
0.076022
-0.817499
-0.060762
0.502426
0.101657
-0.514451
-0.451277
0.256508
0.701590
-0.702750
0.421369
0.075716
-0.915403
-0.437239
0.522385
0.738639
-0.967772
0.391522
0.080294
-0.066744
0.800836
-0.771294
0.522446
-0.127781
-0.948485
0.293619
0.758538
0.801141
0.924558
-0.607837
0.760796
-0.271828
-0.275185
-0.879940
0.998169
-0.040254
-0.373821
0.574328
-0.731925
0.715873
-0.194128
0.335551
-0.893979
0.134312
-0.559557
-0.204688
-0.915464
-0.043794
-0.438704
-0.772454
-0.876339
-0.161596
0.747368
-0.482406
0.692801
-0.650990
0.109348
-0.339396
-0.893185
-0.507920
0.921262
-0.617908
-0.732047
-0.860042
-0.095676
-0.988952
0.009308
0.558397
0.316996
-0.427900
0.063265
-0.852229
0.441694
0.507431
0.882199
-0.207190
0.837458
-0.796258
-0.324503
0.949583
0.030915
-0.718863
0.016694
-0.808893
-0.487960
0.510422
0.546800
-0.362163
0.944334
0.496078
-0.451338
0.348430
0.744743
-0.957884
0.143468
-0.328043
0.619434
-0.060091
-0.134739
-0.733512
0.805414
0.776543
-0.948668
0.947630
-0.706900
-0.592761
0.225135
-0.775201
-0.327372
-0.296731
0.630909
-0.035615
-0.589587
-0.499924
0.502060
0.790216
-0.637379
-0.489914
0.652272
0.530992
-0.801752
0.330485
-0.068331
-0.034272
0.970946
0.951842
0.471786
-0.009125
0.806146
0.972472
-0.029023
-0.028962
-0.897397
-0.286416
0.118625
-0.768731
0.094150
-0.664968
0.217322
-0.352153
-0.319437
0.810846
-0.610340
0.404889
0.020539
0.167516
0.986206
0.154271
-0.537889
0.152074
-0.216773
0.589770
-0.398602
-0.990173
0.377239
0.541490
-0.685598
-0.727287
-0.044343
-0.332987
-0.210425
-0.826533
-0.699515
0.157018
-0.301553
0.288858
-0.323222
-0.863521
-0.751457
0.703848
0.723136
0.999207
-0.062410
-0.342448
0.832575
-0.798578
0.595874
0.399579
-0.155736
0.236061
-0.751823
0.654225
-0.464522
0.451765
-0.470382
0.513291
0.789178
-0.426618
0.749931
0.146153
-0.315348
-0.565416
0.279092
0.784234
0.481552
0.511887
0.391095
0.339946
0.992370
0.371441
0.700919
0.182958
0.296487
-0.416242
0.323283
0.268288
-0.572558
0.990295
-0.530931
-0.801202
-0.360576
0.148045
0.627491
-0.980834
0.584155
-0.993408
-0.587573
-0.192541
-0.320963
0.235694
0.960997
-0.982910
0.109287
-0.034883
-0.302713
-0.897214
0.303568
-0.995056
-0.676138
-0.274697
0.643300
0.145787
0.221595
0.296976
-0.386151
0.437544
-0.788812
0.079684
0.852168
-0.189673
-0.844478
0.623707
-0.268960
0.116428
0.999145
-0.209815
-0.020234
0.073397
0.954588
-0.720511
0.969481
0.833308
-0.926145
0.468307
0.437300
0.098178
0.119053
0.436140
-0.250954
0.096652
-0.335490
-0.669546
-0.384442
-0.541917
-0.244728
-0.603687
-0.250526
-0.792535
-0.635304
-0.052889
-0.161046
0.913388
-0.965026
-0.075289
0.079867
-0.681265
0.175817
0.344157
-0.038362
-0.974181
0.195349
0.771722
0.251381
0.089999
0.756951
-0.494064
0.200049
0.036592
-0.173376
0.148656
-0.037629
0.200354
0.551195
-0.323466
-0.631642
-0.355083
-0.503891
-0.745659
-0.450545
-0.161168
-0.775994
-0.072115
-0.228797
-0.346721
-0.044893
0.347942
0.379315
0.020356
0.285501
0.298135
0.822504
-0.027924
0.432600
0.362468
-0.487045
0.944456
0.873043
0.559435
0.354717
0.898129
-0.300394
0.460372
-0.036103
-0.522019
-0.881039
-0.568651
-0.925474
0.439253
-0.879147
-0.171484
0.556200
0.270119
-0.226295
-0.171361
-0.287027
0.590258
-0.742302
-0.753777
-0.704215
0.351238
-0.720756
0.995849
-0.430525
0.685171
0.058382
-0.574938
-0.879635
0.431806
0.620899
0.203711
0.339702
-0.932798
-0.863765
-0.916318
0.043245
-0.742973
0.298379
0.982177
0.196509
0.813044
-0.787530
-0.763848
-0.093478
0.578845
-0.772271
0.430525
0.863338
-0.171911
-0.204688
-0.912839
-0.629505
-0.952208
0.876766
0.071139
-0.046419
-0.945433
0.691885
-0.132420
-0.465194
0.602893
-0.072054
-0.290994
0.402264
0.877194
-0.192175
-0.982116
-0.410749
-0.201636
0.704337
-0.232521
0.330546
-0.195776
-0.461104
-0.670339
0.606983
-0.746147
-0.177404
0.516526
-0.956114
0.037935
-0.448897
0.519578
0.199499
0.004608
-0.783441
-0.975097
0.377300
-0.473556
0.658315
-0.363933
0.852107
-0.325724
-0.563036
0.362529
-0.009003
0.108432
-0.727958
0.667592
0.832636
-0.413312
-0.030061
-0.438276
-0.293313
0.584887
0.394024
-0.723075
-0.725517
-0.425214
0.280679
-0.984069
-0.331523
0.666494
0.202673
-0.201697
0.546007
0.986694
-0.316446
-0.985839
-0.170080
0.346721
0.724052
-0.059786
0.210669
0.634144
-0.531785
-0.760613
0.012848
-0.544969
0.078402
-0.457808
-0.830134
0.898740
-0.382733
0.554735
0.233070
0.577319
-0.479965
-0.822748
-0.969115
-0.252174
-0.568468
0.719291
0.535691
-0.278420
0.253639
-0.160192
-0.460555
0.848323
0.878536
0.631947
-0.230323
-0.622547
0.817804
-0.349834
0.312357
0.702506
-0.531541
0.994079
0.226844
-0.682058
-0.095492
-0.758660
0.991089
-0.884274
0.197424
0.509629
-0.373272
-0.770379
-0.024751
-0.325297
-0.126865
-0.019379
0.116977
0.836421
-0.523728
-0.827509
-0.604114
-0.634083
0.748955
0.736015
0.090243
0.038057
0.493210
0.715201
-0.061312
-0.188269
-0.285318
-0.707266
0.654592
-0.682241
0.695059
-0.223243
-0.583605
0.859004
-0.585620
-0.263710
-0.233192
-0.837825
0.844417
0.249550
-0.510117
-0.610462
0.132664
0.944884
-0.918271
0.697073
-0.691641
-0.555162
0.311930
-0.958251
-0.577013
0.028352
-0.569506
0.661672
0.820551
-0.550768
-0.539171
0.469710
0.251930
0.888241
-0.361064
0.577136
0.957945
0.018220
-0.504868
-0.314798
0.937132
0.677419
-0.303323
0.414777
0.809259
-0.675710
-0.193152
-0.763604
0.889279
-0.977477
-0.120273
0.738273
0.904050
-0.654469
-0.032258
0.020356
0.015656
0.254494
-0.749382
0.502060
0.292642
0.728446
-0.164464
0.007233
-0.720573
0.106235
0.780877
0.909726
-0.349712
-0.970336
-0.096164
0.560350
-0.549486
-0.057405
0.350993
-0.285623
0.920408
-0.112888
-0.937925
-0.488998
0.394086
0.013215
0.211158
-0.990112
-0.515061
-0.453291
0.363323
0.245766
-0.741997
0.976135
0.097201
0.580065
0.777520
-0.195166
-0.637074
0.336283
-0.662343
-0.738334
-0.024140
-0.332133
0.663991
-0.829279
0.214576
0.033601
-0.703177
-0.434370
0.394269
-0.465743
-0.322672
-0.306192
0.929868
-0.390851
0.836604
-0.551195
-0.144627
0.572985
0.964599
-0.617847
-0.907224
-0.210181
-0.478011
-0.700735
-0.409589
0.490768
-0.554491
-0.800958
0.449812
-0.836299
-0.535508
0.435713
0.363018
-0.796625
-0.769951
0.691153
0.272439
0.308023
-0.995788
0.925779
-0.168188
-0.463729
-0.421796
0.315592
0.909970
-0.545640
-0.235572
-0.327494
0.077242
0.012360
0.401044
-0.463240
-0.901975
0.685049
-0.603748
-0.558275
-0.507797
-0.882565
0.842830
-0.867306
-0.769768
0.791620
-0.455184
-0.101169
-0.149815
-0.191748
0.827815
0.306864
0.860714
0.435774
0.036897
-0.395856
0.647206
0.379864
-0.039766
-0.079073
-0.089022
-0.459578
-0.569079
-0.840083
0.212806
-0.310404
-0.649586
-0.219459
-0.703055
-0.294534
0.064791
0.666311
0.173803
0.176672
-0.567797
0.803217
0.376019
0.994446
-0.616260
-0.042573
-0.264626
-0.723502
-0.643605
0.160680
0.485031
0.704520
0.849422
-0.322428
0.666433
-0.767571
-0.958983
-0.888485
0.596057
0.399884
-0.856624
-0.809198
-0.665578
-0.604724
0.327250
0.407025
0.162023
-0.965575
-0.824091
-0.978942
-0.777459
-0.508225
-0.884091
0.812189
0.339091
0.074435
0.622974
0.053560
-0.181860
-0.359783
0.033601
-0.182043
0.387188
-0.843379
-0.414472
-0.901486
0.279458
0.392926
0.071078
0.957152
0.097140
-0.770074
0.680898
0.551866
0.321207
-0.046785
0.226356
-0.820917
0.548265
-0.309915
-0.308878
0.430158
-0.510544
0.521409
0.891293
-0.330851
0.355022
0.541795
0.648976
-0.893674
0.947630
-0.744133
-0.748039
0.554552
0.964232
-0.049348
0.804193
0.605701
-0.975402
0.444441
-0.180212
-0.604785
-0.863704
-0.047700
0.924436
0.890439
0.517075
-0.157201
-0.155675
0.360698
0.283547
-0.193396
-0.686209
-0.323466
-0.478927
0.269814
-0.559923
0.798639
0.020112
-0.491867
0.891171
-0.646596
-0.819025
0.073702
-0.680410
0.338481
-0.416791
-0.298074
0.540208
0.467635
-0.812067
0.841670
0.514084
0.284890
0.928709
0.092624
0.117161
-0.569384
0.445723
-0.000397
0.410566
-0.579394
-0.668325
0.813288
-0.549852
0.585314
-0.138157
-0.670522
0.972350
0.480514
0.895199
0.829829
0.511460
0.474044
0.067965
-0.436445
-0.405194
-0.766228
-0.442610
-0.789666
0.857967
-0.228919
0.062960
-0.258095
0.258889
-0.925108
0.115268
-0.968139
0.509873
0.728019
-0.918271
0.804498
-0.631886
0.629261
0.672781
-0.961241
0.968688
-0.301126
0.143956
0.006439
-0.229652
0.833125
-0.165441
-0.151158
0.067721
-0.595752
0.022858
-0.228431
-0.543443
0.223365
-0.398053
-0.355998
-0.165563
0.890255
0.983947
-0.049959
0.819636
0.725211
0.793756
-0.755974
-0.489181
-0.114475
0.776360
0.365093
-0.761773
0.943480
0.582202
0.865902
-0.563585
0.236427
0.448897
0.193152
-0.318949
-0.788018
0.938475
0.029084
-0.896664
-0.171911
-0.260475
-0.325419
-0.769646
0.747429
-0.596850
-0.476730
0.168737
0.068026
-0.134800
0.010895
0.631520
-0.949644
-0.259926
0.581164
0.735527
-0.335856
-0.388531
-0.462630
-0.118381
0.696158
0.293924
0.720634
0.752007
-0.062471
-0.407392
0.918210
0.955443
0.128086
0.641408
0.371563
0.536302
-0.654775
0.410627
0.917112
-0.679678
-0.342021
0.797601
-0.685904
0.609973
0.910825
-0.931822
-0.847285
-0.017792
0.111606
0.411786
-0.193396
-0.557115
0.802850
-0.174047
0.760735
0.883053
-0.505722
0.690298
-0.457381
-0.095126
0.099704
-0.127720
0.275430
-0.222633
-0.169652
-0.830561
0.586230
-0.474227
0.552416
-0.776727
-0.269814
0.030244
0.285257
0.721244
-0.992859
0.969054
0.199011
-0.714957
0.457259
-0.953673
-0.804254
0.797418
-0.672720
-0.764031
-0.565844
-0.646840
0.251625
0.656911
-0.616077
-0.498093
0.035920
-0.480453
-0.127537
-0.981323
-0.796075
0.586718
-0.579638
-0.590808
-0.829585
-0.711905
-0.331828
-0.541551
-0.548875
-0.532212
0.081881
0.066866
-0.549669
-0.423933
-0.905942
0.033906
-0.724113
0.649953
-0.568468
-0.051607
-0.410321
0.193823
0.695608
-0.731681
0.095614
-0.644704
0.486435
-0.478072
-0.521409
0.274453
0.024323
-0.765069
0.771050
-0.749809
-0.821467
-0.127903
-0.598498
-0.610401
-0.929930
0.776727
0.047945
0.762017
0.755974
-0.639027
0.101047
-0.617298
0.358318
0.266579
0.528306
-0.197424
0.170202
0.704703
-0.214393
-0.730522
-0.955077
0.462325
-0.163610
-0.833857
-0.640736
0.767510
-0.817011
-0.731681
0.724601
-0.669668
-0.990905
0.186682
-0.851924
-0.097262
0.662648
-0.494858
0.247597
-0.387005
0.088107
-0.314859
-0.188940
0.554918
0.412702
-0.012177
0.860408
-0.269448
-0.060213
-0.139012
-0.530198
0.779229
-0.703604
-0.951903
0.877194
-0.683401
-0.037996
0.156102
-0.559008
0.124912
0.979675
-0.940489
-0.793329
-0.089999
0.185339
0.881893
-0.762261
-0.706351
-0.063082
0.423139
-0.911069
0.956908
-0.697867
-0.417646
-0.408918
-0.739677
-0.367107
0.302164
-0.733757
0.848079
-0.871090
0.083712
-0.632069
0.461715
-0.442000
-0.582812
-0.405377
0.494797
-0.161412
-0.532579
0.251808
0.415815
-0.327921
-0.411481
-0.385418
-0.525376
0.119785
-0.768792
0.869747
-0.664968
-0.475631
-0.507859
-0.849849
-0.124119
-0.335368
0.578051
0.316752
-0.830988
0.079806
-0.412580
0.110752
-0.218116
0.665273
-0.177526
-0.952086
0.168737
-0.432234
-0.361858
0.878414
0.935789
-0.449263
-0.624500
-0.248268
0.841365
0.373211
-0.394818
-0.217383
-0.955016
0.672903
0.439192
-0.027009
-0.286721
-0.583422
-0.549181
-0.978576
0.752861
0.186010
-0.808100
0.290262
0.756279
0.664785
-0.907834
0.343486
0.244484
0.097018
0.470199
-0.408673
0.788018
0.738639
0.785089
0.704215
-0.506638
0.182470
0.905698
0.471664
0.028657
0.776238
0.449324
0.021149
0.277444
0.653249
-0.562120
0.241432
-0.886532
0.793756
-0.786431
0.554552
0.609119
0.017182
-0.141514
0.003143
-0.917539
0.384320
-0.116184
0.311808
0.841914
-0.816279
0.109958
0.553819
0.615223
0.626942
0.864010
0.425398
-0.116977
0.597156
0.444258
-0.585803
-0.851497
-0.776299
-0.043611
-0.942625
0.691092
-0.207251
-0.166051
-0.428694
0.130100
0.010224
0.126072
-0.378887
-0.297037
-0.746696
-0.428938
0.088778
-0.404889
0.074557
0.132298
-0.769951
0.392132
0.392804
-0.251137
0.437666
0.447981
-0.146886
-0.874264
-0.435408
0.663198
0.174291
-0.661000
-0.401593
0.819941
0.821589
-0.925657
-0.550645
0.592090
-0.279153
0.646290
0.162450
-0.420087
-0.626209
0.248024
0.731986
0.210669
-0.384564
0.883175
0.617359
-0.152501
0.009674
0.150853
-0.374248
0.958434
0.485214
0.296182
0.932676
0.457015
0.978210
0.012421
0.665029
-0.433576
-0.108798
0.099948
-0.324992
-0.168615
0.241005
0.896481
0.298196
0.643971
0.124485
-0.590442
-0.393231
-0.196997
-0.200354
-0.467574
-0.406598
-0.665639
0.651845
0.953246
0.645497
-0.660146
0.327860
-0.213172
-0.305948
0.796808
-0.790887
0.291116
0.161779
0.080050
0.980346
-0.973632
-0.982299
-0.452010
-0.529954
0.702445
0.449324
-0.874508
0.917905
-0.683950
0.938047
0.433027
0.829707
0.017304
0.960936
0.086825
0.741997
-0.024018
0.033967
-0.932188
-0.029145
-0.005402
0.267312
-0.884640
-0.106540
-0.345378
-0.016877
0.272866
0.955199
0.184973
0.245460
-0.651723
-0.921384
0.279153
-0.682546
0.716300
0.431257
-0.903012
0.970641
0.243751
-0.448897
-0.200964
-0.521714
0.665822
0.807733
-0.650563
0.846065
-0.674184
0.824824
-0.819575
-0.964049
0.593310
0.492538
-0.646474
-0.219764
-0.116428
0.429914
0.612659
0.823237
0.526292
0.657155
-0.004303
0.398236
-0.291055
-0.933409
-0.241005
0.382733
-0.711600
0.164830
0.913205
0.873714
0.527573
-0.237526
0.918455
0.018097
-0.210181
0.613880
0.580065
-0.716300
-0.318827
-0.961425
-0.320536
-0.728080
0.428205
-0.692984
-0.577624
-0.491379
0.370281
-0.460494
-0.972839
-0.495224
0.911557
-0.139866
0.971007
0.465682
0.855281
0.744865
-0.487838
0.335307
-0.662465
-0.987854
0.187231
0.323649
-0.663686
-0.041108
0.687002
-0.544176
0.322916
-0.862178
0.626331
0.106784
0.687857
0.209143
0.841243
0.931394
-0.613941
0.967650
-0.615833
0.287454
0.275185
-0.583422
0.252846
-0.548509
-0.809748
0.416974
-0.606922
0.486557
0.923460
0.527085
-0.138890
-0.100620
-0.432173
0.893368
0.968383
-0.405988
-0.000275
0.921934
0.295328
-0.335978
-0.101657
-0.157628
0.245399
0.965148
-0.890988
-0.027497
-0.530198
-0.125156
-0.073763
0.668142
-0.500168
0.727348
0.735527
0.376568
-0.910031
-0.604297
0.093661
0.274148
-0.147740
0.287027
0.495590
0.890011
0.805292
-0.440291
-0.069552
0.551073
0.463179
0.639393
-0.770745
-0.985412
-0.372356
-0.153722
-0.015534
-0.991699
-0.250710
0.161107
0.009186
-0.052217
0.500412
0.503342
-0.289529
-0.316202
0.096530
0.370647
-0.918882
-0.063265
-0.715201
-0.898068
0.239357
-0.998962
-0.316202
0.953001
0.969359
0.577868
-0.637806
0.344157
0.860775
-0.673086
-0.365337
-0.037141
0.452864
-0.987060
-0.357341
-0.183081
-0.741325
-0.650868
0.857051
-0.452071
0.137364
-0.191992
0.660573
0.464400
-0.955077
0.059542
-0.954588
0.920408
-0.696097
0.403729
0.070406
0.604480
-0.970580
-0.373760
0.181921
0.511338
-0.249489
-0.412702
-0.223060
-0.862606
-0.876095
0.809687
-0.353862
-0.375042
0.221473
0.620472
0.620716
0.843928
-0.917417
-0.879940
-0.543504
0.849422
-0.208106
0.614917
-0.000702
-0.238685
0.984863
-0.140721
0.948729
-0.930845
0.621632
0.710929
0.713370
0.212622
0.540635
0.288430
0.395978
0.506333
0.657643
0.077792
0.987487
-0.180212
-0.109836
0.468795
-0.687735
-0.035798
0.295206
-0.200171
-0.670766
0.456648
0.839839
-0.846065
-0.509445
0.121677
-0.789178
-0.842708
0.908078
0.059542
0.534104
-0.145482
0.018281
-0.626331
-0.898740
-0.536058
-0.579028
0.889767
-0.622303
0.551683
0.289224
-0.145726
0.045198
0.267678
0.799615
-0.528062
-0.676382
-0.556078
0.525620
0.261757
-0.801874
-0.407025
0.592822
-0.981262
-0.185583
-0.546617
0.970275
0.196326
-0.120762
0.657826
-0.908872
0.237037
-0.230323
0.381817
-0.768914
-0.995361
0.723991
0.693350
-0.672170
0.356548
0.633595
0.874813
0.786248
-0.223670
-0.625111
-0.385846
-0.721061
0.167638
0.905271
-0.886166
0.967223
0.314371
0.152501
-0.881222
0.621021
0.968444
0.817621
0.424421
-0.099277
0.377728
-0.895322
-0.764885
0.462874
-0.486801
0.876766
-0.996582
-0.007294
0.947813
0.260048
-0.131138
0.228736
-0.828242
0.752434
0.566881
0.482467
0.135960
0.522019
-0.460494
-0.190100
-0.838496
0.808893
-0.865108
-0.950194
-0.570055
0.369671
-0.722159
-0.387921
0.474654
-0.201086
-0.256874
0.406537
-0.770989
0.984375
-0.210852
0.601672
0.265053
-0.570055
0.636708
-0.608936
-0.687735
0.033052
0.745964
-0.653859
0.869259
-0.643727
0.720695
0.875729
-0.891476
0.967162
0.524400
-0.444136
0.840388
0.536607
0.418806
-0.097507
-0.498947
-0.722526
0.068026
-0.822260
0.824885
0.807855
-0.264992
-0.800226
0.904965
0.849910
-0.823786
0.962218
-0.970580
-0.220130
-0.968627
-0.835810
-0.967467
0.597827
-0.700064
-0.641957
0.283975
0.436934
0.391644
0.592700
-0.750725
-0.689993
-0.324198
-0.364299
0.456526
0.935484
-0.660451
0.444319
0.778436
-0.077425
0.549608
0.030183
-0.725517
0.085116
0.282876
0.470748
-0.047395
0.269875
-0.079562
-0.706778
0.239418
0.030122
-0.439802
0.717215
-0.721305
0.784417
-0.503525
-0.357707
0.254189
-0.153539
0.421430
0.308939
-0.871639
0.610828
-0.104099
-0.609302
-0.717154
-0.221961
-0.326395
0.764702
0.845943
0.497055
0.365276
0.834223
-0.073641
-0.860591
0.564318
0.285684
0.289407
-0.856075
0.966613
0.715934
0.181005
0.514634
0.416608
0.654408
0.886593
-0.301981
-0.946654
0.783685
0.057222
0.248451
0.529893
-0.760613
-0.661000
0.244667
0.469222
0.563402
-0.354106
0.092074
-0.023103
-0.009674
0.108005
-0.266457
-0.475448
-0.482467
0.782037
0.368206
-0.931700
-0.385418
-0.412458
0.899350
0.033906
-0.862972
-0.848811
0.925291
0.774468
0.581408
0.426435
0.980468
0.981079
0.515183
0.027924
-0.321451
-0.522935
-0.397015
-0.286416
0.001617
-0.983764
0.016877
-0.329752
0.969787
0.920469
0.925840
0.190588
0.558763
-0.851009
-0.285195
-0.498398
-0.264443
-0.459517
-0.052095
-0.292520
0.466964
0.165990
0.139561
0.786615
-0.170324
0.081881
0.537706
-0.500412
0.269265
-0.055513
-0.023408
0.023957
-0.649037
-0.302530
0.782586
0.717032
-0.068941
-0.086947
0.134068
0.030610
-0.932066
-0.479720
0.863704
0.148228
0.168432
0.722098
-0.292520
0.683218
0.177953
-0.579821
0.703299
-0.981017
0.268410
0.847957
-0.206397
-0.044771
-0.294656
0.049776
0.044588
-0.058809
0.624744
0.834407
-0.067293
0.690664
-0.409833
0.933958
-0.482223
0.213843
0.414167
-0.257973
-0.486251
-0.221595
-0.802118
0.642201
0.824885
-0.503769
-0.143895
-0.333293
-0.542589
-0.648549
0.936033
-0.846736
-0.194861
0.094638
0.550645
-0.292459
0.678274
0.743583
-0.302347
0.661306
0.354045
0.698599
-0.024567
-0.814508
-0.458724
-0.402387
0.005951
-0.581347
0.168554
-0.073702
0.722221
0.720756
0.370586
0.077181
-0.019562
0.429670
0.332011
-0.447676
-0.556200
0.804498
-0.464522
-0.451033
0.642140
0.546312
0.543870
-0.382000
-0.858943
-0.078829
-0.683828
-0.800409
0.298257
0.865291
-0.583850
-0.485092
0.964537
0.013703
0.208106
0.256508
0.168310
-0.986633
0.377422
0.315348
0.401044
0.177587
-0.284951
-0.282327
0.501755
0.372906
-0.720145
0.651051
0.677602
0.352886
0.162511
0.079501
-0.745415
-0.596484
0.487228
-0.577624
0.472640
-0.951292
0.330180
-0.075533
-0.602954
-0.140782
-0.282144
0.631214
-0.816950
0.756401
0.331767
-0.979125
0.790582
0.437544
0.688650
0.123203
0.393780
0.325602
-0.056856
0.297769
0.877316
-0.276833
0.902402
-0.078768
-0.981567
0.875057
-0.552782
0.581713
-0.695669
0.115329
0.482894
-0.867428
-0.274270
-0.796869
-0.304788
-0.060762
0.482284
-0.742424
-0.291055
0.797052
-0.804010
-0.274758
-0.196265
-0.398114
0.190832
0.374493
-0.556139
-0.033906
0.924131
-0.482406
0.178442
0.174413
-0.390912
0.528550
-0.820368
-0.182043
-0.419477
0.287454
0.455611
-0.243995
0.666433
0.510056
0.803705
-0.643666
0.702078
0.549364
0.024384
-0.344829
0.283547
0.214270
-0.441694
0.882565
0.565416
0.927427
-0.323893
0.992370
0.687063
-0.349528
0.535142
0.612476
-0.331645
0.469649
-0.574755
0.545824
-0.432966
-0.258827
0.478744
-0.460799
-0.512436
-0.242225
0.284951
0.161534
-0.455672
-0.462386
0.438154
-0.723930
-0.055940
0.598926
0.762505
-0.784417
0.671072
-0.397565
-0.954100
0.203467
0.721671
-0.188635
0.821894
-0.529160
-0.906552
0.060518
0.149388
-0.859554
0.589831
0.562792
0.663686
0.697623
-0.837947
0.080294
0.416730
0.513718
-0.586901
0.325968
-0.512741
-0.770257
-0.649953
0.423688
0.806879
-0.198706
0.820124
-0.252541
0.298441
-0.275674
-0.467635
0.519517
0.208533
0.171789
-0.916318
0.569628
-0.791925
-0.432783
-0.817560
0.063021
0.466720
0.904843
-0.662465
-0.105869
-0.048799
0.440352
-0.388714
-0.623218
-0.501938
0.604114
0.267739
0.154881
0.536668
-0.510178
0.916868
0.574084
-0.871212
-0.213050
0.370830
-0.393353
-0.756218
0.983947
-0.830439
-0.046968
-0.103610
-0.925291
-0.543199
-0.805231
0.299844
-0.225990
0.974120
0.900510
0.979064
0.308145
0.698904
0.621693
-0.943419
-0.415387
-0.562731
-0.958922
-0.296609
-0.577319
-0.711356
0.109470
0.801569
0.159520
-0.625416
0.802484
-0.687857
0.048494
0.336161
-0.981140
0.882321
-0.226112
-0.302591
0.657155
0.530686
-0.513230
-0.166723
-0.849116
0.283303
-0.731559
0.229286
0.183691
0.799493
0.874264
0.915464
0.639698
-0.024384
-0.886715
-0.051057
-0.750420
-0.764946
-0.290506
0.314676
0.652516
-0.166478
0.443037
-0.597217
0.665822
0.286538
0.320902
0.002228
-0.411786
0.815851
-0.790826
0.642689
0.900693
0.632008
0.428083
0.935484
0.840754
0.077425
-0.383465
0.271523
-0.134922
-0.924741
-0.760979
0.509140
0.920713
0.586352
0.736503
-0.103488
0.296854
0.660024
0.716178
0.980895
0.762139
-0.161718
-0.902585
-0.496811
-0.025605
-0.450240
-0.042879
-0.389142
-0.431990
-0.352580
-0.627979
-0.366008
0.190710
-0.291665
-0.538316
0.263710
-0.284951
-0.992615
-0.653005
-0.748283
0.180456
-0.638478
-0.430036
0.148473
0.813593
0.307108
0.726676
-0.039766
-0.868221
0.191748
0.741203
-0.488449
0.822138
-0.819636
0.395917
0.264016
0.927732
0.818659
0.846736
0.841914
-0.338237
0.095431
0.690847
-0.390790
0.687429
-0.702811
-0.407270
-0.984497
0.621509
0.016205
0.414777
-0.121311
-0.935667
-0.690237
-0.141697
0.932676
-0.335368
-0.044649
0.973266
-0.472884
-0.830195
-0.204627
0.293985
-0.929258
-0.908444
0.412702
0.578478
0.251137
-0.932737
0.436445
-0.903867
0.683279
-0.315104
-0.793573
-0.118625
0.951170
-0.259987
-0.460982
0.750603
-0.250160
-0.778924
0.733940
0.321512
0.440291
-0.392193
-0.196753
-0.891903
0.703787
0.900571
0.814692
0.038301
0.177526
0.500534
-0.090487
-0.343608
-0.852657
-0.344279
-0.709891
-0.538011
0.635121
0.898984
-0.211158
0.331095
-0.602893
-0.393353
-0.973693
0.782403
0.328043
0.887387
0.152257
-0.273049
0.395550
-0.143406
-0.300760
0.985351
-0.564318
-0.047456
-0.559496
-0.243263
0.596484
0.810053
-0.448225
-0.075961
0.527268
-0.531053
-0.405560
0.122532
-0.842219
-0.615040
-0.108982
-0.558336
0.867489
-0.679006
0.489059
-0.187292
-0.984985
-0.783624
0.035676
-0.875179
0.638844
-0.198035
0.812067
-0.252541
0.879208
-0.003876
-0.235511
0.409345
-0.205298
0.417768
-0.021638
0.886410
-0.073946
-0.413495
-0.919370
-0.645680
0.564440
0.317118
-0.550645
0.181494
0.151524
0.065523
-0.866024
0.191748
-0.071932
0.609424
0.881893
-0.301187
-0.083895
-0.653066
0.007416
0.314982
-0.411725
0.486740
-0.899838
-0.288491
-0.354167
0.444624
-0.387249
0.817621
0.561083
0.270058
0.844783
0.841182
0.909360
-0.523789
0.624256
0.857112
0.869808
0.319010
-0.866085
-0.890744
-0.328227
0.675954
-0.171667
-0.021577
-0.533433
0.859371
0.765191
-0.297647
-0.894955
0.784906
0.585620
-0.931639
0.454451
-0.319498
-0.996948
0.482162
-0.029084
0.639088
0.786615
0.727470
-0.809442
0.877682
0.754631
-0.666311
0.760674
0.395428
0.522141
-0.438765
-0.658132
-0.854183
0.298013
0.922422
-0.067537
0.653859
0.655812
-0.850093
-0.786431
-0.743034
0.895749
0.531175
-0.497238
0.226417
-0.683096
0.749077
0.840571
-0.582324
-0.360393
-0.623402
0.222571
0.343913
0.401593
-0.463607
-0.678701
0.138707
0.830866
0.682180
0.457015
0.314676
-0.542528
0.721000
-0.864925
0.038179
-0.241310
0.482345
0.572497
-0.937620
0.669790
0.232521
-0.371136
-0.753044
-0.892392
-0.672048
0.810907
0.752434
-0.982971
0.384930
-0.445845
0.215674
-0.859859
0.896420
-0.812799
0.302225
0.279458
0.830012
0.481735
0.612293
0.085360
-0.890683
-0.421369
0.431928
-0.086947
0.060274
-0.038423
-0.088229
-0.698599
-0.453047
0.369854
-0.339335
0.650868
-0.431013
-0.332804
0.714286
0.282327
0.400555
-0.648549
-0.924558
0.436079
0.641591
0.261879
-0.623707
0.858089
0.247902
0.182226
0.783807
-0.573229
0.564928
0.741935
-0.485275
0.013153
0.446333
0.762017
0.752007
0.055208
0.390301
0.941221
-0.048311
-0.623768
-0.611255
-0.192602
0.942137
-0.689138
-0.702628
0.265297
-0.715629
-0.618397
0.209815
-0.925962
0.576525
-0.087130
-0.232521
0.132115
-0.496933
-0.278481
-0.885861
-0.170263
0.138768
0.845515
0.400678
0.010773
0.999145
0.558458
-0.385296
0.204688
-0.293863
0.278176
-0.174902
-0.404767
-0.846858
0.597766
0.029023
0.593738
-0.738823
-0.748650
-0.707450
-0.670522
0.622608
-0.955138
0.889157
-0.365642
0.088595
-0.355388
0.960936
-0.987854
-0.625660
-0.705496
0.047334
-0.419782
-0.019501
0.405805
0.993286
0.593188
0.605823
-0.618397
0.989380
0.299783
0.921751
0.900571
-0.110508
-0.447432
0.174169
-0.804010
-0.650014
0.963439
-0.171117
0.352397
0.514695
0.184484
-0.542100
-0.840815
-0.872250
-0.460494
0.422651
-0.316263
-0.042390
-0.635426
0.881527
-0.249489
-0.348796
-0.488998
0.162145
0.378094
0.234535
-0.424421
0.773858
0.835505
0.830805
0.950499
0.946471
-0.579211
-0.973022
0.102329
0.782281
0.022858
-0.334086
-0.987732
0.677419
0.724296
-0.011689
-0.120701
-0.598071
-0.409040
-0.698965
0.305826
0.176061
-0.140233
-0.119175
-0.726432
-0.178014
-0.721915
0.288980
0.092685
-0.282571
0.506760
0.961180
0.375286
0.048433
-0.228065
0.718436
-0.268899
-0.855892
-0.247414
0.895688
0.330363
-0.244911
0.219947
-0.050996
-0.457747
0.763909
-0.553148
-0.132969
-0.626759
0.327860
0.571703
-0.692679
0.076266
0.494552
0.438093
-0.574694
-0.850703
-0.632008
-0.395001
0.304788
0.945982
-0.327189
-0.281289
0.756890
-0.244606
-0.021516
-0.677908
-0.813410
-0.346721
0.977783
0.014924
-0.767449
0.161473
0.259438
0.722648
0.684866
0.168004
-0.806452
-0.510361
0.848384
0.674673
0.434370
-0.362346
0.906674
-0.913572
-0.985107
0.105564
-0.480697
-0.751701
0.316630
-0.661916
0.845210
-0.080905
0.936155
0.966735
0.111667
0.838435
0.886898
-0.338908
0.739982
-0.967101
-0.619495
0.602893
-0.470504
-0.962645
0.239357
-0.925596
0.692862
-0.289773
-0.370952
0.103183
-0.162816
-0.718558
-0.847163
-0.130467
0.342021
-0.924375
0.577807
0.789422
-0.393292
-0.869564
-0.109348
-0.691885
0.610096
0.549425
0.663930
-0.778314
0.666128
0.415387
0.655812
-0.406720
0.627796
0.439802
-0.505905
-0.415754
0.932493
-0.358013
-0.448347
0.048982
-0.355937
0.697073
0.533067
-0.234352
0.013398
0.711295
-0.275979
0.902951
0.368938
-0.607532
0.901669
-0.270180
0.457259
0.129063
0.735038
0.196020
0.633473
0.983215
-0.008881
0.478561
-0.525254
-0.855525
0.109409
-0.639332
0.320170
0.041780
0.919736
0.915647
-0.422407
0.485458
0.629261
-0.189184
0.283731
0.435591
0.916868
-0.133030
0.267617
0.265725
-0.152684
0.023835
-0.628162
0.909238
-0.631642
0.550890
0.142186
0.273171
-0.829157
0.806269
0.940794
-0.245216
-0.744560
-0.936522
0.314249
-0.069124
-0.720695
-0.604602
0.871395
-0.261879
-0.724540
0.878414
-0.874386
-0.348857
-0.439070
0.011139
0.287698
-0.020051
-0.877499
0.347148
-0.403851
-0.571825
0.860775
-0.531602
-0.053560
0.710135
0.174841
-0.880856
-0.342143
-0.081637
0.848140
0.701956
-0.840938
0.532640
-0.790704
0.784722
0.226844
-0.782220
-0.241676
0.813654
-0.868404
-0.644826
0.546251
-0.021455
0.349345
-0.496139
-0.912656
0.219886
-0.684805
-0.408551
0.715201
0.976867
-0.601062
0.494247
-0.880490
-0.185644
-0.647206
-0.852290
0.270180
0.772271
-0.317972
-0.958617
-0.792352
-0.766900
-0.136265
-0.729118
-0.277261
-0.160558
0.997314
-0.753716
-0.197974
0.091159
0.494797
0.108554
-0.232521
0.644704
-0.171484
-0.131748
-0.672231
0.393841
-0.388165
-0.012421
-0.073885
0.426618
-0.078829
-0.983398
-0.590320
-0.331767
0.313150
-0.525193
0.978698
0.080538
0.786431
0.293802
-0.405011
0.042573
-0.047578
-0.309000
-0.836665
0.720267
-0.805475
-0.835505
0.076266
0.000641
0.540269
0.354411
-0.867977
0.609607
-0.336650
0.307657
-0.903317
0.191076
-0.907407
0.718925
0.317850
-0.213050
0.008209
0.847530
0.968444
-0.707633
-0.384869
-0.131748
-0.528916
0.363018
-0.609790
-0.235389
0.659474
0.621937
-0.800287
-0.785699
-0.162633
-0.230262
0.287576
-0.195227
-0.982177
0.952086
-0.997803
0.082247
-0.917112
-0.684500
-0.449507
0.154393
-0.897641
-0.301675
-0.372662
0.726981
0.210242
-0.153050
0.863582
-0.562853
0.584338
0.199683
0.410932
-0.070284
0.046724
0.575426
0.727531
0.633534
0.448286
0.063509
0.668630
0.576769
0.324259
-0.646535
-0.993286
-0.598071
-0.595508
-0.442671
-0.233802
0.459395
0.611560
-0.487289
0.044893
0.047151
