-0.823725
-0.885311
-0.454512
-0.497604
0.723807
-0.484115
-0.071261
-0.622608
0.967345
-0.935545
-0.787042
-0.174596
0.448592
-0.559191
-0.020417
-0.223243
-0.381390
-0.309854
-0.788629
0.132786
-0.619190
-0.802301
0.953368
-0.601306
-0.067232
0.699698
0.420942
-0.209326
0.061129
0.129246
0.984375
-0.167455
-0.903989
-0.455855
0.827326
-0.228492
-0.533433
0.138035
-0.069063
0.231117
0.649525
-0.648305
0.631214
-0.112644
-0.645741
-0.980651
-0.637379
0.621815
-0.839595
0.901425
-0.181494
0.935118
0.798578
0.281838
-0.371685
-0.805963
0.536424
0.826106
-0.579821
-0.972961
0.915525
-0.392743
-0.750725
-0.815058
-0.391522
-0.834346
0.452620
-0.299295
-0.720817
0.984619
0.319071
-0.392987
0.938414
-0.849116
-0.482528
0.915220
-0.444624
0.427900
0.943113
-0.787103
0.895566
-0.443648
-0.334452
-0.940489
-0.075838
0.261635
-0.757561
0.347758
-0.624134
-0.173070
-0.836055
-0.172704
0.015107
0.756218
-0.211524
0.355266
0.372478
0.366619
-0.347758
-0.134739
-0.887509
0.038545
0.453902
-0.966674
-0.204627
-0.922361
0.524888
-0.696097
-0.404035
-0.840022
-0.424970
0.149754
0.542344
0.149876
0.564501
-0.169225
0.836421
-0.810541
-0.555345
-0.601062
0.818964
-0.900815
-0.772637
0.391400
0.328593
0.500656
0.574267
0.932737
-0.291116
0.057344
-0.907773
-0.862300
0.951476
-0.154637
-0.333293
0.241859
-0.005524
-0.689688
0.079440
-0.195715
-0.717032
0.107944
0.475631
-0.113987
0.226661
0.387066
-0.941343
0.579760
-0.973327
0.527207
-0.307901
0.974242
0.045686
-0.845271
0.844478
-0.033540
-0.110691
0.736320
-0.684256
0.640797
0.333232
0.094028
0.979614
0.381512
0.442183
-0.606128
0.666311
0.737907
-0.877987
-0.723136
0.076510
0.215857
0.795099
0.775018
0.509751
-0.179540
-0.548753
0.257485
-0.995972
-0.960814
0.605152
-0.971191
-0.413862
-0.436750
-0.951231
-0.141514
0.762749
0.554125
-0.335063
-0.573534
0.745231
0.802057
-0.555406
-0.431135
0.819208
-0.675100
0.675344
0.162450
-0.236183
0.637318
-0.423017
-0.781487
0.488937
0.699087
-0.985961
-0.790765
-0.009186
-0.409528
0.678518
0.693838
-0.578722
-0.148900
0.266213
0.857784
-0.897397
-0.158910
0.633473
-0.048128
0.372539
-0.196326
-0.904721
-0.267678
0.741691
-0.064180
0.000214
0.881954
0.104953
0.046419
-0.240883
-0.325785
0.760674
0.195593
0.570788
-0.584948
0.758721
0.657277
0.048860
-0.099704
0.065096
-0.174841
0.962645
0.595264
-0.765191
-0.645863
-0.639149
0.033845
-0.380352
0.021638
0.417402
-0.470443
0.981140
0.202429
0.989380
-0.874996
-0.236488
-0.957884
-0.367901
0.765374
-0.026032
0.345256
-0.502487
-0.803644
-0.229469
0.929563
0.127354
-0.448653
-0.282022
-0.635731
-0.943297
0.609851
-0.544176
-0.441267
0.317423
-0.650075
0.595996
0.430586
-0.177282
-0.883541
-0.286111
0.816645
0.141881
-0.198889
0.685965
-0.678152
-0.569201
0.522324
-0.453230
-0.921506
0.745842
-0.950865
0.876034
-0.756767
-0.863704
0.635914
-0.780267
-0.064974
-0.916929
0.802301
-0.757073
0.758110
-0.614734
-0.092441
0.473556
-0.502792
0.532517
-0.517441
-0.592395
-0.951170
0.605335
0.262185
0.493271
-0.021577
-0.883908
-0.461653
0.766289
0.611194
0.618824
-0.390179
0.757256
0.460860
0.087741
-0.317911
0.573290
-0.817499
-0.370769
-0.386151
0.489059
-0.668081
-0.913022
-0.015473
-0.572069
0.748405
0.105014
-0.027924
-0.534593
-0.093905
0.209815
0.559252
0.803949
-0.225501
0.474776
0.166784
-0.593860
-0.854488
-0.672475
-0.924131
0.139866
0.830012
0.382183
-0.951598
0.229835
0.019745
0.682180
0.890500
0.140477
0.381390
-0.812128
-0.488876
0.703726
0.932493
-0.830866
0.598376
0.405438
-0.415632
-0.761834
0.916868
0.350627
0.134251
0.764092
0.209632
0.460677
-0.609729
-0.627918
-0.965087
0.892636
-0.275063
-0.086032
0.310587
0.148473
-0.980651
-0.942869
0.631336
-0.136265
-0.375835
0.740226
-0.646840
-0.035188
-0.573046
0.171911
0.475204
-0.846553
-0.252358
0.897336
-0.071139
0.441939
-0.230079
-0.158422
0.527635
0.938841
-0.723075
0.422163
0.882565
0.781426
-0.658559
0.983276
-0.128147
-0.881649
0.619373
0.052767
0.702017
-0.969054
-0.379681
-0.333232
0.632008
-0.612598
0.301920
0.614551
0.456648
-0.918638
-0.626026
0.442305
0.413251
0.872677
0.646352
0.946959
0.011689
-0.684744
-0.281777
-0.690786
-0.086947
0.480941
-0.780572
0.223731
0.082125
0.650990
-0.516343
-0.547044
0.888241
-0.682485
-0.770623
0.269753
-0.727958
-0.658742
0.088168
-0.191687
0.541612
0.827692
-0.001129
0.069063
-0.636647
0.496139
-0.185400
0.254433
-0.881161
-0.149998
-0.303751
0.999695
0.855098
0.115818
0.480758
0.060579
0.921018
-0.262978
-0.684072
0.438948
0.410321
-0.730277
-0.912961
0.263710
-0.904965
0.169652
-0.999207
0.993225
0.616993
-0.686697
0.621998
-0.799188
-0.847652
-0.557482
-0.864681
-0.922605
0.964232
0.540086
-0.418134
0.129978
0.455550
0.279763
0.493637
-0.584521
-0.910276
-0.753716
-0.456038
0.852290
0.257179
-0.747490
0.373394
0.287149
-0.600757
-0.049837
-0.291055
0.529893
-0.493393
0.222694
0.565844
0.692679
0.848506
0.107578
0.932127
-0.623829
0.081515
-0.531724
0.402081
0.227577
-0.950499
-0.485031
-0.516465
-0.524888
0.588061
-0.903256
-0.302835
-0.164525
0.215064
-0.175268
-0.145360
0.122288
-0.974609
-0.006134
-0.664968
-0.784173
0.091952
0.800226
0.968810
-0.206885
-0.300455
0.731498
0.713309
0.542344
-0.288675
-0.928709
-0.922788
-0.321451
0.387555
-0.432295
0.700735
-0.114353
0.409528
0.370586
-0.738578
-0.772881
0.963134
0.906247
-0.376385
-0.382916
-0.991577
0.671194
0.385784
-0.345805
-0.998352
0.927549
0.935545
0.092990
0.993408
0.674917
0.548875
0.971923
-0.186926
-0.776849
-0.602222
0.718253
0.465743
-0.112827
-0.457503
-0.735282
0.486801
0.615833
0.767937
-0.080172
-0.563402
-0.631031
-0.545213
-0.168004
0.187475
-0.946043
0.953978
-0.096042
-0.763604
-0.885067
0.857356
0.489914
0.496994
-0.379620
0.339579
-0.282022
-0.297586
0.257546
0.193701
0.616443
-0.257729
-0.758049
0.033723
-0.842097
-0.053865
-0.908811
-0.688467
-0.896176
-0.028474
-0.063936
0.948302
0.838435
-0.987793
0.602893
0.868343
-0.868709
-0.586413
0.266701
0.269265
0.547288
-0.056490
-0.937437
-0.281961
0.369976
0.619861
0.631275
-0.051119
0.635426
0.428510
-0.296304
-0.289590
-0.194739
0.565661
-0.861446
0.998413
-0.738578
0.549608
0.639821
0.140660
-0.022248
0.996643
0.701956
0.975402
-0.037751
0.653249
0.818781
0.330729
-0.911618
0.441206
0.881710
0.469466
0.812311
0.308084
-0.176855
0.097201
-0.545457
-0.509323
0.929319
0.886959
0.798578
-0.410138
-0.418012
-0.954649
0.873409
-0.033723
0.289834
-0.268288
0.531419
0.704031
-0.624195
-0.343791
0.480697
-0.807672
0.717277
-0.636769
0.800958
0.093234
-0.468917
-0.257057
-0.039460
-0.443953
0.004303
-0.763421
0.143956
0.558763
0.893185
-0.059175
-0.147618
0.316324
0.633168
-0.256203
0.671560
0.995056
-0.792657
0.186071
0.936399
-0.056917
0.201697
0.736320
-0.039399
0.525742
-0.947569
0.996765
-0.980773
-0.900876
0.482894
-0.075838
0.532884
0.427595
-0.026887
-0.931700
0.654714
-0.571459
0.740165
-0.718070
0.408551
0.534776
0.530869
-0.294778
-0.867489
-0.423078
0.260170
0.043672
0.606494
-0.032319
-0.402570
0.501022
0.611988
-0.509140
-0.358074
-0.423139
-0.645802
-0.952330
0.916257
0.407880
-0.187170
-0.475814
0.716666
-0.864193
-0.481918
-0.062105
-0.326456
0.332804
-0.744804
-0.052767
-0.050203
-0.050325
0.915403
-0.121128
-0.187292
0.371075
-0.041169
-0.979553
0.749504
-0.873287
-0.232215
0.129307
-0.716544
0.826777
-0.985412
0.108127
0.140049
0.865352
-0.670156
0.339152
-0.453352
-0.182653
0.893185
0.902158
-0.128880
0.008881
0.362163
0.186254
0.511521
-0.375286
-0.723136
0.070162
0.211463
0.160741
-0.620960
0.989807
0.426069
0.546434
0.186926
-0.338176
0.080050
-0.908811
0.132725
-0.833735
-0.941099
0.616626
-0.181005
-0.591845
0.256142
0.338664
-0.682302
-0.319559
0.754265
-0.137852
0.104343
-0.526231
-0.489792
-0.718253
-0.237281
0.919736
0.008881
0.227515
-0.635243
0.734001
0.657033
0.390606
0.274575
-0.527268
-0.237648
0.572619
0.534165
0.679678
-0.849910
-0.826167
0.490646
-0.818903
-0.451643
-0.804498
0.195288
0.184545
0.656972
0.702261
-0.439558
0.858272
-0.642079
0.239479
-0.896786
-0.964171
-0.975524
0.624012
-0.259011
-0.100925
-0.910276
0.956908
-0.519456
0.382672
0.570788
0.671255
-0.146702
0.156468
0.484909
0.428571
0.756706
0.094394
0.070162
-0.326029
0.895322
0.276162
0.614368
-0.334696
0.599109
-0.682180
-0.457259
-0.213355
-0.886715
-0.312235
0.544786
-0.939634
0.456099
0.027924
-0.842830
0.964721
-0.852596
-0.813532
0.753899
-0.513657
0.065523
0.532762
0.688894
-0.006195
-0.117466
0.363140
0.746391
0.155858
-0.000336
0.070223
0.248756
-0.893857
0.406415
0.482223
0.543748
0.714103
0.473251
0.778130
0.493088
0.043550
-0.905332
-0.933897
0.548387
0.571947
0.153539
0.846492
0.218299
0.164037
0.961913
0.111728
0.662832
-0.978210
-0.704398
0.993408
-0.898679
-0.103366
0.221473
0.173193
-0.278115
-0.141575
0.313822
-0.727897
0.934507
0.436628
-0.394147
-0.064180
0.004425
0.711478
-0.932859
0.679189
-0.088229
-0.206946
-0.746696
-0.557176
-0.786493
-0.218665
-0.440352
-0.488083
-0.787164
-0.170385
-0.568834
0.903378
0.585131
-0.798944
-0.602039
0.135289
0.103549
-0.241249
0.811274
0.888424
-0.939879
-0.215003
-0.103122
-0.778924
0.487167
0.970031
0.918638
-0.260048
0.185705
-0.439436
-0.131748
0.803766
0.747612
-0.468001
0.371502
0.210425
-0.458113
-0.374615
-0.452132
0.948546
-0.855403
0.023591
-0.499680
0.175634
-0.499863
0.776605
-0.181188
-0.239906
0.684256
0.811213
-0.898618
0.692007
-0.050569
-0.081881
-0.669607
-0.044282
0.998901
-0.622791
-0.665822
-0.104831
-0.602405
-0.657094
0.515854
-0.874935
0.169469
0.108615
-0.033601
0.900998
-0.146764
0.659719
0.100864
-0.692740
0.613758
0.988769
0.923521
0.709891
-0.353862
-0.317728
0.473373
-0.253090
-0.623768
-0.985656
-0.121372
-0.375896
-0.128269
0.830683
0.594165
0.861629
-0.051119
-0.561022
0.045625
-0.693289
0.401410
-0.961974
0.904904
0.582873
0.412763
0.917417
0.500839
-0.374248
0.355693
0.232521
-0.027802
0.748589
-0.884762
0.102512
-0.645314
0.303079
0.427839
0.306314
0.281716
-0.472335
0.975219
-0.029878
-0.772515
0.448164
0.488266
0.220923
-0.669790
0.481674
0.384808
-0.784478
0.781671
-0.004242
-0.980651
0.857112
-0.002533
-0.520859
0.215003
-0.204138
0.694815
0.008026
-0.123569
-0.471419
-0.243751
-0.140477
-0.825922
-0.593066
0.029633
-0.672475
0.998596
-0.630299
0.867672
-0.152684
0.360759
0.209510
-0.760369
0.488632
0.959227
0.186987
-0.173559
0.216041
0.294290
0.898373
0.569628
-0.231849
0.546678
-0.976379
0.056368
-0.927610
-0.872188
0.467025
-0.008332
0.186316
-0.317362
0.147435
-0.144688
0.237892
0.200964
0.035005
0.611927
0.247658
-0.581164
-0.475936
0.486862
-0.069002
0.774712
0.516160
-0.116672
-0.201147
-0.375103
-0.442915
0.473251
0.375652
0.583544
0.501389
-0.067110
-0.182287
0.179662
0.984802
0.612232
-0.406171
0.053804
0.245766
0.422224
0.452132
-0.511032
-0.741569
-0.761345
-0.169286
-0.851131
-0.963317
-0.390179
-0.690786
-0.068880
-0.640553
0.151158
-0.458541
0.154942
0.736259
0.212867
-0.005524
0.138218
-0.127293
0.163549
-0.841121
-0.885861
-0.363689
0.581713
-0.515000
0.298868
0.652516
0.378094
-0.344768
0.729301
0.758538
0.834468
-0.236915
-0.726737
0.102634
0.688040
0.320902
0.363750
0.003815
0.958129
-0.631581
-0.323832
0.271584
-0.048189
-0.555712
-0.430342
-0.221412
-0.211890
0.253822
-0.535630
0.132298
-0.432051
0.027375
0.235511
-0.337626
0.310099
0.301431
-0.681753
-0.468245
-0.657949
0.351970
-0.854610
-0.301859
-0.967467
-0.703299
-0.907163
0.551134
0.797601
0.033479
-0.116550
0.210547
0.948485
0.525376
-0.356670
0.588366
0.377850
-0.056734
-0.977477
-0.273293
0.982788
0.428083
0.711966
-0.870418
-0.965026
0.627125
0.575732
-0.457747
0.893918
0.222633
0.083895
-0.402875
0.620899
0.592334
0.832148
0.715934
0.975402
-0.965331
-0.634144
-0.964660
0.466292
0.569201
0.874508
-0.747246
-0.058565
-0.482589
-0.144078
0.850337
-0.461165
-0.302042
0.807001
-0.236000
0.973510
0.693350
0.884030
-0.922788
0.588855
-0.213172
-0.810968
-0.906125
-0.998291
-0.262368
0.966124
-0.176794
-0.225257
0.526231
-0.290750
0.721061
0.383221
0.533738
-0.017304
-0.385662
-0.338237
0.095431
-0.384198
0.361248
-0.626270
-0.059847
0.311441
-0.624866
0.706839
-0.298929
-0.922422
-0.285806
-0.422224
-0.544481
-0.789727
-0.280496
0.058931
-0.550279
-0.084689
0.922910
-0.818476
-0.130467
0.450056
0.665395
-0.016449
-0.368267
0.275307
0.444929
-0.726798
-0.248512
0.721549
-0.091586
0.407758
-0.525864
0.989135
-0.408063
-0.621021
-0.570971
-0.077181
0.244240
-0.883297
0.748039
0.888180
-0.740715
-0.909726
-0.532579
0.906186
-0.758660
0.196387
-0.149144
0.570116
0.203528
0.428999
-0.041475
-0.343181
0.544664
-0.268593
-0.370098
0.533372
0.523057
-0.007721
-0.102634
-0.118686
-0.979675
-0.250710
0.582324
-0.349834
-0.204260
0.161840
-0.896298
-0.187231
-0.884640
0.453291
0.196692
-0.315104
0.097140
0.923887
-0.829585
0.499374
0.559313
-0.408368
0.689749
0.314188
-0.827326
0.939879
0.996216
0.447066
-0.042390
-0.028108
0.663198
0.546800
-0.433454
-0.128758
0.155065
0.218848
0.164098
-0.717521
-0.020295
0.509812
-0.282510
-0.073824
0.127781
-0.929563
0.509384
-0.335795
-0.032502
-0.137303
-0.314127
0.727409
-0.681814
-0.169652
-0.890500
0.161596
0.293802
-0.475387
-0.870296
0.784600
-0.898556
0.784051
0.682180
-0.528916
0.774529
-0.506882
-0.468429
-0.410260
-0.375958
-0.293558
-0.539109
-0.561876
0.872494
0.717399
0.428449
0.680471
-0.110813
0.994934
-0.733818
-0.666005
0.543382
-0.495468
0.169408
0.962401
-0.718986
0.051851
0.562181
-0.446028
-0.373577
0.163854
0.436384
-0.915525
0.903378
-0.977966
0.004486
0.807672
-0.040742
0.616749
-0.204505
0.029878
-0.563707
-0.600269
-0.365459
0.859798
0.574206
0.396283
0.561876
-0.754631
0.425520
0.378948
0.724357
-0.689871
-0.136753
0.547838
-0.436750
-0.065279
-0.178808
-0.857295
-0.540025
0.906674
-0.314432
-0.856685
-0.421674
0.248085
-0.004486
0.040925
0.306864
-0.737236
0.904172
0.163121
-0.342448
-0.397137
0.639576
0.680715
-0.828608
-0.213355
0.467269
0.374432
-0.554369
-0.745659
-0.663076
-0.294412
0.284646
-0.487045
0.854427
0.196692
-0.268227
0.634816
-0.138829
0.340373
0.373638
-0.467025
-0.474837
-0.679739
-0.141636
-0.205969
0.431806
0.510056
-0.858089
-0.029450
0.359294
-0.760796
0.760857
0.593799
0.442793
-0.277017
-0.848262
0.804010
0.745842
-0.916746
0.006989
-0.846919
-0.213965
-0.890255
-0.589648
-0.816584
0.847896
-0.744072
0.410993
0.543016
-0.925108
-0.724479
-0.623585
0.246132
0.269631
0.851802
0.009796
0.701224
-0.911496
-0.540635
-0.668386
0.815241
0.435530
-0.858150
0.403668
0.393109
0.869747
-0.973327
0.961364
0.744255
-0.775933
-0.474837
0.664052
-0.408124
0.497848
0.825129
0.075961
-0.887204
-0.354656
0.421552
0.134617
-0.117527
0.957518
0.414899
-0.171667
-0.328532
0.552416
-0.891964
0.007782
-0.480758
0.699332
-0.528184
0.339579
-0.462691
0.308573
0.598804
0.601367
0.749565
-0.939573
0.650929
-0.152318
-0.860836
0.982910
0.827754
0.447371
-0.805658
-0.239967
0.772149
0.676809
-0.587024
0.258705
0.307169
0.748650
-0.366619
0.213294
0.741813
0.672903
0.247108
0.279031
0.349223
-0.776666
-0.637623
-0.916623
-0.761101
0.146031
0.177404
0.952635
0.109775
0.198462
0.981262
-0.329630
-0.032807
0.296304
-0.666982
0.489486
0.203284
0.214637
0.192236
-0.612171
0.539354
0.131077
-0.368633
0.822748
-0.160802
0.143162
-0.353191
-0.211341
0.016083
0.368816
-0.898007
-0.801996
-0.170385
0.755486
0.054048
-0.684133
-0.576098
-0.705924
0.189062
-0.116733
0.847468
0.020112
-0.593677
0.712699
0.829585
0.654653
-0.418683
0.773675
0.933897
-0.722526
0.796136
0.512986
-0.974181
0.890194
-0.138401
-0.793939
0.539964
-0.166967
0.386456
-0.316019
-0.779229
0.727470
0.879086
0.336222
0.928587
0.927488
0.600635
0.082064
-0.450850
-0.100742
-0.630482
0.201575
0.163854
0.620716
-0.972411
-0.684500
0.804376
-0.904172
0.289834
0.784417
-0.579455
-0.895566
0.851924
-0.710074
0.767632
-0.395672
0.577746
0.327799
0.876095
0.072848
0.499374
0.827570
-0.872555
-0.732170
0.630177
0.683340
-0.399152
-0.426984
0.176122
-0.274514
-0.155858
-0.375103
-0.368999
0.534349
0.118137
0.964171
0.930357
-0.205298
-0.913877
0.081515
0.580432
0.494980
-0.856136
0.403790
0.550951
0.533799
-0.823725
-0.772637
0.977905
-0.367351
-0.857540
0.834101
0.165441
0.745170
0.908628
0.567675
-0.674917
0.789178
-0.069002
-0.016266
-0.696219
0.169469
0.725700
0.342875
0.465072
-0.599475
-0.781732
-0.703726
0.225135
0.998779
0.777764
0.528977
-0.438887
0.339457
-0.886959
0.266335
0.984985
0.164342
-0.612781
0.236549
0.731376
0.969115
-0.039338
-0.834101
-0.989807
0.280129
-0.783074
0.956236
-0.565355
0.415815
0.954405
0.860530
0.898129
0.707450
-0.760979
0.110446
0.161473
0.095370
-0.312113
-0.505295
-0.720267
0.367168
0.774957
-0.489914
0.020966
-0.653676
0.363689
0.085238
-0.152989
-0.209632
0.968749
0.079501
-0.853328
-0.401532
-0.040620
0.312235
0.912168
0.735160
-0.527390
-0.317362
-0.993835
0.540635
-0.855708
0.610462
0.686209
0.047212
-0.832942
0.743522
-0.031404
-0.292398
0.043489
0.894162
-0.725761
0.816950
0.987609
-0.982177
-0.747795
0.836970
0.243995
0.251930
-0.736503
-0.448714
0.582263
0.431806
0.021210
-0.380474
0.552538
0.545763
0.499252
0.143162
0.589404
-0.386578
-0.437056
-0.733757
0.192969
0.644704
0.169591
-0.797967
-0.984802
-0.527696
0.187963
0.276894
0.121006
0.709769
0.201514
-0.449263
0.898740
0.248939
0.402081
0.495651
0.587512
0.733695
0.018342
-0.390362
0.843257
0.442061
0.964782
-0.378094
-0.849300
0.557604
-0.886776
0.598987
-0.478439
0.734977
-0.203589
0.612293
-0.139378
0.452132
-0.185705
-0.963317
0.763970
-0.278176
-0.226356
0.145116
0.064364
0.739921
0.866512
0.653188
-0.083651
-0.479537
-0.679373
0.308939
-0.079012
-0.851924
0.200598
-0.112766
-0.586474
0.426435
-0.600269
-0.917722
-0.445967
0.599109
0.027558
0.652760
0.508957
-0.490280
0.180273
0.177099
-0.680593
-0.162633
-0.770562
0.885250
0.675588
-0.325907
0.241615
0.005097
-0.852351
0.049043
0.887020
0.655934
-0.381329
0.083834
-0.859310
0.277383
-0.874081
-0.027009
-0.009919
0.975219
0.925047
-0.173193
0.561022
-0.251930
-0.123325
-0.191565
0.688711
0.502731
-0.607898
0.469955
-0.548997
0.265603
-0.332316
0.153294
0.754509
-0.966247
0.068087
0.813227
0.732963
0.754936
-0.308817
0.206885
0.693167
0.114231
-0.466231
0.347087
-0.308695
0.270730
-0.038301
-0.901425
-0.809931
-0.818110
-0.911008
-0.245705
-0.504135
-0.633290
-0.513169
0.852901
-0.171972
0.744926
-0.177465
0.898190
-0.720450
0.349345
-0.771294
0.551073
0.272256
-0.827326
-0.307901
-0.924131
0.290567
0.093234
0.059542
-0.397687
-0.472396
0.454268
0.003204
0.059969
-0.154271
0.113254
0.149815
0.053438
0.660939
0.461653
-0.545518
0.199927
0.702872
-0.663991
0.297403
-0.814325
0.330241
-0.648122
0.602222
-0.238014
0.695120
-0.760430
0.339946
-0.641469
0.573168
-0.404645
-0.243385
0.670522
0.952696
0.221717
-0.813349
0.160131
-0.554369
-0.874203
0.993164
-0.767144
0.292398
0.866634
0.050203
0.083346
-0.065706
0.275674
-0.903867
0.180273
0.828364
-0.310282
0.185583
-0.031709
0.329020
-0.835505
0.130711
0.137059
0.394757
0.818171
-0.092196
0.937559
-0.850276
-0.527940
-0.019074
0.994934
-0.762749
-0.589404
0.709952
0.659902
-0.685171
0.025849
0.262001
-0.620960
0.650014
0.092013
-0.095431
0.857479
0.737236
0.661550
-0.959593
0.154149
0.603504
0.638783
-0.229957
0.686148
-0.731498
0.477035
-0.875546
-0.584887
0.554552
-0.774957
0.809626
0.712333
-0.508164
0.476608
0.549547
-0.229835
-0.807855
0.468307
0.403241
-0.860714
0.316324
0.613758
0.198584
-0.299478
-0.805841
0.239723
0.160497
0.829646
0.281838
-0.780755
0.218665
0.161290
0.542283
-0.265236
-0.208228
-0.697195
0.752800
-0.029084
-0.743034
0.299844
0.352947
0.838496
0.015473
0.416791
-0.721427
-0.974303
0.013703
0.687368
0.354717
-0.287210
-0.330119
-0.098422
-0.776482
-0.827876
-0.947874
0.551073
-0.641041
-0.178014
0.630970
0.034700
0.057283
-0.888424
-0.695059
-0.992248
0.307657
-0.000153
0.359233
0.294656
0.940611
-0.692312
-0.068331
-0.488327
-0.467757
-0.175756
0.238990
-0.140782
0.111667
-0.682485
-0.872738
-0.496384
0.449812
-0.392865
-0.691275
0.011689
-0.769890
0.272988
-0.583544
0.356792
0.507675
0.393597
-0.481368
0.831172
0.702506
-0.741935
-0.143895
-0.845576
-0.621021
-0.095431
-0.942930
-0.570116
-0.235145
0.834712
-0.260048
-0.001801
0.408185
0.145970
-0.215613
-0.607532
0.391278
0.747002
-0.216834
0.085482
-0.693899
0.262307
0.792962
-0.402936
0.197974
0.537400
0.366985
-0.269997
0.477950
0.558885
-0.993469
-0.625782
0.860836
-0.768181
-0.063265
0.456893
0.305521
0.932920
0.555162
0.538377
-0.250465
-0.390484
0.710746
-0.889340
0.180639
-0.038423
0.821711
0.853755
-0.387860
-0.604114
0.264626
0.971984
0.564745
0.606494
-0.539232
-0.152318
-0.827692
-0.278237
-0.435347
0.838435
-0.533738
-0.232093
-0.493576
-0.647511
0.075716
-0.140721
-0.025422
-0.383343
0.634632
0.033174
0.611682
-0.630848
0.231117
-0.812799
0.233924
-0.974975
0.814386
0.960204
-0.044832
0.750053
0.120151
-0.031831
-0.608081
0.688711
-0.782159
0.310160
0.482711
0.037263
0.469893
0.048799
0.525071
0.307352
0.283609
-0.173498
0.139317
-0.167943
0.570910
-0.920042
0.905454
0.495773
-0.273904
-0.450117
-0.120334
0.735405
-0.641591
0.000702
-0.708853
0.972289
0.658071
0.565294
-0.504379
-0.889523
0.960997
0.240272
-0.595874
-0.835627
-0.084201
-0.008515
-0.011078
0.416669
0.542344
0.193396
0.967528
-0.971252
-0.002411
-0.277932
0.688833
0.663930
-0.226539
-0.840266
0.261391
0.441328
0.752373
0.317301
-0.550035
0.077792
0.092929
-0.277139
-0.178930
0.381817
-0.903012
0.575488
-0.448286
-0.612964
-0.598682
0.601123
0.069674
-0.864986
0.353008
-0.711173
-0.647023
0.427473
-0.391949
-0.193030
0.813410
0.115024
-0.048006
0.885067
0.991577
0.241188
0.615955
0.471297
-0.099521
-0.197546
0.698294
0.408307
-0.571764
-0.508042
0.208594
0.877438
0.032685
-0.821589
-0.995911
-0.209143
0.661733
-0.496078
0.168249
-0.386700
0.882809
-0.889706
-0.118076
0.636586
0.164159
-0.859981
0.773736
-0.203772
0.847591
0.862850
-0.248878
-0.114109
0.468368
0.019379
-0.595264
0.760002
0.097629
-0.223304
0.361187
0.679250
-0.757744
-0.423750
0.291787
-0.147740
-0.644459
-0.540147
0.309000
-0.415693
-0.145665
0.577380
0.532273
0.224830
0.847285
0.766839
-0.793756
0.523179
-0.021699
-0.898618
-0.248207
-0.647694
0.840876
-0.014924
0.993835
0.791437
0.956114
0.516648
-0.775323
-0.569811
0.560411
-0.655324
0.350932
0.045015
0.458174
-0.941771
-0.258583
-0.607410
-0.947325
0.381695
-0.789178
0.890072
-0.894955
0.268593
-0.347636
-0.361187
-0.016327
-0.939695
0.842097
-0.756951
0.497665
-0.168126
0.122410
-0.399213
-0.241188
0.314615
0.169591
-0.205664
-0.611682
-0.686514
0.773247
-0.753960
0.503281
0.046785
-0.910154
0.312662
-0.179785
-0.744926
0.769036
-0.634571
-0.345622
0.762505
-0.806146
0.012848
-0.456709
0.077486
-0.113742
0.872494
0.427961
-0.998779
-0.882076
-0.697684
-0.339335
0.135350
0.834590
-0.043855
-0.833247
0.062288
-0.554491
0.514573
-0.048311
-0.947020
-0.093844
0.393353
0.755791
-0.136692
0.812983
0.087008
0.149510
-0.267373
0.460921
-0.932798
0.283425
-0.047212
-0.440229
-0.421613
0.610950
-0.355388
-0.536973
0.462508
0.777947
0.745598
0.123142
0.370220
-0.262612
-0.782830
0.715323
-0.611927
-0.111362
-0.561876
0.844478
0.065523
-0.598865
-0.401227
0.746330
0.745109
-0.618885
0.297647
-0.432478
0.546861
-0.196081
0.102329
0.466048
0.547411
-0.141697
-0.486618
0.033784
0.752617
0.062349
0.472457
0.109653
-0.231422
-0.834468
0.298318
-0.033052
-0.652455
-0.689688
0.314432
0.007111
-0.533372
0.870724
0.966369
-0.960326
0.961486
-0.637501
0.003021
-0.369732
-0.088595
-0.727042
0.007294
0.870174
-0.718802
0.083285
-0.909055
-0.984191
-0.032502
-0.774468
-0.314982
-0.778008
0.016205
-0.035615
0.489731
0.717215
-0.003754
-0.370342
-0.095920
0.022553
0.544481
-0.754326
0.413739
-0.234779
0.132298
0.482162
-0.833247
-0.965026
0.155919
0.675161
0.295694
-0.499863
-0.113376
0.679495
-0.038972
-0.363567
-0.743339
-0.075350
-0.068758
0.738517
0.265297
0.538072
0.509262
0.055818
0.364360
0.696524
0.620045
0.489608
0.558092
-0.244606
0.640431
0.632252
0.400739
0.897519
-0.508591
-0.142613
-0.324137
0.767937
-0.710135
-0.852046
0.963500
-0.170080
-0.513535
0.590197
0.296365
-0.257424
-0.477340
-0.319071
0.524766
-0.225135
0.073397
-0.524827
-0.955382
-0.738884
0.195837
-0.465804
-0.689383
0.950621
0.235267
-0.569445
-0.062777
0.533311
0.717460
0.023164
0.107639
-0.287210
-0.575121
0.963805
0.759026
-0.365764
-0.255043
0.379376
0.230140
-0.190588
0.772820
0.491440
-0.542711
0.129673
0.835749
-0.715140
-0.975402
-0.228919
0.459029
0.642323
-0.067904
0.172643
-0.675710
0.838984
0.500473
-0.900204
-0.755119
-0.083712
-0.766655
-0.091220
0.285318
0.992676
0.404096
0.243629
-0.502853
0.576952
0.378033
0.366131
-0.270180
0.953917
-0.396588
0.621693
-0.827326
0.649648
0.266396
0.971313
-0.481429
-0.975097
0.301798
-0.048006
-0.294778
-0.343669
0.211035
-0.637135
0.249794
-0.982116
0.606983
-0.992553
-0.874752
0.686575
0.650441
-0.284341
-0.061922
0.387432
0.220069
-0.249489
0.318339
-0.997864
-0.805963
0.199622
0.372539
-0.281655
-0.570482
0.863826
0.996826
-0.006500
0.916013
-0.838313
0.378826
0.284951
-0.483139
0.568957
-0.675344
-0.710074
0.848811
0.951659
-0.650746
-0.628895
0.526292
0.153050
-0.144444
-0.594043
-0.774407
-0.726737
-0.333781
-0.072909
-0.287027
-0.246681
-0.160192
-0.515793
-0.722526
0.785943
-0.607715
0.238990
0.476424
-0.807062
0.697928
-0.417341
0.303140
-0.299234
0.004730
-0.994690
0.431806
0.322855
0.807306
0.095309
-0.175878
0.354350
0.571215
0.541429
-0.514573
0.644276
-0.781121
0.551500
-0.105747
0.014191
0.227638
-0.186071
0.745170
0.771172
0.155126
-0.428083
0.363323
0.654408
0.740410
0.076937
0.190954
0.288858
0.856868
0.492172
0.570238
0.270241
-0.594592
0.156285
0.008332
0.916990
0.464278
0.490890
0.351848
-0.129429
-0.642506
-0.392987
0.716483
-0.268838
0.645314
-0.228492
-0.835078
-0.922605
0.304605
-0.096896
-0.513169
0.784417
0.747978
0.389325
-0.217261
-0.617176
-0.890622
0.477706
0.074252
0.069308
-0.295572
-0.884640
-0.451216
0.286416
0.219764
0.565172
0.653188
0.835932
0.489242
0.651051
-0.121921
0.352092
-0.838252
-0.255776
0.842402
-0.013215
-0.109531
0.091830
-0.420209
-0.958922
-0.336772
0.694937
0.546129
0.135472
-0.297952
-0.635609
0.192480
0.074129
0.896847
-0.655446
-0.581835
-0.389386
0.141636
0.773309
-0.786065
-0.039216
-0.311014
0.791986
0.393048
-0.369304
-0.791742
0.296182
0.640187
0.814447
0.372295
-0.769097
-0.565355
-0.911802
-0.113559
-0.411420
0.304666
-0.917173
0.045869
0.762017
0.048372
0.232826
-0.274697
-0.105075
0.167272
-0.998108
0.713065
0.207862
-0.223487
0.804010
0.501267
0.335185
-0.896725
-0.150975
0.120701
-0.198462
0.204138
0.862972
-0.319498
0.664907
0.586474
0.791314
0.001617
0.085055
0.363445
-0.220252
0.156285
-0.626148
-0.991516
0.667837
-0.444441
0.025544
-0.513779
0.775018
-0.502670
0.102390
0.705741
-0.212195
-0.640919
-0.810175
-0.599780
-0.001679
-0.205969
0.967833
-0.484603
0.129856
0.588366
0.377850
-0.056734
-0.977477
-0.273293
0.982788
0.791620
0.711966
-0.564745
0.503830
0.627125
-0.261452
-0.457747
-0.010163
0.222633
0.379681
-0.402875
-0.036164
0.551683
-0.440962
0.280984
-0.030671
-0.344584
0.983947
-0.964660
0.466292
0.339763
0.932249
-0.747246
0.787469
-0.648488
-0.144078
0.623646
-0.461165
0.886166
0.727470
-0.236000
0.391156
0.693350
0.553819
-0.922788
0.047761
-0.213172
0.853633
0.578967
-0.264809
-0.864132
-0.951720
-0.631031
0.436079
0.428816
0.706107
-0.662221
0.383221
0.915525
-0.017304
0.560106
0.283181
-0.850154
0.823298
0.800226
-0.251198
0.929991
0.311441
-0.624866
-0.474471
-0.352397
-0.179662
0.888668
-0.422224
0.856197
-0.527085
-0.280496
0.058931
-0.366131
0.889340
0.204993
0.235878
-0.130467
-0.405866
0.572863
-0.016449
0.302225
-0.822077
0.444929
-0.647511
-0.248512
-0.802728
-0.091586
-0.810846
-0.525864
-0.090487
0.079318
-0.621021
0.342021
0.147191
-0.191565
-0.883297
-0.929075
0.888180
0.186438
-0.909726
-0.961547
0.906186
-0.182470
0.196387
-0.149144
-0.875301
0.280618
0.428999
-0.122471
0.624989
-0.299783
-0.268593
-0.933836
-0.051302
0.142613
-0.704886
-0.102634
-0.118686
-0.281411
-0.250710
0.283486
-0.349834
0.137181
0.898740
0.417402
0.695791
-0.884640
0.386822
0.196692
-0.315104
0.097140
0.437117
-0.290323
0.499374
0.559313
-0.071017
-0.950072
-0.381451
-0.827326
-0.772332
0.996216
0.596850
0.183386
-0.149632
0.884213
-0.646290
0.042024
-0.412397
-0.256569
-0.057527
-0.067904
-0.377117
0.140233
0.509812
-0.282510
0.190466
0.127781
-0.929563
0.432173
-0.335795
-0.032502
0.206641
-0.314127
0.727409
-0.043184
-0.830683
0.574145
0.474715
0.295877
-0.475387
-0.870296
-0.665212
-0.080660
0.272500
0.682180
0.813532
0.774529
-0.506882
-0.468429
-0.410260
-0.375958
-0.293558
0.147618
-0.543748
0.758782
-0.348674
-0.742790
0.049715
-0.519761
0.994934
0.195105
0.189795
0.676443
-0.316019
0.913572
-0.902341
0.541673
0.051851
0.562181
0.760308
-0.963500
0.822565
0.436384
0.834162
0.903378
0.917600
-0.819086
0.807672
-0.399274
-0.387188
-0.084689
0.029878
0.675588
0.790948
0.102451
0.353923
0.638722
0.535997
-0.712821
-0.744621
0.425520
-0.026582
0.724357
-0.161351
-0.338359
-0.218604
0.640614
0.417280
-0.030915
-0.370769
-0.607532
0.906674
0.090182
-0.161412
0.594409
-0.524949
-0.571825
-0.633961
0.823603
0.093356
-0.004120
-0.507859
-0.342448
0.867061
0.553270
-0.322306
0.796258
-0.213355
0.014435
0.753166
0.333110
-0.905942
-0.472823
-0.294412
0.284646
0.096652
-0.052828
0.697134
-0.315775
0.634816
-0.181921
0.340373
-0.089450
0.806207
0.244667
0.638417
0.335002
0.032929
-0.108188
0.510056
-0.644093
0.369854
0.359294
-0.760796
0.760857
0.686758
-0.942503
-0.277017
0.759636
0.804010
0.745842
-0.916746
0.426740
0.711112
-0.213965
-0.796258
-0.589648
-0.816584
0.367901
-0.849116
0.410993
-0.911985
0.942442
0.217933
0.543626
0.210669
0.269631
-0.887753
-0.532212
0.915952
0.221473
-0.006684
-0.668386
0.815241
0.489364
-0.512070
0.290017
0.879452
-0.377178
-0.973327
0.364849
-0.395734
-0.775933
0.885311
-0.366131
0.910886
-0.054659
0.792535
-0.372417
-0.372723
0.243080
0.421552
-0.357891
0.940184
-0.881405
0.837580
-0.615162
-0.262123
0.552416
-0.891964
-0.416791
-0.106418
-0.618213
-0.528184
-0.751274
-0.462691
0.062410
0.598804
0.372600
0.749565
0.628040
0.650929
0.547777
-0.860836
0.982910
0.206336
0.622547
0.490280
-0.810846
0.299539
0.059542
-0.587024
0.218360
0.307169
0.748650
-0.366619
0.393902
0.741813
0.187719
0.247108
0.279031
-0.979858
0.252846
-0.637623
-0.916623
-0.761101
0.413312
0.177404
0.716666
0.109775
0.198462
-0.369366
-0.398358
-0.032807
-0.650502
-0.666982
0.489486
-0.094394
0.562487
0.833613
0.518540
0.103183
-0.247780
0.548936
-0.421735
-0.160802
0.786920
-0.353191
-0.125095
0.705313
0.368816
0.223365
0.895810
-0.170385
0.755486
0.054048
-0.062227
0.900632
0.507370
0.189062
-0.322611
0.449751
0.777825
0.688650
0.448714
0.737114
-0.993530
0.482589
-0.678701
0.933897
-0.533799
