-0.152135
0.082064
0.647023
0.273721
-0.237526
0.941832
0.057833
-0.873714
-0.683828
0.998718
-0.071200
-0.957091
0.045808
-0.305033
-0.516465
-0.914792
-0.187414
0.599353
-0.907224
-0.188330
-0.621570
-0.223304
-0.023225
-0.220496
-0.587268
0.443587
-0.520493
-0.473556
0.282571
-0.110263
-0.966491
-0.944273
0.330546
-0.046907
-0.981323
-0.833064
-0.741997
0.106845
-0.042634
0.227882
-0.783502
0.821650
-0.519700
-0.502853
-0.165502
-0.476547
-0.571398
0.315958
0.511521
0.676992
-0.471969
0.495346
0.981445
0.920408
-0.440291
0.113926
0.873287
-0.234840
-0.354472
0.936460
-0.748161
0.447310
-0.102512
-0.897885
0.106113
-0.013947
0.543870
0.685842
-0.083834
-0.024262
-0.028596
0.573656
-0.877010
0.620899
0.462630
0.965941
0.784478
-0.171178
0.239296
0.656972
0.484115
0.747673
-0.623768
-0.216407
-0.365947
0.300150
0.621815
0.740837
0.479781
0.935850
0.902219
0.313883
0.730583
0.896542
0.157079
0.109958
0.883786
-0.326029
0.003510
-0.619312
-0.598560
0.329508
-0.366802
-0.585314
0.742363
-0.765252
-0.950560
-0.187170
0.753960
0.298196
0.198035
-0.841792
-0.060457
-0.780877
-0.969115
0.186499
-0.027131
-0.270791
0.630177
-0.868465
0.482406
0.074984
-0.161779
-0.514634
0.915036
0.984558
0.027558
0.881771
0.284280
0.245399
-0.830683
-0.716361
0.044404
0.677480
0.194189
-0.957396
0.424482
-0.913694
-0.449019
-0.415448
-0.065950
0.973632
0.349223
0.827143
0.674612
0.714896
0.063387
0.292398
-0.188025
0.898190
-0.092929
0.645680
0.905454
-0.076022
-0.526719
0.773675
-0.668813
-0.444685
0.318644
-0.835505
-0.139561
-0.938108
-0.830195
0.461715
0.098972
0.921201
-0.001190
0.079745
0.683584
0.531968
-0.187231
0.882321
0.991943
0.790704
0.391461
-0.892026
-0.020112
0.022919
-0.372234
-0.539842
0.493088
0.287515
-0.650990
0.486862
-0.935606
0.473128
-0.286721
-0.394391
0.121677
-0.142674
-0.796503
-0.857295
0.980163
0.949767
-0.790582
0.439558
0.761467
0.552599
0.807611
-0.015473
-0.815912
-0.174657
-0.986633
-0.636219
0.366314
-0.885922
-0.088290
-0.092746
0.218360
-0.535508
0.519822
-0.322428
0.322794
0.992737
0.747490
0.816950
-0.828486
-0.590136
-0.999695
0.513169
-0.753044
-0.199072
-0.310648
0.062288
0.973998
0.525620
-0.863155
-0.501450
-0.304910
-0.947264
-0.287210
0.913633
-0.105075
-0.905087
-0.014985
-0.120640
-0.886654
0.626148
0.597949
-0.532029
-0.065279
-0.878964
-0.945860
-0.321390
0.484359
0.054353
0.229774
0.754204
-0.472030
-0.036164
-0.370647
-0.285562
-0.113804
-0.323954
0.426923
0.728324
-0.883847
-0.270608
-0.791559
0.507797
-0.009308
0.647633
0.399091
-0.457259
-0.218909
0.541917
-0.045137
-0.261696
0.447920
0.095065
0.535508
-0.320902
0.084078
-0.739494
-0.718314
0.950194
-0.656850
-0.147313
-0.852840
0.603992
-0.070162
-0.611621
0.081759
-0.495102
0.389508
0.818049
0.973937
0.910215
0.539109
-0.150853
0.944456
0.180090
0.412336
0.707633
-0.541124
-0.739067
0.046419
0.709891
0.219459
0.009857
-0.783319
0.581713
-0.692495
-0.860958
-0.321024
0.026704
-0.744682
-0.880612
-0.842402
-0.936949
-0.123447
0.627308
-0.906796
0.508652
-0.324992
0.357524
-0.454512
-0.975280
-0.410504
-0.895077
-0.373760
-0.323283
0.982421
-0.513169
0.737785
0.826655
-0.357707
-0.818232
0.193640
0.991394
-0.826106
0.660878
0.756218
0.443587
-0.973144
0.697745
0.854915
-0.614490
0.942991
-0.511582
0.679373
-0.540941
0.633595
0.402509
-0.019196
-0.580309
-0.975219
0.301187
0.814081
0.129917
0.102145
-0.917051
0.226905
0.051546
-0.085299
-0.017670
0.769829
-0.119419
0.282388
0.342265
0.327494
-0.837764
-0.296487
0.726737
0.621632
-0.799799
-0.411725
0.028291
0.100986
-0.584643
-0.355449
-0.091830
0.190771
-0.004791
-0.368511
-0.945006
0.818110
0.206519
0.622303
0.405316
0.135899
0.229591
0.841304
0.352641
0.619922
-0.113376
-0.496078
0.963378
-0.981628
0.692495
0.125462
-0.759087
-0.976562
-0.759697
-0.805231
0.419050
0.661550
0.588183
0.189917
-0.880184
0.369366
-0.735771
0.306925
0.975219
0.939207
-0.311075
-0.833064
0.470382
-0.078829
0.066622
0.577258
0.950438
0.503037
-0.984802
-0.125828
0.897275
-0.640614
-0.282510
-0.340312
-0.947142
0.889462
0.175329
0.820002
-0.393231
0.678640
0.841975
0.582263
-0.337931
-0.256630
-0.950316
-0.655568
0.585253
-0.179174
0.167089
0.872311
0.146886
0.144444
-0.118198
-0.613880
0.022004
-0.059725
-0.425642
-0.161412
0.562853
-0.598193
-0.722343
0.184240
0.511521
0.720817
0.622547
0.103305
0.340556
0.371197
0.546190
0.386578
-0.539781
-0.968688
-0.183081
0.735832
-0.805780
0.401166
0.030854
0.742912
0.976623
0.441694
-0.748955
0.062166
-0.595752
0.212134
0.117161
0.921079
-0.966430
-0.373333
-0.300333
-0.649525
0.716056
0.842463
0.723441
-0.351482
-0.254860
-0.758232
0.910581
-0.927061
0.859004
0.855159
0.084445
0.219214
-0.947996
-0.177770
-0.249306
-0.611560
0.157933
0.109348
0.133091
0.821100
-0.806269
-0.704703
0.998169
-0.993408
-0.165319
-0.361003
-0.671926
0.890988
0.647633
0.153478
0.830378
0.447127
0.746330
0.337809
0.991272
-0.935667
-0.184240
-0.429975
0.206824
0.110813
-0.950865
-0.765374
-0.668874
0.498154
-0.931150
-0.516648
-0.632191
0.832514
0.899594
-0.569323
0.690237
0.898862
-0.135655
0.999878
-0.850032
0.037812
0.221229
0.994079
0.950438
0.432417
0.589526
-0.951292
0.954588
-0.557787
0.691092
0.464949
-0.233558
-0.616932
-0.246803
0.803461
0.315714
0.133396
-0.829768
0.697378
-0.850459
-0.558580
-0.294290
0.651540
0.143284
0.691946
-0.994629
0.945128
0.259987
-0.289834
0.975585
-0.589831
-0.463668
-0.844234
-0.490158
0.865719
-0.374432
-0.806024
-0.484970
0.419782
-0.607959
-0.398907
-0.246803
0.008942
0.788751
-0.580859
0.028779
0.338908
0.992553
0.513291
0.188940
-0.739982
-0.101901
-0.495407
-0.253517
0.789361
-0.881222
0.655202
-0.580187
0.184606
-0.185522
0.553697
-0.420392
0.541246
-0.731132
0.943236
-0.506943
-0.054476
-0.621265
-0.102573
-0.007660
0.588610
-0.630238
0.954344
-0.233619
-0.766717
0.663076
-0.883297
0.879086
0.298196
0.507248
0.750664
-0.613941
-0.849666
0.397565
-0.082980
0.488998
-0.497360
-0.637867
-0.430403
-0.144444
-0.882015
0.778619
-0.324747
0.374981
0.123753
0.969604
-0.575182
-0.233070
0.805292
0.894528
-0.923215
-0.073702
-0.477340
-0.437300
0.921567
-0.601611
0.572192
-0.804743
-0.174902
-0.757683
0.618213
0.873470
-0.579272
0.116428
-0.812616
0.630238
-0.285379
-0.813349
0.250160
0.511521
-0.920347
-0.819208
0.240577
-0.879513
0.411847
-0.129246
0.453658
0.177343
0.882565
-0.860958
0.399213
-0.839290
-0.636525
-0.969115
0.602039
0.460982
-0.423566
0.806757
0.893918
0.072176
0.675832
-0.447127
0.689322
0.244606
-0.782525
-0.292825
0.259560
-0.078646
-0.865902
-0.972655
-0.915525
0.089450
0.763726
-0.037080
-0.709098
0.696707
0.485946
0.942503
0.839045
-0.297525
-0.240455
0.128574
-0.726066
0.002472
-0.616871
-0.905637
-0.662343
-0.914609
-0.907834
-0.225318
0.047639
0.521897
0.697623
0.304239
-0.082369
0.964049
0.507004
-0.979980
0.401654
0.172704
0.541673
-0.672414
-0.582263
-0.179235
0.552782
0.229652
-0.137059
-0.940611
0.695608
0.645314
0.725150
0.350139
0.396649
-0.042268
-0.083834
0.053011
0.617786
0.892758
-0.251991
-0.898618
-0.749748
0.136204
0.783441
0.706900
-0.960509
-0.639088
0.029878
0.477157
-0.872860
-0.820795
-0.867428
0.770989
0.980773
-0.279153
-0.681753
0.028962
-0.320109
0.174841
-0.393353
0.683645
0.479965
-0.966613
0.165624
-0.563524
0.517502
0.451765
0.763176
-0.322184
0.539720
0.591784
-0.430342
0.931883
0.478195
0.977111
0.425459
-0.273232
0.788995
-0.339213
0.341899
0.368999
-0.109165
-0.110508
-0.358928
-0.545701
-0.040681
0.133518
-0.634388
-0.665578
0.476547
-0.602161
0.114536
0.382122
0.325236
-0.328715
0.715934
-0.390790
-0.509873
0.925901
0.628346
0.981323
-0.847163
-0.752007
-0.530198
0.842158
0.719901
-0.817621
0.504196
0.093600
0.260781
0.522813
-0.524644
-0.919187
0.132237
-0.222144
-0.409467
0.100436
0.591662
0.407697
-0.322733
0.714103
0.432844
0.894894
0.372234
0.607959
-0.040010
-0.697806
0.570605
0.185278
0.760308
0.161351
0.713736
0.123875
0.445906
-0.177282
0.031526
0.861812
0.337626
0.662343
0.920713
0.546556
-0.843074
-0.635792
-0.467940
0.840022
-0.220862
-0.818415
-0.096530
-0.435591
-0.113315
0.216407
-0.892880
0.837031
-0.396344
-0.274209
0.308817
-0.384808
-0.048250
-0.599048
0.563707
-0.618397
0.085482
0.683340
0.440535
0.921445
0.827937
-0.126804
-0.164159
-0.557115
-0.527085
-0.985168
0.802301
-0.891476
0.474715
0.289102
0.527818
0.078463
0.950438
0.678762
-0.589282
-0.963073
0.977783
-0.494430
0.841304
-0.344523
0.354656
-0.544786
-0.806207
0.342326
0.600940
-0.530808
0.386273
-0.093966
0.425031
0.573656
0.403058
0.788507
-0.614978
-0.038057
0.621326
-0.495773
0.640248
-0.871639
0.973571
-0.478439
-0.065279
-0.974242
-0.349834
0.050935
-0.183935
-0.578784
-0.073397
0.878414
-0.039094
0.369304
0.485397
-0.758843
0.014679
0.091098
0.687674
-0.865352
-0.395245
0.951170
-0.999939
-0.004364
0.582690
0.903317
-0.374310
0.234535
0.840205
-0.353923
0.424421
-0.773064
0.840815
0.869442
0.401044
0.029389
-0.252907
-0.647206
-0.108921
0.141209
-0.768975
0.379254
0.968871
0.452986
-0.482223
-0.986633
-0.815546
-0.703177
0.713126
-0.584094
0.083529
-0.644642
-0.725883
0.218726
0.900571
0.628895
0.629078
0.593677
0.490768
-0.229347
0.390423
-0.301126
-0.477523
-0.930662
0.595386
0.384991
-0.528916
-0.039521
0.046297
-0.107639
-0.825922
0.586962
0.799432
0.728385
0.294839
0.807611
0.732963
-0.869320
-0.772027
-0.594165
-0.522935
-0.582751
0.969787
0.567980
0.425459
0.518113
0.451033
-0.552110
-0.275430
0.433576
-0.300455
-0.586108
0.163610
0.816523
-0.913938
-0.243812
-0.100070
0.488205
-0.989746
0.026460
-0.576281
0.146886
-0.552599
0.023591
-0.423017
-0.553453
0.608448
0.726066
0.611621
-0.379498
0.917661
0.239662
0.482711
-0.557787
-0.288553
-0.213843
0.989380
0.673879
-0.859920
-0.869625
-0.694876
0.435774
-0.192236
-0.842036
-0.555773
0.256752
-0.723258
-0.421125
-0.896176
0.662282
-0.563036
0.541368
-0.966491
-0.545946
-0.585742
-0.141087
0.421735
0.202857
0.288553
-0.461776
-0.003327
-0.708914
0.375469
-0.598193
0.316324
0.700247
-0.237587
-0.809381
0.085543
-0.567431
-0.894345
-0.328227
-0.811823
0.174718
-0.328349
0.647816
-0.822993
-0.078097
-0.820124
-0.658437
-0.767632
-0.114292
-0.401593
-0.955321
0.457869
-0.627003
0.741264
-0.826228
-0.172216
-0.428999
-0.542344
0.603626
0.356914
-0.297769
-0.993652
-0.740776
-0.542283
0.861995
0.837092
0.964599
0.035798
-0.070650
0.075411
0.248695
0.083346
-0.066073
0.866085
-0.199805
0.174230
-0.839656
-0.312967
0.985717
-0.027558
-0.425703
0.852168
0.568346
0.027924
-0.155248
0.149876
-0.804559
-0.461409
0.362651
0.165685
-0.872494
0.401471
0.892209
-0.409406
-0.331584
0.908139
0.806391
-0.090426
-0.465987
0.825556
-0.770562
-0.738762
0.120762
-0.003021
-0.416608
0.623280
0.696402
0.079562
-0.289163
-0.162389
0.600574
0.941649
0.866634
0.232276
-0.529160
0.937254
0.177953
-0.563829
-0.999084
0.862911
-0.371990
-0.322916
0.491989
-0.130589
-0.092074
0.439924
0.066195
-0.211707
-0.705985
-0.913388
-0.941771
-0.640553
0.643422
0.739006
-0.285623
-0.990356
-0.365947
0.645375
-0.063387
-0.756829
-0.234901
-0.341044
-0.138462
0.196142
0.323283
-0.723258
0.023225
-0.434004
-0.502792
-0.048799
-0.162145
-0.084384
-0.799127
-0.285134
-0.904111
-0.731437
-0.413739
0.422407
0.401410
-0.006317
-0.925962
0.252724
-0.171545
0.353008
0.283975
0.395978
0.031343
0.748711
0.841609
-0.873592
-0.877804
-0.850459
0.019379
-0.056978
0.749260
-0.683279
0.007294
-0.946532
0.403851
0.125523
-0.142186
0.432051
-0.155431
-0.193091
-0.475387
-0.615406
0.324992
0.111057
0.710379
-0.038057
-0.384686
-0.176428
-0.712271
0.462569
-0.661794
0.504074
-0.694754
0.140294
0.919004
-0.679495
-0.708365
-0.422956
0.906064
0.437422
-0.901852
-0.375164
-0.266701
-0.629749
0.014435
-0.561876
-0.944212
0.439802
-0.071749
0.857418
-0.503037
-0.528245
0.563036
0.134983
0.870602
-0.619922
-0.372967
-0.810480
-0.978393
-0.572314
0.655995
0.566088
-0.599780
0.255959
-0.635426
-0.634205
0.267556
0.554003
0.568041
0.550707
-0.475448
-0.608631
-0.516099
0.790887
0.095737
0.462081
-0.399762
0.792962
-0.040071
-0.094516
-0.993103
0.700064
0.767937
0.945311
-0.409894
0.794916
0.522691
0.095187
0.415815
0.064058
0.755913
0.559008
0.855464
-0.180334
0.470016
-0.121738
-0.119785
0.142430
-0.541246
0.975890
0.828791
0.001801
-0.594775
-0.121006
-0.046480
0.320048
0.907712
-0.173254
-0.510483
0.845882
-0.174291
0.001068
-0.919370
0.054537
-0.667959
-0.338420
-0.445845
0.370464
0.646168
-0.530259
0.155065
0.041536
0.447493
-0.253090
-0.658864
0.555956
0.139439
0.254738
-0.014008
0.736564
0.717704
0.224952
-0.927732
-0.833186
-0.798273
0.535630
0.874508
-0.934141
-0.900266
0.469588
-0.768365
0.993652
0.058199
-0.902524
0.748344
-0.440291
-0.525742
-0.189489
0.061251
0.275307
-0.574145
0.397626
0.373394
0.490951
0.177892
0.648671
-0.332377
-0.541063
0.105564
0.235633
-0.290872
-0.683279
-0.289163
-0.217139
0.217689
-0.668935
-0.680715
-0.202795
0.363079
-0.519883
0.499496
-0.391522
-0.142369
0.557054
-0.103000
-0.861202
0.106967
-0.634510
0.343364
0.515549
-0.291787
-0.797479
-0.594470
-0.887875
0.709220
0.564501
-0.263588
-0.078097
-0.824152
-0.943602
-0.383221
-0.091830
-0.961486
-0.181982
0.052583
-0.493210
-0.640553
0.057955
0.544786
-0.520981
0.501328
-0.997742
-0.197913
0.029206
-0.913022
-0.367779
0.404706
0.746879
-0.155675
0.167150
0.856014
0.157201
-0.572130
-0.774407
0.520066
0.309977
0.935850
-0.238624
-0.670644
0.743767
0.770135
0.384381
-0.209571
-0.235206
0.951476
0.882382
0.327738
0.171667
0.517136
-0.917905
0.563524
0.710746
-0.210730
-0.897458
0.348369
-0.010163
0.042817
-0.027802
-0.753716
0.993835
0.667531
0.401532
0.246620
0.871395
0.871761
-0.625050
0.873287
0.881039
0.871029
-0.500412
0.225013
-0.276528
0.549608
0.621265
0.385113
-0.164159
-0.365215
-0.694632
-0.975768
-0.711295
0.163671
-0.330058
-0.601794
0.314249
-0.440779
0.581225
-0.604602
-0.608020
-0.010529
0.649648
0.478561
0.931394
0.052583
-0.316568
0.085910
0.440474
-0.804437
0.902219
-0.794122
-0.259621
-0.760613
0.323283
-0.659597
-0.880612
-0.914182
-0.731925
0.834223
-0.078280
-0.439619
-0.153661
-0.294595
-0.599170
0.347575
-0.675893
0.753777
-0.236061
-0.686636
-0.289285
0.126133
0.645558
0.709647
0.516037
0.034211
0.578051
0.430708
0.297220
-0.906003
0.225623
-0.158544
0.879574
-0.322001
0.525376
0.358989
-0.880612
-0.079928
-0.678701
-0.330546
-0.026032
0.826594
0.378643
0.703177
0.274087
-0.440657
-0.297159
0.167089
-0.074618
0.436262
-0.029206
0.014435
0.017853
0.891964
0.324381
0.651173
-0.224158
0.107517
0.259682
0.904660
0.538194
0.195471
-0.335490
0.457564
0.196997
-0.568163
-0.531114
0.876461
0.280984
0.786859
0.906980
0.320780
0.082430
0.913450
0.489669
0.771966
-0.804621
0.340983
-0.568590
0.699515
0.784295
0.746391
0.908933
0.722037
-0.080477
-0.830988
0.486801
0.946593
-0.391278
-0.809687
-0.588977
-0.227393
0.538499
-0.243934
0.736503
0.293374
-0.484664
-0.252052
0.189795
-0.424360
0.680837
-0.094943
0.573046
0.637074
-0.799310
-0.960326
0.391705
-0.090060
-0.832453
-0.512131
0.386517
-0.136814
-0.795709
0.692190
0.211768
0.616993
-0.801263
-0.059114
-0.480575
0.903684
0.756767
-0.194494
0.714103
0.750359
-0.070101
0.276955
0.018220
-0.085177
-0.120701
0.663076
-0.882260
-0.161046
-0.240577
0.989196
-0.937193
-0.334147
0.364788
0.342143
-0.054292
0.234230
0.990051
-0.490097
0.314737
-0.954039
0.719291
-0.081454
0.992431
-0.658742
-0.264626
0.577136
-0.013764
0.568468
0.829768
-0.946776
-0.046907
-0.206458
