0.499680
0.082064
-0.984313
0.809687
-0.237526
0.060823
0.057833
-0.900693
-0.611438
-0.309305
-0.071200
-0.202063
0.045808
-0.988098
-0.462508
0.023164
-0.187414
0.599353
-0.907224
-0.188330
-0.138401
-0.223304
-0.023225
-0.499313
-0.587268
-0.620838
-0.520493
0.742180
0.282571
0.741874
-0.966491
-0.944273
0.330546
-0.261513
-0.981323
-0.789544
-0.984008
0.106845
0.454634
-0.418683
-0.783502
0.821650
-0.613086
-0.769707
-0.165502
-0.476547
-0.571398
0.315958
0.511521
-0.371258
-0.102084
0.073824
-0.921018
0.920408
-0.440291
-0.178991
-0.453352
-0.234840
0.502915
0.210913
0.595019
0.892819
-0.102512
-0.897885
0.106113
0.430464
0.543870
0.685842
-0.245094
-0.079623
0.410688
0.573656
-0.877010
-0.823420
0.981140
0.965941
0.578478
-0.171178
0.977783
-0.659047
0.665822
-0.884579
-0.733451
0.571154
-0.365947
0.897275
0.621815
0.740837
0.498520
0.333537
0.902219
-0.532701
0.730583
0.924009
0.157079
0.109958
-0.077548
-0.326029
-0.996643
-0.619312
-0.598560
0.502426
-0.366802
-0.154576
-0.862056
0.425398
-0.635182
-0.187170
0.753960
0.298196
0.198035
-0.841792
0.554979
-0.201392
-0.969115
-0.469710
0.606189
-0.270791
0.132237
-0.868465
0.482406
0.074984
0.687307
0.314249
-0.789239
0.984558
-0.669301
-0.312296
0.915891
0.245399
-0.830683
0.668630
0.232582
0.677480
0.194189
-0.957396
0.424482
-0.913694
-0.449019
-0.415448
-0.065950
0.973632
0.312174
0.827143
0.975524
0.714896
0.063387
0.292398
-0.460799
-0.010468
0.388897
0.636891
0.905454
-0.076022
-0.943846
0.773675
-0.668813
-0.657521
0.318644
0.759575
0.716422
-0.938108
-0.830195
-0.380047
0.098972
0.921201
-0.001190
0.402264
0.683584
0.531968
0.934019
0.882321
0.991943
-0.206763
0.391461
-0.892026
-0.664296
0.022919
0.389813
0.883053
0.935118
-0.511643
-0.650990
-0.069369
0.594043
-0.643483
-0.286721
0.723930
0.121677
0.819880
-0.796503
0.576525
-0.128819
0.635609
0.892758
0.439558
0.761467
0.484725
0.807611
-0.015595
-0.090915
0.475021
-0.222877
-0.977050
-0.164892
-0.885922
-0.088290
-0.092746
-0.701224
-0.535508
0.519822
-0.322428
0.322794
0.992737
0.747490
-0.036775
-0.828486
-0.590136
-0.999695
-0.389080
-0.330241
0.021455
-0.310648
0.062288
0.973998
0.033540
-0.487167
-0.501450
-0.304910
-0.947264
-0.287210
-0.138707
-0.105075
-0.573534
-0.014985
0.705741
-0.886654
0.626148
0.906064
-0.532029
-0.857845
-0.878964
-0.945860
-0.321390
0.484359
-0.672170
0.229774
0.300272
-0.472030
-0.036164
0.370281
0.891720
-0.650807
-0.013581
0.426923
0.728324
0.964049
-0.149937
-0.791559
0.507797
-0.009308
0.647633
0.205969
-0.457259
-0.601672
-0.997131
-0.045137
0.649525
0.485519
0.271889
0.538194
-0.393780
0.084078
-0.739494
-0.718314
0.950194
-0.581713
0.852718
-0.288430
-0.999084
-0.070162
-0.611621
-0.899167
-0.495102
0.389508
0.818049
-0.372845
-0.917295
-0.460250
-0.150853
0.944456
-0.712149
0.412336
0.707633
-0.541124
-0.739067
-0.721305
-0.044038
0.219459
0.009857
-0.783319
0.581713
-0.051973
-0.860958
0.744621
0.026704
0.734428
-0.880612
-0.184668
-0.936949
0.315409
0.627308
-0.589709
0.508652
-0.324992
-0.242347
0.156652
0.363994
-0.410504
-0.882321
-0.373760
-0.323283
0.982421
-0.513169
0.737785
0.826655
-0.525193
0.167394
0.564074
0.991394
0.442732
-0.126621
-0.129124
-0.378338
-0.973144
-0.352336
0.854915
0.180029
0.802728
-0.363445
-0.719779
-0.540941
0.633595
-0.821772
-0.121250
-0.953612
0.773980
0.301187
0.763298
0.385846
-0.437239
0.351970
0.226905
0.051546
-0.085299
0.976379
0.769829
-0.119419
-0.365642
0.943113
0.327494
-0.837764
-0.296487
0.726737
0.621632
-0.370403
-0.411725
0.028291
0.100986
-0.584643
-0.280740
-0.091830
0.190771
-0.004791
-0.368511
-0.260170
0.818110
0.206519
0.622303
0.405316
-0.232643
0.229591
-0.845332
0.497604
0.619922
0.741386
-0.496078
0.963378
-0.981628
0.692495
0.125462
-0.759087
-0.500961
-0.759697
-0.805231
0.419050
-0.499435
0.588183
0.617176
-0.880184
0.783441
0.038057
-0.326640
0.975219
-0.013825
-0.311075
-0.833064
0.470382
0.884823
0.066622
0.577258
0.222510
0.503037
0.294046
0.973327
0.457869
-0.640614
-0.282510
-0.340312
-0.947142
0.889462
0.175329
-0.696036
-0.393231
0.678640
0.841975
0.582263
-0.337931
-0.256630
-0.025971
0.732170
0.644154
-0.179174
0.167089
0.872311
0.146886
0.434919
-0.118198
-0.650319
0.022004
0.799860
-0.425642
-0.161412
0.562853
-0.598193
-0.722343
0.184240
-0.057649
0.720817
0.622547
0.103305
0.340556
-0.388287
-0.600635
0.386578
-0.539781
0.171606
-0.254433
0.735832
-0.805780
0.401166
0.030854
0.363872
0.976623
-0.775689
-0.893796
0.062166
-0.595752
-0.539232
0.117161
0.921079
0.876095
-0.373333
-0.300333
-0.649525
-0.745476
0.842463
0.723441
-0.351482
-0.254860
-0.758232
0.910581
0.410871
0.859004
-0.891232
0.084445
0.219214
-0.947996
-0.177770
-0.249306
-0.611560
0.157933
-0.970885
0.133091
0.821100
-0.806269
-0.704703
0.167821
-0.993408
-0.165319
-0.466597
-0.671926
0.890988
0.647633
0.153478
0.830378
0.862606
0.746330
0.337809
0.991272
-0.935667
-0.184240
-0.429975
-0.378704
-0.741630
0.208716
0.027619
0.032258
0.498154
-0.051424
-0.516648
-0.480575
-0.137059
-0.565844
-0.569323
-0.560961
0.410321
-0.135655
0.699087
-0.850032
0.037812
0.221229
0.844356
0.950438
0.432417
0.589526
0.676443
0.954588
0.051973
0.691092
0.141392
-0.233558
-0.616932
-0.246803
0.803461
0.315714
0.975097
0.484725
0.697378
-0.850459
-0.558580
-0.294290
-0.610645
0.143284
-0.615406
-0.994629
-0.928587
0.902707
-0.319803
0.975585
-0.589831
-0.463668
-0.844234
-0.500656
-0.128330
-0.374432
-0.806024
0.854488
0.419782
-0.607959
-0.398907
-0.000763
0.008942
0.788751
-0.580859
0.028779
0.338908
0.992553
0.513291
-0.697256
-0.478561
-0.473189
0.739128
-0.253517
0.789361
-0.881222
0.453719
-0.812677
-0.764763
-0.810175
0.690542
-0.420392
0.541246
-0.731132
0.943236
-0.506943
0.984497
-0.621265
-0.102573
-0.007660
0.588610
-0.630238
0.954344
-0.233619
0.149327
0.129368
-0.226417
0.583422
0.298196
0.507248
0.296304
-0.450545
-0.849666
-0.095676
-0.556932
0.488998
-0.497360
0.432173
0.755852
-0.144444
0.003571
0.778619
0.449141
-0.165807
0.191992
0.969604
-0.575182
-0.233070
0.805292
0.894528
-0.492416
-0.766228
-0.477340
-0.437300
-0.275918
-0.601611
0.572192
-0.804743
-0.174902
-0.757683
0.624195
-0.016877
-0.579272
-0.671987
-0.812616
0.630238
0.410749
-0.813349
-0.207190
0.511521
-0.920347
-0.819208
0.240577
-0.879513
0.411847
-0.129246
-0.854060
-0.377239
0.882565
-0.860958
0.399213
-0.499313
-0.922056
-0.969115
-0.574450
0.499069
-0.423566
0.806757
0.893918
0.072176
0.242653
-0.447127
0.956114
0.244606
-0.782525
-0.658254
0.259560
0.659536
0.599963
-0.790033
-0.915525
-0.998840
0.763726
-0.037080
-0.709098
0.696707
-0.493027
-0.162389
0.818598
-0.297525
-0.240455
0.128574
0.028230
0.002472
-0.991394
0.851558
-0.662343
-0.914609
-0.907834
-0.225318
0.047639
0.300394
0.697623
0.761895
0.009919
0.964049
0.507004
-0.979980
0.401654
-0.906674
0.541673
-0.672414
-0.582263
-0.179235
0.552782
0.229652
-0.241676
-0.541124
-0.375713
-0.915830
0.725150
0.350139
0.396649
-0.042268
-0.083834
0.053011
0.617786
-0.615162
-0.251991
0.472091
-0.749748
0.107700
0.783441
0.706900
-0.960509
-0.639088
0.029878
-0.896359
-0.872860
-0.820795
-0.867428
0.770989
0.980773
-0.279153
-0.681753
-0.201514
-0.320109
0.174841
-0.393353
0.683645
0.479965
-0.610828
0.780267
0.817927
-0.486068
0.451765
0.763176
-0.322184
-0.662648
0.591784
-0.430342
0.931883
0.478195
0.560167
-0.249794
-0.273232
-0.524644
-0.339213
0.341899
0.368999
-0.109165
-0.110508
-0.358928
-0.545701
-0.040681
-0.439741
-0.634388
-0.687368
0.476547
0.072726
0.114536
0.382122
0.325236
-0.328715
0.042817
-0.904965
-0.509873
0.925901
0.628346
0.931333
-0.847163
0.200293
-0.530198
0.842158
0.719901
-0.817621
0.977538
0.093600
0.260781
-0.799677
-0.524644
-0.919187
0.132237
-0.222144
-0.409467
0.100436
-0.084262
0.407697
-0.322733
0.714103
-0.709220
0.894894
0.372234
0.607959
-0.040010
-0.697806
-0.348186
-0.875668
0.420270
0.161351
0.511032
0.123875
0.919492
-0.177282
-0.200720
0.861812
0.750908
0.551866
0.920713
0.546556
-0.843074
-0.167333
-0.467940
0.840022
-0.220862
-0.818415
-0.487533
-0.076754
-0.113315
0.216407
0.097201
0.837031
-0.997559
-0.274209
0.308817
-0.384808
-0.048250
0.696402
0.563707
-0.618397
0.085482
0.142003
0.440535
0.921445
-0.202063
-0.126804
-0.164159
-0.557115
-0.527085
-0.985168
0.802301
-0.634388
0.474715
-0.458419
0.497665
0.078463
0.950438
0.678762
-0.589282
-0.963073
-0.042207
0.388714
-0.484420
-0.344523
0.891232
-0.544786
-0.806207
-0.972961
-0.798456
-0.530808
0.386273
-0.201575
-0.714347
0.573656
-0.259621
-0.661367
-0.614978
-0.038057
0.621326
0.741447
-0.873165
-0.871639
0.973571
-0.188818
-0.065279
0.401288
-0.934935
0.050935
-0.183935
-0.578784
0.228370
0.878414
0.833430
0.369304
0.980041
-0.758843
-0.336650
-0.515061
0.687674
-0.865352
-0.652882
0.951170
-0.940855
-0.004364
0.671316
0.903317
0.341227
0.234535
0.840205
0.684988
0.424421
0.864010
0.382794
-0.316446
0.085665
0.029389
-0.252907
-0.647206
-0.378460
0.542528
-0.768975
-0.044343
0.968871
0.452986
-0.714103
-0.986633
-0.815546
0.274209
-0.389264
-0.680593
0.083529
-0.084872
0.713858
0.207678
0.900571
0.628895
0.629078
0.593677
0.490768
-0.229347
0.390423
0.035737
-0.477523
-0.930662
-0.396161
0.384991
-0.449202
-0.039521
0.046297
-0.107639
0.580981
0.775872
0.799432
0.728385
0.767266
0.807611
0.732963
-0.869320
-0.772027
-0.401105
-0.522935
0.812799
-0.001801
0.567980
0.319742
0.518113
0.451033
-0.552110
-0.275430
0.433576
-0.300455
-0.586108
0.163610
0.816523
-0.913938
-0.153172
-0.100070
0.535386
0.958129
0.803949
-0.576281
0.146886
-0.552599
0.023591
-0.609729
-0.553453
0.608448
0.726066
0.611621
-0.379498
0.939024
0.239662
0.482711
-0.557787
-0.288553
-0.213843
0.989380
0.673879
0.853084
-0.869625
0.116123
0.435774
-0.192236
-0.842036
-0.555773
0.256752
-0.723258
-0.421125
0.229896
0.662282
-0.563036
0.541368
-0.966491
-0.545946
-0.299112
-0.141087
-0.530686
0.202857
-0.205115
-0.461776
-0.170324
-0.708914
0.375469
-0.598193
0.316324
0.655629
-0.237587
0.436079
0.203284
-0.832575
-0.894345
-0.328227
-0.811823
0.174718
-0.328349
0.647816
0.055818
0.181127
-0.820124
-0.658437
-0.767632
-0.114292
0.867550
0.965270
-0.539048
-0.627003
-0.884213
-0.826228
-0.172216
-0.428999
-0.542344
0.603626
0.356914
-0.297769
-0.876705
-0.740776
-0.542283
0.775201
-0.231361
0.964599
-0.001740
0.434004
0.075411
0.248695
0.083346
-0.315226
-0.191137
-0.199805
0.174230
-0.561998
0.776666
0.459639
-0.521531
-0.425703
-0.424665
0.568346
0.124607
-0.155248
0.149876
-0.804559
0.495102
0.031831
0.165685
-0.188757
0.767266
-0.591968
0.205908
-0.331584
-0.083224
-0.770379
-0.090426
-0.465987
0.825556
-0.770562
-0.738762
0.120762
-0.003021
0.385968
0.623280
0.696402
0.079562
-0.289163
-0.162389
0.600574
0.941649
0.866634
0.011322
0.277871
0.937254
-0.734855
-0.563829
-0.999084
0.902524
-0.371990
-0.322916
0.887448
0.556200
-0.092074
0.439924
-0.886227
-0.211707
-0.705985
-0.913388
-0.941771
-0.640553
0.643422
0.739006
-0.285623
-0.990356
0.255898
0.041047
-0.879757
0.335429
-0.234901
-0.341044
-0.138462
0.196142
0.323283
-0.723258
0.661855
-0.606250
-0.502792
0.729057
0.836726
-0.084384
-0.799127
-0.285134
-0.904111
-0.731437
-0.413739
0.422407
0.401410
-0.006317
-0.925962
0.252724
-0.171545
0.403729
-0.772210
-0.775140
0.031343
-0.780267
-0.767754
-0.873592
-0.877804
-0.850459
0.019379
-0.162511
0.017731
-0.683279
-0.151769
-0.946532
0.403851
0.125523
-0.624256
0.432051
0.188452
-0.185522
0.482589
-0.615406
0.324992
0.111057
-0.764458
-0.084872
-0.055574
0.666189
-0.012055
0.462569
-0.899350
0.504074
-0.497971
0.140294
0.919004
-0.679495
0.419660
-0.422956
0.906064
0.437422
-0.347209
-0.375164
-0.266701
0.513718
0.014435
-0.561876
-0.944212
0.439802
0.960021
0.857418
0.344218
-0.528245
0.650990
0.184668
-0.109348
-0.619922
0.503525
-0.969298
0.189673
-0.901181
0.655995
0.566088
-0.599780
-0.641774
-0.635426
-0.634205
0.267556
0.554003
0.568041
0.550707
0.179846
0.667104
-0.516099
0.790887
0.095737
0.826350
-0.399762
0.792962
-0.040071
-0.257912
-0.993103
0.700064
0.767937
0.945311
-0.409894
0.794916
-0.687857
0.095187
0.415815
0.338115
0.755913
0.559008
0.855464
-0.180334
-0.649281
-0.121738
-0.061861
0.645985
-0.541246
0.975890
0.828791
0.001801
-0.594775
-0.121006
-0.046480
-0.959838
0.142369
-0.173254
-0.510483
0.845882
-0.174291
-0.808832
0.871822
0.763909
-0.035676
-0.338420
-0.445845
0.370464
0.646168
-0.530259
0.155065
0.041536
0.330058
-0.253090
-0.658864
0.555956
0.139439
0.254738
-0.917539
-0.642445
0.717704
0.224952
-0.927732
-0.833186
0.270302
0.535630
0.717277
0.775018
-0.900266
0.469588
-0.768365
0.154637
0.058199
-0.902524
0.748344
-0.440291
-0.525742
-0.189489
-0.399274
0.275307
-0.574145
0.397626
-0.699515
0.490951
0.034700
0.295633
-0.906064
-0.541063
0.105564
0.235633
-0.290872
-0.158849
-0.672658
-0.721488
0.435408
-0.668935
-0.630543
-0.202795
-0.949400
-0.519883
0.499496
-0.391522
-0.142369
-0.547472
-0.103000
-0.682852
-0.328532
-0.634510
0.864254
0.515549
0.045747
-0.797479
-0.594470
-0.887875
0.775506
0.564501
-0.801508
-0.531358
-0.824152
-0.943602
-0.383221
-0.091830
-0.961486
-0.181982
0.052583
-0.493210
0.356792
-0.727531
0.544786
-0.520981
0.501328
-0.997742
-0.197913
-0.780450
0.012543
0.179540
0.404706
0.746879
-0.155675
0.473739
0.856014
0.157201
-0.572130
0.884213
0.520066
0.309977
0.935850
0.226600
-0.670644
0.743767
0.770135
0.384381
-0.209571
-0.235206
0.951476
-0.039033
0.327738
0.377606
0.488815
0.683157
0.563524
0.044343
-0.210730
0.415632
0.906613
-0.010163
0.344951
-0.027802
-0.753716
0.993835
0.199072
0.401532
0.246620
-0.357585
0.871761
-0.625050
0.873287
0.881039
0.871029
-0.500412
0.225013
-0.276528
0.298990
0.621265
0.385113
-0.164159
-0.365215
-0.694632
0.510117
-0.711295
0.163671
-0.330058
-0.843562
-0.717093
-0.440779
0.581225
-0.604602
-0.784356
-0.010529
-0.440413
0.587695
0.931394
-0.686880
-0.316568
0.085910
0.440474
-0.804437
0.928465
0.657582
-0.259621
-0.174780
0.323283
-0.659597
-0.880612
-0.914182
-0.731925
0.834223
-0.078280
-0.429975
-0.446211
-0.294595
0.998840
0.347575
-0.675893
0.296487
-0.236061
-0.686636
-0.289285
0.126133
0.645558
0.397687
0.516037
-0.937986
0.578051
0.708548
0.297220
-0.906003
0.816645
-0.158544
0.879574
-0.322001
0.525376
0.358989
-0.880612
-0.079928
-0.678701
-0.754631
-0.995788
0.826594
0.378643
0.703177
0.274087
-0.440657
-0.297159
0.167089
-0.074618
0.436262
-0.029206
0.014435
0.538743
0.891964
0.324381
0.651173
-0.085177
0.107517
0.259682
0.504318
0.538194
0.195471
-0.335490
-0.844661
0.196997
-0.568163
-0.923338
0.903378
-0.143284
-0.128513
0.906980
-0.493576
0.082430
0.913450
0.489669
0.771966
0.735649
0.340983
0.220191
0.699515
0.784295
0.746025
0.908933
0.722037
-0.080477
0.542100
0.486801
0.946593
-0.391278
0.383587
-0.588977
-0.227393
-0.020905
0.835994
0.124241
0.293374
-0.484664
-0.252052
-0.072726
-0.424360
-0.591601
0.852351
-0.721183
0.637074
-0.799310
-0.960326
0.162999
-0.845149
-0.832453
-0.212012
-0.956114
-0.592273
0.680654
0.692190
0.211768
0.616993
-0.801263
0.745170
-0.906491
0.903684
-0.123875
-0.194494
0.714103
-0.419294
0.605823
-0.492538
-0.010407
-0.807245
-0.120701
0.663076
-0.882260
-0.570299
-0.293313
-0.782525
-0.937193
-0.349406
-0.665090
-0.098483
-0.054292
0.234230
-0.496567
-0.490097
-0.975036
-0.954039
0.984008
-0.081454
0.992431
-0.360027
-0.264626
-0.574389
-0.013764
0.568468
0.829768
-0.946776
-0.651112
-0.206458
