0.618397
-0.920164
0.752556
0.552904
-0.237526
-0.103305
0.515366
-0.410382
0.281167
-0.797601
0.226356
-0.944884
0.505356
0.414411
-0.691092
-0.098910
-0.009308
0.404035
0.459578
0.749931
0.063448
-0.457686
-0.454573
0.795587
-0.224952
0.632862
-0.613758
-0.172033
-0.144871
-0.487838
-0.966491
0.077425
0.064852
0.777459
0.129795
-0.811335
-0.556688
-0.905332
0.342692
0.234962
-0.390973
0.858943
-0.418256
0.901120
-0.165502
0.249062
0.501205
0.267129
-0.179479
-0.843989
-0.691641
0.495346
-0.350688
0.624439
-0.610950
-0.809748
0.228065
0.288675
0.727958
0.285134
-0.368938
-0.344035
-0.100620
0.500351
0.903806
0.980590
0.306497
0.719596
0.949034
-0.602283
0.815424
-0.917844
-0.157628
-0.615406
0.141636
0.721244
0.597400
0.926511
0.253151
-0.153600
0.413617
0.291787
-0.733451
0.822687
-0.831111
-0.663442
-0.543199
-0.938047
-0.888546
-0.548875
0.116428
-0.451033
-0.228309
-0.119419
-0.801874
0.520066
0.421247
0.172399
-0.681997
0.676260
0.128697
-0.336100
-0.153722
-0.561449
0.691946
0.979492
-0.533677
-0.349956
-0.464644
0.916135
-0.212439
0.202857
-0.786798
0.590442
-0.969359
-0.769646
-0.063265
-0.715201
0.112583
0.576403
-0.485336
-0.734550
0.304727
0.335673
0.577868
-0.279885
-0.148228
0.353801
-0.605884
-0.555162
0.827021
0.923521
0.928892
0.875301
-0.294778
0.278542
-0.540635
0.300943
-0.132420
-0.718375
-0.820124
0.660573
0.769036
-0.123569
0.312784
-0.258889
-0.161412
0.909238
-0.119175
-0.666555
-0.331278
-0.677175
-0.257790
0.939451
0.727897
-0.027619
-0.619984
0.129734
-0.826777
-0.876095
0.755058
0.656972
-0.375042
-0.123814
0.371258
0.406232
0.582751
-0.549120
-0.879940
-0.898618
0.351176
-0.995666
-0.490890
0.194006
0.734367
0.533982
-0.661428
-0.248573
-0.079928
0.621632
0.453475
0.440291
0.550890
0.641041
-0.099155
-0.363384
-0.370037
-0.085177
-0.961608
0.802728
0.275491
0.134495
0.363018
-0.687735
-0.134800
0.454390
-0.694754
-0.206763
0.231361
-0.802484
0.142064
0.475021
-0.227638
0.242042
-0.369182
-0.738029
0.264321
0.565966
-0.137181
0.018281
0.519822
-0.392926
-0.963073
-0.241981
0.403180
0.495651
-0.779168
0.643727
0.914121
-0.584704
0.520371
0.672903
0.745170
-0.219886
0.902158
0.525620
0.421003
-0.801325
0.446577
0.116245
-0.265603
0.267556
-0.693289
0.215491
-0.517136
0.244789
0.657826
-0.339030
0.749138
-0.251869
-0.083468
0.708243
0.981994
-0.947325
0.971068
-0.687979
-0.026948
-0.249489
0.588366
-0.527329
0.693533
0.042024
0.393170
0.000763
-0.949644
0.054170
-0.972533
0.967223
0.150487
0.267983
0.020234
0.976012
-0.303812
0.865230
-0.237648
-0.099277
0.606983
0.375164
-0.027497
-0.354228
-0.486801
-0.021455
0.967223
0.512070
-0.337382
0.950194
-0.434553
-0.991272
0.446394
-0.836543
0.980285
-0.756829
-0.899167
0.522019
0.911252
0.690603
0.973937
-0.087069
-0.460250
-0.507492
-0.170202
-0.232093
0.848994
0.547411
0.177648
-0.045747
0.451033
-0.116977
-0.966979
-0.300455
0.993530
-0.912595
0.658010
-0.095431
0.215369
-0.673086
0.817072
-0.348796
0.225745
-0.863643
-0.307169
-0.977844
0.720695
-0.968261
-0.836482
0.967162
-0.962951
-0.732231
0.086398
-0.739738
0.952208
0.537217
-0.947935
-0.722526
0.733573
0.459090
0.129429
-0.856380
-0.338115
-0.574023
0.826350
-0.736015
-0.006134
-0.586779
0.597339
0.073458
-0.968627
-0.586535
0.802728
-0.286721
-0.699087
0.734550
-0.907102
-0.927061
0.766839
-0.667348
0.043428
0.601306
0.251198
-0.364299
-0.389386
0.935484
-0.277383
0.878842
0.534959
0.876644
-0.087802
0.316507
0.941771
0.312540
-0.991333
0.479049
-0.567553
-0.074374
0.444990
0.830317
0.330790
-0.790033
0.512253
0.375469
0.335612
-0.551622
0.190954
0.671316
-0.447249
-0.402631
-0.370403
-0.776543
-0.367229
0.778436
-0.762810
0.794183
-0.201331
0.242531
-0.785272
0.534959
-0.571886
0.467635
-0.981628
-0.092013
-0.727042
-0.368877
0.742790
-0.517258
0.411542
0.059053
-0.596362
0.715934
0.629505
0.017304
-0.534043
-0.619739
0.020478
0.121311
-0.946654
0.830927
-0.449751
-0.428449
-0.581286
-0.247658
0.987304
-0.956542
-0.662709
-0.160192
0.258950
0.486740
-0.671926
0.754570
-0.153905
-0.010041
-0.211524
-0.051485
0.656545
-0.650380
-0.291726
-0.322916
0.634144
0.626148
-0.546861
0.966552
-0.730033
-0.728446
0.149571
0.415937
-0.121433
-0.609851
-0.201270
0.515183
-0.980285
0.069369
-0.365398
0.572558
-0.992309
0.139256
0.619922
-0.362041
0.651418
0.969787
0.739860
0.480880
0.838923
0.424665
-0.851009
-0.285195
-0.770623
-0.264443
0.535203
0.361980
-0.357707
0.784051
0.949095
0.153905
0.852535
-0.714591
0.929502
-0.049532
0.346782
-0.970153
-0.762871
0.596912
0.023957
0.491440
0.129429
0.782586
-0.402753
0.766533
0.011994
0.228980
0.030610
-0.156957
0.208594
-0.658193
-0.636586
0.934812
-0.068575
0.310770
-0.722831
0.959349
-0.767998
0.387249
-0.790704
0.259560
-0.100620
-0.412458
0.041719
0.916501
-0.832881
0.273659
0.764946
-0.298685
0.116245
-0.057772
0.964721
0.458357
-0.331339
0.108737
0.749992
0.248573
0.811518
0.991272
0.584460
0.828364
0.642201
-0.095614
0.206641
0.254555
-0.042268
0.530259
-0.650502
0.026215
0.523118
-0.241127
0.554125
-0.888791
-0.170934
-0.351909
0.192480
0.640797
-0.650624
0.091891
0.268777
-0.916807
-0.638661
0.915098
0.346416
0.589526
-0.452498
-0.945067
-0.073702
-0.418989
0.151952
0.395917
-0.311625
-0.607166
0.443525
-0.062410
-0.434065
-0.927427
-0.648732
0.157323
-0.479293
0.761467
-0.426923
-0.404584
-0.939817
-0.077242
-0.028596
-0.873653
-0.504440
-0.192663
0.257973
-0.379254
-0.781121
0.264138
0.495041
0.726737
-0.633473
-0.906064
0.657888
0.018769
-0.381451
-0.387249
0.575793
-0.163915
0.038362
-0.365886
0.046602
-0.893979
0.384991
0.205054
-0.895993
-0.261574
0.321635
-0.904782
0.925291
-0.331462
-0.088595
-0.889096
0.981750
-0.781304
-0.239967
0.887936
0.527879
-0.731132
-0.792413
0.775506
-0.865291
0.068636
-0.292093
-0.007660
-0.764153
-0.384625
0.277200
-0.714957
0.835566
-0.900082
0.501572
0.275979
-0.276833
0.264748
0.133824
-0.563890
-0.622120
-0.210852
-0.931700
-0.447798
-0.140049
-0.256081
-0.995361
-0.770196
-0.906735
-0.337382
-0.060762
-0.160558
0.624805
0.005890
-0.059603
0.245094
0.107273
0.168981
-0.398114
-0.532640
0.288797
0.423444
0.281350
0.353984
-0.146947
-0.207617
0.772820
0.841426
0.641041
-0.820368
0.513596
-0.286111
-0.958678
-0.242286
-0.853267
0.796625
0.917783
0.216346
-0.842158
-0.200720
0.611621
0.060274
-0.344829
-0.340312
-0.084323
0.010102
0.882565
0.300638
-0.312357
-0.347453
0.418561
0.687063
0.057894
-0.357646
0.671316
-0.497726
-0.331095
-0.817377
0.480392
0.071749
0.151646
-0.293619
-0.124668
-0.147984
-0.189428
-0.022614
0.993835
0.766167
-0.302469
0.486984
0.594592
0.950987
0.475936
-0.105319
0.738639
0.536302
-0.494919
-0.505295
0.405683
-0.909360
-0.875607
0.296304
0.233619
-0.563036
0.343120
-0.594104
-0.398602
-0.527085
-0.027741
0.663686
-0.590930
-0.021516
0.850154
0.346721
-0.284280
0.935911
0.325968
0.824030
0.809259
-0.649953
0.423688
0.807611
-0.198706
0.418622
0.730033
0.502487
0.173193
0.510849
0.554674
0.814142
0.278665
-0.385662
-0.503098
-0.310282
-0.663015
0.296976
-0.597644
-0.572497
-0.858516
0.846553
-0.512741
-0.048799
0.933287
-0.965087
-0.065340
-0.021943
-0.811701
0.499313
0.252480
-0.446760
0.583483
-0.440657
-0.611560
-0.796625
-0.140538
0.872372
-0.393353
0.729911
0.355937
0.359416
0.053987
0.470992
-0.926817
-0.481307
-0.922239
-0.349528
-0.884945
0.019318
-0.740165
-0.383099
0.722953
0.743889
-0.023041
-0.273232
0.064425
0.420820
-0.092563
0.765557
-0.772454
-0.765007
0.461043
-0.264687
-0.944639
-0.903378
-0.214270
0.666494
-0.680654
0.165807
0.169713
0.219520
0.217872
-0.960570
-0.389569
-0.221412
-0.807855
0.314676
-0.088046
-0.091708
0.773431
-0.028962
0.235511
-0.600085
0.719901
-0.516953
-0.180761
0.075716
0.594958
-0.640919
-0.224525
-0.068270
-0.717887
0.961974
-0.521470
-0.023103
0.951476
-0.708426
-0.302042
-0.831599
0.959593
0.415815
-0.783441
-0.177404
-0.748589
-0.942442
0.062105
-0.500046
0.420270
0.161351
0.511032
0.485397
0.773797
0.246620
0.981628
0.071871
-0.092990
-0.050752
0.920713
0.546556
0.201697
-0.948607
0.839045
-0.075045
0.716178
0.703909
-0.976684
-0.161718
0.712638
0.856929
0.181310
-0.535508
0.929746
0.918088
0.555956
-0.398236
-0.217505
-0.413495
0.182348
-0.138768
0.445845
-0.686758
0.437056
-0.024201
-0.653005
-0.352397
0.180456
-0.104770
-0.731498
0.638356
0.405683
-0.634388
-0.602283
-0.720023
-0.868221
-0.246193
0.950438
0.678762
0.588977
0.486251
-0.754509
-0.354472
-0.632435
0.827631
-0.616871
0.841914
0.540086
-0.264687
-0.837397
0.874264
0.836177
0.694693
-0.919309
0.072115
-0.358013
-0.022004
-0.342204
-0.107089
-0.935667
-0.690237
-0.991272
-0.601184
0.124485
-0.044649
0.672720
0.532395
0.286416
-0.518296
0.506516
-0.815058
-0.443831
0.171361
0.151524
0.555528
-0.071688
0.436445
-0.017304
-0.084872
0.825861
-0.201086
-0.075900
0.951170
0.796808
-0.627674
0.878414
-0.752129
0.013215
0.547227
0.329875
-0.113926
-0.382977
-0.773064
-0.908261
-0.675954
0.085665
-0.393048
-0.378643
-0.342204
0.944884
0.037385
-0.244667
0.079440
0.775140
0.299905
-0.019440
0.955870
-0.295267
0.013031
-0.631886
0.960143
0.317301
-0.973693
-0.284158
-0.765496
0.900571
0.155370
-0.256691
-0.555651
0.237403
0.487289
-0.241554
0.309549
-0.598621
0.261879
0.874569
-0.896298
-0.210730
-0.178137
0.873592
0.695425
-0.514817
-0.036897
-0.863704
-0.961608
0.561693
-0.667592
0.135289
-0.098117
-0.499924
0.302835
-0.038789
-0.591479
0.683645
-0.066683
0.748222
0.856624
0.128391
-0.248146
-0.554735
-0.844050
-0.300455
-0.235511
-0.198035
0.795404
0.368267
0.014008
-0.100070
-0.482101
0.648000
0.451460
0.617176
0.163610
-0.170507
-0.472091
-0.582873
0.780633
-0.482040
0.299905
0.191748
-0.116184
-0.610096
0.333842
0.000031
-0.928098
-0.629261
-0.910520
-0.489547
-0.102390
-0.073214
0.637989
-0.288491
0.462569
-0.707266
0.011567
0.174718
0.799066
-0.416242
0.274941
0.288736
0.521104
0.556505
-0.189489
-0.029206
-0.293374
-0.434675
-0.234474
0.312906
0.811090
0.186254
-0.247963
-0.061739
0.234657
0.367962
0.202124
-0.191748
0.877560
-0.187536
0.638478
0.400372
-0.162755
0.224708
-0.582446
0.744072
-0.788629
-0.638661
-0.163366
-0.498337
-0.416181
0.767754
-0.212928
-0.666311
-0.109897
-0.468856
-0.741630
0.735649
-0.356548
0.112888
0.298013
-0.855220
0.928831
0.231300
-0.920835
0.883663
-0.579699
0.598498
-0.156529
0.795892
0.749504
0.565844
0.405927
0.930601
-0.466048
0.397137
-0.121616
-0.214331
-0.046419
-0.156041
0.587939
-0.483810
0.494675
-0.622364
-0.245766
0.145177
-0.866634
0.867672
-0.965270
-0.246254
-0.192969
0.739494
-0.368694
-0.536973
0.366253
0.209387
-0.678579
0.116062
-0.837214
0.787103
0.710807
0.908139
0.992676
-0.694571
0.139134
-0.179601
0.681631
0.394940
-0.494552
-0.101108
0.120090
0.682546
0.031098
0.217017
0.481735
0.470199
0.894040
-0.890683
0.425520
-0.379376
-0.363262
-0.466842
0.709586
-0.563829
-0.471603
0.862911
0.255531
-0.686636
0.435408
0.520310
-0.479720
-0.922666
0.630360
0.400555
-0.402570
-0.924558
0.913083
-0.213294
0.643422
-0.778558
-0.285623
0.998413
0.391644
-0.456526
0.225990
-0.255104
0.299295
0.856624
-0.591479
0.273782
0.050691
-0.336161
-0.095614
-0.704154
0.156346
-0.512436
0.275124
-0.623646
0.452864
0.477889
0.817560
-0.702628
0.265297
-0.566820
-0.515366
0.300882
-0.925962
0.552293
-0.798517
0.873470
0.631336
0.000397
0.967772
0.051912
0.258339
0.001251
0.350017
0.859920
0.496811
0.060640
0.017731
-0.683279
-0.333110
-0.946532
-0.164953
0.823542
-0.404767
0.713981
0.253639
-0.731498
0.424299
-0.408063
-0.699576
-0.308206
0.023713
-0.132603
0.046175
0.907285
0.070284
-0.123936
-0.881344
-0.764092
-0.036836
0.140294
0.401654
-0.605945
0.929136
0.516892
0.204016
0.834773
0.693228
0.612476
0.860897
0.192969
-0.704764
-0.977721
-0.005768
0.077914
-0.367229
0.174169
0.616871
-0.528245
0.474410
0.146764
-0.873714
0.340373
-0.843257
0.626637
0.430097
0.936705
0.851863
0.566088
0.677969
-0.619495
-0.635426
-0.580432
0.901730
0.121677
0.828730
0.050508
0.681692
-0.759575
-0.369060
-0.061922
0.380596
0.071200
0.522568
-0.009491
0.241493
-0.838374
-0.993103
-0.044099
0.804010
-0.500534
0.123203
0.595752
0.633961
0.133091
-0.888546
0.590258
-0.172033
-0.934751
0.855464
-0.458907
-0.467818
-0.119175
-0.356365
-0.783197
0.477706
-0.345744
0.548936
0.440657
-0.398968
-0.121006
0.279946
-0.959838
0.239845
-0.005585
0.944517
-0.587146
-0.982543
0.124546
0.240638
0.499863
-0.783380
-0.682119
-0.881283
-0.729911
-0.566149
-0.679922
-0.905210
0.707450
0.330058
-0.796564
0.234046
0.143223
-0.380230
-0.743034
0.922239
-0.632008
0.747063
-0.131687
-0.691885
0.107212
0.050874
-0.863582
0.745903
0.365520
-0.923887
0.530381
-0.947752
-0.159825
0.921140
-0.258278
-0.846797
-0.028779
-0.844050
0.158300
0.806269
0.489853
-0.116245
-0.720328
-0.053804
-0.193579
0.254128
-0.694327
0.686758
-0.543138
0.105564
0.130467
-0.616138
-0.758660
0.027924
-0.122593
0.473128
-0.308390
0.966735
-0.108554
0.332743
-0.139317
-0.983215
0.109958
0.603137
0.026154
-0.103000
0.123386
-0.558702
-0.825617
-0.160375
-0.639698
-0.660573
0.208045
-0.594470
-0.375713
-0.156407
0.590136
0.648061
-0.078097
-0.924375
0.577807
0.439558
-0.766778
0.284036
0.423750
-0.422346
0.427046
-0.640553
0.244545
-0.392560
-0.781671
-0.625721
-0.539048
-0.874081
-0.468490
-0.391156
-0.025605
-0.901364
0.811090
-0.288553
-0.448347
-0.798883
-0.355937
-0.845271
-0.100192
0.739555
0.097629
0.935850
-0.332072
-0.801386
0.781487
0.263283
0.009064
0.792291
-0.868709
0.649281
0.404706
0.617664
-0.164953
0.983215
0.683157
0.478561
-0.146092
0.141270
-0.503403
-0.644154
-0.923093
0.585253
0.384320
0.623280
-0.587268
-0.529588
-0.301614
-0.749016
0.871395
-0.588733
-0.906064
-0.133030
0.614429
-0.291177
0.477889
-0.752373
-0.404828
-0.591479
-0.255287
0.194739
0.856746
-0.903256
-0.977233
-0.801080
0.165075
0.098849
0.931822
0.235084
0.314249
0.271706
-0.314066
-0.604602
-0.431379
-0.010529
0.574572
-0.100497
0.733695
-0.458357
0.646718
-0.758049
0.520310
-0.414472
-0.527757
-0.550707
-0.844600
-0.571825
-0.615101
-0.531602
-0.070284
0.989563
-0.950926
0.505722
-0.271645
0.868954
0.306497
0.701956
0.712760
0.394391
0.213660
-0.988586
-0.680593
-0.561876
0.301187
-0.163976
0.626453
0.657704
-0.048189
-0.868770
0.777459
-0.496139
0.332743
0.302835
0.367901
0.576464
-0.256020
0.013092
0.398907
0.358989
-0.523423
-0.185644
-0.387310
0.680349
-0.893368
0.662954
-0.876705
0.802118
-0.792352
-0.895505
-0.843989
-0.729118
-0.004852
0.194128
-0.207923
0.314310
0.917539
-0.645192
-0.483016
0.108554
-0.834712
-0.427107
0.682119
0.441816
0.719840
0.195471
-0.109348
-0.249550
-0.073885
-0.265358
-0.035615
-0.077425
-0.259194
0.096835
0.134190
-0.413862
0.167333
-0.366314
-0.276162
-0.743522
-0.405011
0.340983
-0.208533
-0.860042
-0.166051
0.720267
0.693228
-0.875729
0.715262
0.898312
0.540269
0.065401
0.217627
0.383587
-0.336650
0.406903
0.549730
0.835994
-0.260659
0.718925
-0.580615
-0.130222
0.600696
-0.424360
-0.634999
0.067415
-0.456221
0.426374
-0.799310
0.278481
-0.978515
-0.845149
0.090915
-0.322245
0.900815
-0.936827
0.718986
0.879879
-0.904294
0.592578
-0.680593
-0.926756
-0.997803
-0.577258
-0.440962
-0.076876
0.714103
0.412152
-0.541429
-0.901181
-0.587756
-0.524644
-0.564135
0.926023
-0.882260
-0.921140
-0.354167
-0.378460
0.839045
0.798395
-0.092196
0.610401
-0.290689
0.977844
0.252113
-0.574145
0.668630
-0.624317
-0.147313
-0.618152
0.590503
0.666250
0.544725
-0.352702
0.544053
0.568468
0.829768
-0.788629
-0.044038
-0.635914
