0.715079
0.663564
0.900876
0.036348
-0.109592
0.647206
-0.917783
0.277200
0.742119
0.530320
0.745293
0.033357
0.105014
0.676870
0.286172
0.227454
0.201697
0.383465
-0.450850
0.529099
0.087069
-0.290994
0.777154
-0.440840
0.964904
-0.602588
0.638234
-0.904172
0.089145
0.025056
-0.997620
-0.375408
0.851924
-0.172582
0.282815
0.651234
0.214393
-0.417707
-0.191259
-0.814631
0.917844
-0.704215
0.688284
-0.596118
0.843013
-0.961119
0.584887
-0.426984
-0.787469
-0.679312
0.041475
0.751213
-0.054292
-0.573473
-0.709586
0.241493
0.107212
-0.960631
0.058321
-0.494491
0.832698
0.241066
-0.542711
-0.566942
-0.253212
-0.032197
-0.414411
0.495163
-0.708853
0.517624
0.367534
0.027863
0.968566
-0.365459
-0.169103
0.841975
-0.971740
0.200537
-0.175268
0.641102
-0.696219
0.026093
0.312601
-0.584460
-0.164159
-0.332621
-0.923399
0.404950
-0.487716
-0.477462
0.964049
-0.746513
0.454329
-0.014863
-0.328471
-0.376873
0.717338
0.367779
0.506394
0.335856
0.198401
-0.979614
0.232521
-0.874325
0.570605
-0.270608
-0.885556
0.540086
-0.441511
0.493698
-0.512375
0.464095
-0.183203
-0.686514
0.022370
0.079501
-0.457991
0.574023
-0.813288
-0.907407
-0.241310
0.326823
0.852596
0.357768
-0.272134
0.256508
0.439314
-0.860897
-0.043550
-0.813166
0.237953
0.520981
-0.679312
0.342448
-0.691580
0.035432
0.890439
-0.186743
-0.028962
0.584521
0.578356
0.438398
0.353984
0.721305
-0.665883
0.455855
-0.026582
-0.704520
-0.047334
-0.544359
-0.526597
-0.773125
0.459944
-0.492355
-0.969420
1.000000
-0.480026
0.437910
-0.275674
0.569384
0.603015
-0.341350
-0.620655
0.099704
-0.387799
-0.398907
-0.612781
-0.572924
0.460616
-0.592151
-0.700247
-0.658010
0.507065
0.717338
0.265236
-0.754753
-0.080416
0.772332
-0.239296
-0.457930
0.775018
-0.184729
-0.444685
-0.274819
-0.562609
0.809992
0.184851
0.621998
0.013642
-0.216956
0.263955
0.053621
0.464705
0.547288
0.363323
-0.078280
-0.601611
0.100864
-0.512558
0.714469
0.568224
-0.499130
-0.297647
0.209082
-0.563097
0.872433
0.951109
-0.324625
0.070406
0.030915
-0.705618
-0.346660
-0.173193
-0.586352
0.588244
0.367290
0.339824
0.466597
-0.555528
0.982116
-0.842647
-0.894345
-0.587207
-0.479659
-0.615345
-0.405255
0.137669
0.850276
-0.261696
-0.358928
-0.445967
-0.889523
-0.484603
-0.302408
0.606738
0.537461
0.736991
0.626759
-0.990417
-0.162633
0.927000
0.558214
-0.600574
0.962401
-0.776299
0.107334
-0.563768
0.210791
-0.413800
-0.430952
0.970092
0.900754
-0.879086
-0.054659
-0.111362
0.716361
-0.009919
0.712638
-0.930418
0.300699
0.561022
0.717215
0.848445
-0.579394
0.230140
0.839228
0.953368
0.443342
0.137364
0.803827
-0.877804
0.212622
-0.418622
0.423933
0.854549
0.665883
0.732963
-0.706656
-0.021516
0.864986
0.154393
0.253456
-0.365459
0.000641
-0.722648
0.614734
-0.585925
-0.616993
-0.593921
0.190405
0.417280
0.065828
0.706046
0.831172
0.877194
0.666311
-0.361126
0.420576
-0.012665
0.060335
-0.754265
-0.397931
0.265053
-0.662282
-0.513047
-0.972228
0.913144
0.972411
-0.707999
0.650136
-0.001251
-0.397687
0.917051
-0.661794
0.792230
-0.236854
-0.399518
0.402020
-0.431928
0.234413
0.660939
-0.499496
-0.013153
0.939695
0.569140
0.598010
-0.691275
-0.326029
0.792779
-0.648122
-0.111850
0.033906
0.045686
-0.828730
-0.976562
-0.236793
0.365398
0.573351
-0.659963
0.487350
0.475753
-0.469405
0.261330
0.403241
-0.472213
-0.173498
0.993164
0.586718
-0.991943
-0.040864
-0.150243
0.245643
0.645497
-0.639027
0.398968
-0.567003
-0.400189
-0.180700
0.453413
0.417524
-0.369610
0.112461
0.778558
0.254616
0.233497
-0.115513
0.603687
0.725700
0.324870
0.011139
0.125706
-0.751274
0.367901
-0.999878
-0.187658
-0.612476
-0.232521
-0.789789
0.303934
0.046602
0.803278
-0.356059
-0.501999
-0.496872
-0.073763
0.020112
0.404035
-0.061617
0.463485
0.416791
-0.123508
-0.971374
0.238441
0.427290
0.633351
0.070894
0.915220
-0.217994
0.643300
0.859493
0.438520
0.295755
0.827570
-0.756951
-0.807855
0.699087
0.157628
0.692618
0.517136
-0.760613
0.134007
0.711661
0.864498
0.424116
0.128941
0.578600
0.267495
-0.565233
0.742241
0.500412
-0.796075
-0.296793
0.503891
-0.507859
-0.376263
0.306436
0.537034
-0.777886
-0.445296
0.974731
0.957213
-0.033540
0.990112
-0.552171
0.910337
0.084567
0.538377
0.555345
0.357952
-0.828181
-0.909665
-0.348369
-0.925779
0.340373
0.544969
0.500107
0.109775
0.202429
0.792657
0.231910
0.346660
-0.452864
0.154637
0.986999
-0.533494
0.744865
-0.969176
0.167333
0.944517
0.079012
-0.810053
0.219886
-0.504685
0.596973
0.699637
0.346232
-0.506088
-0.184729
0.741142
-0.078036
-0.469588
-0.866634
-0.734916
0.665212
-0.626331
0.356792
-0.650807
-0.480880
0.741020
-0.809381
0.810175
-0.184973
-0.143895
-0.823542
0.315714
0.414350
0.066866
0.711783
-0.615345
0.370464
-0.969543
0.527940
-0.066927
0.540147
0.571642
-0.877438
0.978027
0.897580
-0.583361
0.085482
-0.285379
-0.178747
0.567980
0.376019
0.467818
0.123386
-0.233497
-0.395672
0.202185
-0.597400
-0.446089
-0.458663
0.817316
0.897336
-0.081149
0.735649
0.250710
0.644154
0.761650
0.420759
0.119358
0.317606
0.015656
-0.921690
0.174718
-0.311197
-0.549364
-0.812922
0.305704
0.965514
0.264626
-0.041902
-0.680898
0.351054
-0.379192
-0.028840
-0.438337
0.593860
-0.536607
-0.646107
-0.110996
0.729667
-0.275246
0.240577
0.453475
-0.438887
-0.649770
-0.397809
-0.056429
0.397992
0.077364
0.638600
-0.055635
0.173376
-0.678091
-0.479965
0.412030
0.003571
0.498825
0.750053
-0.504257
-0.106174
0.625355
-0.228919
-0.086032
-0.241066
0.722831
-0.816401
0.442305
-0.523301
-0.830988
0.307352
-0.423505
0.531968
-0.158605
-0.609363
0.866695
-0.514756
-0.116794
-0.198706
-0.183325
-0.977294
0.606983
-0.032991
-0.641591
-0.856624
0.795404
0.104465
0.819147
-0.639393
-0.798273
0.010041
0.659413
0.962706
0.319559
0.766472
-0.235389
0.980102
0.381939
-0.016694
0.901730
-0.987182
-0.831294
0.573168
-0.537156
0.254555
0.384136
-0.761162
0.759941
0.157506
-0.456221
0.725455
0.710135
-0.513962
0.024995
0.019562
-0.506638
-0.994018
-0.882565
-0.772576
-0.326945
0.343974
0.018036
-0.486068
-0.831233
-0.898862
0.674245
-0.700003
0.353008
0.864010
0.778924
0.991394
0.541490
0.856075
0.940794
-0.330119
0.552660
0.379559
0.092563
0.007294
0.224708
0.625477
0.596301
0.826106
0.538560
-0.182714
0.100192
-0.827326
0.892880
0.527879
-0.666372
-0.821589
0.738823
0.746086
0.579882
-0.207617
0.168249
-0.386700
-0.114597
-0.624439
0.372600
0.236549
-0.247414
-0.165441
0.049715
-0.138951
-0.513535
0.632008
0.731986
0.739494
0.515183
-0.925291
0.270058
-0.574999
0.001373
0.225745
-0.850398
-0.041963
0.284829
-0.687735
0.241127
-0.717948
-0.564501
0.150304
0.694998
0.187353
-0.615955
0.909299
0.809320
0.753349
-0.135594
0.004669
-0.786554
0.435591
-0.007843
-0.222571
-0.928343
-0.639454
0.757073
0.689322
0.008881
0.657277
0.500595
0.300455
-0.775323
-0.569811
0.920835
-0.030305
-0.167333
-0.654286
0.445296
0.585864
-0.105075
-0.947447
0.835017
-0.467025
-0.402509
-0.600757
-0.835200
-0.270119
0.029633
-0.897946
0.087619
-0.141392
0.359783
-0.770135
0.272195
0.761956
0.521958
-0.355510
0.615894
-0.961180
0.956236
0.912168
-0.455611
0.726493
0.704154
0.646779
-0.858089
-0.189001
0.933409
0.770867
0.667165
0.680166
0.373760
0.881344
0.131809
0.416486
0.800287
-0.624134
-0.456709
-0.359539
0.278115
0.143590
0.803522
0.638112
0.216529
0.702322
-0.866817
-0.404889
-0.479965
0.274575
-0.321024
-0.901242
0.700430
0.893246
0.906858
0.878109
-0.437422
0.989441
-0.648061
0.395428
-0.262978
0.008332
0.149510
0.642628
-0.391705
-0.541246
-0.361736
0.419111
-0.440229
-0.195837
0.957396
0.263894
-0.534227
-0.850581
0.777947
0.745598
0.504929
-0.592639
0.229102
-0.325541
0.500656
0.402326
-0.876278
-0.561876
-0.131138
0.713675
0.594226
0.628162
0.618274
-0.894894
-0.519944
0.556627
0.780999
-0.185339
0.667837
0.257851
0.745903
-0.516709
0.363994
0.345195
0.766472
-0.475265
-0.583911
-0.446760
-0.306192
0.783624
0.029389
-0.758354
-0.924192
0.264504
-0.812677
0.028169
0.098483
0.337626
0.168188
0.250282
-0.071810
-0.916868
0.909360
0.407575
0.161229
0.704459
0.279519
0.052705
-0.317911
-0.539476
0.371624
0.642201
0.713370
0.116428
0.472396
-0.276406
0.919675
-0.266762
-0.808771
-0.657094
-0.003265
0.073336
-0.370342
0.190771
-0.257363
-0.297342
-0.620472
-0.714591
-0.942869
0.523667
-0.177587
-0.630543
-0.856868
0.155919
0.115146
-0.025666
0.001740
0.505783
-0.004059
-0.278970
-0.099826
-0.650319
-0.429182
-0.553270
-0.129673
-0.008454
-0.403912
-0.191565
-0.096774
0.959716
-0.280618
0.696951
-0.938536
0.856319
0.791742
0.640431
-0.417707
0.368938
0.987243
-0.580676
0.298929
0.070162
-0.450850
-0.343547
-0.611866
0.095492
0.700064
-0.386578
0.294961
-0.005951
0.822199
-0.430036
-0.558336
0.393597
-0.225135
-0.253517
-0.502487
-0.609119
0.551927
0.488571
-0.465804
0.446760
-0.421918
-0.230995
-0.358074
-0.180029
0.759819
0.998474
0.577013
-0.249306
-0.001862
0.092807
0.059969
-0.777581
0.179540
0.008881
0.739250
0.055879
-0.135899
0.391278
-0.534532
-0.368328
0.290262
0.474899
0.846919
0.108737
-0.331156
-0.988159
0.106235
-0.468551
0.243141
0.077670
0.558397
0.991211
-0.267067
0.503037
0.554735
0.276467
0.320475
0.421857
-0.493759
0.549730
-0.853145
-0.502853
0.713919
-0.867977
-0.652638
0.263710
-0.889767
-0.968322
0.590564
0.616565
-0.635487
-0.184484
0.825007
0.458541
0.075106
-0.474654
0.549242
0.294473
-0.160802
-0.987060
0.993896
-0.340556
-0.145604
-0.445723
-0.270363
-0.874752
0.198828
0.650441
-0.338969
-0.462935
0.411237
-0.569384
0.721244
0.999329
-0.997864
0.701712
0.406049
-0.483810
0.226905
0.087558
0.950804
-0.937193
-0.293374
0.147801
0.857112
0.378826
-0.528672
-0.262612
0.312296
-0.508591
0.742729
0.183752
0.951659
-0.238380
0.535752
-0.246498
0.198645
-0.244667
0.473861
0.911679
0.930784
0.937620
-0.374248
-0.447005
0.581835
0.196142
0.203833
-0.668630
-0.496872
-0.377850
0.984252
0.216346
0.766778
-0.918516
-0.647023
-0.407025
0.168981
-0.684133
0.310770
-0.911496
0.743217
0.119236
0.699149
0.836787
-0.149327
-0.527573
0.526048
-0.748039
0.450301
0.879208
0.909665
-0.053011
0.734428
-0.628895
0.672903
-0.139805
0.369915
-0.682669
-0.043123
-0.816950
-0.449019
-0.726188
-0.929197
-0.539842
-0.665090
0.250038
-0.953124
-0.176366
-0.394269
-0.188879
0.870846
-0.612110
0.811884
0.869625
-0.006806
-0.833613
0.483200
-0.077303
-0.392987
0.145421
-0.510483
-0.691092
-0.972716
-0.601794
-0.876888
-0.633290
-0.685537
-0.940916
0.713675
-0.957884
0.389325
0.449202
-0.300821
0.723380
0.616993
0.089999
0.069308
-0.295572
-0.066561
0.214087
-0.582324
0.074740
0.839351
0.606006
-0.620716
-0.522080
-0.753044
-0.959655
0.125828
0.769219
-0.054659
0.426313
0.339274
-0.671682
0.667470
-0.608875
0.325358
-0.894711
0.909238
-0.367473
0.673818
0.116489
-0.318522
-0.987671
0.074129
-0.673025
0.181127
0.450423
0.376507
0.669790
0.773309
0.806940
0.855159
-0.680960
0.570177
-0.465438
0.564989
-0.824946
0.503342
0.640187
0.400555
-0.645985
-0.204993
0.141758
-0.901791
-0.069613
-0.330241
-0.109958
0.336283
-0.431990
0.405683
-0.679556
0.572436
-0.326151
-0.302042
0.257424
-0.748894
0.810114
0.116184
-0.262246
-0.063265
0.501267
0.507248
0.280251
0.473983
-0.907407
-0.558519
-0.058992
-0.473739
-0.181555
0.574877
0.948180
0.791314
0.214698
-0.451277
0.072176
-0.179113
0.227454
-0.635304
-0.948363
0.111118
0.213660
0.435896
-0.192663
-0.529038
-0.583422
-0.939756
0.536607
-0.582751
-0.352641
0.129368
-0.853816
-0.252052
0.595325
0.967833
-0.142979
0.212134
0.191443
-0.727775
-0.915708
0.828974
0.908200
-0.589587
0.188513
0.451094
0.629322
0.359722
-0.194617
-0.372295
-0.848994
0.390667
0.178198
-0.263405
0.804254
-0.822687
0.598560
-0.604968
0.017426
-0.905515
-0.288797
0.782647
-0.820063
0.466292
0.860897
-0.977355
-0.426435
0.787469
-0.949522
0.018525
0.141148
-0.282937
0.435286
-0.228004
0.090670
0.341716
0.493515
0.328898
-0.441755
0.088351
-0.666494
-0.045442
-0.978454
0.975707
0.729789
0.888180
-0.631031
0.427290
0.108921
0.054598
-0.463240
0.679617
0.960936
-0.192969
0.423383
-0.385784
0.085788
-0.673208
0.319254
0.479720
-0.645070
0.471358
-0.396954
-0.415204
-0.464034
0.188086
-0.796381
0.942869
-0.249062
-0.166417
0.684439
-0.915403
0.274270
-0.543260
0.922910
-0.194555
-0.705069
0.563768
-0.013215
-0.479720
-0.280801
-0.835749
0.444929
0.432478
-0.292154
0.800104
0.824335
-0.583422
-0.576769
-0.483016
-0.837947
-0.244911
0.849727
-0.254921
0.666372
-0.087130
0.454573
-0.283547
0.054903
-0.163610
-0.995605
0.906186
0.361736
0.342143
-0.267129
-0.815424
-0.348247
-0.481429
-0.390973
0.199011
0.001740
-0.731620
0.567614
0.144139
0.292337
0.696951
-0.899594
0.355083
-0.242347
-0.250710
0.395062
-0.978942
0.966918
0.297952
-0.613208
-0.476730
-0.859066
0.375225
0.164525
0.390667
0.543443
-0.850520
0.597217
-0.422040
-0.219092
-0.905942
-0.245949
-0.506149
0.055696
0.447981
-0.605945
0.552660
0.112583
0.728263
0.558763
0.699026
0.042024
-0.054964
0.338481
0.712394
-0.071383
0.296609
-0.066378
0.509812
-0.435530
0.171667
-0.455794
-0.251503
-0.665456
0.128147
-0.824213
0.398846
0.884640
0.655934
-0.747063
-0.949644
0.028657
-0.783990
-0.446272
-0.014740
-0.052095
0.569689
0.655934
-0.007111
0.086459
-0.443525
-0.944212
0.030610
0.908567
0.024628
-0.806635
-0.293558
0.342692
-0.309854
-0.948363
-0.156285
0.170324
-0.887265
0.751762
-0.179418
0.177465
-0.912412
0.047578
0.588061
-0.937254
-0.696097
0.429365
-0.744987
-0.337687
-0.301187
-0.001679
0.278054
0.373577
-0.876278
-0.682730
-0.218360
-0.414594
-0.026704
-0.017975
0.235694
-0.820734
-0.856563
-0.585498
-0.725089
0.365642
-0.808954
-0.038484
0.998718
-0.712821
-0.084384
-0.532823
0.592761
0.253029
-0.566149
0.216590
-0.059359
0.084078
0.030183
0.941588
-0.779046
-0.529160
0.906674
0.783441
-0.339640
-0.523484
0.248085
-0.596606
0.628346
-0.876949
-0.611744
0.328410
0.366680
-0.430219
0.189611
-0.311075
0.098483
-0.504318
-0.026765
-0.923154
-0.551439
-0.315226
0.952757
0.675100
-0.876888
0.636586
0.198279
-0.724662
-0.445479
-0.229286
-0.728751
-0.531602
-0.955443
-0.769890
0.517930
-0.681997
0.083102
-0.197790
-0.834956
-0.577685
-0.007965
-0.644093
0.429121
0.473739
0.550523
0.063875
0.593799
-0.294107
0.834895
0.252297
-0.771966
0.190466
0.098605
-0.532640
-0.162328
-0.999756
0.214576
-0.945860
0.117527
0.809015
-0.045442
0.182714
0.218299
0.919431
0.255409
-0.031404
-0.919492
0.269631
-0.407697
-0.519089
0.871029
-0.909848
0.972716
-0.729118
-0.898679
0.372662
0.796564
0.566515
0.809565
0.637501
-0.014618
0.716056
-0.683645
0.915891
-0.680837
-0.994079
-0.502487
-0.386456
-0.398846
-0.343547
0.008393
-0.525925
-0.626637
0.257363
0.004120
0.310282
-0.692740
0.080599
-0.415265
0.554674
0.065035
0.739494
0.344401
-0.116184
-0.955687
0.419599
0.468978
-0.966613
-0.934263
0.251503
-0.404035
0.207495
-0.462691
-0.470199
0.894162
-0.474227
0.390728
-0.720878
-0.796869
-0.025117
-0.482955
0.742851
-0.280923
0.695791
0.063692
0.765618
-0.114536
0.435224
-0.622974
-0.203711
-0.145604
0.370647
-0.278115
-0.769707
0.246498
-0.916623
-0.680410
-0.699149
0.201636
0.218848
-0.549669
0.198462
-0.528794
0.808405
-0.429975
0.869930
0.236000
0.620594
0.984924
-0.092074
0.196570
-0.138585
0.450179
0.056063
0.895810
-0.248390
-0.881405
-0.241798
-0.246742
-0.221656
0.842769
0.368816
0.223365
-0.118992
0.193213
0.755486
-0.067843
0.478500
0.981506
0.507370
0.612842
0.384503
-0.259499
-0.687796
0.986877
0.176611
0.200598
-0.476974
0.768365
0.174841
-0.430769
0.201209
