0.715079
-0.746574
0.900876
-0.840999
-0.191259
0.293985
-0.869198
-0.765191
-0.708121
0.530320
-0.544725
-0.861202
0.105014
-0.956053
-0.291787
0.227454
0.492660
0.261391
-0.450850
0.838679
0.087069
0.922910
-0.492721
0.620716
-0.278420
-0.487899
0.403302
-0.229163
-0.823237
0.025056
-0.997620
-0.999207
0.851924
-0.640187
0.282815
0.965758
-0.337931
0.327799
-0.191259
-0.517685
-0.244789
0.713126
0.896786
0.075350
-0.279824
-0.002045
0.584887
0.289468
0.085116
0.215918
-0.287088
-0.484848
-0.906247
0.407331
-0.663381
0.395001
-0.818781
-0.542100
0.872555
0.474349
0.832698
0.609729
-0.377483
0.655385
-0.253212
0.071505
-0.156835
-0.787286
0.990783
0.517624
0.367534
0.093905
0.555895
-0.365459
-0.320353
-0.268410
-0.971740
-0.344035
-0.175268
0.822199
-0.235939
0.791986
0.312601
0.322916
-0.164159
-0.332621
0.913205
0.404950
0.980773
-0.113254
0.964049
-0.746513
-0.371136
-0.014863
0.866268
0.214209
0.212378
-0.781854
-0.009857
0.134556
-0.442915
-0.979614
-0.874508
-0.874325
-0.584460
-0.270608
-0.885556
-0.640065
-0.441511
-0.911863
-0.594958
0.299051
-0.828303
0.525803
-0.261391
0.654286
0.761406
0.574023
-0.813288
-0.687857
-0.241310
-0.426862
0.852596
0.357768
-0.849178
0.256508
0.363689
0.914914
0.066500
0.513779
-0.115879
0.738456
-0.853328
0.801508
-0.691580
0.035432
-0.799432
0.168004
-0.101047
0.655995
-0.387799
-0.695486
-0.503525
0.731498
-0.410504
0.455855
0.928465
0.126316
0.077792
-0.544359
-0.564745
-0.398724
-0.322672
0.816950
0.883175
-0.570482
-0.496811
0.437910
0.679617
-0.588916
0.630787
-0.117893
-0.620655
-0.042024
0.881222
-0.322001
0.986084
0.641530
-0.944273
0.447859
0.101779
-0.036653
0.507065
0.393170
0.997620
-0.754753
0.199805
0.772332
-0.239296
-0.512436
0.775018
-0.580493
-0.478988
0.688955
0.078890
0.582018
0.818415
-0.111911
-0.946409
-0.486496
-0.020356
-0.452437
-0.670400
-0.493393
-0.259682
0.002411
0.964782
-0.626453
0.106357
0.929075
-0.115574
0.578845
-0.947813
0.674368
-0.877010
0.124180
0.525742
0.452132
-0.526963
-0.849727
-0.016144
-0.346660
0.924314
-0.695364
-0.070589
0.064669
-0.307718
0.466597
0.073519
-0.587817
0.142796
-0.818842
0.848506
0.420637
-0.615345
-0.829279
0.147435
-0.653432
0.753410
-0.917722
0.184301
-0.272683
0.495956
-0.766045
0.081576
-0.096469
-0.533921
0.823908
-0.990417
0.718863
0.435041
0.558214
0.259560
-0.203833
0.598621
-0.291177
-0.555651
0.210791
-0.413800
0.764214
0.787408
0.061556
0.291299
0.117649
-0.111362
0.250160
0.950560
-0.650929
0.237037
0.722831
0.561022
0.353496
0.948912
-0.847285
0.515427
-0.000031
-0.860714
-0.068026
-0.861995
-0.242103
-0.332316
0.736503
-0.629933
0.986572
-0.666494
0.140172
-0.759270
0.311808
-0.252297
0.206885
0.484664
0.731925
0.335185
-0.889828
-0.674612
0.614734
-0.555712
0.641102
-0.029939
-0.980651
0.217627
0.936216
0.337870
-0.640553
-0.408490
0.666311
0.198584
0.420576
-0.065035
0.796991
0.265603
0.715079
-0.253029
-0.870968
-0.194739
-0.972228
0.893551
-0.194006
-0.721976
0.650136
0.843135
0.057039
0.413312
-0.800409
0.792230
-0.140416
0.185949
0.780694
-0.770562
-0.040437
0.350932
-0.499496
-0.836726
-0.307413
-0.482955
0.640309
-0.385052
0.524033
0.927366
-0.244057
0.179968
0.816462
0.152257
0.943052
0.445112
0.620838
0.365398
0.228187
-0.560717
0.563097
0.056673
0.894650
-0.373150
0.131993
-0.854488
-0.548387
0.993164
0.769158
0.826106
-0.610950
-0.049043
0.041108
0.219398
0.275674
0.658681
0.177953
-0.004364
-0.919431
-0.998535
0.394269
-0.083346
0.476669
-0.408551
-0.209387
0.233497
-0.086032
0.603687
0.576159
0.324870
-0.933714
-0.376751
-0.751274
0.921506
-0.296915
0.709952
0.186438
-0.083895
-0.208106
-0.734489
-0.474227
0.803278
0.686331
0.563097
0.742729
0.708243
0.027741
-0.074129
0.559557
0.103244
-0.947569
0.019562
0.317484
0.129551
-0.672353
0.141209
-0.308084
0.554552
0.213477
-0.675832
0.339702
-0.133946
0.487472
-0.936155
-0.742973
-0.807855
-0.468978
0.798395
0.440718
0.541612
0.002350
-0.333964
0.935240
-0.440596
-0.764519
0.511093
0.472030
0.922910
-0.359905
0.136265
-0.219275
-0.250649
0.463118
0.381634
-0.703909
-0.143284
-0.156529
-0.077059
-0.199438
0.306619
0.770196
0.957213
-0.692557
0.259743
0.371685
0.910337
0.084567
0.538377
0.555345
-0.388653
-0.828181
-0.909665
-0.348369
-0.925779
0.340373
0.544969
0.500107
0.109775
0.202429
0.792657
0.231910
0.346660
0.804559
0.154637
-0.924924
-0.533494
0.744865
-0.969176
0.975402
0.944517
0.079012
-0.810053
0.219886
-0.504685
0.596973
0.699637
0.346232
0.290933
-0.184729
0.741142
-0.078036
-0.469588
-0.866634
-0.734916
0.665212
-0.626331
0.356792
-0.650807
-0.480880
0.741020
-0.809381
0.810175
-0.184973
-0.559374
-0.823542
0.315714
-0.515488
-0.942930
0.711783
-0.615345
0.370464
0.941710
0.527940
-0.066927
0.540147
0.571642
-0.877438
0.978027
0.897580
-0.583361
0.085482
-0.285379
0.892270
0.567980
-0.131199
-0.260781
0.123386
-0.233497
-0.395672
0.202185
-0.597400
-0.446089
-0.458663
0.817316
0.897336
-0.081149
0.735649
0.250710
0.644154
0.761650
0.045137
0.119358
0.317606
-0.966735
-0.921690
-0.176061
-0.311197
-0.549364
-0.812922
0.305704
0.965514
0.264626
-0.041902
-0.680898
0.351054
-0.379192
-0.445418
0.357646
0.593860
-0.536607
0.225135
-0.110996
0.729667
-0.275246
0.240577
0.075716
-0.311014
-0.649770
-0.397809
-0.056429
0.397992
0.077364
0.638600
-0.055635
0.173376
-0.678091
-0.072115
0.412030
0.003571
-0.972411
0.750053
0.120151
-0.106174
0.625355
-0.228919
-0.086032
0.416547
0.722831
0.766228
0.442305
0.241859
-0.830988
0.307352
-0.423505
0.531968
-0.158605
-0.609363
0.866695
-0.514756
-0.939451
-0.198706
-0.183325
-0.977294
0.606983
-0.032991
-0.641591
-0.856624
0.795404
0.104465
0.819147
-0.639393
-0.798273
0.010041
0.659413
0.962706
0.319559
0.766472
0.804376
0.980102
0.381939
-0.016694
0.901730
-0.987182
0.967528
0.573168
-0.537156
0.254555
-0.924192
-0.761162
0.759941
0.064852
-0.456221
0.725455
0.710135
-0.513962
0.024995
0.470992
0.308817
-0.994018
-0.882565
-0.772576
-0.326945
0.484054
0.018036
-0.486068
-0.874264
-0.898862
0.674245
-0.700003
0.353008
0.864010
0.778924
0.991394
0.541490
0.856075
0.940794
-0.330119
0.552660
0.379559
-0.974975
0.436689
-0.206641
0.625477
0.596301
-0.779778
-0.655507
-0.000519
0.100192
0.017487
-0.655629
0.619190
0.729667
-0.434858
0.901181
0.447005
0.579882
0.131321
0.168249
-0.691580
-0.382061
0.533616
-0.706656
-0.352641
-0.937010
0.131199
0.810114
-0.138951
-0.021027
-0.478256
-0.621326
0.136021
0.304178
-0.240272
-0.359539
-0.491928
0.542650
-0.242836
0.361187
-0.630116
-0.641102
-0.371319
-0.826350
0.588855
-0.232765
-0.220740
0.917173
0.681936
-0.819452
-0.119053
0.809320
0.793878
-0.000885
0.766839
-0.835994
-0.681936
-0.444990
-0.222571
-0.928343
0.084994
0.517258
0.589831
0.993835
0.722159
0.507859
0.300455
-0.775323
-0.826228
-0.885372
-0.647023
0.031465
-0.659658
0.690603
0.051363
0.258034
0.806879
-0.410504
0.449263
-0.781915
-0.757073
-0.363384
0.970336
0.029633
0.421674
0.031587
0.554552
-0.930601
-0.756951
0.497665
-0.529893
0.356670
-0.518174
0.644093
0.630360
0.956236
0.147984
-0.489608
-0.091403
0.108921
-0.787957
-0.287027
-0.189001
0.526475
0.116794
0.667165
-0.367534
-0.567736
0.680898
-0.033906
0.416486
-0.884213
-0.664357
-0.000397
-0.121067
0.278115
0.143590
0.803522
-0.893185
-0.732719
-0.153722
-0.644948
-0.163488
0.800958
-0.721854
0.752495
-0.250465
-0.554491
0.514573
-0.892514
0.878109
0.119419
-0.149876
-0.166845
-0.834529
0.939024
0.023652
0.149510
-0.095798
-0.391705
0.704398
0.771355
-0.571581
-0.408368
0.358806
-0.385907
0.912717
-0.534227
0.306375
-0.647267
0.497848
-0.633839
-0.033662
0.853938
0.235206
-0.575426
0.570055
-0.843562
-0.561876
0.608448
-0.684256
0.594226
-0.408307
-0.368267
0.955138
-0.216407
0.457076
-0.678701
0.269997
-0.244667
0.733940
-0.132847
0.286538
-0.695486
0.131809
0.766472
-0.816889
0.019684
-0.976745
-0.777154
0.085360
0.029084
-0.385846
-0.923338
-0.595325
0.808710
0.028169
0.313028
-0.785821
0.632130
-0.471480
-0.071810
-0.880551
0.533067
-0.743583
0.161229
0.704459
0.396405
-0.219825
0.929136
-0.539476
0.371624
0.036470
-0.984191
0.369427
-0.234474
0.123325
0.627369
-0.266762
-0.961852
-0.657094
-0.251442
0.207068
-0.172704
0.830683
-0.231361
-0.297342
-0.539048
0.776482
-0.942869
0.132298
-0.228370
0.406354
-0.856868
0.128025
-0.684500
0.629017
0.565844
0.793695
-0.244850
0.164830
0.451643
0.104465
0.522935
0.433149
-0.436323
-0.008454
-0.463301
-0.983520
0.906064
0.618152
0.362407
-0.692251
-0.676443
0.492660
0.788018
-0.397565
0.027070
0.663747
0.987243
-0.580676
0.298929
0.567553
-0.450850
0.752983
-0.419233
0.790216
0.691397
0.046602
0.085971
-0.981384
-0.202063
-0.430036
0.943724
-0.376019
-0.225135
0.073397
0.433027
0.944334
-0.771233
-0.142796
-0.465804
0.446760
-0.020112
0.755486
-0.569445
0.375713
0.759819
0.199988
0.389935
0.548021
0.846858
0.852657
-0.418134
0.693655
0.179907
-0.622974
-0.166723
0.055879
0.701529
0.391278
-0.534532
-0.299234
0.254799
-0.050874
0.011505
-0.531297
-0.554247
-0.658132
0.160985
-0.931333
0.273782
-0.735221
0.498093
0.948302
0.420942
-0.855586
0.045442
0.489303
0.294107
-0.893368
0.118809
0.919370
-0.643849
-0.045930
0.800165
-0.167394
0.159520
0.263710
-0.718986
-0.463363
0.063631
0.616565
-0.635487
-0.184484
0.088168
-0.996460
-0.304056
-0.474654
0.549242
0.350627
-0.182165
-0.987060
-0.752251
0.774346
0.079806
-0.445723
0.396405
-0.822260
0.198828
0.224586
0.456648
-0.434797
0.198767
0.194494
0.447798
-0.351543
-0.986328
0.638478
-0.496689
0.981506
0.824702
-0.709037
-0.353496
-0.937193
-0.031648
0.147801
-0.027070
0.378826
0.589282
0.681814
0.312296
-0.691885
0.916440
-0.743828
-0.493820
0.041658
0.822443
0.447798
0.764214
0.821345
-0.357952
0.577746
0.930784
-0.961364
-0.827631
-0.859249
0.574084
-0.160192
-0.016572
0.810724
-0.496872
-0.377850
0.984252
0.216346
-0.677969
-0.611316
-0.647023
-0.293191
0.281961
-0.684133
0.310770
-0.275979
0.831904
0.119236
0.699149
0.444502
0.074190
-0.527573
0.526048
0.140294
0.450301
0.879208
0.028962
-0.996948
-0.614917
-0.029084
-0.683645
-0.607898
-0.430952
-0.579760
-0.046541
-0.816950
0.740837
0.932615
0.245338
0.084811
-0.213172
0.162511
-0.263161
0.968505
0.922422
-0.188879
0.402936
0.159337
-0.795160
-0.558641
-0.307840
-0.585986
-0.843379
-0.077303
-0.392987
0.145421
-0.012299
-0.981628
-0.972716
-0.601794
-0.876888
0.590136
-0.652211
-0.063204
0.713675
0.892819
0.389325
0.456221
-0.300821
0.723380
0.019196
0.253883
-0.990234
0.736625
-0.822443
0.214087
-0.582324
-0.487472
0.057161
-0.113254
-0.620716
-0.632313
-0.753044
-0.959655
0.125828
0.816767
-0.054659
-0.413739
-0.767022
0.989257
0.667470
-0.608875
0.325358
-0.894711
0.828974
-0.374737
-0.725211
0.116489
0.271279
-0.987671
0.074129
0.880856
-0.356670
0.450423
0.376507
-0.325175
0.773309
0.806940
0.855159
-0.680960
0.570177
-0.465438
0.564989
-0.824946
0.503342
0.640187
0.400555
0.278298
0.822748
0.141758
0.667165
-0.766106
-0.330241
-0.109958
0.336283
-0.431990
0.405683
-0.452315
0.572436
-0.326151
-0.302042
0.257424
-0.748894
0.713065
0.116184
0.429060
-0.063265
0.501267
0.507248
0.280251
0.473983
-0.907407
-0.558519
0.915403
-0.473739
-0.181555
0.574877
-0.405560
0.578906
0.214698
0.781793
0.072176
-0.179113
0.227454
0.590930
-0.948363
0.111118
0.213660
0.435896
-0.192663
-0.239723
-0.417768
-0.939756
0.536607
-0.582751
-0.352641
0.129368
-0.427839
-0.252052
0.595325
0.967833
-0.142979
0.212134
0.191443
-0.727775
-0.728996
-0.021332
0.908200
-0.891476
0.188513
0.451094
0.629322
0.795892
-0.194617
0.935606
-0.848994
0.390667
0.178198
-0.263405
-0.121555
0.164098
0.598560
-0.604968
0.017426
-0.905515
-0.288797
-0.169225
-0.626576
0.466292
-0.591662
-0.977355
-0.426435
0.787469
-0.949522
0.664480
0.141148
-0.104587
0.999390
-0.228004
-0.328898
0.341716
0.493515
-0.419477
-0.441755
0.088351
-0.666494
-0.045442
-0.978454
0.129673
0.729789
0.888180
-0.631031
0.427290
0.108921
0.054598
-0.463240
0.501144
0.259438
0.820124
0.423383
-0.385784
0.085788
-0.673208
0.319254
0.479720
-0.645070
0.471358
-0.530015
-0.415204
-0.632435
0.188086
-0.796381
0.942869
-0.249062
-0.166417
0.684439
-0.739006
-0.697928
-0.543260
0.922910
-0.194555
-0.360271
0.563768
-0.013215
-0.479720
0.359783
-0.835749
0.444929
-0.755486
-0.292154
-0.052461
0.824335
-0.583422
-0.576769
0.913205
-0.837947
-0.244911
0.849727
-0.219459
0.666372
-0.087130
0.072970
0.322123
-0.995666
-0.163610
-0.995605
0.775018
0.361736
0.342143
-0.267129
-0.121555
-0.348247
-0.481429
0.998047
-0.337382
0.001740
-0.731620
0.567614
0.144139
0.292337
0.814814
-0.899594
0.315348
0.262673
-0.250710
0.395062
0.797357
0.966918
0.701346
-0.291849
-0.476730
-0.859066
0.375225
0.164525
0.390667
0.944456
0.867855
0.597217
0.307840
-0.219092
-0.905942
-0.245949
-0.771233
0.055696
0.447981
-0.605945
0.045320
0.112583
0.728263
0.558763
0.699026
0.042024
0.425764
-0.048250
0.712394
-0.071383
-0.421735
0.742546
0.509812
-0.008454
0.171667
-0.455794
0.637745
-0.665456
0.128147
-0.824213
0.398846
0.525925
0.655934
-0.747063
-0.949644
0.028657
-0.783990
0.459883
-0.014740
-0.052095
0.569689
-0.131687
-0.007111
-0.144566
-0.443525
-0.944212
0.030610
0.908567
-0.314920
-0.806635
-0.293558
0.750969
-0.309854
-0.948363
-0.213660
0.170324
-0.887265
0.751762
-0.179418
0.177465
-0.912412
0.047578
0.588061
-0.937254
-0.696097
0.429365
-0.744987
-0.337687
-0.301187
-0.001679
0.278054
0.373577
-0.876278
-0.073519
-0.218360
-0.359111
-0.026704
-0.017975
-0.251198
-0.820734
-0.856563
-0.585498
-0.725089
0.365642
-0.810785
-0.038484
0.998718
-0.712821
-0.084384
-0.985107
0.592761
0.253029
-0.566149
0.216590
-0.004975
0.084078
0.030183
0.941588
0.494064
-0.529160
0.906674
0.783441
-0.339640
-0.523484
0.248085
-0.596606
0.628346
-0.876949
-0.611744
0.328410
0.366680
0.121860
0.189611
0.074496
-0.577563
-0.504318
-0.026765
0.400616
-0.551439
-0.713858
0.952757
0.675100
-0.876888
0.636586
-0.662709
-0.359966
-0.743889
-0.229286
-0.728751
-0.531602
-0.955443
0.989441
0.517930
-0.681997
0.083102
-0.197790
-0.834956
-0.577685
-0.007965
-0.644093
0.429121
-0.256325
0.550523
0.063875
0.703482
-0.294107
0.834895
0.252297
-0.771966
-0.961241
0.098605
-0.137608
-0.061739
0.277993
0.764580
-0.945860
0.117527
0.809015
-0.045442
0.182714
0.218299
-0.659841
0.255409
-0.031404
-0.919492
0.269631
-0.407697
-0.519089
0.871029
-0.800775
0.972716
-0.729118
-0.898679
0.372662
-0.054537
0.811029
0.809565
0.850764
-0.014618
0.716056
0.174474
0.915891
0.012055
-0.994079
-0.502487
-0.649464
-0.398846
-0.012421
-0.435041
0.868954
-0.626637
0.257363
0.004120
0.310282
-0.692740
-0.068331
0.955992
0.554674
0.065035
0.739494
0.468795
-0.908750
-0.955687
0.419599
0.468978
-0.984130
-0.934263
0.251503
-0.404035
0.207495
-0.462691
-0.470199
0.894162
-0.474227
0.390728
-0.720878
-0.796869
-0.025117
-0.482955
0.742851
-0.280923
0.695791
0.063692
-0.831294
0.571642
0.435224
-0.377422
0.747063
-0.145604
0.896237
-0.278115
-0.769707
0.246498
-0.916623
-0.680410
-0.699149
0.122593
-0.814753
-0.549669
0.198462
-0.528794
0.192907
-0.060884
-0.929136
0.758660
0.620594
0.984924
-0.092074
0.196570
0.740043
0.450179
0.056063
0.895810
0.979247
0.712821
-0.241798
-0.353191
-0.221656
0.842769
0.834834
0.223365
0.759941
-0.592883
0.755486
-0.979186
0.033418
0.981506
0.507370
0.612842
0.384503
-0.259499
-0.687796
-0.688711
0.176611
-0.335612
-0.076266
0.760491
-0.971679
-0.430769
0.140843
