0.652333
0.919675
0.900876
0.075228
-0.495285
0.770562
0.655995
0.999817
-0.194678
0.530320
0.745293
0.379009
0.105014
-0.997497
0.371746
0.744438
0.201697
-0.863887
0.218482
0.529099
-0.726371
-0.290994
0.861751
-0.440840
-0.673452
-0.602588
0.403302
0.268349
0.189917
0.025056
-0.221412
0.185827
0.851924
0.673208
0.582324
0.281961
0.422651
-0.937254
-0.191259
-0.814631
0.917844
-0.704215
0.724113
-0.470687
0.843013
-0.961119
-0.693472
-0.923948
0.382366
-0.679312
0.482040
-0.545274
-0.635853
0.791009
0.737968
0.241493
0.505173
-0.960631
-0.332682
0.923460
0.832698
0.001862
-0.542711
-0.566942
0.155431
0.728019
0.072237
0.337260
-0.708853
0.578784
-0.418195
0.880673
-0.663442
-0.365459
-0.393109
-0.544176
0.095676
0.200537
-0.381390
-0.053682
-0.696219
-0.044832
0.312601
0.998657
-0.920225
0.259682
0.996460
0.404950
-0.487716
0.182348
0.964049
0.683340
0.965148
0.757256
-0.083468
-0.376873
0.348308
0.367779
-0.817072
0.335856
-0.206275
-0.979614
0.980834
-0.874325
-0.601856
-0.270608
-0.885556
0.540086
-0.441511
0.493698
-0.512375
0.253883
0.480575
0.959105
0.022370
0.079501
-0.973266
-0.857906
-0.414960
0.207801
-0.241310
0.326823
0.852596
-0.478927
0.045564
0.256508
0.048250
-0.860897
-0.624561
-0.813166
0.535752
0.425886
-0.573840
0.173742
-0.691580
0.339946
0.890439
0.922422
0.031343
0.006623
0.399945
0.438398
0.464400
-0.770074
0.624866
0.455855
-0.313456
-0.943602
0.265114
-0.640614
-0.526597
-0.773125
-0.270608
-0.317850
-0.581164
-0.674062
-0.223426
-0.845943
0.822748
-0.499069
0.311441
-0.341350
-0.620655
0.286599
-0.387799
-0.574694
-0.098117
0.650197
0.990539
0.688162
-0.700247
-0.658010
0.578112
0.717338
-0.277932
-0.754753
0.063936
0.786798
-0.319803
-0.457930
0.433515
0.146702
-0.314554
-0.274819
0.313822
0.065828
-0.191443
0.621998
0.013642
0.508042
0.263955
0.053621
-0.416181
0.547288
0.077486
-0.278542
-0.114475
0.049287
-0.228126
0.714469
-0.439253
-0.499130
0.578539
0.209082
0.829585
-0.572008
0.951109
-0.324625
0.070406
0.030915
-0.705618
0.986694
-0.169408
0.262612
0.838618
0.367290
0.367656
0.590320
-0.326151
0.982116
-0.842647
0.985046
0.479659
-0.479659
-0.615345
-0.405255
-0.416425
0.615162
0.753410
0.692007
-0.375225
-0.889523
0.898984
-0.302408
0.616321
0.802484
-0.572436
0.844478
-0.990417
0.807550
0.222571
-0.683584
-0.832331
-0.659352
0.372173
-0.342998
-0.563768
-0.508164
-0.413800
-0.430952
-0.335551
-0.000275
-0.209998
0.183386
0.855647
0.636036
-0.269692
-0.732475
0.894833
-0.677664
0.561022
0.962767
0.570116
-0.579394
-0.963256
0.047151
0.303934
0.013886
0.137364
-0.586718
-0.877804
0.430036
0.527573
0.423933
-0.612842
0.675710
-0.858699
0.383953
0.849727
0.793390
0.154393
0.253456
-0.365459
0.000641
-0.852535
0.614734
-0.174230
-0.017548
-0.593921
0.729057
0.760857
0.065828
0.706046
0.845393
0.877194
-0.861507
-0.698294
0.719657
-0.012665
-0.162938
-0.754265
0.013031
0.265053
-0.033479
-0.821528
-0.760918
0.483810
0.972411
-0.707999
0.650136
-0.001251
0.505417
-0.071871
-0.661794
0.792230
-0.539415
-0.399518
-0.399396
-0.431928
0.234413
-0.916013
-0.484176
-0.037690
0.539109
0.569140
0.042451
-0.691275
-0.380779
0.792779
0.960631
-0.111850
0.033906
0.045686
-0.820124
0.082308
0.700186
0.365398
0.889828
-0.659963
-0.595386
0.774529
-0.354289
0.351970
0.690298
0.385357
0.322123
0.934935
-0.451155
-0.423078
-0.870418
-0.791375
0.414777
-0.229713
-0.334208
-0.395550
-0.567003
0.234230
-0.920408
0.534349
0.192480
-0.369610
0.112461
0.778558
-0.816950
-0.244484
-0.115513
-0.609973
-0.221168
0.324870
0.011139
0.125706
-0.751274
0.054109
0.885922
-0.432356
-0.790155
-0.232521
-0.793268
0.275491
0.046602
-0.080782
-0.356059
-0.352886
-0.496872
-0.073763
0.020112
0.543931
0.072848
0.463485
0.676748
0.199438
-0.971374
0.587268
0.427290
-0.893918
-0.931394
0.384564
-0.384991
0.643300
0.859493
0.438520
0.613147
0.827570
0.194800
-0.624378
0.699087
-0.073763
0.692618
-0.301737
-0.760613
-0.608509
0.711661
0.864498
-0.005341
-0.086276
-0.636464
0.267495
0.460128
0.015473
0.500412
0.424787
-0.812189
0.298746
-0.507859
-0.376263
0.306436
0.537034
0.520249
-0.445296
0.974731
0.081454
-0.818598
-0.216834
0.371685
0.910337
-0.067598
-0.913755
0.342753
0.327860
0.174718
0.779290
0.655141
0.108921
0.390667
-0.146641
0.870724
-0.673818
0.202429
-0.874813
0.743156
-0.931639
0.747917
0.837153
0.352886
0.370403
-0.257363
-0.459639
0.008881
-0.292520
0.210120
0.426313
0.526109
0.452254
-0.561998
-0.963561
-0.111606
-0.775140
-0.063326
-0.328837
0.901608
-0.469588
-0.865291
0.911618
-0.596789
0.229041
0.064608
0.748405
-0.277505
0.981323
-0.884213
0.982665
0.516587
0.542528
0.380047
0.495224
0.460982
-0.299356
0.230750
0.015595
0.250710
0.157506
0.527940
0.655263
0.953978
0.219581
-0.877438
-0.854305
0.024506
0.350993
0.155492
0.255226
-0.178747
-0.850948
-0.294473
-0.320231
0.999695
0.657643
-0.269997
0.004181
-0.751396
-0.352580
-0.851192
-0.775628
0.098361
-0.410627
0.458052
-0.333293
-0.542589
-0.963988
0.111728
0.431684
-0.200903
-0.680898
-0.456954
-0.973754
-0.880734
0.317423
0.023347
0.749687
0.126560
-0.573534
-0.230079
-0.680898
-0.661428
-0.603320
0.719047
0.905820
-0.269875
-0.975036
-0.246742
-0.557665
0.473006
-0.382488
0.145299
-0.723502
-0.503952
-0.089206
0.125095
-0.380657
0.994446
-0.554125
0.416608
0.529466
0.072115
-0.294595
0.807184
-0.078829
-0.648915
-0.588366
0.377606
0.460250
0.294839
-0.662587
0.193152
0.345317
-0.784845
-0.502121
-0.505539
0.807428
0.209143
-0.571703
0.388226
0.597705
-0.783624
-0.794183
-0.609363
-0.196936
0.946226
-0.953063
0.675649
0.813105
-0.228309
0.984985
0.966796
0.888058
-0.927549
0.236061
0.753166
0.346477
-0.589404
-0.306803
0.620777
-0.106174
-0.291055
0.799310
0.336833
-0.235389
-0.099277
0.455489
0.938658
0.113804
0.823908
-0.550707
0.056917
-0.537156
0.883480
0.731742
-0.652821
0.613880
-0.448164
-0.456221
-0.492355
0.060945
-0.035310
-0.521897
0.812067
0.110202
-0.229957
-0.091708
-0.561327
-0.326945
0.849055
0.366131
0.482345
-0.180883
0.479537
0.069674
-0.596484
0.353008
-0.215186
-0.953978
0.452071
0.658376
0.014191
0.887265
0.869991
-0.614002
-0.660390
0.334696
-0.731376
0.282815
0.240272
0.422956
-0.779778
0.165929
-0.013459
0.682119
0.508469
-0.655629
0.619190
0.562243
-0.926572
0.019318
0.447005
-0.449263
0.844417
0.168249
0.535081
-0.382061
-0.022370
0.830256
-0.418195
-0.937010
0.232948
-0.095676
-0.510056
0.509568
-0.459517
-0.158177
0.076998
0.304178
-0.240272
-0.359539
0.017426
-0.935545
-0.242836
0.361187
-0.785821
-0.641102
-0.371319
0.881527
-0.349162
0.811823
-0.913388
-0.708853
-0.910642
-0.296182
-0.237892
0.057283
0.488205
-0.000885
0.796930
-0.835994
-0.681936
-0.444990
-0.776360
-0.277078
0.253456
0.517258
0.589831
-0.472091
0.722159
-0.905576
-0.858516
-0.775323
-0.569811
0.238563
-0.001129
-0.879452
-0.659658
0.873226
0.060762
0.734489
0.806879
0.364727
-0.273965
-0.529527
0.935240
0.387188
0.630604
0.029633
0.308939
-0.275185
0.406171
-0.930601
0.264687
-0.286721
0.676382
0.356670
-0.355510
0.270302
0.630360
0.956236
0.077914
-0.722709
0.715018
0.108921
-0.485275
-0.457869
0.747551
0.859676
0.116794
0.025849
-0.451155
-0.532029
-0.850032
0.473434
0.758110
0.980224
-0.664357
0.758415
-0.121067
0.278115
0.779839
0.803522
-0.073092
-0.574450
-0.707694
-0.644948
-0.254677
0.011139
-0.193091
0.752495
-0.595264
-0.554491
0.514573
-0.892514
0.878109
0.119419
0.192785
0.440901
0.295877
-0.822138
-0.914548
0.149510
0.420515
-0.798822
0.704398
-0.027009
-0.571581
0.262490
0.358806
-0.882992
-0.431562
-0.534227
0.646413
-0.647267
0.914548
-0.304178
-0.033662
0.853938
-0.431318
-0.239296
0.570055
0.125217
0.757378
0.779168
-0.684256
-0.869503
0.153844
-0.368267
0.955138
-0.216407
-0.927305
-0.678701
0.061007
-0.244667
0.733940
-0.132847
0.286538
-0.091525
0.131809
0.690054
0.203711
0.167882
-0.191321
0.537889
-0.068331
0.544298
-0.385846
-0.740959
-0.595325
0.295145
-0.847102
0.313028
-0.785821
0.632130
-0.471480
0.363323
0.194800
-0.625599
0.447615
-0.533372
-0.007477
0.716178
0.366314
-0.335856
-0.539476
0.495773
0.036470
-0.140172
-0.901791
-0.234474
0.100497
0.718619
-0.266762
-0.961852
0.517075
-0.251442
0.207068
-0.172704
0.830683
-0.231361
-0.297342
0.475143
0.893918
-0.942869
0.132298
0.976745
0.106662
-0.469588
0.155919
0.426618
0.629017
-0.885556
0.793695
-0.244850
0.164830
-0.341288
0.370952
0.799921
0.049471
-0.671743
0.770928
-0.463301
0.817011
0.906064
0.618152
0.362407
0.505600
-0.676443
-0.841487
0.788018
-0.084445
-0.408307
0.663747
-0.907590
-0.580676
0.298929
0.567553
-0.818171
-0.085177
-0.301737
0.790216
-0.500046
0.046602
0.641896
-0.571154
0.315165
-0.090854
-0.186804
-0.376019
-0.685537
0.073397
0.433027
0.123447
-0.771233
0.136143
0.817194
-0.828486
0.556139
0.532334
-0.569445
0.051607
0.378399
0.199988
0.389935
-0.068453
-0.036775
0.656911
-0.418134
-0.583789
0.029817
-0.586535
0.931944
-0.773431
0.441084
0.391278
-0.417463
-0.710868
-0.886837
-0.456771
0.740654
-0.531297
-0.554247
-0.988159
-0.811884
-0.931333
0.178259
0.734123
0.498093
0.273110
-0.731437
-0.371746
0.606983
-0.600452
0.294107
-0.893368
0.118809
0.467818
-0.643849
-0.189550
-0.036164
-0.888852
-0.072665
0.263710
-0.718986
0.877194
-0.675039
0.616565
-0.635487
0.628590
-0.786859
-0.525071
-0.373272
-0.474654
0.745109
-0.880490
-0.160802
0.892026
-0.752251
0.774346
-0.432783
-0.060030
-0.767144
-0.822260
0.198828
0.650441
0.456648
-0.434797
-0.368694
-0.504501
0.447798
0.933226
-0.986328
0.063387
-0.827265
0.981506
0.824702
0.764214
0.360210
-0.937193
-0.031648
0.147801
0.980773
0.378826
0.589282
-0.707999
0.312296
-0.087802
0.916440
-0.249184
0.825983
0.041658
0.822443
-0.003754
0.153050
0.821345
-0.357952
0.524888
-0.059053
-0.471664
-0.827631
0.512253
0.574084
-0.160192
-0.016572
0.810724
-0.496872
-0.984375
0.984252
-0.032746
0.628834
-0.664968
-0.647023
-0.293191
0.964660
-0.684133
0.528428
-0.657399
0.831904
0.119236
0.431257
0.444502
0.074190
-0.527573
0.207617
0.140294
0.153783
0.879208
0.028962
-0.996948
0.734428
-0.029084
-0.683645
-0.715018
-0.430952
-0.579760
-0.046541
-0.816950
0.512375
0.932615
-0.761345
0.645680
-0.213172
0.162511
-0.518723
-0.296304
0.922422
0.586108
0.123264
0.175939
0.007111
-0.558641
-0.307840
-0.585986
-0.841914
-0.077303
-0.392987
0.145421
-0.320353
-0.981628
-0.853938
-0.028901
-0.876888
0.761223
-0.652211
-0.647267
0.713675
-0.414960
0.637684
0.284219
-0.466964
-0.125828
0.019196
-0.470626
0.428632
0.736625
-0.822443
0.214087
-0.582324
-0.469039
-0.499313
-0.104404
-0.620716
-0.901730
-0.753044
0.124424
0.125828
0.816767
0.694632
0.463485
0.339274
-0.671682
0.667470
-0.346110
-0.300760
0.795221
0.296304
-0.965148
-0.203833
0.643361
0.896725
-0.559984
0.074129
-0.531114
-0.165563
-0.878964
-0.362590
-0.072909
0.773309
0.806940
0.314615
-0.580554
0.570177
-0.465438
0.847346
0.617725
0.309488
0.897580
0.516221
0.796442
-0.924558
0.141758
0.739677
0.461043
-0.330241
-0.438765
-0.839412
-0.973449
0.405683
-0.859859
0.306131
-0.326151
-0.459395
0.257424
-0.748894
0.713065
0.265725
0.429060
0.815912
0.501267
-0.184606
0.280251
0.159398
0.735893
0.121311
0.625172
0.789361
0.485275
-0.421247
0.387249
0.791314
0.214698
-0.973815
-0.611927
-0.179113
0.227454
-0.663076
-0.948363
-0.305399
0.213660
-0.006806
-0.203772
0.307352
0.381573
0.850887
0.536607
-0.582751
-0.352641
-0.619190
0.811823
-0.848689
0.595325
0.967833
-0.674978
-0.339396
-0.408673
-0.727775
-0.728996
0.105319
0.350688
-0.589587
0.188513
-0.792840
0.629322
0.359722
-0.194617
-0.372295
-0.430158
-0.272927
0.538377
-0.491562
0.804254
0.317240
0.598560
-0.957701
0.236549
-0.706717
-0.288797
-0.790765
0.627857
0.141026
-0.166845
0.130772
0.575915
0.818354
0.013276
0.965941
0.141148
-0.104587
0.983215
-0.228004
-0.328898
0.341716
0.493515
0.328898
-0.676443
0.088351
-0.145421
0.329814
-0.239601
0.129673
0.729789
0.440901
0.876156
0.427290
0.108921
0.054598
-0.463240
0.501144
0.835505
0.122410
-0.183569
-0.385784
0.085788
-0.314676
0.982299
0.479720
0.022858
0.471358
0.171728
0.781732
-0.632435
-0.296365
-0.540208
0.942869
-0.004486
-0.166417
-0.010102
-0.739006
-0.934080
-0.100925
0.205481
-0.980956
0.646474
-0.518967
-0.544786
-0.479720
0.044160
-0.419599
0.444929
0.928892
-0.292154
-0.762505
0.824335
-0.583422
-0.576769
0.080477
-0.837947
-0.244911
0.057405
-0.219459
0.666372
0.762993
-0.345561
0.322123
-0.995666
-0.163610
-0.995605
0.988708
0.137181
0.165075
0.624317
0.269143
-0.015046
0.581774
0.998047
0.711783
0.001740
0.864681
-0.532029
-0.667043
-0.356548
0.413984
-0.899594
0.971618
0.325907
-0.689077
0.395062
-0.978942
0.966918
0.782769
0.195349
-0.143834
0.560533
-0.384381
-0.740898
0.814020
0.562120
0.867855
-0.688833
-0.263649
-0.673574
-0.101962
-0.245949
0.135594
-0.104648
-0.619495
-0.661916
0.045320
0.112583
-0.065889
-0.247414
0.111667
0.851375
-0.870602
-0.048250
0.712394
-0.071383
0.153966
0.742546
0.509812
0.326212
-0.541917
-0.073092
0.637745
0.306070
-0.043306
-0.824213
0.658681
-0.926389
0.655934
-0.747063
0.372295
0.028657
-0.783990
0.643422
-0.230934
-0.052095
-0.741997
-0.131687
-0.555040
0.615528
-0.443525
-0.644276
0.235511
0.229347
0.919065
-0.866329
0.672720
0.750969
0.914731
-0.948363
-0.213660
0.496506
-0.887265
0.321329
0.888913
-0.491745
0.463485
0.370464
0.925779
-0.812983
-0.464766
0.429365
0.402631
0.029633
-0.301187
0.734611
0.278054
0.373577
0.542100
-0.073519
-0.342631
-0.687246
-0.026704
0.767998
0.449812
0.416425
0.638417
-0.585498
0.000702
0.365642
-0.810785
0.444868
0.998718
-0.712821
-0.692190
-0.532823
0.162145
-0.727103
-0.706290
0.216590
0.893796
-0.900143
0.030183
0.941588
0.494064
-0.529160
0.906674
-0.852718
-0.863643
-0.848323
0.168249
-0.596606
0.628346
-0.830561
0.557848
-0.012238
-0.094089
-0.187292
-0.059542
0.074496
-0.821406
-0.933531
-0.582385
0.949278
-0.551439
-0.254921
0.952757
0.675100
-0.171178
0.636586
0.650563
0.447066
0.393841
-0.229286
0.675283
-0.531602
0.743950
-0.272134
-0.556261
-0.681997
0.083102
-0.197790
-0.834956
-0.577685
-0.007965
-0.644093
0.880306
-0.450117
0.550523
0.063875
-0.617786
-0.294107
0.834895
0.252297
0.233619
-0.961241
0.098605
-0.449690
-0.061739
-0.649525
0.211463
-0.007782
-0.475936
-0.333354
-0.368938
-0.638661
0.218299
-0.659841
0.790826
-0.894833
0.884945
0.236427
0.263710
-0.519089
0.871029
-0.256569
-0.956420
0.379498
-0.898679
0.372662
-0.257424
0.997436
0.809565
0.850764
-0.014618
0.234046
-0.683645
0.337199
0.545885
-0.763054
0.354289
0.007843
-0.398846
-0.012421
0.008393
-0.943846
0.910642
0.257363
0.004120
0.310282
-0.692740
-0.327433
0.685842
0.085665
-0.469527
0.279824
0.421979
0.471969
-0.955687
0.419599
0.312601
-0.254494
0.641652
0.251503
0.396466
0.207495
-0.462691
0.561998
0.337626
-0.474227
0.390728
-0.317606
-0.796869
-0.293802
-0.155614
0.696097
0.317850
-0.071749
-0.300150
-0.831294
-0.114536
-0.057161
0.022248
-0.640614
-0.495285
0.896237
-0.669301
-0.565233
0.532029
-0.345012
-0.680410
0.963622
0.122593
-0.512864
0.364849
0.198462
-0.528794
-0.350505
-0.429975
0.202307
0.758660
-0.912229
0.984924
-0.092074
0.067110
0.210181
0.835383
-0.374248
-0.729789
-0.248390
0.984863
-0.241798
-0.353191
-0.221656
0.842769
-0.313150
0.223365
0.759941
0.475265
0.755486
0.225257
0.559984
0.371319
0.507370
0.898007
0.384503
0.953734
0.400494
-0.688711
0.408002
-0.987487
-0.932981
0.874264
-0.971679
0.243080
0.140843
