-0.027497
0.091525
0.580859
-0.213599
0.539293
-0.051546
-0.784600
0.764336
0.337199
0.145299
0.591174
0.471725
-0.041963
0.184301
-0.827998
0.046541
0.669057
0.638661
0.424177
-0.948729
-0.117954
0.155370
-0.452742
-0.601306
-0.863521
-0.063204
-0.901059
0.164953
-0.563280
0.990234
0.684744
0.179235
0.343669
-0.421552
0.812799
-0.480209
0.705863
0.002106
-0.291787
-0.321329
0.407636
-0.085849
0.617786
0.492538
0.864620
-0.877438
0.752251
-0.138340
0.025666
0.704276
0.114597
-0.753960
-0.481368
-0.746941
0.754143
0.305094
-0.126988
-0.591174
-0.068880
0.509018
0.087802
-0.884701
0.591113
0.916440
-0.697256
0.582446
0.512131
-0.775262
0.235694
-0.496445
0.264199
0.489303
0.412702
-0.430464
-0.071566
0.078219
0.893979
-0.931028
-0.711600
-0.796564
-0.498093
-0.879269
-0.565722
0.750359
-0.296121
0.251015
0.829829
-0.337931
0.921079
-0.912473
0.020661
0.851497
-0.195715
0.919797
0.839534
-0.955443
-0.687368
0.701895
0.545091
-0.737968
0.036531
0.389935
0.730033
-0.742973
-0.532334
0.915342
0.389447
0.733024
0.501083
0.964660
-0.760430
-0.375591
-0.174841
-0.062166
0.492660
0.751579
0.746513
-0.797418
0.924131
-0.752617
0.732719
-0.237770
0.112339
0.889096
0.712821
-0.033662
-0.149693
-0.289041
-0.814203
0.256874
-0.648610
-0.597949
0.714286
0.440962
-0.202490
0.499008
0.785699
-0.445601
0.976440
0.821772
-0.963622
0.202490
0.747063
0.305399
-0.555223
-0.968444
0.726798
-0.281350
0.115146
0.443403
-0.716117
0.793268
-0.753105
-0.533616
0.298318
0.804926
0.485885
-0.361370
-0.600818
0.639454
0.355876
-0.268288
0.231483
0.543138
-0.291055
-0.088900
0.383831
-0.570238
-0.256569
0.507309
0.917112
-0.074007
0.887082
0.775018
0.901669
-0.289224
0.500168
-0.198157
-0.468184
0.604724
-0.880367
-0.233314
-0.247353
0.315836
0.907285
0.248451
0.466475
-0.606494
-0.348491
-0.075777
0.675161
0.446577
0.192541
0.240272
0.159581
-0.929441
0.161473
0.590442
0.778497
-0.953612
-0.513169
-0.470504
-0.429487
0.763665
0.360210
0.770684
-0.928343
0.927793
-0.459273
0.999451
-0.716117
-0.422956
0.141453
0.404950
-0.884823
0.624622
0.068758
-0.869015
-0.454146
0.173742
-0.543809
-0.077853
0.239906
-0.533372
-0.049532
-0.507981
-0.848750
-0.398175
-0.800531
-0.167150
0.180883
0.411359
0.264870
-0.963683
-0.066622
0.048555
-0.744133
-0.098910
0.672781
-0.910276
0.755364
-0.630421
-0.765191
0.234596
-0.797174
-0.901608
0.513108
-0.603992
0.935850
0.170751
0.806269
0.642567
0.195044
-0.042024
0.773614
0.832942
-0.879757
-0.558885
0.556505
0.379803
0.070650
0.917356
0.015351
0.463790
-0.987548
0.650868
-0.313272
-0.823237
-0.609119
-0.161718
-0.957213
-0.412824
0.101901
0.087497
-0.281228
-0.275185
-0.713919
0.430891
0.574633
0.552171
0.460433
0.040742
-0.587817
0.845759
0.154027
-0.324076
0.134312
-0.756767
0.930723
0.929624
0.407270
0.700552
0.391827
-0.769524
0.336711
0.482467
-0.482406
0.263833
-0.005158
0.617481
0.468978
0.964904
0.101779
-0.111606
-0.696219
-0.299356
-0.901608
-0.195349
0.037446
0.163976
0.042390
-0.807184
0.067660
0.185888
-0.690176
-0.100620
-0.922300
-0.560472
0.956175
-0.787164
-0.640126
0.762871
0.317606
0.052583
-0.436628
-0.682302
0.987487
0.562853
0.483627
-0.643117
0.959349
-0.424909
0.450911
-0.777337
-0.970153
-0.137730
-0.041047
-0.657033
-0.673635
-0.840144
-0.700919
-0.544725
-0.380352
-0.270241
-0.560839
0.057161
-0.216163
0.295633
-0.317972
0.972777
0.741874
-0.401898
-0.886166
-0.693045
0.761589
-0.078890
-0.113071
0.502060
0.790216
0.700552
0.317789
0.268593
0.720084
-0.239784
0.567431
0.216895
0.278848
0.134251
0.025361
-0.727103
0.227454
0.821223
0.819697
0.685537
0.140477
0.116428
0.669179
0.118625
-0.294839
0.104404
0.710379
-0.292337
0.889523
-0.749565
0.328043
0.148839
0.436018
0.853389
0.444441
0.744804
-0.333720
0.111484
0.159825
0.308512
-0.129246
0.742119
0.811335
0.359844
0.279458
-0.175512
0.455916
0.007294
0.162572
0.466170
-0.314676
-0.694510
-0.958068
-0.878903
-0.924741
-0.323222
-0.153356
-0.914365
-0.047761
0.533128
-0.296609
0.085238
-0.373089
0.321757
0.708975
-0.743400
-0.478927
-0.155736
0.824274
-0.134129
-0.967589
0.382916
0.285623
-0.169530
-0.547777
0.261940
-0.830744
0.194617
-0.497299
-0.169836
-0.732841
0.279092
-0.166906
-0.313944
-0.751518
-0.074801
-0.533311
-0.727958
-0.055391
0.655873
0.734428
0.296487
0.946348
0.918210
-0.174474
-0.542650
-0.066439
0.544603
0.071993
0.540880
0.213050
-0.327250
-0.995972
-0.593066
0.899472
0.582751
0.020783
0.864132
-0.229530
-0.327982
0.573412
0.312113
-0.711295
0.562609
0.030915
-0.510483
0.644704
0.024079
0.860714
0.410321
-0.211707
0.928526
-0.914670
-0.394757
0.358440
-0.788812
-0.329447
-0.478317
0.273232
-0.844478
0.580493
0.395489
-0.708914
-0.820063
0.057161
-0.993835
0.020783
-0.409345
-0.956481
-0.112705
-0.032441
0.059908
-0.071444
0.151830
0.623035
0.731803
-0.836726
-0.328898
-0.044527
0.883786
0.227760
-0.842036
-0.552599
-0.090854
0.012238
-0.609729
0.953063
-0.400494
0.220008
-0.324503
0.076144
-0.965026
-0.978393
-0.932432
0.396710
0.294717
0.011750
-0.686087
-0.866878
0.907224
0.157994
0.251381
-0.020905
0.277139
0.859249
-0.143468
0.114841
0.393475
-0.377056
-0.596179
-0.317545
0.751579
0.948241
0.998230
0.980529
-0.977599
-0.447371
0.034761
0.480697
-0.283059
0.346538
0.710868
0.474715
0.957274
-0.556383
-0.178503
0.052644
-0.584643
0.298135
0.856807
-0.895016
0.559496
-0.943358
-0.610889
-0.397137
-0.206153
0.725578
-0.969237
0.877010
0.234596
-0.019318
-0.655873
0.285623
0.373882
-0.568651
0.234657
-0.916562
-0.979186
-0.441816
0.671499
0.427229
0.854732
0.582934
-0.592578
-0.776666
-0.474715
-0.863094
0.280801
0.292093
-0.720756
-0.468673
0.258644
-0.305094
-0.930235
0.918821
-0.202368
0.868099
0.559496
-0.214881
-0.601489
-0.421979
0.056551
0.710623
-0.357219
-0.001984
-0.342326
-0.053621
0.196509
0.494675
-0.658376
-0.692434
-0.872860
0.925779
0.814142
0.652333
0.327921
0.416730
-0.727531
-0.803766
0.300150
-0.111789
0.647511
0.493210
-0.046419
-0.623890
0.691885
-0.132420
0.667165
0.602893
0.254738
-0.172826
0.185522
-0.126194
-0.182531
-0.090060
0.265114
-0.294473
-0.292398
0.378460
-0.505600
-0.527573
-0.296304
-0.705130
-0.762078
-0.996216
-0.698904
0.955199
-0.841426
0.537645
-0.195349
-0.167699
-0.792291
0.994385
0.641285
0.525315
0.880978
0.545396
0.836299
0.276101
-0.182653
-0.428755
-0.005463
-0.738578
-0.255226
-0.989990
0.568590
0.788446
0.466109
0.922056
-0.030061
0.041536
-0.720573
0.584887
0.454512
-0.786004
-0.330668
-0.323649
-0.185339
0.107273
-0.099643
0.600391
-0.979003
-0.690298
-0.388897
-0.701895
-0.345134
0.350444
0.916379
-0.304056
-0.633595
-0.308023
-0.655080
-0.535020
0.015473
-0.905515
-0.840083
0.295999
-0.549974
0.374920
0.915952
0.676199
-0.712760
0.618030
0.356975
-0.990173
-0.603198
0.814875
-0.918882
0.752678
-0.972228
0.151769
-0.806146
0.433332
0.747856
-0.016266
0.079989
0.904904
0.236122
0.574938
-0.613269
-0.230873
-0.775933
-0.349834
0.312357
-0.433088
-0.187902
0.214881
0.226844
0.085726
-0.764702
0.473922
0.509812
-0.075655
0.360271
-0.967162
-0.784234
-0.950621
0.472457
-0.806574
-0.994690
-0.801630
0.289895
-0.001984
-0.649586
0.449995
-0.359539
0.438765
0.275369
0.261452
-0.649037
-0.254494
-0.787774
0.927183
0.640553
0.026154
0.233741
-0.338847
-0.691885
-0.885922
0.291971
-0.108737
-0.660878
-0.765069
-0.892392
-0.902219
0.928709
0.673879
-0.555284
0.249550
-0.009796
-0.610462
-0.084933
0.966796
0.800226
-0.803827
0.681997
-0.553453
-0.702078
0.712027
-0.399701
-0.478195
0.765679
-0.887143
-0.917600
-0.556200
-0.603687
0.101474
0.000946
-0.392804
-0.246437
0.086154
-0.883297
0.766045
0.786554
-0.572069
0.409284
-0.832575
-0.042085
0.730888
-0.671255
0.425153
0.948302
-0.187414
0.283731
-0.976073
-0.509018
-0.743400
-0.473128
0.253945
-0.874874
0.330180
0.324992
-0.664724
-0.895322
0.126560
-0.332255
0.959716
-0.382733
-0.563646
0.072054
0.996826
-0.106784
-0.103488
-0.527573
-0.970336
-0.620533
0.972777
-0.094028
-0.381573
-0.890561
-0.484298
-0.778069
0.610767
-0.581408
0.414838
0.594592
0.449141
-0.091281
-0.185278
-0.008881
0.021943
-0.844417
0.623341
-0.277749
-0.382000
0.284646
0.434431
-0.308817
0.030122
-0.088900
0.239784
-0.351909
-0.076693
-0.280129
-0.570971
0.150670
-0.762871
0.291910
0.562304
-0.703177
0.935057
0.466414
0.717032
0.424543
0.155248
0.198523
-0.508469
-0.856441
0.522752
0.755547
0.122288
-0.548997
0.392926
0.182470
-0.713981
-0.167150
0.982360
0.770013
-0.295694
-0.525193
0.872188
-0.667898
0.198096
0.608997
0.700552
-0.811701
-0.756523
-0.626881
0.043916
-0.300211
0.392193
0.936277
-0.946043
0.300333
0.079012
-0.799677
-0.386883
0.909970
0.638844
0.846492
0.877438
-0.682669
-0.842280
0.369182
-0.463240
-0.582507
-0.655690
-0.761040
-0.341716
-0.040254
0.484909
-0.121677
0.839228
-0.677847
0.119724
0.088900
0.863582
0.526597
0.213294
-0.557543
-0.653554
-0.424604
0.015595
-0.507981
-0.444929
-0.790033
0.334574
-0.343059
-0.606006
0.591723
-0.508957
0.126255
0.845943
-0.699393
-0.156529
-0.508835
0.581225
0.251198
0.787164
0.287027
0.931883
-0.892392
-0.206030
0.397687
0.313028
-0.073397
-0.515610
0.748772
-0.468429
-0.064302
0.144688
0.806085
0.160680
-0.266396
-0.165929
-0.979675
-0.542161
-0.071810
-0.028962
-0.363323
-0.682180
-0.140294
0.239296
0.150853
0.657704
0.412580
0.055696
-0.625782
0.278298
-0.125950
0.435469
-0.428388
-0.089389
0.488571
-0.031587
0.789056
-0.285257
-0.072420
-0.287454
-0.319498
0.875851
-0.798273
-0.941771
-0.279031
0.237770
-0.924741
-0.205603
0.863704
-0.315592
-0.483200
0.001129
0.330058
0.957152
0.325480
-0.707327
0.307596
0.362163
0.882015
-0.702872
-0.635975
-0.535691
0.653737
-0.080782
-0.871334
-0.279458
0.139378
-0.338054
-0.979675
-0.883297
0.827631
0.381756
-0.316568
-0.893674
0.103122
-0.519639
0.421735
0.755913
-0.582080
-0.390423
0.137242
0.195898
0.898373
0.218665
0.202734
-0.604785
-0.973266
-0.815607
0.648427
-0.316935
0.460555
-0.645314
0.255226
0.028962
0.167333
-0.677419
-0.608142
0.323588
-0.074923
-0.711844
0.350871
0.874569
0.139622
-0.480148
-0.760125
-0.141881
0.398846
-0.221046
-0.674856
0.295877
-0.416791
0.750725
-0.381451
0.970275
0.654347
0.318522
-0.784112
0.760430
0.102023
-0.802973
0.979919
-0.606006
0.836238
-0.243385
-0.772759
0.681570
0.576464
-0.328166
-0.549852
-0.732963
0.223853
0.267434
0.706961
0.883053
0.507797
-0.614978
-0.357952
0.460372
0.013581
-0.055757
-0.141453
-0.622791
0.565233
-0.616565
0.215796
-0.903500
0.259255
-0.542467
0.943846
0.472701
0.062593
0.281167
-0.640980
0.090976
0.228126
0.979553
0.713797
-0.119663
-0.012665
-0.872494
-0.475692
-0.301126
0.314005
-0.667165
0.696219
0.662099
0.215003
-0.880367
-0.342936
0.327616
0.318522
-0.189367
-0.875423
-0.859859
0.109470
-0.441023
-0.462996
-0.457076
-0.894406
0.332377
-0.374371
-0.812128
-0.849239
0.361370
0.653371
0.997497
-0.304117
0.105991
0.355632
-0.152684
-0.414533
0.173864
-0.885372
-0.527940
0.116245
0.422834
-0.446394
-0.917356
-0.243568
-0.120212
-0.884396
0.089267
0.209082
-0.322550
0.284280
0.977966
0.733024
0.102268
-0.323344
0.484970
0.502548
-0.510727
-0.401898
-0.784722
-0.402203
0.688040
0.453230
-0.483993
0.716056
0.815790
-0.047273
0.903745
0.020966
-0.386212
0.985107
-0.490890
0.200354
-0.515366
-0.577380
-0.140660
0.243629
-0.042512
0.895016
0.990539
-0.877377
-0.941160
-0.330302
0.695853
0.723075
0.445418
0.595508
-0.346171
-0.537584
0.464461
0.212439
0.036409
0.964782
0.044832
0.875423
-0.281961
0.610584
0.600757
0.357646
-0.584033
-0.428755
0.583850
0.888424
-0.930845
0.690786
-0.226966
-0.593127
0.511521
0.398602
-0.458846
0.452315
0.191626
-0.149388
0.317362
-0.009491
0.285257
0.314676
0.382672
-0.400067
0.298624
0.015168
-0.308878
0.038850
-0.813288
0.349101
0.199622
0.649648
-0.309061
0.389019
0.921567
0.978332
-0.189184
-0.943602
-0.759148
-0.947874
0.748161
-0.460189
0.252480
-0.125523
-0.157628
0.602954
-0.795831
0.787347
-0.377606
0.806452
-0.433088
-0.505234
0.447493
0.988647
-0.223853
-0.067965
-0.498581
0.411969
-0.949156
0.569933
-0.864498
-0.376751
0.884030
-0.917905
0.414411
0.104892
-0.399274
-0.962096
0.969054
-0.080782
-0.228126
-0.836970
0.994140
-0.034516
-0.528428
-0.660756
-0.682669
-0.588672
-0.501755
-0.982360
0.894528
0.747490
0.569323
-0.977294
0.104465
-0.040803
0.437788
-0.283242
0.091220
0.502731
0.687918
0.744743
-0.892026
-0.977233
0.950072
-0.234352
-0.526780
0.728874
-0.253761
-0.580554
-0.548143
0.676016
-0.521165
-0.582263
0.833857
0.766900
-0.882443
0.572680
-0.086154
-0.097262
-0.173559
-0.605029
0.285989
-0.771294
-0.250893
-0.934629
0.532212
-0.746818
0.144261
0.443953
0.034211
0.733024
-0.274331
0.050630
-0.675588
-0.564928
-0.446333
0.712333
0.880306
0.777215
0.024262
-0.045320
-0.520371
-0.843501
0.158055
0.056307
0.983886
0.467696
0.184912
-0.792413
-0.994018
-0.645741
0.722953
-0.433882
0.747490
0.454207
-0.094516
0.729484
-0.226905
0.644581
-0.717887
-0.382122
-0.045015
-0.433454
-0.582934
-0.794977
-0.617603
0.755852
-0.670827
0.432234
0.024934
0.761162
0.049837
0.476485
0.217200
0.360881
0.977660
-0.410871
-0.952757
-0.401898
-0.825190
-0.087985
-0.378033
-0.240333
0.528855
0.574816
-0.261269
0.431257
-0.271828
0.886471
0.431806
0.552293
0.376263
-0.868954
0.432295
-0.257302
-0.132237
0.610218
-0.390057
-0.186010
-0.736747
0.254738
-0.842830
-0.229896
-0.492965
0.460128
0.339457
0.446272
-0.640370
0.363994
0.368389
0.169408
0.181860
0.322794
-0.228309
-0.170812
0.316446
-0.678335
-0.950621
-0.076937
-0.999634
-0.028657
0.308145
-0.265786
0.890316
-0.659291
0.399945
0.699454
-0.866634
0.382916
0.843196
0.787530
-0.689566
0.831782
-0.684439
0.704093
0.363872
-0.742180
-0.311930
0.635304
0.930662
0.091342
0.077120
0.678091
-0.926817
0.952269
-0.304666
-0.623890
-0.559435
0.900510
0.326823
0.885556
-0.240211
0.582018
-0.817438
-0.062044
0.688223
0.032746
-0.103366
0.103488
0.372051
-0.161168
0.684683
0.246864
0.499130
0.298013
0.363018
0.216224
0.597156
-0.073702
0.380535
0.352275
0.273293
-0.623585
0.041536
0.936766
-0.226417
-0.550035
-0.328776
-0.738701
0.060579
-0.575304
0.684439
0.859920
0.414045
-0.094150
0.474410
0.454512
0.887326
-0.022492
-0.558763
0.527024
0.857540
0.059664
0.815912
0.164525
-0.572802
0.713309
-0.210425
-0.544053
0.621265
-0.973693
-0.693350
0.108921
-0.393597
0.030793
-0.669546
-0.745109
-0.221900
0.815851
-0.724479
-0.680105
0.069002
0.900510
0.731986
0.274697
0.190649
-0.091586
0.837092
-0.152501
-0.151036
-0.017426
0.595569
0.619068
0.974609
-0.604541
-0.628224
0.593554
0.170690
0.802301
-0.479537
0.316080
-0.653188
-1.000000
-0.492233
-0.987243
0.551256
0.246010
-0.874935
0.699393
-0.830561
0.133763
-0.647206
-0.178381
0.808771
-0.680837
0.565966
-0.665639
-0.404218
-0.083529
0.779473
0.253151
0.687857
-0.608448
-0.719474
-0.438093
-0.860286
-0.594592
0.047517
-0.966674
0.450728
-0.718131
-0.555467
0.789300
-0.317606
0.045625
0.876095
0.594714
0.293863
0.815912
-0.665456
0.370098
-0.266762
-0.334513
-0.535875
-0.153844
0.305765
-0.797479
-0.887631
0.208960
0.718070
0.913266
-0.972228
-0.470870
0.786737
-0.137913
0.221534
0.181310
0.530137
0.708609
0.510117
0.245705
0.141575
-0.782098
-0.744133
-0.780328
0.109836
-0.938475
-0.372112
-0.546800
0.389691
-0.653859
-0.231483
-0.287149
0.556383
-0.376446
-0.933103
-0.674184
-0.018036
0.879452
0.123936
0.653188
0.145177
-0.646474
0.581286
0.215003
-0.962889
-0.027741
0.029878
-0.408002
-0.865413
-0.219031
0.258583
0.150731
-0.637623
0.826838
-0.073946
0.689077
0.652333
-0.516892
0.858760
0.683096
-0.495285
0.647206
0.655995
0.999817
0.434492
0.897336
0.109714
-0.891842
0.669424
-0.780511
0.371746
0.808649
-0.671072
-0.863887
0.576830
0.529099
0.370342
-0.290994
0.861751
-0.027558
-0.673452
-0.816340
0.403302
0.021516
0.779290
-0.934263
-0.221412
0.185827
0.851924
0.237159
0.658681
0.281961
-0.536668
-0.478011
-0.191259
-0.814631
-0.252602
-0.704215
0.275735
-0.470687
-0.429060
0.658437
-0.693472
0.268654
-0.831416
-0.014313
-0.344218
0.271706
-0.635853
0.985839
0.737968
-0.761467
-0.110813
-0.859737
-0.034944
0.923460
0.832698
-0.743400
0.250587
-0.566942
-0.513840
-0.238929
0.996216
0.107395
0.967956
0.948851
-0.068575
0.908261
0.968566
0.397870
0.336589
-0.736503
0.095676
0.200537
-0.959593
-0.834773
-0.653981
-0.137730
0.206458
-0.563036
-0.684866
-0.390667
0.308145
0.570116
-0.487716
0.859737
-0.348674
-0.746513
0.965148
0.757256
-0.083468
-0.057039
-0.955382
0.129978
0.896481
0.340007
0.304117
-0.979614
0.484176
-0.874325
-0.035249
0.606983
-0.660146
0.821467
0.663625
0.794061
-0.512375
0.253883
-0.350749
0.959105
0.022370
0.555589
-0.819697
-0.120701
-0.731681
0.911557
-0.142796
0.326823
0.173009
-0.093112
-0.402142
0.909299
0.535081
0.414411
0.157689
-0.199499
-0.037141
0.981384
0.877010
0.173742
-0.560900
0.920957
0.890439
0.922422
-0.305948
0.006623
0.458846
0.438398
0.464400
0.828608
0.059542
-0.295083
-0.313456
-0.540208
0.265114
-0.890316
-0.526597
-0.134861
0.803339
0.196570
-0.969420
-0.674062
0.970519
0.610889
-0.408856
0.151524
-0.818354
-0.341350
-0.620655
-0.890805
-0.387799
0.170263
0.843928
0.650197
-0.108615
-0.474288
0.848994
-0.658010
0.116062
0.717338
-0.309305
-0.411481
-0.153478
0.684011
-0.568346
0.787225
0.433515
0.098300
-0.314554
-0.274819
0.681692
-0.701224
-0.638722
0.621998
0.013642
-0.216956
0.492904
-0.250832
-0.416181
0.084445
0.077486
0.177404
0.606067
0.100864
0.164769
-0.351115
0.481368
-0.499130
0.512741
-0.207373
0.829585
-0.775384
0.951109
0.263222
0.070406
-0.037568
-0.705618
-0.735832
-0.836421
0.262612
0.838618
0.367290
0.046663
-0.541490
-0.300272
-0.077548
-0.369671
0.786798
0.479659
-0.479659
-0.627308
0.155126
0.700491
0.615162
0.521226
-0.605029
-0.107883
-0.889523
-0.484603
-0.988464
0.239479
0.802484
0.528855
-0.908872
-0.026337
0.807550
0.557176
0.784600
0.636586
-0.111667
0.410932
-0.932005
-0.563768
0.558214
-0.388226
-0.430952
0.770867
-0.980102
0.585253
0.517808
0.967406
0.737114
0.165685
-0.846797
0.154149
-0.677664
-0.068270
-0.850520
0.649831
0.817621
-0.547655
-0.617359
-0.124424
0.013886
0.137364
0.856197
-0.877804
0.832148
-0.709464
0.423933
-0.612842
-0.466414
-0.858699
-0.341227
-0.152562
0.769829
-0.778253
0.253456
0.344401
-0.212683
0.927793
-0.596973
-0.289712
0.171300
0.009125
0.339457
0.103183
0.065828
0.541185
0.913999
0.877194
-0.084567
-0.698294
0.661122
-0.012665
-0.162938
0.280496
0.013031
-0.076571
-0.033479
0.310099
0.273049
-0.028596
0.337138
0.294351
-0.902463
-0.401959
0.505417
0.384503
0.606372
0.300821
-0.539415
0.632496
-0.399396
-0.431928
-0.114536
-0.679678
-0.268044
0.418256
0.642262
0.970275
0.349406
-0.047151
-0.579821
-0.635182
0.926328
-0.111850
0.762993
0.045686
0.340312
0.082308
-0.161779
0.365398
0.571215
-0.345805
-0.764092
0.774529
-0.354289
-0.816523
0.690298
-0.029878
-0.941343
0.934935
-0.358135
-0.314249
-0.040864
-0.701041
-0.468490
-0.798578
-0.639027
-0.889889
0.991455
-0.479659
0.011139
-0.336894
0.457625
-0.880551
0.763298
0.465072
-0.516587
-0.244484
-0.149022
0.603687
0.862117
0.150426
0.011139
0.125706
0.295145
0.539537
-0.999878
0.122898
0.661367
-0.231178
0.555589
0.275491
0.046602
0.821833
-0.356059
0.288736
-0.496872
0.128941
-0.626820
0.005524
0.441389
0.463485
-0.690664
0.343669
0.865169
-0.648305
0.845393
0.079440
-0.931394
-0.714225
0.715934
-0.592334
-0.610279
-0.034883
-0.182348
0.827570
0.320963
0.864315
0.699087
0.656667
-0.959227
-0.301737
-0.760613
-0.608509
0.867489
0.525987
0.746818
0.458541
-0.081210
-0.775750
0.460128
-0.747246
0.797174
0.598193
-0.692495
-0.572741
-0.471541
-0.376263
0.550890
-0.261086
0.037690
0.711783
-0.970214
0.081210
0.149571
-0.922971
-0.161901
0.892575
0.609180
0.386883
0.381268
-0.246620
0.967772
0.433882
-0.393536
-0.257179
0.834956
-0.983764
-0.896115
-0.690847
0.202429
-0.487045
0.743156
-0.063204
0.410932
0.892331
0.484970
-0.209021
-0.519578
-0.459639
0.338420
-0.292520
-0.595996
0.334819
0.711051
-0.999145
-0.171911
-0.963561
-0.190161
-0.325236
-0.390362
0.128269
-0.758354
-0.469588
-0.850337
0.535386
-0.065218
-0.119480
0.376873
0.748405
0.989257
0.193701
-0.884213
-0.014801
-0.945799
0.542528
-0.919492
-0.116489
0.460982
-0.199194
-0.935545
0.571642
0.250710
0.897275
-0.766778
0.188574
0.373272
0.675405
0.167394
-0.000946
0.024506
-0.508164
0.801202
0.861507
-0.488266
-0.522568
0.200049
-0.320231
-0.639210
-0.971557
-0.269997
0.057161
-0.113437
-0.352580
-0.237220
-0.894955
0.811457
-0.575610
-0.049593
-0.333293
-0.542589
0.103732
-0.046968
0.431684
0.007843
-0.680898
0.022187
-0.641041
-0.082492
0.343791
-0.660146
-0.561022
0.606189
0.110569
-0.230079
-0.624928
-0.987915
-0.603320
0.005951
0.500656
0.319803
-0.034455
0.828303
0.896664
-0.752800
-0.275246
0.145299
0.409284
-0.191687
-0.089206
0.732841
-0.878353
-0.022126
-0.208228
0.416608
-0.277627
-0.233009
0.233924
0.807184
-0.036287
-0.829829
0.138462
-0.249245
0.025483
-0.656362
-0.093417
0.193152
0.345317
-0.784845
-0.161290
0.483932
-0.986633
-0.386822
-0.571703
0.984436
0.066134
-0.591113
-0.825678
-0.135594
-0.628712
0.946226
0.809320
0.675649
0.813105
-0.394208
0.656117
0.576464
-0.509079
0.242470
0.236061
-0.705435
-0.951292
-0.589404
-0.531419
0.978271
-0.369304
-0.675283
-0.271828
-0.122532
-0.564257
-0.193518
0.455489
0.806391
0.113804
0.498032
-0.081393
-0.225074
-0.537156
-0.139378
0.731742
-0.191076
-0.276833
-0.448164
0.790521
0.986633
0.060945
-0.035310
0.595447
-0.591968
0.110202
0.934507
0.200415
0.688589
0.096713
0.654714
0.326273
0.482345
-0.324259
0.793878
0.069674
0.125462
-0.773064
-0.242897
-0.953978
0.452071
0.782891
-0.070833
0.887265
0.907407
-0.482406
0.014985
-0.403851
-0.731376
-0.580065
0.675832
0.176489
0.199683
0.633168
0.952452
0.100192
0.556932
0.626087
-0.063448
0.458724
-0.331645
0.019318
0.168920
0.958922
-0.618580
0.168249
-0.691580
-0.137242
-0.268288
-0.961730
-0.646046
0.570849
-0.201025
-0.114658
0.833064
0.509568
-0.459517
-0.852229
0.136021
-0.705496
-0.433699
0.314676
0.478744
-0.935545
-0.250221
-0.577929
-0.785821
-0.278115
-0.371319
0.875057
-0.349162
0.918332
-0.220740
0.779717
-0.157628
-0.857356
-0.566942
0.057283
0.485336
-0.000885
0.721671
-0.532212
-0.362224
-0.444990
-0.776360
-0.788873
-0.877987
0.517258
0.589831
-0.472091
0.399091
-0.905576
-0.546495
0.626576
-0.569811
-0.555284
-0.647023
0.031465
-0.659658
0.740959
-0.721976
0.734489
0.806879
-0.991089
0.601367
-0.529527
-0.587756
-0.363384
-0.426069
0.029633
0.004059
0.993225
-0.707144
-0.930601
-0.103793
0.202429
0.676382
0.356670
-0.272256
0.107456
0.630360
0.956236
0.077914
0.187597
0.641163
-0.160619
0.789483
-0.457869
-0.189001
0.137974
0.098483
0.874691
0.702811
-0.788568
0.378887
-0.234718
0.960631
-0.957579
0.989502
-0.378887
-0.121067
0.554186
0.143590
0.195776
0.517380
-0.574450
0.117344
-0.644948
-0.942015
0.459944
-0.604114
0.752495
0.538011
0.472518
0.712210
0.433638
0.580004
0.792535
0.431990
0.440901
-0.616993
0.637745
0.023652
0.149510
0.420515
-0.391705
0.690054
-0.263222
-0.571581
-0.009430
-0.394513
0.864803
-0.530747
-0.117832
0.748955
-0.647267
-0.984436
0.706473
0.550157
0.853938
-0.431318
0.226600
0.570055
-0.891964
0.886227
0.639698
-0.684256
-0.869503
0.153844
-0.721366
-0.139134
0.909055
-0.648549
-0.968139
-0.893918
-0.660512
-0.931394
0.862850
-0.710623
0.892331
0.131809
0.508347
0.590075
0.167882
-0.191321
-0.575793
0.771477
0.029084
-0.133580
-0.740959
0.697684
-0.608325
-0.847102
0.313028
-0.464949
0.632130
-0.369488
-0.242225
0.374981
0.891964
0.447615
-0.828974
0.843440
0.716178
0.366314
0.870174
-0.896115
0.483016
-0.187841
0.499802
-0.374248
-0.274026
-0.630055
0.718619
0.561632
-0.961852
0.621693
-0.735160
-0.127903
0.145604
0.830683
-0.686087
-0.585742
0.162572
0.976562
0.263344
0.132298
-0.342509
-0.813654
-0.469588
-0.043489
0.426618
-0.452071
0.270974
0.185095
-0.374981
0.856563
0.091037
0.930540
0.045564
0.049471
0.693350
0.161718
0.382366
0.935667
-0.186560
-0.591052
-0.181127
0.505600
0.098605
0.173254
-0.173498
-0.084445
0.399457
0.663747
-0.519822
-0.580676
-0.191931
0.352458
0.195044
-0.027802
-0.273110
0.876827
0.567614
0.046602
0.641896
-0.637318
-0.005463
-0.762383
-0.229591
-0.376019
0.309366
-0.553514
0.878658
-0.433454
-0.585803
-0.142796
0.218055
-0.655629
-0.940367
0.455123
-0.772027
-0.031953
-0.533921
0.713736
0.105869
-0.874142
0.631336
-0.869991
-0.198889
-0.425031
0.846187
0.846797
0.931944
-0.773431
0.569079
0.916684
-0.768914
0.305765
0.325724
-0.456771
-0.933226
-0.789239
-0.554247
-0.775323
-0.811884
-0.883175
0.336528
-0.673086
-0.481491
-0.311930
0.010895
-0.371746
-0.060945
0.155370
-0.771538
-0.481002
0.118809
0.467818
0.911313
-0.083163
0.782159
-0.834529
-0.072665
0.983581
-0.718986
-0.922544
0.769402
0.235084
0.897763
0.148534
-0.077120
-0.525071
0.911313
0.148106
-0.836970
0.646046
-0.622852
0.892026
0.196753
0.774346
-0.054842
-0.770196
-0.767144
-0.822260
-0.870052
-0.658498
0.456648
-0.371136
-0.216407
-0.504501
-0.616321
0.497909
-0.986328
0.508530
-0.827265
0.110569
0.824702
-0.648732
0.772271
0.315043
-0.031648
0.733573
0.499924
-0.300882
0.441389
-0.707999
0.312296
0.199622
0.916440
0.693167
-0.295022
0.041658
-0.035615
-0.929624
0.763237
-0.101413
-0.293252
0.524888
-0.059053
0.958983
-0.827631
0.512253
0.574084
-0.160192
-0.016572
-0.002167
-0.308206
-0.957701
0.984252
-0.849239
-0.986511
-0.445601
0.605090
-0.323527
-0.328654
-0.643544
0.528428
-0.657399
0.831904
-0.461104
0.699149
0.444502
-0.305765
-0.475570
-0.878292
0.275246
0.153783
-0.949522
0.299051
-0.996948
-0.799921
-0.029084
0.878292
-0.340739
0.298807
0.229408
0.378033
0.441877
0.926756
0.264504
-0.118076
0.084811
-0.495468
-0.965270
-0.546129
-0.819758
0.922422
-0.461715
0.632923
0.175939
-0.330180
0.843135
0.060762
0.047395
-0.358623
-0.681692
0.140660
-0.683096
0.827204
-0.981628
-0.106479
0.886959
-0.653493
-0.665944
0.846553
-0.926511
0.774590
0.892819
-0.980041
0.284219
-0.508286
-0.125828
-0.321818
-0.470626
0.922727
0.484603
-0.822443
-0.947386
-0.566332
0.412702
-0.758171
-0.855586
-0.167028
0.363628
-0.753044
-0.874752
0.125828
0.816767
0.631031
-0.071566
-0.416669
0.763665
0.698782
-0.930357
-0.847407
-0.894711
-0.021943
0.517258
0.759331
0.116489
0.896725
0.807550
-0.158849
-0.531114
-0.239357
-0.753105
0.484176
-0.072909
0.636097
0.806940
0.314615
0.003082
-0.543565
-0.170812
0.775750
0.798944
-0.329142
-0.875118
0.400555
0.796442
-0.871517
0.141758
0.386456
0.461043
-0.330241
-0.110630
-0.112156
-0.296487
0.418134
-0.859859
-0.176061
0.119846
-0.653249
0.257424
-0.748894
0.762017
0.265725
0.037812
-0.063265
0.942137
-0.184606
0.280251
-0.762993
-0.559313
-0.966124
-0.190344
-0.685965
-0.768059
-0.715629
0.398358
-0.462203
0.020478
-0.610584
0.023347
0.881649
0.822260
0.711478
-0.948363
-0.680715
0.296609
-0.817377
0.843623
-0.102939
-0.436323
0.806452
0.536607
0.378765
-0.462081
-0.342875
0.860103
0.526719
0.252480
0.967833
-0.943846
-0.676443
-0.408673
-0.727775
0.516953
0.952269
0.350688
-0.589587
-0.416486
-0.792840
0.629322
-0.945128
-0.194617
-0.372295
0.123020
-0.272927
-0.551439
-0.491562
0.804254
0.431196
0.598560
0.372784
0.212012
-0.706717
0.099887
0.814875
0.312052
-0.924741
0.743400
0.514939
0.575915
-0.675283
0.839900
0.423444
0.141148
0.789727
0.983215
0.085177
0.930418
0.899472
0.493515
0.748405
0.967284
0.731620
0.025849
0.483139
-0.239601
-0.105319
0.729789
0.508225
0.562548
0.427290
-0.070223
0.898434
0.463057
-0.789850
-0.987732
0.122410
-0.945677
-0.385784
0.855464
-0.314676
0.982299
-0.954955
0.022858
0.471358
0.171728
-0.497971
0.556200
0.188086
0.525254
0.770318
-0.912595
0.405133
-0.010102
0.741264
-0.934080
-0.100803
0.761895
-0.194555
-0.360271
0.618702
0.004547
-0.112217
0.015046
-0.389264
0.444929
0.671255
-0.292154
0.400861
0.375958
-0.583422
-0.576769
0.080477
0.496261
-0.242286
-0.286966
0.219703
0.666372
-0.623463
0.072970
-0.881954
0.880734
-0.469466
-0.923276
-0.875729
-0.119724
-0.705679
0.624317
-0.331278
-0.911557
0.191137
0.998047
-0.202734
0.001740
0.764641
-0.532029
0.788446
0.292337
-0.480819
0.793390
0.285318
-0.755669
0.127354
0.330241
-0.460860
-0.905637
0.782769
0.195349
-0.533250
0.467574
-0.402875
0.061983
-0.451033
0.235084
0.867855
-0.172582
-0.205603
0.634083
0.189062
-0.245949
-0.256020
-0.104648
-0.960021
0.704947
0.045320
0.132481
0.227577
0.558763
0.111667
-0.479659
-0.178137
-0.413739
-0.134373
0.891964
0.606494
-0.956297
0.509812
-0.062654
-0.541917
-0.925596
-0.074862
0.306070
-0.266823
0.200964
0.658681
0.186804
0.959349
-0.185217
-0.391400
0.719047
-0.783990
0.769524
-0.230934
-0.052095
-0.256447
-0.538804
0.234046
0.939695
-0.443525
-0.644276
0.713187
0.229347
0.919065
0.243629
0.367656
0.856502
0.914731
0.163732
0.881283
0.496506
-0.391949
-0.671804
-0.056734
0.722526
0.463485
0.170812
-0.098849
-0.161657
0.465011
-0.803522
0.402631
0.821650
-0.441694
-0.741142
-0.594104
0.566698
0.619922
-0.729911
0.623096
-0.687246
-0.685476
-0.637989
0.907163
0.078341
0.720450
0.103183
-0.796503
-0.652150
-0.810785
-0.693655
-0.643788
0.507736
-0.084384
-0.315714
-0.442305
-0.831965
0.886959
-0.818903
-0.155797
-0.900143
-0.175878
0.320597
0.087069
-0.529160
-0.524339
0.009613
-0.581286
0.109165
-0.862423
-0.596606
0.326151
0.592395
0.557848
0.841609
-0.427595
0.589709
-0.059542
0.074496
-0.821406
-0.504318
0.261391
-0.366985
-0.551439
-0.694266
-0.070772
0.675100
-0.876888
-0.772271
0.888546
0.690054
0.378216
-0.229286
-0.494858
-0.531602
0.743950
-0.744438
0.737785
-0.681997
0.003632
-0.111484
-0.834956
0.572253
-0.007965
0.979431
-0.582629
-0.832698
0.588305
0.393292
0.199805
-0.294107
-0.057100
0.652882
0.698416
0.065218
0.475448
-0.746757
-0.410688
-0.878414
0.764580
-0.492965
0.681265
-0.977477
-0.429975
-0.822077
-0.825312
0.398663
0.403180
-0.701834
-0.319742
-0.532579
-0.832636
-0.322672
0.493271
0.924192
0.532090
-0.729118
0.409589
-0.629322
-0.010773
0.426862
-0.734184
0.468612
-0.736991
0.109043
0.590136
-0.765496
0.051363
-0.763054
0.354289
0.007843
-0.919614
0.425214
0.824519
-0.943846
0.728874
0.257363
-0.683035
0.310282
-0.108982
-0.557665
0.422163
0.085665
-0.968993
-0.761589
-0.286843
0.471969
-0.955687
0.419599
0.312601
0.908017
-0.798395
-0.699820
0.349284
0.207495
-0.519883
0.660512
0.496139
-0.474227
-0.660512
-0.317606
0.760613
-0.303873
-0.732658
-0.597339
0.958861
0.951964
0.592090
0.740837
-0.583666
0.030061
-0.896908
-0.640614
0.008026
0.913511
-0.235023
0.096957
-0.495285
-0.345012
-0.680410
0.963622
0.580065
-0.649159
-0.492416
0.452132
-0.528794
-0.839351
0.656423
-0.682608
-0.965941
0.856990
0.984924
0.929502
0.196570
0.222083
0.835383
-0.374248
-0.729789
-0.660573
-0.904477
-0.623829
-0.353191
-0.221656
-0.654592
-0.313150
0.223365
-0.873653
0.050691
-0.225562
0.225257
-0.421674
-0.270669
-0.254189
0.976745
0.782769
0.953734
0.115574
-0.983520
-0.585009
-0.643483
-0.807184
0.387921
-0.971679
0.986328
0.831904
